 AIMInt (Version 19.10.12, Professional)
 Portions Copyright (c) 1997-2019 by Todd A. Keith
 AIMInt is a component of the AIMAll package ( http://aim.tkgristmill.com )

 TP:  64-bit Mac OS X

 AIMInt is a heavily modified and extended version of the PROAIMV program
 developed by members of R.F.W. Bader's research group

 Much of the Quantum Theory of Atoms in Molecules (QTAIM) is described in the book:
   "Atoms in Molecules - A Quantum Theory"
   R.F.W. Bader, Oxford University Press, Oxford, 1990

 For additional references see:  http://aim.tkgristmill.com/references.html

 Current Directory:  /Users/chemlab/Documents/SubstituentCoding/GraphParametrization/InputGeneration

 Inp File:  HC-C-C-CO_wb97xd_aug-cc-pvtz_atomicfiles/c1.inp
 Wfx File:  HC-C-C-CO_wb97xd_aug-cc-pvtz.wfx
 Out File:  HC-C-C-CO_wb97xd_aug-cc-pvtz_atomicfiles/c1.int

 Wfx Title:   opt freq on HC-C-C-CO_wb97xd_aug-cc-pvtz generated by trim_r_groups           
 Job Title:   opt freq on HC-C-C-CO_wb97xd_aug-cc-pvtz generated by trim_r_groups           
 
<Atom>
C1      
</Atom>
<Nuclei of Molecule>
    15
C1         6.0          -7.8917298359E-01  -1.7281101878E-02   5.9581634580E-01
O2         8.0           1.3122773675E+00  -1.1212588047E+00  -6.4290463087E-01
C3         6.0          -1.1962071689E+00   2.7225901714E+00  -1.8953642964E-01
C4         6.0          -3.0575350093E+00  -1.6519644685E+00  -2.8284338493E-02
H5         1.0          -4.4935892623E-01  -8.3122977510E-02   2.6449821162E+00
H6         1.0          -2.8672341994E+00   3.4863441823E+00   7.4291015557E-01
H7         1.0          -1.4750754071E+00   2.8362606678E+00  -2.2289566013E+00
H8         1.0           4.0206500491E-01   3.9160950267E+00   3.2040955634E-01
H9         1.0          -3.4105473992E+00  -1.6262781454E+00  -2.0588549566E+00
H10        1.0          -2.7228154026E+00  -3.5985543909E+00   5.4834461016E-01
H11        1.0          -4.7384235145E+00  -9.5426284973E-01   9.3623323566E-01
C12        6.0           3.6727001988E+00  -2.1946113400E-01   1.5133281806E-01
H13        1.0           3.8730351917E+00  -3.4061090150E-01   2.2116139136E+00
H14        1.0           4.0074255380E+00   1.7395844271E+00  -4.2579864042E-01
H15        1.0           5.1039999526E+00  -1.4086854029E+00  -7.2361671662E-01
</Nuclei of Molecule>
<Total Number of CPs of DelSqRho>
    26
</Total Number of CPs of DelSqRho>
<Number of (3,+3) CPs of DelSqRho>
     4
</Number of (3,+3) CPs of DelSqRho>
<Number of (3,+1) CPs of DelSqRho>
     9
</Number of (3,+1) CPs of DelSqRho>
<Number of (3,-1) CPs of DelSqRho>
    10
</Number of (3,-1) CPs of DelSqRho>
<Number of (3,-3) CPs of DelSqRho>
     3
</Number of (3,-3) CPs of DelSqRho>
<Number of Degenerate CPs of DelSqRho>
     0
</Number of Degenerate CPs of DelSqRho>
<CP of DelSqRho>
CP# = 1       
Type = (3,+3)
Coords = -7.89172768337300E-01 -1.72811967533531E-02  5.95816176140504E-01
DistFromNuc =  2.9003164420E-07
Rho =  1.2095668110E+02
DelSqRho = -7.4500700850E+05
GradDelSqRho = -3.3541982702E-07  2.3707798391E-08  3.1236328368E-07
HessDelSqRho_EigVals =  1.5960918733E+10  1.5960919123E+10  1.5960919295E+10
HessDelSqRho_EigVec1 =  3.0456610888E-01 -2.5727121437E-02  9.5214368692E-01
HessDelSqRho_EigVec2 =  2.2854653878E-01  9.7240592834E-01 -4.6831507915E-02
HessDelSqRho_EigVec3 =  9.2466532591E-01 -2.3187243420E-01 -3.0204173441E-01
</CP of DelSqRho>
<CP of DelSqRho>
CP# = 2       
Type = (3,+1)
Coords = -1.93457403252539E+00 -8.47430094867518E-01  2.70473684288060E-01
DistFromNuc =  1.4515298002E+00
Rho =  2.5796649716E-01
DelSqRho = -6.8538011253E-01
GradDelSqRho =  4.0245584643E-16  2.4980018054E-16 -2.3592239273E-16
HessDelSqRho_EigVals = -5.5063709553E+00  4.6569342709E+00  4.7504923090E+00
HessDelSqRho_EigVec1 =  7.9414344036E-01  5.6987181537E-01  2.1114523480E-01
HessDelSqRho_EigVec2 =  1.2104245890E-01 -4.8878887140E-01  8.6396421358E-01
HessDelSqRho_EigVec3 = -5.9555429582E-01  6.6055397451E-01  4.5714716173E-01
</CP of DelSqRho>
<CP of DelSqRho>
CP# = 3       
Type = (3,+1)
Coords = -6.11528734080452E-01 -3.05338708523123E-02  7.31799589268248E-01
DistFromNuc =  2.2410836168E-01
Rho =  9.2221314297E+00
DelSqRho =  2.7908449235E+02
GradDelSqRho = -4.8299142463E-12 -9.9475983006E-14  8.0877526898E-12
HessDelSqRho_EigVals = -5.8171568051E+04  3.0715690049E+01  1.2337827215E+02
HessDelSqRho_EigVec1 =  7.9101221977E-01 -5.8369253711E-02  6.0900960452E-01
HessDelSqRho_EigVec2 =  3.2055738081E-01  8.8740070108E-01 -3.3130493706E-01
HessDelSqRho_EigVec3 = -5.2109752809E-01  4.5728877740E-01  7.2065549348E-01
</CP of DelSqRho>
<CP of DelSqRho>
CP# = 4       
Type = (3,+1)
Coords = -8.46687618668142E-01 -9.20375223128824E-02  3.92352104275164E-01
DistFromNuc =  2.2426357980E-01
Rho =  9.2091032820E+00
DelSqRho =  2.7860911188E+02
GradDelSqRho =  1.2816414596E-12 -4.0962788717E-12 -9.8872021681E-12
HessDelSqRho_EigVals = -5.7761738975E+04  1.7312664306E+01  1.3353916374E+02
HessDelSqRho_EigVec1 =  2.5901264009E-01  3.3305661538E-01  9.0663429409E-01
HessDelSqRho_EigVec2 =  2.6645752854E-01  8.7760259279E-01 -3.9851483613E-01
HessDelSqRho_EigVec3 =  9.2839260971E-01 -3.4479991312E-01 -1.3856472191E-01
</CP of DelSqRho>
<CP of DelSqRho>
CP# = 5       
Type = (3,-3)
Coords = -6.09982629457100E-01 -1.25696204702658E-01  5.15003960459573E-01
DistFromNuc =  2.2448532059E-01
Rho =  9.1738550707E+00
DelSqRho =  2.8020890140E+02
GradDelSqRho =  3.7836400679E-12  6.3735683398E-12  5.1016968428E-12
HessDelSqRho_EigVals = -5.7461390147E+04 -7.9031652296E+01 -5.3423666031E+01
HessDelSqRho_EigVec1 =  7.9831326584E-01 -4.8323147063E-01 -3.5942074977E-01
HessDelSqRho_EigVec2 =  4.9623811434E-01  1.8965101946E-01  8.4721911256E-01
HessDelSqRho_EigVec3 = -3.4123842610E-01 -8.5470453176E-01  3.9119879849E-01
</CP of DelSqRho>
<CP of DelSqRho>
CP# = 6       
Type = (3,-3)
Coords = -9.63939872452896E-01  6.63099276986373E-02  7.06494845413990E-01
DistFromNuc =  2.2311579045E-01
Rho =  9.2507118087E+00
DelSqRho =  2.8710423917E+02
GradDelSqRho = -2.2524204724E-12  4.9737991503E-12 -2.1316282073E-13
HessDelSqRho_EigVals = -6.1162949534E+04 -2.6299474172E+02 -2.4078062978E+02
HessDelSqRho_EigVec1 =  7.8319494528E-01 -3.7453169182E-01 -4.9631813336E-01
HessDelSqRho_EigVec2 =  5.6496983915E-01  9.5336326027E-02  8.1958530111E-01
HessDelSqRho_EigVec3 =  2.5964352204E-01  9.2229984103E-01 -2.8626603833E-01
</CP of DelSqRho>
<CP of DelSqRho>
CP# = 7       
Type = (3,-1)
Coords = -7.28920322962991E-01 -2.27319065112564E-01  6.45977694554607E-01
DistFromNuc =  2.2419297496E-01
Rho =  9.2071249691E+00
DelSqRho =  2.7968831151E+02
GradDelSqRho =  5.3592685845E-12 -6.5156768869E-12  2.1733725930E-12
HessDelSqRho_EigVals = -5.8002392835E+04 -5.0512850225E+01  7.9917072338E+01
HessDelSqRho_EigVec1 = -2.6702872818E-01  9.3691865425E-01 -2.2556394580E-01
HessDelSqRho_EigVec2 =  5.8227146350E-01  3.4336705943E-01  7.3692537294E-01
HessDelSqRho_EigVec3 =  7.6789035748E-01  6.5440796262E-02 -6.3722986517E-01
</CP of DelSqRho>
<CP of DelSqRho>
CP# = 8       
Type = (3,-1)
Coords = -5.95922895295914E-01  9.26378686790571E-02  6.24966440071016E-01
DistFromNuc =  2.2422645854E-01
Rho =  9.2078199509E+00
DelSqRho =  2.7923008177E+02
GradDelSqRho =  3.7196912217E-12  8.8054008529E-12  4.6718184876E-13
HessDelSqRho_EigVals = -5.7886448344E+04 -2.5553170520E+01  1.0136612789E+02
HessDelSqRho_EigVec1 =  8.6077476971E-01  4.9164945890E-01  1.3171030862E-01
HessDelSqRho_EigVec2 =  1.8237650262E-01 -5.3950976814E-01  8.2199028058E-01
HessDelSqRho_EigVec3 = -4.7519007473E-01  6.8352762903E-01  5.5406170526E-01
</CP of DelSqRho>
<CP of DelSqRho>
CP# = 9       
Type = (3,-1)
Coords =  1.52727603930647E-01  4.29616711284740E-01  7.04250589321240E-01
DistFromNuc =  1.0481661878E+00
Rho =  1.5901721357E-01
DelSqRho =  1.1797687206E-01
GradDelSqRho = -3.3306690739E-16  5.5511151231E-16  4.2327252814E-16
HessDelSqRho_EigVals = -1.8167988332E+00 -1.1644849173E+00  8.4741435002E+00
HessDelSqRho_EigVec1 = -4.3090679284E-01  7.9177827538E-01  4.3290472222E-01
HessDelSqRho_EigVec2 =  9.8657462124E-02 -4.3551683829E-01  8.9475794980E-01
HessDelSqRho_EigVec3 =  8.9698720228E-01  4.2826655975E-01  1.0955232880E-01
</CP of DelSqRho>
<CP of DelSqRho>
CP# = 10      
Type = (3,-1)
Coords = -1.65079585270956E+00  3.85459811587382E-01  1.12011077855809E+00
DistFromNuc =  1.0860381504E+00
Rho =  1.4135943808E-01
DelSqRho =  1.9435853045E-01
GradDelSqRho = -5.5511151231E-16  0.0000000000E+00 -2.2204460493E-16
HessDelSqRho_EigVals = -1.7240759498E+00 -1.4990731836E+00  5.5695192029E+00
HessDelSqRho_EigVec1 =  3.5189501037E-01  9.2738292197E-01 -1.2700715614E-01
HessDelSqRho_EigVec2 =  4.9805633817E-01 -7.0624376607E-02  8.6426389571E-01
HessDelSqRho_EigVec3 =  7.9253377574E-01 -3.6738687165E-01 -4.8674130794E-01
</CP of DelSqRho>
<CP of DelSqRho>
CP# = 11      
Type = (3,+1)
Coords = -6.51282738121110E-01  7.61337020029276E-01  1.18300726348503E+00
DistFromNuc =  9.8491272373E-01
Rho =  2.1430703960E-01
DelSqRho = -2.1135259214E-01
GradDelSqRho =  5.2735593670E-16 -1.2212453271E-15 -2.2204460493E-16
HessDelSqRho_EigVals = -3.8348364547E+00  1.6934887973E+00  1.5711498637E+01
HessDelSqRho_EigVec1 =  1.7835374357E-01 -6.2366722725E-01  7.6107104255E-01
HessDelSqRho_EigVec2 = -9.7185497282E-01  9.3294221168E-03  2.3539514371E-01
HessDelSqRho_EigVec3 =  1.5390858960E-01  7.8163428248E-01  6.0445015883E-01
</CP of DelSqRho>
<CP of DelSqRho>
CP# = 12      
Type = (3,-1)
Coords = -4.84100745853617E-01 -1.01298842647736E+00  7.64794574132598E-01
DistFromNuc =  1.0550145914E+00
Rho =  1.5607732479E-01
DelSqRho =  1.5951033317E-01
GradDelSqRho = -9.8145103156E-13  1.7286450049E-12  1.0155071228E-13
HessDelSqRho_EigVals = -2.0094698616E+00 -1.1908498532E+00  7.9258071518E+00
HessDelSqRho_EigVec1 =  9.0114715376E-01  2.0551768816E-01 -3.8170183013E-01
HessDelSqRho_EigVec2 =  3.2790078390E-01  2.5281981050E-01  9.1025448054E-01
HessDelSqRho_EigVec3 = -2.8357518084E-01  9.4543356365E-01 -1.6043844159E-01
</CP of DelSqRho>
<CP of DelSqRho>
CP# = 13      
Type = (3,-1)
Coords = -7.39364281238260E-01 -7.95163130248841E-02 -4.55376485158607E-01
DistFromNuc =  1.0542108405E+00
Rho =  1.5217189166E-01
DelSqRho =  1.5709460781E-01
GradDelSqRho =  7.6015582717E-15 -2.6333102365E-14 -9.3591800976E-14
HessDelSqRho_EigVals = -1.8154590730E+00 -1.2624160301E+00  7.9337414294E+00
HessDelSqRho_EigVec1 =  9.6621389203E-01 -2.5129226110E-01  5.7296722113E-02
HessDelSqRho_EigVec2 =  2.5408853213E-01  9.6598021177E-01 -4.8179334818E-02
HessDelSqRho_EigVec3 = -4.3240405776E-02  6.1109982627E-02  9.9719398180E-01
</CP of DelSqRho>
<CP of DelSqRho>
CP# = 14      
Type = (3,+1)
Coords = -1.26354940530799E+00 -5.81853029745215E-01  1.24886861907811E+00
DistFromNuc =  9.8501356481E-01
Rho =  2.1444255330E-01
DelSqRho = -2.1576032468E-01
GradDelSqRho =  3.9190872769E-14  4.6851411639E-14 -4.2355008389E-14
HessDelSqRho_EigVals = -3.8856850461E+00  1.8423649408E+00  1.5789894074E+01
HessDelSqRho_EigVec1 =  6.0025704059E-01  3.4645870562E-01  7.2087297808E-01
HessDelSqRho_EigVec2 = -6.4901159549E-01  7.3772598484E-01  1.8586102390E-01
HessDelSqRho_EigVec3 =  4.6741355793E-01  5.7941930982E-01 -6.6768093373E-01
</CP of DelSqRho>
<CP of DelSqRho>
CP# = 15      
Type = (3,+1)
Coords = -1.54764994061082E+00  3.00476645503883E-01  5.56119567873304E-02
DistFromNuc =  9.8390958033E-01
Rho =  2.1253268506E-01
DelSqRho = -2.2622623619E-01
GradDelSqRho =  2.2204460493E-16 -1.5543122345E-15 -7.7715611724E-16
HessDelSqRho_EigVals = -3.6621727146E+00  1.8469588414E+00  1.5956261565E+01
HessDelSqRho_EigVec1 =  3.9813934464E-01  9.1689207802E-01 -2.8177642158E-02
HessDelSqRho_EigVec2 = -5.0638593457E-01  2.4529184440E-01  8.2668325031E-01
HessDelSqRho_EigVec3 =  7.6489106905E-01 -3.1486636585E-01  5.6196158601E-01
</CP of DelSqRho>
<CP of DelSqRho>
CP# = 16      
Type = (3,+1)
Coords = -6.49978763395478E-01 -8.00959119755247E-01 -3.95515287422803E-02
DistFromNuc =  1.0184392975E+00
Rho =  1.8605380407E-01
DelSqRho = -4.5454453267E-03
GradDelSqRho = -9.1593399532E-16  2.2204460493E-16  3.3306690739E-16
HessDelSqRho_EigVals = -3.9435408376E+00  1.0393045828E+00  1.2787677904E+01
HessDelSqRho_EigVec1 =  9.8091759481E-01  1.8450115820E-01 -6.1318796567E-02
HessDelSqRho_EigVec2 =  1.6248348765E-01 -6.0473360335E-01  7.7967710318E-01
HessDelSqRho_EigVec3 = -1.0676979176E-01  7.7476228070E-01  6.2317222336E-01
</CP of DelSqRho>
<CP of DelSqRho>
CP# = 17      
Type = (3,+1)
Coords =  8.99145653995040E-02 -3.62876300326094E-01  9.60857270027235E-01
DistFromNuc =  1.0126627456E+00
Rho =  1.9226562817E-01
DelSqRho = -5.6778257027E-02
GradDelSqRho = -2.0516921495E-12  4.3531844796E-13 -5.4875548550E-13
HessDelSqRho_EigVals = -3.6997380337E+00  1.1895792332E+00  1.3141497673E+01
HessDelSqRho_EigVec1 = -3.5408913897E-01  2.1227176270E-01  9.1080271213E-01
HessDelSqRho_EigVec2 =  3.8703377561E-01  9.1984772088E-01 -6.3914215436E-02
HessDelSqRho_EigVec3 =  8.5136698209E-01 -3.2988008300E-01  4.0786442925E-01
</CP of DelSqRho>
<CP of DelSqRho>
CP# = 18      
Type = (3,+1)
Coords = -1.23795262796233E-01  3.89710123016915E-01 -6.19841457654001E-02
DistFromNuc =  1.0203287976E+00
Rho =  1.8422702600E-01
DelSqRho = -3.3724519819E-02
GradDelSqRho = -7.7715611724E-16 -6.1062266354E-16  9.4368957093E-16
HessDelSqRho_EigVals = -3.6483788978E+00  1.0879886227E+00  1.2426350555E+01
HessDelSqRho_EigVec1 = -5.2475771412E-01  8.4974749806E-01  5.0581923787E-02
HessDelSqRho_EigVec2 =  5.6951500027E-01  3.0629621785E-01  7.6278128674E-01
HessDelSqRho_EigVec3 =  6.3267843803E-01  4.2908252874E-01 -6.4467524971E-01
</CP of DelSqRho>
<CP of DelSqRho>
CP# = 19      
Type = (3,+3)
Coords = -6.07154378154196E-01 -5.31732580015162E-02  1.60977790800795E+00
DistFromNuc =  1.0307943875E+00
Rho =  3.0224272881E-01
DelSqRho = -1.2512809664E+00
GradDelSqRho = -8.4376949872E-15  2.2204460493E-15 -4.4630965590E-14
HessDelSqRho_EigVals =  7.4521550138E+00  7.8492848120E+00  9.5487714212E+00
HessDelSqRho_EigVec1 =  5.3021831534E-01  8.4023288747E-01 -1.1347789611E-01
HessDelSqRho_EigVec2 =  7.7133234887E-01 -5.3358830003E-01 -3.4688605284E-01
HessDelSqRho_EigVec3 =  3.5201554747E-01 -9.6396166401E-02  9.3101709621E-01
</CP of DelSqRho>
<CP of DelSqRho>
CP# = 20      
Type = (3,+3)
Coords = -9.09162538377921E-01  9.13245882188729E-01  3.04730247062000E-01
DistFromNuc =  9.8234875590E-01
Rho =  2.8622654471E-01
DelSqRho = -9.9954969596E-01
GradDelSqRho =  2.1649348980E-15 -4.6629367034E-15  1.2212453271E-15
HessDelSqRho_EigVals =  4.8379730773E+00  5.3712746864E+00  1.6162358535E+01
HessDelSqRho_EigVec1 =  6.3372034527E-01  3.1191649072E-01  7.0788885202E-01
HessDelSqRho_EigVec2 = -7.6668285378E-01  1.3148582405E-01  6.2841775897E-01
HessDelSqRho_EigVec3 = -1.0293651304E-01  9.4096736441E-01 -3.2246626706E-01
</CP of DelSqRho>
<CP of DelSqRho>
CP# = 21      
Type = (3,+3)
Coords = -1.55486910059885E+00 -5.77202881179365E-01  3.59737917207669E-01
DistFromNuc =  9.7751520039E-01
Rho =  2.9212248818E-01
DelSqRho = -1.0431338814E+00
GradDelSqRho =  1.3877787808E-15  1.3322676296E-15  1.2490009027E-15
HessDelSqRho_EigVals =  5.0770948264E+00  5.6700093977E+00  1.6619600863E+01
HessDelSqRho_EigVec1 =  1.1720862832E-01 -5.4263603981E-01  8.3175012218E-01
HessDelSqRho_EigVec2 = -6.2156452686E-01  6.1311816630E-01  4.8758963598E-01
HessDelSqRho_EigVec3 =  7.7454481885E-01  5.7413608357E-01  2.6542057407E-01
</CP of DelSqRho>
<CP of DelSqRho>
CP# = 22      
Type = (3,-3)
Coords = -1.90477572632394E+00  4.98019434099854E-01  1.25686824383523E+00
DistFromNuc =  1.3953830062E+00
Rho =  8.3972440438E-02
DelSqRho =  2.4575937605E-01
GradDelSqRho =  6.7307270868E-16 -2.2204460493E-16 -5.5511151231E-17
HessDelSqRho_EigVals = -1.6727023195E+00 -4.0760642182E-01 -2.6578739292E-01
HessDelSqRho_EigVec1 =  7.7673909388E-01 -3.6562762489E-01 -5.1282825581E-01
HessDelSqRho_EigVec2 =  3.7520099016E-01  9.2261235762E-01 -8.9502260016E-02
HessDelSqRho_EigVec3 =  5.0586618490E-01 -1.2289376502E-01  8.5381293355E-01
</CP of DelSqRho>
<CP of DelSqRho>
CP# = 23      
Type = (3,-1)
Coords = -1.51541948829196E+00 -9.25633271920596E-01  1.73441197665684E+00
DistFromNuc =  1.6275557321E+00
Rho =  8.4889060954E-02
DelSqRho =  1.8888506780E-01
GradDelSqRho =  7.6917638925E-14  1.5138237885E-13 -1.1797160471E-13
HessDelSqRho_EigVals = -1.5036337354E+00 -3.0748832718E-01  4.3467018565E-02
HessDelSqRho_EigVec1 = -4.8184216381E-01 -6.0099562111E-01  6.3767734206E-01
HessDelSqRho_EigVec2 =  5.6755250928E-01  3.4040096646E-01  7.4967415004E-01
HessDelSqRho_EigVec3 =  6.6761686497E-01 -7.2313999021E-01 -1.7707703458E-01
</CP of DelSqRho>
<CP of DelSqRho>
CP# = 24      
Type = (3,-1)
Coords = -2.04874611729104E+00  4.92176454791045E-01 -3.42827820054716E-01
DistFromNuc =  1.6514007240E+00
Rho =  8.1328135229E-02
DelSqRho =  1.9325196368E-01
GradDelSqRho =  3.9036482380E-13 -1.5366700967E-13  3.7676112230E-13
HessDelSqRho_EigVals = -1.2649310178E+00 -1.9526608991E-01  3.2473709533E-02
HessDelSqRho_EigVec1 =  7.4150458592E-01 -3.0266763576E-01  5.9880151246E-01
HessDelSqRho_EigVec2 =  3.8697906356E-01  9.2199438056E-01 -1.3174467286E-02
HessDelSqRho_EigVec3 = -5.4810414469E-01  2.4149257646E-01  8.0078909963E-01
</CP of DelSqRho>
<CP of DelSqRho>
CP# = 25      
Type = (3,-1)
Coords = -3.29729690198237E-01  1.17539273993216E+00  1.58517952359291E+00
DistFromNuc =  1.6162915982E+00
Rho =  8.4262873237E-02
DelSqRho =  1.9004512107E-01
GradDelSqRho =  3.0392355299E-15  7.1886940844E-15  4.2674197509E-15
HessDelSqRho_EigVals = -1.5584193643E+00 -3.0206507571E-01  2.8000570973E-02
HessDelSqRho_EigVec1 =  3.3704508606E-01  7.8926017130E-01  5.1329230656E-01
HessDelSqRho_EigVec2 =  1.4107860890E-01 -5.8137559293E-01  8.0131095466E-01
HessDelSqRho_EigVec3 =  9.3085844041E-01 -1.9766335510E-01 -3.0729751377E-01
</CP of DelSqRho>
<CP of DelSqRho>
CP# = 26      
Type = (3,-1)
Coords = -2.21471424843077E+00 -8.73108996497302E-01  1.42239304960743E+00
DistFromNuc =  1.8568355690E+00
Rho =  8.3110752297E-02
DelSqRho =  1.7619870062E-01
GradDelSqRho =  1.7486012638E-15 -2.3592239273E-16 -5.9327542878E-15
HessDelSqRho_EigVals = -9.8726300753E-01 -1.1811383287E-02  1.2776352517E-01
HessDelSqRho_EigVec1 = -2.7326841711E-01 -3.9491289477E-02  9.6112684400E-01
HessDelSqRho_EigVec2 =  6.5278126164E-01 -7.4149209552E-01  1.5513251350E-01
HessDelSqRho_EigVec3 =  7.0654157462E-01  6.6979841023E-01  2.2840554501E-01
</CP of DelSqRho>
<Path of -GradDelSqRho>
Starting CP# =      2
Ending CP# =     21
Number of Points =     20
 -1.9345740325E+00 -8.4743009487E-01  2.7047368429E-01  2.5796649716E-01 -6.8538011253E-01
 -1.9147196951E+00 -8.3318359260E-01  2.7575027937E-01  2.5811861090E-01 -6.8710820941E-01
 -1.8948637525E+00 -8.1893761585E-01  2.8102225119E-01  2.5848838988E-01 -6.9230475973E-01
 -1.8750060776E+00 -8.0469205704E-01  2.8628882517E-01  2.5907469954E-01 -7.0094933936E-01
 -1.8551464921E+00 -7.9044681784E-01  2.9154905491E-01  2.5987479662E-01 -7.1296890592E-01
 -1.8352847561E+00 -7.7620180691E-01  2.9680177841E-01  2.6088437232E-01 -7.2823593805E-01
 -1.8154205544E+00 -7.6195693898E-01  3.0204555742E-01  2.6209762516E-01 -7.4656571357E-01
 -1.7955534730E+00 -7.4771213589E-01  3.0727859185E-01  2.6350736575E-01 -7.6771282869E-01
 -1.7756829663E+00 -7.3346733015E-01  3.1249859694E-01  2.6510515727E-01 -7.9136706620E-01
 -1.7558083059E+00 -7.1922247274E-01  3.1770262286E-01  2.6688149564E-01 -8.1714869831E-01
 -1.7359285033E+00 -7.0497754738E-01  3.2288678175E-01  2.6882603447E-01 -8.4460324360E-01
 -1.7160421863E+00 -6.9073259567E-01  3.2804582012E-01  2.7092786037E-01 -8.7319555973E-01
 -1.6961473986E+00 -6.7648776149E-01  3.3317241765E-01  2.7317582486E-01 -9.0230290131E-01
 -1.6762412532E+00 -6.6224337131E-01  3.3825596960E-01  2.7555893947E-01 -9.3120614150E-01
 -1.6563192938E+00 -6.4800008846E-01  3.4328030944E-01  2.7806683969E-01 -9.5907765405E-01
 -1.6363742077E+00 -6.3375923748E-01  3.4821900716E-01  2.8069031758E-01 -9.8496326532E-01
 -1.6163928737E+00 -6.1952359101E-01  3.5302422220E-01  2.8342189490E-01 -1.0077541086E+00
 -1.5963481584E+00 -6.0529977911E-01  3.5759404593E-01  2.8625625479E-01 -1.0261422529E+00
 -1.5761670267E+00 -5.9110983084E-01  3.6163168361E-01  2.8918905181E-01 -1.0385535960E+00
 -1.5548691006E+00 -5.7720288118E-01  3.5973791721E-01  2.9212248818E-01 -1.0431338814E+00
</Path of -GradDelSqRho>
<Path of -GradDelSqRho>
Starting CP# =      2
Ending CP# =      0
Number of Points =    400
 -1.9345740325E+00 -8.4743009487E-01  2.7047368429E-01  2.5796649716E-01 -6.8538011253E-01
 -1.9544268861E+00 -8.6167722364E-01  2.6519319885E-01  2.5803155914E-01 -6.8708919468E-01
 -1.9742782534E+00 -8.7592513046E-01  2.5990922630E-01  2.5831169412E-01 -6.9215241320E-01
 -1.9941281315E+00 -8.9017397510E-01  2.5462218885E-01  2.5880322519E-01 -7.0043388513E-01
 -2.0139764721E+00 -9.0442394808E-01  2.4933242107E-01  2.5950096748E-01 -7.1174283349E-01
 -2.0338231763E+00 -9.1867528122E-01  2.4404017794E-01  2.6039832458E-01 -7.2583059919E-01
 -2.0536680845E+00 -9.3292826232E-01  2.3874563868E-01  2.6148741794E-01 -7.4238678022E-01
 -2.0735109611E+00 -9.4718325672E-01  2.3344890576E-01  2.6275925285E-01 -7.6103455193E-01
 -2.0933514686E+00 -9.6144074007E-01  2.2814999738E-01  2.6420392606E-01 -7.8132518057E-01
 -2.1131891248E+00 -9.7570135082E-01  2.2284882981E-01  2.6581088053E-01 -8.0273164472E-01
 -2.1330232291E+00 -9.8996597916E-01  2.1754518191E-01  2.6756921439E-01 -8.2464109166E-01
 -2.1528527270E+00 -1.0042359286E+00  2.1223862506E-01  2.6946805231E-01 -8.4634552318E-01
 -2.1726759383E+00 -1.0185132378E+00  2.0692837786E-01  2.7149698952E-01 -8.6702954685E-01
 -2.1924899418E+00 -1.0328014043E+00  2.0161297232E-01  2.7364662129E-01 -8.8575312611E-01
 -2.2122889040E+00 -1.0471073462E+00  1.9628934246E-01  2.7590917403E-01 -9.0142586577E-01
 -2.2320578418E+00 -1.0614486845E+00  1.9094942999E-01  2.7827925290E-01 -9.1276729570E-01
 -2.2517193846E+00 -1.0759149902E+00  1.8555159099E-01  2.8075456155E-01 -9.1824482028E-01
 -2.2555568707E+00 -1.0792667929E+00  1.8427077248E-01  2.8128527759E-01 -9.1848219661E-01
 -2.2555568699E+00 -1.0792667939E+00  1.8427077203E-01  2.8128527759E-01 -9.1848219661E-01
 -2.2555568699E+00 -1.0792667939E+00  1.8427077203E-01  2.8128527759E-01 -9.1848219661E-01
 -2.2555568699E+00 -1.0792667939E+00  1.8427077203E-01  2.8128527759E-01 -9.1848219661E-01
 -2.2555568699E+00 -1.0792667939E+00  1.8427077203E-01  2.8128527759E-01 -9.1848219661E-01
 -2.2555568699E+00 -1.0792667939E+00  1.8427077203E-01  2.8128527759E-01 -9.1848219661E-01
 -2.2555568699E+00 -1.0792667939E+00  1.8427077203E-01  2.8128527759E-01 -9.1848219661E-01
 -2.2555568699E+00 -1.0792667939E+00  1.8427077203E-01  2.8128527759E-01 -9.1848219661E-01
 -2.2555568699E+00 -1.0792667939E+00  1.8427077203E-01  2.8128527759E-01 -9.1848219661E-01
 -2.2555568699E+00 -1.0792667939E+00  1.8427077203E-01  2.8128527759E-01 -9.1848219661E-01
 -2.2555568699E+00 -1.0792667939E+00  1.8427077203E-01  2.8128527759E-01 -9.1848219661E-01
 -2.2555568699E+00 -1.0792667939E+00  1.8427077203E-01  2.8128527759E-01 -9.1848219661E-01
 -2.2555568699E+00 -1.0792667939E+00  1.8427077203E-01  2.8128527759E-01 -9.1848219661E-01
 -2.2555568699E+00 -1.0792667939E+00  1.8427077203E-01  2.8128527759E-01 -9.1848219661E-01
 -2.2555568699E+00 -1.0792667939E+00  1.8427077203E-01  2.8128527759E-01 -9.1848219661E-01
 -2.2555568699E+00 -1.0792667939E+00  1.8427077203E-01  2.8128527759E-01 -9.1848219661E-01
 -2.2555568699E+00 -1.0792667939E+00  1.8427077203E-01  2.8128527759E-01 -9.1848219661E-01
 -2.2555568699E+00 -1.0792667939E+00  1.8427077203E-01  2.8128527759E-01 -9.1848219661E-01
 -2.2555568699E+00 -1.0792667939E+00  1.8427077203E-01  2.8128527759E-01 -9.1848219661E-01
 -2.2555568699E+00 -1.0792667939E+00  1.8427077203E-01  2.8128527759E-01 -9.1848219661E-01
 -2.2555568699E+00 -1.0792667939E+00  1.8427077203E-01  2.8128527759E-01 -9.1848219661E-01
 -2.2555568699E+00 -1.0792667939E+00  1.8427077203E-01  2.8128527759E-01 -9.1848219661E-01
 -2.2555568699E+00 -1.0792667939E+00  1.8427077203E-01  2.8128527759E-01 -9.1848219661E-01
 -2.2555568699E+00 -1.0792667939E+00  1.8427077203E-01  2.8128527759E-01 -9.1848219661E-01
 -2.2555568699E+00 -1.0792667939E+00  1.8427077203E-01  2.8128527759E-01 -9.1848219661E-01
 -2.2555568699E+00 -1.0792667939E+00  1.8427077203E-01  2.8128527759E-01 -9.1848219661E-01
 -2.2555568699E+00 -1.0792667939E+00  1.8427077203E-01  2.8128527759E-01 -9.1848219661E-01
 -2.2555568699E+00 -1.0792667939E+00  1.8427077203E-01  2.8128527759E-01 -9.1848219661E-01
 -2.2555568699E+00 -1.0792667939E+00  1.8427077203E-01  2.8128527759E-01 -9.1848219661E-01
 -2.2555568699E+00 -1.0792667939E+00  1.8427077203E-01  2.8128527759E-01 -9.1848219661E-01
 -2.2555568699E+00 -1.0792667939E+00  1.8427077203E-01  2.8128527759E-01 -9.1848219661E-01
 -2.2555568699E+00 -1.0792667939E+00  1.8427077203E-01  2.8128527759E-01 -9.1848219661E-01
 -2.2555568699E+00 -1.0792667939E+00  1.8427077203E-01  2.8128527759E-01 -9.1848219661E-01
 -2.2555568699E+00 -1.0792667939E+00  1.8427077203E-01  2.8128527759E-01 -9.1848219661E-01
 -2.2555568699E+00 -1.0792667939E+00  1.8427077203E-01  2.8128527759E-01 -9.1848219661E-01
 -2.2555568699E+00 -1.0792667939E+00  1.8427077203E-01  2.8128527759E-01 -9.1848219661E-01
 -2.2555568699E+00 -1.0792667939E+00  1.8427077203E-01  2.8128527759E-01 -9.1848219661E-01
 -2.2555568699E+00 -1.0792667939E+00  1.8427077203E-01  2.8128527759E-01 -9.1848219661E-01
 -2.2555568699E+00 -1.0792667939E+00  1.8427077203E-01  2.8128527759E-01 -9.1848219661E-01
 -2.2555568699E+00 -1.0792667939E+00  1.8427077203E-01  2.8128527759E-01 -9.1848219661E-01
 -2.2555568699E+00 -1.0792667939E+00  1.8427077203E-01  2.8128527759E-01 -9.1848219661E-01
 -2.2555568699E+00 -1.0792667939E+00  1.8427077203E-01  2.8128527759E-01 -9.1848219661E-01
 -2.2555568699E+00 -1.0792667939E+00  1.8427077203E-01  2.8128527759E-01 -9.1848219661E-01
 -2.2555568699E+00 -1.0792667939E+00  1.8427077203E-01  2.8128527759E-01 -9.1848219661E-01
 -2.2555568699E+00 -1.0792667939E+00  1.8427077203E-01  2.8128527759E-01 -9.1848219661E-01
 -2.2555568699E+00 -1.0792667939E+00  1.8427077203E-01  2.8128527759E-01 -9.1848219661E-01
 -2.2555568699E+00 -1.0792667939E+00  1.8427077203E-01  2.8128527759E-01 -9.1848219661E-01
 -2.2555568699E+00 -1.0792667939E+00  1.8427077203E-01  2.8128527759E-01 -9.1848219661E-01
 -2.2555568699E+00 -1.0792667939E+00  1.8427077203E-01  2.8128527759E-01 -9.1848219661E-01
 -2.2555568699E+00 -1.0792667939E+00  1.8427077203E-01  2.8128527759E-01 -9.1848219661E-01
 -2.2555568699E+00 -1.0792667939E+00  1.8427077203E-01  2.8128527759E-01 -9.1848219661E-01
 -2.2555568699E+00 -1.0792667939E+00  1.8427077203E-01  2.8128527759E-01 -9.1848219661E-01
 -2.2555568699E+00 -1.0792667939E+00  1.8427077203E-01  2.8128527759E-01 -9.1848219661E-01
 -2.2555568699E+00 -1.0792667939E+00  1.8427077203E-01  2.8128527759E-01 -9.1848219661E-01
 -2.2555568699E+00 -1.0792667939E+00  1.8427077203E-01  2.8128527759E-01 -9.1848219661E-01
 -2.2555568699E+00 -1.0792667939E+00  1.8427077203E-01  2.8128527759E-01 -9.1848219661E-01
 -2.2555568699E+00 -1.0792667939E+00  1.8427077203E-01  2.8128527759E-01 -9.1848219661E-01
 -2.2555568699E+00 -1.0792667939E+00  1.8427077203E-01  2.8128527759E-01 -9.1848219661E-01
 -2.2555568699E+00 -1.0792667939E+00  1.8427077203E-01  2.8128527759E-01 -9.1848219661E-01
 -2.2555568699E+00 -1.0792667939E+00  1.8427077203E-01  2.8128527759E-01 -9.1848219661E-01
 -2.2555568699E+00 -1.0792667939E+00  1.8427077203E-01  2.8128527759E-01 -9.1848219661E-01
 -2.2555568699E+00 -1.0792667939E+00  1.8427077203E-01  2.8128527759E-01 -9.1848219661E-01
 -2.2555568699E+00 -1.0792667939E+00  1.8427077203E-01  2.8128527759E-01 -9.1848219661E-01
 -2.2555568699E+00 -1.0792667939E+00  1.8427077203E-01  2.8128527759E-01 -9.1848219661E-01
 -2.2555568699E+00 -1.0792667939E+00  1.8427077203E-01  2.8128527759E-01 -9.1848219661E-01
 -2.2555568699E+00 -1.0792667939E+00  1.8427077203E-01  2.8128527759E-01 -9.1848219661E-01
 -2.2555568699E+00 -1.0792667939E+00  1.8427077203E-01  2.8128527759E-01 -9.1848219661E-01
 -2.2555568699E+00 -1.0792667939E+00  1.8427077203E-01  2.8128527759E-01 -9.1848219661E-01
 -2.2555568699E+00 -1.0792667939E+00  1.8427077203E-01  2.8128527759E-01 -9.1848219661E-01
 -2.2555568699E+00 -1.0792667939E+00  1.8427077203E-01  2.8128527759E-01 -9.1848219661E-01
 -2.2555568699E+00 -1.0792667939E+00  1.8427077203E-01  2.8128527759E-01 -9.1848219661E-01
 -2.2555568699E+00 -1.0792667939E+00  1.8427077203E-01  2.8128527759E-01 -9.1848219661E-01
 -2.2555568699E+00 -1.0792667939E+00  1.8427077203E-01  2.8128527759E-01 -9.1848219661E-01
 -2.2555568699E+00 -1.0792667939E+00  1.8427077203E-01  2.8128527759E-01 -9.1848219661E-01
 -2.2555568699E+00 -1.0792667939E+00  1.8427077203E-01  2.8128527759E-01 -9.1848219661E-01
 -2.2555568699E+00 -1.0792667939E+00  1.8427077203E-01  2.8128527759E-01 -9.1848219661E-01
 -2.2555568699E+00 -1.0792667939E+00  1.8427077203E-01  2.8128527759E-01 -9.1848219661E-01
 -2.2555568699E+00 -1.0792667939E+00  1.8427077203E-01  2.8128527759E-01 -9.1848219661E-01
 -2.2555568699E+00 -1.0792667939E+00  1.8427077203E-01  2.8128527759E-01 -9.1848219661E-01
 -2.2555568699E+00 -1.0792667939E+00  1.8427077203E-01  2.8128527759E-01 -9.1848219661E-01
 -2.2555568699E+00 -1.0792667939E+00  1.8427077203E-01  2.8128527759E-01 -9.1848219661E-01
 -2.2555568699E+00 -1.0792667939E+00  1.8427077203E-01  2.8128527759E-01 -9.1848219661E-01
 -2.2555568699E+00 -1.0792667939E+00  1.8427077203E-01  2.8128527759E-01 -9.1848219661E-01
 -2.2555568699E+00 -1.0792667939E+00  1.8427077203E-01  2.8128527759E-01 -9.1848219661E-01
 -2.2555568699E+00 -1.0792667939E+00  1.8427077203E-01  2.8128527759E-01 -9.1848219661E-01
 -2.2555568699E+00 -1.0792667939E+00  1.8427077203E-01  2.8128527759E-01 -9.1848219661E-01
 -2.2555568699E+00 -1.0792667939E+00  1.8427077203E-01  2.8128527759E-01 -9.1848219661E-01
 -2.2555568699E+00 -1.0792667939E+00  1.8427077203E-01  2.8128527759E-01 -9.1848219661E-01
 -2.2555568699E+00 -1.0792667939E+00  1.8427077203E-01  2.8128527759E-01 -9.1848219661E-01
 -2.2555568699E+00 -1.0792667939E+00  1.8427077203E-01  2.8128527759E-01 -9.1848219661E-01
 -2.2555568699E+00 -1.0792667939E+00  1.8427077203E-01  2.8128527759E-01 -9.1848219661E-01
 -2.2555568699E+00 -1.0792667939E+00  1.8427077203E-01  2.8128527759E-01 -9.1848219661E-01
 -2.2555568699E+00 -1.0792667939E+00  1.8427077203E-01  2.8128527759E-01 -9.1848219661E-01
 -2.2555568699E+00 -1.0792667939E+00  1.8427077203E-01  2.8128527759E-01 -9.1848219661E-01
 -2.2555568699E+00 -1.0792667939E+00  1.8427077203E-01  2.8128527759E-01 -9.1848219661E-01
 -2.2555568699E+00 -1.0792667939E+00  1.8427077203E-01  2.8128527759E-01 -9.1848219661E-01
 -2.2555568699E+00 -1.0792667939E+00  1.8427077203E-01  2.8128527759E-01 -9.1848219661E-01
 -2.2555568699E+00 -1.0792667939E+00  1.8427077203E-01  2.8128527759E-01 -9.1848219661E-01
 -2.2555568699E+00 -1.0792667939E+00  1.8427077203E-01  2.8128527759E-01 -9.1848219661E-01
 -2.2555568699E+00 -1.0792667939E+00  1.8427077203E-01  2.8128527759E-01 -9.1848219661E-01
 -2.2555568699E+00 -1.0792667939E+00  1.8427077203E-01  2.8128527759E-01 -9.1848219661E-01
 -2.2555568699E+00 -1.0792667939E+00  1.8427077203E-01  2.8128527759E-01 -9.1848219661E-01
 -2.2555568699E+00 -1.0792667939E+00  1.8427077203E-01  2.8128527759E-01 -9.1848219661E-01
 -2.2555568699E+00 -1.0792667939E+00  1.8427077203E-01  2.8128527759E-01 -9.1848219661E-01
 -2.2555568699E+00 -1.0792667939E+00  1.8427077203E-01  2.8128527759E-01 -9.1848219661E-01
 -2.2555568699E+00 -1.0792667939E+00  1.8427077203E-01  2.8128527759E-01 -9.1848219661E-01
 -2.2555568699E+00 -1.0792667939E+00  1.8427077203E-01  2.8128527759E-01 -9.1848219661E-01
 -2.2555568699E+00 -1.0792667939E+00  1.8427077203E-01  2.8128527759E-01 -9.1848219661E-01
 -2.2555568699E+00 -1.0792667939E+00  1.8427077203E-01  2.8128527759E-01 -9.1848219661E-01
 -2.2555568699E+00 -1.0792667939E+00  1.8427077203E-01  2.8128527759E-01 -9.1848219661E-01
 -2.2555568699E+00 -1.0792667939E+00  1.8427077203E-01  2.8128527759E-01 -9.1848219661E-01
 -2.2555568699E+00 -1.0792667939E+00  1.8427077203E-01  2.8128527759E-01 -9.1848219661E-01
 -2.2555568699E+00 -1.0792667939E+00  1.8427077203E-01  2.8128527759E-01 -9.1848219661E-01
 -2.2555568699E+00 -1.0792667939E+00  1.8427077203E-01  2.8128527759E-01 -9.1848219661E-01
 -2.2555568699E+00 -1.0792667939E+00  1.8427077203E-01  2.8128527759E-01 -9.1848219661E-01
 -2.2555568699E+00 -1.0792667939E+00  1.8427077203E-01  2.8128527759E-01 -9.1848219661E-01
 -2.2555568699E+00 -1.0792667939E+00  1.8427077203E-01  2.8128527759E-01 -9.1848219661E-01
 -2.2555568699E+00 -1.0792667939E+00  1.8427077203E-01  2.8128527759E-01 -9.1848219661E-01
 -2.2555568699E+00 -1.0792667939E+00  1.8427077203E-01  2.8128527759E-01 -9.1848219661E-01
 -2.2555568699E+00 -1.0792667939E+00  1.8427077203E-01  2.8128527759E-01 -9.1848219661E-01
 -2.2555568699E+00 -1.0792667939E+00  1.8427077203E-01  2.8128527759E-01 -9.1848219661E-01
 -2.2555568699E+00 -1.0792667939E+00  1.8427077203E-01  2.8128527759E-01 -9.1848219661E-01
 -2.2555568699E+00 -1.0792667939E+00  1.8427077203E-01  2.8128527759E-01 -9.1848219661E-01
 -2.2555568699E+00 -1.0792667939E+00  1.8427077203E-01  2.8128527759E-01 -9.1848219661E-01
 -2.2555568699E+00 -1.0792667939E+00  1.8427077203E-01  2.8128527759E-01 -9.1848219661E-01
 -2.2555568699E+00 -1.0792667939E+00  1.8427077203E-01  2.8128527759E-01 -9.1848219661E-01
 -2.2555568699E+00 -1.0792667939E+00  1.8427077203E-01  2.8128527759E-01 -9.1848219661E-01
 -2.2555568699E+00 -1.0792667939E+00  1.8427077203E-01  2.8128527759E-01 -9.1848219661E-01
 -2.2555568699E+00 -1.0792667939E+00  1.8427077203E-01  2.8128527759E-01 -9.1848219661E-01
 -2.2555568699E+00 -1.0792667939E+00  1.8427077203E-01  2.8128527759E-01 -9.1848219661E-01
 -2.2555568699E+00 -1.0792667939E+00  1.8427077203E-01  2.8128527759E-01 -9.1848219661E-01
 -2.2555568699E+00 -1.0792667939E+00  1.8427077203E-01  2.8128527759E-01 -9.1848219661E-01
 -2.2555568699E+00 -1.0792667939E+00  1.8427077203E-01  2.8128527759E-01 -9.1848219661E-01
 -2.2555568699E+00 -1.0792667939E+00  1.8427077203E-01  2.8128527759E-01 -9.1848219661E-01
 -2.2555568699E+00 -1.0792667939E+00  1.8427077203E-01  2.8128527759E-01 -9.1848219661E-01
 -2.2555568699E+00 -1.0792667939E+00  1.8427077203E-01  2.8128527759E-01 -9.1848219661E-01
 -2.2555568699E+00 -1.0792667939E+00  1.8427077203E-01  2.8128527759E-01 -9.1848219661E-01
 -2.2555568699E+00 -1.0792667939E+00  1.8427077203E-01  2.8128527759E-01 -9.1848219661E-01
 -2.2555568699E+00 -1.0792667939E+00  1.8427077203E-01  2.8128527759E-01 -9.1848219661E-01
 -2.2555568699E+00 -1.0792667939E+00  1.8427077203E-01  2.8128527759E-01 -9.1848219661E-01
 -2.2555568699E+00 -1.0792667939E+00  1.8427077203E-01  2.8128527759E-01 -9.1848219661E-01
 -2.2555568699E+00 -1.0792667939E+00  1.8427077203E-01  2.8128527759E-01 -9.1848219661E-01
 -2.2555568699E+00 -1.0792667939E+00  1.8427077203E-01  2.8128527759E-01 -9.1848219661E-01
 -2.2555568699E+00 -1.0792667939E+00  1.8427077203E-01  2.8128527759E-01 -9.1848219661E-01
 -2.2555568699E+00 -1.0792667939E+00  1.8427077203E-01  2.8128527759E-01 -9.1848219661E-01
 -2.2555568699E+00 -1.0792667939E+00  1.8427077203E-01  2.8128527759E-01 -9.1848219661E-01
 -2.2555568699E+00 -1.0792667939E+00  1.8427077203E-01  2.8128527759E-01 -9.1848219661E-01
 -2.2555568699E+00 -1.0792667939E+00  1.8427077203E-01  2.8128527759E-01 -9.1848219661E-01
 -2.2555568699E+00 -1.0792667939E+00  1.8427077203E-01  2.8128527759E-01 -9.1848219661E-01
 -2.2555568699E+00 -1.0792667939E+00  1.8427077203E-01  2.8128527759E-01 -9.1848219661E-01
 -2.2555568699E+00 -1.0792667939E+00  1.8427077203E-01  2.8128527759E-01 -9.1848219661E-01
 -2.2555568699E+00 -1.0792667939E+00  1.8427077203E-01  2.8128527759E-01 -9.1848219661E-01
 -2.2555568699E+00 -1.0792667939E+00  1.8427077203E-01  2.8128527759E-01 -9.1848219661E-01
 -2.2555568699E+00 -1.0792667939E+00  1.8427077203E-01  2.8128527759E-01 -9.1848219661E-01
 -2.2555568699E+00 -1.0792667939E+00  1.8427077203E-01  2.8128527759E-01 -9.1848219661E-01
 -2.2555568699E+00 -1.0792667939E+00  1.8427077203E-01  2.8128527759E-01 -9.1848219661E-01
 -2.2555568699E+00 -1.0792667939E+00  1.8427077203E-01  2.8128527759E-01 -9.1848219661E-01
 -2.2555568699E+00 -1.0792667939E+00  1.8427077203E-01  2.8128527759E-01 -9.1848219661E-01
 -2.2555568699E+00 -1.0792667939E+00  1.8427077203E-01  2.8128527759E-01 -9.1848219661E-01
 -2.2555568699E+00 -1.0792667939E+00  1.8427077203E-01  2.8128527759E-01 -9.1848219661E-01
 -2.2555568699E+00 -1.0792667939E+00  1.8427077203E-01  2.8128527759E-01 -9.1848219661E-01
 -2.2555568699E+00 -1.0792667939E+00  1.8427077203E-01  2.8128527759E-01 -9.1848219661E-01
 -2.2555568699E+00 -1.0792667939E+00  1.8427077203E-01  2.8128527759E-01 -9.1848219661E-01
 -2.2555568699E+00 -1.0792667939E+00  1.8427077203E-01  2.8128527759E-01 -9.1848219661E-01
 -2.2555568699E+00 -1.0792667939E+00  1.8427077203E-01  2.8128527759E-01 -9.1848219661E-01
 -2.2555568699E+00 -1.0792667939E+00  1.8427077203E-01  2.8128527759E-01 -9.1848219661E-01
 -2.2555568699E+00 -1.0792667939E+00  1.8427077203E-01  2.8128527759E-01 -9.1848219661E-01
 -2.2555568699E+00 -1.0792667939E+00  1.8427077203E-01  2.8128527759E-01 -9.1848219661E-01
 -2.2555568699E+00 -1.0792667939E+00  1.8427077203E-01  2.8128527759E-01 -9.1848219661E-01
 -2.2555568699E+00 -1.0792667939E+00  1.8427077203E-01  2.8128527759E-01 -9.1848219661E-01
 -2.2555568699E+00 -1.0792667939E+00  1.8427077203E-01  2.8128527759E-01 -9.1848219661E-01
 -2.2555568699E+00 -1.0792667939E+00  1.8427077203E-01  2.8128527759E-01 -9.1848219661E-01
 -2.2555568699E+00 -1.0792667939E+00  1.8427077203E-01  2.8128527759E-01 -9.1848219661E-01
 -2.2555568699E+00 -1.0792667939E+00  1.8427077203E-01  2.8128527759E-01 -9.1848219661E-01
 -2.2555568699E+00 -1.0792667939E+00  1.8427077203E-01  2.8128527759E-01 -9.1848219661E-01
 -2.2555568699E+00 -1.0792667939E+00  1.8427077203E-01  2.8128527759E-01 -9.1848219661E-01
 -2.2555568699E+00 -1.0792667939E+00  1.8427077203E-01  2.8128527759E-01 -9.1848219661E-01
 -2.2555568699E+00 -1.0792667939E+00  1.8427077203E-01  2.8128527759E-01 -9.1848219661E-01
 -2.2555568699E+00 -1.0792667939E+00  1.8427077203E-01  2.8128527759E-01 -9.1848219661E-01
 -2.2555568699E+00 -1.0792667939E+00  1.8427077203E-01  2.8128527759E-01 -9.1848219661E-01
 -2.2555568699E+00 -1.0792667939E+00  1.8427077203E-01  2.8128527759E-01 -9.1848219661E-01
 -2.2555568699E+00 -1.0792667939E+00  1.8427077203E-01  2.8128527759E-01 -9.1848219661E-01
 -2.2555568699E+00 -1.0792667939E+00  1.8427077203E-01  2.8128527759E-01 -9.1848219661E-01
 -2.2555568699E+00 -1.0792667939E+00  1.8427077203E-01  2.8128527759E-01 -9.1848219661E-01
 -2.2555568699E+00 -1.0792667939E+00  1.8427077203E-01  2.8128527759E-01 -9.1848219661E-01
 -2.2555568699E+00 -1.0792667939E+00  1.8427077203E-01  2.8128527759E-01 -9.1848219661E-01
 -2.2555568699E+00 -1.0792667939E+00  1.8427077203E-01  2.8128527759E-01 -9.1848219661E-01
 -2.2555568699E+00 -1.0792667939E+00  1.8427077203E-01  2.8128527759E-01 -9.1848219661E-01
 -2.2555568699E+00 -1.0792667939E+00  1.8427077203E-01  2.8128527759E-01 -9.1848219661E-01
 -2.2555568699E+00 -1.0792667939E+00  1.8427077203E-01  2.8128527759E-01 -9.1848219661E-01
 -2.2555568699E+00 -1.0792667939E+00  1.8427077203E-01  2.8128527759E-01 -9.1848219661E-01
 -2.2555568699E+00 -1.0792667939E+00  1.8427077203E-01  2.8128527759E-01 -9.1848219661E-01
 -2.2555568699E+00 -1.0792667939E+00  1.8427077203E-01  2.8128527759E-01 -9.1848219661E-01
 -2.2555568699E+00 -1.0792667939E+00  1.8427077203E-01  2.8128527759E-01 -9.1848219661E-01
 -2.2555568699E+00 -1.0792667939E+00  1.8427077203E-01  2.8128527759E-01 -9.1848219661E-01
 -2.2555568699E+00 -1.0792667939E+00  1.8427077203E-01  2.8128527759E-01 -9.1848219661E-01
 -2.2555568699E+00 -1.0792667939E+00  1.8427077203E-01  2.8128527759E-01 -9.1848219661E-01
