 AIMInt (Version 19.10.12, Professional)
 Portions Copyright (c) 1997-2019 by Todd A. Keith
 AIMInt is a component of the AIMAll package ( http://aim.tkgristmill.com )

 TP:  64-bit Mac OS X

 AIMInt is a heavily modified and extended version of the PROAIMV program
 developed by members of R.F.W. Bader's research group

 Much of the Quantum Theory of Atoms in Molecules (QTAIM) is described in the book:
   "Atoms in Molecules - A Quantum Theory"
   R.F.W. Bader, Oxford University Press, Oxford, 1990

 For additional references see:  http://aim.tkgristmill.com/references.html

 Current Directory:  /Users/chemlab/Documents/SubstituentCoding/GraphParametrization/InputGeneration

 Inp File:  HC-C-C-CO_wb97xd_aug-cc-pvtz_atomicfiles/c12.inp
 Wfx File:  HC-C-C-CO_wb97xd_aug-cc-pvtz.wfx
 Out File:  HC-C-C-CO_wb97xd_aug-cc-pvtz_atomicfiles/c12.int

 Wfx Title:   opt freq on HC-C-C-CO_wb97xd_aug-cc-pvtz generated by trim_r_groups           
 Job Title:   opt freq on HC-C-C-CO_wb97xd_aug-cc-pvtz generated by trim_r_groups           
 
<Atom>
C12     
</Atom>
<Nuclei of Molecule>
    15
C1         6.0          -7.8917298359E-01  -1.7281101878E-02   5.9581634580E-01
O2         8.0           1.3122773675E+00  -1.1212588047E+00  -6.4290463087E-01
C3         6.0          -1.1962071689E+00   2.7225901714E+00  -1.8953642964E-01
C4         6.0          -3.0575350093E+00  -1.6519644685E+00  -2.8284338493E-02
H5         1.0          -4.4935892623E-01  -8.3122977510E-02   2.6449821162E+00
H6         1.0          -2.8672341994E+00   3.4863441823E+00   7.4291015557E-01
H7         1.0          -1.4750754071E+00   2.8362606678E+00  -2.2289566013E+00
H8         1.0           4.0206500491E-01   3.9160950267E+00   3.2040955634E-01
H9         1.0          -3.4105473992E+00  -1.6262781454E+00  -2.0588549566E+00
H10        1.0          -2.7228154026E+00  -3.5985543909E+00   5.4834461016E-01
H11        1.0          -4.7384235145E+00  -9.5426284973E-01   9.3623323566E-01
C12        6.0           3.6727001988E+00  -2.1946113400E-01   1.5133281806E-01
H13        1.0           3.8730351917E+00  -3.4061090150E-01   2.2116139136E+00
H14        1.0           4.0074255380E+00   1.7395844271E+00  -4.2579864042E-01
H15        1.0           5.1039999526E+00  -1.4086854029E+00  -7.2361671662E-01
</Nuclei of Molecule>
<Total Number of CPs of DelSqRho>
    27
</Total Number of CPs of DelSqRho>
<Number of (3,+3) CPs of DelSqRho>
     4
</Number of (3,+3) CPs of DelSqRho>
<Number of (3,+1) CPs of DelSqRho>
    10
</Number of (3,+1) CPs of DelSqRho>
<Number of (3,-1) CPs of DelSqRho>
    10
</Number of (3,-1) CPs of DelSqRho>
<Number of (3,-3) CPs of DelSqRho>
     3
</Number of (3,-3) CPs of DelSqRho>
<Number of Degenerate CPs of DelSqRho>
     0
</Number of Degenerate CPs of DelSqRho>
<CP of DelSqRho>
CP# = 1       
Type = (3,+3)
Coords =  3.67269991528402E+00 -2.19461227203359E-01  1.51332732638878E-01
DistFromNuc =  3.1039030456E-07
Rho =  1.2094150805E+02
DelSqRho = -7.4487852177E+05
GradDelSqRho =  2.2166889266E-06 -1.8373475541E-07 -9.1545047098E-08
HessDelSqRho_EigVals =  1.5958108425E+10  1.5958108487E+10  1.5958109394E+10
HessDelSqRho_EigVec1 = -2.3132049421E-01 -1.3584105721E-01  9.6334730816E-01
HessDelSqRho_EigVec2 = -2.9980537252E-01  9.5196748536E-01  6.2246649978E-02
HessDelSqRho_EigVec3 =  9.2553096521E-01  2.7441777275E-01  2.6093546794E-01
</CP of DelSqRho>
<CP of DelSqRho>
CP# = 2       
Type = (3,+1)
Coords =  4.57713449151266E+00 -9.79564679965699E-01 -4.08534154164541E-01
DistFromNuc =  1.3073675142E+00
Rho =  2.9374429973E-01
DelSqRho = -1.1758440846E+00
GradDelSqRho = -1.8544887848E-13  1.6187051699E-13  1.2129186544E-13
HessDelSqRho_EigVals = -9.9813165951E+00  8.8963066287E+00  9.1654856703E+00
HessDelSqRho_EigVec1 =  7.0506817913E-01 -5.7171813293E-01 -4.1954408500E-01
HessDelSqRho_EigVec2 = -1.0734280221E-02 -6.0016083178E-01  7.9980732131E-01
HessDelSqRho_EigVec3 =  7.0905827547E-01  5.5941518792E-01  4.2929128749E-01
</CP of DelSqRho>
<CP of DelSqRho>
CP# = 3       
Type = (3,-1)
Coords =  3.61442470958025E+00 -4.26020743120179E-01  2.16367863830260E-01
DistFromNuc =  2.2425980901E-01
Rho =  9.2087540446E+00
DelSqRho =  2.7907301244E+02
GradDelSqRho =  4.9027448767E-13 -1.4495071810E-12  3.3537617128E-12
HessDelSqRho_EigVals = -5.7782431224E+04 -3.1461139081E+01  1.0621749733E+02
HessDelSqRho_EigVec1 =  2.5754300710E-01  9.2134129770E-01 -2.9120750789E-01
HessDelSqRho_EigVec2 = -4.2791282531E-01  3.7896076593E-01  8.2053601495E-01
HessDelSqRho_EigVec3 =  8.6634993705E-01 -8.6711885269E-02  4.9185245300E-01
</CP of DelSqRho>
<CP of DelSqRho>
CP# = 4       
Type = (3,+1)
Coords =  3.69257949214167E+00 -4.00955023251554E-01  2.12878910564972E-02
DistFromNuc =  2.2415820570E-01
Rho =  9.2232097030E+00
DelSqRho =  2.7874210821E+02
GradDelSqRho = -1.1546319456E-13  4.7801762548E-12  2.3021584639E-12
HessDelSqRho_EigVals = -5.8021879196E+04  3.6211551262E+01  1.3797017542E+02
HessDelSqRho_EigVec1 = -9.1730317984E-02  8.0951271482E-01  5.7989198417E-01
HessDelSqRho_EigVec2 = -9.9893316268E-02 -5.8689034426E-01  8.0348058420E-01
HessDelSqRho_EigVec3 =  9.9076075524E-01  1.5776196106E-02  1.3470054755E-01
</CP of DelSqRho>
<CP of DelSqRho>
CP# = 5       
Type = (3,-3)
Coords =  3.87400199682341E+00 -1.50707485509783E-01  2.18435654791314E-01
DistFromNuc =  2.2305216605E-01
Rho =  9.2581996533E+00
DelSqRho =  2.8741775604E+02
GradDelSqRho =  3.7836400679E-13  4.5119463721E-12 -2.6281199439E-12
HessDelSqRho_EigVals = -6.1325058130E+04 -2.7348137783E+02 -2.6071512602E+02
HessDelSqRho_EigVec1 =  9.0251181535E-01  3.0822429175E-01  3.0078266096E-01
HessDelSqRho_EigVec2 = -4.2856571539E-01  7.1165024073E-01  5.5667347922E-01
HessDelSqRho_EigVec3 = -4.2471764208E-02 -6.3130952856E-01  7.7436711474E-01
</CP of DelSqRho>
<CP of DelSqRho>
CP# = 6       
Type = (3,+1)
Coords =  3.52165847614089E+00 -2.21404336012000E-01  3.17051831685713E-01
DistFromNuc =  2.2423240061E-01
Rho =  9.2156790013E+00
DelSqRho =  2.7868299437E+02
GradDelSqRho = -7.3916428533E-12 -1.4210854715E-13  1.7337242753E-12
HessDelSqRho_EigVals = -5.7838293802E+04  1.8813201124E+01  1.2885387681E+02
HessDelSqRho_EigVec1 = -6.7155988974E-01 -7.9267291555E-03  7.4090787650E-01
HessDelSqRho_EigVec2 = -2.7297050603E-01  9.3225858564E-01 -2.3744690426E-01
HessDelSqRho_EigVec3 =  6.8883555174E-01  3.6170581481E-01  6.2823123625E-01
</CP of DelSqRho>
<CP of DelSqRho>
CP# = 7       
Type = (3,-1)
Coords =  3.63107788154902E+00 -1.89307656801660E-01 -6.69252072133016E-02
DistFromNuc =  2.2422804257E-01
Rho =  9.2105305884E+00
DelSqRho =  2.7922550094E+02
GradDelSqRho = -2.6076918402E-12  2.9345414987E-12 -5.0803805607E-12
HessDelSqRho_EigVals = -5.7868877561E+04 -3.5412664178E+01  1.0298149106E+02
HessDelSqRho_EigVec1 =  1.8317518363E-01 -1.3560366824E-01  9.7368295521E-01
HessDelSqRho_EigVec2 =  3.8177649685E-01 -9.0289205031E-01 -1.9756682905E-01
HessDelSqRho_EigVec3 =  9.0592138652E-01  4.0791860787E-01 -1.1361712369E-01
</CP of DelSqRho>
<CP of DelSqRho>
CP# = 8       
Type = (3,-3)
Coords =  3.47641419000166E+00 -2.90642690575777E-01  6.87392186708638E-02
DistFromNuc =  2.2453666491E-01
Rho =  9.1734329218E+00
DelSqRho =  2.8008263790E+02
GradDelSqRho = -4.5616843636E-12 -1.5845103007E-12 -1.7834622668E-12
HessDelSqRho_EigVals = -5.7325819342E+04 -7.9283133461E+01 -6.3996705240E+01
HessDelSqRho_EigVec1 =  8.7409526692E-01  3.1704268873E-01  3.6802363764E-01
HessDelSqRho_EigVec2 = -4.7016835969E-01  7.4258052963E-01  4.7698623728E-01
HessDelSqRho_EigVec3 =  1.2206218860E-01  5.8996448243E-01 -7.9814956718E-01
</CP of DelSqRho>
<CP of DelSqRho>
CP# = 9       
Type = (3,+1)
Coords =  3.52150591824478E+00 -5.39862441769703E-02  1.45218631503823E-01
DistFromNuc =  2.2422986621E-01
Rho =  9.2148393425E+00
DelSqRho =  2.7877137229E+02
GradDelSqRho = -2.6467716907E-12  2.9736213492E-12  2.4513724384E-13
HessDelSqRho_EigVals = -5.7841437171E+04  6.9405899638E+00  1.2612622668E+02
HessDelSqRho_EigVec1 = -6.7225051157E-01  7.3984208396E-01 -2.6700945596E-02
HessDelSqRho_EigVec2 = -2.9398942069E-01 -2.3368234982E-01  9.2680244923E-01
HessDelSqRho_EigVec3 =  6.7944791575E-01  6.3089321615E-01  3.7459882488E-01
</CP of DelSqRho>
<CP of DelSqRho>
CP# = 10      
Type = (3,-1)
Coords =  3.50736874324192E+00 -7.58637232539829E-02  1.99668044437618E-01
DistFromNuc =  2.2425655100E-01
Rho =  9.2117454323E+00
DelSqRho =  2.7877537447E+02
GradDelSqRho =  1.0519585203E-11 -7.0343730840E-13 -5.2438053899E-12
HessDelSqRho_EigVals = -5.7767391562E+04 -5.9527836805E+00  1.2252004129E+02
HessDelSqRho_EigVec1 =  7.3543975166E-01 -6.4207968629E-01 -2.1647643782E-01
HessDelSqRho_EigVec2 = -1.6565167612E-01 -4.8015755926E-01  8.6139900191E-01
HessDelSqRho_EigVec3 =  6.5702959894E-01  5.9764738328E-01  4.5948853237E-01
</CP of DelSqRho>
<CP of DelSqRho>
CP# = 11      
Type = (3,-1)
Coords =  4.66479810267277E+00  1.11767418454582E-01  4.62248073278774E-01
DistFromNuc =  1.0911640119E+00
Rho =  1.4220855358E-01
DelSqRho =  1.8747431803E-01
GradDelSqRho = -2.0816681712E-17 -2.7755575616E-17  3.1918911958E-16
HessDelSqRho_EigVals = -1.3995245339E+00 -1.3468445613E+00  5.2265220087E+00
HessDelSqRho_EigVec1 =  2.4198687803E-02 -7.1905405654E-01  6.9453271145E-01
HessDelSqRho_EigVec2 = -4.1275262400E-01  6.2557143427E-01  6.6203901094E-01
HessDelSqRho_EigVec3 =  9.1052166086E-01  3.0269067445E-01  2.8165344080E-01
</CP of DelSqRho>
<CP of DelSqRho>
CP# = 12      
Type = (3,-1)
Coords =  2.81362455931927E+00  2.71393827453377E-01  4.97679517443859E-01
DistFromNuc =  1.0482869758E+00
Rho =  1.5988317561E-01
DelSqRho =  1.0645368795E-01
GradDelSqRho =  4.4186876380E-14 -4.2965631053E-14 -1.1823875212E-14
HessDelSqRho_EigVals = -1.7598540542E+00 -9.6790740071E-01  8.4450311271E+00
HessDelSqRho_EigVec1 = -5.7491390276E-01 -6.3624236465E-01 -5.1446055032E-01
HessDelSqRho_EigVec2 = -2.9571797356E-02 -6.1219234240E-01  7.9015570916E-01
HessDelSqRho_EigVec3 =  8.1767934620E-01 -4.6948502568E-01 -3.3314305853E-01
</CP of DelSqRho>
<CP of DelSqRho>
CP# = 13      
Type = (3,-1)
Coords =  3.34941916002679E+00 -1.20268991411807E+00  3.58544296343979E-01
DistFromNuc =  1.0555501224E+00
Rho =  1.5665880322E-01
DelSqRho =  1.4823062190E-01
GradDelSqRho =  8.3266726847E-17 -2.2759572005E-15  1.4571677198E-16
HessDelSqRho_EigVals = -1.9038588098E+00 -1.0052422870E+00  7.8391267004E+00
HessDelSqRho_EigVec1 =  9.1050823474E-01 -2.2546432684E-01  3.4661302888E-01
HessDelSqRho_EigVec2 = -2.8012639400E-01  2.8024108148E-01  9.1814712309E-01
HessDelSqRho_EigVec3 =  3.0414463311E-01  9.3307597417E-01 -1.9200330355E-01
</CP of DelSqRho>
<CP of DelSqRho>
CP# = 14      
Type = (3,+1)
Coords =  3.72054168865856E+00  5.47866901286779E-01  7.63700018917060E-01
DistFromNuc =  9.8289099628E-01
Rho =  2.1658170074E-01
DelSqRho = -2.1900086917E-01
GradDelSqRho =  5.5511151231E-17 -1.4432899320E-15 -9.4368957093E-16
HessDelSqRho_EigVals = -3.6338035420E+00  1.7584252996E+00  1.5791144058E+01
HessDelSqRho_EigVec1 = -3.9303751180E-02 -6.2099849213E-01  7.8282570724E-01
HessDelSqRho_EigVec2 =  9.9852715447E-01 -5.3732066134E-02  7.5091182144E-03
HessDelSqRho_EigVec3 =  3.7399691584E-02  7.8196786241E-01  6.2219572904E-01
</CP of DelSqRho>
<CP of DelSqRho>
CP# = 15      
Type = (3,-1)
Coords =  3.38668680122817E+00 -2.31390950223888E-01 -8.68562978017148E-01
DistFromNuc =  1.0593079906E+00
Rho =  1.5386565203E-01
DelSqRho =  1.5381690164E-01
GradDelSqRho = -3.4250380310E-14 -1.8041124150E-14 -8.1934459217E-14
HessDelSqRho_EigVals = -1.8614727969E+00 -9.7705538571E-01  7.5892694960E+00
HessDelSqRho_EigVec1 = -9.2649368055E-01 -2.6564219027E-01  2.6654021582E-01
HessDelSqRho_EigVec2 = -2.6010099418E-01  9.6392319143E-01  5.6564598917E-02
HessDelSqRho_EigVec3 =  2.7195023943E-01  1.6920631686E-02  9.6216254318E-01
</CP of DelSqRho>
<CP of DelSqRho>
CP# = 16      
Type = (3,+1)
Coords =  4.30379368643729E+00  7.66261944822382E-02 -5.40226793226179E-01
DistFromNuc =  9.8193757044E-01
Rho =  2.1807723302E-01
DelSqRho = -2.2809492084E-01
GradDelSqRho =  4.2188474936E-15  2.3314683517E-15 -4.7739590059E-15
HessDelSqRho_EigVals = -3.7494097551E+00  1.9359928950E+00  1.5990331673E+01
HessDelSqRho_EigVec1 = -3.3151650315E-01  9.3880233199E-01  9.3525341989E-02
HessDelSqRho_EigVec2 =  6.9665016041E-01  1.7673887278E-01  6.9529988124E-01
HessDelSqRho_EigVec3 = -6.3621958642E-01 -2.9565782977E-01  7.1260864825E-01
</CP of DelSqRho>
<CP of DelSqRho>
CP# = 17      
Type = (3,+1)
Coords =  4.24945760809866E+00 -8.51130551857379E-01  6.37483089229886E-01
DistFromNuc =  9.8386861361E-01
Rho =  2.1633117649E-01
DelSqRho = -2.2236977671E-01
GradDelSqRho = -2.4286128664E-15  1.5959455979E-15 -3.8857805862E-16
HessDelSqRho_EigVals = -3.6823344780E+00  1.9045271604E+00  1.5776514526E+01
HessDelSqRho_EigVec1 = -3.7192144089E-01  3.2258321704E-01  8.7041054100E-01
HessDelSqRho_EigVec2 =  7.2600940687E-01  6.8538372791E-01  5.6209311058E-02
HessDelSqRho_EigVec3 = -5.7843304102E-01  6.5283168857E-01 -4.8910735372E-01
</CP of DelSqRho>
<CP of DelSqRho>
CP# = 18      
Type = (3,+1)
Coords =  2.88337694747747E+00 -5.25184239209287E-01  7.12212344722647E-01
DistFromNuc =  1.0154228949E+00
Rho =  1.8966278528E-01
DelSqRho = -4.2159839548E-02
GradDelSqRho =  2.4424906542E-15 -2.2204460493E-16 -3.3306690739E-16
HessDelSqRho_EigVals = -3.5046598049E+00  1.0787650770E+00  1.2738908442E+01
HessDelSqRho_EigVec1 =  5.7159153857E-01  1.5097970384E-01  8.0652851287E-01
HessDelSqRho_EigVec2 = -3.2677828478E-01  9.4350111048E-01  5.4969146947E-02
HessDelSqRho_EigVec3 =  7.5266132200E-01  2.9497590334E-01 -5.8863414004E-01
</CP of DelSqRho>
<CP of DelSqRho>
CP# = 19      
Type = (3,+3)
Coords =  3.75327545310140E+00 -2.85056478654565E-01  1.18693385703239E+00
DistFromNuc =  1.0407999965E+00
Rho =  2.9898912241E-01
DelSqRho = -1.2219546807E+00
GradDelSqRho = -1.1102230246E-15  1.1102230246E-16 -2.3314683517E-15
HessDelSqRho_EigVals =  7.1916655482E+00  7.6316514153E+00  8.9854253639E+00
HessDelSqRho_EigVec1 = -4.8284799533E-01  8.7538627212E-01  2.3594236602E-02
HessDelSqRho_EigVec2 =  8.3416623361E-01  4.5157807332E-01  3.1661323156E-01
HessDelSqRho_EigVec3 = -2.6650423657E-01 -1.7255757963E-01  9.4826123700E-01
</CP of DelSqRho>
<CP of DelSqRho>
CP# = 20      
Type = (3,+1)
Coords =  2.91965094691037E+00  2.91646174399404E-01 -3.05680088451485E-01
DistFromNuc =  1.0184177204E+00
Rho =  1.8654592838E-01
DelSqRho = -3.1210475838E-02
GradDelSqRho =  1.9210327773E-14 -1.9730050926E-13 -1.3017364964E-14
HessDelSqRho_EigVals = -3.4196483459E+00  1.0342793465E+00  1.2407005387E+01
HessDelSqRho_EigVec1 =  6.0807835703E-01  7.9374806627E-01 -1.4308004604E-02
HessDelSqRho_EigVec2 = -3.4993460736E-01  2.8417008300E-01  8.9263269854E-01
HessDelSqRho_EigVec3 =  7.1259138521E-01 -5.3778375879E-01  4.5055759510E-01
</CP of DelSqRho>
<CP of DelSqRho>
CP# = 21      
Type = (3,+1)
Coords =  3.37728463660351E+00 -9.82709549060386E-01 -4.52728790767636E-01
DistFromNuc =  1.0172064317E+00
Rho =  1.8827919231E-01
DelSqRho = -1.4432635993E-03
GradDelSqRho =  7.2164496601E-16  1.5543122345E-15  4.9960036108E-16
HessDelSqRho_EigVals = -3.7083190312E+00  1.0010523867E+00  1.2662998514E+01
HessDelSqRho_EigVec1 =  9.6685331429E-01 -2.1496787451E-01 -1.3778055587E-01
HessDelSqRho_EigVec2 = -2.4166649026E-02 -6.1423389170E-01  7.8875389024E-01
HessDelSqRho_EigVec3 =  2.5418623433E-01  7.5927961860E-01  5.9906912711E-01
</CP of DelSqRho>
<CP of DelSqRho>
CP# = 22      
Type = (3,+3)
Coords =  4.38218875037615E+00 -8.26026771585081E-01 -2.96300872092293E-01
DistFromNuc =  1.0352158220E+00
Rho =  3.0670116025E-01
DelSqRho = -1.2865984759E+00
GradDelSqRho = -9.3758334430E-14  8.2489570730E-14  6.0618177145E-14
HessDelSqRho_EigVals =  7.5921475486E+00  8.1231896141E+00  9.2985319934E+00
HessDelSqRho_EigVec1 = -1.5800599857E-02 -6.1655919877E-01  7.8714998282E-01
HessDelSqRho_EigVec2 = -9.0416947645E-01 -3.2729313063E-01 -2.7451186585E-01
HessDelSqRho_EigVec3 = -4.2688159821E-01  7.1605444001E-01  5.5230258016E-01
</CP of DelSqRho>
<CP of DelSqRho>
CP# = 23      
Type = (3,+3)
Coords =  3.82102197686896E+00  7.65672644952764E-01 -1.43897972903966E-01
DistFromNuc =  1.0390616595E+00
Rho =  3.0106553534E-01
DelSqRho = -1.2378123023E+00
GradDelSqRho = -1.9484414082E-14 -1.5558387911E-13  4.7767345634E-14
HessDelSqRho_EigVals =  7.2725931968E+00  7.7454669801E+00  9.1037182920E+00
HessDelSqRho_EigVec1 = -5.1173251877E-01  2.5425997523E-01  8.2065930460E-01
HessDelSqRho_EigVec2 = -8.3696359003E-01 -3.6318508795E-01 -4.0937579418E-01
HessDelSqRho_EigVec3 = -1.9396334243E-01  8.9635286405E-01 -3.9865996150E-01
</CP of DelSqRho>
<CP of DelSqRho>
CP# = 24      
Type = (3,-3)
Coords =  4.93420453913809E+00  1.99930046376979E-01  5.36229910030514E-01
DistFromNuc =  1.3839898606E+00
Rho =  8.5965926973E-02
DelSqRho =  2.3215176150E-01
GradDelSqRho =  4.7184478547E-15  3.6498581935E-15  3.1571967263E-15
HessDelSqRho_EigVals = -1.6854348209E+00 -2.2942550974E-01 -2.1029180157E-01
HessDelSqRho_EigVec1 =  9.0884171880E-01  3.0186233510E-01  2.8789904623E-01
HessDelSqRho_EigVec2 = -3.2043397381E-02  7.3865323063E-01 -6.7332356677E-01
HessDelSqRho_EigVec3 = -4.1590858474E-01  6.0271928418E-01  6.8099156648E-01
</CP of DelSqRho>
<CP of DelSqRho>
CP# = 25      
Type = (3,-1)
Coords =  4.53753613505359E+00  1.92539796163693E-01 -1.12633605570204E+00
DistFromNuc =  1.5969106782E+00
Rho =  8.3945189631E-02
DelSqRho =  1.7458751695E-01
GradDelSqRho = -3.0074553958E-12 -1.3456111225E-12  3.0454111455E-12
HessDelSqRho_EigVals = -1.6829881927E+00 -8.2843431439E-02  5.0366698725E-02
HessDelSqRho_EigVec1 = -4.7715119275E-01 -2.5910271525E-01  8.3975741867E-01
HessDelSqRho_EigVec2 = -3.2684330309E-01  9.3932649206E-01  1.0411146213E-01
HessDelSqRho_EigVec3 = -8.1578195278E-01 -2.2479218018E-01 -5.3288674336E-01
</CP of DelSqRho>
<CP of DelSqRho>
CP# = 26      
Type = (3,-1)
Coords =  4.50665172641400E+00 -1.36446363819111E+00  8.98225559899822E-01
DistFromNuc =  1.6013602508E+00
Rho =  8.4112737481E-02
DelSqRho =  1.7341936048E-01
GradDelSqRho = -2.3105822811E-13  2.0447532556E-13 -1.8152840342E-13
HessDelSqRho_EigVals = -1.6595939674E+00 -9.3381470058E-02  5.1340414400E-02
HessDelSqRho_EigVec1 = -4.6405280926E-01  7.4044321530E-01 -4.8620863334E-01
HessDelSqRho_EigVec2 = -3.9261201062E-01  3.2010145318E-01  8.6220117652E-01
HessDelSqRho_EigVec3 =  7.9404710146E-01  5.9099822723E-01  1.4216292091E-01
</CP of DelSqRho>
<CP of DelSqRho>
CP# = 27      
Type = (3,-1)
Coords =  3.39046030811201E+00  1.01262263790543E+00  1.10461749468696E+00
DistFromNuc =  1.5831744855E+00
Rho =  8.2637569312E-02
DelSqRho =  1.7359823941E-01
GradDelSqRho =  4.9480558539E-13 -2.2716203918E-13 -8.5481968726E-14
HessDelSqRho_EigVals = -1.6951276156E+00 -4.3609187994E-02  5.2237434487E-02
HessDelSqRho_EigVec1 = -2.6868386149E-01  7.6023860108E-01  5.9147802327E-01
HessDelSqRho_EigVec2 = -5.4641671501E-02 -6.2509884009E-01  7.7863067487E-01
HessDelSqRho_EigVec3 =  9.6167732130E-01  1.7688614855E-01  2.0949467807E-01
</CP of DelSqRho>
<Path of -GradDelSqRho>
Starting CP# =      2
Ending CP# =      0
Number of Points =     31
  4.5771344915E+00 -9.7956467997E-01 -4.0853415416E-01  2.9374429973E-01 -1.1758440846E+00
  4.5947570251E+00 -9.9386068071E-01 -4.1902561078E-01  2.9382849631E-01 -1.1792253211E+00
  4.6123721627E+00 -1.0081620805E+00 -4.2952212851E-01  2.9421565842E-01 -1.1904710926E+00
  4.6299813917E+00 -1.0224677878E+00 -4.4002268972E-01  2.9492673532E-01 -1.2113537474E+00
  4.6475858854E+00 -1.0367769428E+00 -4.5052649308E-01  2.9598104835E-01 -1.2437929369E+00
  4.6651865752E+00 -1.0510888629E+00 -4.6103290339E-01  2.9739550224E-01 -1.2898216933E+00
  4.6827842053E+00 -1.0654030034E+00 -4.7154141399E-01  2.9918371766E-01 -1.3515167640E+00
  4.7003793755E+00 -1.0797189249E+00 -4.8205161733E-01  3.0135511963E-01 -1.4308705966E+00
  4.7179725766E+00 -1.0940362681E+00 -4.9256318061E-01  3.0391405613E-01 -1.5295718429E+00
  4.7355642216E+00 -1.1083547296E+00 -5.0307582458E-01  3.0685908776E-01 -1.6486540831E+00
  4.7531546762E+00 -1.1226740406E+00 -5.1358930350E-01  3.1018269073E-01 -1.7879812069E+00
  4.7707442900E+00 -1.1369939425E+00 -5.2410338436E-01  3.1387175400E-01 -1.9455848157E+00
  4.7883334344E+00 -1.1513141587E+00 -5.3461782239E-01  3.1790940762E-01 -2.1169833571E+00
  4.8059225526E+00 -1.1656343564E+00 -5.4513232948E-01  3.2227883290E-01 -2.2948161234E+00
  4.8235122217E+00 -1.1799540986E+00 -5.5564653537E-01  3.2696965889E-01 -2.4694014209E+00
  4.8411031788E+00 -1.1942728225E+00 -5.6615997309E-01  3.3198717143E-01 -2.6310823351E+00
  4.8586960096E+00 -1.2085900737E+00 -5.7667228128E-01  3.3736366785E-01 -2.7752585535E+00
  4.8762896197E+00 -1.2229066712E+00 -5.8718417541E-01  3.4316980173E-01 -2.9105573584E+00
  4.8938794951E+00 -1.2372260547E+00 -5.9769852436E-01  3.4952184654E-01 -3.0694789147E+00
  4.9114619793E+00 -1.2515510392E+00 -6.0821760502E-01  3.5657900275E-01 -3.3191292555E+00
  4.9290382518E+00 -1.2658807511E+00 -6.1874062725E-01  3.6452403348E-01 -3.7677751243E+00
  4.9466107914E+00 -1.2802133093E+00 -6.2926600743E-01  3.7352176406E-01 -4.5616421230E+00
  4.9641812021E+00 -1.2945474910E+00 -6.3979273066E-01  3.8365415161E-01 -5.8663783985E+00
  4.9817503231E+00 -1.3088826545E+00 -6.5032026946E-01  3.9483786370E-01 -7.8296029832E+00
  4.9993185860E+00 -1.3232184688E+00 -6.6084835418E-01  4.0673990824E-01 -1.0525789715E+01
  5.0168862193E+00 -1.3375547577E+00 -6.7137684322E-01  4.1871661522E-01 -1.3893222559E+01
  5.0344533486E+00 -1.3518914234E+00 -6.8190566007E-01  4.2980700575E-01 -1.7683973872E+01
  5.0520200456E+00 -1.3662284088E+00 -6.9243476283E-01  4.3880755219E-01 -2.1456420371E+01
  5.0695863550E+00 -1.3805656756E+00 -7.0296412914E-01  4.4443684086E-01 -2.4635958886E+01
  5.0871523136E+00 -1.3949031856E+00 -7.1349374964E-01  4.4556696600E-01 -2.6645990213E+01
  5.1003266131E+00 -1.4056563981E+00 -7.2139113858E-01  4.4300039922E-01 -2.7127230451E+01
</Path of -GradDelSqRho>
<Path of -GradDelSqRho>
Starting CP# =      2
Ending CP# =     22
Number of Points =     11
  4.5771344915E+00 -9.7956467997E-01 -4.0853415416E-01  2.9374429973E-01 -1.1758440846E+00
  4.5595029331E+00 -9.6527527641E-01 -3.9804887507E-01  2.9394119115E-01 -1.1787144088E+00
  4.5418596910E+00 -9.5099442649E-01 -3.8757159958E-01  2.9439697123E-01 -1.1863810012E+00
  4.5242015428E+00 -9.3672450882E-01 -3.7710454617E-01  2.9508965138E-01 -1.1975354727E+00
  4.5065241434E+00 -9.2246874188E-01 -3.6665071547E-01  2.9599791585E-01 -1.2109992760E+00
  4.4888214407E+00 -9.0823162697E-01 -3.5621430156E-01  2.9710153351E-01 -1.2257021035E+00
  4.4710846317E+00 -8.9401974724E-01 -3.4580143379E-01  2.9838173457E-01 -1.2406567868E+00
  4.4533001212E+00 -8.7984334174E-01 -3.3542163781E-01  2.9982156597E-01 -1.2549310872E+00
  4.4354450192E+00 -8.6571981775E-01 -3.2509109533E-01  3.0140622724E-01 -1.2676159728E+00
  4.4174751610E+00 -8.5168325019E-01 -3.1484145787E-01  3.0312333345E-01 -1.2777889262E+00
  4.3821887504E+00 -8.2602677159E-01 -2.9630087209E-01  3.0670116025E-01 -1.2865984759E+00
</Path of -GradDelSqRho>
<Path of -GradDelSqRho>
Starting CP# =      4
Ending CP# =      1
Number of Points =      9
  3.6925794921E+00 -4.0095502325E-01  2.1287891056E-02  9.2232097030E+00  2.7874210821E+02
  3.6903032939E+00 -3.8071627325E-01  3.5786574464E-02  1.2224035216E+01  2.4867721172E+02
  3.6880548649E+00 -3.6047605214E-01  5.0287539233E-02  1.6258622964E+01  7.5638191440E+01
  3.6858218666E+00 -3.4023504230E-01  6.4789788381E-02  2.1687531641E+01 -4.3653997804E+02
  3.6835962682E+00 -3.1999365732E-01  7.9292651659E-02  2.8959825610E+01 -1.4796966850E+03
  3.6813788508E+00 -2.9975188229E-01  9.3796223254E-02  3.8724517326E+01 -3.5193353179E+03
  3.6791768522E+00 -2.7950941920E-01  1.0830118355E-01  5.2000160725E+01 -9.4405786968E+03
  3.6769835278E+00 -2.5926657838E-01  1.2280693141E-01  6.9804013593E+01 -2.2703913036E+04
  3.6726999153E+00 -2.1946122720E-01  1.5133273264E-01  1.2094150805E+02 -7.4487852177E+05
</Path of -GradDelSqRho>
<Path of -GradDelSqRho>
Starting CP# =      4
Ending CP# =     22
Number of Points =     52
  3.6925794921E+00 -4.0095502325E-01  2.1287891056E-02  9.2232097030E+00  2.7874210821E+02
  3.6948904950E+00 -4.2119182712E-01  6.7919976939E-03  6.9804420175E+00  2.6664647625E+02
  3.6972298614E+00 -4.4142690908E-01 -7.7017524015E-03  5.2982052120E+00  2.4227342956E+02
  3.6995809669E+00 -4.6166114039E-01 -2.2194791522E-02  4.0360014164E+00  2.1156247290E+02
  3.7019382899E+00 -4.8189482171E-01 -3.6687588491E-02  3.0906496887E+00  1.7759761841E+02
  3.7043055466E+00 -5.0212770929E-01 -5.1179874068E-02  2.3839777488E+00  1.4411128282E+02
  3.7066897812E+00 -5.2235932373E-01 -6.5671153012E-02  1.8561660715E+00  1.1412513165E+02
  3.7090995764E+00 -5.4258903932E-01 -8.0160853391E-02  1.4617678264E+00  8.9077818777E+01
  3.7115448234E+00 -5.6281608116E-01 -9.4648344745E-02  1.1666941332E+00  6.9045026705E+01
  3.7140364900E+00 -5.8303952042E-01 -1.0913295292E-01  9.4562675633E-01  5.3364686790E+01
  3.7165861479E+00 -6.0325828526E-01 -1.2361399052E-01  7.7982700435E-01  4.1162993597E+01
  3.7192056648E+00 -6.2347116108E-01 -1.3809077529E-01  6.5538996926E-01  3.1642325729E+01
  3.7219076035E+00 -6.4367673423E-01 -1.5256259867E-01  5.6193393195E-01  2.4178658137E+01
  3.7247065224E+00 -6.6387324613E-01 -1.6702862875E-01  4.9165679104E-01  1.8315673201E+01
  3.7276209493E+00 -6.8405834957E-01 -1.8148775611E-01  4.3866960781E-01  1.3722241572E+01
  3.7306757543E+00 -7.0422875832E-01 -1.9593838715E-01  3.9852401354E-01  1.0149285542E+01
  3.7339049015E+00 -7.2437974746E-01 -2.1037815964E-01  3.6786959353E-01  7.3991569414E+00
  3.7373548344E+00 -7.4450440619E-01 -2.2480351294E-01  3.4419796482E-01  5.3081868998E+00
  3.7410889069E+00 -7.6459246470E-01 -2.3920898953E-01  3.2564660935E-01  3.7383794441E+00
  3.7451933529E+00 -7.8462838862E-01 -2.5358605481E-01  3.1084640266E-01  2.5738674686E+00
  3.7497853553E+00 -8.0458820604E-01 -2.6792105905E-01  2.9880313744E-01  1.7190712478E+00
  3.7550238138E+00 -8.2443412031E-01 -2.8219166746E-01  2.8880674244E-01  1.0969860514E+00
  3.7611233186E+00 -8.4410522150E-01 -2.9636054376E-01  2.8036371881E-01  6.4707994802E-01
  3.7683711834E+00 -8.6350134256E-01 -3.1036413734E-01  2.7314946705E-01  3.2283614739E-01
  3.7771448368E+00 -8.8245525940E-01 -3.2409302224E-01  2.6697798708E-01  8.9166615543E-02
  3.7879187136E+00 -9.0068729090E-01 -3.3735920033E-01  2.6178624423E-01 -8.0076029786E-02
  3.8012290996E+00 -9.1774302859E-01 -3.4985006254E-01  2.5762632636E-01 -2.0432313486E-01
  3.8175347507E+00 -9.3295063217E-01 -3.6109366624E-01  2.5464435108E-01 -2.9812207089E-01
  3.8369404554E+00 -9.4551126418E-01 -3.7051640083E-01  2.5300629264E-01 -3.7242661517E-01
  3.8589715433E+00 -9.5481930882E-01 -3.7766778157E-01  2.5276512470E-01 -4.3525648465E-01
  3.8827412638E+00 -9.6078745391E-01 -3.8245945655E-01  2.5378003105E-01 -4.9199212902E-01
  3.9073937598E+00 -9.6380503032E-01 -3.8514749036E-01  2.5578232031E-01 -5.4581415052E-01
  3.9323553729E+00 -9.6444029184E-01 -3.8612493980E-01  2.5849340405E-01 -5.9837883294E-01
  3.9573161584E+00 -9.6321934183E-01 -3.8576215440E-01  2.6168549336E-01 -6.5043862512E-01
  3.9821296487E+00 -9.6055544620E-01 -3.8435304718E-01  2.6518776011E-01 -7.0224799463E-01
  4.0067348540E+00 -9.5675439882E-01 -3.8211671794E-01  2.6887354660E-01 -7.5378792199E-01
  4.0311121125E+00 -9.5203925848E-01 -3.7921397359E-01  2.7264674723E-01 -8.0488368754E-01
  4.0552607704E+00 -9.4657367896E-01 -3.7576346345E-01  2.7643176258E-01 -8.5526764932E-01
  4.0791883833E+00 -9.4047949178E-01 -3.7185401653E-01  2.8016684018E-01 -9.0461470408E-01
  4.1029056205E+00 -9.3384907725E-01 -3.6755340105E-01  2.8379980969E-01 -9.5256413521E-01
  4.1264239412E+00 -9.2675391107E-01 -3.6291442013E-01  2.8728537727E-01 -9.9873452812E-01
  4.1497546153E+00 -9.1925048111E-01 -3.5797916332E-01  2.9058341442E-01 -1.0427350327E+00
  4.1729083958E+00 -9.1138442822E-01 -3.5278201057E-01  2.9365788327E-01 -1.0841745984E+00
  4.1958955048E+00 -9.0319348657E-01 -3.4735179775E-01  2.9647617316E-01 -1.1226699853E+00
  4.2187257684E+00 -8.9470960660E-01 -3.4171342363E-01  2.9900870640E-01 -1.1578529417E+00
  4.2414088274E+00 -8.8596051888E-01 -3.3588909899E-01  3.0122871992E-01 -1.1893767206E+00
  4.2639544008E+00 -8.7697092249E-01 -3.2989940350E-01  3.0311215924E-01 -1.2169220023E+00
  4.2863726296E+00 -8.6776344707E-01 -3.2376433288E-01  3.0463763648E-01 -1.2402022268E+00
  4.3086746064E+00 -8.5835955606E-01 -3.1750464363E-01  3.0578640654E-01 -1.2589683197E+00
  4.3308734288E+00 -8.4878070542E-01 -3.1114427515E-01  3.0654229064E-01 -1.2730127773E+00
  4.3529870886E+00 -8.3905078720E-01 -3.0471679003E-01  3.0689133543E-01 -1.2821730879E+00
  4.3821887504E+00 -8.2602677159E-01 -2.9630087209E-01  3.0670116025E-01 -1.2865984759E+00
</Path of -GradDelSqRho>
<Path of -GradDelSqRho>
Starting CP# =      6
Ending CP# =     19
Number of Points =     59
  3.5216584761E+00 -2.2140433601E-01  3.1705183169E-01  9.2156790013E+00  2.7868299437E+02
  3.5048812671E+00 -2.2159894190E-01  3.3558524183E-01  6.9738865941E+00  2.6661938718E+02
  3.4881227806E+00 -2.2178869559E-01  3.5413563533E-01  5.2921371251E+00  2.4228779004E+02
  3.4713718588E+00 -2.2197774764E-01  3.7269286779E-01  4.0300827915E+00  2.1160687532E+02
  3.4546248065E+00 -2.2216740544E-01  3.9125358620E-01  3.0846377050E+00  1.7766748713E+02
  3.4378840441E+00 -2.2235715502E-01  4.0981997679E-01  2.3776932975E+00  1.4420724961E+02
  3.4211541364E+00 -2.2254615297E-01  4.2839615609E-01  1.8494767395E+00  1.1424797874E+02
  3.4044405853E+00 -2.2273366706E-01  4.4698706769E-01  1.4545772885E+00  8.9226597166E+01
  3.3877496563E+00 -2.2291917940E-01  4.6559831085E-01  1.1589343006E+00  6.9217348976E+01
  3.3710882001E+00 -2.2310247798E-01  4.8423596402E-01  9.3725150885E-01  5.3557476764E+01
  3.3544633184E+00 -2.2328376925E-01  5.0290626664E-01  7.7080716608E-01  4.1372974224E+01
  3.3378821346E+00 -2.2346376145E-01  5.2161539851E-01  6.4570929579E-01  3.1866213619E+01
  3.3213520164E+00 -2.2364368813E-01  5.4036966130E-01  5.5158583540E-01  2.4413226087E+01
  3.3048813576E+00 -2.2382530654E-01  5.5917614435E-01  4.8064153725E-01  1.8557803298E+01
  3.2884807564E+00 -2.2401094244E-01  5.7804370828E-01  4.2699179279E-01  1.3969010232E+01
  3.2721643990E+00 -2.2420363421E-01  5.9698409094E-01  3.8619020465E-01  1.0398069065E+01
  3.2559516237E+00 -2.2440739310E-01  6.1601308147E-01  3.5488605645E-01  7.6477293054E+00
  3.2398688249E+00 -2.2462757912E-01  6.3515183923E-01  3.3056838152E-01  5.5547874737E+00
  3.2239519600E+00 -2.2487139275E-01  6.5442848272E-01  3.1136963347E-01  3.9817423828E+00
  3.2082500146E+00 -2.2514848727E-01  6.7388005859E-01  2.9591280444E-01  2.8132172341E+00
  3.1928299017E+00 -2.2547170497E-01  6.9355495330E-01  2.8319215472E-01  1.9540963991E+00
  3.1777835166E+00 -2.2585792996E-01  7.1351573160E-01  2.7248106184E-01  1.3278062813E+00
  3.1632381343E+00 -2.2632903463E-01  7.3384224379E-01  2.6326224318E-01  8.7422122377E-01
  3.1493722106E+00 -2.2691287710E-01  7.5463453176E-01  2.5517671558E-01  5.4722768064E-01
  3.1364402246E+00 -2.2764426522E-01  7.7601422558E-01  2.4798892059E-01  3.1217190953E-01
  3.1248125612E+00 -2.2856562085E-01  7.9812065918E-01  2.4156682363E-01  1.4341335103E-01
  3.1150379326E+00 -2.2972632412E-01  8.2109083515E-01  2.3587747739E-01  2.2127714502E-02
  3.1079259900E+00 -2.3117723298E-01  8.4499483840E-01  2.3099864142E-01 -6.5579648059E-02
  3.1045876541E+00 -2.3295137136E-01  8.6967398566E-01  2.2713571595E-01 -1.3022969284E-01
  3.1062089414E+00 -2.3502134436E-01  8.9448550107E-01  2.2458814953E-01 -1.8010579766E-01
  3.1133427566E+00 -2.3726363579E-01  9.1828523281E-01  2.2357495859E-01 -2.2173380908E-01
  3.1253553490E+00 -2.3950870679E-01  9.4004980482E-01  2.2402725405E-01 -2.5974422704E-01
  3.1409281135E+00 -2.4163998514E-01  9.5946133219E-01  2.2564027172E-01 -2.9687180867E-01
  3.1588639629E+00 -2.4361805031E-01  9.7674661734E-01  2.2808233818E-01 -3.3448646714E-01
  3.1783505887E+00 -2.4544746075E-01  9.9228981518E-01  2.3109876442E-01 -3.7320270151E-01
  3.1988856591E+00 -2.4714805632E-01  1.0064399550E+00  2.3451363153E-01 -4.1325886346E-01
  3.2201603987E+00 -2.4874210005E-01  1.0194678508E+00  2.3820578528E-01 -4.5470173606E-01
  3.2419798467E+00 -2.5025001641E-01  1.0315740575E+00  2.4208845646E-01 -4.9747023874E-01
  3.2642162990E+00 -2.5168944292E-01  1.0429060621E+00  2.4609606640E-01 -5.4143377741E-01
  3.2867828753E+00 -2.5307536808E-01  1.0535732772E+00  2.5017622618E-01 -5.8641075470E-01
  3.3096182963E+00 -2.5442055740E-01  1.0636581176E+00  2.5428492322E-01 -6.3217838463E-01
  3.3326778660E+00 -2.5573600568E-01  1.0732237918E+00  2.5838359822E-01 -6.7847875254E-01
  3.3559279573E+00 -2.5703134210E-01  1.0823197267E+00  2.6243735037E-01 -7.2502338472E-01
  3.3793425330E+00 -2.5831517760E-01  1.0909853637E+00  2.6641383013E-01 -7.7149739463E-01
  3.4029008840E+00 -2.5959540390E-01  1.0992528517E+00  2.7028256197E-01 -8.1756370659E-01
  3.4265861172E+00 -2.6087945869E-01  1.1071489906E+00  2.7401454300E-01 -8.6286757360E-01
  3.4503841183E+00 -2.6217457238E-01  1.1146966636E+00  2.7758202338E-01 -9.0704145321E-01
  3.4742828217E+00 -2.6348801297E-01  1.1219159151E+00  2.8095840908E-01 -9.4971021895E-01
  3.4982716829E+00 -2.6482734790E-01  1.1288247836E+00  2.8411824870E-01 -9.9049663448E-01
  3.5223412862E+00 -2.6620074727E-01  1.1354399617E+00  2.8703727850E-01 -1.0290269891E+00
  3.5464830393E+00 -2.6761736435E-01  1.1417773360E+00  2.8969250763E-01 -1.0649367797E+00
  3.5706889206E+00 -2.6908785109E-01  1.1478524489E+00  2.9206232997E-01 -1.0978763207E+00
  3.5949512438E+00 -2.7062511084E-01  1.1536809204E+00  2.9412665157E-01 -1.1275161686E+00
  3.6192623986E+00 -2.7224548380E-01  1.1592788803E+00  2.9586702287E-01 -1.1535522569E+00
  3.6436144942E+00 -2.7397077835E-01  1.1646634932E+00  2.9726676315E-01 -1.1757106541E+00
  3.6679987440E+00 -2.7583213200E-01  1.1698537552E+00  2.9831105686E-01 -1.1937518760E+00
  3.6924041394E+00 -2.7787847401E-01  1.1748720267E+00  2.9898697623E-01 -1.2074747222E+00
  3.7168136984E+00 -2.8019976480E-01  1.1797478673E+00  2.9928327757E-01 -1.2167196860E+00
  3.7532754531E+00 -2.8505647865E-01  1.1869338570E+00  2.9898912241E-01 -1.2219546807E+00
</Path of -GradDelSqRho>
<Path of -GradDelSqRho>
Starting CP# =      6
Ending CP# =      1
Number of Points =      9
  3.5216584761E+00 -2.2140433601E-01  3.1705183169E-01  9.2156790013E+00  2.7868299437E+02
  3.5384588428E+00 -2.2120244628E-01  2.9853948885E-01  1.2214815782E+01  2.4871660913E+02
  3.5552777412E+00 -2.2099420803E-01  2.8004404994E-01  1.6246713171E+01  7.6181681038E+01
  3.5721069473E+00 -2.2078226986E-01  2.6155803100E-01  2.1671631953E+01 -4.3488959267E+02
  3.5889410917E+00 -2.2056855730E-01  2.4307652926E-01  2.8938224501E+01 -1.4764612541E+03
  3.6057806833E+00 -2.2035268127E-01  2.2460001612E-01  3.8694477666E+01 -3.5110813293E+03
  3.6226305983E+00 -2.2013231582E-01  2.0613297009E-01  5.1957996433E+01 -9.4138163090E+03
  3.6394863380E+00 -2.1990935867E-01  1.8767127113E-01  6.9745914741E+01 -2.2646892857E+04
  3.6726999153E+00 -2.1946122720E-01  1.5133273264E-01  1.2094150805E+02 -7.4487852177E+05
</Path of -GradDelSqRho>
<Path of -GradDelSqRho>
Starting CP# =      9
Ending CP# =     23
Number of Points =     63
  3.5215059182E+00 -5.3986244177E-02  1.4521863150E-01  9.2148393425E+00  2.7877137229E+02
  3.5047113178E+00 -3.5479519792E-02  1.4455345517E-01  6.9728223162E+00  2.6670742372E+02
  3.4879351127E+00 -1.6956020665E-02  1.4389095843E-01  5.2908312626E+00  2.4237605562E+02
  3.4711661360E+00  1.5740028462E-03  1.4322790121E-01  4.0285137568E+00  2.1169622030E+02
  3.4544006935E+00  2.0107168610E-02  1.4256329444E-01  3.0827816289E+00  1.7775847265E+02
  3.4376411348E+00  3.8645606457E-02  1.4189733313E-01  2.3755255207E+00  1.4430034333E+02
  3.4208918738E+00  5.7193307051E-02  1.4123022412E-01  1.8469728931E+00  1.1434374687E+02
  3.4041581771E+00  7.5755004573E-02  1.4056184686E-01  1.4517141800E+00  8.9325720976E+01
  3.3874459754E+00  9.4335991191E-02  1.3989165393E-01  1.1556906972E+00  6.9320523278E+01
  3.3707616717E+00  1.1294192700E-01  1.3921858795E-01  9.3360881857E-01  5.3665274596E+01
  3.3541117956E+00  1.3157851169E-01  1.3854100157E-01  7.6674998417E-01  4.1485732654E+01
  3.3375027582E+00  1.5025125043E-01  1.3785659444E-01  6.4122577712E-01  3.1983966771E+01
  3.3209410355E+00  1.6896560220E-01  1.3716233998E-01  5.4666786160E-01  2.4535691641E+01
  3.3044338697E+00  1.8772757668E-01  1.3645433703E-01  4.7528466730E-01  1.8684415751E+01
  3.2879903158E+00  2.0654460490E-01  1.3572752693E-01  4.2119500936E-01  1.4098986877E+01
  3.2716224307E+00  2.2542648388E-01  1.3497524687E-01  3.7995548647E-01  1.0530492155E+01
  3.2553465661E+00  2.4438633143E-01  1.3418860508E-01  3.4821781170E-01  7.7816294761E+00
  3.2391848815E+00  2.6344160951E-01  1.3335565516E-01  3.2347276795E-01  5.6892174406E+00
  3.2231672856E+00  2.8261531408E-01  1.3246032896E-01  3.0385376995E-01  4.1158347428E+00
  3.2073340614E+00  3.0193740979E-01  1.3148107531E-01  2.8798384624E-01  2.9462245990E+00
  3.1917395033E+00  3.2144654267E-01  1.3038914471E-01  2.7485615871E-01  2.0854154383E+00
  3.1764570452E+00  3.4119200508E-01  1.2914645368E-01  2.6374149631E-01  1.4569894301E+00
  3.1615866620E+00  3.6123584874E-01  1.2770293554E-01  2.5411788017E-01  1.0009810866E+00
  3.1472659415E+00  3.8165490939E-01  1.2599320552E-01  2.4561843884E-01  6.7144001085E-01
  3.1336873958E+00  4.0254217154E-01  1.2393220454E-01  2.3799462131E-01  4.3388413714E-01
  3.1211267010E+00  4.2400584242E-01  1.2140930169E-01  2.3109296832E-01  2.6286763211E-01
  3.1099896832E+00  4.4616111735E-01  1.1828061318E-01  2.2484532870E-01  1.3981050975E-01
  3.1008873588E+00  4.6909974481E-01  1.1436200462E-01  2.1927446598E-01  5.1150708138E-02
  3.0947315695E+00  4.9279943114E-01  1.0943646983E-01  2.1451637482E-01 -1.3184374802E-02
  3.0927492199E+00  5.1691504747E-01  1.0331840484E-01  2.1084137532E-01 -6.0996564570E-02
  3.0961010920E+00  5.4053009609E-01  9.6024985906E-02  2.0858996013E-01 -9.8617478078E-02
  3.1050020839E+00  5.6237787559E-01  8.7918412556E-02  2.0793612039E-01 -1.3105279511E-01
  3.1184211417E+00  5.8167751247E-01  7.9511623971E-02  2.0871228144E-01 -1.6170068927E-01
  3.1349324181E+00  5.9845752438E-01  7.1154022390E-02  2.1056643128E-01 -1.9244898588E-01
  3.1534331311E+00  6.1313748716E-01  6.2985715167E-02  2.1317812325E-01 -2.2421515932E-01
  3.1732294409E+00  6.2616046934E-01  5.5033694625E-02  2.1632088708E-01 -2.5742372815E-01
  3.1939050635E+00  6.3787728185E-01  4.7282884054E-02  2.1984419892E-01 -2.9226333039E-01
  3.2152060930E+00  6.4854369469E-01  3.9707045200E-02  2.2364625548E-01 -3.2880225155E-01
  3.2369717132E+00  6.5834293974E-01  3.2279723463E-02  2.2765478563E-01 -3.6703815612E-01
  3.2590956657E+00  6.6740714832E-01  2.4977477413E-02  2.3181535390E-01 -4.0691956975E-01
  3.2815047923E+00  6.7583313301E-01  1.7780405845E-02  2.3608442313E-01 -4.4835524501E-01
  3.3041467634E+00  6.8369322123E-01  1.0671817262E-02  2.4042520769E-01 -4.9121829055E-01
  3.3269828192E+00  6.9104256586E-01  3.6376915272E-03  2.4480515318E-01 -5.3534811582E-01
  3.3499833240E+00  6.9792409152E-01 -3.3338508411E-03  2.4919438149E-01 -5.8055162331E-01
  3.3731249541E+00  7.0437187872E-01 -1.0253011823E-02  2.5356472452E-01 -6.2660436069E-01
  3.3963888609E+00  7.1041351461E-01 -1.7128705471E-02  2.5788912729E-01 -6.7325200292E-01
  3.4197594357E+00  7.1607175533E-01 -2.3968884877E-02  2.6214128983E-01 -7.2021235749E-01
  3.4432234552E+00  7.2136572469E-01 -3.0780821328E-02  2.6629546767E-01 -7.6717798329E-01
  3.4667694727E+00  7.2631179668E-01 -3.7571350127E-02  2.7032638061E-01 -8.1381944673E-01
  3.4903873722E+00  7.3092425901E-01 -4.4347096308E-02  2.7420919736E-01 -8.5978919081E-01
