 AIMInt (Version 19.10.12, Professional)
 Portions Copyright (c) 1997-2019 by Todd A. Keith
 AIMInt is a component of the AIMAll package ( http://aim.tkgristmill.com )

 TP:  64-bit Mac OS X

 AIMInt is a heavily modified and extended version of the PROAIMV program
 developed by members of R.F.W. Bader's research group

 Much of the Quantum Theory of Atoms in Molecules (QTAIM) is described in the book:
   "Atoms in Molecules - A Quantum Theory"
   R.F.W. Bader, Oxford University Press, Oxford, 1990

 For additional references see:  http://aim.tkgristmill.com/references.html

 Current Directory:  /Users/chemlab/Documents/SubstituentCoding/GraphParametrization/InputGeneration

 Inp File:  HC-C-C-CO_wb97xd_aug-cc-pvtz_atomicfiles/c3.inp
 Wfx File:  HC-C-C-CO_wb97xd_aug-cc-pvtz.wfx
 Out File:  HC-C-C-CO_wb97xd_aug-cc-pvtz_atomicfiles/c3.int

 Wfx Title:   opt freq on HC-C-C-CO_wb97xd_aug-cc-pvtz generated by trim_r_groups           
 Job Title:   opt freq on HC-C-C-CO_wb97xd_aug-cc-pvtz generated by trim_r_groups           
 
<Atom>
C3      
</Atom>
<Nuclei of Molecule>
    15
C1         6.0          -7.8917298359E-01  -1.7281101878E-02   5.9581634580E-01
O2         8.0           1.3122773675E+00  -1.1212588047E+00  -6.4290463087E-01
C3         6.0          -1.1962071689E+00   2.7225901714E+00  -1.8953642964E-01
C4         6.0          -3.0575350093E+00  -1.6519644685E+00  -2.8284338493E-02
H5         1.0          -4.4935892623E-01  -8.3122977510E-02   2.6449821162E+00
H6         1.0          -2.8672341994E+00   3.4863441823E+00   7.4291015557E-01
H7         1.0          -1.4750754071E+00   2.8362606678E+00  -2.2289566013E+00
H8         1.0           4.0206500491E-01   3.9160950267E+00   3.2040955634E-01
H9         1.0          -3.4105473992E+00  -1.6262781454E+00  -2.0588549566E+00
H10        1.0          -2.7228154026E+00  -3.5985543909E+00   5.4834461016E-01
H11        1.0          -4.7384235145E+00  -9.5426284973E-01   9.3623323566E-01
C12        6.0           3.6727001988E+00  -2.1946113400E-01   1.5133281806E-01
H13        1.0           3.8730351917E+00  -3.4061090150E-01   2.2116139136E+00
H14        1.0           4.0074255380E+00   1.7395844271E+00  -4.2579864042E-01
H15        1.0           5.1039999526E+00  -1.4086854029E+00  -7.2361671662E-01
</Nuclei of Molecule>
<Total Number of CPs of DelSqRho>
    42
</Total Number of CPs of DelSqRho>
<Number of (3,+3) CPs of DelSqRho>
     5
</Number of (3,+3) CPs of DelSqRho>
<Number of (3,+1) CPs of DelSqRho>
    14
</Number of (3,+1) CPs of DelSqRho>
<Number of (3,-1) CPs of DelSqRho>
    16
</Number of (3,-1) CPs of DelSqRho>
<Number of (3,-3) CPs of DelSqRho>
     7
</Number of (3,-3) CPs of DelSqRho>
<Number of Degenerate CPs of DelSqRho>
     0
</Number of Degenerate CPs of DelSqRho>
<CP of DelSqRho>
CP# = 1       
Type = (3,+3)
Coords = -1.19620716732941E+00  2.72259018525364E+00 -1.89536413384867E-01
DistFromNuc =  2.1425556245E-08
Rho =  1.2094284820E+02
DelSqRho = -7.4490922281E+05
GradDelSqRho = -8.3837278453E-07  3.4732029235E-06  1.1036809155E-07
HessDelSqRho_EigVals =  1.5958843180E+10  1.5958843220E+10  1.5958843776E+10
HessDelSqRho_EigVec1 =  8.5622202604E-01  2.6421602587E-02 -5.1593191513E-01
HessDelSqRho_EigVec2 =  4.8047069073E-01  3.2622729499E-01  8.1407841597E-01
HessDelSqRho_EigVec3 = -1.8982032945E-01  9.4492203431E-01 -2.6662818982E-01
</CP of DelSqRho>
<CP of DelSqRho>
CP# = 2       
Type = (3,+1)
Coords = -9.85245153630016E-01  1.36396135165552E+00  1.91503562466291E-01
DistFromNuc =  1.4267335831E+00
Rho =  2.5378282630E-01
DelSqRho = -6.5386303141E-01
GradDelSqRho = -9.5826124813E-13  2.8410468422E-12 -1.4911682999E-13
HessDelSqRho_EigVals = -5.5011593596E+00  4.4666758912E+00  4.5601711967E+00
HessDelSqRho_EigVec1 = -1.4560941672E-01  9.5309836504E-01 -2.6533262959E-01
HessDelSqRho_EigVec2 =  8.1660943593E-01  2.6718822406E-01  5.1162435642E-01
HessDelSqRho_EigVec3 = -5.5852209170E-01  1.4217580486E-01  8.1721423971E-01
</CP of DelSqRho>
<CP of DelSqRho>
CP# = 3       
Type = (3,+1)
Coords = -1.37224610545735E+00  2.79025196868769E+00 -1.47476609402255E+00
DistFromNuc =  1.2989931163E+00
Rho =  2.8381212196E-01
DelSqRho = -1.0887367905E+00
GradDelSqRho = -9.1593399532E-16  2.2204460493E-16 -5.5511151231E-16
HessDelSqRho_EigVals = -8.2426243821E+00  8.2037133611E+00  8.2265521213E+00
HessDelSqRho_EigVec1 =  1.3573448140E-01 -6.1256279610E-02  9.8884974529E-01
HessDelSqRho_EigVec2 =  9.9044829945E-01 -1.6045232148E-02 -1.3694786104E-01
HessDelSqRho_EigVec3 =  2.4255240191E-02  9.9799309553E-01  5.8493286706E-02
</CP of DelSqRho>
<CP of DelSqRho>
CP# = 4       
Type = (3,-1)
Coords = -1.38915886620111E+00  2.73006221453831E+00 -3.02729554841980E-01
DistFromNuc =  2.2382777422E-01
Rho =  9.2404177212E+00
DelSqRho =  2.8105674450E+02
GradDelSqRho = -1.1901590824E-12  1.7124079932E-12  3.9683811792E-12
HessDelSqRho_EigVals = -5.8953549753E+04 -2.9697586088E+01  2.4071595643E+01
HessDelSqRho_EigVec1 =  8.6193954248E-01 -3.3399228676E-02  5.0590979100E-01
HessDelSqRho_EigVec2 = -4.8796112607E-01  2.1630419902E-01  8.4563965903E-01
HessDelSqRho_EigVec3 =  1.3767412447E-01  9.7575457212E-01 -1.7014361710E-01
</CP of DelSqRho>
<CP of DelSqRho>
CP# = 5       
Type = (3,-3)
Coords = -1.24824514653805E+00  2.91954526395954E+00 -2.82364363627606E-01
DistFromNuc =  2.2386666776E-01
Rho =  9.2327208078E+00
DelSqRho =  2.8144565295E+02
GradDelSqRho = -7.7733375292E-12  1.3169909607E-11 -3.4710012642E-12
HessDelSqRho_EigVals = -5.8874436653E+04 -4.6333869993E+01 -3.7969873506E+01
HessDelSqRho_EigVec1 = -2.3252853186E-01  8.7963377770E-01 -4.1493963296E-01
HessDelSqRho_EigVec2 = -6.6928691576E-02  4.1115039759E-01  9.0910719984E-01
HessDelSqRho_EigVec3 =  9.7028399560E-01  2.3916472920E-01 -3.6731460517E-02
</CP of DelSqRho>
<CP of DelSqRho>
CP# = 6       
Type = (3,+1)
Coords = -1.21797559116154E+00  2.70137338395575E+00 -4.11242484990697E-01
DistFromNuc =  2.2378022981E-01
Rho =  9.2485443443E+00
DelSqRho =  2.8081101527E+02
GradDelSqRho = -7.1054273576E-15 -3.9079850467E-14  3.2613911571E-12
HessDelSqRho_EigVals = -5.9083557611E+04  2.4384494223E+01  3.7712351206E+01
HessDelSqRho_EigVec1 =  9.7306412006E-02  9.4824455598E-02  9.9072689718E-01
HessDelSqRho_EigVec2 = -9.4273020730E-01 -3.1032856194E-01  1.2229448019E-01
HessDelSqRho_EigVec3 = -3.1904736079E-01  9.4588821024E-01 -5.9196919778E-02
</CP of DelSqRho>
<CP of DelSqRho>
CP# = 7       
Type = (3,+1)
Coords = -1.34509010659397E+00  2.80034657226475E+00 -4.15412172375609E-02
DistFromNuc =  2.2386328397E-01
Rho =  9.2426761209E+00
DelSqRho =  2.8051431164E+02
GradDelSqRho =  3.5598191062E-12 -2.9842794902E-13 -1.3216094885E-12
HessDelSqRho_EigVals = -5.8860544011E+04  2.0193459509E+01  4.5156756809E+01
HessDelSqRho_EigVec1 =  6.6531578922E-01 -3.4726782887E-01 -6.6087817005E-01
HessDelSqRho_EigVec2 =  7.2707945032E-01  5.0231287774E-01  4.6801415127E-01
HessDelSqRho_EigVec3 = -1.6944135724E-01  7.9188814102E-01 -5.8668799081E-01
</CP of DelSqRho>
<CP of DelSqRho>
CP# = 8       
Type = (3,+1)
Coords = -1.03794363617374E+00  2.84839700711898E+00 -9.34042328087528E-02
DistFromNuc =  2.2386626583E-01
Rho =  9.2431992725E+00
DelSqRho =  2.8043100785E+02
GradDelSqRho = -2.5437429940E-12 -3.2427394103E-12  1.1999290450E-12
HessDelSqRho_EigVals = -5.8849429986E+04  2.5778500169E+01  5.0319305359E+01
HessDelSqRho_EigVec1 =  7.0713047426E-01  5.6193304394E-01  4.2918264935E-01
HessDelSqRho_EigVec2 = -6.3224348988E-01  2.3071474614E-01  7.3962076459E-01
HessDelSqRho_EigVec3 =  3.1659858162E-01 -7.9435631806E-01  5.1842393664E-01
</CP of DelSqRho>
<CP of DelSqRho>
CP# = 9       
Type = (3,-1)
Coords = -1.06371700861895E+00  2.78723661621979E+00 -3.57961747413538E-01
DistFromNuc =  2.2383005398E-01
Rho =  9.2408824274E+00
DelSqRho =  2.8098778417E+02
GradDelSqRho = -5.7731597281E-13  6.7412742055E-13 -2.6298963007E-12
HessDelSqRho_EigVals = -5.8946859169E+04 -2.7331049126E+01  3.1015607960E+01
HessDelSqRho_EigVec1 = -5.9173464715E-01 -2.8873154824E-01  7.5265144683E-01
HessDelSqRho_EigVec2 =  6.3327512863E-01  4.1122473304E-01  6.5563467754E-01
HessDelSqRho_EigVec3 = -4.9881130582E-01  8.6459719638E-01 -6.0489413954E-02
</CP of DelSqRho>
<CP of DelSqRho>
CP# = 10      
Type = (3,-3)
Coords = -1.05227874362266E+00  2.55640276713928E+00 -2.31439629715475E-01
DistFromNuc =  2.2380688799E-01
Rho =  9.2395136138E+00
DelSqRho =  2.8138310864E+02
GradDelSqRho =  5.9259264162E-12 -1.2079226508E-13  1.6733281427E-12
HessDelSqRho_EigVals = -5.9032554420E+04 -2.2256178279E+01 -1.5827815540E+01
HessDelSqRho_EigVec1 = -6.4281236264E-01  7.4281486101E-01  1.8713190188E-01
HessDelSqRho_EigVec2 =  6.4794973531E-01  3.9695125016E-01  6.5006987741E-01
HessDelSqRho_EigVec3 = -4.0859932324E-01 -5.3912502007E-01  7.3647186354E-01
</CP of DelSqRho>
<CP of DelSqRho>
CP# = 11      
Type = (3,-1)
Coords = -1.21125298733934E+00  2.85769569214031E+00 -1.16203688813025E-02
DistFromNuc =  2.2390623722E-01
Rho =  9.2367151971E+00
DelSqRho =  2.8058991383E+02
GradDelSqRho =  3.1619151741E-13  3.8760106236E-12  2.0188295480E-12
HessDelSqRho_EigVals = -5.8733589380E+04 -1.6158983874E+01  4.1076180611E+01
HessDelSqRho_EigVec1 = -6.7321631579E-02  6.0348901124E-01  7.9452426724E-01
HessDelSqRho_EigVec2 =  9.7526375532E-01  2.0784650478E-01 -7.5235882518E-02
HessDelSqRho_EigVec3 = -2.1054312026E-01  7.6980571820E-01 -6.0255352521E-01
</CP of DelSqRho>
<CP of DelSqRho>
CP# = 12      
Type = (3,-3)
Coords = -1.27481788427729E+00  2.51416461990258E+00 -2.11080533475353E-01
DistFromNuc =  2.2379679063E-01
Rho =  9.2416209634E+00
DelSqRho =  2.8129896321E+02
GradDelSqRho =  1.8776091792E-12  5.0732751333E-12  3.6859404418E-14
HessDelSqRho_EigVals = -5.9055639590E+04 -1.6295162419E+01 -3.6649731449E+00
HessDelSqRho_EigVec1 =  3.5091836928E-01  9.3144899442E-01  9.6224055679E-02
HessDelSqRho_EigVec2 = -1.2728801171E-01 -5.4356408510E-02  9.9037525359E-01
HessDelSqRho_EigVec3 =  9.2771442814E-01 -3.5978903770E-01  9.9487628272E-02
</CP of DelSqRho>
<CP of DelSqRho>
CP# = 13      
Type = (3,-1)
Coords = -3.42946180859748E-01  2.36512486776544E+00 -6.73313824886917E-01
DistFromNuc =  1.0439714197E+00
Rho =  1.6704566700E-01
DelSqRho =  7.3506950651E-02
GradDelSqRho =  2.2204460493E-16 -2.3592239273E-16  8.8817841970E-16
HessDelSqRho_EigVals = -1.5386309887E+00 -1.2959456670E+00  8.6234078154E+00
HessDelSqRho_EigVec1 =  1.2463170046E-01  8.8998268406E-01 -4.3863169209E-01
HessDelSqRho_EigVec2 =  5.6559599221E-01  2.9949325675E-01  7.6837813787E-01
HessDelSqRho_EigVec3 =  8.1521047150E-01 -3.4385260102E-01 -4.6604428537E-01
</CP of DelSqRho>
<CP of DelSqRho>
CP# = 14      
Type = (3,-1)
Coords = -2.03083528552195E+00  2.15781902701674E+00 -4.57759312446657E-01
DistFromNuc =  1.0428394188E+00
Rho =  1.6879566721E-01
DelSqRho =  7.3588123318E-02
GradDelSqRho = -1.9428902931E-15 -1.8318679906E-15  1.5265566589E-16
HessDelSqRho_EigVals = -1.5814549359E+00 -1.3226635008E+00  8.7074139952E+00
HessDelSqRho_EigVec1 = -4.2761113776E-01  8.1693114589E-01 -3.8700415726E-01
HessDelSqRho_EigVec2 = -4.2137704665E-01  1.9862357883E-01  8.8486725473E-01
HessDelSqRho_EigVec3 =  7.9974377110E-01  5.4145376238E-01  2.5930237905E-01
</CP of DelSqRho>
<CP of DelSqRho>
CP# = 15      
Type = (3,-1)
Coords = -1.36410962395869E+00  3.72458519072587E+00 -4.85109976342472E-01
DistFromNuc =  1.0580874135E+00
Rho =  1.6187415010E-01
DelSqRho =  9.4256266910E-02
GradDelSqRho =  4.5524695125E-13 -4.1627812308E-13 -1.0835984887E-12
HessDelSqRho_EigVals = -1.2825689807E+00 -1.2493182523E+00  7.6167448691E+00
HessDelSqRho_EigVec1 =  4.2300686473E-01  3.2006711278E-01  8.4771589327E-01
HessDelSqRho_EigVec2 =  8.9226799137E-01  1.5862876455E-02 -4.5122743791E-01
HessDelSqRho_EigVec3 = -1.5787027574E-01  9.4726206114E-01 -2.7887553419E-01
</CP of DelSqRho>
<CP of DelSqRho>
CP# = 16      
Type = (3,-1)
Coords = -1.05243256960849E+00  2.68394776707982E+00  8.47449320090703E-01
DistFromNuc =  1.0476181632E+00
Rho =  1.6563447465E-01
DelSqRho =  8.2192397599E-02
GradDelSqRho =  1.8318679906E-15  1.0769163339E-14 -1.2705114738E-13
HessDelSqRho_EigVals = -1.5531387640E+00 -1.2845119519E+00  8.3376952915E+00
HessDelSqRho_EigVec1 = -3.1237873826E-02  9.9871806736E-01  3.9829852605E-02
HessDelSqRho_EigVec2 =  9.8993452337E-01  3.6417282844E-02 -1.3676045095E-01
HessDelSqRho_EigVec3 =  1.3803562827E-01 -3.5156840443E-02  9.8980309249E-01
</CP of DelSqRho>
<CP of DelSqRho>
CP# = 17      
Type = (3,+1)
Coords = -1.18520004600949E+00  1.95952646920694E+00 -8.27229671478231E-01
DistFromNuc =  9.9450492257E-01
Rho =  2.1212580230E-01
DelSqRho = -1.9403652505E-01
GradDelSqRho =  6.4948046941E-15  4.0523140399E-15  3.5083047578E-14
HessDelSqRho_EigVals = -3.4483901042E+00  1.4838942190E+00  1.4744506860E+01
HessDelSqRho_EigVec1 =  1.7336445544E-01 -6.3810529780E-01  7.5017757532E-01
HessDelSqRho_EigVec2 = -9.8480946794E-01 -1.1986160334E-01  1.2563243175E-01
HessDelSqRho_EigVec3 = -9.7507666892E-03  7.6056217693E-01  6.4919188040E-01
</CP of DelSqRho>
<CP of DelSqRho>
CP# = 18      
Type = (3,+1)
Coords = -1.21822173970653E+00  3.49533170067677E+00  4.43581788531564E-01
DistFromNuc =  9.9922609584E-01
Rho =  2.0966578152E-01
DelSqRho = -1.7226000497E-01
GradDelSqRho = -7.7715611724E-16  1.2212453271E-15  1.6237011735E-15
HessDelSqRho_EigVals = -3.4988348899E+00  1.4314461865E+00  1.4168762331E+01
HessDelSqRho_EigVec1 =  9.8349581938E-01  1.3001748023E-01 -1.2582300304E-01
HessDelSqRho_EigVec2 =  1.7974106419E-01 -6.2247504873E-01  7.6172039723E-01
HessDelSqRho_EigVec3 = -2.0715286744E-02  7.7176438668E-01  6.3557108835E-01
</CP of DelSqRho>
<CP of DelSqRho>
CP# = 19      
Type = (3,+1)
Coords = -1.78707935822469E+00  2.22846735137471E+00  4.44796186945647E-01
DistFromNuc =  9.9783023298E-01
Rho =  2.0962605165E-01
DelSqRho = -1.8638956170E-01
GradDelSqRho = -1.7763568394E-15 -1.3877787808E-15  7.4940054162E-16
HessDelSqRho_EigVals = -3.3272945571E+00  1.4556807734E+00  1.4381021804E+01
HessDelSqRho_EigVec1 = -5.6783951368E-01  8.1761523149E-01  9.5203045909E-02
HessDelSqRho_EigVec2 = -5.6628271229E-01 -3.0408681130E-01 -7.6606468458E-01
HessDelSqRho_EigVec3 =  5.9739616376E-01  4.8891363699E-01 -6.3567387794E-01
</CP of DelSqRho>
<CP of DelSqRho>
CP# = 20      
Type = (3,+1)
Coords = -6.10909178640300E-01  3.21853948005522E+00 -8.30350667985738E-01
DistFromNuc =  9.9959108751E-01
Rho =  2.0823995782E-01
DelSqRho = -1.6453876771E-01
GradDelSqRho = -8.8817841970E-16 -4.0245584643E-16  2.1094237468E-15
HessDelSqRho_EigVals = -3.4508765527E+00  1.3644292776E+00  1.4069770250E+01
HessDelSqRho_EigVec1 = -5.6357299236E-01 -3.1962580550E-01 -7.6172490228E-01
HessDelSqRho_EigVec2 = -5.8107595355E-01  8.0879746519E-01  9.0539474848E-02
HessDelSqRho_EigVec3 =  5.8714241756E-01  4.9364562670E-01 -6.4154327738E-01
</CP of DelSqRho>
<CP of DelSqRho>
CP# = 21      
Type = (3,+1)
Coords = -3.60761534235606E-01  2.40710421787453E+00  2.59994991467311E-01
DistFromNuc =  9.9978962483E-01
Rho =  2.0724266683E-01
DelSqRho = -1.7670095085E-01
GradDelSqRho =  1.1102230246E-15 -1.6930901126E-15 -4.4408920985E-16
HessDelSqRho_EigVals = -3.3169798877E+00  1.4109086178E+00  1.4148528708E+01
HessDelSqRho_EigVec1 =  3.5485989015E-01  9.3450919217E-01 -2.7695272386E-02
HessDelSqRho_EigVec2 = -4.1152372018E-01  1.8272926962E-01  8.9289318608E-01
HessDelSqRho_EigVec3 =  8.3947762691E-01 -3.0545471640E-01  4.4941598785E-01
</CP of DelSqRho>
<CP of DelSqRho>
CP# = 22      
Type = (3,+1)
Coords = -2.02881360389031E+00  3.03847355333306E+00 -6.44735140921439E-01
DistFromNuc =  1.0001108205E+00
Rho =  2.0814461921E-01
DelSqRho = -1.6659610025E-01
GradDelSqRho = -2.3070434452E-13  2.2148949341E-14  5.7709392820E-13
HessDelSqRho_EigVals = -3.4234118270E+00  1.3883426092E+00  1.4063693762E+01
HessDelSqRho_EigVec1 = -4.1455545650E-01  1.9222015431E-01  8.8949153215E-01
HessDelSqRho_EigVec2 =  3.6552634849E-01  9.3029520099E-01 -3.0681061979E-02
HessDelSqRho_EigVec3 =  8.3338722215E-01 -3.1241359011E-01  4.5592048284E-01
</CP of DelSqRho>
<CP of DelSqRho>
CP# = 23      
Type = (3,+3)
Coords = -1.04645711603477E+00  1.76933067673241E+00  7.80245384831067E-02
DistFromNuc =  1.0013578851E+00
Rho =  2.8117984462E-01
DelSqRho = -9.1608256433E-01
GradDelSqRho =  8.8817841970E-16 -1.3322676296E-15  2.1649348980E-15
HessDelSqRho_EigVals =  4.6003201549E+00  4.6290720697E+00  1.3880795444E+01
HessDelSqRho_EigVec1 =  9.1182766167E-01  2.3679921550E-01  3.3540490002E-01
HessDelSqRho_EigVec2 = -3.8233145878E-01  1.9197985665E-01  9.0386193098E-01
HessDelSqRho_EigVec3 = -1.4964281155E-01  9.5240215570E-01 -2.6558833328E-01
</CP of DelSqRho>
<CP of DelSqRho>
CP# = 24      
Type = (3,+3)
Coords = -2.06540759561990E+00  3.11095070873473E+00  2.98796963237274E-01
DistFromNuc =  1.0699545744E+00
Rho =  2.9142101449E-01
DelSqRho = -1.1465552134E+00
GradDelSqRho = -6.6613381478E-16  1.4571677198E-15  1.1102230246E-16
HessDelSqRho_EigVals =  6.9916794707E+00  7.0603541725E+00  7.3671629378E+00
HessDelSqRho_EigVec1 = -2.6964067258E-01  9.6217679793E-01 -3.8855079686E-02
HessDelSqRho_EigVec2 =  5.9979416623E-01  1.9937949546E-01  7.7491597928E-01
HessDelSqRho_EigVec3 =  7.5335308179E-01  1.8564381572E-01 -6.3086885153E-01
</CP of DelSqRho>
<CP of DelSqRho>
CP# = 25      
Type = (3,+3)
Coords = -1.34030095501884E+00  2.77385130000604E+00 -1.24456402886187E+00
DistFromNuc =  1.0660553258E+00
Rho =  2.9270463924E-01
DelSqRho = -1.1564874525E+00
GradDelSqRho = -1.6098233857E-15 -1.3322676296E-15 -2.3592239273E-15
HessDelSqRho_EigVals =  7.0815562899E+00  7.1037236276E+00  7.5449277781E+00
HessDelSqRho_EigVec1 =  4.5166036035E-01 -8.3640577081E-01  3.1052907344E-01
HessDelSqRho_EigVec2 =  8.8877410488E-01  3.9137178876E-01 -2.3855547247E-01
HessDelSqRho_EigVec3 =  7.7996854899E-02  3.8373624995E-01  9.2014291341E-01
</CP of DelSqRho>
<CP of DelSqRho>
CP# = 26      
Type = (3,+3)
Coords = -3.62344788415056E-01  3.33309055204116E+00  7.80858870148001E-02
DistFromNuc =  1.0675480733E+00
Rho =  2.9277436172E-01
DelSqRho = -1.1575437402E+00
GradDelSqRho = -2.6584290325E-13 -1.9462209622E-13 -8.5619011880E-14
HessDelSqRho_EigVals =  7.0684249870E+00  7.1219153124E+00  7.5091394027E+00
HessDelSqRho_EigVec1 = -2.8091464925E-01  9.0256750330E-01  3.2628034238E-01
HessDelSqRho_EigVec2 = -3.2700537338E-01 -4.0964080151E-01  8.5162309710E-01
HessDelSqRho_EigVec3 =  9.0230507347E-01  1.3253797843E-01  4.1021852549E-01
</CP of DelSqRho>
<CP of DelSqRho>
CP# = 27      
Type = (3,-3)
Coords = -1.41626969051948E+00  4.10961461477944E+00 -5.82078911920232E-01
DistFromNuc =  1.4582022906E+00
Rho =  8.2358323350E-02
DelSqRho =  2.0058142478E-01
GradDelSqRho = -2.2204460493E-15  5.6898930012E-15 -1.5612511284E-15
HessDelSqRho_EigVals = -1.7292093898E+00 -7.7283214598E-02 -7.1505272863E-02
HessDelSqRho_EigVec1 = -1.5750433523E-01  9.4745889094E-01 -2.7841342345E-01
HessDelSqRho_EigVec2 =  1.7733133623E-01  3.0448566562E-01  9.3586434734E-01
HessDelSqRho_EigVec3 =  9.7146589316E-01  9.8031267490E-02 -2.1597196351E-01
</CP of DelSqRho>
<CP of DelSqRho>
CP# = 28      
Type = (3,-1)
Coords = -1.20276203230533E+00  1.52723003440185E+00 -1.29849847021417E+00
DistFromNuc =  1.6305599133E+00
Rho =  8.4215386861E-02
DelSqRho =  1.8474525580E-01
GradDelSqRho = -2.0816681712E-17  2.5673907444E-16 -6.2450045135E-17
HessDelSqRho_EigVals = -1.4553337954E+00 -2.9733513951E-01  4.4595059835E-02
HessDelSqRho_EigVec1 = -8.8412699440E-03  7.8419535024E-01  6.2045103321E-01
HessDelSqRho_EigVec2 =  1.6431227221E-01 -6.1090203906E-01  7.7446767258E-01
HessDelSqRho_EigVec3 =  9.8636874907E-01  1.0879499682E-01 -1.2345177002E-01
</CP of DelSqRho>
<CP of DelSqRho>
CP# = 29      
Type = (3,-1)
Coords =  2.06160969855725E-01  2.29819829748197E+00  5.14043956015316E-01
DistFromNuc =  1.6253523367E+00
Rho =  8.3631399077E-02
DelSqRho =  1.7857334506E-01
GradDelSqRho = -1.8803014701E-12  7.9736217629E-13 -4.1844305798E-13
HessDelSqRho_EigVals = -1.4451265470E+00 -2.7591073993E-01  5.0091059670E-02
HessDelSqRho_EigVec1 =  8.3327471704E-01 -3.4864812154E-01  4.2906611762E-01
HessDelSqRho_EigVec2 =  3.8893893743E-01  9.2123865942E-01 -6.7701801977E-03
HessDelSqRho_EigVec3 = -3.9291188439E-01  1.7252193986E-01  9.0324771319E-01
</CP of DelSqRho>
<CP of DelSqRho>
CP# = 30      
Type = (3,-1)
Coords = -2.16683290470470E+00  1.98723366967031E+00  8.91212121447644E-01
DistFromNuc =  1.6281526140E+00
Rho =  8.4011514940E-02
DelSqRho =  1.7941903618E-01
GradDelSqRho = -1.2490009027E-16 -3.4694469520E-17  4.1633363423E-17
HessDelSqRho_EigVals = -1.4283123881E+00 -2.2319334984E-01  4.7582521931E-02
HessDelSqRho_EigVec1 = -5.6479189084E-01 -4.7828207040E-01  6.7250009753E-01
HessDelSqRho_EigVec2 =  5.7281738729E-01 -8.1383650426E-01 -9.7726072000E-02
HessDelSqRho_EigVec3 =  5.9404575654E-01  3.3002485583E-01  7.3361654403E-01
</CP of DelSqRho>
<CP of DelSqRho>
CP# = 31      
Type = (3,-3)
Coords = -9.66572121781596E-01  2.61185626305481E+00  1.25858890781299E+00
DistFromNuc =  1.4703949287E+00
Rho =  8.1212682848E-02
DelSqRho =  2.0733742059E-01
GradDelSqRho = -1.3183898417E-16 -4.8572257327E-17  5.5511151231E-17
HessDelSqRho_EigVals = -1.7527393828E+00 -1.9324425172E-01 -8.8690324278E-02
HessDelSqRho_EigVec1 =  1.3838416497E-01 -4.0625957019E-03  9.9037029348E-01
HessDelSqRho_EigVec2 = -1.1831500160E-01  9.9276231482E-01  2.0604530192E-02
HessDelSqRho_EigVec3 =  9.8328601296E-01  1.2002700356E-01 -1.3690191793E-01
</CP of DelSqRho>
<CP of DelSqRho>
CP# = 32      
Type = (3,-3)
Coords = -2.33359723818745E+00  1.85537383565186E+00 -5.64868771542805E-01
DistFromNuc =  1.4787138701E+00
Rho =  8.1084802008E-02
DelSqRho =  2.0953639007E-01
GradDelSqRho =  3.6082248300E-16  6.3143934526E-16 -6.2450045135E-17
HessDelSqRho_EigVals = -1.7462046943E+00 -2.0100116699E-01 -8.0873060193E-02
HessDelSqRho_EigVec1 =  8.1348356293E-01  5.1001421010E-01  2.7951743835E-01
HessDelSqRho_EigVec2 = -3.9365863827E-01  8.3663819859E-01 -3.8087977259E-01
HessDelSqRho_EigVec3 = -4.2810906246E-01  1.9980498030E-01  8.8136292212E-01
</CP of DelSqRho>
<CP of DelSqRho>
CP# = 33      
Type = (3,-1)
Coords = -1.50943588784555E-01  3.34676672024752E+00 -1.21700992611794E+00
DistFromNuc =  1.5930706519E+00
Rho =  8.4993946994E-02
DelSqRho =  1.7746949217E-01
GradDelSqRho = -3.9879835545E-12  3.8968828164E-13  2.7597958641E-12
HessDelSqRho_EigVals = -1.6427620649E+00 -1.2607415962E-01  2.5755561102E-02
HessDelSqRho_EigVec1 =  6.7726118090E-01  3.4269696942E-01 -6.5105766257E-01
HessDelSqRho_EigVec2 =  5.7111806825E-01  3.1299287233E-01  7.5885414540E-01
HessDelSqRho_EigVec3 = -4.6383342373E-01  8.8577324921E-01 -1.6257491157E-02
</CP of DelSqRho>
<CP of DelSqRho>
CP# = 34      
Type = (3,-1)
Coords = -1.20236314120344E+00  3.86462710046484E+00  9.32383922127522E-01
DistFromNuc =  1.6009345768E+00
Rho =  8.5771098774E-02
DelSqRho =  1.7737894824E-01
GradDelSqRho =  6.9388939039E-17 -2.7755575616E-17  1.2490009027E-16
HessDelSqRho_EigVals = -1.6269660970E+00 -1.5715596110E-01  2.7133368577E-02
HessDelSqRho_EigVec1 =  2.9749232322E-03  6.8396219063E-01  7.2951139239E-01
HessDelSqRho_EigVec2 =  9.8336230610E-01  1.3050196542E-01 -1.2636380800E-01
HessDelSqRho_EigVec3 = -1.8163073743E-01  7.1774992777E-01 -6.7219440373E-01
</CP of DelSqRho>
<CP of DelSqRho>
CP# = 35      
Type = (3,-1)
Coords = -2.11238473060205E+00  1.14444004594184E+00 -1.67994356038297E-01
DistFromNuc =  1.8249392329E+00
Rho =  7.9857113811E-02
DelSqRho =  1.8099948413E-01
GradDelSqRho =  5.7713799018E-12  8.9893717470E-13  3.4205711180E-13
HessDelSqRho_EigVals = -8.9586939699E-01 -2.4437846547E-02  1.7200006287E-01
HessDelSqRho_EigVec1 =  9.3111019622E-01  2.3411348675E-01  2.7968674945E-01
HessDelSqRho_EigVec2 = -3.3945519425E-01  2.7569882863E-01  8.9931102906E-01
HessDelSqRho_EigVec3 = -1.3343153149E-01  9.3229878859E-01 -3.3617702954E-01
</CP of DelSqRho>
<CP of DelSqRho>
CP# = 36      
Type = (3,+1)
Coords = -1.15671322517657E+00  1.06367245285113E+00 -9.52868353705356E-01
DistFromNuc =  1.8265386376E+00
Rho =  8.0385329643E-02
DelSqRho =  1.7177098030E-01
GradDelSqRho =  4.6089868033E-14  1.2862454157E-13  3.2984726062E-13
HessDelSqRho_EigVals = -9.2100716436E-01  3.1376716027E-02  1.6026970851E-01
HessDelSqRho_EigVec1 =  1.1272261967E-01  3.8060000563E-01  9.1784380301E-01
HessDelSqRho_EigVec2 =  9.7936288984E-01  1.1339745760E-01 -1.6730016921E-01
HessDelSqRho_EigVec3 =  1.6775559908E-01 -9.1776067268E-01  3.5996306290E-01
</CP of DelSqRho>
<CP of DelSqRho>
CP# = 37      
Type = (3,-1)
Coords = -2.57302762021604E+00  3.11054846211990E+00 -9.02347841226638E-01
DistFromNuc =  1.5982009570E+00
Rho =  8.5365545563E-02
DelSqRho =  1.7619711790E-01
GradDelSqRho =  5.2735593670E-15 -6.5052130349E-16  2.7686186677E-15
HessDelSqRho_EigVals = -1.6266549072E+00 -1.3984893411E-01  3.0844139477E-02
HessDelSqRho_EigVec1 =  8.6467427991E-01 -2.0474041617E-01  4.5871532747E-01
HessDelSqRho_EigVec2 = -4.2080771461E-01  2.0347331447E-01  8.8403590291E-01
HessDelSqRho_EigVec3 =  2.7433420675E-01  9.5743405636E-01 -8.9781795054E-02
</CP of DelSqRho>
<CP of DelSqRho>
CP# = 38      
Type = (3,+1)
Coords =  8.78541284066535E-02  1.69204381297734E+00  6.18053957522314E-01
DistFromNuc =  1.8338597126E+00
Rho =  8.0546137533E-02
DelSqRho =  1.6448669637E-01
GradDelSqRho =  6.0448868133E-13 -2.1634777303E-13 -6.1632643433E-13
HessDelSqRho_EigVals = -8.8892859496E-01  3.3890957173E-02  1.4767302082E-01
HessDelSqRho_EigVec1 =  9.0738048123E-01  1.5350043166E-01  3.9127775271E-01
HessDelSqRho_EigVec2 = -4.0822791126E-01  1.0025295461E-01  9.0735842838E-01
HessDelSqRho_EigVec3 = -1.0005315965E-01  9.8304982710E-01 -1.5363073480E-01
</CP of DelSqRho>
<CP of DelSqRho>
CP# = 39      
Type = (3,-3)
Coords = -3.41685301133047E-02  2.11787178349553E+00 -8.75625386747377E-01
DistFromNuc =  1.4787617062E+00
Rho =  7.9921444717E-02
DelSqRho =  2.0700851359E-01
GradDelSqRho = -1.1102230246E-16  7.6327832943E-17 -2.7755575616E-17
HessDelSqRho_EigVals = -1.7433722129E+00 -1.8892412919E-01 -7.9852900866E-02
HessDelSqRho_EigVec1 =  8.1102044443E-01 -3.1502296492E-01 -4.9295676310E-01
HessDelSqRho_EigVec2 = -6.1283504661E-02 -8.8374812539E-01  4.6393273535E-01
HessDelSqRho_EigVec3 =  5.8179908110E-01  3.4604881512E-01  7.3604350876E-01
</CP of DelSqRho>
<CP of DelSqRho>
CP# = 40      
Type = (3,-1)
Coords = -1.16936838784399E-01  1.38230308774147E+00 -6.50618955942344E-01
DistFromNuc =  1.7815136845E+00
Rho =  7.5982958606E-02
DelSqRho =  1.8228661751E-01
GradDelSqRho =  6.9388939039E-17  5.5511151231E-17  2.7755575616E-17
HessDelSqRho_EigVals = -9.2250582794E-01 -4.6116462424E-02  2.4561715749E-01
HessDelSqRho_EigVec1 =  7.3608854957E-01 -1.3319385297E-01 -6.6365129754E-01
HessDelSqRho_EigVec2 =  6.6766428521E-01  3.0415263904E-01  6.7949655954E-01
HessDelSqRho_EigVec3 = -1.1134652871E-01  9.4326590615E-01 -3.1281205355E-01
</CP of DelSqRho>
<CP of DelSqRho>
CP# = 41      
Type = (3,-1)
Coords = -1.13019075000719E+00  1.69177709112037E+00  1.31666037933252E+00
DistFromNuc =  1.8263522665E+00
Rho =  8.2346076647E-02
DelSqRho =  1.7658333568E-01
GradDelSqRho = -6.6006228261E-16 -8.5001450323E-16  2.2551405188E-16
HessDelSqRho_EigVals = -9.8177225467E-01 -2.1391970626E-02  1.3929450021E-01
HessDelSqRho_EigVec1 = -1.2210555153E-01  2.3075586858E-01  9.6531961723E-01
HessDelSqRho_EigVec2 =  9.9170453824E-01  6.7713869533E-02  1.0925630737E-01
HessDelSqRho_EigVec3 = -4.0153992512E-02  9.7065264693E-01 -2.3710988148E-01
</CP of DelSqRho>
<CP of DelSqRho>
CP# = 42      
Type = (3,+1)
Coords = -1.93087536567478E+00  1.58734203575002E+00  9.26650169664642E-01
DistFromNuc =  1.7533961940E+00
Rho =  8.1780071680E-02
DelSqRho =  1.7308106157E-01
GradDelSqRho =  9.5062846484E-16  4.3368086899E-16 -6.4878658002E-16
HessDelSqRho_EigVals = -1.0246739009E+00  2.2395442658E-02  1.2699481695E-01
HessDelSqRho_EigVec1 =  6.9614111902E-01  1.6225290497E-01 -6.9932934819E-01
HessDelSqRho_EigVec2 =  6.5616148118E-01  2.5142506410E-01  7.1150372294E-01
HessDelSqRho_EigVec3 = -2.9127247214E-01  9.5417997882E-01 -6.8563219024E-02
</CP of DelSqRho>
<Path of -GradDelSqRho>
Starting CP# =      2
Ending CP# =     23
Number of Points =     18
 -9.8524515363E-01  1.3639613517E+00  1.9150356247E-01  2.5378282630E-01 -6.5386303141E-01
 -9.8888436429E-01  1.3877883046E+00  1.8486786679E-01  2.5392584334E-01 -6.5557435924E-01
 -9.9252174099E-01  1.4116142822E+00  1.7822766485E-01  2.5428766073E-01 -6.6066096268E-01
 -9.9615763754E-01  1.4354393733E+00  1.7158347291E-01  2.5486508250E-01 -6.6901454336E-01
 -9.9979232864E-01  1.4592636553E+00  1.6493572100E-01  2.5565339171E-01 -6.8047542143E-01
 -1.0034260112E+00  1.4830871970E+00  1.5828476522E-01  2.5664643010E-01 -6.9482956976E-01
 -1.0070588017E+00  1.5069100614E+00  1.5163089670E-01  2.5783670787E-01 -7.1180477350E-01
 -1.0106907292E+00  1.5307323084E+00  1.4497434737E-01  2.5921554713E-01 -7.3106599643E-01
 -1.0143217218E+00  1.5545539976E+00  1.3831529236E-01  2.6077326375E-01 -7.5221001182E-01
 -1.0179515831E+00  1.5783751912E+00  1.3165384793E-01  2.6249939283E-01 -7.7475928902E-01
 -1.0215799508E+00  1.6021959577E+00  1.2499006278E-01  2.6438296446E-01 -7.9815499036E-01
 -1.0252062228E+00  1.6260163774E+00  1.1832389793E-01  2.6641283712E-01 -8.2174868331E-01
 -1.0288294159E+00  1.6498365523E+00  1.1165518448E-01  2.6857809818E-01 -8.4479194413E-01
 -1.0324478712E+00  1.6736566245E+00  1.0498353283E-01  2.7086854252E-01 -8.6642232292E-01
 -1.0360585547E+00  1.6974768212E+00  9.8308116479E-02  2.7327524399E-01 -8.8564302277E-01
 -1.0396550243E+00  1.7212975832E+00  9.1627048447E-02  2.7579123810E-01 -9.0129194477E-01
 -1.0432188720E+00  1.7451200988E+00  8.4934777954E-02  2.7841233245E-01 -9.1199326944E-01
 -1.0464571160E+00  1.7693306767E+00  7.8024538483E-02  2.8117984462E-01 -9.1608256433E-01
</Path of -GradDelSqRho>
<Path of -GradDelSqRho>
Starting CP# =      2
Ending CP# =      0
Number of Points =    400
 -9.8524515363E-01  1.3639613517E+00  1.9150356247E-01  2.5378282630E-01 -6.5386303141E-01
 -9.8160374190E-01  1.3401333508E+00  1.9813428579E-01  2.5386023257E-01 -6.5558590934E-01
 -9.7795954851E-01  1.3163041512E+00  2.0475917057E-01  2.5415808467E-01 -6.6075355820E-01
 -9.7431193994E-01  1.2924736049E+00  2.1137732813E-01  2.5467480306E-01 -6.6932814418E-01
 -9.7066015542E-01  1.2686415321E+00  2.1798768129E-01  2.5540722844E-01 -6.8122237181E-01
 -9.6700327665E-01  1.2448077125E+00  2.2458891356E-01  2.5635066984E-01 -6.9629743651E-01
 -9.6334018392E-01  1.2209718731E+00  2.3117939897E-01  2.5749898011E-01 -7.1436006791E-01
 -9.5966949225E-01  1.1971336726E+00  2.3775710343E-01  2.5884466170E-01 -7.3515876119E-01
 -9.5598945745E-01  1.1732926783E+00  2.4431944315E-01  2.6037900619E-01 -7.5837929892E-01
 -9.5229783576E-01  1.1494483342E+00  2.5086307622E-01  2.6209227201E-01 -7.8363964506E-01
 -9.4859166879E-01  1.1255999131E+00  2.5738358659E-01  2.6397390533E-01 -8.1048422900E-01
 -9.4486694329E-01  1.1017464433E+00  2.6387498642E-01  2.6601280980E-01 -8.3837750628E-01
 -9.4111802890E-01  1.0778865923E+00  2.7032889464E-01  2.6819767120E-01 -8.6669644196E-01
 -9.3733669485E-01  1.0540184695E+00  2.7673309811E-01  2.7051734256E-01 -8.9472115134E-01
 -9.3351025693E-01  1.0301392713E+00  2.8306882773E-01  2.7296129251E-01 -9.2162226671E-01
 -9.2961771404E-01  1.0062445864E+00  2.8930503990E-01  2.7552010709E-01 -9.4644257940E-01
 -9.2562045061E-01  9.8232687454E-01  2.9538451693E-01  2.7818598050E-01 -9.6806909352E-01
 -9.2143426950E-01  9.5837164614E-01  3.0118143088E-01  2.8095282812E-01 -9.8519022910E-01
 -9.1680129648E-01  9.3434733167E-01  3.0630151946E-01  2.8381282630E-01 -9.9623598234E-01
 -9.0889139057E-01  9.1300196417E-01  3.0440202639E-01  2.8624439407E-01 -9.9954893039E-01
 -9.0911013422E-01  9.1276591131E-01  3.0489491393E-01  2.8628837891E-01 -9.9954758905E-01
 -9.0911013422E-01  9.1276591131E-01  3.0489491393E-01  2.8628837891E-01 -9.9954758905E-01
 -9.0911013422E-01  9.1276591131E-01  3.0489491393E-01  2.8628837891E-01 -9.9954758905E-01
 -9.0911013422E-01  9.1276591131E-01  3.0489491393E-01  2.8628837891E-01 -9.9954758905E-01
 -9.0911013422E-01  9.1276591131E-01  3.0489491393E-01  2.8628837891E-01 -9.9954758905E-01
 -9.0911013422E-01  9.1276591131E-01  3.0489491393E-01  2.8628837891E-01 -9.9954758905E-01
 -9.0911013422E-01  9.1276591131E-01  3.0489491393E-01  2.8628837891E-01 -9.9954758905E-01
 -9.0911013422E-01  9.1276591131E-01  3.0489491393E-01  2.8628837891E-01 -9.9954758905E-01
 -9.0911013422E-01  9.1276591131E-01  3.0489491393E-01  2.8628837891E-01 -9.9954758905E-01
 -9.0911013422E-01  9.1276591131E-01  3.0489491393E-01  2.8628837891E-01 -9.9954758905E-01
 -9.0911013422E-01  9.1276591131E-01  3.0489491393E-01  2.8628837891E-01 -9.9954758905E-01
 -9.0911013422E-01  9.1276591131E-01  3.0489491393E-01  2.8628837891E-01 -9.9954758905E-01
 -9.0911013422E-01  9.1276591131E-01  3.0489491393E-01  2.8628837891E-01 -9.9954758905E-01
 -9.0911013422E-01  9.1276591131E-01  3.0489491393E-01  2.8628837891E-01 -9.9954758905E-01
 -9.0911013422E-01  9.1276591131E-01  3.0489491393E-01  2.8628837891E-01 -9.9954758905E-01
 -9.0911013422E-01  9.1276591131E-01  3.0489491393E-01  2.8628837891E-01 -9.9954758905E-01
 -9.0911013422E-01  9.1276591131E-01  3.0489491393E-01  2.8628837891E-01 -9.9954758905E-01
 -9.0911013422E-01  9.1276591131E-01  3.0489491393E-01  2.8628837891E-01 -9.9954758905E-01
 -9.0911013422E-01  9.1276591131E-01  3.0489491393E-01  2.8628837891E-01 -9.9954758905E-01
 -9.0911013422E-01  9.1276591131E-01  3.0489491393E-01  2.8628837891E-01 -9.9954758905E-01
 -9.0911013422E-01  9.1276591131E-01  3.0489491393E-01  2.8628837891E-01 -9.9954758905E-01
 -9.0911013422E-01  9.1276591131E-01  3.0489491393E-01  2.8628837891E-01 -9.9954758905E-01
 -9.0911013422E-01  9.1276591131E-01  3.0489491393E-01  2.8628837891E-01 -9.9954758905E-01
 -9.0911013422E-01  9.1276591131E-01  3.0489491393E-01  2.8628837891E-01 -9.9954758905E-01
 -9.0911013422E-01  9.1276591131E-01  3.0489491393E-01  2.8628837891E-01 -9.9954758905E-01
 -9.0911013422E-01  9.1276591131E-01  3.0489491393E-01  2.8628837891E-01 -9.9954758905E-01
 -9.0911013422E-01  9.1276591131E-01  3.0489491393E-01  2.8628837891E-01 -9.9954758905E-01
 -9.0911013422E-01  9.1276591131E-01  3.0489491393E-01  2.8628837891E-01 -9.9954758905E-01
 -9.0911013422E-01  9.1276591131E-01  3.0489491393E-01  2.8628837891E-01 -9.9954758905E-01
 -9.0911013422E-01  9.1276591131E-01  3.0489491393E-01  2.8628837891E-01 -9.9954758905E-01
 -9.0911013422E-01  9.1276591131E-01  3.0489491393E-01  2.8628837891E-01 -9.9954758905E-01
 -9.0911013422E-01  9.1276591131E-01  3.0489491393E-01  2.8628837891E-01 -9.9954758905E-01
 -9.0911013422E-01  9.1276591131E-01  3.0489491393E-01  2.8628837891E-01 -9.9954758905E-01
 -9.0911013422E-01  9.1276591131E-01  3.0489491393E-01  2.8628837891E-01 -9.9954758905E-01
 -9.0911013422E-01  9.1276591131E-01  3.0489491393E-01  2.8628837891E-01 -9.9954758905E-01
 -9.0911013422E-01  9.1276591131E-01  3.0489491393E-01  2.8628837891E-01 -9.9954758905E-01
 -9.0911013422E-01  9.1276591131E-01  3.0489491393E-01  2.8628837891E-01 -9.9954758905E-01
 -9.0911013422E-01  9.1276591131E-01  3.0489491393E-01  2.8628837891E-01 -9.9954758905E-01
 -9.0911013422E-01  9.1276591131E-01  3.0489491393E-01  2.8628837891E-01 -9.9954758905E-01
 -9.0911013422E-01  9.1276591131E-01  3.0489491393E-01  2.8628837891E-01 -9.9954758905E-01
 -9.0911013422E-01  9.1276591131E-01  3.0489491393E-01  2.8628837891E-01 -9.9954758905E-01
 -9.0911013422E-01  9.1276591131E-01  3.0489491393E-01  2.8628837891E-01 -9.9954758905E-01
 -9.0911013422E-01  9.1276591131E-01  3.0489491393E-01  2.8628837891E-01 -9.9954758905E-01
 -9.0911013422E-01  9.1276591131E-01  3.0489491393E-01  2.8628837891E-01 -9.9954758905E-01
 -9.0911013422E-01  9.1276591131E-01  3.0489491393E-01  2.8628837891E-01 -9.9954758905E-01
 -9.0911013422E-01  9.1276591131E-01  3.0489491393E-01  2.8628837891E-01 -9.9954758905E-01
 -9.0911013422E-01  9.1276591131E-01  3.0489491393E-01  2.8628837891E-01 -9.9954758905E-01
 -9.0911013422E-01  9.1276591131E-01  3.0489491393E-01  2.8628837891E-01 -9.9954758905E-01
 -9.0911013422E-01  9.1276591131E-01  3.0489491393E-01  2.8628837891E-01 -9.9954758905E-01
 -9.0911013422E-01  9.1276591131E-01  3.0489491393E-01  2.8628837891E-01 -9.9954758905E-01
 -9.0911013422E-01  9.1276591131E-01  3.0489491393E-01  2.8628837891E-01 -9.9954758905E-01
 -9.0911013422E-01  9.1276591131E-01  3.0489491393E-01  2.8628837891E-01 -9.9954758905E-01
 -9.0911013422E-01  9.1276591131E-01  3.0489491393E-01  2.8628837891E-01 -9.9954758905E-01
 -9.0911013422E-01  9.1276591131E-01  3.0489491393E-01  2.8628837891E-01 -9.9954758905E-01
 -9.0911013422E-01  9.1276591131E-01  3.0489491393E-01  2.8628837891E-01 -9.9954758905E-01
 -9.0911013422E-01  9.1276591131E-01  3.0489491393E-01  2.8628837891E-01 -9.9954758905E-01
 -9.0911013422E-01  9.1276591131E-01  3.0489491393E-01  2.8628837891E-01 -9.9954758905E-01
 -9.0911013422E-01  9.1276591131E-01  3.0489491393E-01  2.8628837891E-01 -9.9954758905E-01
 -9.0911013422E-01  9.1276591131E-01  3.0489491393E-01  2.8628837891E-01 -9.9954758905E-01
 -9.0911013422E-01  9.1276591131E-01  3.0489491393E-01  2.8628837891E-01 -9.9954758905E-01
 -9.0911013422E-01  9.1276591131E-01  3.0489491393E-01  2.8628837891E-01 -9.9954758905E-01
 -9.0911013422E-01  9.1276591131E-01  3.0489491393E-01  2.8628837891E-01 -9.9954758905E-01
 -9.0911013422E-01  9.1276591131E-01  3.0489491393E-01  2.8628837891E-01 -9.9954758905E-01
 -9.0911013422E-01  9.1276591131E-01  3.0489491393E-01  2.8628837891E-01 -9.9954758905E-01
 -9.0911013422E-01  9.1276591131E-01  3.0489491393E-01  2.8628837891E-01 -9.9954758905E-01
 -9.0911013422E-01  9.1276591131E-01  3.0489491393E-01  2.8628837891E-01 -9.9954758905E-01
 -9.0911013422E-01  9.1276591131E-01  3.0489491393E-01  2.8628837891E-01 -9.9954758905E-01
 -9.0911013422E-01  9.1276591131E-01  3.0489491393E-01  2.8628837891E-01 -9.9954758905E-01
 -9.0911013422E-01  9.1276591131E-01  3.0489491393E-01  2.8628837891E-01 -9.9954758905E-01
 -9.0911013422E-01  9.1276591131E-01  3.0489491393E-01  2.8628837891E-01 -9.9954758905E-01
 -9.0911013422E-01  9.1276591131E-01  3.0489491393E-01  2.8628837891E-01 -9.9954758905E-01
 -9.0911013422E-01  9.1276591131E-01  3.0489491393E-01  2.8628837891E-01 -9.9954758905E-01
 -9.0911013422E-01  9.1276591131E-01  3.0489491393E-01  2.8628837891E-01 -9.9954758905E-01
 -9.0911013422E-01  9.1276591131E-01  3.0489491393E-01  2.8628837891E-01 -9.9954758905E-01
 -9.0911013422E-01  9.1276591131E-01  3.0489491393E-01  2.8628837891E-01 -9.9954758905E-01
 -9.0911013422E-01  9.1276591131E-01  3.0489491393E-01  2.8628837891E-01 -9.9954758905E-01
 -9.0911013422E-01  9.1276591131E-01  3.0489491393E-01  2.8628837891E-01 -9.9954758905E-01
 -9.0911013422E-01  9.1276591131E-01  3.0489491393E-01  2.8628837891E-01 -9.9954758905E-01
 -9.0911013422E-01  9.1276591131E-01  3.0489491393E-01  2.8628837891E-01 -9.9954758905E-01
 -9.0911013422E-01  9.1276591131E-01  3.0489491393E-01  2.8628837891E-01 -9.9954758905E-01
 -9.0911013422E-01  9.1276591131E-01  3.0489491393E-01  2.8628837891E-01 -9.9954758905E-01
 -9.0911013422E-01  9.1276591131E-01  3.0489491393E-01  2.8628837891E-01 -9.9954758905E-01
 -9.0911013422E-01  9.1276591131E-01  3.0489491393E-01  2.8628837891E-01 -9.9954758905E-01
 -9.0911013422E-01  9.1276591131E-01  3.0489491393E-01  2.8628837891E-01 -9.9954758905E-01
 -9.0911013422E-01  9.1276591131E-01  3.0489491393E-01  2.8628837891E-01 -9.9954758905E-01
 -9.0911013422E-01  9.1276591131E-01  3.0489491393E-01  2.8628837891E-01 -9.9954758905E-01
 -9.0911013422E-01  9.1276591131E-01  3.0489491393E-01  2.8628837891E-01 -9.9954758905E-01
 -9.0911013422E-01  9.1276591131E-01  3.0489491393E-01  2.8628837891E-01 -9.9954758905E-01
 -9.0911013422E-01  9.1276591131E-01  3.0489491393E-01  2.8628837891E-01 -9.9954758905E-01
 -9.0911013422E-01  9.1276591131E-01  3.0489491393E-01  2.8628837891E-01 -9.9954758905E-01
 -9.0911013422E-01  9.1276591131E-01  3.0489491393E-01  2.8628837891E-01 -9.9954758905E-01
