 AIMInt (Version 19.10.12, Professional)
 Portions Copyright (c) 1997-2019 by Todd A. Keith
 AIMInt is a component of the AIMAll package ( http://aim.tkgristmill.com )

 TP:  64-bit Mac OS X

 AIMInt is a heavily modified and extended version of the PROAIMV program
 developed by members of R.F.W. Bader's research group

 Much of the Quantum Theory of Atoms in Molecules (QTAIM) is described in the book:
   "Atoms in Molecules - A Quantum Theory"
   R.F.W. Bader, Oxford University Press, Oxford, 1990

 For additional references see:  http://aim.tkgristmill.com/references.html

 Current Directory:  /Users/chemlab/Documents/SubstituentCoding/GraphParametrization/InputGeneration

 Inp File:  HC-C-C-CO_wb97xd_aug-cc-pvtz_atomicfiles/c4.inp
 Wfx File:  HC-C-C-CO_wb97xd_aug-cc-pvtz.wfx
 Out File:  HC-C-C-CO_wb97xd_aug-cc-pvtz_atomicfiles/c4.int

 Wfx Title:   opt freq on HC-C-C-CO_wb97xd_aug-cc-pvtz generated by trim_r_groups           
 Job Title:   opt freq on HC-C-C-CO_wb97xd_aug-cc-pvtz generated by trim_r_groups           
 
<Atom>
C4      
</Atom>
<Nuclei of Molecule>
    15
C1         6.0          -7.8917298359E-01  -1.7281101878E-02   5.9581634580E-01
O2         8.0           1.3122773675E+00  -1.1212588047E+00  -6.4290463087E-01
C3         6.0          -1.1962071689E+00   2.7225901714E+00  -1.8953642964E-01
C4         6.0          -3.0575350093E+00  -1.6519644685E+00  -2.8284338493E-02
H5         1.0          -4.4935892623E-01  -8.3122977510E-02   2.6449821162E+00
H6         1.0          -2.8672341994E+00   3.4863441823E+00   7.4291015557E-01
H7         1.0          -1.4750754071E+00   2.8362606678E+00  -2.2289566013E+00
H8         1.0           4.0206500491E-01   3.9160950267E+00   3.2040955634E-01
H9         1.0          -3.4105473992E+00  -1.6262781454E+00  -2.0588549566E+00
H10        1.0          -2.7228154026E+00  -3.5985543909E+00   5.4834461016E-01
H11        1.0          -4.7384235145E+00  -9.5426284973E-01   9.3623323566E-01
C12        6.0           3.6727001988E+00  -2.1946113400E-01   1.5133281806E-01
H13        1.0           3.8730351917E+00  -3.4061090150E-01   2.2116139136E+00
H14        1.0           4.0074255380E+00   1.7395844271E+00  -4.2579864042E-01
H15        1.0           5.1039999526E+00  -1.4086854029E+00  -7.2361671662E-01
</Nuclei of Molecule>
<Total Number of CPs of DelSqRho>
    40
</Total Number of CPs of DelSqRho>
<Number of (3,+3) CPs of DelSqRho>
     5
</Number of (3,+3) CPs of DelSqRho>
<Number of (3,+1) CPs of DelSqRho>
    14
</Number of (3,+1) CPs of DelSqRho>
<Number of (3,-1) CPs of DelSqRho>
    15
</Number of (3,-1) CPs of DelSqRho>
<Number of (3,-3) CPs of DelSqRho>
     6
</Number of (3,-3) CPs of DelSqRho>
<Number of Degenerate CPs of DelSqRho>
     0
</Number of Degenerate CPs of DelSqRho>
<CP of DelSqRho>
CP# = 1       
Type = (3,+3)
Coords = -3.05753501740463E+00 -1.65196444616597E+00 -2.82843242104644E-02
DistFromNuc =  2.7747726127E-08
Rho =  1.2094952489E+02
DelSqRho = -7.4497072441E+05
GradDelSqRho =  8.3410918705E-07  3.7167183109E-07  3.2284788176E-09
HessDelSqRho_EigVals =  1.5960208415E+10  1.5960208471E+10  1.5960209069E+10
HessDelSqRho_EigVec1 = -5.8170318565E-01  7.2618462204E-01  3.6643866951E-01
HessDelSqRho_EigVec2 = -4.3689352924E-02  4.2195724012E-01 -9.0556243736E-01
HessDelSqRho_EigVec3 =  8.1222696597E-01  5.4277802298E-01  2.1372733454E-01
</CP of DelSqRho>
<CP of DelSqRho>
CP# = 2       
Type = (3,+1)
Coords = -3.27793596896319E+00 -1.63168508267272E+00 -1.30835136504982E+00
DistFromNuc =  1.2990609797E+00
Rho =  2.8413029016E-01
DelSqRho = -1.0909191981E+00
GradDelSqRho =  2.4980018054E-16 -2.2204460493E-16 -6.4531713306E-16
HessDelSqRho_EigVals = -8.2876152727E+00  8.2269354603E+00  8.2452884054E+00
HessDelSqRho_EigVec1 =  1.7516513481E-01 -7.8711119829E-03  9.8450760340E-01
HessDelSqRho_EigVec2 =  7.4760209618E-01 -6.4960728054E-01 -1.3820812876E-01
HessDelSqRho_EigVec3 =  6.4063115857E-01  7.6022919351E-01 -1.0790408705E-01
</CP of DelSqRho>
<CP of DelSqRho>
CP# = 3       
Type = (3,+1)
Coords = -2.84395477698737E+00 -2.87782912081721E+00  3.38167549511580E-01
DistFromNuc =  1.2971690898E+00
Rho =  2.8590755952E-01
DelSqRho = -1.1049163398E+00
GradDelSqRho = -1.2767564783E-15 -4.7184478547E-16  1.3600232052E-15
HessDelSqRho_EigVals = -8.4423443437E+00  8.3380228335E+00  8.3612622635E+00
HessDelSqRho_EigVec1 = -1.5767489706E-01  9.4788265210E-01 -2.7687019465E-01
HessDelSqRho_EigVec2 = -2.9640984989E-01  2.2201842028E-01  9.2889666914E-01
HessDelSqRho_EigVec3 =  9.4195532151E-01  2.2853073952E-01  2.4595502306E-01
</CP of DelSqRho>
<CP of DelSqRho>
CP# = 4       
Type = (3,+1)
Coords = -3.10087201247114E+00 -1.55735953039471E+00 -2.26450969685897E-01
DistFromNuc =  2.2382628059E-01
Rho =  9.2451562055E+00
DelSqRho =  2.8065094579E+02
GradDelSqRho =  1.7355006321E-12 -3.5456082514E-12  5.1194604112E-12
HessDelSqRho_EigVals = -5.8946530438E+04  1.6009410315E+01  4.3750066261E+01
HessDelSqRho_EigVec1 =  1.9351958757E-01 -4.2216105170E-01  8.8562419550E-01
HessDelSqRho_EigVec2 = -6.4747713607E-01  6.2324159018E-01  4.3856958232E-01
HessDelSqRho_EigVec3 =  7.3710482802E-01  6.5829322243E-01  1.5273017322E-01
</CP of DelSqRho>
<CP of DelSqRho>
CP# = 5       
Type = (3,+1)
Coords = -3.00344727127290E+00 -1.83318344558818E+00  9.13681274466029E-02
DistFromNuc =  2.2379122783E-01
Rho =  9.2486283767E+00
DelSqRho =  2.8069257447E+02
GradDelSqRho = -2.0186519123E-11  8.3758777691E-11 -4.0873970875E-11
HessDelSqRho_EigVals = -5.9041476330E+04  2.3770589847E+01  4.7828484296E+01
HessDelSqRho_EigVec1 = -2.4170088581E-01  8.1002513343E-01 -5.3426581868E-01
HessDelSqRho_EigVec2 = -5.6485487696E-01  3.3023813031E-01  7.5622863293E-01
HessDelSqRho_EigVec3 =  7.8899914434E-01  4.8456378373E-01  3.7772779846E-01
</CP of DelSqRho>
<CP of DelSqRho>
CP# = 6       
Type = (3,+1)
Coords = -3.21155346463921E+00 -1.53225378352058E+00  8.15765843099129E-02
DistFromNuc =  2.2387888477E-01
Rho =  9.2426971118E+00
DelSqRho =  2.8036558363E+02
GradDelSqRho = -1.9149126729E-12  1.1297629499E-12 -3.0837554732E-12
HessDelSqRho_EigVals = -5.8814313707E+04  2.8261245393E+01  5.2059410945E+01
HessDelSqRho_EigVec1 =  6.8813898634E-01 -5.3448287919E-01 -4.9070641664E-01
HessDelSqRho_EigVec2 =  1.3808016495E-01 -5.6747183626E-01  8.1173245783E-01
HessDelSqRho_EigVec3 =  7.1231917251E-01  6.2634157366E-01  3.1669801006E-01
</CP of DelSqRho>
<CP of DelSqRho>
CP# = 7       
Type = (3,-3)
Coords = -3.21769561794391E+00 -1.79342784431192E+00 -9.48206250342185E-02
DistFromNuc =  2.2380881276E-01
Rho =  9.2355317676E+00
DelSqRho =  2.8182245947E+02
GradDelSqRho =  3.1690206015E-12  1.8474111130E-13  2.0250467969E-12
HessDelSqRho_EigVals = -5.9039935742E+04 -6.1033470818E+01 -5.0201399302E+01
HessDelSqRho_EigVec1 =  7.1538854028E-01  6.3225517553E-01  2.9744348950E-01
HessDelSqRho_EigVec2 =  2.7878784999E-01 -6.4862267530E-01  7.0821321633E-01
HessDelSqRho_EigVec3 = -6.4070006332E-01  4.2372398811E-01  6.4028228991E-01
</CP of DelSqRho>
<CP of DelSqRho>
CP# = 8       
Type = (3,-1)
Coords = -3.10157861226343E+00 -1.74829294525336E+00  1.68932138760835E-01
DistFromNuc =  2.2386011991E-01
Rho =  9.2396389227E+00
DelSqRho =  2.8079094245E+02
GradDelSqRho =  5.5511151231E-12  2.8350655157E-12 -1.4241052781E-11
HessDelSqRho_EigVals = -5.8851671063E+04 -2.2073730742E+01  3.7736999921E+01
HessDelSqRho_EigVec1 = -1.9676001059E-01 -4.3071996353E-01  8.8077568725E-01
HessDelSqRho_EigVec2 =  6.3229293791E-01 -7.4231325623E-01 -2.2175813469E-01
HessDelSqRho_EigVec3 =  7.4932712409E-01  5.1327511400E-01  4.1839875531E-01
</CP of DelSqRho>
<CP of DelSqRho>
CP# = 9       
Type = (3,-1)
Coords = -2.97111174012795E+00 -1.80227234738423E+00 -1.69760668360175E-01
DistFromNuc =  2.2377889045E-01
Rho =  9.2438279501E+00
DelSqRho =  2.8124410159E+02
GradDelSqRho = -2.8266278207E-12 -1.7266188479E-12 -9.2477137059E-12
HessDelSqRho_EigVals = -5.9078355774E+04 -3.7490257602E+01  2.6282044237E+01
HessDelSqRho_EigVec1 = -3.8599654275E-01  6.7179933004E-01  6.3221225007E-01
HessDelSqRho_EigVec2 =  2.0036315688E-01 -6.0791161024E-01  7.6830858351E-01
HessDelSqRho_EigVec3 =  9.0047835862E-01  4.2323649924E-01  1.0004794529E-01
</CP of DelSqRho>
<CP of DelSqRho>
CP# = 10      
Type = (3,-3)
Coords = -2.84086648979970E+00 -1.65969308920266E+00 -8.38136969417891E-02
DistFromNuc =  2.2380457675E-01
Rho =  9.2394614118E+00
DelSqRho =  2.8143745696E+02
GradDelSqRho =  1.9291235276E-11 -1.0302869669E-12 -3.0642155480E-12
HessDelSqRho_EigVals = -5.9034396881E+04 -3.0714654262E+01 -1.5265438258E+01
HessDelSqRho_EigVec1 =  9.6814004317E-01 -3.4473032552E-02 -2.4802513348E-01
HessDelSqRho_EigVec2 =  1.5087944433E-01 -7.1019067297E-01  6.8765151153E-01
HessDelSqRho_EigVec3 =  1.9985056940E-01  7.0316485837E-01  6.8236275679E-01
</CP of DelSqRho>
<CP of DelSqRho>
CP# = 11      
Type = (3,-1)
Coords = -3.16569098527208E+00 -1.50515622428011E+00 -1.58173571315140E-01
DistFromNuc =  2.2387851286E-01
Rho =  9.2387133045E+00
DelSqRho =  2.8068228914E+02
GradDelSqRho = -4.0039083160E-12  8.8817841970E-13  1.8900436771E-12
HessDelSqRho_EigVals = -5.8798386706E+04 -1.4533420644E+01  3.7448623348E+01
HessDelSqRho_EigVec1 = -4.8314245737E-01  6.5540166847E-01 -5.8053597550E-01
HessDelSqRho_EigVec2 = -5.1134645494E-01  3.2699981931E-01  7.9473009330E-01
HessDelSqRho_EigVec3 =  7.1070258822E-01  6.8082286326E-01  1.7714982346E-01
</CP of DelSqRho>
<CP of DelSqRho>
CP# = 12      
Type = (3,-1)
Coords = -2.21930749132976E+00 -2.02261988069469E+00 -5.25468281772266E-01
DistFromNuc =  1.0426901169E+00
Rho =  1.6779268945E-01
DelSqRho =  7.8939144104E-02
GradDelSqRho =  3.9968028887E-15 -2.1094237468E-15 -2.9976021665E-15
HessDelSqRho_EigVals = -1.5994996806E+00 -1.3272980544E+00  8.6907974789E+00
HessDelSqRho_EigVec1 =  5.3387586249E-01  7.8583215218E-01  3.1216084325E-01
HessDelSqRho_EigVec2 =  2.6240390308E-01 -5.0492297588E-01  8.2231197248E-01
HessDelSqRho_EigVec3 =  8.0381636902E-01 -3.5710028988E-01 -4.7577161313E-01
</CP of DelSqRho>
<CP of DelSqRho>
CP# = 13      
Type = (3,-1)
Coords = -3.89920582261445E+00 -2.25288039556038E+00 -2.61356864818154E-01
DistFromNuc =  1.0601096697E+00
Rho =  1.6043170881E-01
DelSqRho =  9.9216428403E-02
GradDelSqRho = -2.1349588764E-13 -1.5365486661E-13  6.8334227166E-14
HessDelSqRho_EigVals = -1.2732315233E+00 -1.2561800939E+00  7.4618100382E+00
HessDelSqRho_EigVec1 =  3.6064815346E-01 -7.2932920450E-01  5.8138784031E-01
HessDelSqRho_EigVec2 = -4.9013664754E-01  3.8213382068E-01  7.8341547715E-01
HessDelSqRho_EigVec3 =  7.9353574346E-01  5.6749683220E-01  2.1965511444E-01
</CP of DelSqRho>
<CP of DelSqRho>
CP# = 14      
Type = (3,-1)
Coords = -3.24080312448241E+00 -6.66103157861352E-01 -3.25964803679573E-01
DistFromNuc =  1.0460035302E+00
Rho =  1.6702043809E-01
DelSqRho =  8.1830127421E-02
GradDelSqRho =  3.1086244690E-15  2.9976021665E-14  3.0780933358E-14
HessDelSqRho_EigVals = -1.6110795414E+00 -1.2993816652E+00  8.4633351751E+00
HessDelSqRho_EigVec1 =  9.2593843204E-01  2.5712597851E-01  2.7663017052E-01
HessDelSqRho_EigVec2 = -3.3436099777E-01  2.1750942039E-01  9.1700184035E-01
HessDelSqRho_EigVec3 = -1.7561532745E-01  9.4158158607E-01 -2.8737323039E-01
</CP of DelSqRho>
<CP of DelSqRho>
CP# = 15      
Type = (3,-1)
Coords = -2.89026106300282E+00 -1.66873363040520E+00  1.00521657916091E+00
DistFromNuc =  1.0470844879E+00
Rho =  1.6621391567E-01
DelSqRho =  8.1180325770E-02
GradDelSqRho =  6.3976601794E-15 -1.0658141036E-14 -7.5411898948E-14
HessDelSqRho_EigVals = -1.5576559660E+00 -1.2829049202E+00  8.3639150507E+00
HessDelSqRho_EigVec1 =  7.9120148034E-01  6.0057698717E-01 -1.1535813793E-01
HessDelSqRho_EigVec2 =  5.9049802945E-01 -7.9931667966E-01 -1.1137738919E-01
HessDelSqRho_EigVec3 =  1.5909838062E-01 -2.0003202079E-02  9.8706006767E-01
</CP of DelSqRho>
<CP of DelSqRho>
CP# = 16      
Type = (3,+1)
Coords = -3.01776492500364E+00 -2.44032151644405E+00 -6.38914161859293E-01
DistFromNuc =  9.9797659079E-01
Rho =  2.0931483387E-01
DelSqRho = -1.6886657881E-01
GradDelSqRho = -1.7208456882E-15  1.8318679906E-15  1.8873791419E-15
HessDelSqRho_EigVals = -3.4992753254E+00  1.4153269574E+00  1.4244581397E+01
HessDelSqRho_EigVec1 =  2.0623790537E-01 -5.9164647276E-01  7.7937178398E-01
HessDelSqRho_EigVec2 = -9.7747473919E-01 -1.6105515814E-01  1.3639783826E-01
HessDelSqRho_EigVec3 = -4.4822546018E-02  7.8994663573E-01  6.1153516012E-01
</CP of DelSqRho>
<CP of DelSqRho>
CP# = 17      
Type = (3,+1)
Coords = -3.08989077219500E+00 -8.56565645606560E-01  5.79022796048870E-01
DistFromNuc =  1.0012632714E+00
Rho =  2.0719631487E-01
DelSqRho = -1.7079242226E-01
GradDelSqRho = -1.1102230246E-16  4.4408920985E-16  1.5543122345E-15
HessDelSqRho_EigVals = -3.3365515037E+00  1.4051007485E+00  1.3997392731E+01
HessDelSqRho_EigVec1 =  9.7748563872E-01  1.5874839046E-01 -1.3899918927E-01
HessDelSqRho_EigVec2 =  2.0669362374E-01 -5.8795875774E-01  7.8203724022E-01
HessDelSqRho_EigVec3 = -4.2421362520E-02  7.9316041739E-01  6.0753352194E-01
</CP of DelSqRho>
<CP of DelSqRho>
CP# = 18      
Type = (3,+1)
Coords = -2.52730688749278E+00 -1.15478732625896E+00 -7.10347900708799E-01
DistFromNuc =  9.9676360030E-01
Rho =  2.1118510572E-01
DelSqRho = -1.9013159405E-01
GradDelSqRho = -8.3599793754E-14 -6.2123917122E-14  1.0558220964E-13
HessDelSqRho_EigVals = -3.4432626855E+00  1.5072603100E+00  1.4531487743E+01
HessDelSqRho_EigVec1 = -6.0707431501E-01 -3.5434031303E-01 -7.1126909015E-01
HessDelSqRho_EigVec2 =  5.9691309337E-01 -7.9419127056E-01 -1.1381996629E-01
HessDelSqRho_EigVec3 = -5.2455269993E-01 -4.9366301090E-01  6.9364349392E-01
</CP of DelSqRho>
<CP of DelSqRho>
CP# = 19      
Type = (3,+1)
Coords = -2.22996749459635E+00 -1.99198652852873E+00  4.11568569149346E-01
DistFromNuc =  9.9697220275E-01
Rho =  2.0981447267E-01
DelSqRho = -1.8063442644E-01
GradDelSqRho =  5.5511151231E-16  3.0531133177E-16  6.3837823916E-16
HessDelSqRho_EigVals = -3.4359622768E+00  1.4541183829E+00  1.4450281327E+01
HessDelSqRho_EigVec1 =  4.0673706781E-01  9.1307717899E-01 -2.9240774170E-02
HessDelSqRho_EigVec2 = -3.9085817907E-01  2.0286280029E-01  8.9781766975E-01
HessDelSqRho_EigVec3 =  8.2570869047E-01 -3.5374673067E-01  4.3939550409E-01
</CP of DelSqRho>
<CP of DelSqRho>
CP# = 20      
Type = (3,+1)
Coords = -3.88216865251001E+00 -1.29920196268238E+00 -4.68607455136804E-01
DistFromNuc =  9.9917289699E-01
Rho =  2.0893068427E-01
DelSqRho = -1.7133818498E-01
GradDelSqRho =  1.6597834218E-13 -6.3393734706E-14  6.2269633894E-14
HessDelSqRho_EigVals = -3.4380774264E+00  1.4308394754E+00  1.4148531316E+01
HessDelSqRho_EigVec1 = -3.9431284259E-01  2.0082630047E-01  8.9676428297E-01
HessDelSqRho_EigVec2 =  4.0766153920E-01  9.1278633343E-01 -2.5163047363E-02
HessDelSqRho_EigVec3 =  8.2360758351E-01 -3.5565419516E-01  4.4179253258E-01
</CP of DelSqRho>
<CP of DelSqRho>
CP# = 21      
Type = (3,+1)
Coords = -3.58895879518322E+00 -2.14809361225158E+00  6.57046233246647E-01
DistFromNuc =  9.9911628952E-01
Rho =  2.0881232642E-01
DelSqRho = -1.6941023009E-01
GradDelSqRho = -4.4408920985E-16 -8.6042284408E-16  2.2204460493E-15
HessDelSqRho_EigVals = -3.4432812967E+00  1.4197503700E+00  1.4129602260E+01
HessDelSqRho_EigVec1 = -5.9959375858E-01  7.9238517027E-01  1.1230790982E-01
HessDelSqRho_EigVec2 =  6.0104250969E-01  3.5319087958E-01  7.1694079542E-01
HessDelSqRho_EigVec3 = -5.2842712480E-01 -4.9737505417E-01  6.8802821836E-01
</CP of DelSqRho>
<CP of DelSqRho>
CP# = 22      
Type = (3,+3)
Coords = -2.87902788566931E+00 -2.65539421980536E+00  2.74128648367320E-01
DistFromNuc =  1.0631037925E+00
Rho =  2.9501774153E-01
DelSqRho = -1.1749308527E+00
GradDelSqRho =  1.1102230246E-15 -8.8817841970E-16  3.0791341699E-16
HessDelSqRho_EigVals =  7.1990695334E+00  7.2209730569E+00  7.6975610249E+00
HessDelSqRho_EigVec1 = -1.4396131501E-01  4.0335649504E-01  9.0364742997E-01
HessDelSqRho_EigVec2 = -8.5923056506E-01 -5.0395239442E-01  8.8061457156E-02
HessDelSqRho_EigVec3 = -4.9091544675E-01  7.6376404869E-01 -4.1912587856E-01
</CP of DelSqRho>
<CP of DelSqRho>
CP# = 23      
Type = (3,+3)
Coords = -3.92545180755961E+00 -1.28277041149886E+00  4.75998574251055E-01
DistFromNuc =  1.0695256315E+00
Rho =  2.9181090037E-01
DelSqRho = -1.1521037704E+00
GradDelSqRho =  9.9920072216E-16  5.7592819402E-16 -9.5756735874E-16
HessDelSqRho_EigVals =  7.0610241188E+00  7.0813831583E+00  7.3929491664E+00
HessDelSqRho_EigVec1 =  9.1167402292E-01  4.0439141353E-01  7.2925034090E-02
HessDelSqRho_EigVec2 =  1.9402289137E-01 -5.8007632635E-01  7.9111729423E-01
HessDelSqRho_EigVec3 = -3.6222312675E-01  7.0709196026E-01  6.0730170935E-01
</CP of DelSqRho>
<CP of DelSqRho>
CP# = 24      
Type = (3,+3)
Coords = -3.23551259044565E+00 -1.63233445007371E+00 -1.07857842018151E+00
DistFromNuc =  1.0654478002E+00
Rho =  2.9310172233E-01
DelSqRho = -1.1594036734E+00
GradDelSqRho =  1.6098233857E-15  0.0000000000E+00  2.5535129566E-15
HessDelSqRho_EigVals =  7.1148853854E+00  7.1200350498E+00  7.5669082297E+00
HessDelSqRho_EigVec1 =  8.7309857407E-01 -4.8719462242E-01 -1.8446675587E-02
HessDelSqRho_EigVec2 =  4.6691433326E-01  8.2466691006E-01  3.1924205998E-01
HessDelSqRho_EigVec3 = -1.4032065191E-01 -2.8734280458E-01  9.4749365555E-01
</CP of DelSqRho>
<CP of DelSqRho>
CP# = 25      
Type = (3,+3)
Coords = -2.25627784794236E+00 -1.07977721471769E+00  1.84081479144008E-01
DistFromNuc =  1.0072291361E+00
Rho =  2.8137755981E-01
DelSqRho = -9.1848755544E-01
GradDelSqRho = -2.3547830352E-12 -1.6682211168E-12 -6.2444494020E-13
HessDelSqRho_EigVals =  4.6735815303E+00  4.7470442892E+00  1.3174195900E+01
HessDelSqRho_EigVec1 =  3.9127030635E-02 -3.9556689285E-01  9.1760335045E-01
HessDelSqRho_EigVec2 = -6.0131438965E-01  7.2409874542E-01  3.3778989281E-01
HessDelSqRho_EigVec3 =  7.9805393318E-01  5.6498481410E-01  2.0952823095E-01
</CP of DelSqRho>
<CP of DelSqRho>
CP# = 26      
Type = (3,-3)
Coords = -2.76077582760717E+00 -1.65930436770974E+00  1.41266001176886E+00
DistFromNuc =  1.4712037611E+00
Rho =  8.1508931455E-02
DelSqRho =  2.0730388753E-01
GradDelSqRho =  3.6776137691E-16 -1.4398204851E-16 -5.9674487574E-16
HessDelSqRho_EigVals = -1.7522371687E+00 -1.9703302164E-01 -8.5564062336E-02
HessDelSqRho_EigVec1 =  1.3640037891E-01 -4.4016720911E-02  9.8967543413E-01
HessDelSqRho_EigVec2 =  7.8222549088E-01  6.1779451118E-01 -8.0331957356E-02
HessDelSqRho_EigVec3 = -6.0788010171E-01  7.8510666169E-01  1.1869840654E-01
</CP of DelSqRho>
<CP of DelSqRho>
CP# = 27      
Type = (3,-1)
Coords = -2.24425937714455E+00 -8.75639165165869E-01 -1.21071562423042E+00
DistFromNuc =  1.6316378201E+00
Rho =  8.4484030838E-02
DelSqRho =  1.8286817739E-01
GradDelSqRho =  1.2836953722E-16  3.3133218391E-16 -3.1571967263E-16
HessDelSqRho_EigVals = -1.4446167405E+00 -3.0183497399E-01  5.4854408725E-02
HessDelSqRho_EigVec1 = -5.5218635228E-01 -5.0348015468E-01  6.6452837877E-01
HessDelSqRho_EigVec2 =  5.8214510294E-01  3.3774120530E-01  7.3962014397E-01
HessDelSqRho_EigVec3 = -5.9682268010E-01  7.9526009084E-01  1.0660242230E-01
</CP of DelSqRho>
<CP of DelSqRho>
CP# = 28      
Type = (3,-1)
Coords = -2.90637905712712E+00 -2.90151865993031E+00 -1.01233467073835E+00
DistFromNuc =  1.5976823387E+00
Rho =  8.5414870486E-02
DelSqRho =  1.7876172738E-01
GradDelSqRho =  1.7990413846E-12  4.2509745724E-12  2.7713942252E-12
HessDelSqRho_EigVals = -1.6447819502E+00 -1.5021915959E-01  2.5264914768E-02
HessDelSqRho_EigVec1 = -1.2158372364E-01  7.7376307099E-01  6.2169776267E-01
HessDelSqRho_EigVec2 =  2.0620247788E-01 -5.9298974822E-01  7.7835961908E-01
HessDelSqRho_EigVec3 =  9.7092632896E-01  2.2283147997E-01 -8.7453960857E-02
</CP of DelSqRho>
<CP of DelSqRho>
CP# = 29      
Type = (3,-3)
Coords = -4.21312957735835E+00 -2.47685532164783E+00 -3.42644099796457E-01
DistFromNuc =  1.4541890471E+00
Rho =  8.2258691142E-02
DelSqRho =  2.0093194258E-01
GradDelSqRho = -3.1900870834E-13 -1.9355350656E-13 -3.1365882114E-13
HessDelSqRho_EigVals = -1.7225436565E+00 -8.2583459279E-02 -7.6026986050E-02
HessDelSqRho_EigVec1 =  7.9330096912E-01  5.6786345116E-01  2.1955562672E-01
HessDelSqRho_EigVec2 =  1.1671777128E-01 -4.9577966082E-01  8.6056928239E-01
HessDelSqRho_EigVec3 = -5.9753705680E-01  6.5706440229E-01  4.5958224181E-01
</CP of DelSqRho>
<CP of DelSqRho>
CP# = 30      
Type = (3,-1)
Coords = -1.80079243117233E+00 -2.25303850720817E+00  8.03022010091490E-01
DistFromNuc =  1.6222706781E+00
Rho =  8.4078916998E-02
DelSqRho =  1.8525223057E-01
GradDelSqRho = -1.6653345369E-16  6.8738417736E-17 -1.0408340856E-16
HessDelSqRho_EigVals = -1.4745874430E+00 -2.6274058936E-01  4.6525429179E-02
HessDelSqRho_EigVec1 =  7.8075098847E-01 -3.1082672566E-01  5.4204671442E-01
HessDelSqRho_EigVec2 =  3.7759522368E-01  9.2588019916E-01 -1.2950052614E-02
HessDelSqRho_EigVec3 = -4.9784509745E-01  2.1478501675E-01  8.4024856770E-01
</CP of DelSqRho>
<CP of DelSqRho>
CP# = 31      
Type = (3,-1)
Coords = -3.82297506798805E+00 -2.38877559126666E+00  1.16504305306784E+00
DistFromNuc =  1.5977544797E+00
Rho =  8.5263425020E-02
DelSqRho =  1.7602730885E-01
GradDelSqRho =  1.4224732503E-16  1.5959455979E-16 -1.1796119637E-16
HessDelSqRho_EigVals = -1.6301894252E+00 -1.3209107886E-01  2.9058201099E-02
HessDelSqRho_EigVec1 = -4.4353102888E-01 -4.5745569837E-01  7.7072336830E-01
HessDelSqRho_EigVec2 =  6.0942193959E-01 -7.8447453613E-01 -1.1491127755E-01
HessDelSqRho_EigVec3 = -6.5717967555E-01 -4.1872901284E-01 -6.2672233712E-01
</CP of DelSqRho>
<CP of DelSqRho>
CP# = 32      
Type = (3,-1)
Coords = -3.15967071624156E+00 -4.05830021443938E-01  1.00734135969996E+00
DistFromNuc =  1.6235157374E+00
Rho =  8.4083252611E-02
DelSqRho =  1.8068184041E-01
GradDelSqRho = -3.8510861167E-16 -1.1102230246E-16  2.0122792321E-16
HessDelSqRho_EigVals = -1.4339465040E+00 -2.1644796421E-01  4.6998274120E-02
HessDelSqRho_EigVec1 = -3.2698528682E-02  7.6148500545E-01  6.4735723731E-01
HessDelSqRho_EigVec2 = -9.7961760293E-01 -1.5285653386E-01  1.3032356691E-01
HessDelSqRho_EigVec3 =  1.9819222552E-01 -6.2990115616E-01  7.5096229946E-01
</CP of DelSqRho>
<CP of DelSqRho>
CP# = 33      
Type = (3,-3)
Coords = -3.23527769276705E+00 -2.46891583995370E-01 -4.44036834404753E-01
DistFromNuc =  1.4760326589E+00
Rho =  8.1141604954E-02
DelSqRho =  2.1151730110E-01
GradDelSqRho = -4.8572257327E-17 -4.9960036108E-16  3.6082248300E-16
HessDelSqRho_EigVals = -1.7430948461E+00 -2.1391304186E-01 -8.9663550825E-02
HessDelSqRho_EigVec1 = -2.1533007837E-01  9.2721822085E-01 -3.0642997286E-01
HessDelSqRho_EigVec2 =  8.9967589018E-01  3.1038854115E-01  3.0698900006E-01
HessDelSqRho_EigVec3 =  3.7975814670E-01 -2.0958369316E-01 -9.0103186713E-01
</CP of DelSqRho>
<CP of DelSqRho>
CP# = 34      
Type = (3,-1)
Coords = -1.35557103801560E+00 -1.71572297803191E+00 -3.82112298499676E-01
DistFromNuc =  1.7395231336E+00
Rho =  7.4868063910E-02
DelSqRho =  1.9479366719E-01
GradDelSqRho = -8.0976891859E-15  3.9100667149E-15  1.1473461070E-14
HessDelSqRho_EigVals = -9.7441339575E-01 -6.7360114426E-02  2.6409628306E-01
HessDelSqRho_EigVec1 = -6.4161638274E-01  5.9031433937E-01  4.8975238451E-01
HessDelSqRho_EigVec2 = -1.4480404363E-01  5.3380463150E-01 -8.3311728126E-01
HessDelSqRho_EigVec3 =  7.5323316865E-01  6.0545982205E-01  2.5701789340E-01
</CP of DelSqRho>
<CP of DelSqRho>
CP# = 35      
Type = (3,-1)
Coords = -4.31604906589827E+00 -9.54736237055484E-01 -7.25948766637460E-01
DistFromNuc =  1.5989748252E+00
Rho =  8.5338493709E-02
DelSqRho =  1.7565452875E-01
GradDelSqRho = -4.3715031595E-16  1.5265566589E-16 -3.1225022568E-16
HessDelSqRho_EigVals = -1.6272168744E+00 -1.3445972018E-01  3.1508176087E-02
HessDelSqRho_EigVec1 =  7.6035163465E-01 -4.6827490416E-01  4.5009333011E-01
HessDelSqRho_EigVec2 = -4.0390916897E-01  2.0178416841E-01  8.9226707470E-01
HessDelSqRho_EigVec3 =  5.0864798722E-01  8.6023355172E-01  3.5713605094E-02
</CP of DelSqRho>
<CP of DelSqRho>
CP# = 36      
Type = (3,-1)
Coords = -2.57482985708604E+00  1.12557833825148E-01 -6.05284487199669E-02
DistFromNuc =  1.8296401018E+00
Rho =  8.0271198819E-02
DelSqRho =  1.8269616643E-01
GradDelSqRho =  1.9099999360E-13 -5.2559345765E-13  6.1270866852E-13
HessDelSqRho_EigVals = -9.1873328858E-01 -2.7655404184E-02  1.6879934435E-01
HessDelSqRho_EigVec1 = -5.1593769797E-01  8.1622409144E-01 -2.5997408404E-01
HessDelSqRho_EigVec2 = -3.8412056349E-01  5.0823569928E-02  9.2188304977E-01
HessDelSqRho_EigVec3 =  7.6567596574E-01  5.7549561015E-01  2.8730666226E-01
</CP of DelSqRho>
<CP of DelSqRho>
CP# = 37      
Type = (3,-3)
Coords = -1.80743279097955E+00 -2.12413228369444E+00 -6.60212572535499E-01
DistFromNuc =  1.4781851355E+00
Rho =  7.9977707283E-02
DelSqRho =  2.1351422855E-01
GradDelSqRho = -5.4260762550E-12  3.0047631050E-12  5.1066373352E-12
HessDelSqRho_EigVals = -1.7623030084E+00 -1.9293431991E-01 -8.5506425291E-02
HessDelSqRho_EigVec1 =  7.7751839858E-01 -3.9817140057E-01 -4.8674908900E-01
HessDelSqRho_EigVec2 =  5.8234093755E-01  7.4803974034E-01  3.1830108283E-01
HessDelSqRho_EigVec3 =  2.3736927419E-01 -5.3093886903E-01  8.1348616769E-01
</CP of DelSqRho>
<CP of DelSqRho>
CP# = 38      
Type = (3,+1)
Coords = -1.84635526516059E+00 -5.81241034253740E-01 -8.95976280652826E-01
DistFromNuc =  1.8347463999E+00
Rho =  8.0633461467E-02
DelSqRho =  1.6938093821E-01
GradDelSqRho = -2.4251434194E-15  7.6848249986E-15  9.6971042307E-16
HessDelSqRho_EigVals = -9.1674292932E-01  4.7937443714E-02  1.6236370331E-01
HessDelSqRho_EigVec1 = -1.5975523945E-01 -2.7117790090E-01  9.4917901869E-01
HessDelSqRho_EigVec2 = -5.7673643240E-01  8.0599778740E-01  1.3320155499E-01
HessDelSqRho_EigVec3 =  8.0115750699E-01  5.2614647464E-01  2.8516054464E-01
</CP of DelSqRho>
<CP of DelSqRho>
CP# = 39      
Type = (3,+1)
Coords = -1.62025059936976E+00 -1.63517914873611E+00  1.10706207931896E+00
DistFromNuc =  1.8316876673E+00
Rho =  8.2430208664E-02
DelSqRho =  1.7363647220E-01
GradDelSqRho = -7.4465433819E-13  5.3336154937E-13 -6.5673161354E-14
HessDelSqRho_EigVals = -9.6789910642E-01  1.4518323725E-02  1.2881282808E-01
HessDelSqRho_EigVec1 =  3.1090801088E-01 -6.2111633070E-01  7.1940997526E-01
HessDelSqRho_EigVec2 = -4.1575961074E-01  5.9178288679E-01  6.9060622715E-01
HessDelSqRho_EigVec3 =  8.5468131771E-01  5.1381661967E-01  7.4245043670E-02
</CP of DelSqRho>
<CP of DelSqRho>
CP# = 40      
Type = (3,+1)
Coords = -2.68106387960341E+00 -3.24785494382699E-01  1.06645825327584E+00
DistFromNuc =  1.7611348282E+00
Rho =  8.2289923121E-02
DelSqRho =  1.7427515740E-01
GradDelSqRho =  2.3939183968E-16  2.1510571102E-16  8.5868812061E-17
HessDelSqRho_EigVals = -1.0275130743E+00  1.8751372366E-02  1.2132338775E-01
HessDelSqRho_EigVec1 = -3.5579283756E-01  5.9373727339E-01  7.2172536808E-01
HessDelSqRho_EigVec2 = -3.7654228073E-01  6.1573015279E-01 -6.9216492960E-01
HessDelSqRho_EigVec3 =  8.5535218920E-01  5.1802744052E-01 -4.4948088454E-03
</CP of DelSqRho>
<Path of -GradDelSqRho>
Starting CP# =      2
Ending CP# =     24
Number of Points =     10
 -3.2779359690E+00 -1.6316850827E+00 -1.3083513650E+00  2.8413029016E-01 -1.0909191981E+00
 -3.2735529226E+00 -1.6318803379E+00 -1.2837393604E+00  2.8427217317E-01 -1.0932773877E+00
 -3.2691602842E+00 -1.6320711062E+00 -1.2591290308E+00  2.8465696234E-01 -1.0994731020E+00
 -3.2647550501E+00 -1.6322546879E+00 -1.2345208983E+00  2.8526346431E-01 -1.1082876031E+00
 -3.2603329775E+00 -1.6324271890E+00 -1.2099157064E+00  2.8607137660E-01 -1.1186177948E+00
 -3.2558877742E+00 -1.6325827735E+00 -1.1853145710E+00  2.8706166912E-01 -1.1294517304E+00
 -3.2514094229E+00 -1.6327121170E+00 -1.1607192988E+00  2.8821694545E-01 -1.1398409212E+00
 -3.2468801362E+00 -1.6327986717E+00 -1.1361331755E+00  2.8952180206E-01 -1.1488695139E+00
 -3.2422617795E+00 -1.6328070222E+00 -1.1115635105E+00  2.9096318950E-01 -1.1556195546E+00
 -3.2355125904E+00 -1.6323344501E+00 -1.0785784202E+00  2.9310172233E-01 -1.1594036734E+00
</Path of -GradDelSqRho>
<Path of -GradDelSqRho>
Starting CP# =      2
Ending CP# =      0
Number of Points =     32
 -3.2779359690E+00 -1.6316850827E+00 -1.3083513650E+00  2.8413029016E-01 -1.0909191981E+00
 -3.2823117842E+00 -1.6314872931E+00 -1.3329646362E+00  2.8425297689E-01 -1.0937534717E+00
 -3.2866818153E+00 -1.6312882530E+00 -1.3575789249E+00  2.8466188953E-01 -1.1032866264E+00
 -3.2910473263E+00 -1.6310889380E+00 -1.3821940135E+00  2.8537812638E-01 -1.1211844051E+00
 -3.2954092898E+00 -1.6308900280E+00 -1.4068097342E+00  2.8642159294E-01 -1.1492687880E+00
 -3.2997684599E+00 -1.6306919798E+00 -1.4314259568E+00  2.8781027593E-01 -1.1894980058E+00
 -3.3041254233E+00 -1.6304950794E+00 -1.4560425792E+00  2.8955942955E-01 -1.2439193099E+00
 -3.3084806391E+00 -1.6302994781E+00 -1.4806595213E+00  2.9168069417E-01 -1.3145770773E+00
 -3.3128344690E+00 -1.6301052160E+00 -1.5052767191E+00  2.9418119709E-01 -1.4033490583E+00
 -3.3171872018E+00 -1.6299122339E+00 -1.5298941209E+00  2.9706273569E-01 -1.5116737121E+00
 -3.3215390748E+00 -1.6297203726E+00 -1.5545116836E+00  3.0032122407E-01 -1.6401297219E+00
 -3.3258902924E+00 -1.6295293580E+00 -1.5791293686E+00  3.0394670259E-01 -1.7878517253E+00
 -3.3302410454E+00 -1.6293387666E+00 -1.6037471391E+00  3.0792435944E-01 -1.9518401911E+00
 -3.3345915319E+00 -1.6291479614E+00 -1.6283649550E+00  3.1223715843E-01 -2.1263763275E+00
 -3.3389419827E+00 -1.6289559881E+00 -1.6529827682E+00  3.1687072440E-01 -2.3029934723E+00
 -3.3432926846E+00 -1.6287614596E+00 -1.6776005169E+00  3.2182096188E-01 -2.4717370225E+00
 -3.3476439470E+00 -1.6285627166E+00 -1.7022181328E+00  3.2710429099E-01 -2.6246249560E+00
 -3.3519957757E+00 -1.6283595741E+00 -1.7268356128E+00  3.3276922618E-01 -2.7620657996E+00
 -3.3563469929E+00 -1.6281582979E+00 -1.7514532160E+00  3.3890631282E-01 -2.9022523038E+00
 -3.3606955120E+00 -1.6279706291E+00 -1.7760714031E+00  3.4565149785E-01 -3.0921349555E+00
 -3.3650408794E+00 -1.6277997082E+00 -1.8006902688E+00  3.5317654981E-01 -3.4167284237E+00
 -3.3693841176E+00 -1.6276402501E+00 -1.8253095875E+00  3.6166017125E-01 -4.0018101619E+00
 -3.3737261376E+00 -1.6274872736E+00 -1.8499291622E+00  3.7123593557E-01 -5.0042892148E+00
 -3.3780674409E+00 -1.6273379513E+00 -1.8745488857E+00  3.8191873554E-01 -6.5853522147E+00
 -3.3824082799E+00 -1.6271908106E+00 -1.8991687043E+00  3.9351986434E-01 -8.8646573980E+00
 -3.3867487827E+00 -1.6270450665E+00 -1.9237885904E+00  4.0557081130E-01 -1.1860273820E+01
 -3.3910890152E+00 -1.6269002787E+00 -1.9484085299E+00  4.1728428865E-01 -1.5429078661E+01
 -3.3954290113E+00 -1.6267561830E+00 -1.9730285151E+00  4.2758289102E-01 -1.9233213174E+01
 -3.3997687859E+00 -1.6266126014E+00 -1.9976485423E+00  4.3521541916E-01 -2.2762192416E+01
 -3.4041083387E+00 -1.6264693744E+00 -2.0222686107E+00  4.3895574473E-01 -2.5427567828E+01
 -3.4084476384E+00 -1.6263262010E+00 -2.0468887240E+00  4.3784477683E-01 -2.6715349683E+01
 -3.4095323882E+00 -1.6262901604E+00 -2.0530437641E+00  4.3674046583E-01 -2.6782202599E+01
</Path of -GradDelSqRho>
<Path of -GradDelSqRho>
Starting CP# =      3
Ending CP# =     22
Number of Points =     10
 -2.8439547770E+00 -2.8778291208E+00  3.3816754951E-01  2.8590755952E-01 -1.1049163398E+00
 -2.8478916699E+00 -2.8541309395E+00  3.3124677880E-01  2.8605943413E-01 -1.1073191792E+00
 -2.8518164738E+00 -2.8304299098E+00  3.2432889705E-01  2.8645490328E-01 -1.1136342510E+00
 -2.8557255739E+00 -2.8067249380E+00  3.1741563330E-01  2.8707262957E-01 -1.1226216443E+00
 -2.8596138686E+00 -2.7830144692E+00  3.1050949271E-01  2.8789216908E-01 -1.1331583596E+00
 -2.8634737929E+00 -2.7592961971E+00  3.0361424516E-01  2.8889436351E-01 -1.1442141022E+00
 -2.8672932976E+00 -2.7355664695E+00  2.9673593422E-01  2.9006171081E-01 -1.1548237353E+00
 -2.8710509825E+00 -2.7118188771E+00  2.8988531359E-01  2.9137873092E-01 -1.1640564369E+00
 -2.8747010140E+00 -2.6880399689E+00  2.8308543004E-01  2.9283232590E-01 -1.1709807216E+00
 -2.8790278857E+00 -2.6553942198E+00  2.7412864837E-01  2.9501774153E-01 -1.1749308527E+00
</Path of -GradDelSqRho>
<Path of -GradDelSqRho>
Starting CP# =      3
Ending CP# =      0
Number of Points =     32
 -2.8439547770E+00 -2.8778291208E+00  3.3816754951E-01  2.8590755952E-01 -1.1049163398E+00
 -2.8400086560E+00 -2.9015252872E+00  3.4508996387E-01  2.8602107807E-01 -1.1078026944E+00
 -2.8360550460E+00 -2.9252199626E+00  3.5201320885E-01  2.8642175953E-01 -1.1175069598E+00
 -2.8320954848E+00 -2.9489135814E+00  3.5893666906E-01  2.8713078181E-01 -1.1357166685E+00
 -2.8281311648E+00 -2.9726064662E+00  3.6585991801E-01  2.8816808317E-01 -1.1642739655E+00
 -2.8241630191E+00 -2.9962988555E+00  3.7278267079E-01  2.8955162395E-01 -1.2051539425E+00
 -2.8201917832E+00 -3.0199909238E+00  3.7970475047E-01  2.9129656199E-01 -1.2604147583E+00
 -2.8162180422E+00 -3.0436827956E+00  3.8662606488E-01  2.9341436346E-01 -1.3321014985E+00
 -2.8122422666E+00 -3.0673745561E+00  3.9354659189E-01  2.9591190182E-01 -1.4220758007E+00
 -2.8082648434E+00 -3.0910662580E+00  4.0046637260E-01  2.9879064961E-01 -1.5317336054E+00
 -2.8042861016E+00 -3.1147579255E+00  4.0738551287E-01  3.0204615177E-01 -1.6615725958E+00
 -2.8003063379E+00 -3.1384495553E+00  4.1430419469E-01  3.0566808984E-01 -1.8105964802E+00
 -2.7963258425E+00 -3.1621411134E+00  4.2122270128E-01  3.0964139787E-01 -1.9756219496E+00
 -2.7923449294E+00 -3.1858325268E+00  4.2814146266E-01  3.1394903345E-01 -2.1507135915E+00
 -2.7883639746E+00 -3.2095236690E+00  4.3506112883E-01  3.1857705352E-01 -2.3272182603E+00
 -2.7843834468E+00 -3.2332143417E+00  4.4198264791E-01  3.2352244622E-01 -2.4951502934E+00
 -2.7804038279E+00 -3.2569043002E+00  4.4890713343E-01  3.2880354111E-01 -2.6468444565E+00
 -2.7764250047E+00 -3.2805935297E+00  4.5583456956E-01  3.3447161831E-01 -2.7836048639E+00
 -2.7724448156E+00 -3.3042830027E+00  4.6276038776E-01  3.4062059188E-01 -2.9252912554E+00
 -2.7684599159E+00 -3.3279744401E+00  4.6967677073E-01  3.4738970806E-01 -3.1213246028E+00
 -2.7644699209E+00 -3.3516682427E+00  4.7658210576E-01  3.5495280567E-01 -3.4597278637E+00
 -2.7604766183E+00 -3.3753636499E+00  4.8348001878E-01  3.6348784770E-01 -4.0691600257E+00
 -2.7564814645E+00 -3.3990599673E+00  4.9037373253E-01  3.7312313456E-01 -5.1082100638E+00
 -2.7524852417E+00 -3.4227567993E+00  4.9726505730E-01  3.8386239041E-01 -6.7371853957E+00
 -2.7484883412E+00 -3.4464539372E+00  5.0415493693E-01  3.9549952493E-01 -9.0709934273E+00
 -2.7444909616E+00 -3.4701512677E+00  5.1104387616E-01  4.0754386604E-01 -1.2118404786E+01
 -2.7404932062E+00 -3.4938487255E+00  5.1793215926E-01  4.1918483695E-01 -1.5723214372E+01
 -2.7364951282E+00 -3.5175462696E+00  5.2481995830E-01  4.2932626803E-01 -1.9533550263E+01
 -2.7324967510E+00 -3.5412438692E+00  5.3170739285E-01  4.3670914556E-01 -2.3028729612E+01
 -2.7284980728E+00 -3.5649414901E+00  5.3859457913E-01  4.4011547811E-01 -2.5618967780E+01
 -2.7244990324E+00 -3.5886390476E+00  5.4548177334E-01  4.3861142168E-01 -2.6800510907E+01
 -2.7236991327E+00 -3.5933784967E+00  5.4685937389E-01  4.3767248019E-01 -2.6839172407E+01
</Path of -GradDelSqRho>
<Path of -GradDelSqRho>
Starting CP# =      4
Ending CP# =      1
Number of Points =      9
 -3.1008720125E+00 -1.5573595304E+00 -2.2645096969E-01  9.2451562055E+00  2.8065094579E+02
 -3.0960334478E+00 -1.5679169306E+00 -2.0431209918E-01  1.2255908763E+01  2.5010706252E+02
 -3.0911939628E+00 -1.5784794577E+00 -1.8217587533E-01  1.6304976657E+01  7.4676168674E+01
 -3.0863539749E+00 -1.5890446206E+00 -1.6004101936E-01  2.1754215051E+01 -4.4269856783E+02
 -3.0815137452E+00 -1.5996110486E+00 -1.3790682010E-01  2.9054479110E+01 -1.4932982040E+03
 -3.0766732511E+00 -1.6101786328E+00 -1.1577323072E-01  3.8859337578E+01 -3.5561309968E+03
 -3.0718322814E+00 -1.6207478873E+00 -9.3640542859E-02  5.2191518601E+01 -9.5615464717E+03
 -3.0669910494E+00 -1.6313179998E+00 -7.1508322120E-02  7.0069000108E+01 -2.2964659223E+04
 -3.0575350174E+00 -1.6519644462E+00 -2.8284324210E-02  1.2094952489E+02 -7.4497072441E+05
</Path of -GradDelSqRho>
<Path of -GradDelSqRho>
Starting CP# =      4
Ending CP# =     24
Number of Points =     44
 -3.1008720125E+00 -1.5573595304E+00 -2.2645096969E-01  9.2451562055E+00  2.8065094579E+02
 -3.1057093854E+00 -1.5468094110E+00 -2.4859357109E-01  6.9957357737E+00  2.6838507380E+02
 -3.1105457204E+00 -1.5362666351E+00 -2.7073989663E-01  5.3091104967E+00  2.4376351629E+02
 -3.1153815499E+00 -1.5257285998E+00 -2.9288858881E-01  4.0441052228E+00  2.1283914842E+02
 -3.1202170602E+00 -1.5151943493E+00 -3.1503915096E-01  3.0970975147E+00  1.7867936026E+02
 -3.1250521142E+00 -1.5046650319E+00 -3.3719215807E-01  2.3896120736E+00  1.4500263852E+02
 -3.1298864425E+00 -1.4941430087E+00 -3.5934878891E-01  1.8616073083E+00  1.1483518223E+02
 -3.1347197080E+00 -1.4836315892E+00 -3.8151068389E-01  1.4674683421E+00  8.9624829602E+01
 -3.1395515174E+00 -1.4731350980E+00 -4.0367997024E-01  1.1729796060E+00  6.9452176741E+01
 -3.1443814363E+00 -1.4626589416E+00 -4.2585928436E-01  9.5272911909E-01  5.3654867175E+01
 -3.1492090141E+00 -1.4522095973E+00 -4.4805175157E-01  7.8791000321E-01  4.1355921348E+01
 -3.1540338007E+00 -1.4417946494E+00 -4.7026098705E-01  6.6456817254E-01  3.1753911865E+01
 -3.1588553328E+00 -1.4314231141E+00 -4.9249123312E-01  5.7228637848E-01  2.4221582924E+01
 -3.1636730829E+00 -1.4211062273E+00 -5.1474770959E-01  5.0323660107E-01  1.8300278081E+01
 -3.1684863794E+00 -1.4108587283E+00 -5.3703717608E-01  4.5151076240E-01  1.3657269047E+01
 -3.1732943103E+00 -1.4007006328E+00 -5.5936867509E-01  4.1264623895E-01  1.0042332776E+01
 -3.1780956068E+00 -1.3906595832E+00 -5.8175445317E-01  3.8328197162E-01  7.2568873010E+00
 -3.1828884871E+00 -1.3807740126E+00 -6.0421109079E-01  3.6090162104E-01  5.1364000503E+00
 -3.1876704242E+00 -1.3710974968E+00 -6.2676086447E-01  3.4363664458E-01  3.5420295897E+00
 -3.1924377789E+00 -1.3617047956E+00 -6.4943328803E-01  3.3011311838E-01  2.3570847659E+00
 -3.1971851961E+00 -1.3527002102E+00 -6.7226658892E-01  3.1933250194E-01  1.4852089224E+00
 -3.2019045916E+00 -1.3442289914E+00 -6.9530848179E-01  3.1057988465E-01  8.4869502714E-01
 -3.2065834369E+00 -1.3364925025E+00 -7.1861484492E-01  3.0335490485E-01  3.8640437786E-01
 -3.2112018772E+00 -1.3297673326E+00 -7.4224355462E-01  2.9732133679E-01  5.1324248170E-02
 -3.2157280730E+00 -1.3244265745E+00 -7.6623860051E-01  2.9227158424E-01 -1.9200107345E-01
 -3.2201113550E+00 -1.3209556844E+00 -7.9059724568E-01  2.8810166286E-01 -3.6992648379E-01
 -3.2242743327E+00 -1.3199420920E+00 -8.1521421290E-01  2.8478974846E-01 -5.0187330709E-01
 -3.2281096425E+00 -1.3219991615E+00 -8.3981315413E-01  2.8236685551E-01 -6.0209277384E-01
 -3.2314932518E+00 -1.3275923342E+00 -8.6391864428E-01  2.8086794492E-01 -6.8096035783E-01
 -3.2343214914E+00 -1.3368273299E+00 -8.8695093751E-01  2.8027116903E-01 -7.4582510367E-01
 -3.2365516918E+00 -1.3493786019E+00 -9.0843226532E-01  2.8046508344E-01 -8.0159009381E-01
 -3.2382108013E+00 -1.3646455487E+00 -9.2814016498E-01  2.8127211344E-01 -8.5125395586E-01
 -3.2393694914E+00 -1.3819863146E+00 -9.4609672699E-01  2.8249997994E-01 -8.9647754522E-01
 -3.2401105616E+00 -1.4008601522E+00 -9.6246410995E-01  2.8397826370E-01 -9.3808054086E-01
 -3.2405102110E+00 -1.4208611255E+00 -9.7745012518E-01  2.8557002449E-01 -9.7639462016E-01
 -3.2406317070E+00 -1.4416990049E+00 -9.9125669657E-01  2.8716926047E-01 -1.0114818815E+00
 -3.2405254066E+00 -1.4631688739E+00 -1.0040603562E+00  2.8869427776E-01 -1.0432611473E+00
 -3.2402309146E+00 -1.4851251693E+00 -1.0160087783E+00  2.9008142828E-01 -1.0715798971E+00
 -3.2397795071E+00 -1.5074629496E+00 -1.0272235037E+00  2.9128035143E-01 -1.0962559386E+00
 -3.2391962039E+00 -1.5301052029E+00 -1.0378042296E+00  2.9225064664E-01 -1.1171024203E+00
 -3.2385013943E+00 -1.5529944709E+00 -1.0478327627E+00  2.9295963192E-01 -1.1339435267E+00
 -3.2377120911E+00 -1.5760874856E+00 -1.0573757618E+00  2.9338087606E-01 -1.1466247891E+00
 -3.2368429723E+00 -1.5993522621E+00 -1.0664849903E+00  2.9349332455E-01 -1.1550201305E+00
 -3.2355125904E+00 -1.6323344501E+00 -1.0785784202E+00  2.9310172233E-01 -1.1594036734E+00
</Path of -GradDelSqRho>
