 AIMInt (Version 19.10.12, Professional)
 Portions Copyright (c) 1997-2019 by Todd A. Keith
 AIMInt is a component of the AIMAll package ( http://aim.tkgristmill.com )

 TP:  64-bit Mac OS X

 AIMInt is a heavily modified and extended version of the PROAIMV program
 developed by members of R.F.W. Bader's research group

 Much of the Quantum Theory of Atoms in Molecules (QTAIM) is described in the book:
   "Atoms in Molecules - A Quantum Theory"
   R.F.W. Bader, Oxford University Press, Oxford, 1990

 For additional references see:  http://aim.tkgristmill.com/references.html

 Current Directory:  /Users/chemlab/Documents/SubstituentCoding/GraphParametrization/InputGeneration

 Inp File:  HC-C-C-CO_wb97xd_aug-cc-pvtz_atomicfiles/o2.inp
 Wfx File:  HC-C-C-CO_wb97xd_aug-cc-pvtz.wfx
 Out File:  HC-C-C-CO_wb97xd_aug-cc-pvtz_atomicfiles/o2.int

 Wfx Title:   opt freq on HC-C-C-CO_wb97xd_aug-cc-pvtz generated by trim_r_groups           
 Job Title:   opt freq on HC-C-C-CO_wb97xd_aug-cc-pvtz generated by trim_r_groups           
 
<Atom>
O2      
</Atom>
<Nuclei of Molecule>
    15
C1         6.0          -7.8917298359E-01  -1.7281101878E-02   5.9581634580E-01
O2         8.0           1.3122773675E+00  -1.1212588047E+00  -6.4290463087E-01
C3         6.0          -1.1962071689E+00   2.7225901714E+00  -1.8953642964E-01
C4         6.0          -3.0575350093E+00  -1.6519644685E+00  -2.8284338493E-02
H5         1.0          -4.4935892623E-01  -8.3122977510E-02   2.6449821162E+00
H6         1.0          -2.8672341994E+00   3.4863441823E+00   7.4291015557E-01
H7         1.0          -1.4750754071E+00   2.8362606678E+00  -2.2289566013E+00
H8         1.0           4.0206500491E-01   3.9160950267E+00   3.2040955634E-01
H9         1.0          -3.4105473992E+00  -1.6262781454E+00  -2.0588549566E+00
H10        1.0          -2.7228154026E+00  -3.5985543909E+00   5.4834461016E-01
H11        1.0          -4.7384235145E+00  -9.5426284973E-01   9.3623323566E-01
C12        6.0           3.6727001988E+00  -2.1946113400E-01   1.5133281806E-01
H13        1.0           3.8730351917E+00  -3.4061090150E-01   2.2116139136E+00
H14        1.0           4.0074255380E+00   1.7395844271E+00  -4.2579864042E-01
H15        1.0           5.1039999526E+00  -1.4086854029E+00  -7.2361671662E-01
</Nuclei of Molecule>
<Total Number of CPs of DelSqRho>
    35
</Total Number of CPs of DelSqRho>
<Number of (3,+3) CPs of DelSqRho>
     7
</Number of (3,+3) CPs of DelSqRho>
<Number of (3,+1) CPs of DelSqRho>
    11
</Number of (3,+1) CPs of DelSqRho>
<Number of (3,-1) CPs of DelSqRho>
    11
</Number of (3,-1) CPs of DelSqRho>
<Number of (3,-3) CPs of DelSqRho>
     6
</Number of (3,-3) CPs of DelSqRho>
<Number of Degenerate CPs of DelSqRho>
     0
</Number of Degenerate CPs of DelSqRho>
<CP of DelSqRho>
CP# = 1       
Type = (3,+3)
Coords =  1.31227745617328E+00 -1.12125836254011E+00 -6.42904207622523E-01
DistFromNuc =  6.1849865933E-07
Rho =  2.9772402858E+02
DelSqRho = -3.3340124315E+06
GradDelSqRho = -5.3694093367E-06  4.4835614972E-06  1.8725859263E-06
HessDelSqRho_EigVals =  1.3258449806E+11  1.3258450823E+11  1.3258452500E+11
HessDelSqRho_EigVec1 = -3.6038903637E-02  7.2362712718E-01 -6.8924957616E-01
HessDelSqRho_EigVec2 =  8.3413667290E-02  6.8946904121E-01  7.1949607457E-01
HessDelSqRho_EigVec3 =  9.9586312189E-01 -3.1562985127E-02 -8.5208100765E-02
</CP of DelSqRho>
<CP of DelSqRho>
CP# = 2       
Type = (3,+3)
Coords =  6.10258745855614E-02 -4.08242498902245E-01  1.32201366161537E-01
DistFromNuc =  1.6354852056E+00
Rho =  2.6536519780E-01
DelSqRho = -6.4934932179E-01
GradDelSqRho = -9.5079499829E-13  4.4295817014E-13  5.1869619710E-13
HessDelSqRho_EigVals =  4.4657560759E+00  4.7242730834E+00  1.3434372108E+01
HessDelSqRho_EigVec1 =  1.9121185753E-01 -5.5447185367E-01  8.0993764515E-01
HessDelSqRho_EigVec2 =  5.4559336938E-01  7.4598371787E-01  3.8188501929E-01
HessDelSqRho_EigVec3 =  8.1594479031E-01 -3.6887566491E-01 -4.4515709925E-01
</CP of DelSqRho>
<CP of DelSqRho>
CP# = 3       
Type = (3,+3)
Coords =  2.72066281686212E+00 -5.36002767857642E-01 -1.29580153548939E-01
DistFromNuc =  1.6092160270E+00
Rho =  2.7395092131E-01
DelSqRho = -6.7578811701E-01
GradDelSqRho =  1.6653345369E-16  1.0685896612E-15  1.1102230246E-15
HessDelSqRho_EigVals =  4.6237055911E+00  4.8138032000E+00  1.3793776895E+01
HessDelSqRho_EigVec1 =  3.5874181014E-02 -7.1890585673E-01  6.9418110915E-01
HessDelSqRho_EigVec2 = -3.9668096553E-01  6.2731815623E-01  6.7016128093E-01
HessDelSqRho_EigVec3 =  9.1725528329E-01  2.9940991973E-01  2.6267174428E-01
</CP of DelSqRho>
<CP of DelSqRho>
CP# = 4       
Type = (3,+1)
Coords =  1.31999440955811E+00 -9.52753281954877E-01 -6.57330486084324E-01
DistFromNuc =  1.6929787136E-01
Rho =  2.2315848959E+01
DelSqRho =  1.2246576399E+03
GradDelSqRho =  1.8474111130E-13  1.1723955140E-12  6.8212102633E-13
HessDelSqRho_EigVals = -3.9385782520E+05  1.2818958861E+03  4.1711043849E+03
HessDelSqRho_EigVec1 =  4.4501819809E-02  9.9474811580E-01 -9.2172523776E-02
HessDelSqRho_EigVec2 =  9.4190600095E-02  8.7675011982E-02  9.9168605069E-01
HessDelSqRho_EigVec3 =  9.9455905752E-01 -5.2813619262E-02 -8.9794224386E-02
</CP of DelSqRho>
<CP of DelSqRho>
CP# = 5       
Type = (3,+1)
Coords =  1.33001422552877E+00 -1.13186042450502E+00 -4.74900273413532E-01
DistFromNuc =  1.6927035948E-01
Rho =  2.2317536558E+01
DelSqRho =  1.2262095201E+03
GradDelSqRho =  8.3559825725E-12 -1.1482370610E-11  1.5916157281E-11
HessDelSqRho_EigVals = -3.9459756474E+05  1.1072781968E+03  4.0777874615E+03
HessDelSqRho_EigVec1 =  1.0406004248E-01 -6.9729449429E-02  9.9212363717E-01
HessDelSqRho_EigVec2 =  4.3780805460E-02  9.9689345892E-01  6.5472686185E-02
HessDelSqRho_EigVec3 = -9.9360693870E-01  3.6622881445E-02  1.0678958715E-01
</CP of DelSqRho>
<CP of DelSqRho>
CP# = 6       
Type = (3,-1)
Coords =  1.33097156899235E+00 -1.00885527232365E+00 -5.17011807239190E-01
DistFromNuc =  1.6980291608E-01
Rho =  2.2132995133E+01
DelSqRho =  1.2290417596E+03
GradDelSqRho =  8.8107299234E-13 -3.7516656448E-12 -1.5063505998E-11
HessDelSqRho_EigVals = -3.8569820104E+05 -7.0944164238E+02  3.3397325772E+03
HessDelSqRho_EigVec1 =  1.0976015223E-01  6.6144492148E-01  7.4191867805E-01
HessDelSqRho_EigVec2 = -3.2377923454E-02  7.4841170614E-01 -6.6244364906E-01
HessDelSqRho_EigVec3 =  9.9343061109E-01 -4.8688129601E-02 -1.0356199584E-01
</CP of DelSqRho>
<CP of DelSqRho>
CP# = 7       
Type = (3,-1)
Coords =  1.31983381938517E+00 -1.23855486530807E+00 -7.60473047453595E-01
DistFromNuc =  1.6624619805E-01
Rho =  2.2922412718E+01
DelSqRho =  1.3085009997E+03
GradDelSqRho =  8.8107299234E-13 -8.0717654782E-12  6.9917405199E-12
HessDelSqRho_EigVals = -4.7015342920E+05 -3.6761567111E+03  7.5997618233E+02
HessDelSqRho_EigVec1 = -4.3791198482E-02  7.0574454613E-01  7.0711170726E-01
HessDelSqRho_EigVec2 = -3.7524420195E-02  7.0612930433E-01 -7.0708791777E-01
HessDelSqRho_EigVec3 =  9.9833573953E-01  5.7498184179E-02  4.4395936205E-03
</CP of DelSqRho>
<CP of DelSqRho>
CP# = 8       
Type = (3,-3)
Coords =  1.42102118675559E+00 -1.20786486432877E+00 -7.34919406560953E-01
DistFromNuc =  1.6671096762E-01
Rho =  2.2758645508E+01
DelSqRho =  1.3104249477E+03
GradDelSqRho = -1.2846612663E-11 -8.8107299234E-12  6.5654148784E-12
HessDelSqRho_EigVals = -4.5976526768E+05 -4.2774946972E+03 -1.0460851187E+03
HessDelSqRho_EigVec1 =  6.4729393649E-01 -5.2274915606E-01 -5.5474668059E-01
HessDelSqRho_EigVec2 =  3.3675946512E-02 -7.0746130681E-01  7.0594931121E-01
HessDelSqRho_EigVec3 = -7.6149621825E-01 -4.7563832816E-01 -4.4033134158E-01
</CP of DelSqRho>
<CP of DelSqRho>
CP# = 9       
Type = (3,-3)
Coords =  1.17423182936630E+00 -1.19114367798141E+00 -7.04822071659180E-01
DistFromNuc =  1.6665603975E-01
Rho =  2.2757737976E+01
DelSqRho =  1.3146309632E+03
GradDelSqRho =  4.2291503632E-11  4.0614622776E-11  3.2677860418E-11
HessDelSqRho_EigVals = -4.6168278271E+05 -4.5492786855E+03 -1.5512220831E+03
HessDelSqRho_EigVec1 =  8.2472941821E-01  4.2306681122E-01  3.7528104132E-01
HessDelSqRho_EigVec2 =  4.2750420022E-02 -7.0833533634E-01  7.0458033813E-01
HessDelSqRho_EigVec3 = -5.6390937953E-01  5.6504471021E-01  6.0227127371E-01
</CP of DelSqRho>
<CP of DelSqRho>
CP# = 10      
Type = (3,-1)
Coords =  1.99768278038741E+00 -1.26831815331096E+00 -8.29048369442881E-01
DistFromNuc =  7.2529754129E-01
Rho =  6.4917367656E-01
DelSqRho = -1.1314635589E+00
GradDelSqRho = -1.1102230246E-15  1.2434497876E-14  3.1530333899E-14
HessDelSqRho_EigVals = -1.3043507290E+01 -1.0401962593E+01  1.4345729487E+02
HessDelSqRho_EigVec1 =  3.8387881004E-01  6.7155099590E-01  6.3376361454E-01
HessDelSqRho_EigVec2 =  4.3910680931E-02 -6.9884917735E-01  7.1391993908E-01
HessDelSqRho_EigVec3 =  9.2233882674E-01 -2.4622974481E-01 -2.9776165211E-01
</CP of DelSqRho>
<CP of DelSqRho>
CP# = 11      
Type = (3,-1)
Coords =  5.98872163029287E-01 -1.21417307430450E+00 -6.95180166267982E-01
DistFromNuc =  7.2132709563E-01
Rho =  6.5972382561E-01
DelSqRho = -1.1944363448E+00
GradDelSqRho = -2.2204460493E-14 -8.8817841970E-15 -1.3322676296E-15
HessDelSqRho_EigVals = -1.3273648582E+01 -1.0877021611E+01  1.4855779962E+02
HessDelSqRho_EigVec1 = -2.0192485126E-01  7.0392832285E-01  6.8096348708E-01
HessDelSqRho_EigVec2 =  3.7108009858E-02 -6.8928767053E-01  7.2353680131E-01
HessDelSqRho_EigVec3 =  9.7869778280E-01  1.7136926078E-01  1.1306293120E-01
</CP of DelSqRho>
<CP of DelSqRho>
CP# = 12      
Type = (3,-1)
Coords =  1.39492325071448E+00 -6.15070267158273E-01 -1.24855004154994E-01
DistFromNuc =  7.2899423409E-01
Rho =  6.4826654199E-01
DelSqRho = -1.1605539339E+00
GradDelSqRho =  5.7731597281E-15  4.4408920985E-14  4.1744385726E-14
HessDelSqRho_EigVals = -1.1388580258E+01 -5.8921993542E+00  1.3185888092E+02
HessDelSqRho_EigVec1 =  9.9345134402E-01 -4.7191456025E-02 -1.0405476220E-01
HessDelSqRho_EigVec2 = -3.8432756487E-02  7.1962360408E-01 -6.9329992909E-01
HessDelSqRho_EigVec3 =  1.0759809611E-01  6.9275885770E-01  7.1309733893E-01
</CP of DelSqRho>
<CP of DelSqRho>
CP# = 13      
Type = (3,+3)
Coords =  1.30448757602559E+00 -1.71078597083994E+00 -4.21104455107207E-01
DistFromNuc =  6.2991926339E-01
Rho =  9.9339924389E-01
DelSqRho = -4.9062217116E+00
GradDelSqRho =  3.8857805862E-15 -9.2370555649E-14  7.1054273576E-15
HessDelSqRho_EigVals =  1.1345360095E+01  2.7293788698E+01  3.8716623475E+02
HessDelSqRho_EigVec1 =  9.4176205572E-02  3.5246598470E-01  9.3107388103E-01
HessDelSqRho_EigVec2 =  9.9548521880E-01 -4.4455789801E-02 -8.3862160107E-02
HessDelSqRho_EigVec3 =  1.1833065904E-02  9.3476810621E-01 -3.5506135550E-01
</CP of DelSqRho>
<CP of DelSqRho>
CP# = 14      
Type = (3,+3)
Coords =  1.25940767595969E+00 -9.03162214588420E-01 -1.23297588258845E+00
DistFromNuc =  6.3130452955E-01
Rho =  9.8550096561E-01
DelSqRho = -4.8183302695E+00
GradDelSqRho =  2.3758772727E-14 -3.2862601529E-14  5.3290705182E-14
HessDelSqRho_EigVals =  1.0806531223E+01  2.6477391890E+01  3.7909689028E+02
HessDelSqRho_EigVec1 =  6.2713009734E-02  9.3644677772E-01  3.4515867496E-01
HessDelSqRho_EigVec2 =  9.9458297415E-01 -2.9914564745E-02 -9.9548110676E-02
HessDelSqRho_EigVec3 =  8.2896235941E-02 -3.4953190314E-01  9.3325005371E-01
</CP of DelSqRho>
<CP of DelSqRho>
CP# = 15      
Type = (3,+1)
Coords =  8.21501743020653E-01 -9.89989686443478E-01 -1.29736905293198E-01
DistFromNuc =  7.2210346184E-01
Rho =  7.0522322124E-01
DelSqRho = -2.2729804317E+00
GradDelSqRho =  1.4210854715E-14  3.5527136788E-15  1.5543122345E-15
HessDelSqRho_EigVals = -4.2115442703E+00  1.1517349717E+01  1.5083952454E+02
HessDelSqRho_EigVec1 = -3.1278380823E-01  8.6094454940E-01 -4.0117424166E-01
HessDelSqRho_EigVec2 =  6.9600382203E-01  4.9516176826E-01  5.1999375283E-01
HessDelSqRho_EigVec3 = -6.4633193410E-01  1.1657317923E-01  7.5409928050E-01
</CP of DelSqRho>
<CP of DelSqRho>
CP# = 16      
Type = (3,+1)
Coords =  1.88085205037104E+00 -6.71795244845155E-01 -5.91880623151727E-01
DistFromNuc =  7.2656597155E-01
Rho =  6.9382248125E-01
DelSqRho = -2.1848613315E+00
GradDelSqRho =  1.2301271113E-13  1.0658141036E-13  1.5987211555E-14
HessDelSqRho_EigVals = -4.1801178642E+00  1.0871526911E+01  1.4546749494E+02
HessDelSqRho_EigVec1 =  3.9169840825E-01 -4.4173500986E-01  8.0711990314E-01
HessDelSqRho_EigVec2 = -5.4387569143E-01  5.9639407340E-01  5.9035018547E-01
HessDelSqRho_EigVec3 =  7.4213987175E-01  6.7021212334E-01  6.6423246719E-03
</CP of DelSqRho>
<CP of DelSqRho>
CP# = 17      
Type = (3,+1)
Coords =  8.03452482552252E-01 -6.34670965026873E-01 -4.81824823032572E-01
DistFromNuc =  7.2223070678E-01
Rho =  7.0509815287E-01
DelSqRho = -2.2836487882E+00
GradDelSqRho = -1.5543122345E-15  1.5765166950E-14  1.7763568394E-15
HessDelSqRho_EigVals = -3.7670394742E+00  1.1452581736E+01  1.5069525685E+02
HessDelSqRho_EigVec1 = -2.4558856151E-01 -4.2185971909E-01  8.7276608313E-01
HessDelSqRho_EigVec2 =  6.9397581389E-01  5.5210551711E-01  4.6214399024E-01
HessDelSqRho_EigVec3 = -6.7681890355E-01  7.1917583065E-01  1.5716964215E-01
</CP of DelSqRho>
<CP of DelSqRho>
CP# = 18      
Type = (3,+3)
Coords =  1.94144192436569E+00 -8.23419424303212E-01 -3.91220787960618E-01
DistFromNuc =  7.4020341320E-01
Rho =  6.7621749956E-01
DelSqRho = -2.2252338048E+00
GradDelSqRho = -9.7699626167E-15  2.8865798640E-15 -5.3290705182E-15
HessDelSqRho_EigVals =  2.5868497429E+00  1.2793644701E+01  1.2960729989E+02
HessDelSqRho_EigVec1 =  5.5898261383E-02 -7.0536678942E-01  7.0663503788E-01
HessDelSqRho_EigVec2 = -5.3920175502E-01  5.7433370359E-01  6.1595638182E-01
HessDelSqRho_EigVec3 =  8.4031949386E-01  4.1544974342E-01  3.4823075531E-01
</CP of DelSqRho>
<CP of DelSqRho>
CP# = 19      
Type = (3,+1)
Coords =  1.24661481858881E+00 -1.56920341097377E+00 -1.10364931933512E+00
DistFromNuc =  6.4595015948E-01
Rho =  9.1593092034E-01
DelSqRho = -3.9793633047E+00
GradDelSqRho = -8.8817841970E-16  4.2632564146E-14  3.9079850467E-14
HessDelSqRho_EigVals = -7.0105914382E+00  2.0080319272E+01  3.2086916391E+02
HessDelSqRho_EigVec1 = -3.7567653511E-02  7.1889757811E-01 -6.9410009624E-01
HessDelSqRho_EigVec2 =  9.9414826106E-01 -4.3511529797E-02 -9.8873564740E-02
HessDelSqRho_EigVec3 =  1.0128132325E-01  6.9375285150E-01  7.1305615108E-01
</CP of DelSqRho>
<CP of DelSqRho>
CP# = 20      
Type = (3,+1)
Coords =  1.90304491508000E+00 -1.04124219372683E+00 -2.27471433328935E-01
DistFromNuc =  7.2663174642E-01
Rho =  6.9394974749E-01
DelSqRho = -2.1768792237E+00
GradDelSqRho = -4.0245584643E-14  1.7763568394E-15 -3.7747582837E-14
HessDelSqRho_EigVals = -4.5168914758E+00  1.0936926853E+01  1.4541034155E+02
HessDelSqRho_EigVec1 =  3.1717845482E-01  8.3283097055E-01 -4.5364127049E-01
HessDelSqRho_EigVec2 = -5.4031391900E-01  5.5180647335E-01  6.3527197711E-01
HessDelSqRho_EigVec3 =  7.7939636689E-01  4.3614108588E-02  6.2501129014E-01
</CP of DelSqRho>
<CP of DelSqRho>
CP# = 21      
Type = (3,+3)
Coords =  7.74601131333783E-01 -7.73547568328330E-01 -2.83803961849557E-01
DistFromNuc =  7.3413359096E-01
Rho =  6.8880464376E-01
DelSqRho = -2.3156559119E+00
GradDelSqRho = -3.7996272795E-12  4.3551828810E-12  8.2023277059E-13
HessDelSqRho_EigVals =  2.3324124422E+00  1.3168462013E+01  1.3639929905E+02
HessDelSqRho_EigVec1 =  1.9590826218E-02 -6.9803534592E-01  7.1579526079E-01
HessDelSqRho_EigVec2 =  6.9136717159E-01  5.2663111944E-01  4.9464239415E-01
HessDelSqRho_EigVec3 =  7.2223793419E-01 -4.8518689170E-01 -4.9291586152E-01
</CP of DelSqRho>
<CP of DelSqRho>
CP# = 22      
Type = (3,-3)
Coords =  1.38087770732639E+00  4.41695892511918E-02 -4.43074506957065E-01
DistFromNuc =  1.1844245128E+00
Rho =  2.4166638931E-01
DelSqRho =  7.4263097183E-01
GradDelSqRho = -1.6653345369E-16 -6.1062266354E-16 -1.8873791419E-15
HessDelSqRho_EigVals = -1.5880173364E+01 -1.3620284114E+00 -1.6788575289E-01
HessDelSqRho_EigVec1 =  5.9025142136E-02  9.8204780237E-01  1.7915955587E-01
HessDelSqRho_EigVec2 =  9.9440576747E-01 -4.2094086295E-02 -9.6877538808E-02
HessDelSqRho_EigVec3 =  8.7596816280E-02 -1.8387550615E-01  9.7903860803E-01
</CP of DelSqRho>
<CP of DelSqRho>
CP# = 23      
Type = (3,-1)
Coords =  1.20790886720745E+00 -1.98880735359926E+00 -1.46567039130577E+00
DistFromNuc =  1.2001986357E+00
Rho =  2.4005180802E-01
DelSqRho =  6.3605314979E-01
GradDelSqRho =  2.2593038551E-13  2.1064261446E-12  1.7469359292E-12
HessDelSqRho_EigVals = -1.6245008752E+01 -6.7761531400E-02  1.9981563778E-01
HessDelSqRho_EigVec1 =  8.5462326672E-02  7.2221068413E-01  6.8637301699E-01
HessDelSqRho_EigVec2 =  4.3411836706E-02 -6.9093834500E-01  7.2160904640E-01
HessDelSqRho_EigVec3 =  9.9539519948E-01 -3.1873674720E-02 -9.0401690837E-02
</CP of DelSqRho>
<CP of DelSqRho>
CP# = 24      
Type = (3,-3)
Coords =  1.43593541818650E+00 -8.15879391247195E-01  4.92878191637189E-01
DistFromNuc =  1.1826032807E+00
Rho =  2.4221081185E-01
DelSqRho =  7.5619102606E-01
GradDelSqRho = -1.3183898417E-16 -9.9920072216E-16 -4.6629367034E-15
HessDelSqRho_EigVals = -1.5617803234E+01 -1.5583020640E+00 -2.3236164329E-01
HessDelSqRho_EigVec1 =  1.0496234989E-01  2.6738362447E-01  9.5785641015E-01
HessDelSqRho_EigVec2 = -9.9446710524E-01  3.2339270159E-02  9.9946726844E-02
HessDelSqRho_EigVec3 =  4.2522591437E-03  9.6304733475E-01 -2.6929862481E-01
</CP of DelSqRho>
<CP of DelSqRho>
CP# = 25      
Type = (3,+1)
Coords =  2.36903287875828E+00 -6.82817451039362E-01 -2.59653385976116E-01
DistFromNuc =  1.2065838338E+00
Rho =  3.4835937081E-01
DelSqRho = -3.3443710792E-01
GradDelSqRho =  1.1102230246E-15  3.7747582837E-15  2.8865798640E-15
HessDelSqRho_EigVals = -1.4072542180E+01  6.0836893987E+00  6.6946598259E+00
HessDelSqRho_EigVec1 =  8.8332600147E-01  3.5219710172E-01  3.0934184437E-01
HessDelSqRho_EigVec2 = -4.4459852190E-02  7.1988844132E-01 -6.9266438742E-01
HessDelSqRho_EigVec3 = -4.6664600789E-01  5.9809517102E-01  6.5155480946E-01
</CP of DelSqRho>
<CP of DelSqRho>
CP# = 26      
Type = (3,-3)
Coords =  2.30266560309325E+00 -1.54468838293883E+00 -1.07636141434041E+00
DistFromNuc =  1.1610539384E+00
Rho =  2.3589290402E-01
DelSqRho =  7.8941052874E-01
GradDelSqRho = -2.7964297544E-12  7.9647399787E-13  1.8616219677E-12
HessDelSqRho_EigVals = -1.5702811900E+01 -1.0682288702E+00 -3.9930758813E-01
HessDelSqRho_EigVec1 =  8.4386305087E-01 -3.7247970243E-01 -3.8620463831E-01
HessDelSqRho_EigVec2 =  5.3600441459E-01  6.1791192086E-01  5.7522528248E-01
HessDelSqRho_EigVec3 =  2.4380707861E-02 -6.9241875288E-01  7.2108380355E-01
</CP of DelSqRho>
<CP of DelSqRho>
CP# = 27      
Type = (3,-3)
Coords =  2.25363714153544E-01 -1.47330131473322E+00 -8.48823743050574E-01
DistFromNuc =  1.1609125288E+00
Rho =  2.3668759572E-01
DelSqRho =  7.9733930548E-01
GradDelSqRho = -2.1371793224E-15  3.8857805862E-16  1.8041124150E-15
HessDelSqRho_EigVals = -1.5809634142E+01 -1.0938965782E+00 -4.1577110994E-01
HessDelSqRho_EigVec1 =  9.3055951525E-01  3.1016385183E-01  1.9456971399E-01
HessDelSqRho_EigVec2 = -3.5894128714E-01  6.6792979696E-01  6.5194396901E-01
HessDelSqRho_EigVec3 =  7.2250543046E-02 -6.7651176734E-01  7.3287904028E-01
</CP of DelSqRho>
<CP of DelSqRho>
CP# = 28      
Type = (3,+1)
Coords =  3.87572116186616E-01 -5.94260028653964E-01 -6.72445682674642E-02
DistFromNuc =  1.2100380240E+00
Rho =  3.4265860875E-01
DelSqRho = -2.7952214794E-01
GradDelSqRho = -1.5543122345E-15  1.8318679906E-15 -1.3877787808E-16
HessDelSqRho_EigVals = -1.4074630151E+01  5.7242340923E+00  6.3449290140E+00
HessDelSqRho_EigVec1 =  7.7491592253E-01 -4.2511238727E-01 -4.6774434385E-01
HessDelSqRho_EigVec2 = -4.1079791355E-02  7.0458805465E-01 -7.0842651276E-01
HessDelSqRho_EigVec3 =  6.3072796335E-01  5.6818582473E-01  5.2853297420E-01
</CP of DelSqRho>
<CP of DelSqRho>
CP# = 29      
Type = (3,-1)
Coords =  1.91357739530049E+00 -1.82585372557525E+00  1.29912446712652E-01
DistFromNuc =  1.2063423897E+00
Rho =  2.4181513018E-01
DelSqRho =  6.4807384645E-01
GradDelSqRho = -2.7078339571E-13  3.9784842087E-13 -5.5339066662E-13
HessDelSqRho_EigVals = -1.5776224367E+01 -4.2562388547E-01  3.2945113741E-01
HessDelSqRho_EigVec1 =  4.9677877952E-01 -5.8933754061E-01  6.3709662332E-01
HessDelSqRho_EigVec2 = -6.8653712385E-01 -7.1592971091E-01 -1.2693079454E-01
HessDelSqRho_EigVec3 = -5.3092148364E-01  3.7433395819E-01  7.6026078812E-01
</CP of DelSqRho>
<CP of DelSqRho>
CP# = 30      
Type = (3,-1)
Coords =  8.34084893323412E-01 -1.76464226495387E+00  2.58590866202870E-01
DistFromNuc =  1.2063600004E+00
Rho =  2.4243141886E-01
DelSqRho =  6.4838979818E-01
GradDelSqRho =  1.5543122345E-15 -3.8857805862E-16 -2.5535129566E-15
HessDelSqRho_EigVals = -1.5888424310E+01 -4.1902399398E-01  3.5303952192E-01
HessDelSqRho_EigVec1 = -3.9429242472E-01 -5.3754739639E-01  7.4536989505E-01
HessDelSqRho_EigVec2 =  5.8183244452E-01 -7.7383699898E-01 -2.5029443763E-01
HessDelSqRho_EigVec3 =  7.1133992600E-01  3.3499118740E-01  6.1788058235E-01
</CP of DelSqRho>
<CP of DelSqRho>
CP# = 31      
Type = (3,-1)
Coords =  1.84550734219930E+00 -3.59130202525563E-01 -1.40860678554591E+00
DistFromNuc =  1.2047713484E+00
Rho =  2.4109333984E-01
DelSqRho =  6.5102788274E-01
GradDelSqRho = -1.3405943022E-13 -1.9204082768E-13  2.0217161278E-13
HessDelSqRho_EigVals = -1.5870144655E+01 -4.2276640801E-01  3.0122553424E-01
HessDelSqRho_EigVec1 =  4.4233709766E-01  6.2686009883E-01 -6.4139247620E-01
HessDelSqRho_EigVec2 =  6.9681815531E-01  2.1001031179E-01  6.8581347855E-01
HessDelSqRho_EigVec3 =  5.6460813885E-01 -7.5029466574E-01 -3.4391214591E-01
</CP of DelSqRho>
<CP of DelSqRho>
CP# = 32      
Type = (3,-1)
Coords =  7.04334099145720E-01 -3.11276728413354E-01 -1.29615982607553E+00
DistFromNuc =  1.2051590483E+00
Rho =  2.4165921465E-01
DelSqRho =  6.5261706820E-01
GradDelSqRho =  9.4368957093E-16  3.5527136788E-15  2.1094237468E-15
HessDelSqRho_EigVals = -1.5912568459E+01 -4.3497462633E-01  2.9394479927E-01
HessDelSqRho_EigVec1 = -5.0534368311E-01  6.6704941076E-01 -5.4742382625E-01
HessDelSqRho_EigVec2 = -5.3066647832E-01  2.6001727220E-01  8.0671191075E-01
HessDelSqRho_EigVec3 =  6.8045635476E-01  6.9816624221E-01  2.2258267566E-01
</CP of DelSqRho>
<CP of DelSqRho>
CP# = 33      
Type = (3,+1)
Coords =  1.21117222588834E+00 -8.47665518860157E-01 -1.81911445667072E+00
DistFromNuc =  1.2118354220E+00
Rho =  2.4330927164E-01
DelSqRho =  6.1118743526E-01
GradDelSqRho =  7.9276862852E-16 -1.0408340856E-15 -9.9226182826E-16
HessDelSqRho_EigVals = -1.6400040411E+01  1.0983378388E-01  2.3106050581E-01
HessDelSqRho_EigVec1 =  8.2529840743E-02 -2.2139488805E-01  9.7168571510E-01
HessDelSqRho_EigVec2 =  6.9683856903E-02  9.7390744426E-01  2.1598252266E-01
HessDelSqRho_EigVec3 =  9.9414937785E-01 -4.9885805127E-02 -9.5804075972E-02
</CP of DelSqRho>
<CP of DelSqRho>
CP# = 34      
Type = (3,+1)
Coords =  1.30310421020087E+00 -2.27712485282747E+00 -2.75513628416980E-01
DistFromNuc =  1.2128835957E+00
Rho =  2.4431615317E-01
DelSqRho =  6.1038227693E-01
GradDelSqRho = -3.6082248300E-16 -6.4392935428E-15  9.8532293435E-16
HessDelSqRho_EigVals = -1.6453893951E+01  1.0805342602E-01  2.6874917308E-01
HessDelSqRho_EigVec1 =  7.2803074256E-03  9.5403437754E-01 -2.9960875088E-01
HessDelSqRho_EigVec2 =  9.0406132497E-02  2.9776172618E-01  9.5034977015E-01
HessDelSqRho_EigVec3 =  9.9587837025E-01 -3.4005306918E-02 -8.4082761437E-02
</CP of DelSqRho>
<CP of DelSqRho>
CP# = 35      
Type = (3,-1)
Coords =  1.41953133679589E+00 -1.81184736388369E-01  6.44720325276825E-02
DistFromNuc =  1.1813654861E+00
Rho =  2.4448878592E-01
DelSqRho =  7.3373693078E-01
GradDelSqRho =  1.4988010832E-15  5.9952043330E-15  8.5487172896E-15
HessDelSqRho_EigVals = -1.4597989823E+01 -2.1293389647E+00  1.4423016710E-01
HessDelSqRho_EigVec1 =  9.1922001163E-02  7.9437066326E-01  6.0043783613E-01
HessDelSqRho_EigVec2 = -9.9454837443E-01  4.3427726973E-02  9.4802760795E-02
HessDelSqRho_EigVec3 =  4.9232881560E-02 -6.0587893335E-01  7.9403201541E-01
</CP of DelSqRho>
<Path of -GradDelSqRho>
Starting CP# =      4
Ending CP# =     14
Number of Points =     48
  1.3199944096E+00 -9.5275328195E-01 -6.5733048608E-01  2.2315848959E+01  1.2246576399E+03
  1.3211011619E+00 -9.2788781809E-01 -6.5967215343E-01  1.5458465001E+01  1.1448881620E+03
  1.3222026553E+00 -9.0302534161E-01 -6.6204785712E-01  1.0804111698E+01  9.7683175825E+02
  1.3233029780E+00 -8.7816354897E-01 -6.6443124645E-01  7.6548486692E+00  7.7004755628E+02
  1.3243999661E+00 -8.5330368798E-01 -6.6683620785E-01  5.5317830650E+00  5.7103522819E+02
  1.3254902129E+00 -8.2844777858E-01 -6.6928465007E-01  4.1012565714E+00  4.0841886088E+02
  1.3265700846E+00 -8.0359809957E-01 -6.7179996271E-01  3.1349080766E+00  2.8704402617E+02
  1.3276360139E+00 -7.7875708860E-01 -6.7440516838E-01  2.4793804561E+00  1.9966899756E+02
  1.3286848312E+00 -7.5392719405E-01 -6.7712087823E-01  2.0322564840E+00  1.3713838209E+02
  1.3297136521E+00 -7.2911097979E-01 -6.7996611331E-01  1.7247514087E+00  9.2336166948E+01
  1.3307191414E+00 -7.0431169464E-01 -6.8296312654E-01  1.5103171733E+00  6.0444637785E+01
  1.3316965140E+00 -6.7953421725E-01 -6.8614396701E-01  1.3574035041E+00  3.8148742733E+01
  1.3326385175E+00 -6.5478636644E-01 -6.8955724844E-01  1.2447767860E+00  2.2971699543E+01
  1.3335342451E+00 -6.3008096788E-01 -6.9327614171E-01  1.1583474840E+00  1.2954687617E+01
  1.3343673816E+00 -6.0543963342E-01 -6.9741014167E-01  1.0889337481E+00  6.5490921632E+00
  1.3351132516E+00 -5.8090034341E-01 -7.0212451345E-01  1.0306697128E+00  2.5762491231E+00
  1.3357333732E+00 -5.5653406292E-01 -7.0767513473E-01  9.7989877088E-01  1.8427358571E-01
  1.3361640311E+00 -5.3248599516E-01 -7.1447858236E-01  9.3445708509E-01 -1.2112247331E+00
  1.3362879003E+00 -5.0909884672E-01 -7.2327613062E-01  8.9333609108E-01 -1.9931705059E+00
  1.3358522646E+00 -4.8738329629E-01 -7.3555581882E-01  8.5703173600E-01 -2.4055296218E+00
  1.3342949918E+00 -4.7098496716E-01 -7.5404937484E-01  8.3017865851E-01 -2.6106967567E+00
  1.3313257071E+00 -4.6661863867E-01 -7.7818549282E-01  8.2181711477E-01 -2.7351997737E+00
  1.3278470666E+00 -4.7129879009E-01 -8.0244459587E-01  8.2650676557E-01 -2.8474263979E+00
  1.3243077415E+00 -4.7940271103E-01 -8.2581985656E-01  8.3538405919E-01 -2.9601272344E+00
  1.3207773300E+00 -4.8903223405E-01 -8.4861635326E-01  8.4542969461E-01 -3.0741462017E+00
  1.3172721516E+00 -4.9965151750E-01 -8.7097404865E-01  8.5575771567E-01 -3.1891236232E+00
  1.3138018323E+00 -5.1109674889E-01 -8.9292623242E-01  8.6607681121E-01 -3.3045339074E+00
  1.3103748578E+00 -5.2330776578E-01 -9.1446888402E-01  8.7626561700E-01 -3.4197967374E+00
  1.3069992646E+00 -5.3625350727E-01 -9.3558650285E-01  8.8625183613E-01 -3.5342984521E+00
  1.3036826976E+00 -5.4991112786E-01 -9.5626043506E-01  8.9597773530E-01 -3.6474022694E+00
  1.3004324055E+00 -5.6426024738E-01 -9.7647134209E-01  9.0539079228E-01 -3.7584571195E+00
  1.2972552417E+00 -5.7928141110E-01 -9.9619982837E-01  9.1444160335E-01 -3.8668067221E+00
  1.2941576710E+00 -5.9495566881E-01 -1.0154265269E+00  9.2308380563E-01 -3.9717991188E+00
  1.2911457704E+00 -6.1126441956E-01 -1.0341320481E+00  9.3127449647E-01 -4.0727965215E+00
  1.2882252224E+00 -6.2818929964E-01 -1.0522969121E+00  9.3897471944E-01 -4.1691852338E+00
  1.2854012925E+00 -6.4571206384E-01 -1.0699014997E+00  9.4614989895E-01 -4.2603853797E+00
  1.2826787904E+00 -6.6381445541E-01 -1.0869260266E+00  9.5277019384E-01 -4.3458601719E+00
  1.2800620070E+00 -6.8247807053E-01 -1.1033505416E+00  9.5881076552E-01 -4.4251244741E+00
  1.2775546233E+00 -7.0168422399E-01 -1.1191549408E+00  9.6425196409E-01 -4.4977524355E+00
  1.2751595823E+00 -7.2141382167E-01 -1.1343189960E+00  9.6907943791E-01 -4.5633840149E+00
  1.2728789111E+00 -7.4164724335E-01 -1.1488223889E+00  9.7328417263E-01 -4.6217302488E+00
  1.2707134774E+00 -7.6236423783E-01 -1.1626447476E+00  9.7686246540E-01 -4.6725771614E+00
  1.2686626518E+00 -7.8354383044E-01 -1.1757656784E+00  9.7981583939E-01 -4.7157882615E+00
  1.2667238353E+00 -8.0516424169E-01 -1.1881647878E+00  9.8215090354E-01 -4.7513056109E+00
  1.2648917783E+00 -8.2720281364E-01 -1.1998216841E+00  9.8387916221E-01 -4.7791494942E+00
  1.2631575535E+00 -8.4963593719E-01 -1.2107159449E+00  9.8501677907E-01 -4.7994167559E+00
  1.2615068668E+00 -8.7243896493E-01 -1.2208270154E+00  9.8558430006E-01 -4.8122779036E+00
  1.2594076760E+00 -9.0316221459E-01 -1.2329758826E+00  9.8550096561E-01 -4.8183302695E+00
</Path of -GradDelSqRho>
<Path of -GradDelSqRho>
Starting CP# =      4
Ending CP# =      1
Number of Points =      7
  1.3199944096E+00 -9.5275328195E-01 -6.5733048608E-01  2.2315848959E+01  1.2246576399E+03
  1.3188745351E+00 -9.7762596895E-01 -6.5507338181E-01  3.2450837236E+01  9.8516930892E+02
  1.3177429536E+00 -1.0025048645E+00 -6.5289167473E-01  4.7536244564E+01 -7.2199483127E+02
  1.3166061232E+00 -1.0273864646E+00 -6.5074375504E-01  6.9931708635E+01 -6.1770304832E+03
  1.3154657097E+00 -1.0522698797E+00 -6.4861890370E-01  1.0313289211E+02 -1.9867193765E+04
  1.3143191544E+00 -1.0771563660E+00 -6.4653368414E-01  1.5293751312E+02 -7.2679164080E+04
  1.3122774562E+00 -1.1212583625E+00 -6.4290420762E-01  2.9772402858E+02 -3.3340124315E+06
</Path of -GradDelSqRho>
<Path of -GradDelSqRho>
Starting CP# =      5
Ending CP# =     13
Number of Points =     48
  1.3300142255E+00 -1.1318604245E+00 -4.7490027341E-01  2.2317536558E+01  1.2262095201E+03
  1.3326118305E+00 -1.1336418232E+00 -4.5009949407E-01  1.5457166819E+01  1.1463191459E+03
  1.3352058944E+00 -1.1354580990E+00 -4.2530086574E-01  1.0800900118E+01  9.7808689938E+02
  1.3377991726E+00 -1.1372823014E+00 -4.0050273716E-01  7.6504330698E+00  7.7112242107E+02
  1.3403902096E+00 -1.1391285783E+00 -3.7570600960E-01  5.5266461887E+00  5.7193466054E+02
  1.3429767071E+00 -1.1410193189E+00 -3.5091216233E-01  4.0957270455E+00  4.0916679036E+02
  1.3455562070E+00 -1.1429784597E+00 -3.2612290256E-01  3.1292099198E+00  2.8767206582E+02
  1.3481262883E+00 -1.1450295939E+00 -3.0134011352E-01  2.4736695220E+00  2.0020383437E+02
  1.3506847926E+00 -1.1471938773E+00 -2.7656575871E-01  2.0266446948E+00  1.3759779491E+02
  1.3532297522E+00 -1.1494908603E+00 -2.5180196817E-01  1.7193209363E+00  9.2730905287E+01
  1.3557588918E+00 -1.1519434199E+00 -2.2705149405E-01  1.5051281623E+00  6.0781750706E+01
  1.3582689412E+00 -1.1545844891E+00 -2.0231850645E-01  1.3524985437E+00  3.8434055686E+01
  1.3607549223E+00 -1.1574639998E+00 -1.7760976112E-01  1.2401841483E+00  2.3210979245E+01
  1.3632092941E+00 -1.1606570694E+00 -1.5293651201E-01  1.1540840893E+00  1.3153865296E+01
  1.3656206482E+00 -1.1642760086E+00 -1.2831807529E-01  1.0850081704E+00  6.7140462438E+00
  1.3679714363E+00 -1.1684900533E+00 -1.0378905640E-01  1.0270852633E+00  2.7124948310E+00
  1.3702336032E+00 -1.1735604207E+00 -7.9415272728E-02  9.7665660032E-01  2.9672262647E-01
  1.3723590126E+00 -1.1799099735E+00 -5.5333234755E-02  9.3155889924E-01 -1.1183931284E+00
  1.3742544459E+00 -1.1882834366E+00 -3.1866949576E-02  8.9078286725E-01 -1.9165350157E+00
  1.3757030741E+00 -1.2001496675E+00 -9.9637907940E-03  8.5478559503E-01 -2.3423007383E+00
  1.3761346382E+00 -1.2181866408E+00  7.0329375818E-03  8.2785233322E-01 -2.5578987035E+00
  1.3748665393E+00 -1.2422118932E+00  1.2663226316E-02  8.1864100438E-01 -2.6885687989E+00
  1.3725578654E+00 -1.2667800832E+00  9.0289271272E-03  8.2284570047E-01 -2.8049014644E+00
  1.3699220832E+00 -1.2905151706E+00  1.6652783981E-03  8.3170115981E-01 -2.9216010387E+00
  1.3671694255E+00 -1.3136607166E+00 -7.3657358719E-03  8.4195690924E-01 -3.0398676992E+00
  1.3643605664E+00 -1.3363619392E+00 -1.7449407122E-02  8.5261178416E-01 -3.1593835976E+00
  1.3615185410E+00 -1.3586590027E+00 -2.8389971865E-02  8.6332463194E-01 -3.2796173731E+00
  1.3586557989E+00 -1.3805511585E+00 -4.0114976606E-02  8.7395287552E-01 -3.3999724104E+00
  1.3557814850E+00 -1.4020240222E+00 -5.2588718776E-02  8.8441448581E-01 -3.5198139971E+00
  1.3529035001E+00 -1.4230591565E+00 -6.5786499666E-02  8.9464610865E-01 -3.6384806253E+00
  1.3500290884E+00 -1.4436371618E+00 -7.9687055606E-02  9.0459080253E-01 -3.7552930409E+00
  1.3471650040E+00 -1.4637385507E+00 -9.4270397228E-02  9.1419491050E-01 -3.8695633975E+00
  1.3443175572E+00 -1.4833439103E+00 -1.0951720278E-01  9.2340767771E-01 -3.9806049183E+00
  1.3414926257E+00 -1.5024338579E+00 -1.2540861987E-01  9.3218163044E-01 -4.0877419835E+00
  1.3386956495E+00 -1.5209889593E+00 -1.4192614883E-01  9.4047310815E-01 -4.1903204116E+00
  1.3359316141E+00 -1.5389896614E+00 -1.5905152373E-01  9.4824276622E-01 -4.2877176592E+00
  1.3332050184E+00 -1.5564162518E+00 -1.7676657723E-01  9.5545599738E-01 -4.3793526552E+00
  1.3305198222E+00 -1.5732488475E+00 -1.9505309353E-01  9.6208326086E-01 -4.4646949974E+00
  1.3278793681E+00 -1.5894674078E+00 -2.1389265756E-01  9.6810032121E-01 -4.5432732688E+00
  1.3252862683E+00 -1.6050517650E+00 -2.3326650714E-01  9.7348840300E-01 -4.6146822629E+00
  1.3227422467E+00 -1.6199816693E+00 -2.5315539283E-01  9.7823426860E-01 -4.6785889497E+00
  1.3202479191E+00 -1.6342368396E+00 -2.7353944787E-01  9.8233022598E-01 -4.7347370582E+00
  1.3178024888E+00 -1.6477970181E+00 -2.9439806753E-01  9.8577407269E-01 -4.7829501996E+00
  1.3154033203E+00 -1.6606420215E+00 -3.1570979545E-01  9.8856898158E-01 -4.8231334995E+00
  1.3130453312E+00 -1.6727517861E+00 -3.3745221028E-01  9.9072333302E-01 -4.8552737551E+00
  1.3107200876E+00 -1.6841063975E+00 -3.5960180059E-01  9.9225049833E-01 -4.8794381723E+00
  1.3084143620E+00 -1.6946860943E+00 -3.8213380202E-01  9.9316857901E-01 -4.8957717747E+00
  1.3044875760E+00 -1.7107859708E+00 -4.2110445511E-01  9.9339924389E-01 -4.9062217116E+00
</Path of -GradDelSqRho>
<Path of -GradDelSqRho>
Starting CP# =      5
Ending CP# =      1
Number of Points =      7
  1.3300142255E+00 -1.1318604245E+00 -4.7490027341E-01  2.2317536558E+01  1.2262095201E+03
  1.3274078067E+00 -1.1301653347E+00 -4.9970616850E-01  3.2457184976E+01  9.8626584733E+02
  1.3247935443E+00 -1.1285470917E+00 -5.2451638178E-01  4.7549730064E+01 -7.2345403359E+02
  1.3221757700E+00 -1.1269632714E+00 -5.4932845017E-01  6.9955632115E+01 -6.1835961822E+03
  1.3195555952E+00 -1.1254029982E+00 -5.7414175525E-01  1.0317267811E+02 -1.9892057513E+04
  1.3169313161E+00 -1.1238831412E+00 -5.9895713601E-01  1.5300021414E+02 -7.2766288672E+04
  1.3122774562E+00 -1.1212583625E+00 -6.4290420762E-01  2.9772402858E+02 -3.3340124315E+06
</Path of -GradDelSqRho>
<Path of -GradDelSqRho>
Starting CP# =     15
Ending CP# =     21
Number of Points =     12
  8.2150174302E-01 -9.8998968644E-01 -1.2973690529E-01  7.0522322124E-01 -2.2729804317E+00
  8.1916224724E-01 -9.8249891555E-01 -1.3375024801E-01  7.0471400917E-01 -2.2731140031E+00
  8.1441103737E-01 -9.6935196656E-01 -1.3998421002E-01  7.0248120964E-01 -2.2741117578E+00
  8.0736175813E-01 -9.4832844849E-01 -1.5083434029E-01  6.9941903368E-01 -2.2772705992E+00
  8.0101822863E-01 -9.2731866677E-01 -1.6280348667E-01  6.9697116554E-01 -2.2819476589E+00
  7.9530943743E-01 -9.0658282560E-01 -1.7554492120E-01  6.9486118814E-01 -2.2875598732E+00
  7.9025452535E-01 -8.8615998463E-01 -1.8904539012E-01  6.9307750952E-01 -2.2935778387E+00
  7.8587206499E-01 -8.6609008292E-01 -2.0328961564E-01  6.9161044942E-01 -2.2995166705E+00
  7.8217947640E-01 -8.4641366359E-01 -2.1825978384E-01  6.9045229272E-01 -2.3049486064E+00
  7.7919228662E-01 -8.2717145594E-01 -2.3393507598E-01  6.8959720023E-01 -2.3095145924E+00
  7.7692327312E-01 -8.0840383947E-01 -2.5029133583E-01  6.8904100690E-01 -2.3129343213E+00
  7.7460113133E-01 -7.7354756833E-01 -2.8380396185E-01  6.8880464376E-01 -2.3156559119E+00
</Path of -GradDelSqRho>
<Path of -GradDelSqRho>
Starting CP# =     15
Ending CP# =     13
Number of Points =     42
  8.2150174302E-01 -9.8998968644E-01 -1.2973690529E-01  7.0522322124E-01 -2.2729804317E+00
  8.2477066705E-01 -9.9794472075E-01 -1.2654933788E-01  7.0710725535E-01 -2.2731371799E+00
  8.3035959376E-01 -1.0134604936E+00 -1.1935160036E-01  7.0912039992E-01 -2.2746573175E+00
  8.3904447659E-01 -1.0351934323E+00 -1.1057522171E-01  7.1302895268E-01 -2.2795834212E+00
  8.4829718564E-01 -1.0570234518E+00 -1.0265328932E-01  7.1740036568E-01 -2.2883280824E+00
  8.5807155860E-01 -1.0789115154E+00 -9.5561427147E-02  7.2220069625E-01 -2.3014219182E+00
  8.6834934270E-01 -1.1008243640E+00 -8.9307222390E-02  7.2744368454E-01 -2.3193582926E+00
  8.7911206826E-01 -1.1227291998E+00 -8.3897667399E-02  7.3314106465E-01 -2.3425852731E+00
  8.9034087329E-01 -1.1445936599E+00 -7.9339033819E-02  7.3930195402E-01 -2.3714987363E+00
  9.0201633089E-01 -1.1663858328E+00 -7.5636724903E-02  7.4593225701E-01 -2.4064363677E+00
  9.1411828944E-01 -1.1880743193E+00 -7.2795117448E-02  7.5303408796E-01 -2.4476724069E+00
  9.2662573121E-01 -1.2096283337E+00 -7.0817405137E-02  7.6060521812E-01 -2.4954129736E+00
  9.3951665349E-01 -1.2310178434E+00 -6.9705454486E-02  7.6863855164E-01 -2.5497918199E+00
  9.5276797394E-01 -1.2522137413E+00 -6.9459683994E-02  7.7712163687E-01 -2.6108663770E+00
  9.6635546068E-01 -1.2731880427E+00 -7.0078976551E-02  7.8603622142E-01 -2.6786140056E+00
  9.8025368571E-01 -1.2939140999E+00 -7.1560634597E-02  7.9535786239E-01 -2.7529284167E+00
  9.9443599834E-01 -1.3143668231E+00 -7.3900386850E-02  8.0505560677E-01 -2.8336162951E+00
  1.0088745135E+00 -1.3345228975E+00 -7.7092454533E-02  8.1509176054E-01 -2.9203942384E+00
  1.0235401076E+00 -1.3543609828E+00 -8.1129683726E-02  8.2542176921E-01 -3.0128862021E+00
  1.0384024113E+00 -1.3738618839E+00 -8.6003748662E-02  8.3599423517E-01 -3.1106217220E+00
  1.0534297870E+00 -1.3930086807E+00 -9.1705428355E-02  8.4675109889E-01 -3.2130352509E+00
  1.0685892742E+00 -1.4117868056E+00 -9.8224955842E-02  8.5762801041E-01 -3.3194670007E+00
  1.0838464836E+00 -1.4301840624E+00 -1.0555243574E-01  8.6855491316E-01 -3.4291656982E+00
  1.0991654162E+00 -1.4481905825E+00 -1.1367832204E-01  8.7945685483E-01 -3.5412936579E+00
  1.1145081785E+00 -1.4657987223E+00 -1.2259394451E-01  8.9025502807E-01 -3.6549345188E+00
  1.1298345628E+00 -1.4830029072E+00 -1.3229206961E-01  9.0086802962E-01 -3.7691039060E+00
  1.1451014501E+00 -1.4997994386E+00 -1.4276748058E-01  9.1121331057E-01 -3.8827631502E+00
  1.1602619877E+00 -1.5161862780E+00 -1.5401756202E-01  9.2120877562E-01 -3.9948360536E+00
  1.1752644778E+00 -1.5321628272E+00 -1.6604287576E-01  9.3077447867E-01 -4.1042285316E+00
  1.1900508935E+00 -1.5477297153E+00 -1.7884771623E-01  9.3983435741E-01 -4.2098508160E+00
  1.2045549093E+00 -1.5628885946E+00 -1.9244063013E-01  9.4831795325E-01 -4.3106417797E+00
  1.2186992933E+00 -1.5776419231E+00 -2.0683487118E-01  9.5616207283E-01 -4.4055948601E+00
  1.2323924552E+00 -1.5919926832E+00 -2.2204872371E-01  9.6331236377E-01 -4.4937850053E+00
  1.2455238938E+00 -1.6059439267E+00 -2.3810554789E-01  9.6972479268E-01 -4.5743960364E+00
  1.2579582577E+00 -1.6194979554E+00 -2.5503323855E-01  9.7536702429E-01 -4.6467477619E+00
  1.2695278297E+00 -1.6326548121E+00 -2.7286249038E-01  9.8021969490E-01 -4.7103219870E+00
  1.2800236778E+00 -1.6454095633E+00 -2.9162274668E-01  9.8427753472E-01 -4.7647860202E+00
  1.2891870370E+00 -1.6577476489E+00 -3.1133394780E-01  9.8755019118E-01 -4.8100109979E+00
  1.2967057407E+00 -1.6696375789E+00 -3.3199148134E-01  9.9006239231E-01 -4.8460797433E+00
  1.3022273251E+00 -1.6810212217E+00 -3.5354249651E-01  9.9185273278E-01 -4.8732746830E+00
  1.3054114762E+00 -1.6918053924E+00 -3.7585791231E-01  9.9296999440E-01 -4.8920325679E+00
  1.3044875760E+00 -1.7107859708E+00 -4.2110445511E-01  9.9339924389E-01 -4.9062217116E+00
</Path of -GradDelSqRho>
<Path of -GradDelSqRho>
Starting CP# =     16
Ending CP# =     18
Number of Points =     12
  1.8808520504E+00 -6.7179524485E-01 -5.9188062315E-01  6.9382248125E-01 -2.1848613315E+00
  1.8839393035E+00 -6.7624290809E-01 -5.8455455106E-01  6.9322401558E-01 -2.1850055719E+00
  1.8902992506E+00 -6.8353242870E-01 -5.7140594614E-01  6.9075712167E-01 -2.1861073735E+00
  1.8991460212E+00 -6.9545671515E-01 -5.5145944265E-01  6.8768299927E-01 -2.1893575347E+00
  1.9071557021E+00 -7.0827383139E-01 -5.3154764534E-01  6.8515985765E-01 -2.1940593231E+00
