 AIMInt (Version 19.10.12, Professional)
 Portions Copyright (c) 1997-2019 by Todd A. Keith
 AIMInt is a component of the AIMAll package ( http://aim.tkgristmill.com )

 TP:  64-bit Mac OS X

 AIMInt is a heavily modified and extended version of the PROAIMV program
 developed by members of R.F.W. Bader's research group

 Much of the Quantum Theory of Atoms in Molecules (QTAIM) is described in the book:
   "Atoms in Molecules - A Quantum Theory"
   R.F.W. Bader, Oxford University Press, Oxford, 1990

 For additional references see:  http://aim.tkgristmill.com/references.html

 Current Directory:  /Users/chemlab/Documents/SubstituentCoding/HanschLeoTaftSubstituents/QTAIM

 Inp File:  SubH_AsO-C6H5-2_wb97xd_aug-cc-pvtz_atomicfiles/c14.inp
 Wfx File:  SubH_AsO-C6H5-2_wb97xd_aug-cc-pvtz.wfx
 Out File:  SubH_AsO-C6H5-2_wb97xd_aug-cc-pvtz_atomicfiles/c14.int

 Wfx Title:   Title Card Required                                                           
 Job Title:   Title Card Required                                                           
 
<Atom>
C14     
</Atom>
<Nuclei of Molecule>
    25
As1       33.0          -5.3208027851E-02  -2.1440785859E+00  -1.0041145093E+00
H2         1.0           2.5355490096E-02  -2.2637913563E+00  -3.8679903787E+00
C3         6.0          -2.9027381812E+00   8.2426052836E-03  -2.6598873521E-01
C4         6.0          -4.8685685882E+00  -1.0294145350E+00   1.1253035154E+00
C5         6.0          -3.0098287713E+00   2.5072140174E+00  -1.0634474101E+00
C6         6.0          -6.9573376848E+00   4.4240606348E-01   1.7108104053E+00
H7         1.0          -4.7375792618E+00  -2.9748575537E+00   1.7448002278E+00
C8         6.0          -5.1007412639E+00   3.9686312833E+00  -4.7560734623E-01
H9         1.0          -1.4651528530E+00   3.3313815952E+00  -2.1234119422E+00
C10        6.0          -7.0733082177E+00   2.9337792338E+00   9.0939439492E-01
H11        1.0          -8.4927168011E+00  -3.5756130114E-01   2.7961476405E+00
H12        1.0          -5.1899011308E+00   5.9154152008E+00  -1.0901484378E+00
H13        1.0          -8.7028420811E+00   4.0784313649E+00   1.3691175077E+00
C14        6.0           2.9427084266E+00  -2.3629237246E-01  -2.1091324461E-01
C15        6.0           3.9242876386E+00   1.5282973486E+00  -1.8873568369E+00
C16        6.0           4.0957902706E+00  -6.4531044984E-01   2.1103199193E+00
C17        6.0           6.0515128812E+00   2.9087375100E+00  -1.2288899221E+00
H18        1.0           3.0546283623E+00   1.8193594109E+00  -3.7181850606E+00
C19        6.0           6.2240459142E+00   7.3621681630E-01   2.7597292293E+00
H20        1.0           3.3383557438E+00  -2.0591353464E+00   3.3799726920E+00
C21        6.0           7.1951015438E+00   2.5143928661E+00   1.0960672880E+00
H22        1.0           6.8227871455E+00   4.2797321806E+00  -2.5330442535E+00
H23        1.0           7.1309203250E+00   4.1938786511E-01   4.5630946304E+00
H24        1.0           8.8577836245E+00   3.5871793707E+00   1.6069009621E+00
O25        8.0          -2.5141468137E-01  -4.8552938024E+00   4.4149970960E-01
</Nuclei of Molecule>
<Total Number of CPs of DelSqRho>
    40
</Total Number of CPs of DelSqRho>
<Number of (3,+3) CPs of DelSqRho>
     4
</Number of (3,+3) CPs of DelSqRho>
<Number of (3,+1) CPs of DelSqRho>
    16
</Number of (3,+1) CPs of DelSqRho>
<Number of (3,-1) CPs of DelSqRho>
    17
</Number of (3,-1) CPs of DelSqRho>
<Number of (3,-3) CPs of DelSqRho>
     3
</Number of (3,-3) CPs of DelSqRho>
<Number of Degenerate CPs of DelSqRho>
     0
</Number of Degenerate CPs of DelSqRho>
<CP of DelSqRho>
CP# = 1       
Type = (3,+3)
Coords =  2.94270831838453E+00 -2.36292418496896E-01 -2.10913280797093E-01
DistFromNuc =  1.2303298153E-07
Rho =  1.2110007827E+02
DelSqRho = -7.4590965903E+05
GradDelSqRho = -1.2846071513E-06  1.3350609152E-07  2.8371005101E-08
HessDelSqRho_EigVals =  1.5980244088E+10  1.5980245774E+10  1.5980247413E+10
HessDelSqRho_EigVec1 =  5.5736631994E-01 -7.1998245972E-01 -4.1348282079E-01
HessDelSqRho_EigVec2 =  8.2952275197E-01  5.0397581205E-01  2.4062498797E-01
HessDelSqRho_EigVec3 =  3.5139569664E-02 -4.7710967142E-01  8.7814097506E-01
</CP of DelSqRho>
<CP of DelSqRho>
CP# = 2       
Type = (3,+1)
Coords =  3.42879491076842E+00  6.43757308432201E-01 -1.04963925318928E+00
DistFromNuc =  1.3092856176E+00
Rho =  3.2060810202E-01
DelSqRho = -1.0412114226E+00
GradDelSqRho =  5.5511151231E-17 -3.6082248300E-16  7.7715611724E-16
HessDelSqRho_EigVals = -4.1748538269E+00  5.4396550758E+00  7.2719741201E+00
HessDelSqRho_EigVec1 =  3.7542357597E-01  6.7270058724E-01 -6.3759788153E-01
HessDelSqRho_EigVec2 = -5.7804003527E-01  7.0767589657E-01  4.0628135947E-01
HessDelSqRho_EigVec3 =  7.2451836156E-01  2.1602950110E-01  6.5452608689E-01
</CP of DelSqRho>
<CP of DelSqRho>
CP# = 3       
Type = (3,+1)
Coords =  3.51899511440645E+00 -4.40481776937870E-01  9.51322941351007E-01
DistFromNuc =  1.3132374543E+00
Rho =  3.2129173026E-01
DelSqRho = -1.0468715615E+00
GradDelSqRho =  6.1062266354E-16 -4.4408920985E-16  4.7184478547E-16
HessDelSqRho_EigVals = -4.1904724880E+00  5.4892905771E+00  7.3048863677E+00
HessDelSqRho_EigVec1 =  4.4066622054E-01 -1.5470650761E-01  8.8423932200E-01
HessDelSqRho_EigVec2 =  5.7806284257E-01 -7.0470734589E-01 -4.1137684267E-01
HessDelSqRho_EigVec3 =  6.8677262038E-01  6.9242577447E-01 -2.2111063915E-01
</CP of DelSqRho>
<CP of DelSqRho>
CP# = 4       
Type = (3,+1)
Coords =  5.06551560303722E+00  1.12883007176428E+00  4.36167648272933E-01
DistFromNuc =  2.6054909860E+00
Rho =  2.4927344747E-02
DelSqRho =  1.5828798646E-01
GradDelSqRho =  1.3834419721E-15  3.9820577391E-15 -2.1250362581E-16
HessDelSqRho_EigVals = -1.2936593489E-01  2.2701895868E-01  2.2944885203E-01
HessDelSqRho_EigVec1 = -5.8199998152E-01  7.0340899058E-01  4.0803408372E-01
HessDelSqRho_EigVec2 = -6.0621293257E-01 -7.0974159591E-01  3.5884919872E-01
HessDelSqRho_EigVec3 =  5.4201651440E-01 -3.8505311455E-02  8.3948522268E-01
</CP of DelSqRho>
<CP of DelSqRho>
CP# = 5       
Type = (3,-3)
Coords =  3.13716203432022E+00 -3.31254136059525E-01 -2.67334085879813E-01
DistFromNuc =  2.2363643137E-01
Rho =  9.2427640211E+00
DelSqRho =  2.8390032909E+02
GradDelSqRho = -4.4408920985E-13  4.6398440645E-12  3.0144775565E-12
HessDelSqRho_EigVals = -5.9727210479E+04 -1.4480600530E+02 -5.9586930984E+01
HessDelSqRho_EigVec1 =  8.6995277397E-01 -4.2399327360E-01 -2.5181714597E-01
HessDelSqRho_EigVec2 =  3.7440289580E-02 -4.5238280085E-01  8.9103761212E-01
HessDelSqRho_EigVec3 =  4.9171169986E-01  7.8458874924E-01  3.7767724156E-01
</CP of DelSqRho>
<CP of DelSqRho>
CP# = 6       
Type = (3,-3)
Coords =  2.90215179547078E+00 -4.54086910818392E-02 -1.01540121254801E-01
DistFromNuc =  2.2370494016E-01
Rho =  9.2388499523E+00
DelSqRho =  2.8355336675E+02
GradDelSqRho = -4.8405723874E-12 -1.2363443602E-12  6.1159965981E-12
HessDelSqRho_EigVals = -5.9537630042E+04 -1.3644234220E+02 -4.8477391534E+01
HessDelSqRho_EigVec1 = -1.8028464839E-01  8.5339989999E-01  4.8908696185E-01
HessDelSqRho_EigVec2 =  6.3116134568E-02 -4.8617272182E-01  8.7158042550E-01
HessDelSqRho_EigVec3 =  9.8158738740E-01  1.8800184905E-01  3.3786175283E-02
</CP of DelSqRho>
<CP of DelSqRho>
CP# = 7       
Type = (3,+1)
Coords =  2.82279281380651E+00 -2.20646976771166E-01 -3.99593617855131E-01
DistFromNuc =  2.2410893745E-01
Rho =  9.2335540874E+00
DelSqRho =  2.7966509225E+02
GradDelSqRho =  1.3766765505E-12 -4.2987835513E-13  8.0717654782E-12
HessDelSqRho_EigVals = -5.8231591752E+04  1.1805641480E+01  1.2595363447E+02
HessDelSqRho_EigVec1 =  5.3459156039E-01 -7.0194788664E-02  8.4219033193E-01
HessDelSqRho_EigVec2 = -6.1701735279E-01 -7.1339521638E-01  3.3220001745E-01
HessDelSqRho_EigVec3 =  5.7749584407E-01 -6.9723737485E-01 -4.2468646458E-01
</CP of DelSqRho>
<CP of DelSqRho>
CP# = 8       
Type = (3,-1)
Coords =  3.10376698063244E+00 -9.78254860080184E-02 -1.41107361823282E-01
DistFromNuc =  2.2357503829E-01
Rho =  9.2584660508E+00
DelSqRho =  2.8319935753E+02
GradDelSqRho = -6.9704242378E-12 -3.9150904740E-12  1.6520118606E-12
HessDelSqRho_EigVals = -5.9764349371E+04 -1.1758747053E+02  3.3467877415E+01
HessDelSqRho_EigVec1 =  7.2055372973E-01  6.1911235923E-01  3.1225343748E-01
HessDelSqRho_EigVec2 =  3.5256351559E-02 -4.8245229802E-01  8.7521241411E-01
HessDelSqRho_EigVec3 = -6.9250221101E-01  6.1962865232E-01  3.6946044575E-01
</CP of DelSqRho>
<CP of DelSqRho>
CP# = 9       
Type = (3,-1)
Coords =  3.77225667808478E+00  2.87502597875011E-01  3.08632548866063E-02
DistFromNuc =  1.0104292891E+00
Rho =  2.0445742636E-01
DelSqRho =  1.2994823148E-02
GradDelSqRho =  2.4147350786E-15  1.1865508576E-15  2.3592239273E-16
HessDelSqRho_EigVals = -3.5328170966E+00 -5.8097109888E-01  1.2373711807E+01
HessDelSqRho_EigVec1 =  4.1894916211E-02 -4.7455011796E-01  8.7923091480E-01
HessDelSqRho_EigVec2 = -5.6985508816E-01  7.1148355125E-01  4.1116460791E-01
HessDelSqRho_EigVec3 =  8.2067654681E-01  5.1825991726E-01  2.4061725555E-01
</CP of DelSqRho>
<CP of DelSqRho>
CP# = 10      
Type = (3,+1)
Coords =  2.18677883381123E+00  3.32588274088345E-01 -5.87164171709882E-01
DistFromNuc =  1.0181451269E+00
Rho =  1.8410977760E-01
DelSqRho = -1.2183373332E-01
GradDelSqRho = -2.4424906542E-15  1.5543122345E-15 -1.1379786002E-15
HessDelSqRho_EigVals = -1.9675727861E+00  3.1755107877E-01  1.1904361269E+01
HessDelSqRho_EigVec1 =  6.6348069923E-01  7.2301122357E-01 -1.9247891400E-01
HessDelSqRho_EigVec2 =  1.7976687159E-01 -4.0376998171E-01 -8.9702490141E-01
HessDelSqRho_EigVec3 =  7.2627627913E-01 -5.6055737660E-01  3.9786705558E-01
</CP of DelSqRho>
<CP of DelSqRho>
CP# = 11      
Type = (3,+1)
Coords =  2.89643815537810E+00  6.61444495823516E-01  2.72652153675255E-01
DistFromNuc =  1.0207389074E+00
Rho =  1.8137086231E-01
DelSqRho = -9.6715162292E-02
GradDelSqRho = -6.6613381478E-16 -1.3877787808E-15  2.0677903834E-15
HessDelSqRho_EigVals = -1.8559157922E+00  3.8940758237E-01  1.1710526725E+01
HessDelSqRho_EigVec1 =  4.0505854513E-02 -4.7310089051E-01  8.8007660073E-01
HessDelSqRho_EigVec2 =  9.9901250424E-01  3.5269232924E-02 -2.7020318038E-02
HessDelSqRho_EigVec3 = -1.8256290096E-02  8.8030200989E-01  4.7406231580E-01
</CP of DelSqRho>
<CP of DelSqRho>
CP# = 12      
Type = (3,+1)
Coords =  3.05407393961482E+00 -1.23808257188464E+00 -7.91807975509821E-02
DistFromNuc =  1.0165329895E+00
Rho =  1.8304360857E-01
DelSqRho = -1.2226767018E-01
GradDelSqRho = -2.2898349883E-16  3.1086244690E-15  6.1062266354E-16
HessDelSqRho_EigVals = -1.8929886168E+00  2.9735715999E-01  1.2034418414E+01
HessDelSqRho_EigVec1 =  7.6471717014E-01  1.8233869051E-01  6.1802932910E-01
HessDelSqRho_EigVec2 = -6.3590697262E-01  5.8651965114E-02  7.6953379988E-01
HessDelSqRho_EigVec3 = -1.0406715072E-01  9.8148486944E-01 -1.6080260946E-01
</CP of DelSqRho>
<CP of DelSqRho>
CP# = 13      
Type = (3,-1)
Coords =  2.56842113402920E+00 -9.27353247117948E-01  4.15876199971872E-01
DistFromNuc =  1.0052467944E+00
Rho =  2.0220510850E-01
DelSqRho = -8.6463183781E-02
GradDelSqRho = -2.5834889783E-13 -4.0112357880E-13  4.1544545581E-13
HessDelSqRho_EigVals = -3.0202117341E+00 -2.9417558359E-01  1.2824241432E+01
HessDelSqRho_EigVec1 =  7.3948598316E-01  2.2591063169E-01  6.3413316205E-01
HessDelSqRho_EigVec2 = -5.7757974454E-01  6.9679109164E-01  4.2530437725E-01
HessDelSqRho_EigVec3 =  3.4577755770E-01  6.8076909529E-01 -6.4574865040E-01
</CP of DelSqRho>
<CP of DelSqRho>
CP# = 14      
Type = (3,-1)
Coords =  2.49763109823601E+00 -1.05729335752389E-01 -1.10388735640904E+00
DistFromNuc =  1.0062521051E+00
Rho =  2.0094815566E-01
DelSqRho = -8.6237586040E-02
GradDelSqRho = -7.8337336618E-13  5.2047255394E-13 -9.2270635577E-13
HessDelSqRho_EigVals = -2.9343008672E+00 -2.9956318031E-01  1.2681313798E+01
HessDelSqRho_EigVec1 =  6.9857817347E-01  6.8376772545E-01 -2.1083223944E-01
HessDelSqRho_EigVec2 =  5.8014542904E-01 -7.1372392737E-01 -3.9246584141E-01
HessDelSqRho_EigVec3 =  4.1883148964E-01 -1.5185471064E-01  8.9527667798E-01
</CP of DelSqRho>
<CP of DelSqRho>
CP# = 15      
Type = (3,-1)
Coords =  3.50295259340281E+00 -9.89467108499729E-01 -6.46370340383648E-01
DistFromNuc =  1.0347794894E+00
Rho =  1.6081192653E-01
DelSqRho = -7.7351801069E-02
GradDelSqRho =  3.7747582837E-15 -4.3298697960E-15 -3.9968028887E-15
HessDelSqRho_EigVals = -5.9454164036E-01 -4.2361075851E-01  1.0316705468E+01
HessDelSqRho_EigVec1 = -6.6258390932E-02  4.6066617303E-01 -8.8509688885E-01
HessDelSqRho_EigVec2 =  8.3386509298E-01  5.1271574526E-01  2.0442986885E-01
HessDelSqRho_EigVec3 = -5.4797703633E-01  7.2450620535E-01  4.1810516149E-01
</CP of DelSqRho>
<CP of DelSqRho>
CP# = 16      
Type = (3,+1)
Coords =  2.23829938800750E+00 -2.69319928559953E-01  5.22576355427535E-01
DistFromNuc =  1.0174919687E+00
Rho =  1.8494559785E-01
DelSqRho = -1.2121995169E-01
GradDelSqRho = -5.7509552676E-14  2.3037127761E-15  5.7953641885E-14
HessDelSqRho_EigVals = -2.0193495094E+00  3.1106412000E-01  1.1968655954E+01
HessDelSqRho_EigVec1 =  7.0284066384E-01  2.6482356645E-01  6.6021472257E-01
HessDelSqRho_EigVec2 =  2.3132664008E-01 -9.6276205489E-01  1.3991858797E-01
HessDelSqRho_EigVec3 = -6.7268342245E-01 -5.4384780252E-02  7.3792906762E-01
</CP of DelSqRho>
<CP of DelSqRho>
CP# = 17      
Type = (3,+1)
Coords =  3.86932068445931E+00 -5.92390120069407E-01 -4.50577590015907E-01
DistFromNuc =  1.0212026639E+00
Rho =  1.8006115599E-01
DelSqRho = -1.0002121590E-01
GradDelSqRho =  3.9968028887E-15 -2.3175905639E-15 -4.0245584643E-16
HessDelSqRho_EigVals = -1.7504113749E+00  3.5225379484E-01  1.1687156319E+01
HessDelSqRho_EigVec1 =  4.2946555889E-02 -4.7628508143E-01  8.7824148988E-01
HessDelSqRho_EigVec2 =  3.9496144134E-01  8.1553940504E-01  4.2296682929E-01
HessDelSqRho_EigVec3 =  9.1769333287E-01 -3.2870655612E-01 -2.2313885089E-01
</CP of DelSqRho>
<CP of DelSqRho>
CP# = 18      
Type = (3,-1)
Coords =  2.30820850200198E+00  4.73823727962683E-01  2.00654337974838E-01
DistFromNuc =  1.0374212767E+00
Rho =  1.5928613162E-01
DelSqRho = -6.6648607090E-02
GradDelSqRho = -2.7755575616E-16 -1.8318679906E-15 -1.6375789613E-15
HessDelSqRho_EigVals = -6.1807307407E-01 -4.7794431042E-01  1.0108785007E+01
HessDelSqRho_EigVec1 =  7.1259019035E-02 -4.5297536842E-01  8.8867061829E-01
HessDelSqRho_EigVec2 =  7.9374582228E-01  5.6530279439E-01  2.2450015652E-01
HessDelSqRho_EigVec3 = -6.0406102492E-01  6.8938092972E-01  3.9983022886E-01
</CP of DelSqRho>
<CP of DelSqRho>
CP# = 19      
Type = (3,+1)
Coords =  3.00720260268234E+00 -6.70055825871789E-01 -1.12904054945828E+00
DistFromNuc =  1.0174811940E+00
Rho =  1.8247371180E-01
DelSqRho = -1.2278799841E-01
GradDelSqRho = -2.0816681712E-16 -2.7200464103E-15 -5.3290705182E-15
HessDelSqRho_EigVals = -1.8525823432E+00  3.0301210578E-01  1.1933721887E+01
HessDelSqRho_EigVec1 =  7.2285498400E-01  6.4825602807E-01 -2.3925884345E-01
HessDelSqRho_EigVec2 = -6.8879055964E-01  6.4830728797E-01 -3.2444602834E-01
HessDelSqRho_EigVec3 = -5.5210841732E-02  3.9932666131E-01  9.1514478665E-01
</CP of DelSqRho>
<CP of DelSqRho>
CP# = 20      
Type = (3,+3)
Coords =  3.31622934872109E+00  4.47240790104830E-01 -8.66861954561474E-01
DistFromNuc =  1.0183340187E+00
Rho =  3.3071916753E-01
DelSqRho = -1.1315165945E+00
GradDelSqRho =  8.8817841970E-16 -9.9920072216E-16  7.7715611724E-16
HessDelSqRho_EigVals =  4.6980907853E+00  6.8534437248E+00  9.3128368222E+00
HessDelSqRho_EigVec1 =  5.7708553102E-01 -7.0614894301E-01 -4.1027546865E-01
HessDelSqRho_EigVec2 =  7.6579005455E-01  2.9331495726E-01  5.7230405223E-01
HessDelSqRho_EigVec3 = -2.8379197002E-01 -6.4445326140E-01  7.1002965545E-01
</CP of DelSqRho>
<CP of DelSqRho>
CP# = 21      
Type = (3,+3)
Coords =  3.38480096655887E+00 -3.96397686438902E-01  6.87905921091061E-01
DistFromNuc =  1.0143743974E+00
Rho =  3.3254401165E-01
DelSqRho = -1.1442377884E+00
GradDelSqRho = -5.5511151231E-16  8.8817841970E-16 -5.5511151231E-16
HessDelSqRho_EigVals =  4.7401037208E+00  6.9242010802E+00  9.6257584851E+00
HessDelSqRho_EigVec1 = -5.7690240666E-01  7.0775133003E-01  4.0776423093E-01
HessDelSqRho_EigVec2 =  7.2262620145E-01  6.7495674006E-01 -1.4914681365E-01
HessDelSqRho_EigVec3 =  3.8078207175E-01 -2.0861796155E-01  9.0082382293E-01
</CP of DelSqRho>
<CP of DelSqRho>
CP# = 22      
Type = (3,+3)
Coords =  2.12933991050821E+00 -7.52151588941288E-01 -4.46117604308787E-01
DistFromNuc =  9.9146364785E-01
Rho =  2.4503139857E-01
DelSqRho = -7.3955540141E-01
GradDelSqRho =  5.4669047067E-12  3.4517388947E-12  1.6132095659E-12
HessDelSqRho_EigVals =  2.2998772691E+00  3.2315735758E+00  1.5928951826E+01
HessDelSqRho_EigVec1 = -5.7333755875E-01  7.0640795423E-01  4.1505643703E-01
HessDelSqRho_EigVec2 = -4.5152498413E-02  4.7857492977E-01 -8.7688499159E-01
HessDelSqRho_EigVec3 =  8.1807413821E-01  5.2149193550E-01  2.4248889788E-01
</CP of DelSqRho>
<CP of DelSqRho>
CP# = 23      
Type = (3,-1)
Coords =  3.75698177638359E+00 -1.11580877020850E+00 -1.24495739932883E+00
DistFromNuc =  1.5829837321E+00
Rho =  6.8342730199E-02
DelSqRho =  1.2113330947E-01
GradDelSqRho = -1.6366422106E-13  1.7822375520E-13 -4.1685405128E-15
HessDelSqRho_EigVals = -1.2440319946E+00 -4.6084578197E-02  5.7195831934E-02
HessDelSqRho_EigVec1 = -4.9755482046E-01  6.2626951713E-01  6.0018804765E-01
HessDelSqRho_EigVec2 =  5.0616683375E-01  7.7151641811E-01 -3.8543164504E-01
HessDelSqRho_EigVec3 = -7.0443902295E-01  1.1202191079E-01 -7.0086857146E-01
</CP of DelSqRho>
<CP of DelSqRho>
CP# = 24      
Type = (3,+1)
Coords =  4.08644732577152E+00 -1.43007665686137E+00  2.93764984488852E-02
DistFromNuc =  1.6706282494E+00
Rho =  7.8321989470E-02
DelSqRho =  1.1851313626E-01
GradDelSqRho = -1.0408340856E-17  5.6205040622E-16 -2.7755575616E-17
HessDelSqRho_EigVals = -1.1105559254E+00  6.8170088044E-02  1.1022573068E-01
HessDelSqRho_EigVec1 = -6.4489853069E-01  7.5953725029E-01  8.4906127756E-02
HessDelSqRho_EigVec2 =  5.2402614016E-01  3.5857374991E-01  7.7254221264E-01
HessDelSqRho_EigVec3 = -5.5632947930E-01 -5.4270436823E-01  6.2926105804E-01
</CP of DelSqRho>
<CP of DelSqRho>
CP# = 25      
Type = (3,+1)
Coords =  4.00218232890499E+00 -6.51635971996515E-01 -1.43363052569620E+00
DistFromNuc =  1.6703391287E+00
Rho =  7.8362727815E-02
DelSqRho =  1.1783110932E-01
GradDelSqRho =  4.4568515545E-14 -2.0600708639E-14 -2.9221416953E-14
HessDelSqRho_EigVals = -1.1028752633E+00  6.6203458946E-02  1.0881905438E-01
HessDelSqRho_EigVec1 =  6.0636010539E-01 -4.6571703059E-01 -6.4454252770E-01
HessDelSqRho_EigVec2 =  4.9698539575E-01  8.5469299863E-01 -1.5001798064E-01
HessDelSqRho_EigVec3 =  6.2075191422E-01 -2.2936330465E-01  7.4970629948E-01
</CP of DelSqRho>
<CP of DelSqRho>
CP# = 26      
Type = (3,+1)
Coords =  2.49406598704060E+00  5.37873906149579E-01  1.21162763112268E+00
DistFromNuc =  1.6805463423E+00
Rho =  7.9901053601E-02
DelSqRho =  1.1881055914E-01
GradDelSqRho =  6.9388939039E-18  2.2117724319E-17 -1.2143064332E-17
HessDelSqRho_EigVals = -1.0987878735E+00  7.5683266420E-02  1.0694205950E-01
HessDelSqRho_EigVec1 = -4.4022788704E-01  5.7158548973E-01  6.9245175673E-01
HessDelSqRho_EigVec2 = -8.5395319741E-01 -2.8251823281E-02 -5.1958230446E-01
HessDelSqRho_EigVec3 =  2.7742268129E-01  8.2005601175E-01 -5.0054449702E-01
</CP of DelSqRho>
<CP of DelSqRho>
CP# = 27      
Type = (3,-1)
Coords =  3.82075519714257E+00 -1.52884139904066E+00 -4.56381509874755E-01
DistFromNuc =  1.5817407457E+00
Rho =  6.8235999747E-02
DelSqRho =  1.2198957231E-01
GradDelSqRho = -1.4398204851E-16 -8.6736173799E-17  5.2041704279E-18
HessDelSqRho_EigVals = -1.2539202653E+00 -4.7461491391E-02  5.8228821642E-02
HessDelSqRho_EigVec1 = -5.3066251544E-01  8.1220340937E-01  2.4232811747E-01
HessDelSqRho_EigVec2 = -5.3453046139E-01 -9.8813296061E-02 -8.3935279732E-01
HessDelSqRho_EigVec3 =  6.5777996363E-01  5.7494482720E-01 -4.8658397540E-01
</CP of DelSqRho>
<CP of DelSqRho>
CP# = 28      
Type = (3,-1)
Coords =  2.00843779637014E+00  5.82290426492621E-01  7.57678124112387E-01
DistFromNuc =  1.5751535318E+00
Rho =  6.8104956253E-02
DelSqRho =  1.2463666880E-01
GradDelSqRho = -2.5673907444E-16 -1.9168694410E-16 -4.0766001685E-17
HessDelSqRho_EigVals = -1.2661784551E+00 -5.6966732810E-02  4.4024547378E-02
HessDelSqRho_EigVec1 =  6.2354496436E-01 -5.5313871297E-01 -5.5247555751E-01
HessDelSqRho_EigVec2 =  6.8549587627E-01  4.7066669640E-02  7.2655359900E-01
HessDelSqRho_EigVec3 = -3.7588173811E-01 -8.3175855440E-01  4.0852249159E-01
</CP of DelSqRho>
<CP of DelSqRho>
CP# = 29      
Type = (3,+1)
Coords =  2.41567492046146E+00  1.35685234531175E+00 -3.17238770311223E-01
DistFromNuc =  1.6814218762E+00
Rho =  7.9927984241E-02
DelSqRho =  1.1862018866E-01
GradDelSqRho =  2.1835831754E-16 -1.9580691235E-16 -2.4546337185E-16
HessDelSqRho_EigVals = -1.0906681294E+00  7.4276054092E-02  1.0520926985E-01
HessDelSqRho_EigVec1 = -4.7319046050E-01  8.7196697232E-01  1.2555631118E-01
HessDelSqRho_EigVec2 =  8.1616982914E-01  4.8756052110E-01 -3.1008313122E-01
HessDelSqRho_EigVec3 =  3.3159854960E-01  4.4253106613E-02  9.4238212231E-01
</CP of DelSqRho>
<CP of DelSqRho>
CP# = 30      
Type = (3,-1)
Coords =  1.96320207427673E+00  9.84732299168769E-01 -1.75636796898288E-02
DistFromNuc =  1.5772501378E+00
Rho =  6.8151802291E-02
DelSqRho =  1.2424481576E-01
GradDelSqRho =  1.7700684668E-15 -1.4415552085E-15 -1.8257964585E-16
HessDelSqRho_EigVals = -1.2576064295E+00 -5.7609955462E-02  4.3176070340E-02
HessDelSqRho_EigVec1 = -6.4661717971E-01  7.3910632774E-01  1.8870097826E-01
HessDelSqRho_EigVec2 =  6.4542212237E-01  6.6195686348E-01 -3.8110811437E-01
HessDelSqRho_EigVec3 =  4.0659132659E-01  1.2463926820E-01  9.0506825487E-01
</CP of DelSqRho>
<CP of DelSqRho>
CP# = 31      
Type = (3,-1)
Coords =  2.73035025680919E+00  4.42079371274333E-01  1.46527298928413E+00
DistFromNuc =  1.8206824286E+00
Rho =  9.0719195192E-02
DelSqRho =  1.2141379896E-01
GradDelSqRho = -3.4694469520E-18  1.0148132334E-16 -1.7347234760E-18
HessDelSqRho_EigVals = -9.2525242977E-01 -1.3290179981E-01  1.2874549005E-01
HessDelSqRho_EigVec1 = -5.7394440858E-01  6.6179920060E-01  4.8229620975E-01
HessDelSqRho_EigVec2 =  4.9985393500E-01 -1.8338257812E-01  8.4647319728E-01
HessDelSqRho_EigVec3 =  6.4864000765E-01  7.2690621687E-01 -2.2555152926E-01
</CP of DelSqRho>
<CP of DelSqRho>
CP# = 32      
Type = (3,-1)
Coords =  4.23245748742835E+00 -1.37126558903140E+00  4.15325530419282E-01
DistFromNuc =  1.8286037968E+00
Rho =  9.0572304883E-02
DelSqRho =  1.2210705706E-01
GradDelSqRho =  2.3772650515E-14 -2.8657631823E-14  2.2766077218E-15
HessDelSqRho_EigVals = -9.2533165471E-01 -1.3944492109E-01  1.3430743178E-01
HessDelSqRho_EigVec1 = -5.6986699456E-01  7.3464625432E-01  3.6816638836E-01
HessDelSqRho_EigVec2 =  4.4375699195E-01 -1.0196236480E-01  8.9032769712E-01
HessDelSqRho_EigVec3 =  6.9161502341E-01  6.7074477797E-01 -2.6789942558E-01
</CP of DelSqRho>
<CP of DelSqRho>
CP# = 33      
Type = (3,-1)
Coords =  2.62870970993216E+00  1.52464594877516E+00 -5.46329766622940E-01
DistFromNuc =  1.8198909881E+00
Rho =  9.0724313843E-02
DelSqRho =  1.2110838731E-01
GradDelSqRho =  2.4234086959E-15 -8.8080584493E-16  2.2204460493E-16
HessDelSqRho_EigVals = -9.1913864313E-01 -1.3138738363E-01  1.2715751888E-01
HessDelSqRho_EigVec1 = -5.8891647355E-01  7.4173527628E-01  3.2094573856E-01
HessDelSqRho_EigVec2 =  4.3743334316E-01  6.2645785586E-01 -6.4513767920E-01
HessDelSqRho_EigVec3 =  6.7958035395E-01  2.3953983960E-01  6.9339109295E-01
</CP of DelSqRho>
<CP of DelSqRho>
CP# = 34      
Type = (3,-1)
Coords =  4.23771565855978E+00  7.70050014825764E-01 -1.36649832282981E-01
DistFromNuc =  1.6417319470E+00
Rho =  9.2029807500E-02
DelSqRho =  2.7295901272E-01
GradDelSqRho = -8.3266726847E-17  2.4980018054E-16 -1.8735013541E-16
HessDelSqRho_EigVals = -1.5275889051E+00 -2.4544723197E-01  5.9856165494E-02
HessDelSqRho_EigVec1 =  8.0123026126E-01  3.7942755141E-01  4.6267137546E-01
HessDelSqRho_EigVec2 = -5.7448985019E-01  7.0401332985E-01  4.1752442253E-01
HessDelSqRho_EigVec3 = -1.6730654637E-01 -6.0033321133E-01  7.8205406138E-01
</CP of DelSqRho>
<CP of DelSqRho>
CP# = 35      
Type = (3,-1)
Coords =  4.27100291539258E+00  4.20369485240265E-01  5.14345502702320E-01
DistFromNuc =  1.6497185502E+00
Rho =  9.2108464779E-02
DelSqRho =  2.7161947174E-01
GradDelSqRho =  1.6375789613E-15  2.2620794127E-15 -1.2524703497E-15
HessDelSqRho_EigVals = -1.5135599851E+00 -2.4626292960E-01  7.4613244920E-02
HessDelSqRho_EigVec1 =  7.7910303913E-01  6.2688210829E-01  4.1565291353E-03
HessDelSqRho_EigVec2 = -5.7517756326E-01  7.1217494735E-01  4.0246442711E-01
HessDelSqRho_EigVec3 =  2.4933757266E-01 -3.1595200060E-01  9.1542618936E-01
</CP of DelSqRho>
<CP of DelSqRho>
CP# = 36      
Type = (3,-1)
Coords =  4.12831078077368E+00 -2.90576071144479E-01 -1.60052721594068E+00
DistFromNuc =  1.8274645418E+00
Rho =  9.0821523019E-02
DelSqRho =  1.2138771439E-01
GradDelSqRho =  6.6683429611E-12 -6.2772478188E-12 -3.9986468997E-12
HessDelSqRho_EigVals = -9.1937069260E-01 -1.4064297873E-01  1.3303251135E-01
HessDelSqRho_EigVec1 = -5.5330203528E-01  6.8903575909E-01  4.6806685469E-01
HessDelSqRho_EigVec2 = -3.8009286570E-01 -7.0885283845E-01  5.9418605408E-01
HessDelSqRho_EigVec3 =  7.4120595735E-01  1.5085548092E-01  6.5410729446E-01
</CP of DelSqRho>
<CP of DelSqRho>
CP# = 37      
Type = (3,-3)
Coords =  4.21315335722553E+00  5.88126557288805E-01  1.38320524117501E-01
DistFromNuc =  1.5542397237E+00
Rho =  9.0059023836E-02
DelSqRho =  2.7437002479E-01
GradDelSqRho =  3.7192471325E-14  3.0864200085E-14 -8.0491169285E-16
HessDelSqRho_EigVals = -1.6599358308E+00 -2.3253166703E-01 -7.1707739486E-02
HessDelSqRho_EigVec1 =  8.2025932841E-01  5.0669308621E-01  2.6539922860E-01
HessDelSqRho_EigVec2 = -5.7161293644E-01  7.0925179618E-01  4.1257792054E-01
HessDelSqRho_EigVec3 =  2.0815500271E-02 -4.9012652041E-01  8.7140272489E-01
</CP of DelSqRho>
<CP of DelSqRho>
CP# = 38      
Type = (3,+1)
Coords =  7.22983842971386E-01 -1.47117402668074E-01  2.59452763327192E-01
DistFromNuc =  2.2707649777E+00
Rho =  4.2671064274E-02
DelSqRho =  6.8413137286E-02
GradDelSqRho = -7.6327832943E-17  4.3368086899E-17  9.1072982489E-17
HessDelSqRho_EigVals = -2.0674670427E-01  7.5613266560E-03  1.5841219629E-01
HessDelSqRho_EigVec1 = -3.4777772487E-01  7.1925207176E-01  6.0143753736E-01
HessDelSqRho_EigVec2 =  5.6423209011E-02 -6.2426241948E-01  7.7917446898E-01
HessDelSqRho_EigVec3 =  9.3587770332E-01  3.0491455998E-01  1.7652205399E-01
</CP of DelSqRho>
<CP of DelSqRho>
CP# = 39      
Type = (3,+1)
Coords =  2.38422131758689E+00 -2.19072611093458E+00 -1.27615526765959E+00
DistFromNuc =  2.2948768282E+00
Rho =  4.2060229161E-02
DelSqRho =  6.0862144672E-02
GradDelSqRho = -1.0408340856E-17 -5.4643789493E-17 -1.0408340856E-17
HessDelSqRho_EigVals = -1.9885913244E-01  3.2219047603E-02  1.6097081914E-01
HessDelSqRho_EigVec1 = -6.8230625777E-01  6.1330895821E-01  3.9788225945E-01
HessDelSqRho_EigVec2 =  6.2289677815E-02 -4.9349902557E-01  8.6751294388E-01
HessDelSqRho_EigVec3 = -7.2840796718E-01 -6.1669346806E-01 -2.9851465594E-01
</CP of DelSqRho>
<CP of DelSqRho>
CP# = 40      
Type = (3,-1)
Coords =  1.46149834448522E+00 -6.49641290526993E-01 -2.01871866381945E+00
DistFromNuc =  2.3733944192E+00
Rho =  4.1547873896E-02
DelSqRho =  8.9739917301E-02
GradDelSqRho = -3.8921504908E-12 -4.2442958870E-13  2.3942271776E-12
HessDelSqRho_EigVals = -2.3964409761E-01 -3.1116386218E-02  2.0047903156E-01
HessDelSqRho_EigVec1 = -6.4107601054E-03 -3.8987936772E-01  9.2084362450E-01
HessDelSqRho_EigVec2 = -5.8189060238E-01  7.5035375756E-01  3.1364401058E-01
HessDelSqRho_EigVec3 =  8.1324180231E-01  5.3381955485E-01  2.3167747807E-01
</CP of DelSqRho>
<Path of -GradDelSqRho>
Starting CP# =      2
Ending CP# =      0
Number of Points =    400
  3.4287949108E+00  6.4375730843E-01 -1.0496392532E+00  3.2060810202E-01 -1.0412114226E+00
  3.4381731948E+00  6.6057295235E-01 -1.0655854714E+00  3.2063356955E-01 -1.0425128922E+00
  3.4475367929E+00  6.7738485109E-01 -1.0815442639E+00  3.2081118134E-01 -1.0463690072E+00
  3.4568856100E+00  6.9419301344E-01 -1.0975156529E+00  3.2113909693E-01 -1.0526271416E+00
  3.4662189750E+00  7.1099732059E-01 -1.1135001304E+00  3.2161424524E-01 -1.0610274135E+00
  3.4755355068E+00  7.2779749841E-01 -1.1294987620E+00  3.2223250074E-01 -1.0712017996E+00
  3.4848328431E+00  7.4459306121E-01 -1.1455133974E+00  3.2298893541E-01 -1.0826723853E+00
  3.4941071117E+00  7.6138320215E-01 -1.1615470811E+00  3.2387815007E-01 -1.0948480913E+00
  3.5033518435E+00  7.7816656883E-01 -1.1776048945E+00  3.2489469059E-01 -1.1070186909E+00
  3.5125554652E+00  7.9494074885E-01 -1.1936958822E+00  3.2603355559E-01 -1.1183440641E+00
  3.5216942636E+00  8.1170083829E-01 -1.2098383968E+00  3.2729080044E-01 -1.1278352994E+00
  3.5307038080E+00  8.2843369861E-01 -1.2260813726E+00  3.2866419958E-01 -1.1343223314E+00
  3.5382587519E+00  8.4339995811E-01 -1.2410772538E+00  3.2999796003E-01 -1.1364380031E+00
  3.5382634167E+00  8.4339541062E-01 -1.2410793405E+00  3.2999796251E-01 -1.1364380029E+00
  3.5382634183E+00  8.4339540860E-01 -1.2410793416E+00  3.2999796251E-01 -1.1364380029E+00
  3.5382634183E+00  8.4339540860E-01 -1.2410793416E+00  3.2999796251E-01 -1.1364380029E+00
  3.5382634183E+00  8.4339540860E-01 -1.2410793416E+00  3.2999796251E-01 -1.1364380029E+00
  3.5382634183E+00  8.4339540860E-01 -1.2410793416E+00  3.2999796251E-01 -1.1364380029E+00
  3.5382634183E+00  8.4339540860E-01 -1.2410793416E+00  3.2999796251E-01 -1.1364380029E+00
  3.5382634183E+00  8.4339540860E-01 -1.2410793416E+00  3.2999796251E-01 -1.1364380029E+00
  3.5382634183E+00  8.4339540860E-01 -1.2410793416E+00  3.2999796251E-01 -1.1364380029E+00
  3.5382634183E+00  8.4339540860E-01 -1.2410793416E+00  3.2999796251E-01 -1.1364380029E+00
  3.5382634183E+00  8.4339540860E-01 -1.2410793416E+00  3.2999796251E-01 -1.1364380029E+00
  3.5382634183E+00  8.4339540860E-01 -1.2410793416E+00  3.2999796251E-01 -1.1364380029E+00
  3.5382634183E+00  8.4339540860E-01 -1.2410793416E+00  3.2999796251E-01 -1.1364380029E+00
  3.5382634183E+00  8.4339540860E-01 -1.2410793416E+00  3.2999796251E-01 -1.1364380029E+00
  3.5382634183E+00  8.4339540860E-01 -1.2410793416E+00  3.2999796251E-01 -1.1364380029E+00
  3.5382634183E+00  8.4339540860E-01 -1.2410793416E+00  3.2999796251E-01 -1.1364380029E+00
  3.5382634183E+00  8.4339540860E-01 -1.2410793416E+00  3.2999796251E-01 -1.1364380029E+00
  3.5382634183E+00  8.4339540860E-01 -1.2410793416E+00  3.2999796251E-01 -1.1364380029E+00
  3.5382634183E+00  8.4339540860E-01 -1.2410793416E+00  3.2999796251E-01 -1.1364380029E+00
  3.5382634183E+00  8.4339540860E-01 -1.2410793416E+00  3.2999796251E-01 -1.1364380029E+00
  3.5382634183E+00  8.4339540860E-01 -1.2410793416E+00  3.2999796251E-01 -1.1364380029E+00
  3.5382634183E+00  8.4339540860E-01 -1.2410793416E+00  3.2999796251E-01 -1.1364380029E+00
  3.5382634183E+00  8.4339540860E-01 -1.2410793416E+00  3.2999796251E-01 -1.1364380029E+00
  3.5382634183E+00  8.4339540860E-01 -1.2410793416E+00  3.2999796251E-01 -1.1364380029E+00
  3.5382634183E+00  8.4339540860E-01 -1.2410793416E+00  3.2999796251E-01 -1.1364380029E+00
  3.5382634183E+00  8.4339540860E-01 -1.2410793416E+00  3.2999796251E-01 -1.1364380029E+00
  3.5382634183E+00  8.4339540860E-01 -1.2410793416E+00  3.2999796251E-01 -1.1364380029E+00
  3.5382634183E+00  8.4339540860E-01 -1.2410793416E+00  3.2999796251E-01 -1.1364380029E+00
  3.5382634183E+00  8.4339540860E-01 -1.2410793416E+00  3.2999796251E-01 -1.1364380029E+00
  3.5382634183E+00  8.4339540860E-01 -1.2410793416E+00  3.2999796251E-01 -1.1364380029E+00
  3.5382634183E+00  8.4339540860E-01 -1.2410793416E+00  3.2999796251E-01 -1.1364380029E+00
  3.5382634183E+00  8.4339540860E-01 -1.2410793416E+00  3.2999796251E-01 -1.1364380029E+00
  3.5382634183E+00  8.4339540860E-01 -1.2410793416E+00  3.2999796251E-01 -1.1364380029E+00
  3.5382634183E+00  8.4339540860E-01 -1.2410793416E+00  3.2999796251E-01 -1.1364380029E+00
  3.5382634183E+00  8.4339540860E-01 -1.2410793416E+00  3.2999796251E-01 -1.1364380029E+00
  3.5382634183E+00  8.4339540860E-01 -1.2410793416E+00  3.2999796251E-01 -1.1364380029E+00
  3.5382634183E+00  8.4339540860E-01 -1.2410793416E+00  3.2999796251E-01 -1.1364380029E+00
  3.5382634183E+00  8.4339540860E-01 -1.2410793416E+00  3.2999796251E-01 -1.1364380029E+00
  3.5382634183E+00  8.4339540860E-01 -1.2410793416E+00  3.2999796251E-01 -1.1364380029E+00
  3.5382634183E+00  8.4339540860E-01 -1.2410793416E+00  3.2999796251E-01 -1.1364380029E+00
  3.5382634183E+00  8.4339540860E-01 -1.2410793416E+00  3.2999796251E-01 -1.1364380029E+00
  3.5382634183E+00  8.4339540860E-01 -1.2410793416E+00  3.2999796251E-01 -1.1364380029E+00
  3.5382634183E+00  8.4339540860E-01 -1.2410793416E+00  3.2999796251E-01 -1.1364380029E+00
  3.5382634183E+00  8.4339540860E-01 -1.2410793416E+00  3.2999796251E-01 -1.1364380029E+00
  3.5382634183E+00  8.4339540860E-01 -1.2410793416E+00  3.2999796251E-01 -1.1364380029E+00
  3.5382634183E+00  8.4339540860E-01 -1.2410793416E+00  3.2999796251E-01 -1.1364380029E+00
  3.5382634183E+00  8.4339540860E-01 -1.2410793416E+00  3.2999796251E-01 -1.1364380029E+00
  3.5382634183E+00  8.4339540860E-01 -1.2410793416E+00  3.2999796251E-01 -1.1364380029E+00
  3.5382634183E+00  8.4339540860E-01 -1.2410793416E+00  3.2999796251E-01 -1.1364380029E+00
  3.5382634183E+00  8.4339540860E-01 -1.2410793416E+00  3.2999796251E-01 -1.1364380029E+00
  3.5382634183E+00  8.4339540860E-01 -1.2410793416E+00  3.2999796251E-01 -1.1364380029E+00
  3.5382634183E+00  8.4339540860E-01 -1.2410793416E+00  3.2999796251E-01 -1.1364380029E+00
  3.5382634183E+00  8.4339540860E-01 -1.2410793416E+00  3.2999796251E-01 -1.1364380029E+00
  3.5382634183E+00  8.4339540860E-01 -1.2410793416E+00  3.2999796251E-01 -1.1364380029E+00
  3.5382634183E+00  8.4339540860E-01 -1.2410793416E+00  3.2999796251E-01 -1.1364380029E+00
  3.5382634183E+00  8.4339540860E-01 -1.2410793416E+00  3.2999796251E-01 -1.1364380029E+00
  3.5382634183E+00  8.4339540860E-01 -1.2410793416E+00  3.2999796251E-01 -1.1364380029E+00
  3.5382634183E+00  8.4339540860E-01 -1.2410793416E+00  3.2999796251E-01 -1.1364380029E+00
  3.5382634183E+00  8.4339540860E-01 -1.2410793416E+00  3.2999796251E-01 -1.1364380029E+00
  3.5382634183E+00  8.4339540860E-01 -1.2410793416E+00  3.2999796251E-01 -1.1364380029E+00
  3.5382634183E+00  8.4339540860E-01 -1.2410793416E+00  3.2999796251E-01 -1.1364380029E+00
  3.5382634183E+00  8.4339540860E-01 -1.2410793416E+00  3.2999796251E-01 -1.1364380029E+00
  3.5382634183E+00  8.4339540860E-01 -1.2410793416E+00  3.2999796251E-01 -1.1364380029E+00
  3.5382634183E+00  8.4339540860E-01 -1.2410793416E+00  3.2999796251E-01 -1.1364380029E+00
  3.5382634183E+00  8.4339540860E-01 -1.2410793416E+00  3.2999796251E-01 -1.1364380029E+00
  3.5382634183E+00  8.4339540860E-01 -1.2410793416E+00  3.2999796251E-01 -1.1364380029E+00
  3.5382634183E+00  8.4339540860E-01 -1.2410793416E+00  3.2999796251E-01 -1.1364380029E+00
  3.5382634183E+00  8.4339540860E-01 -1.2410793416E+00  3.2999796251E-01 -1.1364380029E+00
  3.5382634183E+00  8.4339540860E-01 -1.2410793416E+00  3.2999796251E-01 -1.1364380029E+00
  3.5382634183E+00  8.4339540860E-01 -1.2410793416E+00  3.2999796251E-01 -1.1364380029E+00
  3.5382634183E+00  8.4339540860E-01 -1.2410793416E+00  3.2999796251E-01 -1.1364380029E+00
  3.5382634183E+00  8.4339540860E-01 -1.2410793416E+00  3.2999796251E-01 -1.1364380029E+00
  3.5382634183E+00  8.4339540860E-01 -1.2410793416E+00  3.2999796251E-01 -1.1364380029E+00
  3.5382634183E+00  8.4339540860E-01 -1.2410793416E+00  3.2999796251E-01 -1.1364380029E+00
  3.5382634183E+00  8.4339540860E-01 -1.2410793416E+00  3.2999796251E-01 -1.1364380029E+00
  3.5382634183E+00  8.4339540860E-01 -1.2410793416E+00  3.2999796251E-01 -1.1364380029E+00
  3.5382634183E+00  8.4339540860E-01 -1.2410793416E+00  3.2999796251E-01 -1.1364380029E+00
  3.5382634183E+00  8.4339540860E-01 -1.2410793416E+00  3.2999796251E-01 -1.1364380029E+00
  3.5382634183E+00  8.4339540860E-01 -1.2410793416E+00  3.2999796251E-01 -1.1364380029E+00
  3.5382634183E+00  8.4339540860E-01 -1.2410793416E+00  3.2999796251E-01 -1.1364380029E+00
  3.5382634183E+00  8.4339540860E-01 -1.2410793416E+00  3.2999796251E-01 -1.1364380029E+00
  3.5382634183E+00  8.4339540860E-01 -1.2410793416E+00  3.2999796251E-01 -1.1364380029E+00
  3.5382634183E+00  8.4339540860E-01 -1.2410793416E+00  3.2999796251E-01 -1.1364380029E+00
  3.5382634183E+00  8.4339540860E-01 -1.2410793416E+00  3.2999796251E-01 -1.1364380029E+00
  3.5382634183E+00  8.4339540860E-01 -1.2410793416E+00  3.2999796251E-01 -1.1364380029E+00
  3.5382634183E+00  8.4339540860E-01 -1.2410793416E+00  3.2999796251E-01 -1.1364380029E+00
  3.5382634183E+00  8.4339540860E-01 -1.2410793416E+00  3.2999796251E-01 -1.1364380029E+00
  3.5382634183E+00  8.4339540860E-01 -1.2410793416E+00  3.2999796251E-01 -1.1364380029E+00
  3.5382634183E+00  8.4339540860E-01 -1.2410793416E+00  3.2999796251E-01 -1.1364380029E+00
  3.5382634183E+00  8.4339540860E-01 -1.2410793416E+00  3.2999796251E-01 -1.1364380029E+00
  3.5382634183E+00  8.4339540860E-01 -1.2410793416E+00  3.2999796251E-01 -1.1364380029E+00
  3.5382634183E+00  8.4339540860E-01 -1.2410793416E+00  3.2999796251E-01 -1.1364380029E+00
  3.5382634183E+00  8.4339540860E-01 -1.2410793416E+00  3.2999796251E-01 -1.1364380029E+00
  3.5382634183E+00  8.4339540860E-01 -1.2410793416E+00  3.2999796251E-01 -1.1364380029E+00
  3.5382634183E+00  8.4339540860E-01 -1.2410793416E+00  3.2999796251E-01 -1.1364380029E+00
  3.5382634183E+00  8.4339540860E-01 -1.2410793416E+00  3.2999796251E-01 -1.1364380029E+00
  3.5382634183E+00  8.4339540860E-01 -1.2410793416E+00  3.2999796251E-01 -1.1364380029E+00
  3.5382634183E+00  8.4339540860E-01 -1.2410793416E+00  3.2999796251E-01 -1.1364380029E+00
  3.5382634183E+00  8.4339540860E-01 -1.2410793416E+00  3.2999796251E-01 -1.1364380029E+00
  3.5382634183E+00  8.4339540860E-01 -1.2410793416E+00  3.2999796251E-01 -1.1364380029E+00
  3.5382634183E+00  8.4339540860E-01 -1.2410793416E+00  3.2999796251E-01 -1.1364380029E+00
  3.5382634183E+00  8.4339540860E-01 -1.2410793416E+00  3.2999796251E-01 -1.1364380029E+00
  3.5382634183E+00  8.4339540860E-01 -1.2410793416E+00  3.2999796251E-01 -1.1364380029E+00
  3.5382634183E+00  8.4339540860E-01 -1.2410793416E+00  3.2999796251E-01 -1.1364380029E+00
  3.5382634183E+00  8.4339540860E-01 -1.2410793416E+00  3.2999796251E-01 -1.1364380029E+00
  3.5382634183E+00  8.4339540860E-01 -1.2410793416E+00  3.2999796251E-01 -1.1364380029E+00
  3.5382634183E+00  8.4339540860E-01 -1.2410793416E+00  3.2999796251E-01 -1.1364380029E+00
  3.5382634183E+00  8.4339540860E-01 -1.2410793416E+00  3.2999796251E-01 -1.1364380029E+00
  3.5382634183E+00  8.4339540860E-01 -1.2410793416E+00  3.2999796251E-01 -1.1364380029E+00
  3.5382634183E+00  8.4339540860E-01 -1.2410793416E+00  3.2999796251E-01 -1.1364380029E+00
  3.5382634183E+00  8.4339540860E-01 -1.2410793416E+00  3.2999796251E-01 -1.1364380029E+00
  3.5382634183E+00  8.4339540860E-01 -1.2410793416E+00  3.2999796251E-01 -1.1364380029E+00
  3.5382634183E+00  8.4339540860E-01 -1.2410793416E+00  3.2999796251E-01 -1.1364380029E+00
  3.5382634183E+00  8.4339540860E-01 -1.2410793416E+00  3.2999796251E-01 -1.1364380029E+00
  3.5382634183E+00  8.4339540860E-01 -1.2410793416E+00  3.2999796251E-01 -1.1364380029E+00
  3.5382634183E+00  8.4339540860E-01 -1.2410793416E+00  3.2999796251E-01 -1.1364380029E+00
  3.5382634183E+00  8.4339540860E-01 -1.2410793416E+00  3.2999796251E-01 -1.1364380029E+00
  3.5382634183E+00  8.4339540860E-01 -1.2410793416E+00  3.2999796251E-01 -1.1364380029E+00
  3.5382634183E+00  8.4339540860E-01 -1.2410793416E+00  3.2999796251E-01 -1.1364380029E+00
  3.5382634183E+00  8.4339540860E-01 -1.2410793416E+00  3.2999796251E-01 -1.1364380029E+00
  3.5382634183E+00  8.4339540860E-01 -1.2410793416E+00  3.2999796251E-01 -1.1364380029E+00
  3.5382634183E+00  8.4339540860E-01 -1.2410793416E+00  3.2999796251E-01 -1.1364380029E+00
