 AIMInt (Version 19.10.12, Professional)
 Portions Copyright (c) 1997-2019 by Todd A. Keith
 AIMInt is a component of the AIMAll package ( http://aim.tkgristmill.com )

 TP:  64-bit Mac OS X

 AIMInt is a heavily modified and extended version of the PROAIMV program
 developed by members of R.F.W. Bader's research group

 Much of the Quantum Theory of Atoms in Molecules (QTAIM) is described in the book:
   "Atoms in Molecules - A Quantum Theory"
   R.F.W. Bader, Oxford University Press, Oxford, 1990

 For additional references see:  http://aim.tkgristmill.com/references.html

 Current Directory:  /Users/chemlab/Documents/SubstituentCoding/HanschLeoTaftSubstituents/QTAIM

 Inp File:  SubH_AsO-C6H5-2_wb97xd_aug-cc-pvtz_atomicfiles/c15.inp
 Wfx File:  SubH_AsO-C6H5-2_wb97xd_aug-cc-pvtz.wfx
 Out File:  SubH_AsO-C6H5-2_wb97xd_aug-cc-pvtz_atomicfiles/c15.int

 Wfx Title:   Title Card Required                                                           
 Job Title:   Title Card Required                                                           
 
<Atom>
C15     
</Atom>
<Nuclei of Molecule>
    25
As1       33.0          -5.3208027851E-02  -2.1440785859E+00  -1.0041145093E+00
H2         1.0           2.5355490096E-02  -2.2637913563E+00  -3.8679903787E+00
C3         6.0          -2.9027381812E+00   8.2426052836E-03  -2.6598873521E-01
C4         6.0          -4.8685685882E+00  -1.0294145350E+00   1.1253035154E+00
C5         6.0          -3.0098287713E+00   2.5072140174E+00  -1.0634474101E+00
C6         6.0          -6.9573376848E+00   4.4240606348E-01   1.7108104053E+00
H7         1.0          -4.7375792618E+00  -2.9748575537E+00   1.7448002278E+00
C8         6.0          -5.1007412639E+00   3.9686312833E+00  -4.7560734623E-01
H9         1.0          -1.4651528530E+00   3.3313815952E+00  -2.1234119422E+00
C10        6.0          -7.0733082177E+00   2.9337792338E+00   9.0939439492E-01
H11        1.0          -8.4927168011E+00  -3.5756130114E-01   2.7961476405E+00
H12        1.0          -5.1899011308E+00   5.9154152008E+00  -1.0901484378E+00
H13        1.0          -8.7028420811E+00   4.0784313649E+00   1.3691175077E+00
C14        6.0           2.9427084266E+00  -2.3629237246E-01  -2.1091324461E-01
C15        6.0           3.9242876386E+00   1.5282973486E+00  -1.8873568369E+00
C16        6.0           4.0957902706E+00  -6.4531044984E-01   2.1103199193E+00
C17        6.0           6.0515128812E+00   2.9087375100E+00  -1.2288899221E+00
H18        1.0           3.0546283623E+00   1.8193594109E+00  -3.7181850606E+00
C19        6.0           6.2240459142E+00   7.3621681630E-01   2.7597292293E+00
H20        1.0           3.3383557438E+00  -2.0591353464E+00   3.3799726920E+00
C21        6.0           7.1951015438E+00   2.5143928661E+00   1.0960672880E+00
H22        1.0           6.8227871455E+00   4.2797321806E+00  -2.5330442535E+00
H23        1.0           7.1309203250E+00   4.1938786511E-01   4.5630946304E+00
H24        1.0           8.8577836245E+00   3.5871793707E+00   1.6069009621E+00
O25        8.0          -2.5141468137E-01  -4.8552938024E+00   4.4149970960E-01
</Nuclei of Molecule>
<Total Number of CPs of DelSqRho>
    37
</Total Number of CPs of DelSqRho>
<Number of (3,+3) CPs of DelSqRho>
     4
</Number of (3,+3) CPs of DelSqRho>
<Number of (3,+1) CPs of DelSqRho>
    14
</Number of (3,+1) CPs of DelSqRho>
<Number of (3,-1) CPs of DelSqRho>
    14
</Number of (3,-1) CPs of DelSqRho>
<Number of (3,-3) CPs of DelSqRho>
     5
</Number of (3,-3) CPs of DelSqRho>
<Number of Degenerate CPs of DelSqRho>
     0
</Number of Degenerate CPs of DelSqRho>
<CP of DelSqRho>
CP# = 1       
Type = (3,+3)
Coords =  3.92428759144904E+00  1.52829733774776E+00 -1.88735686602143E+00
DistFromNuc =  5.6431608549E-08
Rho =  1.2110775192E+02
DelSqRho = -7.4600476734E+05
GradDelSqRho = -2.2758904379E-06  6.8934923547E-08  8.0328504737E-07
HessDelSqRho_EigVals =  1.5982407136E+10  1.5982409313E+10  1.5982410363E+10
HessDelSqRho_EigVec1 = -5.8171419596E-01  7.0883641525E-01  3.9894802999E-01
HessDelSqRho_EigVec2 =  4.3371156499E-01 -1.4462567184E-01  8.8936926720E-01
HessDelSqRho_EigVec3 =  6.8811545006E-01  6.9038710262E-01 -2.2329974457E-01
</CP of DelSqRho>
<CP of DelSqRho>
CP# = 2       
Type = (3,+1)
Coords =  4.99090850526587E+00  2.22234487895682E+00 -1.56115080832648E+00
DistFromNuc =  1.3136941885E+00
Rho =  3.2377147788E-01
DelSqRho = -1.0717543781E+00
GradDelSqRho = -3.4694469520E-17  9.5236318831E-16  9.8532293435E-16
HessDelSqRho_EigVals = -4.1398658217E+00  5.5298940235E+00  7.5575101383E+00
HessDelSqRho_EigVec1 =  8.1183885208E-01  5.2714201931E-01  2.5107562553E-01
HessDelSqRho_EigVec2 = -5.8301209490E-01  7.0839744817E-01  3.9783156312E-01
HessDelSqRho_EigVec3 =  3.1852401109E-02 -4.6935524595E-01  8.8243474413E-01
</CP of DelSqRho>
<CP of DelSqRho>
CP# = 3       
Type = (3,+1)
Coords =  3.37005672172068E+00  1.71162024673806E+00 -3.04695775761903E+00
DistFromNuc =  1.2982501644E+00
Rho =  2.9235615764E-01
DelSqRho = -1.1636918406E+00
GradDelSqRho =  8.3770837489E-13 -2.8509312966E-13  1.7816373377E-12
HessDelSqRho_EigVals = -9.6809878859E+00  8.6439760157E+00  8.9851419114E+00
HessDelSqRho_EigVec1 =  4.2292393363E-01 -1.4307766876E-01  8.9479837230E-01
HessDelSqRho_EigVec2 =  6.0006472907E-01 -6.9570574491E-01 -3.9486179536E-01
HessDelSqRho_EigVec3 =  6.7901227330E-01  7.0393344658E-01 -2.0837474774E-01
</CP of DelSqRho>
<CP of DelSqRho>
CP# = 4       
Type = (3,-3)
Coords =  3.80802615932442E+00  1.69130958159401E+00 -1.78749061377471E+00
DistFromNuc =  2.2374758590E-01
Rho =  9.2307198113E+00
DelSqRho =  2.8395700073E+02
GradDelSqRho =  3.2294167340E-12  1.8616219677E-12 -4.6895820560E-12
HessDelSqRho_EigVals = -5.9476662819E+04 -1.4395605908E+02 -1.2516159468E+02
HessDelSqRho_EigVec1 = -5.1917746006E-01  7.2868880181E-01  4.4661772813E-01
HessDelSqRho_EigVec2 =  7.7589277200E-01  6.2098199832E-01 -1.1122843211E-01
HessDelSqRho_EigVec3 = -3.5839248222E-01  2.8878017223E-01 -8.8778423100E-01
</CP of DelSqRho>
<CP of DelSqRho>
CP# = 5       
Type = (3,+1)
Coords =  3.78711842305584E+00  1.51491812563061E+00 -2.06388037276683E+00
DistFromNuc =  2.2395302185E-01
Rho =  9.2501163863E+00
DelSqRho =  2.7983806816E+02
GradDelSqRho = -3.4816594052E-12  2.7355895327E-13  2.4797941478E-12
HessDelSqRho_EigVals = -5.8648963419E+04  2.8554884901E+01  1.6018738316E+02
HessDelSqRho_EigVec1 =  6.1217225487E-01  5.9433124657E-02  7.8848768796E-01
HessDelSqRho_EigVec2 =  5.3533939823E-01  7.0272747540E-01 -4.6859985492E-01
HessDelSqRho_EigVec3 = -5.8194231593E-01  7.0897235420E-01  3.9837336999E-01
</CP of DelSqRho>
<CP of DelSqRho>
CP# = 6       
Type = (3,+1)
Coords =  4.08770422507336E+00  1.67967128204054E+00 -1.90845190586391E+00
DistFromNuc =  2.2374997297E-01
Rho =  9.2647694273E+00
DelSqRho =  2.8076509430E+02
GradDelSqRho = -5.2310156207E-11 -3.9470648971E-11 -6.3244964821E-12
HessDelSqRho_EigVals = -5.9173207544E+04  1.9006826065E+01  1.3954576224E+02
HessDelSqRho_EigVec1 =  7.3063197140E-01  6.7631252588E-01 -9.3692527468E-02
HessDelSqRho_EigVec2 =  3.2990749536E-01 -2.2955176649E-01  9.1567845394E-01
HessDelSqRho_EigVec3 = -5.9777752289E-01  6.9993382104E-01  3.9083843118E-01
</CP of DelSqRho>
<CP of DelSqRho>
CP# = 7       
Type = (3,-3)
Coords =  4.07023570955771E+00  1.37553932377996E+00 -1.96090192703807E+00
DistFromNuc =  2.2370680331E-01
Rho =  9.2332995447E+00
DelSqRho =  2.8414228793E+02
GradDelSqRho =  2.4122925879E-12  1.3145040612E-12  7.4606987255E-13
HessDelSqRho_EigVals = -5.9586786456E+04 -1.4840398613E+02 -1.2839842808E+02
HessDelSqRho_EigVec1 = -6.5277373882E-01  6.8264849651E-01  3.2844706745E-01
HessDelSqRho_EigVec2 =  7.0366391799E-01  7.0698594609E-01 -7.0908127519E-02
HessDelSqRho_EigVec3 =  2.8061278737E-01 -1.8482938682E-01  9.4185697499E-01
</CP of DelSqRho>
<CP of DelSqRho>
CP# = 8       
Type = (3,-1)
Coords =  4.04847263031938E+00  1.68813728110403E+00 -1.98286335264380E+00
DistFromNuc =  2.2381289227E-01
Rho =  9.2565204330E+00
DelSqRho =  2.8078834237E+02
GradDelSqRho = -1.1937117961E-12  5.0022208598E-12  2.4318325131E-12
HessDelSqRho_EigVals = -5.8998615226E+04 -1.8675973333E+01  1.3126640043E+02
HessDelSqRho_EigVec1 =  5.5533093482E-01  7.1413461184E-01 -4.2616816986E-01
HessDelSqRho_EigVec2 =  5.8098300376E-01  3.3513236070E-02  8.1322543760E-01
HessDelSqRho_EigVec3 =  5.9503470670E-01 -6.9920570591E-01 -3.9628913516E-01
</CP of DelSqRho>
<CP of DelSqRho>
CP# = 9       
Type = (3,-1)
Coords =  4.02908996141999E+00  1.51363241438219E+00 -1.69019743753985E+00
DistFromNuc =  2.2376419717E-01
Rho =  9.2549223599E+00
DelSqRho =  2.8157956625E+02
GradDelSqRho = -7.7839956703E-12 -1.7593704271E-12 -8.6295415258E-12
HessDelSqRho_EigVals = -5.9161277640E+04 -6.0641289843E+01  1.0198689248E+02
HessDelSqRho_EigVec1 =  4.6865712431E-01 -6.5313180202E-02  8.8096236488E-01
HessDelSqRho_EigVec2 =  6.5051323591E-01  7.0022068907E-01 -2.9414879994E-01
HessDelSqRho_EigVec3 =  5.9765628060E-01 -7.1093260939E-01 -3.7065050272E-01
</CP of DelSqRho>
<CP of DelSqRho>
CP# = 10      
Type = (3,+1)
Coords =  4.66073163730474E+00  8.45359383160657E-01 -1.69700389537016E+00
DistFromNuc =  1.0222466778E+00
Rho =  1.8166944019E-01
DelSqRho = -1.0063630915E-01
GradDelSqRho = -1.3322676296E-15  1.1102230246E-16 -8.3266726847E-16
HessDelSqRho_EigVals = -1.9375867209E+00  5.8612580723E-01  1.1673631199E+01
HessDelSqRho_EigVec1 = -6.9216195991E-01 -6.8466155923E-01  2.2836455631E-01
HessDelSqRho_EigVec2 = -1.1088754794E-03  3.1741579143E-01  9.4828581438E-01
HessDelSqRho_EigVec3 =  7.2174136064E-01 -6.5611413997E-01  2.2046234071E-01
</CP of DelSqRho>
<CP of DelSqRho>
CP# = 11      
Type = (3,-1)
Coords =  3.10003829354958E+00  1.01207837168892E+00 -2.15078156608787E+00
DistFromNuc =  1.0076019069E+00
Rho =  2.0026799058E-01
DelSqRho = -2.5200459817E-02
GradDelSqRho = -2.1094237468E-15 -1.6653345369E-16  6.6613381478E-16
HessDelSqRho_EigVals = -3.3792797984E+00 -2.1518390723E-01  1.2242734135E+01
HessDelSqRho_EigVec1 =  1.9458394195E-02 -4.7478961768E-01  8.7988419115E-01
HessDelSqRho_EigVec2 = -5.7708248577E-01  7.1332361541E-01  3.9767477204E-01
HessDelSqRho_EigVec3 =  8.1645402535E-01  5.1550386869E-01  2.6011264069E-01
</CP of DelSqRho>
<CP of DelSqRho>
CP# = 12      
Type = (3,+1)
Coords =  3.71222848461566E+00  2.50687570882788E+00 -2.11241748554843E+00
DistFromNuc =  1.0262733493E+00
Rho =  1.7561683047E-01
DelSqRho = -5.0803764312E-02
GradDelSqRho = -7.7216011363E-14  1.2245759962E-13 -1.5876189252E-14
HessDelSqRho_EigVals = -1.9986226336E+00  2.1931150656E-01  1.0822594324E+01
HessDelSqRho_EigVec1 =  6.1920892605E-01  3.1219051358E-01  7.2049801466E-01
HessDelSqRho_EigVec2 = -7.6407275348E-01  2.8008512282E-02  6.4452179996E-01
HessDelSqRho_EigVec3 = -1.8103351425E-01  9.4960655351E-01 -2.5587938614E-01
</CP of DelSqRho>
<CP of DelSqRho>
CP# = 13      
Type = (3,+1)
Coords =  3.72604636206979E+00  6.72688371820960E-01 -2.41607394538823E+00
DistFromNuc =  1.0251380910E+00
Rho =  1.7758285748E-01
DelSqRho = -5.1414725970E-02
GradDelSqRho = -5.8286708793E-16 -1.6653345369E-15  3.3306690739E-16
HessDelSqRho_EigVals = -2.0700971610E+00  2.1361311038E-01  1.0928151161E+01
HessDelSqRho_EigVec1 =  1.1689705092E-01 -5.5283695517E-01  8.2504932003E-01
HessDelSqRho_EigVec2 = -9.6480076126E-01  1.3383784980E-01  2.2637782804E-01
HessDelSqRho_EigVec3 =  2.3557285615E-01  8.2247111254E-01  5.1773226526E-01
</CP of DelSqRho>
<CP of DelSqRho>
CP# = 14      
Type = (3,-1)
Coords =  4.36334468696700E+00  1.38043267600225E+00 -9.89363138378855E-01
DistFromNuc =  1.0104591708E+00
Rho =  2.0550621406E-01
DelSqRho =  2.9705612102E-02
GradDelSqRho =  1.3739009930E-15  1.4988010832E-15 -1.6098233857E-15
HessDelSqRho_EigVals = -3.6670039002E+00 -7.3515855146E-01  1.2112886373E+01
HessDelSqRho_EigVec1 =  6.8733737088E-01  6.9013414623E-01 -2.2645573254E-01
HessDelSqRho_EigVec2 =  5.8022180906E-01 -7.0924969641E-01 -4.0038421600E-01
HessDelSqRho_EigVec3 =  4.3693247863E-01 -1.4380447956E-01  8.8792470445E-01
</CP of DelSqRho>
<CP of DelSqRho>
CP# = 15      
Type = (3,-1)
Coords =  4.27835091641554E+00  2.21517257837352E+00 -2.53076798431546E+00
DistFromNuc =  1.0055527289E+00
Rho =  2.0132650448E-01
DelSqRho = -2.2505573620E-02
GradDelSqRho = -9.4368957093E-16 -3.3306690739E-16  8.8817841970E-16
HessDelSqRho_EigVals = -3.4838946913E+00 -2.4380018477E-01  1.2381026989E+01
HessDelSqRho_EigVec1 =  7.1704951435E-01  2.3553233650E-01  6.5602173168E-01
HessDelSqRho_EigVec2 = -5.9761279150E-01  6.9215224015E-01  4.0470264132E-01
HessDelSqRho_EigVec3 =  3.5874635247E-01  6.8223881076E-01 -6.3706456476E-01
</CP of DelSqRho>
<CP of DelSqRho>
CP# = 16      
Type = (3,+1)
Coords =  3.68537337569548E+00  2.03065135449220E+00 -1.03000778687258E+00
DistFromNuc =  1.0220014510E+00
Rho =  1.8179708346E-01
DelSqRho = -1.0278163247E-01
GradDelSqRho =  4.2743586448E-15 -3.3584246495E-15 -9.3258734069E-15
HessDelSqRho_EigVals = -1.9273629442E+00  5.9093784311E-01  1.1695243144E+01
HessDelSqRho_EigVec1 =  6.7914042128E-01  6.9945824889E-01 -2.2254538019E-01
HessDelSqRho_EigVec2 = -7.0414835601E-01  5.3524726697E-01 -4.6656773992E-01
HessDelSqRho_EigVec3 = -2.0722784783E-01  4.7356997504E-01  8.5603043043E-01
</CP of DelSqRho>
<CP of DelSqRho>
CP# = 17      
Type = (3,-1)
Coords =  4.42865771763111E+00  8.13475380453548E-01 -2.46880842379116E+00
DistFromNuc =  1.0504501752E+00
Rho =  1.5032038601E-01
DelSqRho = -2.3392344079E-02
GradDelSqRho = -7.2164496601E-16 -2.2204460493E-15 -4.4408920985E-16
HessDelSqRho_EigVals = -6.6044816526E-01 -3.5000662889E-01  8.8811095447E+00
HessDelSqRho_EigVec1 =  5.0393658005E-01 -3.1502449875E-01  8.0424342613E-01
HessDelSqRho_EigVec2 =  7.2166546570E-01  6.6518714539E-01 -1.9163772393E-01
HessDelSqRho_EigVec3 = -4.7460181090E-01  6.7696796586E-01  5.6255443673E-01
</CP of DelSqRho>
<CP of DelSqRho>
CP# = 18      
Type = (3,+1)
Coords =  2.90756324600120E+00  1.67181392919090E+00 -1.85617827454558E+00
DistFromNuc =  1.0272767894E+00
Rho =  1.7593110195E-01
DelSqRho = -4.9840146554E-02
GradDelSqRho = -8.8230533990E-12  7.8348438848E-13 -9.7262475851E-14
HessDelSqRho_EigVals = -2.0038765556E+00  2.0508509340E-01  1.0760462776E+01
HessDelSqRho_EigVec1 = -3.5442040276E-02 -3.6503174857E-01  9.3032020526E-01
HessDelSqRho_EigVec2 =  9.9192294117E-02  9.2502340202E-01  3.6673231997E-01
HessDelSqRho_EigVec3 =  9.9443690125E-01 -1.0527833708E-01 -3.4236198963E-03
</CP of DelSqRho>
<CP of DelSqRho>
CP# = 19      
Type = (3,+1)
Coords =  4.56074589319758E+00  1.49737552026550E+00 -2.68856117010652E+00
DistFromNuc =  1.0237009587E+00
Rho =  1.7797789663E-01
DelSqRho = -5.4581269464E-02
GradDelSqRho =  1.0735856648E-13  1.1584483373E-14 -1.4577228313E-13
HessDelSqRho_EigVals = -2.0814125231E+00  2.3728970561E-01  1.1042284252E+01
HessDelSqRho_EigVec1 = -7.8769134064E-01 -1.0901582839E-01 -6.0634800325E-01
HessDelSqRho_EigVec2 = -9.3026626357E-02  9.9398100996E-01 -5.7860164430E-02
HessDelSqRho_EigVec3 = -6.0900607441E-01 -1.0830558652E-02  7.9309160904E-01
</CP of DelSqRho>
<CP of DelSqRho>
CP# = 20      
Type = (3,-1)
Coords =  3.22279609113910E+00  2.27609855616680E+00 -1.65412120991776E+00
DistFromNuc =  1.0515207534E+00
Rho =  1.4952382862E-01
DelSqRho = -2.3566240902E-02
GradDelSqRho = -3.2995828292E-13  3.5826897005E-13  2.0983215165E-13
HessDelSqRho_EigVals = -6.5732069765E-01 -3.2848118564E-01  8.8262233803E+00
HessDelSqRho_EigVec1 =  2.8937247723E-01 -1.3344136270E-02  9.5712355704E-01
HessDelSqRho_EigVec2 =  6.8410909284E-01  7.0226072780E-01 -1.9703963888E-01
HessDelSqRho_EigVec3 = -6.6952096197E-01  7.1179477676E-01  2.1234377142E-01
</CP of DelSqRho>
<CP of DelSqRho>
CP# = 21      
Type = (3,+3)
Coords =  3.53814774540620E+00  8.43209316538496E-01 -1.24091802205852E+00
DistFromNuc =  1.0180043075E+00
Rho =  3.2998125905E-01
DelSqRho = -1.1364383529E+00
GradDelSqRho =  1.6722734308E-15 -1.0547118734E-15 -1.4432899320E-15
HessDelSqRho_EigVals =  4.7458936180E+00  7.0273628792E+00  9.4434019625E+00
HessDelSqRho_EigVec1 =  5.7881105409E-01 -7.0897970405E-01 -4.0289644192E-01
HessDelSqRho_EigVec2 =  6.9661142788E-01  1.7304080180E-01  6.9626819506E-01
HessDelSqRho_EigVec3 = -4.2392249552E-01 -6.8366999361E-01  5.9404129286E-01
</CP of DelSqRho>
<CP of DelSqRho>
CP# = 22      
Type = (3,+3)
Coords =  3.47724361381217E+00  1.67525562174125E+00 -2.82010205903931E+00
DistFromNuc =  1.0447290287E+00
Rho =  3.0346544242E-01
DelSqRho = -1.2578627816E+00
GradDelSqRho =  7.3191452898E-14 -2.2024049251E-14  1.5015766408E-13
HessDelSqRho_EigVals =  7.2424007929E+00  7.9312576902E+00  8.8710195013E+00
HessDelSqRho_EigVec1 = -5.9332237525E-01  6.9989516456E-01  3.9763716835E-01
HessDelSqRho_EigVec2 =  6.6816428524E-01  7.0369103676E-01 -2.4161004264E-01
HessDelSqRho_EigVec3 =  4.4891541180E-01 -1.2233430999E-01  8.8516058975E-01
</CP of DelSqRho>
<CP of DelSqRho>
CP# = 23      
Type = (3,+3)
Coords =  4.74817740302252E+00  2.06563216453294E+00 -1.63800507750638E+00
DistFromNuc =  1.0147410252E+00
Rho =  3.3423534306E-01
DelSqRho = -1.1683027273E+00
GradDelSqRho =  5.2180482157E-15  1.4432899320E-15  1.1102230246E-15
HessDelSqRho_EigVals =  4.8210582169E+00  7.2909475557E+00  9.5294323987E+00
HessDelSqRho_EigVec1 = -5.8214264029E-01  7.0867956260E-01  3.9860158543E-01
HessDelSqRho_EigVec2 =  8.0908424524E-02 -4.3731015527E-01  8.9566380687E-01
HessDelSqRho_EigVec3 =  8.0905115611E-01  5.5365431963E-01  1.9723874151E-01
</CP of DelSqRho>
<CP of DelSqRho>
CP# = 24      
Type = (3,+1)
Coords =  5.51255950449887E+00  1.06673020394290E+00 -2.23431695327097E+00
DistFromNuc =  1.6899801985E+00
Rho =  7.9358653022E-02
DelSqRho =  1.1462021920E-01
GradDelSqRho = -1.8388068845E-16 -2.5326962749E-16  8.5001450323E-16
HessDelSqRho_EigVals = -1.0548893935E+00  9.0781202221E-02  1.1787366217E-01
HessDelSqRho_EigVec1 =  8.0887203518E-01 -4.8668014447E-01 -3.2995222031E-01
HessDelSqRho_EigVec2 =  5.8798066335E-01  6.7159034555E-01  4.5082718118E-01
HessDelSqRho_EigVec3 =  2.1840879876E-03 -5.5866702493E-01  8.2938916379E-01
</CP of DelSqRho>
<CP of DelSqRho>
CP# = 25      
Type = (3,+1)
Coords =  2.72467503006941E+00  1.89312184105084E+00 -7.77046947852361E-01
DistFromNuc =  1.6748000987E+00
Rho =  7.7780881646E-02
DelSqRho =  1.1624807448E-01
GradDelSqRho =  5.5824984392E-12  1.6808724551E-12  6.1787816617E-12
HessDelSqRho_EigVals = -1.0753056456E+00  9.2772265165E-02  1.0722631401E-01
HessDelSqRho_EigVec1 =  7.0390806533E-01 -4.5046884595E-01 -5.4917324624E-01
HessDelSqRho_EigVec2 =  1.1571228484E-01  8.3556351652E-01 -5.3707008574E-01
HessDelSqRho_EigVec3 =  7.0080247053E-01  3.1450187391E-01  6.4028467779E-01
</CP of DelSqRho>
<CP of DelSqRho>
CP# = 26      
Type = (3,+1)
Coords =  4.35580111037948E+00 -8.79916684200163E-02 -1.90328954555837E+00
DistFromNuc =  1.6729757661E+00
Rho =  7.7905417599E-02
DelSqRho =  1.1690215212E-01
GradDelSqRho = -4.6837533851E-17 -6.0715321659E-17  4.3801767768E-17
HessDelSqRho_EigVals = -1.0809624659E+00  9.2090582889E-02  1.1055625891E-01
HessDelSqRho_EigVec1 = -4.0065534720E-01  8.9074206311E-01  2.1460165370E-01
HessDelSqRho_EigVec2 =  6.0752706833E-01  4.3360241521E-01 -6.6550718010E-01
HessDelSqRho_EigVec3 =  6.8584703397E-01  1.3626269678E-01  7.1487504045E-01
</CP of DelSqRho>
<CP of DelSqRho>
CP# = 27      
Type = (3,+1)
Coords =  3.88474779581456E+00  3.03573989240907E+00 -1.12731771686767E+00
DistFromNuc =  1.6886698571E+00
Rho =  7.9163791414E-02
DelSqRho =  1.1426992730E-01
GradDelSqRho =  8.3266726847E-17 -9.7144514655E-17  1.3877787808E-17
HessDelSqRho_EigVals = -1.0567760739E+00  8.9806775001E-02  1.1599492516E-01
HessDelSqRho_EigVec1 = -2.9522345166E-01  8.5564398075E-01  4.2510762377E-01
HessDelSqRho_EigVec2 =  9.4934417410E-01  2.1257421142E-01  2.3142567651E-01
HessDelSqRho_EigVec3 = -1.0765106921E-01 -4.7189573302E-01  8.7505752066E-01
</CP of DelSqRho>
<CP of DelSqRho>
CP# = 28      
Type = (3,-1)
Coords =  3.05452089084914E+00  2.59420305224953E+00 -1.17667692181521E+00
DistFromNuc =  1.5484557166E+00
Rho =  6.6318258785E-02
DelSqRho =  1.2457519552E-01
GradDelSqRho =  1.3169326740E-13 -2.3409052474E-13 -1.6166928907E-13
HessDelSqRho_EigVals = -1.2835200116E+00 -2.7448431694E-02  3.7898895590E-02
HessDelSqRho_EigVec1 = -5.8727045652E-01  7.0012495591E-01  4.0612615900E-01
HessDelSqRho_EigVec2 = -6.7551908734E-01 -7.0037025637E-01  2.3055469335E-01
HessDelSqRho_EigVec3 =  4.4585577661E-01 -1.3894801226E-01  8.8425453143E-01
</CP of DelSqRho>
<CP of DelSqRho>
CP# = 29      
Type = (3,-1)
Coords =  4.86938647943883E+00  4.07485139914895E-01 -2.38627265973851E+00
DistFromNuc =  1.5486603321E+00
Rho =  6.6591778517E-02
DelSqRho =  1.2540746041E-01
GradDelSqRho = -7.5793538112E-14  5.6170346152E-14  1.4918621893E-14
HessDelSqRho_EigVals = -1.2873374205E+00 -3.2463139986E-02  4.2551042905E-02
HessDelSqRho_EigVec1 = -5.8655978003E-01  7.1641257007E-01  3.7775740085E-01
HessDelSqRho_EigVec2 =  6.9046069570E-01  6.8612506390E-01 -2.2912098197E-01
HessDelSqRho_EigVec3 =  4.2333397235E-01 -1.2643348501E-01  8.9710808809E-01
</CP of DelSqRho>
<CP of DelSqRho>
CP# = 30      
Type = (3,-3)
Coords =  4.94919460259997E+00  2.75805541845490E+00 -2.57601877779967E+00
DistFromNuc =  1.7426974678E+00
Rho =  9.8042918719E-02
DelSqRho =  2.4706761926E-01
GradDelSqRho =  9.0205620751E-17 -2.4286128664E-17 -3.7296554734E-16
HessDelSqRho_EigVals = -1.6609205610E+00 -2.3035737536E-01 -1.8857088244E-01
HessDelSqRho_EigVec1 =  2.5965041124E-02 -4.7368258638E-01  8.8031279895E-01
HessDelSqRho_EigVec2 = -5.9344758725E-01  7.0134481218E-01  3.9488658576E-01
HessDelSqRho_EigVec3 =  8.0445371391E-01  5.3267275301E-01  2.6289534112E-01
</CP of DelSqRho>
<CP of DelSqRho>
CP# = 31      
Type = (3,-1)
Coords =  5.74435052262026E+00  1.31323247663490E+00 -2.10258724287825E+00
DistFromNuc =  1.8453200071E+00
Rho =  8.9860221374E-02
DelSqRho =  1.1739604662E-01
GradDelSqRho = -2.4633073359E-16  1.3877787808E-16 -9.7144514655E-17
HessDelSqRho_EigVals = -8.9987856054E-01 -1.1983589797E-01  1.4145218765E-01
HessDelSqRho_EigVec1 = -5.8308237804E-01  6.9120036791E-01  4.2691567297E-01
HessDelSqRho_EigVec2 = -8.1063114719E-01 -5.2978308648E-01 -2.4941336068E-01
HessDelSqRho_EigVec3 =  5.3778096229E-02 -4.9149967719E-01  8.6921572909E-01
</CP of DelSqRho>
<CP of DelSqRho>
CP# = 32      
Type = (3,-1)
Coords =  4.14929099779706E+00  8.19491925573704E-01 -3.35092439139892E+00
DistFromNuc =  1.6416642854E+00
Rho =  7.5337930332E-02
DelSqRho =  1.4329511863E-01
GradDelSqRho =  1.1040213882E-14  1.0834909359E-13  4.3257498278E-14
HessDelSqRho_EigVals = -1.4659632925E+00 -2.3812516767E-01  6.5339464282E-02
HessDelSqRho_EigVec1 = -4.1251936061E-01  6.3367884021E-01  6.5443021369E-01
HessDelSqRho_EigVec2 = -5.8982764022E-01  3.6167737096E-01 -7.2200611782E-01
HessDelSqRho_EigVec3 =  6.9421259853E-01  6.8384253071E-01 -2.2456237716E-01
</CP of DelSqRho>
<CP of DelSqRho>
CP# = 33      
Type = (3,-1)
Coords =  4.22897477809858E+00  3.15142386465442E+00 -1.06654117723713E+00
DistFromNuc =  1.8442104780E+00
Rho =  8.9952597128E-02
DelSqRho =  1.1715150531E-01
GradDelSqRho = -1.1021045188E-13  2.9760915954E-13  1.1643724179E-13
HessDelSqRho_EigVals = -8.9955692922E-01 -1.2314615457E-01  1.4026403073E-01
HessDelSqRho_EigVec1 = -5.7916261673E-01  7.2515660488E-01  3.7244940836E-01
HessDelSqRho_EigVec2 =  8.1509988330E-01  5.2269058680E-01  2.4981339180E-01
HessDelSqRho_EigVec3 =  1.3521968764E-02 -4.4826604698E-01  8.9379791200E-01
</CP of DelSqRho>
<CP of DelSqRho>
CP# = 34      
Type = (3,-1)
Coords =  2.71726011751716E+00  2.52036391470401E+00 -2.40127070227511E+00
DistFromNuc =  1.6447549876E+00
Rho =  7.5417680678E-02
DelSqRho =  1.4119224215E-01
GradDelSqRho =  4.9559878770E-12 -8.5960752405E-13 -1.0140907211E-12
HessDelSqRho_EigVals = -1.4495436226E+00 -2.3444226648E-01  6.5784367942E-02
HessDelSqRho_EigVec1 =  7.0827626694E-01 -6.9995602083E-01 -9.1685869124E-02
HessDelSqRho_EigVec2 =  2.1685870404E-01  9.2136355450E-02  9.7184525234E-01
HessDelSqRho_EigVec3 = -6.7180133386E-01 -7.0821780612E-01  2.1704954945E-01
</CP of DelSqRho>
<CP of DelSqRho>
CP# = 35      
Type = (3,-3)
Coords =  2.62778920938118E+00  4.35529354933829E-01 -1.87090535224211E+00
DistFromNuc =  1.6956770672E+00
Rho =  9.8390367023E-02
DelSqRho =  2.3826876443E-01
GradDelSqRho = -1.5057399771E-15 -1.0963452368E-15 -8.0491169285E-16
HessDelSqRho_EigVals = -1.5752416747E+00 -2.1096422932E-01 -1.8924240277E-01
HessDelSqRho_EigVec1 =  7.6531564991E-01  3.1993785409E-01  5.5850848294E-01
HessDelSqRho_EigVec2 = -5.7736649540E-01  7.2476783141E-01  3.7597808518E-01
HessDelSqRho_EigVec3 = -2.8449936025E-01 -6.1020599806E-01  7.3939756150E-01
</CP of DelSqRho>
<CP of DelSqRho>
CP# = 36      
Type = (3,-1)
Coords =  4.91312987945193E+00  1.58617520031003E+00 -5.49453867429917E-01
DistFromNuc =  1.6646750971E+00
Rho =  9.4127229635E-02
DelSqRho =  2.8005932266E-01
GradDelSqRho =  2.2135071553E-15 -2.7703533911E-15  8.1740170188E-15
HessDelSqRho_EigVals = -1.5549170241E+00 -2.7891322192E-01  4.6209792058E-02
HessDelSqRho_EigVec1 =  1.8879883634E-01 -3.5827506373E-01  9.1432706299E-01
HessDelSqRho_EigVec2 = -5.8551939736E-01  7.0639893548E-01  3.9770287813E-01
HessDelSqRho_EigVec3 =  7.8836668798E-01  6.1044207150E-01  7.6409702393E-02
</CP of DelSqRho>
<CP of DelSqRho>
CP# = 37      
Type = (3,-3)
Coords =  4.63316177730637E+00  1.33860999561221E+00 -5.28182417876188E-01
DistFromNuc =  1.5446161134E+00
Rho =  9.1815430540E-02
DelSqRho =  2.8199208528E-01
GradDelSqRho =  0.0000000000E+00  2.8449465006E-16  5.5511151231E-17
HessDelSqRho_EigVals = -1.7249900003E+00 -2.6567255120E-01 -9.2375376999E-02
HessDelSqRho_EigVec1 =  4.0706508555E-01 -1.7308936732E-01  8.9684897672E-01
HessDelSqRho_EigVec2 =  5.9837900980E-01 -6.9130714139E-01 -4.0501481071E-01
HessDelSqRho_EigVec3 =  6.9010185970E-01  7.0152299120E-01 -1.7783395643E-01
</CP of DelSqRho>
<Path of -GradDelSqRho>
Starting CP# =      2
Ending CP# =      0
Number of Points =    400
  4.9909085053E+00  2.2223448790E+00 -1.5611508083E+00  3.2377147788E-01 -1.0717543781E+00
  5.0112042994E+00  2.2355259425E+00 -1.5548786242E+00  3.2380811461E-01 -1.0730402076E+00
  5.0314997003E+00  2.2487123393E+00 -1.5486163857E+00  3.2399504659E-01 -1.0768302565E+00
  5.0517946466E+00  2.2619045853E+00 -1.5423650030E+00  3.2433014402E-01 -1.0829424119E+00
  5.0720890548E+00  2.2751035038E+00 -1.5361259704E+00  3.2481011682E-01 -1.0910862024E+00
  5.0923828081E+00  2.2883103393E+00 -1.5299015795E+00  3.2543071204E-01 -1.1008617873E+00
  5.1126757363E+00  2.3015269684E+00 -1.5236953134E+00  3.2618698872E-01 -1.1117579526E+00
  5.1329675762E+00  2.3147563030E+00 -1.5175126069E+00  3.2707367413E-01 -1.1231482817E+00
  5.1532578866E+00  2.3280031430E+00 -1.5113624548E+00  3.2808560660E-01 -1.1342840374E+00
  5.1735458289E+00  2.3412762637E+00 -1.5052613683E+00  3.2921826988E-01 -1.1442812704E+00
  5.1938294226E+00  2.3545949866E+00 -1.4992458914E+00  3.3046841071E-01 -1.1520981259E+00
  5.2141008234E+00  2.3680251216E+00 -1.4934418475E+00  3.3183454471E-01 -1.1564962362E+00
  5.2221749797E+00  2.3736046195E+00 -1.4915280031E+00  3.3241185505E-01 -1.1569736869E+00
  5.2221749969E+00  2.3736048441E+00 -1.4915283776E+00  3.3241185643E-01 -1.1569736869E+00
  5.2221749969E+00  2.3736048441E+00 -1.4915283776E+00  3.3241185643E-01 -1.1569736869E+00
  5.2221749969E+00  2.3736048441E+00 -1.4915283776E+00  3.3241185643E-01 -1.1569736869E+00
  5.2221749969E+00  2.3736048441E+00 -1.4915283776E+00  3.3241185643E-01 -1.1569736869E+00
  5.2221749969E+00  2.3736048441E+00 -1.4915283776E+00  3.3241185643E-01 -1.1569736869E+00
  5.2221749969E+00  2.3736048441E+00 -1.4915283776E+00  3.3241185643E-01 -1.1569736869E+00
  5.2221749969E+00  2.3736048441E+00 -1.4915283776E+00  3.3241185643E-01 -1.1569736869E+00
  5.2221749969E+00  2.3736048441E+00 -1.4915283776E+00  3.3241185643E-01 -1.1569736869E+00
  5.2221749969E+00  2.3736048441E+00 -1.4915283776E+00  3.3241185643E-01 -1.1569736869E+00
  5.2221749969E+00  2.3736048441E+00 -1.4915283776E+00  3.3241185643E-01 -1.1569736869E+00
  5.2221749969E+00  2.3736048441E+00 -1.4915283776E+00  3.3241185643E-01 -1.1569736869E+00
  5.2221749969E+00  2.3736048441E+00 -1.4915283776E+00  3.3241185643E-01 -1.1569736869E+00
  5.2221749969E+00  2.3736048441E+00 -1.4915283776E+00  3.3241185643E-01 -1.1569736869E+00
  5.2221749969E+00  2.3736048441E+00 -1.4915283776E+00  3.3241185643E-01 -1.1569736869E+00
  5.2221749969E+00  2.3736048441E+00 -1.4915283776E+00  3.3241185643E-01 -1.1569736869E+00
  5.2221749969E+00  2.3736048441E+00 -1.4915283776E+00  3.3241185643E-01 -1.1569736869E+00
  5.2221749969E+00  2.3736048441E+00 -1.4915283776E+00  3.3241185643E-01 -1.1569736869E+00
  5.2221749969E+00  2.3736048441E+00 -1.4915283776E+00  3.3241185643E-01 -1.1569736869E+00
  5.2221749969E+00  2.3736048441E+00 -1.4915283776E+00  3.3241185643E-01 -1.1569736869E+00
  5.2221749969E+00  2.3736048441E+00 -1.4915283776E+00  3.3241185643E-01 -1.1569736869E+00
  5.2221749969E+00  2.3736048441E+00 -1.4915283776E+00  3.3241185643E-01 -1.1569736869E+00
  5.2221749969E+00  2.3736048441E+00 -1.4915283776E+00  3.3241185643E-01 -1.1569736869E+00
  5.2221749969E+00  2.3736048441E+00 -1.4915283776E+00  3.3241185643E-01 -1.1569736869E+00
  5.2221749969E+00  2.3736048441E+00 -1.4915283776E+00  3.3241185643E-01 -1.1569736869E+00
  5.2221749969E+00  2.3736048441E+00 -1.4915283776E+00  3.3241185643E-01 -1.1569736869E+00
  5.2221749969E+00  2.3736048441E+00 -1.4915283776E+00  3.3241185643E-01 -1.1569736869E+00
  5.2221749969E+00  2.3736048441E+00 -1.4915283776E+00  3.3241185643E-01 -1.1569736869E+00
  5.2221749969E+00  2.3736048441E+00 -1.4915283776E+00  3.3241185643E-01 -1.1569736869E+00
  5.2221749969E+00  2.3736048441E+00 -1.4915283776E+00  3.3241185643E-01 -1.1569736869E+00
  5.2221749969E+00  2.3736048441E+00 -1.4915283776E+00  3.3241185643E-01 -1.1569736869E+00
  5.2221749969E+00  2.3736048441E+00 -1.4915283776E+00  3.3241185643E-01 -1.1569736869E+00
  5.2221749969E+00  2.3736048441E+00 -1.4915283776E+00  3.3241185643E-01 -1.1569736869E+00
  5.2221749969E+00  2.3736048441E+00 -1.4915283776E+00  3.3241185643E-01 -1.1569736869E+00
  5.2221749969E+00  2.3736048441E+00 -1.4915283776E+00  3.3241185643E-01 -1.1569736869E+00
  5.2221749969E+00  2.3736048441E+00 -1.4915283776E+00  3.3241185643E-01 -1.1569736869E+00
  5.2221749969E+00  2.3736048441E+00 -1.4915283776E+00  3.3241185643E-01 -1.1569736869E+00
  5.2221749969E+00  2.3736048441E+00 -1.4915283776E+00  3.3241185643E-01 -1.1569736869E+00
  5.2221749969E+00  2.3736048441E+00 -1.4915283776E+00  3.3241185643E-01 -1.1569736869E+00
  5.2221749969E+00  2.3736048441E+00 -1.4915283776E+00  3.3241185643E-01 -1.1569736869E+00
  5.2221749969E+00  2.3736048441E+00 -1.4915283776E+00  3.3241185643E-01 -1.1569736869E+00
  5.2221749969E+00  2.3736048441E+00 -1.4915283776E+00  3.3241185643E-01 -1.1569736869E+00
  5.2221749969E+00  2.3736048441E+00 -1.4915283776E+00  3.3241185643E-01 -1.1569736869E+00
  5.2221749969E+00  2.3736048441E+00 -1.4915283776E+00  3.3241185643E-01 -1.1569736869E+00
  5.2221749969E+00  2.3736048441E+00 -1.4915283776E+00  3.3241185643E-01 -1.1569736869E+00
  5.2221749969E+00  2.3736048441E+00 -1.4915283776E+00  3.3241185643E-01 -1.1569736869E+00
  5.2221749969E+00  2.3736048441E+00 -1.4915283776E+00  3.3241185643E-01 -1.1569736869E+00
  5.2221749969E+00  2.3736048441E+00 -1.4915283776E+00  3.3241185643E-01 -1.1569736869E+00
  5.2221749969E+00  2.3736048441E+00 -1.4915283776E+00  3.3241185643E-01 -1.1569736869E+00
  5.2221749969E+00  2.3736048441E+00 -1.4915283776E+00  3.3241185643E-01 -1.1569736869E+00
  5.2221749969E+00  2.3736048441E+00 -1.4915283776E+00  3.3241185643E-01 -1.1569736869E+00
  5.2221749969E+00  2.3736048441E+00 -1.4915283776E+00  3.3241185643E-01 -1.1569736869E+00
  5.2221749969E+00  2.3736048441E+00 -1.4915283776E+00  3.3241185643E-01 -1.1569736869E+00
  5.2221749969E+00  2.3736048441E+00 -1.4915283776E+00  3.3241185643E-01 -1.1569736869E+00
  5.2221749969E+00  2.3736048441E+00 -1.4915283776E+00  3.3241185643E-01 -1.1569736869E+00
  5.2221749969E+00  2.3736048441E+00 -1.4915283776E+00  3.3241185643E-01 -1.1569736869E+00
  5.2221749969E+00  2.3736048441E+00 -1.4915283776E+00  3.3241185643E-01 -1.1569736869E+00
  5.2221749969E+00  2.3736048441E+00 -1.4915283776E+00  3.3241185643E-01 -1.1569736869E+00
  5.2221749969E+00  2.3736048441E+00 -1.4915283776E+00  3.3241185643E-01 -1.1569736869E+00
  5.2221749969E+00  2.3736048441E+00 -1.4915283776E+00  3.3241185643E-01 -1.1569736869E+00
  5.2221749969E+00  2.3736048441E+00 -1.4915283776E+00  3.3241185643E-01 -1.1569736869E+00
  5.2221749969E+00  2.3736048441E+00 -1.4915283776E+00  3.3241185643E-01 -1.1569736869E+00
  5.2221749969E+00  2.3736048441E+00 -1.4915283776E+00  3.3241185643E-01 -1.1569736869E+00
  5.2221749969E+00  2.3736048441E+00 -1.4915283776E+00  3.3241185643E-01 -1.1569736869E+00
  5.2221749969E+00  2.3736048441E+00 -1.4915283776E+00  3.3241185643E-01 -1.1569736869E+00
  5.2221749969E+00  2.3736048441E+00 -1.4915283776E+00  3.3241185643E-01 -1.1569736869E+00
  5.2221749969E+00  2.3736048441E+00 -1.4915283776E+00  3.3241185643E-01 -1.1569736869E+00
  5.2221749969E+00  2.3736048441E+00 -1.4915283776E+00  3.3241185643E-01 -1.1569736869E+00
  5.2221749969E+00  2.3736048441E+00 -1.4915283776E+00  3.3241185643E-01 -1.1569736869E+00
  5.2221749969E+00  2.3736048441E+00 -1.4915283776E+00  3.3241185643E-01 -1.1569736869E+00
  5.2221749969E+00  2.3736048441E+00 -1.4915283776E+00  3.3241185643E-01 -1.1569736869E+00
  5.2221749969E+00  2.3736048441E+00 -1.4915283776E+00  3.3241185643E-01 -1.1569736869E+00
  5.2221749969E+00  2.3736048441E+00 -1.4915283776E+00  3.3241185643E-01 -1.1569736869E+00
  5.2221749969E+00  2.3736048441E+00 -1.4915283776E+00  3.3241185643E-01 -1.1569736869E+00
  5.2221749969E+00  2.3736048441E+00 -1.4915283776E+00  3.3241185643E-01 -1.1569736869E+00
  5.2221749969E+00  2.3736048441E+00 -1.4915283776E+00  3.3241185643E-01 -1.1569736869E+00
  5.2221749969E+00  2.3736048441E+00 -1.4915283776E+00  3.3241185643E-01 -1.1569736869E+00
  5.2221749969E+00  2.3736048441E+00 -1.4915283776E+00  3.3241185643E-01 -1.1569736869E+00
  5.2221749969E+00  2.3736048441E+00 -1.4915283776E+00  3.3241185643E-01 -1.1569736869E+00
  5.2221749969E+00  2.3736048441E+00 -1.4915283776E+00  3.3241185643E-01 -1.1569736869E+00
  5.2221749969E+00  2.3736048441E+00 -1.4915283776E+00  3.3241185643E-01 -1.1569736869E+00
  5.2221749969E+00  2.3736048441E+00 -1.4915283776E+00  3.3241185643E-01 -1.1569736869E+00
  5.2221749969E+00  2.3736048441E+00 -1.4915283776E+00  3.3241185643E-01 -1.1569736869E+00
  5.2221749969E+00  2.3736048441E+00 -1.4915283776E+00  3.3241185643E-01 -1.1569736869E+00
  5.2221749969E+00  2.3736048441E+00 -1.4915283776E+00  3.3241185643E-01 -1.1569736869E+00
  5.2221749969E+00  2.3736048441E+00 -1.4915283776E+00  3.3241185643E-01 -1.1569736869E+00
  5.2221749969E+00  2.3736048441E+00 -1.4915283776E+00  3.3241185643E-01 -1.1569736869E+00
  5.2221749969E+00  2.3736048441E+00 -1.4915283776E+00  3.3241185643E-01 -1.1569736869E+00
  5.2221749969E+00  2.3736048441E+00 -1.4915283776E+00  3.3241185643E-01 -1.1569736869E+00
  5.2221749969E+00  2.3736048441E+00 -1.4915283776E+00  3.3241185643E-01 -1.1569736869E+00
  5.2221749969E+00  2.3736048441E+00 -1.4915283776E+00  3.3241185643E-01 -1.1569736869E+00
  5.2221749969E+00  2.3736048441E+00 -1.4915283776E+00  3.3241185643E-01 -1.1569736869E+00
  5.2221749969E+00  2.3736048441E+00 -1.4915283776E+00  3.3241185643E-01 -1.1569736869E+00
  5.2221749969E+00  2.3736048441E+00 -1.4915283776E+00  3.3241185643E-01 -1.1569736869E+00
  5.2221749969E+00  2.3736048441E+00 -1.4915283776E+00  3.3241185643E-01 -1.1569736869E+00
  5.2221749969E+00  2.3736048441E+00 -1.4915283776E+00  3.3241185643E-01 -1.1569736869E+00
  5.2221749969E+00  2.3736048441E+00 -1.4915283776E+00  3.3241185643E-01 -1.1569736869E+00
  5.2221749969E+00  2.3736048441E+00 -1.4915283776E+00  3.3241185643E-01 -1.1569736869E+00
  5.2221749969E+00  2.3736048441E+00 -1.4915283776E+00  3.3241185643E-01 -1.1569736869E+00
  5.2221749969E+00  2.3736048441E+00 -1.4915283776E+00  3.3241185643E-01 -1.1569736869E+00
  5.2221749969E+00  2.3736048441E+00 -1.4915283776E+00  3.3241185643E-01 -1.1569736869E+00
  5.2221749969E+00  2.3736048441E+00 -1.4915283776E+00  3.3241185643E-01 -1.1569736869E+00
  5.2221749969E+00  2.3736048441E+00 -1.4915283776E+00  3.3241185643E-01 -1.1569736869E+00
  5.2221749969E+00  2.3736048441E+00 -1.4915283776E+00  3.3241185643E-01 -1.1569736869E+00
  5.2221749969E+00  2.3736048441E+00 -1.4915283776E+00  3.3241185643E-01 -1.1569736869E+00
  5.2221749969E+00  2.3736048441E+00 -1.4915283776E+00  3.3241185643E-01 -1.1569736869E+00
  5.2221749969E+00  2.3736048441E+00 -1.4915283776E+00  3.3241185643E-01 -1.1569736869E+00
  5.2221749969E+00  2.3736048441E+00 -1.4915283776E+00  3.3241185643E-01 -1.1569736869E+00
  5.2221749969E+00  2.3736048441E+00 -1.4915283776E+00  3.3241185643E-01 -1.1569736869E+00
  5.2221749969E+00  2.3736048441E+00 -1.4915283776E+00  3.3241185643E-01 -1.1569736869E+00
  5.2221749969E+00  2.3736048441E+00 -1.4915283776E+00  3.3241185643E-01 -1.1569736869E+00
  5.2221749969E+00  2.3736048441E+00 -1.4915283776E+00  3.3241185643E-01 -1.1569736869E+00
  5.2221749969E+00  2.3736048441E+00 -1.4915283776E+00  3.3241185643E-01 -1.1569736869E+00
  5.2221749969E+00  2.3736048441E+00 -1.4915283776E+00  3.3241185643E-01 -1.1569736869E+00
  5.2221749969E+00  2.3736048441E+00 -1.4915283776E+00  3.3241185643E-01 -1.1569736869E+00
  5.2221749969E+00  2.3736048441E+00 -1.4915283776E+00  3.3241185643E-01 -1.1569736869E+00
  5.2221749969E+00  2.3736048441E+00 -1.4915283776E+00  3.3241185643E-01 -1.1569736869E+00
  5.2221749969E+00  2.3736048441E+00 -1.4915283776E+00  3.3241185643E-01 -1.1569736869E+00
  5.2221749969E+00  2.3736048441E+00 -1.4915283776E+00  3.3241185643E-01 -1.1569736869E+00
  5.2221749969E+00  2.3736048441E+00 -1.4915283776E+00  3.3241185643E-01 -1.1569736869E+00
  5.2221749969E+00  2.3736048441E+00 -1.4915283776E+00  3.3241185643E-01 -1.1569736869E+00
  5.2221749969E+00  2.3736048441E+00 -1.4915283776E+00  3.3241185643E-01 -1.1569736869E+00
  5.2221749969E+00  2.3736048441E+00 -1.4915283776E+00  3.3241185643E-01 -1.1569736869E+00
  5.2221749969E+00  2.3736048441E+00 -1.4915283776E+00  3.3241185643E-01 -1.1569736869E+00
  5.2221749969E+00  2.3736048441E+00 -1.4915283776E+00  3.3241185643E-01 -1.1569736869E+00
  5.2221749969E+00  2.3736048441E+00 -1.4915283776E+00  3.3241185643E-01 -1.1569736869E+00
  5.2221749969E+00  2.3736048441E+00 -1.4915283776E+00  3.3241185643E-01 -1.1569736869E+00
  5.2221749969E+00  2.3736048441E+00 -1.4915283776E+00  3.3241185643E-01 -1.1569736869E+00
  5.2221749969E+00  2.3736048441E+00 -1.4915283776E+00  3.3241185643E-01 -1.1569736869E+00
  5.2221749969E+00  2.3736048441E+00 -1.4915283776E+00  3.3241185643E-01 -1.1569736869E+00
  5.2221749969E+00  2.3736048441E+00 -1.4915283776E+00  3.3241185643E-01 -1.1569736869E+00
  5.2221749969E+00  2.3736048441E+00 -1.4915283776E+00  3.3241185643E-01 -1.1569736869E+00
  5.2221749969E+00  2.3736048441E+00 -1.4915283776E+00  3.3241185643E-01 -1.1569736869E+00
  5.2221749969E+00  2.3736048441E+00 -1.4915283776E+00  3.3241185643E-01 -1.1569736869E+00
  5.2221749969E+00  2.3736048441E+00 -1.4915283776E+00  3.3241185643E-01 -1.1569736869E+00
  5.2221749969E+00  2.3736048441E+00 -1.4915283776E+00  3.3241185643E-01 -1.1569736869E+00
  5.2221749969E+00  2.3736048441E+00 -1.4915283776E+00  3.3241185643E-01 -1.1569736869E+00
  5.2221749969E+00  2.3736048441E+00 -1.4915283776E+00  3.3241185643E-01 -1.1569736869E+00
  5.2221749969E+00  2.3736048441E+00 -1.4915283776E+00  3.3241185643E-01 -1.1569736869E+00
  5.2221749969E+00  2.3736048441E+00 -1.4915283776E+00  3.3241185643E-01 -1.1569736869E+00
  5.2221749969E+00  2.3736048441E+00 -1.4915283776E+00  3.3241185643E-01 -1.1569736869E+00
  5.2221749969E+00  2.3736048441E+00 -1.4915283776E+00  3.3241185643E-01 -1.1569736869E+00
