 AIMInt (Version 19.10.12, Professional)
 Portions Copyright (c) 1997-2019 by Todd A. Keith
 AIMInt is a component of the AIMAll package ( http://aim.tkgristmill.com )

 TP:  64-bit Mac OS X

 AIMInt is a heavily modified and extended version of the PROAIMV program
 developed by members of R.F.W. Bader's research group

 Much of the Quantum Theory of Atoms in Molecules (QTAIM) is described in the book:
   "Atoms in Molecules - A Quantum Theory"
   R.F.W. Bader, Oxford University Press, Oxford, 1990

 For additional references see:  http://aim.tkgristmill.com/references.html

 Current Directory:  /Users/chemlab/Documents/SubstituentCoding/HanschLeoTaftSubstituents/QTAIM

 Inp File:  SubH_AsO-C6H5-2_wb97xd_aug-cc-pvtz_atomicfiles/c17.inp
 Wfx File:  SubH_AsO-C6H5-2_wb97xd_aug-cc-pvtz.wfx
 Out File:  SubH_AsO-C6H5-2_wb97xd_aug-cc-pvtz_atomicfiles/c17.int

 Wfx Title:   Title Card Required                                                           
 Job Title:   Title Card Required                                                           
 
<Atom>
C17     
</Atom>
<Nuclei of Molecule>
    25
As1       33.0          -5.3208027851E-02  -2.1440785859E+00  -1.0041145093E+00
H2         1.0           2.5355490096E-02  -2.2637913563E+00  -3.8679903787E+00
C3         6.0          -2.9027381812E+00   8.2426052836E-03  -2.6598873521E-01
C4         6.0          -4.8685685882E+00  -1.0294145350E+00   1.1253035154E+00
C5         6.0          -3.0098287713E+00   2.5072140174E+00  -1.0634474101E+00
C6         6.0          -6.9573376848E+00   4.4240606348E-01   1.7108104053E+00
H7         1.0          -4.7375792618E+00  -2.9748575537E+00   1.7448002278E+00
C8         6.0          -5.1007412639E+00   3.9686312833E+00  -4.7560734623E-01
H9         1.0          -1.4651528530E+00   3.3313815952E+00  -2.1234119422E+00
C10        6.0          -7.0733082177E+00   2.9337792338E+00   9.0939439492E-01
H11        1.0          -8.4927168011E+00  -3.5756130114E-01   2.7961476405E+00
H12        1.0          -5.1899011308E+00   5.9154152008E+00  -1.0901484378E+00
H13        1.0          -8.7028420811E+00   4.0784313649E+00   1.3691175077E+00
C14        6.0           2.9427084266E+00  -2.3629237246E-01  -2.1091324461E-01
C15        6.0           3.9242876386E+00   1.5282973486E+00  -1.8873568369E+00
C16        6.0           4.0957902706E+00  -6.4531044984E-01   2.1103199193E+00
C17        6.0           6.0515128812E+00   2.9087375100E+00  -1.2288899221E+00
H18        1.0           3.0546283623E+00   1.8193594109E+00  -3.7181850606E+00
C19        6.0           6.2240459142E+00   7.3621681630E-01   2.7597292293E+00
H20        1.0           3.3383557438E+00  -2.0591353464E+00   3.3799726920E+00
C21        6.0           7.1951015438E+00   2.5143928661E+00   1.0960672880E+00
H22        1.0           6.8227871455E+00   4.2797321806E+00  -2.5330442535E+00
H23        1.0           7.1309203250E+00   4.1938786511E-01   4.5630946304E+00
H24        1.0           8.8577836245E+00   3.5871793707E+00   1.6069009621E+00
O25        8.0          -2.5141468137E-01  -4.8552938024E+00   4.4149970960E-01
</Nuclei of Molecule>
<Total Number of CPs of DelSqRho>
    34
</Total Number of CPs of DelSqRho>
<Number of (3,+3) CPs of DelSqRho>
     4
</Number of (3,+3) CPs of DelSqRho>
<Number of (3,+1) CPs of DelSqRho>
    15
</Number of (3,+1) CPs of DelSqRho>
<Number of (3,-1) CPs of DelSqRho>
    12
</Number of (3,-1) CPs of DelSqRho>
<Number of (3,-3) CPs of DelSqRho>
     3
</Number of (3,-3) CPs of DelSqRho>
<Number of Degenerate CPs of DelSqRho>
     0
</Number of Degenerate CPs of DelSqRho>
<CP of DelSqRho>
CP# = 1       
Type = (3,+3)
Coords =  6.05151288207642E+00  2.90873752711806E+00 -1.22888994560390E+00
DistFromNuc =  2.9072621911E-08
Rho =  1.2109453876E+02
DelSqRho = -7.4588514699E+05
GradDelSqRho =  2.3084544196E-06 -1.1251643173E-08  2.5056795039E-07
HessDelSqRho_EigVals =  1.5979758773E+10  1.5979760912E+10  1.5979761907E+10
HessDelSqRho_EigVec1 = -5.7876291501E-01  7.0901383154E-01  4.0290554092E-01
HessDelSqRho_EigVec2 = -3.7568358471E-01 -6.7032354757E-01  6.3994389266E-01
HessDelSqRho_EigVec3 =  7.2380614282E-01  2.1901079484E-01  6.5432326823E-01
</CP of DelSqRho>
<CP of DelSqRho>
CP# = 2       
Type = (3,+1)
Coords =  6.62497913944273E+00  2.71450836114115E+00 -6.68274507429344E-02
DistFromNuc =  1.3103349568E+00
Rho =  3.2419194671E-01
DelSqRho = -1.0763946513E+00
GradDelSqRho =  6.6613381478E-16 -1.6653345369E-16 -3.7470027081E-16
HessDelSqRho_EigVals = -4.1729100752E+00  5.5764254909E+00  7.5747111229E+00
HessDelSqRho_EigVec1 =  4.3601154566E-01 -1.5076693617E-01  8.8722221738E-01
HessDelSqRho_EigVec2 =  5.8129745086E-01 -7.0542716102E-01 -4.0554382515E-01
HessDelSqRho_EigVec3 =  6.8701325000E-01  6.9256180335E-01 -2.1993395115E-01
</CP of DelSqRho>
<CP of DelSqRho>
CP# = 3       
Type = (3,+1)
Coords =  6.54000865279609E+00  3.77770764181705E+00 -2.05560813870232E+00
DistFromNuc =  1.2950676502E+00
Rho =  2.9428480266E-01
DelSqRho = -1.1799888029E+00
GradDelSqRho = -1.9428902931E-15 -8.8470897275E-16  8.3266726847E-17
HessDelSqRho_EigVals = -9.7715814362E+00  8.7797433313E+00  9.1149959896E+00
HessDelSqRho_EigVec1 =  3.7774516235E-01  6.7083387504E-01 -6.3819315604E-01
HessDelSqRho_EigVec2 =  5.8221314756E-01 -7.0803698432E-01 -3.9963918682E-01
HessDelSqRho_EigVec3 =  7.1995586193E-01  2.2060267662E-01  6.5802584747E-01
</CP of DelSqRho>
<CP of DelSqRho>
CP# = 4       
Type = (3,-3)
Coords =  6.18032401497022E+00  2.74499940008439E+00 -1.31049007524879E+00
DistFromNuc =  2.2374329442E-01
Rho =  9.2301422799E+00
DelSqRho =  2.8405560769E+02
GradDelSqRho =  4.2739145556E-12 -5.8157922922E-12 -4.0625280917E-12
HessDelSqRho_EigVals = -5.9492359442E+04 -1.5028648590E+02 -1.3363000774E+02
HessDelSqRho_EigVec1 = -5.7568769766E-01  7.3194235568E-01  3.6447779456E-01
HessDelSqRho_EigVec2 =  6.5265442774E-01  1.4280644630E-01  7.4407561231E-01
HessDelSqRho_EigVec3 = -4.9257067788E-01 -6.6623322257E-01  5.5991733357E-01
</CP of DelSqRho>
<CP of DelSqRho>
CP# = 5       
Type = (3,+1)
Coords =  6.11210936990851E+00  3.05168142912942E+00 -1.39021267940215E+00
DistFromNuc =  2.2389714262E-01
Rho =  9.2544836731E+00
DelSqRho =  2.7998981001E+02
GradDelSqRho = -1.4068746168E-12 -5.7909232964E-12 -2.7995383789E-12
HessDelSqRho_EigVals = -5.8799028223E+04  3.0020912521E+01  1.6120850916E+02
HessDelSqRho_EigVec1 = -2.7084405873E-01 -6.3849689368E-01  7.2039240183E-01
HessDelSqRho_EigVec2 =  7.6632914398E-01  3.0988449273E-01  5.6277104070E-01
HessDelSqRho_EigVec3 =  5.8256599535E-01 -7.0448088542E-01 -4.0536840422E-01
</CP of DelSqRho>
<CP of DelSqRho>
CP# = 6       
Type = (3,+1)
Coords =  6.18712246732234E+00  2.92001013901629E+00 -1.05119207466511E+00
DistFromNuc =  2.2381589980E-01
Rho =  9.2616834578E+00
DelSqRho =  2.8038504900E+02
GradDelSqRho =  5.0448534239E-13 -5.8086868648E-13  3.1867841699E-12
HessDelSqRho_EigVals = -5.8993456156E+04  3.3037499249E+01  1.5102379797E+02
HessDelSqRho_EigVec1 =  6.0566757438E-01  5.0036761628E-02  7.9414300465E-01
HessDelSqRho_EigVec2 =  5.4018817730E-01  7.0695086073E-01 -4.5652734159E-01
HessDelSqRho_EigVec3 = -5.8426323045E-01  7.0549046981E-01  4.0114794596E-01
</CP of DelSqRho>
<CP of DelSqRho>
CP# = 7       
Type = (3,-1)
Coords =  5.94010286698430E+00  2.92830199283745E+00 -1.42216384929974E+00
DistFromNuc =  2.2394144588E-01
Rho =  9.2475995204E+00
DelSqRho =  2.8023284561E+02
GradDelSqRho = -2.7924329515E-12  8.3621998215E-13 -7.5672801358E-12
HessDelSqRho_EigVals = -5.8644633038E+04 -1.7499081998E+01  1.4365340559E+02
HessDelSqRho_EigVec1 =  4.9763108403E-01 -8.7195240764E-02  8.6299495606E-01
HessDelSqRho_EigVec2 =  6.4445452478E-01  7.0308823919E-01 -3.0057493808E-01
HessDelSqRho_EigVec3 =  5.8055289999E-01 -7.0573643657E-01 -4.0607193009E-01
</CP of DelSqRho>
<CP of DelSqRho>
CP# = 8       
Type = (3,-3)
Coords =  5.92005024712650E+00  3.06047718255136E+00 -1.13010786793991E+00
DistFromNuc =  2.2375264607E-01
Rho =  9.2295704857E+00
DelSqRho =  2.8401004316E+02
GradDelSqRho =  1.5205614545E-12  1.7799095531E-12  4.0767389464E-12
HessDelSqRho_EigVals = -5.9467265313E+04 -1.4939192745E+02 -1.3242226868E+02
HessDelSqRho_EigVec1 = -5.8754283728E-01  6.7800996960E-01  4.4169661023E-01
HessDelSqRho_EigVec2 =  6.7680192413E-01  1.1255187130E-01  7.2751029667E-01
HessDelSqRho_EigVec3 = -4.4354545410E-01 -7.2638457954E-01  5.2500749781E-01
</CP of DelSqRho>
<CP of DelSqRho>
CP# = 9       
Type = (3,-1)
Coords =  5.96772873365372E+00  2.75876124873549E+00 -1.08540127302211E+00
DistFromNuc =  2.2383398925E-01
Rho =  9.2504949281E+00
DelSqRho =  2.8126244838E+02
GradDelSqRho = -8.1357143245E-13 -2.8101965199E-12  4.0358827391E-12
HessDelSqRho_EigVals = -5.8967209610E+04 -5.8022787231E+01  1.0985635839E+02
HessDelSqRho_EigVec1 =  3.7422157921E-01  6.7002151579E-01 -6.4111572905E-01
HessDelSqRho_EigVec2 =  7.2275249829E-01  2.2243193009E-01  6.5433390765E-01
HessDelSqRho_EigVec3 =  5.8102240566E-01 -7.0823386311E-01 -4.0102089630E-01
</CP of DelSqRho>
<CP of DelSqRho>
CP# = 10      
Type = (3,-1)
Coords =  6.23306716224922E+00  3.01962312513764E+00 -1.15910947771922E+00
DistFromNuc =  2.2389034600E-01
Rho =  9.2501208053E+00
DelSqRho =  2.8052256050E+02
GradDelSqRho =  4.4053649617E-13 -3.5704772472E-12 -2.9223290454E-12
HessDelSqRho_EigVals = -5.8787574307E+04 -2.8748000966E+01  1.3631190862E+02
HessDelSqRho_EigVec1 =  8.1091142755E-01  4.9510908957E-01  3.1191288222E-01
HessDelSqRho_EigVec2 = -2.0615375956E-02 -5.0852815057E-01  8.6079853993E-01
HessDelSqRho_EigVec3 = -5.8480566254E-01  7.0446157418E-01  4.0216442851E-01
</CP of DelSqRho>
<CP of DelSqRho>
CP# = 11      
Type = (3,+1)
Coords =  5.88351253742422E+00  2.84833199721593E+00 -1.36399424563207E+00
DistFromNuc =  2.2388863239E-01
Rho =  9.2554487993E+00
DelSqRho =  2.8018714583E+02
GradDelSqRho =  5.6914473134E-12  1.5205614545E-12  2.8084201631E-12
HessDelSqRho_EigVals = -5.8795229219E+04  2.2051332621E+01  1.5181283587E+02
HessDelSqRho_EigVec1 =  7.5054835537E-01  2.7019398250E-01  6.0305255001E-01
HessDelSqRho_EigVec2 = -3.1631178789E-01 -6.5435273792E-01  6.8685467693E-01
HessDelSqRho_EigVec3 = -5.8019308777E-01  7.0627027843E-01  4.0565782960E-01
</CP of DelSqRho>
<CP of DelSqRho>
CP# = 12      
Type = (3,-1)
Coords =  6.86442598292163E+00  3.44892464820322E+00 -9.86263705513005E-01
DistFromNuc =  1.0057322388E+00
Rho =  2.0115468685E-01
DelSqRho = -2.2344833580E-02
GradDelSqRho =  8.8817841970E-16  1.4432899320E-15  5.5511151231E-17
HessDelSqRho_EigVals = -3.4633918809E+00 -2.2200726441E-01  1.2343734858E+01
HessDelSqRho_EigVec1 =  4.0311476339E-02 -4.6685549788E-01  8.8341435860E-01
HessDelSqRho_EigVec2 = -5.8644582108E-01  7.0477729900E-01  3.9921204611E-01
HessDelSqRho_EigVec3 =  8.0898472409E-01  5.3416748583E-01  2.4537484237E-01
</CP of DelSqRho>
<CP of DelSqRho>
CP# = 13      
Type = (3,+1)
Coords =  5.33918658576940E+00  3.11445313641298E+00 -5.22720320225354E-01
DistFromNuc =  1.0239156102E+00
Rho =  1.8062326116E-01
DelSqRho = -9.9277463251E-02
GradDelSqRho = -1.1102230246E-15  1.0269562978E-15 -3.3306690739E-16
HessDelSqRho_EigVals = -1.9170007677E+00  6.0016672943E-01  1.1544782845E+01
HessDelSqRho_EigVec1 =  7.1857443933E-01  2.1750206337E-01  6.6056311400E-01
HessDelSqRho_EigVec2 =  4.2698507565E-02 -9.6184151215E-01  2.7025495916E-01
HessDelSqRho_EigVec3 =  6.9413803569E-01 -1.6599324663E-01 -7.0044173882E-01
</CP of DelSqRho>
<CP of DelSqRho>
CP# = 14      
Type = (3,+1)
Coords =  6.23081600959113E+00  3.83364093228827E+00 -8.23218273367896E-01
DistFromNuc =  1.0257511584E+00
Rho =  1.7650459067E-01
DelSqRho = -4.8563011541E-02
GradDelSqRho = -8.3266726847E-16 -2.2204460493E-16 -2.0539125956E-15
HessDelSqRho_EigVals = -2.0494100409E+00  2.0953509896E-01  1.0836734298E+01
HessDelSqRho_EigVec1 = -5.9864786304E-02 -3.7921741924E-01  9.2336902499E-01
HessDelSqRho_EigVec2 =  9.7397566934E-01 -2.2476843348E-01 -2.9164136149E-02
HessDelSqRho_EigVec3 =  2.1860375772E-01  8.9759305938E-01  3.8280425397E-01
</CP of DelSqRho>
<CP of DelSqRho>
CP# = 15      
Type = (3,-1)
Coords =  5.66507421781270E+00  2.23021725314738E+00 -5.85431285417918E-01
DistFromNuc =  1.0118120362E+00
Rho =  2.0478465641E-01
DelSqRho =  3.9230797490E-02
GradDelSqRho = -4.1633363423E-16 -9.9920072216E-16 -2.1094237468E-15
HessDelSqRho_EigVals = -3.7118649013E+00 -7.7213325647E-01  1.1974625210E+01
HessDelSqRho_EigVec1 =  7.1863894238E-01  2.1815461694E-01  6.6027769431E-01
HessDelSqRho_EigVec2 = -5.8175477520E-01  7.0877537980E-01  3.9899729639E-01
HessDelSqRho_EigVec3 =  3.8094547120E-01  6.7085469671E-01 -6.3626607946E-01
</CP of DelSqRho>
<CP of DelSqRho>
CP# = 16      
Type = (3,-1)
Coords =  5.62407958840055E+00  3.06116039383138E+00 -2.12638730086677E+00
DistFromNuc =  1.0057005022E+00
Rho =  2.0156812868E-01
DelSqRho = -2.3881063815E-02
GradDelSqRho =  2.6922908347E-15 -7.0776717820E-16  6.6613381478E-15
HessDelSqRho_EigVals = -3.4556261120E+00 -2.2711493590E-01  1.2357052840E+01
HessDelSqRho_EigVec1 =  6.9003002235E-01  6.9080109994E-01 -2.1599168635E-01
HessDelSqRho_EigVec2 =  5.8365842985E-01 -7.0756376175E-01 -3.9836711753E-01
HessDelSqRho_EigVec3 =  4.2802033307E-01 -1.4881990250E-01  8.9143212366E-01
</CP of DelSqRho>
<CP of DelSqRho>
CP# = 17      
Type = (3,-1)
Coords =  6.72612889351766E+00  2.31268034733077E+00 -1.77305059336416E+00
DistFromNuc =  1.0519038651E+00
Rho =  1.4969924897E-01
DelSqRho = -2.0666420659E-02
GradDelSqRho =  1.7763568394E-15 -8.3266726847E-16 -1.5543122345E-15
HessDelSqRho_EigVals = -6.7144333806E-01 -3.4075749884E-01  8.7832093662E+00
HessDelSqRho_EigVec1 = -2.4782009260E-01 -8.0030666616E-01  5.4598025771E-01
HessDelSqRho_EigVec2 =  7.2326760522E-01  2.2211598462E-01  6.5387189924E-01
HessDelSqRho_EigVec3 =  6.4456898230E-01 -5.5693242811E-01 -5.2379108200E-01
</CP of DelSqRho>
<CP of DelSqRho>
CP# = 18      
Type = (3,-1)
Coords =  5.52969160835761E+00  3.77468619107719E+00 -9.38552232957417E-01
DistFromNuc =  1.0518842773E+00
Rho =  1.4954135570E-01
DelSqRho = -2.1813207407E-02
GradDelSqRho = -5.5511151231E-16 -3.3306690739E-16  9.1593399532E-16
HessDelSqRho_EigVals = -6.6329989276E-01 -3.3394684668E-01  8.7892713527E+00
HessDelSqRho_EigVec1 =  4.6026452654E-01  5.0688103399E-01 -7.2885402035E-01
HessDelSqRho_EigVec2 =  7.4056488337E-01  2.3356094417E-01  6.3008962765E-01
HessDelSqRho_EigVec3 = -4.8961231512E-01  8.2977159673E-01  2.6787847644E-01
</CP of DelSqRho>
<CP of DelSqRho>
CP# = 19      
Type = (3,+1)
Coords =  6.18413650667768E+00  2.57012566410623E+00 -2.18725901965954E+00
DistFromNuc =  1.0250455284E+00
Rho =  1.7770265197E-01
DelSqRho = -5.0007283764E-02
GradDelSqRho =  3.0184188482E-16 -1.2698175844E-15 -2.4424906542E-15
HessDelSqRho_EigVals = -2.0857196214E+00  2.1837904589E-01  1.0911126355E+01
HessDelSqRho_EigVec1 =  5.9298137190E-01  7.8467456610E-01 -1.8071778520E-01
HessDelSqRho_EigVec2 = -7.9867301283E-01  5.4460504179E-01 -2.5598196624E-01
HessDelSqRho_EigVec3 = -1.0244272133E-01  2.9612695550E-01  9.4963904462E-01
</CP of DelSqRho>
<CP of DelSqRho>
CP# = 20      
Type = (3,+1)
Coords =  5.36799073423581E+00  3.56593606823070E+00 -1.61886671092450E+00
DistFromNuc =  1.0252777020E+00
Rho =  1.7738570232E-01
DelSqRho = -5.1274869442E-02
GradDelSqRho = -4.9182879991E-14  3.8413716652E-14 -5.5178084324E-14
HessDelSqRho_EigVals = -2.0607085022E+00  2.2045186892E-01  1.0894603924E+01
HessDelSqRho_EigVec1 =  7.5356697697E-01  5.8932794778E-01 -2.9125483890E-01
HessDelSqRho_EigVec2 =  6.6168015152E-02 -5.0880932640E-01 -8.5833260636E-01
HessDelSqRho_EigVec3 = -6.5403257181E-01  6.2753935282E-01 -4.2241656653E-01
</CP of DelSqRho>
<CP of DelSqRho>
CP# = 21      
Type = (3,+1)
Coords =  6.31640712651385E+00  1.92092386449725E+00 -1.19568239711597E+00
DistFromNuc =  1.0232533895E+00
Rho =  1.8158566842E-01
DelSqRho = -1.0082324282E-01
GradDelSqRho =  1.1102230246E-16  2.8865798640E-15 -5.5511151231E-16
HessDelSqRho_EigVals = -1.9417941005E+00  6.1208584574E-01  1.1608314393E+01
HessDelSqRho_EigVec1 =  7.2154089554E-01  2.1624067600E-01  6.5773756629E-01
HessDelSqRho_EigVec2 = -6.5104553154E-01 -1.1139022033E-01  7.5082084060E-01
HessDelSqRho_EigVec3 = -2.3562353855E-01  9.6996504517E-01 -6.0409926521E-02
</CP of DelSqRho>
<CP of DelSqRho>
CP# = 22      
Type = (3,+1)
Coords =  7.06064030056779E+00  2.83217265943804E+00 -1.39230981942451E+00
DistFromNuc =  1.0251372531E+00
Rho =  1.7734609974E-01
DelSqRho = -4.9477979444E-02
GradDelSqRho = -2.4424906542E-15 -1.2490009027E-16  4.9960036108E-16
HessDelSqRho_EigVals = -2.0809839565E+00  2.1678872952E-01  1.0896828217E+01
HessDelSqRho_EigVec1 =  1.0090484516E-01 -5.7448538031E-01  8.1227135862E-01
HessDelSqRho_EigVec2 =  1.0895255889E-01  8.1790871761E-01  5.6493775725E-01
HessDelSqRho_EigVec3 =  9.8891230761E-01 -3.1494086110E-02 -1.4512260473E-01
</CP of DelSqRho>
<CP of DelSqRho>
CP# = 23      
Type = (3,+3)
Coords =  6.44472271980134E+00  3.60866275377834E+00 -1.89470029169456E+00
DistFromNuc =  1.0429826328E+00
Rho =  3.0560337508E-01
DelSqRho = -1.2740292548E+00
GradDelSqRho = -4.7115089608E-14 -8.6153306711E-14  8.1823436915E-14
HessDelSqRho_EigVals =  7.3563723681E+00  8.0343159289E+00  8.9470289557E+00
HessDelSqRho_EigVec1 =  5.8368518618E-01 -7.0492482705E-01 -4.0297964172E-01
HessDelSqRho_EigVec2 =  7.2199595768E-01  2.2349041585E-01  6.5480827050E-01
HessDelSqRho_EigVec3 = -3.7152851912E-01 -6.7315155963E-01  6.3940092058E-01
</CP of DelSqRho>
<CP of DelSqRho>
CP# = 24      
Type = (3,+3)
Coords =  6.49834007143981E+00  2.76048443480180E+00 -3.27433995844756E-01
DistFromNuc =  1.0169839228E+00
Rho =  3.3391106897E-01
DelSqRho = -1.1685006722E+00
GradDelSqRho = -1.8457457784E-15  1.3600232052E-15 -5.3845816694E-15
HessDelSqRho_EigVals =  4.8709100489E+00  7.3014068507E+00  9.3356685257E+00
HessDelSqRho_EigVec1 = -5.8254509528E-01  7.0665736984E-01  4.0159254677E-01
HessDelSqRho_EigVec2 =  6.5373080226E-01  7.0095384349E-01 -2.8513110578E-01
HessDelSqRho_EigVec3 =  4.8298783644E-01 -9.6431690591E-02  8.7030091284E-01
</CP of DelSqRho>
<CP of DelSqRho>
CP# = 25      
Type = (3,+3)
Coords =  5.22264203185700E+00  2.37388326826109E+00 -1.49133998237606E+00
DistFromNuc =  1.0207722464E+00
Rho =  3.3244577420E-01
DelSqRho = -1.1569751752E+00
GradDelSqRho =  8.8817841970E-16  1.3322676296E-15  1.7208456882E-15
HessDelSqRho_EigVals =  4.8280598012E+00  7.2592979200E+00  9.0112363677E+00
HessDelSqRho_EigVec1 = -5.8288004219E-01  7.0830232635E-01  3.9819426277E-01
HessDelSqRho_EigVec2 = -3.9834042498E-02 -5.1436917424E-01  8.5664321724E-01
HessDelSqRho_EigVec3 =  8.1158123775E-01  4.8345854743E-01  3.2803007095E-01
</CP of DelSqRho>
<CP of DelSqRho>
CP# = 26      
Type = (3,+1)
Coords =  4.46728383685859E+00  3.41350891462044E+00 -9.46360653761474E-01
DistFromNuc =  1.6865345011E+00
Rho =  7.9040903357E-02
DelSqRho =  1.1414826040E-01
GradDelSqRho =  3.4000580129E-16 -2.5673907444E-16 -2.7668839442E-16
HessDelSqRho_EigVals = -1.0538684373E+00  9.0207735705E-02  1.1665681712E-01
HessDelSqRho_EigVec1 =  8.0998220656E-01 -5.2245780920E-01 -2.6639568815E-01
HessDelSqRho_EigVec2 =  5.8224156552E-01  7.7075946562E-01  2.5869790401E-01
HessDelSqRho_EigVec3 =  7.0168258062E-02 -3.6464734164E-01  9.2849810543E-01
</CP of DelSqRho>
<CP of DelSqRho>
CP# = 27      
Type = (3,+1)
Coords =  7.29677508432975E+00  1.80435412026106E+00 -9.53889327437731E-01
DistFromNuc =  1.6869990969E+00
Rho =  7.9152978936E-02
DelSqRho =  1.1451153685E-01
GradDelSqRho = -5.8182625384E-15  9.7300639768E-15  9.5409791179E-16
HessDelSqRho_EigVals = -1.0557961855E+00  9.1843906707E-02  1.1678889226E-01
HessDelSqRho_EigVec1 =  7.1045775027E-01 -6.9507262382E-01 -1.1010827715E-01
HessDelSqRho_EigVec2 =  1.4800254002E-01 -5.3871858247E-03  9.8897230819E-01
HessDelSqRho_EigVec3 =  6.8800075089E-01  7.1891934585E-01 -9.9045145905E-02
</CP of DelSqRho>
<CP of DelSqRho>
CP# = 28      
Type = (3,+1)
Coords =  6.08367185739778E+00  1.44016256324365E+00 -2.06078422491593E+00
DistFromNuc =  1.6881334974E+00
Rho =  7.9305105555E-02
DelSqRho =  1.1459998961E-01
GradDelSqRho = -3.1225022568E-17  1.9428902931E-16  2.7755575616E-17
HessDelSqRho_EigVals = -1.0531278467E+00  9.0133332977E-02  1.1812487931E-01
HessDelSqRho_EigVec1 = -2.9542234239E-01  8.1869168181E-01  4.9241199188E-01
HessDelSqRho_EigVec2 =  9.3939187471E-01  3.4278677907E-01 -6.3348104029E-03
HessDelSqRho_EigVec3 =  1.7397857725E-01 -4.6069637965E-01  8.7033918700E-01
</CP of DelSqRho>
<CP of DelSqRho>
CP# = 29      
Type = (3,-1)
Coords =  6.89022166159938E+00  1.71869131493295E+00 -1.76082038077960E+00
DistFromNuc =  1.5500297989E+00
Rho =  6.6732242173E-02
DelSqRho =  1.2508211161E-01
GradDelSqRho = -1.8630930132E-14  7.4260042560E-14  1.8429702209E-14
HessDelSqRho_EigVals = -1.2816338939E+00 -3.7329681981E-02  4.3578305365E-02
HessDelSqRho_EigVec1 = -5.6828383651E-01  7.2707557160E-01  3.8524614774E-01
HessDelSqRho_EigVec2 =  7.2217635192E-01  2.1633361383E-01  6.5700919647E-01
HessDelSqRho_EigVec3 = -3.9435364571E-01 -6.5158336436E-01  6.4801567990E-01
</CP of DelSqRho>
<CP of DelSqRho>
CP# = 30      
Type = (3,+1)
Coords =  5.68100018564451E+00  3.77070983814714E+00  1.74891751153394E-01
DistFromNuc =  1.6884546006E+00
Rho =  7.9161319473E-02
DelSqRho =  1.1374823451E-01
GradDelSqRho =  1.7347234760E-16 -3.1355126828E-16 -9.4542429441E-17
HessDelSqRho_EigVals = -1.0519490457E+00  9.1098937798E-02  1.1818025796E-01
HessDelSqRho_EigVec1 = -3.9015039792E-01  6.4418278229E-01  6.5788388794E-01
HessDelSqRho_EigVec2 =  5.0592278278E-01 -4.4699948817E-01  7.3772189574E-01
HessDelSqRho_EigVec3 =  7.6930150453E-01  6.2066093851E-01 -1.5150971765E-01
</CP of DelSqRho>
<CP of DelSqRho>
CP# = 31      
Type = (3,-1)
Coords =  5.10006688880026E+00  3.90728121122586E+00 -5.21875384626348E-01
DistFromNuc =  1.5499059830E+00
Rho =  6.6552425423E-02
DelSqRho =  1.2427224455E-01
GradDelSqRho =  1.1102230246E-16 -2.4286128664E-16 -7.9797279895E-17
HessDelSqRho_EigVals = -1.2780416955E+00 -3.4544816651E-02  4.4301313397E-02
HessDelSqRho_EigVec1 = -5.9159448974E-01  6.8914379433E-01  4.1844568398E-01
HessDelSqRho_EigVec2 =  7.1592765702E-01  2.1035780476E-01  6.6573056403E-01
HessDelSqRho_EigVec3 = -3.7076077141E-01 -6.9341937146E-01  6.1782362020E-01
</CP of DelSqRho>
<CP of DelSqRho>
CP# = 32      
Type = (3,-1)
Coords =  7.17365660635309E+00  2.79717649679613E+00 -2.42048913832443E+00
DistFromNuc =  1.6405977848E+00
Rho =  7.5506904430E-02
DelSqRho =  1.4324352021E-01
GradDelSqRho = -3.5561831258E-16  5.9197438618E-17  2.5587171271E-16
HessDelSqRho_EigVals = -1.4730661017E+00 -2.3808839098E-01  6.4837890276E-02
HessDelSqRho_EigVec1 =  6.7225853399E-01 -4.5665322891E-01 -5.8269742749E-01
HessDelSqRho_EigVec2 = -1.7229747749E-01 -8.6198777763E-01  4.7675009225E-01
HessDelSqRho_EigVec3 = -7.1998752956E-01 -2.2010202120E-01 -6.5815883914E-01
</CP of DelSqRho>
<CP of DelSqRho>
CP# = 33      
Type = (3,-3)
Coords =  5.46255723643707E+00  1.87041402952278E+00 -2.57963028181416E-01
DistFromNuc =  1.5387278626E+00
Rho =  9.2146580078E-02
DelSqRho =  2.8594659907E-01
GradDelSqRho = -6.0847594324E-14 -2.6122940616E-13  3.7281636112E-13
HessDelSqRho_EigVals = -1.7527461004E+00 -2.7885012630E-01 -1.1646261165E-01
HessDelSqRho_EigVec1 =  3.7370690498E-01  6.7004145042E-01 -6.4139504511E-01
HessDelSqRho_EigVec2 = -5.7123295877E-01  7.1105747601E-01  4.0998801521E-01
HessDelSqRho_EigVec3 =  7.3077770627E-01  2.1317063712E-01  6.4847684884E-01
</CP of DelSqRho>
<CP of DelSqRho>
CP# = 34      
Type = (3,-1)
Coords =  5.76665061785998E+00  4.50992562673814E+00 -1.45546235824747E+00
DistFromNuc =  1.6420368337E+00
Rho =  7.5523562822E-02
DelSqRho =  1.4277989087E-01
GradDelSqRho =  2.9403562918E-16 -4.9266146718E-16 -4.9873299934E-17
HessDelSqRho_EigVals = -1.4699874566E+00 -2.3937498939E-01  6.4705210358E-02
HessDelSqRho_EigVec1 = -4.3187708484E-01  8.8463586123E-01  1.7578844278E-01
HessDelSqRho_EigVec2 = -5.4289658377E-01 -4.1061210861E-01  7.3257149521E-01
HessDelSqRho_EigVec3 =  7.2023987874E-01  2.2094589674E-01  6.5759974741E-01
</CP of DelSqRho>
<Path of -GradDelSqRho>
Starting CP# =      2
Ending CP# =      0
Number of Points =    400
  6.6249791394E+00  2.7145083611E+00 -6.6827450743E-02  3.2419194671E-01 -1.0763946513E+00
  6.6358826110E+00  2.7107433420E+00 -4.4647754406E-02  3.2426101576E-01 -1.0776943134E+00
  6.6467926125E+00  2.7069869096E+00 -2.2469813283E-02  3.2448091943E-01 -1.0815399381E+00
  6.6577094307E+00  2.7032395391E+00 -2.9369360864E-04  3.2484971282E-01 -1.0877706735E+00
  6.6686336677E+00  2.6995021496E+00  2.1880456881E-02  3.2536426336E-01 -1.0961175788E+00
  6.6795663296E+00  2.6957762398E+00  4.4052386880E-02  3.2602043465E-01 -1.1062027804E+00
  6.6905089931E+00  2.6920641433E+00  6.6221699529E-02  3.2681334726E-01 -1.1175377651E+00
  6.7014641244E+00  2.6883695164E+00  8.8387772243E-02  3.2773772038E-01 -1.1295200621E+00
  6.7124357292E+00  2.6846983451E+00  1.1054959287E-01  3.2878829983E-01 -1.1414269764E+00
  6.7234308550E+00  2.6810613072E+00  1.3270538096E-01  3.2996037903E-01 -1.1524040893E+00
  6.7344638457E+00  2.6774806264E+00  1.5485151271E-01  3.3125041700E-01 -1.1614447749E+00
  6.7455742337E+00  2.6740201740E+00  1.7697797376E-01  3.3265670403E-01 -1.1673548743E+00
  6.7544643139E+00  2.6717907535E+00  1.9452453849E-01  3.3385212464E-01 -1.1688739401E+00
  6.7545417166E+00  2.6716584015E+00  1.9445653649E-01  3.3385179623E-01 -1.1688740495E+00
  6.7545417961E+00  2.6716583047E+00  1.9445648013E-01  3.3385179622E-01 -1.1688740495E+00
  6.7545417962E+00  2.6716583047E+00  1.9445648009E-01  3.3385179622E-01 -1.1688740495E+00
  6.7545417962E+00  2.6716583047E+00  1.9445648009E-01  3.3385179622E-01 -1.1688740495E+00
  6.7545417962E+00  2.6716583047E+00  1.9445648009E-01  3.3385179622E-01 -1.1688740495E+00
  6.7545417962E+00  2.6716583047E+00  1.9445648009E-01  3.3385179622E-01 -1.1688740495E+00
  6.7545417962E+00  2.6716583047E+00  1.9445648009E-01  3.3385179622E-01 -1.1688740495E+00
  6.7545417962E+00  2.6716583047E+00  1.9445648009E-01  3.3385179622E-01 -1.1688740495E+00
  6.7545417962E+00  2.6716583047E+00  1.9445648009E-01  3.3385179622E-01 -1.1688740495E+00
  6.7545417962E+00  2.6716583047E+00  1.9445648009E-01  3.3385179622E-01 -1.1688740495E+00
  6.7545417962E+00  2.6716583047E+00  1.9445648009E-01  3.3385179622E-01 -1.1688740495E+00
  6.7545417962E+00  2.6716583047E+00  1.9445648009E-01  3.3385179622E-01 -1.1688740495E+00
  6.7545417962E+00  2.6716583047E+00  1.9445648009E-01  3.3385179622E-01 -1.1688740495E+00
  6.7545417962E+00  2.6716583047E+00  1.9445648009E-01  3.3385179622E-01 -1.1688740495E+00
  6.7545417962E+00  2.6716583047E+00  1.9445648009E-01  3.3385179622E-01 -1.1688740495E+00
  6.7545417962E+00  2.6716583047E+00  1.9445648009E-01  3.3385179622E-01 -1.1688740495E+00
  6.7545417962E+00  2.6716583047E+00  1.9445648009E-01  3.3385179622E-01 -1.1688740495E+00
  6.7545417962E+00  2.6716583047E+00  1.9445648009E-01  3.3385179622E-01 -1.1688740495E+00
  6.7545417962E+00  2.6716583047E+00  1.9445648009E-01  3.3385179622E-01 -1.1688740495E+00
  6.7545417962E+00  2.6716583047E+00  1.9445648009E-01  3.3385179622E-01 -1.1688740495E+00
  6.7545417962E+00  2.6716583047E+00  1.9445648009E-01  3.3385179622E-01 -1.1688740495E+00
  6.7545417962E+00  2.6716583047E+00  1.9445648009E-01  3.3385179622E-01 -1.1688740495E+00
  6.7545417962E+00  2.6716583047E+00  1.9445648009E-01  3.3385179622E-01 -1.1688740495E+00
  6.7545417962E+00  2.6716583047E+00  1.9445648009E-01  3.3385179622E-01 -1.1688740495E+00
  6.7545417962E+00  2.6716583047E+00  1.9445648009E-01  3.3385179622E-01 -1.1688740495E+00
  6.7545417962E+00  2.6716583047E+00  1.9445648009E-01  3.3385179622E-01 -1.1688740495E+00
  6.7545417962E+00  2.6716583047E+00  1.9445648009E-01  3.3385179622E-01 -1.1688740495E+00
  6.7545417962E+00  2.6716583047E+00  1.9445648009E-01  3.3385179622E-01 -1.1688740495E+00
  6.7545417962E+00  2.6716583047E+00  1.9445648009E-01  3.3385179622E-01 -1.1688740495E+00
  6.7545417962E+00  2.6716583047E+00  1.9445648009E-01  3.3385179622E-01 -1.1688740495E+00
  6.7545417962E+00  2.6716583047E+00  1.9445648009E-01  3.3385179622E-01 -1.1688740495E+00
  6.7545417962E+00  2.6716583047E+00  1.9445648009E-01  3.3385179622E-01 -1.1688740495E+00
  6.7545417962E+00  2.6716583047E+00  1.9445648009E-01  3.3385179622E-01 -1.1688740495E+00
  6.7545417962E+00  2.6716583047E+00  1.9445648009E-01  3.3385179622E-01 -1.1688740495E+00
  6.7545417962E+00  2.6716583047E+00  1.9445648009E-01  3.3385179622E-01 -1.1688740495E+00
  6.7545417962E+00  2.6716583047E+00  1.9445648009E-01  3.3385179622E-01 -1.1688740495E+00
  6.7545417962E+00  2.6716583047E+00  1.9445648009E-01  3.3385179622E-01 -1.1688740495E+00
  6.7545417962E+00  2.6716583047E+00  1.9445648009E-01  3.3385179622E-01 -1.1688740495E+00
  6.7545417962E+00  2.6716583047E+00  1.9445648009E-01  3.3385179622E-01 -1.1688740495E+00
  6.7545417962E+00  2.6716583047E+00  1.9445648009E-01  3.3385179622E-01 -1.1688740495E+00
  6.7545417962E+00  2.6716583047E+00  1.9445648009E-01  3.3385179622E-01 -1.1688740495E+00
  6.7545417962E+00  2.6716583047E+00  1.9445648009E-01  3.3385179622E-01 -1.1688740495E+00
  6.7545417962E+00  2.6716583047E+00  1.9445648009E-01  3.3385179622E-01 -1.1688740495E+00
  6.7545417962E+00  2.6716583047E+00  1.9445648009E-01  3.3385179622E-01 -1.1688740495E+00
  6.7545417962E+00  2.6716583047E+00  1.9445648009E-01  3.3385179622E-01 -1.1688740495E+00
  6.7545417962E+00  2.6716583047E+00  1.9445648009E-01  3.3385179622E-01 -1.1688740495E+00
  6.7545417962E+00  2.6716583047E+00  1.9445648009E-01  3.3385179622E-01 -1.1688740495E+00
  6.7545417962E+00  2.6716583047E+00  1.9445648009E-01  3.3385179622E-01 -1.1688740495E+00
  6.7545417962E+00  2.6716583047E+00  1.9445648009E-01  3.3385179622E-01 -1.1688740495E+00
  6.7545417962E+00  2.6716583047E+00  1.9445648009E-01  3.3385179622E-01 -1.1688740495E+00
  6.7545417962E+00  2.6716583047E+00  1.9445648009E-01  3.3385179622E-01 -1.1688740495E+00
  6.7545417962E+00  2.6716583047E+00  1.9445648009E-01  3.3385179622E-01 -1.1688740495E+00
  6.7545417962E+00  2.6716583047E+00  1.9445648009E-01  3.3385179622E-01 -1.1688740495E+00
  6.7545417962E+00  2.6716583047E+00  1.9445648009E-01  3.3385179622E-01 -1.1688740495E+00
  6.7545417962E+00  2.6716583047E+00  1.9445648009E-01  3.3385179622E-01 -1.1688740495E+00
  6.7545417962E+00  2.6716583047E+00  1.9445648009E-01  3.3385179622E-01 -1.1688740495E+00
  6.7545417962E+00  2.6716583047E+00  1.9445648009E-01  3.3385179622E-01 -1.1688740495E+00
  6.7545417962E+00  2.6716583047E+00  1.9445648009E-01  3.3385179622E-01 -1.1688740495E+00
  6.7545417962E+00  2.6716583047E+00  1.9445648009E-01  3.3385179622E-01 -1.1688740495E+00
  6.7545417962E+00  2.6716583047E+00  1.9445648009E-01  3.3385179622E-01 -1.1688740495E+00
  6.7545417962E+00  2.6716583047E+00  1.9445648009E-01  3.3385179622E-01 -1.1688740495E+00
  6.7545417962E+00  2.6716583047E+00  1.9445648009E-01  3.3385179622E-01 -1.1688740495E+00
  6.7545417962E+00  2.6716583047E+00  1.9445648009E-01  3.3385179622E-01 -1.1688740495E+00
  6.7545417962E+00  2.6716583047E+00  1.9445648009E-01  3.3385179622E-01 -1.1688740495E+00
  6.7545417962E+00  2.6716583047E+00  1.9445648009E-01  3.3385179622E-01 -1.1688740495E+00
  6.7545417962E+00  2.6716583047E+00  1.9445648009E-01  3.3385179622E-01 -1.1688740495E+00
  6.7545417962E+00  2.6716583047E+00  1.9445648009E-01  3.3385179622E-01 -1.1688740495E+00
  6.7545417962E+00  2.6716583047E+00  1.9445648009E-01  3.3385179622E-01 -1.1688740495E+00
  6.7545417962E+00  2.6716583047E+00  1.9445648009E-01  3.3385179622E-01 -1.1688740495E+00
  6.7545417962E+00  2.6716583047E+00  1.9445648009E-01  3.3385179622E-01 -1.1688740495E+00
  6.7545417962E+00  2.6716583047E+00  1.9445648009E-01  3.3385179622E-01 -1.1688740495E+00
  6.7545417962E+00  2.6716583047E+00  1.9445648009E-01  3.3385179622E-01 -1.1688740495E+00
  6.7545417962E+00  2.6716583047E+00  1.9445648009E-01  3.3385179622E-01 -1.1688740495E+00
  6.7545417962E+00  2.6716583047E+00  1.9445648009E-01  3.3385179622E-01 -1.1688740495E+00
  6.7545417962E+00  2.6716583047E+00  1.9445648009E-01  3.3385179622E-01 -1.1688740495E+00
  6.7545417962E+00  2.6716583047E+00  1.9445648009E-01  3.3385179622E-01 -1.1688740495E+00
  6.7545417962E+00  2.6716583047E+00  1.9445648009E-01  3.3385179622E-01 -1.1688740495E+00
  6.7545417962E+00  2.6716583047E+00  1.9445648009E-01  3.3385179622E-01 -1.1688740495E+00
  6.7545417962E+00  2.6716583047E+00  1.9445648009E-01  3.3385179622E-01 -1.1688740495E+00
  6.7545417962E+00  2.6716583047E+00  1.9445648009E-01  3.3385179622E-01 -1.1688740495E+00
  6.7545417962E+00  2.6716583047E+00  1.9445648009E-01  3.3385179622E-01 -1.1688740495E+00
  6.7545417962E+00  2.6716583047E+00  1.9445648009E-01  3.3385179622E-01 -1.1688740495E+00
  6.7545417962E+00  2.6716583047E+00  1.9445648009E-01  3.3385179622E-01 -1.1688740495E+00
  6.7545417962E+00  2.6716583047E+00  1.9445648009E-01  3.3385179622E-01 -1.1688740495E+00
  6.7545417962E+00  2.6716583047E+00  1.9445648009E-01  3.3385179622E-01 -1.1688740495E+00
  6.7545417962E+00  2.6716583047E+00  1.9445648009E-01  3.3385179622E-01 -1.1688740495E+00
  6.7545417962E+00  2.6716583047E+00  1.9445648009E-01  3.3385179622E-01 -1.1688740495E+00
  6.7545417962E+00  2.6716583047E+00  1.9445648009E-01  3.3385179622E-01 -1.1688740495E+00
  6.7545417962E+00  2.6716583047E+00  1.9445648009E-01  3.3385179622E-01 -1.1688740495E+00
  6.7545417962E+00  2.6716583047E+00  1.9445648009E-01  3.3385179622E-01 -1.1688740495E+00
  6.7545417962E+00  2.6716583047E+00  1.9445648009E-01  3.3385179622E-01 -1.1688740495E+00
  6.7545417962E+00  2.6716583047E+00  1.9445648009E-01  3.3385179622E-01 -1.1688740495E+00
  6.7545417962E+00  2.6716583047E+00  1.9445648009E-01  3.3385179622E-01 -1.1688740495E+00
  6.7545417962E+00  2.6716583047E+00  1.9445648009E-01  3.3385179622E-01 -1.1688740495E+00
  6.7545417962E+00  2.6716583047E+00  1.9445648009E-01  3.3385179622E-01 -1.1688740495E+00
  6.7545417962E+00  2.6716583047E+00  1.9445648009E-01  3.3385179622E-01 -1.1688740495E+00
  6.7545417962E+00  2.6716583047E+00  1.9445648009E-01  3.3385179622E-01 -1.1688740495E+00
  6.7545417962E+00  2.6716583047E+00  1.9445648009E-01  3.3385179622E-01 -1.1688740495E+00
  6.7545417962E+00  2.6716583047E+00  1.9445648009E-01  3.3385179622E-01 -1.1688740495E+00
  6.7545417962E+00  2.6716583047E+00  1.9445648009E-01  3.3385179622E-01 -1.1688740495E+00
  6.7545417962E+00  2.6716583047E+00  1.9445648009E-01  3.3385179622E-01 -1.1688740495E+00
  6.7545417962E+00  2.6716583047E+00  1.9445648009E-01  3.3385179622E-01 -1.1688740495E+00
  6.7545417962E+00  2.6716583047E+00  1.9445648009E-01  3.3385179622E-01 -1.1688740495E+00
  6.7545417962E+00  2.6716583047E+00  1.9445648009E-01  3.3385179622E-01 -1.1688740495E+00
  6.7545417962E+00  2.6716583047E+00  1.9445648009E-01  3.3385179622E-01 -1.1688740495E+00
  6.7545417962E+00  2.6716583047E+00  1.9445648009E-01  3.3385179622E-01 -1.1688740495E+00
  6.7545417962E+00  2.6716583047E+00  1.9445648009E-01  3.3385179622E-01 -1.1688740495E+00
  6.7545417962E+00  2.6716583047E+00  1.9445648009E-01  3.3385179622E-01 -1.1688740495E+00
  6.7545417962E+00  2.6716583047E+00  1.9445648009E-01  3.3385179622E-01 -1.1688740495E+00
  6.7545417962E+00  2.6716583047E+00  1.9445648009E-01  3.3385179622E-01 -1.1688740495E+00
  6.7545417962E+00  2.6716583047E+00  1.9445648009E-01  3.3385179622E-01 -1.1688740495E+00
  6.7545417962E+00  2.6716583047E+00  1.9445648009E-01  3.3385179622E-01 -1.1688740495E+00
  6.7545417962E+00  2.6716583047E+00  1.9445648009E-01  3.3385179622E-01 -1.1688740495E+00
  6.7545417962E+00  2.6716583047E+00  1.9445648009E-01  3.3385179622E-01 -1.1688740495E+00
  6.7545417962E+00  2.6716583047E+00  1.9445648009E-01  3.3385179622E-01 -1.1688740495E+00
  6.7545417962E+00  2.6716583047E+00  1.9445648009E-01  3.3385179622E-01 -1.1688740495E+00
  6.7545417962E+00  2.6716583047E+00  1.9445648009E-01  3.3385179622E-01 -1.1688740495E+00
  6.7545417962E+00  2.6716583047E+00  1.9445648009E-01  3.3385179622E-01 -1.1688740495E+00
  6.7545417962E+00  2.6716583047E+00  1.9445648009E-01  3.3385179622E-01 -1.1688740495E+00
  6.7545417962E+00  2.6716583047E+00  1.9445648009E-01  3.3385179622E-01 -1.1688740495E+00
  6.7545417962E+00  2.6716583047E+00  1.9445648009E-01  3.3385179622E-01 -1.1688740495E+00
  6.7545417962E+00  2.6716583047E+00  1.9445648009E-01  3.3385179622E-01 -1.1688740495E+00
  6.7545417962E+00  2.6716583047E+00  1.9445648009E-01  3.3385179622E-01 -1.1688740495E+00
  6.7545417962E+00  2.6716583047E+00  1.9445648009E-01  3.3385179622E-01 -1.1688740495E+00
  6.7545417962E+00  2.6716583047E+00  1.9445648009E-01  3.3385179622E-01 -1.1688740495E+00
  6.7545417962E+00  2.6716583047E+00  1.9445648009E-01  3.3385179622E-01 -1.1688740495E+00
  6.7545417962E+00  2.6716583047E+00  1.9445648009E-01  3.3385179622E-01 -1.1688740495E+00
  6.7545417962E+00  2.6716583047E+00  1.9445648009E-01  3.3385179622E-01 -1.1688740495E+00
  6.7545417962E+00  2.6716583047E+00  1.9445648009E-01  3.3385179622E-01 -1.1688740495E+00
  6.7545417962E+00  2.6716583047E+00  1.9445648009E-01  3.3385179622E-01 -1.1688740495E+00
  6.7545417962E+00  2.6716583047E+00  1.9445648009E-01  3.3385179622E-01 -1.1688740495E+00
  6.7545417962E+00  2.6716583047E+00  1.9445648009E-01  3.3385179622E-01 -1.1688740495E+00
  6.7545417962E+00  2.6716583047E+00  1.9445648009E-01  3.3385179622E-01 -1.1688740495E+00
  6.7545417962E+00  2.6716583047E+00  1.9445648009E-01  3.3385179622E-01 -1.1688740495E+00
  6.7545417962E+00  2.6716583047E+00  1.9445648009E-01  3.3385179622E-01 -1.1688740495E+00
  6.7545417962E+00  2.6716583047E+00  1.9445648009E-01  3.3385179622E-01 -1.1688740495E+00
  6.7545417962E+00  2.6716583047E+00  1.9445648009E-01  3.3385179622E-01 -1.1688740495E+00
  6.7545417962E+00  2.6716583047E+00  1.9445648009E-01  3.3385179622E-01 -1.1688740495E+00
  6.7545417962E+00  2.6716583047E+00  1.9445648009E-01  3.3385179622E-01 -1.1688740495E+00
  6.7545417962E+00  2.6716583047E+00  1.9445648009E-01  3.3385179622E-01 -1.1688740495E+00
  6.7545417962E+00  2.6716583047E+00  1.9445648009E-01  3.3385179622E-01 -1.1688740495E+00
  6.7545417962E+00  2.6716583047E+00  1.9445648009E-01  3.3385179622E-01 -1.1688740495E+00
  6.7545417962E+00  2.6716583047E+00  1.9445648009E-01  3.3385179622E-01 -1.1688740495E+00
  6.7545417962E+00  2.6716583047E+00  1.9445648009E-01  3.3385179622E-01 -1.1688740495E+00
  6.7545417962E+00  2.6716583047E+00  1.9445648009E-01  3.3385179622E-01 -1.1688740495E+00
  6.7545417962E+00  2.6716583047E+00  1.9445648009E-01  3.3385179622E-01 -1.1688740495E+00
  6.7545417962E+00  2.6716583047E+00  1.9445648009E-01  3.3385179622E-01 -1.1688740495E+00
  6.7545417962E+00  2.6716583047E+00  1.9445648009E-01  3.3385179622E-01 -1.1688740495E+00
  6.7545417962E+00  2.6716583047E+00  1.9445648009E-01  3.3385179622E-01 -1.1688740495E+00
  6.7545417962E+00  2.6716583047E+00  1.9445648009E-01  3.3385179622E-01 -1.1688740495E+00
  6.7545417962E+00  2.6716583047E+00  1.9445648009E-01  3.3385179622E-01 -1.1688740495E+00
  6.7545417962E+00  2.6716583047E+00  1.9445648009E-01  3.3385179622E-01 -1.1688740495E+00
  6.7545417962E+00  2.6716583047E+00  1.9445648009E-01  3.3385179622E-01 -1.1688740495E+00
  6.7545417962E+00  2.6716583047E+00  1.9445648009E-01  3.3385179622E-01 -1.1688740495E+00
  6.7545417962E+00  2.6716583047E+00  1.9445648009E-01  3.3385179622E-01 -1.1688740495E+00
  6.7545417962E+00  2.6716583047E+00  1.9445648009E-01  3.3385179622E-01 -1.1688740495E+00
  6.7545417962E+00  2.6716583047E+00  1.9445648009E-01  3.3385179622E-01 -1.1688740495E+00
  6.7545417962E+00  2.6716583047E+00  1.9445648009E-01  3.3385179622E-01 -1.1688740495E+00
  6.7545417962E+00  2.6716583047E+00  1.9445648009E-01  3.3385179622E-01 -1.1688740495E+00
  6.7545417962E+00  2.6716583047E+00  1.9445648009E-01  3.3385179622E-01 -1.1688740495E+00
  6.7545417962E+00  2.6716583047E+00  1.9445648009E-01  3.3385179622E-01 -1.1688740495E+00
