 AIMInt (Version 19.10.12, Professional)
 Portions Copyright (c) 1997-2019 by Todd A. Keith
 AIMInt is a component of the AIMAll package ( http://aim.tkgristmill.com )

 TP:  64-bit Mac OS X

 AIMInt is a heavily modified and extended version of the PROAIMV program
 developed by members of R.F.W. Bader's research group

 Much of the Quantum Theory of Atoms in Molecules (QTAIM) is described in the book:
   "Atoms in Molecules - A Quantum Theory"
   R.F.W. Bader, Oxford University Press, Oxford, 1990

 For additional references see:  http://aim.tkgristmill.com/references.html

 Current Directory:  /Users/chemlab/Documents/SubstituentCoding/HanschLeoTaftSubstituents/QTAIM

 Inp File:  SubH_AsO-C6H5-2_wb97xd_aug-cc-pvtz_atomicfiles/c19.inp
 Wfx File:  SubH_AsO-C6H5-2_wb97xd_aug-cc-pvtz.wfx
 Out File:  SubH_AsO-C6H5-2_wb97xd_aug-cc-pvtz_atomicfiles/c19.int

 Wfx Title:   Title Card Required                                                           
 Job Title:   Title Card Required                                                           
 
<Atom>
C19     
</Atom>
<Nuclei of Molecule>
    25
As1       33.0          -5.3208027851E-02  -2.1440785859E+00  -1.0041145093E+00
H2         1.0           2.5355490096E-02  -2.2637913563E+00  -3.8679903787E+00
C3         6.0          -2.9027381812E+00   8.2426052836E-03  -2.6598873521E-01
C4         6.0          -4.8685685882E+00  -1.0294145350E+00   1.1253035154E+00
C5         6.0          -3.0098287713E+00   2.5072140174E+00  -1.0634474101E+00
C6         6.0          -6.9573376848E+00   4.4240606348E-01   1.7108104053E+00
H7         1.0          -4.7375792618E+00  -2.9748575537E+00   1.7448002278E+00
C8         6.0          -5.1007412639E+00   3.9686312833E+00  -4.7560734623E-01
H9         1.0          -1.4651528530E+00   3.3313815952E+00  -2.1234119422E+00
C10        6.0          -7.0733082177E+00   2.9337792338E+00   9.0939439492E-01
H11        1.0          -8.4927168011E+00  -3.5756130114E-01   2.7961476405E+00
H12        1.0          -5.1899011308E+00   5.9154152008E+00  -1.0901484378E+00
H13        1.0          -8.7028420811E+00   4.0784313649E+00   1.3691175077E+00
C14        6.0           2.9427084266E+00  -2.3629237246E-01  -2.1091324461E-01
C15        6.0           3.9242876386E+00   1.5282973486E+00  -1.8873568369E+00
C16        6.0           4.0957902706E+00  -6.4531044984E-01   2.1103199193E+00
C17        6.0           6.0515128812E+00   2.9087375100E+00  -1.2288899221E+00
H18        1.0           3.0546283623E+00   1.8193594109E+00  -3.7181850606E+00
C19        6.0           6.2240459142E+00   7.3621681630E-01   2.7597292293E+00
H20        1.0           3.3383557438E+00  -2.0591353464E+00   3.3799726920E+00
C21        6.0           7.1951015438E+00   2.5143928661E+00   1.0960672880E+00
H22        1.0           6.8227871455E+00   4.2797321806E+00  -2.5330442535E+00
H23        1.0           7.1309203250E+00   4.1938786511E-01   4.5630946304E+00
H24        1.0           8.8577836245E+00   3.5871793707E+00   1.6069009621E+00
O25        8.0          -2.5141468137E-01  -4.8552938024E+00   4.4149970960E-01
</Nuclei of Molecule>
<Total Number of CPs of DelSqRho>
    34
</Total Number of CPs of DelSqRho>
<Number of (3,+3) CPs of DelSqRho>
     4
</Number of (3,+3) CPs of DelSqRho>
<Number of (3,+1) CPs of DelSqRho>
    14
</Number of (3,+1) CPs of DelSqRho>
<Number of (3,-1) CPs of DelSqRho>
    12
</Number of (3,-1) CPs of DelSqRho>
<Number of (3,-3) CPs of DelSqRho>
     4
</Number of (3,-3) CPs of DelSqRho>
<Number of Degenerate CPs of DelSqRho>
     0
</Number of Degenerate CPs of DelSqRho>
<CP of DelSqRho>
CP# = 1       
Type = (3,+3)
Coords =  6.22404592382851E+00  7.36216815035739E-01  2.75972924985677E+00
DistFromNuc =  2.2734747729E-08
Rho =  1.2109835181E+02
DelSqRho = -7.4590871583E+05
GradDelSqRho = -2.6703287190E-06 -5.9187846091E-07  2.6108220936E-06
HessDelSqRho_EigVals =  1.5980261194E+10  1.5980263305E+10  1.5980264313E+10
HessDelSqRho_EigVec1 = -5.8051446541E-01  7.0152802154E-01  4.1335383200E-01
HessDelSqRho_EigVec2 =  4.3902168099E-01 -1.5787263900E-01  8.8449770688E-01
HessDelSqRho_EigVec3 =  6.8575718667E-01  6.9493500764E-01 -2.1633866064E-01
</CP of DelSqRho>
<CP of DelSqRho>
CP# = 2       
Type = (3,+1)
Coords =  6.79930629386779E+00  5.35708198999314E-01  3.90319487379176E+00
DistFromNuc =  1.2956241315E+00
Rho =  2.9473135004E-01
DelSqRho = -1.1839248867E+00
GradDelSqRho =  2.4980018054E-15 -1.1188966420E-15  1.5959455979E-15
HessDelSqRho_EigVals = -9.8588449737E+00  8.8219533127E+00  9.1513886882E+00
HessDelSqRho_EigVec1 =  4.4365121838E-01 -1.5545971118E-01  8.8261309453E-01
HessDelSqRho_EigVec2 =  5.8212319898E-01 -6.9880749679E-01 -4.1569299206E-01
HessDelSqRho_EigVec3 =  6.8140015970E-01  6.9821226044E-01 -2.1953009298E-01
</CP of DelSqRho>
<CP of DelSqRho>
CP# = 3       
Type = (3,-1)
Coords =  6.12250407983977E+00  7.69040566211077E-01  2.56295701576828E+00
DistFromNuc =  2.2384692694E-01
Rho =  9.2501594487E+00
DelSqRho =  2.8117583458E+02
GradDelSqRho =  4.3964831775E-12 -2.2035706593E-12  6.8993699642E-12
HessDelSqRho_EigVals = -5.8931163379E+04 -5.6090765353E+01  1.1639230728E+02
HessDelSqRho_EigVec1 =  4.5362901903E-01 -1.4660356932E-01  8.7904954727E-01
HessDelSqRho_EigVec2 =  6.7723096162E-01  6.9787209729E-01 -2.3309388762E-01
HessDelSqRho_EigVec3 =  5.7929175526E-01 -7.0105772179E-01 -4.1585951113E-01
</CP of DelSqRho>
<CP of DelSqRho>
CP# = 4       
Type = (3,-3)
Coords =  6.09019207652686E+00  8.93983514291742E-01  2.84492091296307E+00
DistFromNuc =  2.2375165659E-01
Rho =  9.2290017267E+00
DelSqRho =  2.8410971261E+02
GradDelSqRho =  2.2524204724E-12  4.7357673338E-12  6.8958172506E-12
HessDelSqRho_EigVals = -5.9479865355E+04 -1.5358770643E+02 -1.3895120174E+02
HessDelSqRho_EigVec1 = -5.9832090545E-01  7.0511272625E-01  3.8056292171E-01
HessDelSqRho_EigVec2 = -6.7395345581E-01 -6.9975288068E-01  2.3692329008E-01
HessDelSqRho_EigVec3 =  4.3335762773E-01 -1.1472553879E-01  8.9388993575E-01
</CP of DelSqRho>
<CP of DelSqRho>
CP# = 5       
Type = (3,+1)
Coords =  6.05393409098613E+00  5.91005738055961E-01  2.76883491166866E+00
DistFromNuc =  2.2384638281E-01
Rho =  9.2595275648E+00
DelSqRho =  2.8029095897E+02
GradDelSqRho = -5.4516391401E-12  5.5919713304E-12 -7.5228712149E-13
HessDelSqRho_EigVals = -5.8913486659E+04  2.9200485881E+01  1.5612727951E+02
HessDelSqRho_EigVec1 =  7.6007526662E-01  6.4858749961E-01 -4.0247290956E-02
HessDelSqRho_EigVec2 =  2.9546440266E-01 -2.8976202489E-01  9.1035089701E-01
HessDelSqRho_EigVec3 = -5.7878007553E-01  7.0382684254E-01  4.1187546647E-01
</CP of DelSqRho>
<CP of DelSqRho>
CP# = 6       
Type = (3,-1)
Coords =  6.12904662836842E+00  5.81541289198196E-01  2.89082557793164E+00
DistFromNuc =  2.2390988281E-01
Rho =  9.2495609370E+00
DelSqRho =  2.8039340926E+02
GradDelSqRho = -4.9613646524E-12 -2.6656454821E-12  5.1745274732E-12
HessDelSqRho_EigVals = -5.8732865615E+04 -2.4434072688E+01  1.4417083151E+02
HessDelSqRho_EigVec1 =  4.2441744252E-01  6.9084170586E-01 -5.8532689321E-01
HessDelSqRho_EigVec2 =  6.9584374937E-01  1.6477817315E-01  6.9903478462E-01
HessDelSqRho_EigVec3 =  5.7937147923E-01 -7.0397861551E-01 -4.1078315200E-01
</CP of DelSqRho>
<CP of DelSqRho>
CP# = 7       
Type = (3,-3)
Coords =  6.34989448680170E+00  5.80138350497016E-01  2.66042093373615E+00
DistFromNuc =  2.2374201276E-01
Rho =  9.2295883377E+00
DelSqRho =  2.8415486714E+02
GradDelSqRho =  6.0005334035E-12 -5.2224891078E-13  4.0198955276E-12
HessDelSqRho_EigVals = -5.9505912072E+04 -1.5451399660E+02 -1.4003153734E+02
HessDelSqRho_EigVec1 = -5.6236791823E-01  6.9755652440E-01  4.4402389554E-01
HessDelSqRho_EigVec2 =  6.7921702892E-01  6.9594527196E-01 -2.3307596629E-01
HessDelSqRho_EigVec3 = -4.7159999171E-01  1.7051414515E-01 -8.6516956380E-01
</CP of DelSqRho>
<CP of DelSqRho>
CP# = 8       
Type = (3,+1)
Coords =  6.32390644878296E+00  7.03394177470588E-01  2.95740095518959E+00
DistFromNuc =  2.2388292298E-01
Rho =  9.2560426394E+00
DelSqRho =  2.8000751183E+02
GradDelSqRho = -3.4416913763E-12  1.2327916465E-12 -9.0292218147E-12
HessDelSqRho_EigVals = -5.8838156793E+04  3.1562008892E+01  1.6624254398E+02
HessDelSqRho_EigVec1 =  4.4603775299E-01 -1.4663483432E-01  8.8292046542E-01
HessDelSqRho_EigVec2 =  6.8031281756E-01  6.9655617415E-01 -2.2799992657E-01
HessDelSqRho_EigVec3 =  5.8157097002E-01 -7.0235868445E-01 -4.1044790804E-01
</CP of DelSqRho>
<CP of DelSqRho>
CP# = 9       
Type = (3,+1)
Coords =  6.35217052523404E+00  8.96134797444572E-01  2.66961606058178E+00
DistFromNuc =  2.2385276371E-01
Rho =  9.2593085717E+00
DelSqRho =  2.8024379609E+02
GradDelSqRho =  6.8922645369E-12 -6.5227823143E-12  2.8279600883E-12
HessDelSqRho_EigVals = -5.8895185984E+04  3.1073600323E+01  1.5745345234E+02
HessDelSqRho_EigVec1 =  5.7210411512E-01  7.1437677055E-01 -4.0294256559E-01
HessDelSqRho_EigVec2 =  5.7757525629E-01 -2.0957577200E-03  8.1633475432E-01
HessDelSqRho_EigVec3 =  5.8232611549E-01 -6.9975812785E-01 -4.1380533796E-01
</CP of DelSqRho>
<CP of DelSqRho>
CP# = 10      
Type = (3,-1)
Coords =  6.40506681946835E+00  8.59467175862826E-01  2.80641725884720E+00
DistFromNuc =  2.2391737623E-01
Rho =  9.2489637447E+00
DelSqRho =  2.8036447778E+02
GradDelSqRho =  6.0573768224E-12  7.4518169413E-12  6.3948846218E-13
HessDelSqRho_EigVals = -5.8712808979E+04 -2.5256786777E+01  1.4458903152E+02
HessDelSqRho_EigVec1 =  8.0842388260E-01  5.5049389501E-01  2.0834418060E-01
HessDelSqRho_EigVec2 =  8.1096212438E-02 -4.5476139575E-01  8.8691345534E-01
HessDelSqRho_EigVec3 = -5.8298733293E-01  7.0010609517E-01  4.1228294306E-01
</CP of DelSqRho>
<CP of DelSqRho>
CP# = 11      
Type = (3,+1)
Coords =  7.24182591751237E+00  6.28766867796321E-01  2.72651094635740E+00
DistFromNuc =  1.0239751368E+00
Rho =  1.7885471136E-01
DelSqRho = -4.8053213380E-02
GradDelSqRho =  1.2212453271E-15  8.1185058676E-16 -7.4940054162E-16
HessDelSqRho_EigVals = -2.1738764714E+00  2.0761100691E-01  1.0981960259E+01
HessDelSqRho_EigVec1 = -2.2355757738E-02 -3.7590216916E-01  9.2638964767E-01
HessDelSqRho_EigVec2 =  6.4388129343E-02  9.2415610370E-01  3.7654968437E-01
HessDelSqRho_EigVec3 =  9.9767449045E-01 -6.8066549977E-02 -3.5434275215E-03
</CP of DelSqRho>
<CP of DelSqRho>
CP# = 12      
Type = (3,+1)
Coords =  5.47620534566457E+00  1.41465063726476E+00  2.58774197001051E+00
DistFromNuc =  1.0242644106E+00
Rho =  1.8071713937E-01
DelSqRho = -9.8698683429E-02
GradDelSqRho =  3.3306690739E-16 -1.2212453271E-15  2.3592239273E-16
HessDelSqRho_EigVals = -1.9346026537E+00  6.1117463943E-01  1.1524170539E+01
HessDelSqRho_EigVec1 =  6.8247772994E-01  6.9528293194E-01 -2.2540140350E-01
HessDelSqRho_EigVec2 =  4.9911695709E-03  3.0394563703E-01  9.5267630282E-01
HessDelSqRho_EigVec3 =  7.3088934619E-01 -6.5130537714E-01  2.0396585337E-01
</CP of DelSqRho>
<CP of DelSqRho>
CP# = 13      
Type = (3,+1)
Coords =  6.44568534566138E+00  1.58387836829620E+00  3.29104706183556E+00
DistFromNuc =  1.0246720370E+00
Rho =  1.7810966766E-01
DelSqRho = -4.6800642250E-02
GradDelSqRho = -4.4408920985E-16  1.5543122345E-15  3.6082248300E-16
HessDelSqRho_EigVals = -2.1487540394E+00  2.0011683116E-01  1.0917409688E+01
HessDelSqRho_EigVec1 =  1.3231693697E-01 -5.6200513099E-01  8.1648175787E-01
HessDelSqRho_EigVec2 = -9.5604437258E-01  1.4509524931E-01  2.5480684115E-01
HessDelSqRho_EigVec3 =  2.6167037635E-01  8.1430805066E-01  5.1810328388E-01
</CP of DelSqRho>
<CP of DelSqRho>
CP# = 14      
Type = (3,+1)
Coords =  6.39156730187745E+00 -2.44389481185159E-01  3.00170778402254E+00
DistFromNuc =  1.0238191964E+00
Rho =  1.7874003033E-01
DelSqRho = -4.8558672215E-02
GradDelSqRho = -3.4867941867E-16 -1.7208456882E-15  2.0122792321E-16
HessDelSqRho_EigVals = -2.1637447279E+00  2.1063435747E-01  1.1003695839E+01
HessDelSqRho_EigVec1 =  6.3419191157E-01  2.9802928094E-01  7.1342775878E-01
HessDelSqRho_EigVec2 = -7.6082710844E-01  7.6298541626E-02  6.4445375599E-01
HessDelSqRho_EigVec3 = -1.3763259195E-01  9.5150253822E-01 -2.7513667401E-01
</CP of DelSqRho>
<CP of DelSqRho>
CP# = 15      
Type = (3,+1)
Coords =  5.59652128688250E+00  7.18653909865830E-01  3.56865737855182E+00
DistFromNuc =  1.0239435357E+00
Rho =  1.7857513160E-01
DelSqRho = -4.9568187021E-02
GradDelSqRho =  2.2204460493E-16 -6.7654215563E-17  1.6653345369E-15
HessDelSqRho_EigVals = -2.1455169645E+00  2.1282127042E-01  1.0995250831E+01
HessDelSqRho_EigVec1 =  7.9260834263E-01  1.0684732191E-01  6.0029631433E-01
HessDelSqRho_EigVec2 = -1.2191435853E-01  9.9241691572E-01 -1.5670181172E-02
HessDelSqRho_EigVec3 = -5.9741853368E-01 -6.0764423762E-02  7.9962414947E-01
</CP of DelSqRho>
<CP of DelSqRho>
CP# = 16      
Type = (3,-1)
Coords =  5.77279842423890E+00  8.92918292196348E-01  1.86819231129440E+00
DistFromNuc =  1.0114433874E+00
Rho =  2.0496258678E-01
DelSqRho =  3.8451816085E-02
GradDelSqRho = -7.7715611724E-16  4.3021142204E-16 -3.9968028887E-15
HessDelSqRho_EigVals = -3.7162201223E+00 -7.7366567514E-01  1.1991335316E+01
HessDelSqRho_EigVec1 =  6.8099447279E-01  6.9779794523E-01 -2.2209132278E-01
HessDelSqRho_EigVec2 =  5.8088999135E-01 -6.9942473166E-01 -4.1637946959E-01
HessDelSqRho_EigVec3 =  4.4588490215E-01 -1.5454149080E-01  8.8164821877E-01
</CP of DelSqRho>
<CP of DelSqRho>
CP# = 17      
Type = (3,-1)
Coords =  5.71946339634696E+00  1.43752888941430E+00  3.36233235649155E+00
DistFromNuc =  1.0533625540E+00
Rho =  1.4862253802E-01
DelSqRho = -1.7708820115E-02
GradDelSqRho =  1.0824674490E-15 -8.6042284408E-16  5.5511151231E-17
HessDelSqRho_EigVals = -6.7565024036E-01 -3.3775078865E-01  8.6806626289E+00
HessDelSqRho_EigVec1 = -5.2343298097E-01  3.2112481631E-01 -7.8923809258E-01
HessDelSqRho_EigVec2 =  7.0967126663E-01  6.7694342871E-01 -1.9522880845E-01
HessDelSqRho_EigVec3 = -4.7157672521E-01  6.6228879401E-01  5.8222757198E-01
</CP of DelSqRho>
<CP of DelSqRho>
CP# = 18      
Type = (3,-1)
Coords =  5.86531598852365E+00  5.30383863604115E-02  3.40300902997309E+00
DistFromNuc =  1.0046038168E+00
Rho =  2.0213995106E-01
DelSqRho = -2.5644910995E-02
GradDelSqRho = -3.7886360715E-13  1.9761969838E-14  4.4209080841E-13
HessDelSqRho_EigVals = -3.4872075877E+00 -2.0889371524E-01  1.2456525186E+01
HessDelSqRho_EigVec1 =  7.2847877092E-01  2.2173377655E-01  6.4819195664E-01
HessDelSqRho_EigVec2 = -5.8266624380E-01  6.9816750453E-01  4.1600743257E-01
HessDelSqRho_EigVec3 =  3.6030366173E-01  6.8073215581E-01 -6.3779699231E-01
</CP of DelSqRho>
<CP of DelSqRho>
CP# = 19      
Type = (3,+1)
Coords =  6.44705698975795E+00  2.42489651748428E-01  1.89114146395927E+00
DistFromNuc =  1.0236919258E+00
Rho =  1.8138764819E-01
DelSqRho = -9.9479654608E-02
GradDelSqRho =  4.1633363423E-16  1.1102230246E-15  2.5535129566E-15
HessDelSqRho_EigVals = -1.9573962990E+00  6.1728725196E-01  1.1575628411E+01
HessDelSqRho_EigVec1 =  6.8091509519E-01  6.9792573508E-01 -2.2193310133E-01
HessDelSqRho_EigVec2 = -7.0693149928E-01  5.4720141813E-01 -4.4812773103E-01
HessDelSqRho_EigVec3 = -1.9131776831E-01  4.6202843669E-01  8.6598339200E-01
</CP of DelSqRho>
<CP of DelSqRho>
CP# = 20      
Type = (3,-1)
Coords =  7.03619976070764E+00  1.26557128758980E+00  3.02492273299951E+00
DistFromNuc =  1.0050560288E+00
Rho =  2.0173341717E-01
DelSqRho = -2.5218781660E-02
GradDelSqRho =  7.4956707508E-13  4.8677728515E-13  3.1479679974E-13
HessDelSqRho_EigVals = -3.4777619879E+00 -1.9987777169E-01  1.2411077676E+01
HessDelSqRho_EigVec1 =  3.7567006404E-02 -4.8693480668E-01  8.7263005568E-01
HessDelSqRho_EigVec2 = -5.8713852462E-01  6.9586285289E-01  4.1357374539E-01
HessDelSqRho_EigVec3 =  8.0861429182E-01  5.2789145097E-01  2.5975669973E-01
</CP of DelSqRho>
<CP of DelSqRho>
CP# = 21      
Type = (3,-1)
Coords =  6.91614968291479E+00 -1.63187047195750E-02  2.50665849492718E+00
DistFromNuc =  1.0532626138E+00
Rho =  1.4872952809E-01
DelSqRho = -1.6904442992E-02
GradDelSqRho =  5.0315307476E-13 -5.4334314825E-13 -2.9680424785E-13
HessDelSqRho_EigVals = -6.7916776845E-01 -3.4520692701E-01  8.6836160620E+00
HessDelSqRho_EigVec1 =  3.0952090110E-01 -1.7190980184E-02  9.5073723078E-01
HessDelSqRho_EigVec2 =  6.8338093677E-01  6.9925600149E-01 -2.0983693582E-01
HessDelSqRho_EigVec3 = -6.6120141185E-01  7.1466461685E-01  2.2818233582E-01
</CP of DelSqRho>
<CP of DelSqRho>
CP# = 22      
Type = (3,+3)
Coords =  6.60450984632025E+00  1.42837750734223E+00  2.11735617608504E+00
DistFromNuc =  1.0180777796E+00
Rho =  3.3339225465E-01
DelSqRho = -1.1660130689E+00
GradDelSqRho =  1.6653345369E-15 -6.6613381478E-16 -2.7755575616E-16
HessDelSqRho_EigVals =  4.8831116334E+00  7.2904798882E+00  9.2454600731E+00
HessDelSqRho_EigVec1 =  5.8168580159E-01 -7.0081912917E-01 -4.1290940461E-01
HessDelSqRho_EigVec2 =  6.9646042141E-01  1.6686377522E-01  6.9792504033E-01
HessDelSqRho_EigVec3 = -4.2021959691E-01 -6.9354814448E-01  5.8515507488E-01
</CP of DelSqRho>
<CP of DelSqRho>
CP# = 23      
Type = (3,+3)
Coords =  6.68653994232941E+00  5.75302782289909E-01  3.67884450208083E+00
DistFromNuc =  1.0414254352E+00
Rho =  3.0636260547E-01
DelSqRho = -1.2803592656E+00
GradDelSqRho = -1.3877787808E-15  4.3021142204E-16 -7.5495165675E-15
HessDelSqRho_EigVals =  7.3996027071E+00  8.0664531660E+00  9.0373305815E+00
HessDelSqRho_EigVec1 = -5.8295420764E-01  6.9971278515E-01  4.1299686452E-01
HessDelSqRho_EigVec2 =  6.7857455815E-01  6.9884198080E-01 -2.2617792753E-01
HessDelSqRho_EigVec3 =  4.4687913447E-01 -1.4839779033E-01  8.8220016720E-01
</CP of DelSqRho>
<CP of DelSqRho>
CP# = 24      
Type = (3,+3)
Coords =  5.39685232111911E+00  1.96019967999343E-01  2.51143004475355E+00
DistFromNuc =  1.0186826593E+00
Rho =  3.3362199825E-01
DelSqRho = -1.1660288629E+00
GradDelSqRho = -3.9968028887E-15 -1.3877787808E-15 -2.2551405188E-15
HessDelSqRho_EigVals =  4.8690459704E+00  7.3014614658E+00  9.1626393242E+00
HessDelSqRho_EigVec1 = -5.8226568749E-01  6.9837853318E-01  4.1621399971E-01
HessDelSqRho_EigVec2 =  1.0588761430E-01 -4.4244400170E-01  8.9052294664E-01
HessDelSqRho_EigVec3 =  8.0607349684E-01  5.6259286322E-01  1.8367032407E-01
</CP of DelSqRho>
<CP of DelSqRho>
CP# = 25      
Type = (3,+1)
Coords =  4.64510268127617E+00  1.20131122259496E+00  3.12388009508672E+00
DistFromNuc =  1.6858174257E+00
Rho =  7.8863333358E-02
DelSqRho =  1.1407588186E-01
GradDelSqRho = -3.0531133177E-16 -1.9081958236E-16 -2.8102520311E-16
HessDelSqRho_EigVals = -1.0555004744E+00  9.1419307734E-02  1.1686092006E-01
HessDelSqRho_EigVec1 =  8.0625098468E-01 -4.8540066822E-01 -3.3815017520E-01
HessDelSqRho_EigVec2 =  5.9156493999E-01  6.6463576845E-01  4.5641014128E-01
HessDelSqRho_EigVec3 =  3.2049139854E-03 -5.6801891393E-01  8.2300925994E-01
</CP of DelSqRho>
<CP of DelSqRho>
CP# = 26      
Type = (3,+1)
Coords =  7.40350153360192E+00  4.15940698516664E-01  1.59571103189716E+00
DistFromNuc =  1.6877887053E+00
Rho =  7.9235233609E-02
DelSqRho =  1.1452413551E-01
GradDelSqRho =  7.8117425723E-12 -2.0547084000E-12 -1.7691265120E-12
HessDelSqRho_EigVals = -1.0526591003E+00  9.2021054693E-02  1.1718887193E-01
HessDelSqRho_EigVec1 =  6.8754850214E-01 -4.4562764883E-01 -5.7331758720E-01
HessDelSqRho_EigVec2 =  9.7931000851E-02  8.3923557592E-01 -5.3487677757E-01
HessDelSqRho_EigVec3 =  7.1950439629E-01  3.1160816213E-01  6.2065592483E-01
</CP of DelSqRho>
<CP of DelSqRho>
CP# = 27      
Type = (3,+1)
Coords =  5.78969745512457E+00  2.36816229225348E+00  2.74073777888300E+00
DistFromNuc =  1.6888650910E+00
Rho =  7.9204996157E-02
DelSqRho =  1.1397291856E-01
GradDelSqRho = -8.4134088585E-17  3.2959746044E-17 -4.8572257327E-17
HessDelSqRho_EigVals = -1.0487568022E+00  9.0849982281E-02  1.1764078159E-01
HessDelSqRho_EigVec1 = -4.1328430711E-01  8.8648288927E-01  2.0819262362E-01
HessDelSqRho_EigVec2 =  4.5488872891E-01  3.9904736218E-01 -7.9613908775E-01
HessDelSqRho_EigVec3 =  7.8884239605E-01  2.3432731332E-01  5.6817108728E-01
</CP of DelSqRho>
<CP of DelSqRho>
CP# = 28      
Type = (3,+1)
Coords =  6.25654648245072E+00 -7.53085563899229E-01  1.96564186516006E+00
DistFromNuc =  1.6880914100E+00
Rho =  7.9157358452E-02
DelSqRho =  1.1433251861E-01
GradDelSqRho = -7.7150091871E-14  1.1076556339E-13  1.9838644616E-13
HessDelSqRho_EigVals = -1.0539879487E+00  9.1901790865E-02  1.1824853176E-01
HessDelSqRho_EigVec1 = -2.9613366337E-01  8.4311526066E-01  4.4884463977E-01
HessDelSqRho_EigVec2 =  9.5129984790E-01  2.1821492794E-01  2.1774031460E-01
HessDelSqRho_EigVec3 =  8.5635581376E-02  4.9146607457E-01 -8.6667620525E-01
</CP of DelSqRho>
<CP of DelSqRho>
CP# = 29      
Type = (3,-1)
Coords =  7.04716559973172E+00 -3.13768020075857E-01  1.97054948574781E+00
DistFromNuc =  1.5500963973E+00
Rho =  6.6734748270E-02
DelSqRho =  1.2523512985E-01
GradDelSqRho = -8.7811702354E-15  2.2898349883E-16  1.4779844015E-15
HessDelSqRho_EigVals = -1.2788094635E+00 -4.1119510815E-02  4.5875714111E-02
HessDelSqRho_EigVec1 = -5.6275252949E-01  6.9213760320E-01  4.5194593570E-01
HessDelSqRho_EigVec2 = -6.7716656486E-01 -6.9956270646E-01  2.2816104655E-01
HessDelSqRho_EigVec3 =  4.7408336185E-01 -1.7764447071E-01  8.6237312577E-01
</CP of DelSqRho>
<CP of DelSqRho>
CP# = 30      
Type = (3,-1)
Coords =  5.26211571139810E+00  1.84959321922647E+00  3.24858780565536E+00
DistFromNuc =  1.5504513657E+00
Rho =  6.6621879548E-02
DelSqRho =  1.2449220099E-01
GradDelSqRho =  4.6542630860E-15 -2.6575963652E-15 -1.1744077932E-15
HessDelSqRho_EigVals = -1.2740208204E+00 -3.8721402260E-02  4.6474145713E-02
HessDelSqRho_EigVec1 = -5.9526396291E-01  7.1005090356E-01  3.7614960962E-01
HessDelSqRho_EigVec2 =  6.7635789056E-01  6.9549878558E-01 -2.4253132402E-01
HessDelSqRho_EigVec3 =  4.3382118245E-01 -1.1004159944E-01  8.9425389462E-01
</CP of DelSqRho>
<CP of DelSqRho>
CP# = 31      
Type = (3,-3)
Coords =  5.21850387490781E+00 -5.06299894620558E-01  3.44446892178304E+00
DistFromNuc =  1.7389166214E+00
Rho =  9.8029603838E-02
DelSqRho =  2.4702396812E-01
GradDelSqRho = -1.9081958236E-16  8.6736173799E-18 -1.9255430583E-16
HessDelSqRho_EigVals = -1.6670832808E+00 -2.2649482047E-01 -1.9410473250E-01
HessDelSqRho_EigVec1 =  3.5680021820E-02 -4.8806314447E-01  8.7207872526E-01
HessDelSqRho_EigVec2 = -5.8413725573E-01  6.9785890788E-01  4.1445942039E-01
HessDelSqRho_EigVec3 =  8.1087027477E-01  5.2420159452E-01  2.6019624477E-01
</CP of DelSqRho>
<CP of DelSqRho>
CP# = 32      
Type = (3,-1)
Coords =  6.01927400187177E+00  1.41658503668089E+00  4.23829518574495E+00
DistFromNuc =  1.6404236462E+00
Rho =  7.5413758334E-02
DelSqRho =  1.4316843444E-01
GradDelSqRho =  3.5149834432E-16 -3.2439329001E-16 -4.6490589156E-16
HessDelSqRho_EigVals = -1.4738930714E+00 -2.3631130600E-01  6.5592953238E-02
HessDelSqRho_EigVec1 = -4.0498446891E-01  6.1866991970E-01  6.7322738387E-01
HessDelSqRho_EigVec2 = -6.0639918925E-01  3.6933047892E-01 -7.0418393948E-01
HessDelSqRho_EigVec3 =  6.8430081340E-01  6.9342809851E-01 -2.2558782987E-01
</CP of DelSqRho>
<CP of DelSqRho>
CP# = 33      
Type = (3,-1)
Coords =  7.42354597871448E+00 -2.76052435533350E-01  3.23293947684408E+00
DistFromNuc =  1.6393344324E+00
Rho =  7.5401519918E-02
DelSqRho =  1.4348689072E-01
GradDelSqRho = -5.7245874707E-17  1.3314002678E-16 -1.4831885720E-16
HessDelSqRho_EigVals = -1.4766847207E+00 -2.3464559156E-01  6.5649108493E-02
HessDelSqRho_EigVec1 = -6.9663019839E-01  7.0851291443E-01  1.1276443049E-01
HessDelSqRho_EigVec2 =  2.3576576576E-01  7.7636150439E-02  9.6870384114E-01
HessDelSqRho_EigVec3 = -6.7758458541E-01 -7.0141434134E-01  2.2112677671E-01
</CP of DelSqRho>
<CP of DelSqRho>
CP# = 34      
Type = (3,-3)
Coords =  5.53886628985357E+00  9.68841476066167E-01  1.40198305047281E+00
DistFromNuc =  1.5385252796E+00
Rho =  9.2174869657E-02
DelSqRho =  2.8568756885E-01
GradDelSqRho = -1.1796119637E-16 -2.1076890233E-16  1.0408340856E-16
HessDelSqRho_EigVals = -1.7543176793E+00 -2.8196502314E-01 -1.1821598585E-01
HessDelSqRho_EigVec1 =  4.4331550652E-01 -1.5558071765E-01  8.8276044427E-01
HessDelSqRho_EigVec2 =  5.7142763620E-01 -7.0970896915E-01 -4.1204809876E-01
HessDelSqRho_EigVec3 =  6.9060974382E-01  6.8710102562E-01 -2.2572186942E-01
</CP of DelSqRho>
<Path of -GradDelSqRho>
Starting CP# =      2
Ending CP# =      0
Number of Points =     31
  6.7993062939E+00  5.3570819900E-01  3.9031948738E+00  2.9473135004E-01 -1.1839248867E+00
  6.8103975096E+00  5.3182170173E-01  3.9252602329E+00  2.9475601726E-01 -1.1872732640E+00
  6.8214885863E+00  5.2793515722E-01  3.9473256536E+00  2.9507460132E-01 -1.1984397199E+00
  6.8325795188E+00  5.2404852193E-01  3.9693911307E+00  2.9570822468E-01 -1.2192197035E+00
  6.8436703069E+00  5.2016176797E-01  3.9914566596E+00  2.9667635635E-01 -1.2515473259E+00
  6.8547609543E+00  5.1627487954E-01  4.0135222355E+00  2.9799600968E-01 -1.2974598977E+00
  6.8658514683E+00  5.1238785075E-01  4.0355878537E+00  2.9968086717E-01 -1.3590260299E+00
  6.8769418595E+00  5.0850068433E-01  4.0576535093E+00  3.0174036832E-01 -1.4382143701E+00
  6.8880321426E+00  5.0461339166E-01  4.0797191971E+00  3.0417883734E-01 -1.5366696326E+00
  6.8991223378E+00  5.0072599406E-01  4.1017849105E+00  3.0699479492E-01 -1.6553559994E+00
  6.9102124729E+00  4.9683852588E-01  4.1238506418E+00  3.1018070097E-01 -1.7940381766E+00
  6.9213025881E+00  4.9295104019E-01  4.1459163799E+00  3.1372351440E-01 -1.9506200248E+00
  6.9323927428E+00  4.8906361849E-01  4.1679821095E+00  3.1760660978E-01 -2.1204787322E+00
  6.9434830270E+00  4.8517638677E-01  4.1900478074E+00  3.2181369763E-01 -2.2961391524E+00
  6.9545735776E+00  4.8128953829E-01  4.2121134390E+00  3.2633533441E-01 -2.4679084517E+00
  6.9656645861E+00  4.7740334396E-01  4.2341789556E+00  3.3117820813E-01 -2.6263360015E+00
  6.9767562111E+00  4.7351802614E-01  4.2562443167E+00  3.3637646755E-01 -2.7673767686E+00
  6.9878481432E+00  4.6963313740E-01  4.2783095990E+00  3.4200285621E-01 -2.9006591825E+00
  6.9989391374E+00  4.6574689799E-01  4.3003751148E+00  3.4817550046E-01 -3.0601104438E+00
  7.0100282227E+00  4.6185792912E-01  4.3224411092E+00  3.5505443762E-01 -3.3144629412E+00
  7.0211157118E+00  4.5796668505E-01  4.3445075046E+00  3.6282126459E-01 -3.7733193054E+00
  7.0322022423E+00  4.5407407818E-01  4.3665741412E+00  3.7163667459E-01 -4.5832166523E+00
  7.0432882292E+00  4.5018070001E-01  4.3886409149E+00  3.8157493026E-01 -5.9082357349E+00
  7.0543738937E+00  4.4628686556E-01  4.4107077701E+00  3.9254166449E-01 -7.8918197738E+00
  7.0654593533E+00  4.4239274160E-01  4.4327746770E+00  4.0419098643E-01 -1.0601435876E+01
  7.0765446733E+00  4.3849842044E-01  4.4548416193E+00  4.1586740872E-01 -1.3966300594E+01
  7.0876298924E+00  4.3460395666E-01  4.4769085872E+00  4.2660337733E-01 -1.7729513677E+01
  7.0987150365E+00  4.3070938644E-01  4.4989755739E+00  4.3519846410E-01 -2.1443991056E+01
  7.1098001280E+00  4.2681474077E-01  4.5210425737E+00  4.4038712892E-01 -2.4536797510E+01
  7.1208852011E+00  4.2292006622E-01  4.5431095777E+00  4.4107010720E-01 -2.6442053393E+01
  7.1280905880E+00  4.2038864621E-01  4.5574531063E+00  4.3874558568E-01 -2.6845141307E+01
</Path of -GradDelSqRho>
<Path of -GradDelSqRho>
Starting CP# =      2
Ending CP# =     23
Number of Points =     11
  6.7993062939E+00  5.3570819900E-01  3.9031948738E+00  2.9473135004E-01 -1.1839248867E+00
  6.7882149533E+00  5.3959471125E-01  3.8811295801E+00  2.9497854077E-01 -1.1867509643E+00
  6.7771235034E+00  5.4348132841E-01  3.8590643598E+00  2.9547522706E-01 -1.1942587888E+00
  6.7660319738E+00  5.4736817911E-01  3.8369992207E+00  2.9619930067E-01 -1.2050963102E+00
  6.7549404083E+00  5.5125544659E-01  3.8149341731E+00  2.9712940373E-01 -1.2180353164E+00
  6.7438488713E+00  5.5514339741E-01  3.7928692316E+00  2.9824538041E-01 -1.2319497205E+00
  6.7327574592E+00  5.5903243599E-01  3.7708044189E+00  2.9952870340E-01 -1.2457898515E+00
  6.7216663246E+00  5.6292322150E-01  3.7487397748E+00  3.0096289665E-01 -1.2585528816E+00
  6.7105757374E+00  5.6681696585E-01  3.7266753774E+00  3.0253397842E-01 -1.2692485393E+00
  6.6994862867E+00  5.7071645083E-01  3.7046114228E+00  3.0423095188E-01 -1.2768578596E+00
  6.6865399423E+00  5.7530278229E-01  3.6788445021E+00  3.0636260547E-01 -1.2803592656E+00
</Path of -GradDelSqRho>
<Path of -GradDelSqRho>
Starting CP# =      5
Ending CP# =      1
Number of Points =      9
  6.0539340910E+00  5.9100573806E-01  2.7688349117E+00  9.2595275648E+00  2.8029095897E+02
  6.0729351065E+00  6.0722126053E-01  2.7678258348E+00  1.2271537160E+01  2.4975736391E+02
  6.0919348277E+00  6.2343802785E-01  2.7668123982E+00  1.6322980267E+01  7.4319776569E+01
  6.1109338959E+00  6.3965542110E-01  2.7657967408E+00  2.1776166730E+01 -4.4328588446E+02
  6.1299326511E+00  6.5587311448E-01  2.7647800177E+00  2.9082519010E+01 -1.4946766399E+03
  6.1489311347E+00  6.7209106594E-01  2.7637623397E+00  3.8896265057E+01 -3.5586814083E+03
  6.1679292569E+00  6.8830935663E-01  2.7627433196E+00  5.2241270166E+01 -9.5666313620E+03
  6.1869271994E+00  7.0452781485E-01  2.7617236179E+00  7.0136815864E+01 -2.2978504016E+04
  6.2240459238E+00  7.3621681504E-01  2.7597292499E+00  1.2109835181E+02 -7.4590871583E+05
</Path of -GradDelSqRho>
<Path of -GradDelSqRho>
Starting CP# =      5
Ending CP# =     24
Number of Points =     39
  6.0539340910E+00  5.9100573806E-01  2.7688349117E+00  9.2595275648E+00  2.8029095897E+02
  6.0349311811E+00  5.7479204515E-01  2.7698376940E+00  7.0096526802E+00  2.6803242023E+02
  6.0159262686E+00  5.5858029682E-01  2.7708339451E+00  5.3231641077E+00  2.4342080998E+02
  5.9969199565E+00  5.4236991682E-01  2.7718257514E+00  4.0587378082E+00  2.1249876956E+02
  5.9779124561E+00  5.2616070309E-01  2.7728138389E+00  3.1126393854E+00  1.7833338689E+02
  5.9589034175E+00  5.0995299855E-01  2.7737970785E+00  2.4063062522E+00  1.4464602087E+02
  5.9398921314E+00  4.9374749941E-01  2.7747731877E+00  1.8796278851E+00  1.1446488977E+02
  5.9208775843E+00  4.7754520492E-01  2.7757389203E+00  1.4869344119E+00  8.9238722685E+01
  5.9018584327E+00  4.6134744801E-01  2.7766899799E+00  1.1939656947E+00  6.9048869957E+01
  5.8828329841E+00  4.4515592117E-01  2.7776209519E+00  9.7527310602E-01  5.3234234349E+01
  5.8637992100E+00  4.2897267511E-01  2.7785253304E+00  8.1201959272E-01  4.0919576070E+01
  5.8447547514E+00  4.1280012941E-01  2.7793955126E+00  6.9022672605E-01  3.1305280289E+01
  5.8256968416E+00  3.9664117200E-01  2.7802225167E+00  5.9945852661E-01  2.3765529853E+01
  5.8066220938E+00  3.8049940865E-01  2.7809952420E+00  5.3187369808E-01  1.7842451570E+01
  5.7875261530E+00  3.6437958124E-01  2.7816992402E+00  4.8155602146E-01  1.3203381677E+01
  5.7684032327E+00  3.4828816298E-01  2.7823150172E+00  4.4403930954E-01  9.5975538048E+00
  5.7492455447E+00  3.3223417627E-01  2.7828157996E+00  4.1596275321E-01  6.8254386529E+00
  5.7300426115E+00  3.1623034286E-01  2.7831645590E+00  3.9481319610E-01  4.7213727405E+00
  5.7107804617E+00  3.0029475527E-01  2.7833099665E+00  3.7872731145E-01  3.1453859284E+00
  5.6914407707E+00  2.8445336650E-01  2.7831808486E+00  3.6633757766E-01  1.9797886846E+00
  5.6720001573E+00  2.6874376399E-01  2.7826786347E+00  3.5665228373E-01  1.1274254718E+00
  5.6524301592E+00  2.5322096517E-01  2.7816672559E+00  3.4896309358E-01  5.1001114922E-01
  5.6326990174E+00  2.3796638954E-01  2.7799600957E+00  3.4277530658E-01  6.6038368668E-02
  5.6127775346E+00  2.2310171113E-01  2.7773042474E+00  3.3775671795E-01 -2.5169436662E-01
  5.5926531854E+00  2.0880964129E-01  2.7733644510E+00  3.3370119624E-01 -4.7868881874E-01
  5.5723591176E+00  1.9536233868E-01  2.7677149217E+00  3.3050241355E-01 -6.4124145560E-01
  5.5520245849E+00  1.8315052827E-01  2.7598603593E+00  3.2813055933E-01 -7.5864664131E-01
  5.5319391443E+00  1.7268462731E-01  2.7493250313E+00  3.2659998686E-01 -8.4498942396E-01
  5.5125780472E+00  1.6451012722E-01  2.7358354174E+00  3.2591552735E-01 -9.1045133625E-01
  5.4944979725E+00  1.5901172503E-01  2.7195115684E+00  3.2600877326E-01 -9.6214440705E-01
  5.4781150806E+00  1.5623269504E-01  2.7008648395E+00  3.2671392577E-01 -1.0046765133E+00
  5.4635599365E+00  1.5589187804E-01  2.6805621966E+00  3.2781056994E-01 -1.0407239538E+00
  5.4507239258E+00  1.5755976682E-01  2.6591866754E+00  3.2908688867E-01 -1.0716613522E+00
  5.4393903462E+00  1.6081588039E-01  2.6371502616E+00  3.3037323163E-01 -1.0981012475E+00
  5.4293329650E+00  1.6531696410E-01  2.6147144363E+00  3.3154520783E-01 -1.1202549453E+00
  5.4203626611E+00  1.7080641089E-01  2.5920374241E+00  3.3251471786E-01 -1.1381395573E+00
  5.4123467839E+00  1.7710425275E-01  2.5692127131E+00  3.3322032359E-01 -1.1516890070E+00
  5.4052312775E+00  1.8410056675E-01  2.5462929658E+00  3.3362082283E-01 -1.1608129201E+00
  5.3968523211E+00  1.9601996800E-01  2.5114300448E+00  3.3362199825E-01 -1.1660288629E+00
</Path of -GradDelSqRho>
<Path of -GradDelSqRho>
Starting CP# =      8
Ending CP# =     23
Number of Points =     33
  6.3239064488E+00  7.0339417747E-01  2.9574009552E+00  9.2560426394E+00  2.8000751183E+02
  6.3350573683E+00  6.9972812078E-01  2.9794739482E+00  7.0063871818E+00  2.6776146156E+02
  6.3462082314E+00  6.9606174456E-01  3.0015469167E+00  5.3198988464E+00  2.4316463625E+02
  6.3573590443E+00  6.9239520201E-01  3.0236198829E+00  4.0553314892E+00  2.1225274624E+02
  6.3685098111E+00  6.8872854615E-01  3.0456928536E+00  3.1090019900E+00  1.7809695528E+02
  6.3796605226E+00  6.8506173087E-01  3.0677658257E+00  2.4023840878E+00  1.4442091015E+02
  6.3908111587E+00  6.8139466461E-01  3.0898387943E+00  1.8753953513E+00  1.1425246429E+02
  6.4019616892E+00  6.7772722631E-01  3.1119117543E+00  1.4823886678E+00  8.9039068410E+01
  6.4131120740E+00  6.7405926482E-01  3.1339847011E+00  1.1891224771E+00  6.8860907376E+01
  6.4242622625E+00  6.7039059823E-01  3.1560576298E+00  9.7016310296E-01  5.3056043443E+01
  6.4354121941E+00  6.6672101606E-01  3.1781305361E+00  8.0668517772E-01  4.0748655528E+01
  6.4465617975E+00  6.6305027915E-01  3.2002034161E+00  6.8471895091E-01  3.1138752947E+01
  6.4577109870E+00  6.5937810895E-01  3.2222762669E+00  5.9383428906E-01  2.3600348372E+01
  6.4688596547E+00  6.5570416070E-01  3.2443490853E+00  5.2619302039E-01  1.7675614947E+01
  6.4800076577E+00  6.5202798081E-01  3.2664218678E+00  4.7587939909E-01  1.3032136824E+01
  6.4911548007E+00  6.4834894927E-01  3.2884946096E+00  4.3842509296E-01  9.4195494048E+00
  6.5023008140E+00  6.4466620465E-01  3.3105673026E+00  4.1046449106E-01  6.6388121005E+00
  6.5134453229E+00  6.4097854413E-01  3.3326399345E+00  3.8947679359E-01  4.5247707005E+00
  6.5245878085E+00  6.3728428762E-01  3.3547124848E+00  3.7358775473E-01  2.9379347695E+00
  6.5357275539E+00  6.3358109301E-01  3.3767849204E+00  3.6141485094E-01  1.7610388192E+00
  6.5468635744E+00  6.2986570901E-01  3.3988571870E+00  3.5194596161E-01  8.9729419283E-01
  6.5579945304E+00  6.2613365461E-01  3.4209291953E+00  3.4444492557E-01  2.6874466804E-01
  6.5691186226E+00  6.2237882085E-01  3.4430008001E+00  3.3837893958E-01 -1.8579169671E-01
  6.5802334756E+00  6.1859300046E-01  3.4650717649E+00  3.3336360568E-01 -5.1314995633E-01
  6.5913360185E+00  6.1476536026E-01  3.4871417106E+00  3.2912200585E-01 -7.4837442854E-01
  6.6024223697E+00  6.1088186529E-01  3.5092100343E+00  3.2545469366E-01 -9.1716467551E-01
  6.6134877252E+00  6.0692462223E-01  3.5312757883E+00  3.2221799634E-01 -1.0380490571E+00
  6.6245262276E+00  6.0287100917E-01  3.5533374884E+00  3.1930850948E-01 -1.1242081382E+00
  6.6355307586E+00  5.9869227190E-01  3.5753927973E+00  3.1665211583E-01 -1.1849354445E+00
  6.6464925559E+00  5.9435091787E-01  3.5974379462E+00  3.1419625079E-01 -1.2267637914E+00
  6.6574004865E+00  5.8979539023E-01  3.6194665372E+00  3.1190446351E-01 -1.2543057317E+00
  6.6682396363E+00  5.8494748048E-01  3.6414665376E+00  3.0975259132E-01 -1.2708628984E+00
  6.6865399423E+00  5.7530278229E-01  3.6788445021E+00  3.0636260547E-01 -1.2803592656E+00
</Path of -GradDelSqRho>
<Path of -GradDelSqRho>
Starting CP# =      8
Ending CP# =      1
Number of Points =      9
  6.3239064488E+00  7.0339417747E-01  2.9574009552E+00  9.2560426394E+00  2.8000751183E+02
  6.3127554878E+00  7.0705987758E-01  2.9353279239E+00  1.2267497278E+01  2.4951599321E+02
  6.3016045052E+00  7.1072530722E-01  2.9132548586E+00  1.6317897550E+01  7.4300315771E+01
  6.2904535143E+00  7.1439059081E-01  2.8911817732E+00  2.1769385445E+01 -4.4281310881E+02
  6.2793025194E+00  7.1805580411E-01  2.8691086781E+00  2.9073144016E+01 -1.4934920111E+03
  6.2681515254E+00  7.2172094415E-01  2.8470355705E+00  3.8882847775E+01 -3.5550636957E+03
  6.2570005424E+00  7.2538595848E-01  2.8249624364E+00  5.2221852480E+01 -9.5539466837E+03
  6.2458495669E+00  7.2905090431E-01  2.8028892872E+00  7.0109280276E+01 -2.2950513044E+04
  6.2240459238E+00  7.3621681504E-01  2.7597292499E+00  1.2109835181E+02 -7.4590871583E+05
</Path of -GradDelSqRho>
<Path of -GradDelSqRho>
Starting CP# =      9
Ending CP# =     22
Number of Points =     39
  6.3521705252E+00  8.9613479744E-01  2.6696160606E+00  9.2593085717E+00  2.8024379609E+02
  6.3664710708E+00  9.1399415045E-01  2.6595394589E+00  7.0095729681E+00  2.6798866161E+02
  6.3807676391E+00  9.3185340323E-01  2.6494570375E+00  5.3231810472E+00  2.4338210742E+02
  6.3950614677E+00  9.4971262438E-01  2.6393706762E+00  4.0588226404E+00  2.1246446380E+02
  6.4093529883E+00  9.6757183639E-01  2.6292810288E+00  3.1127724968E+00  1.7830305878E+02
  6.4236415086E+00  9.8543102598E-01  2.6191870936E+00  2.4064743476E+00  1.4461947423E+02
  6.4379256273E+00  1.0032901681E+00  2.6090868465E+00  1.8798223012E+00  1.1444181681E+02
  6.4522033444E+00  1.0211492317E+00  2.5989774140E+00  1.4871499551E+00  8.9218628123E+01
  6.4664720061E+00  1.0390081785E+00  2.5888549990E+00  1.1941997270E+00  6.9031164234E+01
  6.4807282586E+00  1.0568669599E+00  2.5787148245E+00  9.7552480271E-01  5.3218344029E+01
  6.4949680602E+00  1.0747255133E+00  2.5685511620E+00  8.1228935685E-01  4.0905008877E+01
  6.5091866700E+00  1.0925837553E+00  2.5583573314E+00  6.9051574575E-01  3.1291644974E+01
  6.5233784644E+00  1.1104415699E+00  2.5481254595E+00  5.9976845197E-01  2.3752529847E+01
  6.5375364629E+00  1.1282987844E+00  2.5378458382E+00  5.3220640898E-01  1.7829868887E+01
  6.5516515389E+00  1.1461551263E+00  2.5275058621E+00  4.8191345947E-01  1.3191060149E+01
  6.5657113154E+00  1.1640101477E+00  2.5170885722E+00  4.4442335148E-01  9.5853850286E+00
  6.5796986829E+00  1.1818630911E+00  2.5065707636E+00  4.1637510825E-01  6.8133509950E+00
  6.5935897760E+00  1.1997126453E+00  2.4959205053E+00  3.9525531059E-01  4.7093227465E+00
  6.6073511329E+00  1.2175564977E+00  2.4850938406E+00  3.7920026569E-01  3.1333514971E+00
  6.6209356372E+00  1.2353905032E+00  2.4740303997E+00  3.6684195661E-01  1.9677636905E+00
  6.6342766729E+00  1.2532071333E+00  2.4626476793E+00  3.5718799893E-01  1.1154158031E+00
  6.6472796849E+00  1.2709925841E+00  2.4508338938E+00  3.4952912640E-01  4.9803227097E-01
  6.6598100346E+00  1.2887214162E+00  2.4384397267E+00  3.4336933360E-01  5.4114560973E-02
  6.6716758013E+00  1.3063467750E+00  2.4252703713E+00  3.3837457314E-01 -2.6352895355E-01
  6.6826045799E+00  1.3237831209E+00  2.4110817292E+00  3.3433614001E-01 -4.9038721504E-01
  6.6922163444E+00  1.3408778053E+00  2.3955899676E+00  3.3114427412E-01 -6.5273924139E-01
  6.7000050375E+00  1.3573713940E+00  2.3785127007E+00  3.2876510883E-01 -7.6985685798E-01
  6.7053656879E+00  1.3728638403E+00  2.3596652976E+00  3.2720946281E-01 -8.5580052850E-01
  6.7077253922E+00  1.3868401876E+00  2.3391042773E+00  3.2648133238E-01 -9.2073381662E-01
  6.7067765677E+00  1.3988163925E+00  2.3172122529E+00  3.2651549475E-01 -9.7176762949E-01
  6.7026407637E+00  1.4085440732E+00  2.2945831450E+00  3.2715132897E-01 -1.0135259932E+00
  6.6957836504E+00  1.4160848629E+00  2.2717738264E+00  3.2817227301E-01 -1.0487074098E+00
  6.6867805475E+00  1.4217037673E+00  2.2491504861E+00  3.2936818664E-01 -1.0787048951E+00
  6.6761438420E+00  1.4257212085E+00  2.2268936752E+00  3.3056994768E-01 -1.1041437791E+00
