 AIMInt (Version 19.10.12, Professional)
 Portions Copyright (c) 1997-2019 by Todd A. Keith
 AIMInt is a component of the AIMAll package ( http://aim.tkgristmill.com )

 TP:  64-bit Mac OS X

 AIMInt is a heavily modified and extended version of the PROAIMV program
 developed by members of R.F.W. Bader's research group

 Much of the Quantum Theory of Atoms in Molecules (QTAIM) is described in the book:
   "Atoms in Molecules - A Quantum Theory"
   R.F.W. Bader, Oxford University Press, Oxford, 1990

 For additional references see:  http://aim.tkgristmill.com/references.html

 Current Directory:  /Users/chemlab/Documents/SubstituentCoding/HanschLeoTaftSubstituents/QTAIM

 Inp File:  SubH_AsO-C6H5-2_wb97xd_aug-cc-pvtz_atomicfiles/c3.inp
 Wfx File:  SubH_AsO-C6H5-2_wb97xd_aug-cc-pvtz.wfx
 Out File:  SubH_AsO-C6H5-2_wb97xd_aug-cc-pvtz_atomicfiles/c3.int

 Wfx Title:   Title Card Required                                                           
 Job Title:   Title Card Required                                                           
 
<Atom>
C3      
</Atom>
<Nuclei of Molecule>
    25
As1       33.0          -5.3208027851E-02  -2.1440785859E+00  -1.0041145093E+00
H2         1.0           2.5355490096E-02  -2.2637913563E+00  -3.8679903787E+00
C3         6.0          -2.9027381812E+00   8.2426052836E-03  -2.6598873521E-01
C4         6.0          -4.8685685882E+00  -1.0294145350E+00   1.1253035154E+00
C5         6.0          -3.0098287713E+00   2.5072140174E+00  -1.0634474101E+00
C6         6.0          -6.9573376848E+00   4.4240606348E-01   1.7108104053E+00
H7         1.0          -4.7375792618E+00  -2.9748575537E+00   1.7448002278E+00
C8         6.0          -5.1007412639E+00   3.9686312833E+00  -4.7560734623E-01
H9         1.0          -1.4651528530E+00   3.3313815952E+00  -2.1234119422E+00
C10        6.0          -7.0733082177E+00   2.9337792338E+00   9.0939439492E-01
H11        1.0          -8.4927168011E+00  -3.5756130114E-01   2.7961476405E+00
H12        1.0          -5.1899011308E+00   5.9154152008E+00  -1.0901484378E+00
H13        1.0          -8.7028420811E+00   4.0784313649E+00   1.3691175077E+00
C14        6.0           2.9427084266E+00  -2.3629237246E-01  -2.1091324461E-01
C15        6.0           3.9242876386E+00   1.5282973486E+00  -1.8873568369E+00
C16        6.0           4.0957902706E+00  -6.4531044984E-01   2.1103199193E+00
C17        6.0           6.0515128812E+00   2.9087375100E+00  -1.2288899221E+00
H18        1.0           3.0546283623E+00   1.8193594109E+00  -3.7181850606E+00
C19        6.0           6.2240459142E+00   7.3621681630E-01   2.7597292293E+00
H20        1.0           3.3383557438E+00  -2.0591353464E+00   3.3799726920E+00
C21        6.0           7.1951015438E+00   2.5143928661E+00   1.0960672880E+00
H22        1.0           6.8227871455E+00   4.2797321806E+00  -2.5330442535E+00
H23        1.0           7.1309203250E+00   4.1938786511E-01   4.5630946304E+00
H24        1.0           8.8577836245E+00   3.5871793707E+00   1.6069009621E+00
O25        8.0          -2.5141468137E-01  -4.8552938024E+00   4.4149970960E-01
</Nuclei of Molecule>
<Total Number of CPs of DelSqRho>
    40
</Total Number of CPs of DelSqRho>
<Number of (3,+3) CPs of DelSqRho>
     4
</Number of (3,+3) CPs of DelSqRho>
<Number of (3,+1) CPs of DelSqRho>
    16
</Number of (3,+1) CPs of DelSqRho>
<Number of (3,-1) CPs of DelSqRho>
    17
</Number of (3,-1) CPs of DelSqRho>
<Number of (3,-3) CPs of DelSqRho>
     3
</Number of (3,-3) CPs of DelSqRho>
<Number of Degenerate CPs of DelSqRho>
     0
</Number of Degenerate CPs of DelSqRho>
<CP of DelSqRho>
CP# = 1       
Type = (3,+3)
Coords = -2.90273807435512E+00  8.24254455676496E-03 -2.65988776664223E-01
DistFromNuc =  1.2969118283E-07
Rho =  1.2110479794E+02
DelSqRho = -7.4595149777E+05
GradDelSqRho = -1.6813903585E-06  7.1454451245E-09  2.4836890589E-07
HessDelSqRho_EigVals =  1.5981169127E+10  1.5981170803E+10  1.5981172455E+10
HessDelSqRho_EigVec1 =  4.5477274934E-01  2.8437896420E-01  8.4398480506E-01
HessDelSqRho_EigVec2 =  7.9755520783E-01 -5.5176909473E-01 -2.4383715173E-01
HessDelSqRho_EigVec3 =  3.9634257521E-01  7.8401496849E-01 -4.7773747211E-01
</CP of DelSqRho>
<CP of DelSqRho>
CP# = 2       
Type = (3,+1)
Coords = -3.88750957409303E+00 -5.10876592621981E-01  4.30086206145430E-01
DistFromNuc =  1.3129279348E+00
Rho =  3.2182515819E-01
DelSqRho = -1.0494335942E+00
GradDelSqRho =  1.7486012638E-15 -7.3552275381E-16  1.0390993621E-15
HessDelSqRho_EigVals = -4.1724028428E+00  5.4983040971E+00  7.3196335765E+00
HessDelSqRho_EigVec1 =  7.5044117675E-01  3.9368933406E-01 -5.3089240763E-01
HessDelSqRho_EigVec2 =  4.4520673299E-01  2.9257295157E-01  8.4628129656E-01
HessDelSqRho_EigVec3 = -4.8849667874E-01  8.7144120642E-01 -4.4285647834E-02
</CP of DelSqRho>
<CP of DelSqRho>
CP# = 3       
Type = (3,+1)
Coords = -2.95148813151799E+00  1.25530701332220E+00 -6.66564368319429E-01
DistFromNuc =  1.3107276732E+00
Rho =  3.2035899710E-01
DelSqRho = -1.0404652568E+00
GradDelSqRho = -2.2204460493E-16 -2.2898349883E-16 -5.8286708793E-16
HessDelSqRho_EigVals = -4.1931785546E+00  5.4505815580E+00  7.2594484858E+00
HessDelSqRho_EigVec1 = -4.3111571727E-02  9.5223408726E-01 -3.0231049509E-01
HessDelSqRho_EigVec2 =  4.4189113035E-01  2.8955875109E-01  8.4905121081E-01
HessDelSqRho_EigVec3 =  8.9603215417E-01 -9.6984394216E-02 -4.3326713004E-01
</CP of DelSqRho>
<CP of DelSqRho>
CP# = 4       
Type = (3,+1)
Coords = -4.97776208026943E+00  1.46642106546829E+00  3.21990398799599E-01
DistFromNuc =  2.6034070111E+00
Rho =  2.4939629510E-02
DelSqRho =  1.5835379284E-01
GradDelSqRho = -2.6662699826E-15 -2.9954337621E-15  7.4226649133E-15
HessDelSqRho_EigVals = -1.2925680736E-01  2.2690093039E-01  2.2948389138E-01
HessDelSqRho_EigVec1 =  4.4283963571E-01  2.9241971853E-01  8.4757522690E-01
HessDelSqRho_EigVec2 = -1.8926718335E-01  9.5450656933E-01 -2.3042383214E-01
HessDelSqRho_EigVec3 =  8.7639659421E-01  5.8377369987E-02 -4.7803879793E-01
</CP of DelSqRho>
<CP of DelSqRho>
CP# = 5       
Type = (3,-3)
Coords = -2.90253830937237E+00  1.22378246909100E-01 -7.36769139991172E-02
DistFromNuc =  2.2363099342E-01
Rho =  9.2442585414E+00
DelSqRho =  2.8383976624E+02
GradDelSqRho =  1.7763568394E-14 -6.8212102633E-13 -5.9330318436E-13
HessDelSqRho_EigVals = -5.9733263995E+04 -1.4301873648E+02 -4.8240515791E+01
HessDelSqRho_EigVec1 = -3.1806897189E-05  5.1058626034E-01  8.5982653468E-01
HessDelSqRho_EigVec2 =  4.3356772559E-01  7.7481477428E-01 -4.6008813599E-01
HessDelSqRho_EigVec3 =  9.0112098317E-01 -3.7277840107E-01  2.2139836807E-01
</CP of DelSqRho>
<CP of DelSqRho>
CP# = 6       
Type = (3,-3)
Coords = -3.07780916538061E+00  1.02963873313029E-02 -4.05154422565946E-01
DistFromNuc =  2.2365409914E-01
Rho =  9.2431542655E+00
DelSqRho =  2.8370110625E+02
GradDelSqRho =  6.0964566728E-12  2.0161650127E-13  1.0388134797E-11
HessDelSqRho_EigVals = -5.9666560997E+04 -1.3967894856E+02 -4.2936464049E+01
HessDelSqRho_EigVec1 =  7.8331197776E-01 -9.6859339518E-03  6.2155331886E-01
HessDelSqRho_EigVec2 =  4.0947276908E-01  7.6034573311E-01 -5.0418887089E-01
HessDelSqRho_EigVec3 = -4.6771187379E-01  6.4944634022E-01  5.9955404618E-01
</CP of DelSqRho>
<CP of DelSqRho>
CP# = 7       
Type = (3,-1)
Coords = -3.08800117966596E+00  1.27619816077222E-01 -2.28593897181611E-01
DistFromNuc =  2.2354344314E-01
Rho =  9.2601200253E+00
DelSqRho =  2.8339823814E+02
GradDelSqRho = -2.5650592761E-12 -7.4606987255E-13  2.3252511028E-12
HessDelSqRho_EigVals = -5.9855534060E+04 -1.2385146197E+02  2.7352252349E+01
HessDelSqRho_EigVec1 =  8.2877888731E-01 -5.3393323616E-01 -1.6745403928E-01
HessDelSqRho_EigVec2 =  4.0481039851E-01  7.7868737724E-01 -4.7934800487E-01
HessDelSqRho_EigVec3 =  3.8633417814E-01  3.2948636974E-01  8.6150138419E-01
</CP of DelSqRho>
<CP of DelSqRho>
CP# = 8       
Type = (3,+1)
Coords = -2.72706243142002E+00  8.09354603545698E-02 -3.84644463023038E-01
DistFromNuc =  2.2411024514E-01
Rho =  9.2341859692E+00
DelSqRho =  2.7960534111E+02
GradDelSqRho = -1.8589574324E-12 -3.5891289940E-12  2.8235191962E-12
HessDelSqRho_EigVals = -5.8221328297E+04  1.8857434616E+01  1.2726002501E+02
HessDelSqRho_EigVec1 =  7.8355143476E-01  3.2510939153E-01 -5.2948185296E-01
HessDelSqRho_EigVec2 = -4.3029879867E-01  8.9867805291E-01 -8.4974708494E-02
HessDelSqRho_EigVec3 =  4.4820764490E-01  2.9441746001E-01  8.4405465836E-01
</CP of DelSqRho>
<CP of DelSqRho>
CP# = 9       
Type = (3,-1)
Coords = -2.13400071766810E+00  3.83470635984386E-01 -7.96895899986691E-01
DistFromNuc =  1.0067848730E+00
Rho =  2.0009207565E-01
DelSqRho = -8.7104990135E-02
GradDelSqRho =  6.2894134345E-14  3.3306690739E-14 -2.3814283878E-14
HessDelSqRho_EigVals = -2.9053840567E+00 -2.7607489447E-01  1.2623775469E+01
HessDelSqRho_EigVec1 = -4.9512379932E-01  8.6795088505E-01 -3.8906098346E-02
HessDelSqRho_EigVec2 =  4.4283552198E-01  2.9063647929E-01  8.4819050771E-01
HessDelSqRho_EigVec3 =  7.4749523330E-01  4.0273030436E-01 -5.2826052109E-01
</CP of DelSqRho>
<CP of DelSqRho>
CP# = 10      
Type = (3,-1)
Coords = -3.70560350058227E+00  5.80158251658857E-01 -4.12700849601845E-02
DistFromNuc =  1.0110285354E+00
Rho =  2.0400083806E-01
DelSqRho =  1.5092243630E-02
GradDelSqRho = -1.8873791419E-15  2.8865798640E-15 -1.0269562978E-15
HessDelSqRho_EigVals = -3.5271771763E+00 -5.8839442259E-01  1.2322049087E+01
HessDelSqRho_EigVec1 =  4.1385109670E-01  7.7288838151E-01 -4.8101020725E-01
HessDelSqRho_EigVec2 = -4.4367833976E-01 -2.9013527256E-01 -8.4792160867E-01
HessDelSqRho_EigVec3 =  7.9490678736E-01 -5.6432709782E-01 -2.2284103319E-01
</CP of DelSqRho>
<CP of DelSqRho>
CP# = 11      
Type = (3,-1)
Coords = -2.84708838865127E+00 -9.48653819124688E-01  3.77708982681324E-02
DistFromNuc =  1.0054937003E+00
Rho =  2.0207366181E-01
DelSqRho = -8.4375087594E-02
GradDelSqRho = -2.4980018054E-16 -1.8873791419E-15  8.3266726847E-16
HessDelSqRho_EigVals = -3.0220462483E+00 -3.2260628999E-01  1.2818715791E+01
HessDelSqRho_EigVec1 =  8.9536518526E-01 -1.2207498142E-01 -4.2827430921E-01
HessDelSqRho_EigVec2 =  4.4473356503E-01  2.9497527607E-01  8.4569595165E-01
HessDelSqRho_EigVec3 = -2.3092015004E-02  9.4767467277E-01 -3.1840143440E-01
</CP of DelSqRho>
<CP of DelSqRho>
CP# = 12      
Type = (3,-1)
Coords = -2.40041793897750E+00  2.92221482162887E-01  5.92739937092542E-01
DistFromNuc =  1.0345939111E+00
Rho =  1.6096503387E-01
DelSqRho = -7.6384185312E-02
GradDelSqRho =  1.1168843628E-13  2.0011770019E-14  1.8651746814E-13
HessDelSqRho_EigVals = -5.9910120760E-01 -4.4160220952E-01  1.0339986960E+01
HessDelSqRho_EigVec1 =  3.1024405612E-01  8.3277114763E-01 -4.5852027362E-01
HessDelSqRho_EigVec2 = -8.2126121941E-01  4.7771737632E-01  3.1195531387E-01
HessDelSqRho_EigVec3 =  4.7883048685E-01  2.7978263713E-01  8.3213162470E-01
</CP of DelSqRho>
<CP of DelSqRho>
CP# = 13      
Type = (3,-1)
Coords = -3.31634111666897E+00 -3.09419715329658E-01 -1.16140011018974E+00
DistFromNuc =  1.0362134281E+00
Rho =  1.6010463892E-01
DelSqRho = -7.3713451301E-02
GradDelSqRho =  9.1737728525E-13 -4.8806791941E-13  2.3492319201E-13
HessDelSqRho_EigVals = -5.9727192547E-01 -4.4245582408E-01  1.0204139919E+01
HessDelSqRho_EigVec1 =  3.0199026728E-01  8.4666327993E-01 -4.3813601642E-01
HessDelSqRho_EigVec2 = -8.6235232182E-01  4.3853618656E-01  2.5305036283E-01
HessDelSqRho_EigVec3 =  4.0638694801E-01  3.0140886433E-01  8.6255570544E-01
</CP of DelSqRho>
<CP of DelSqRho>
CP# = 14      
Type = (3,+1)
Coords = -2.92026810899728E+00  5.59082619278448E-01  5.93041649908235E-01
DistFromNuc =  1.0206200184E+00
Rho =  1.8062492101E-01
DelSqRho = -1.0094695582E-01
GradDelSqRho = -1.8041124150E-16  1.8873791419E-15 -3.3306690739E-16
HessDelSqRho_EigVals = -1.7672126061E+00  3.6697331413E-01  1.1735405261E+01
HessDelSqRho_EigVec1 =  4.0752492764E-01  7.7303960868E-01 -4.8614112844E-01
HessDelSqRho_EigVec2 = -9.1231765269E-01  3.2133026979E-01 -2.5381756894E-01
HessDelSqRho_EigVec3 = -3.9999174208E-02  5.4695211959E-01  8.3620777618E-01
</CP of DelSqRho>
<CP of DelSqRho>
CP# = 15      
Type = (3,+1)
Coords = -2.50913910505063E+00 -4.68054698474652E-01  5.42009372606705E-01
DistFromNuc =  1.0171726975E+00
Rho =  1.8344423806E-01
DelSqRho = -1.2518691325E-01
GradDelSqRho = -2.2642998587E-13  3.6093350531E-13 -6.1178839772E-13
HessDelSqRho_EigVals = -1.8929080206E+00  3.2305727909E-01  1.2005230205E+01
HessDelSqRho_EigVec1 =  8.6814342977E-01 -1.3214656577E-01 -4.7839760712E-01
HessDelSqRho_EigVec2 =  3.3899319716E-01  8.6191140299E-01  3.7708400348E-01
HessDelSqRho_EigVec3 =  3.6250599667E-01 -4.8953653444E-01  7.9305950837E-01
</CP of DelSqRho>
<CP of DelSqRho>
CP# = 16      
Type = (3,+1)
Coords = -2.62944845527814E+00  5.22460562661082E-02 -1.24592390111630E+00
DistFromNuc =  1.0182811534E+00
Rho =  1.8272414483E-01
DelSqRho = -1.1949146231E-01
GradDelSqRho = -9.7144514655E-16  2.7755575616E-17  8.2156503822E-15
HessDelSqRho_EigVals = -1.9139634002E+00  2.8436409268E-01  1.1860993934E+01
HessDelSqRho_EigVec1 = -5.1246396783E-01  8.5430672599E-01 -8.6837201796E-02
HessDelSqRho_EigVec2 =  8.1120419741E-01  5.1480099211E-01  2.7735841187E-01
HessDelSqRho_EigVec3 = -2.8165303440E-01 -7.1693489668E-02  9.5683416105E-01
</CP of DelSqRho>
<CP of DelSqRho>
CP# = 17      
Type = (3,+1)
Coords = -2.01461236252062E+00  4.56229221324400E-01 -5.16283607667958E-02
DistFromNuc =  1.0175509069E+00
Rho =  1.8282004581E-01
DelSqRho = -1.2114658803E-01
GradDelSqRho =  2.8310687128E-15  1.9706458687E-15  1.6063539388E-15
HessDelSqRho_EigVals = -1.9015805202E+00  2.8931439885E-01  1.1934580432E+01
HessDelSqRho_EigVec1 = -4.6614052648E-01  8.8471024481E-01  8.9011873138E-04
HessDelSqRho_EigVec2 = -1.6329280542E-01 -8.7025263747E-02  9.8273193861E-01
HessDelSqRho_EigVec3 =  8.6951047681E-01  4.5794583326E-01  1.8503282012E-01
</CP of DelSqRho>
<CP of DelSqRho>
CP# = 18      
Type = (3,+1)
Coords = -3.14524437977804E+00 -8.94352883570229E-01 -6.69123172590235E-01
DistFromNuc =  1.0178434297E+00
Rho =  1.8349883481E-01
DelSqRho = -1.2452212876E-01
GradDelSqRho = -6.1062266354E-16 -4.2188474936E-15 -9.9920072216E-16
HessDelSqRho_EigVals = -1.9046186602E+00  3.2324587067E-01  1.1938225684E+01
HessDelSqRho_EigVec1 =  9.2065332004E-01 -9.9153141110E-02 -3.7757928824E-01
HessDelSqRho_EigVec2 =  3.0256589293E-01 -4.2993875255E-01  8.5065066243E-01
HessDelSqRho_EigVec3 =  2.4668065334E-01  8.9739697106E-01  3.6582418128E-01
</CP of DelSqRho>
<CP of DelSqRho>
CP# = 19      
Type = (3,+1)
Coords = -3.70558991342217E+00  5.24545724005459E-02 -8.95377757817499E-01
DistFromNuc =  1.0211053539E+00
Rho =  1.8039618615E-01
DelSqRho = -9.9265320970E-02
GradDelSqRho =  8.8817841970E-16 -1.6653345369E-16  4.1633363423E-16
HessDelSqRho_EigVals = -1.7802666035E+00  3.6865520138E-01  1.1683560523E+01
HessDelSqRho_EigVec1 =  4.1370453638E-01  7.7652558104E-01 -4.7524370440E-01
HessDelSqRho_EigVec2 = -4.3723628478E-01  6.2733564864E-01  6.4441788865E-01
HessDelSqRho_EigVec3 =  7.9854429298E-01 -5.8804812176E-02  5.9905676377E-01
</CP of DelSqRho>
<CP of DelSqRho>
CP# = 20      
Type = (3,+3)
Coords = -2.93443442231229E+00  9.75504330748161E-01 -5.80056610157626E-01
DistFromNuc =  1.0174667205E+00
Rho =  3.3067494630E-01
DelSqRho = -1.1329768098E+00
GradDelSqRho =  2.2620794127E-15 -2.2759572005E-15  8.3266726847E-16
HessDelSqRho_EigVals =  4.7087664591E+00  6.8393690642E+00  9.4282391357E+00
HessDelSqRho_EigVec1 =  4.4334656427E-01  2.9011358658E-01  8.4810254736E-01
HessDelSqRho_EigVec2 =  8.9330589726E-01 -2.2092271540E-01 -3.9140481314E-01
HessDelSqRho_EigVec3 =  7.3813263558E-02  9.3114298618E-01 -3.5710550460E-01
</CP of DelSqRho>
<CP of DelSqRho>
CP# = 21      
Type = (3,+3)
Coords = -2.11520397670990E+00 -5.56561544622323E-01 -4.82141854577690E-01
DistFromNuc =  9.9294311115E-01
Rho =  2.4329635023E-01
DelSqRho = -7.3010868607E-01
GradDelSqRho = -1.1102230246E-14  1.2212453271E-15 -1.1032841307E-14
HessDelSqRho_EigVals =  2.2554365948E+00  3.1990856557E+00  1.5777780973E+01
HessDelSqRho_EigVec1 =  4.4349557522E-01  2.9417349680E-01  8.4662484522E-01
HessDelSqRho_EigVec2 =  4.1342110494E-01  7.7096691123E-01 -4.8445124810E-01
HessDelSqRho_EigVec3 =  7.9523245957E-01 -5.6486456392E-01 -2.2030288168E-01
</CP of DelSqRho>
<CP of DelSqRho>
CP# = 22      
Type = (3,+3)
Coords = -3.66185683587300E+00 -3.96157680710756E-01  2.71346186806466E-01
DistFromNuc =  1.0141644549E+00
Rho =  3.3312086368E-01
DelSqRho = -1.1465053769E+00
GradDelSqRho =  1.4568346529E-12  7.9497519678E-13 -1.0387801730E-12
HessDelSqRho_EigVals =  4.7416126795E+00  6.9450039645E+00  9.6119749780E+00
HessDelSqRho_EigVec1 =  4.4288692854E-01  2.8973840133E-01  8.4847087594E-01
HessDelSqRho_EigVec2 = -5.4647367350E-01  8.3747596097E-01 -7.3414340130E-04
HessDelSqRho_EigVec3 =  7.1078667172E-01  4.6334185392E-01 -5.2924156461E-01
</CP of DelSqRho>
<CP of DelSqRho>
CP# = 23      
Type = (3,-1)
Coords = -2.01649637261799E+00  7.62821194403686E-01  8.01872338438087E-01
DistFromNuc =  1.5796014254E+00
Rho =  6.8281510321E-02
DelSqRho =  1.2330522982E-01
GradDelSqRho = -1.9916056651E-13 -7.0255867096E-14 -1.7870340624E-13
HessDelSqRho_EigVals = -1.2624285256E+00 -5.1845709419E-02  5.0826628506E-02
HessDelSqRho_EigVec1 =  5.6386583990E-01  4.0422711059E-01  7.2017758759E-01
HessDelSqRho_EigVec2 = -3.2918866372E-01  9.0976675481E-01 -2.5290171118E-01
HessDelSqRho_EigVec3 = -7.5742335472E-01 -9.4471661910E-02  6.4605337769E-01
</CP of DelSqRho>
<CP of DelSqRho>
CP# = 24      
Type = (3,+1)
Coords = -3.46278226368975E+00  4.67763928295575E-01 -1.77640037749760E+00
DistFromNuc =  1.6751574701E+00
Rho =  7.9100296925E-02
DelSqRho =  1.1810804854E-01
GradDelSqRho =  7.5460471205E-17 -3.6602665343E-16  9.7144514655E-17
HessDelSqRho_EigVals = -1.0981023138E+00  7.1256218732E-02  1.0595777958E-01
HessDelSqRho_EigVec1 =  3.6511206384E-01 -3.1829379364E-02  9.3041929873E-01
HessDelSqRho_EigVec2 = -3.1385521644E-01  9.3669948409E-01  1.5520624868E-01
HessDelSqRho_EigVec3 =  8.7646339567E-01  3.4868462416E-01 -3.3201046509E-01
</CP of DelSqRho>
<CP of DelSqRho>
CP# = 25      
Type = (3,+1)
Coords = -4.15093986097545E+00 -8.53745654933680E-01 -9.71207353605044E-01
DistFromNuc =  1.6728312808E+00
Rho =  7.8697682454E-02
DelSqRho =  1.1739284837E-01
GradDelSqRho =  1.2490009027E-16  6.2450045135E-17  9.3675067703E-17
HessDelSqRho_EigVals = -1.1034154939E+00  6.8953522776E-02  1.0842149098E-01
HessDelSqRho_EigVec1 =  6.2746339825E-01  4.7063098319E-01  6.2031940283E-01
HessDelSqRho_EigVec2 = -7.5680105988E-01  1.8123051887E-01  6.2801883316E-01
HessDelSqRho_EigVec3 = -1.8314431367E-01  8.6351721274E-01 -4.6988954412E-01
</CP of DelSqRho>
<CP of DelSqRho>
CP# = 26      
Type = (3,+1)
Coords = -2.90819849697692E+00 -2.87506955631648E-02  1.40573958762476E+00
DistFromNuc =  1.6721464962E+00
Rho =  7.8839784667E-02
DelSqRho =  1.1798209199E-01
GradDelSqRho = -2.4286128664E-17 -1.5395670849E-17 -1.6653345369E-16
HessDelSqRho_EigVals = -1.1105611027E+00  7.1066203847E-02  1.1037576326E-01
HessDelSqRho_EigVec1 =  2.0700524577E-01  8.3936906679E-02  9.7473248839E-01
HessDelSqRho_EigVec2 =  9.7833231744E-01 -2.1665071035E-02 -2.0590410719E-01
HessDelSqRho_EigVec3 =  3.8346947716E-03  9.9623552456E-01 -8.6602971784E-02
</CP of DelSqRho>
<CP of DelSqRho>
CP# = 27      
Type = (3,-1)
Coords = -3.35235693958166E+00 -1.19653910199021E-01 -1.77490602016899E+00
DistFromNuc =  1.5796663950E+00
Rho =  6.8273883682E-02
DelSqRho =  1.2231379332E-01
GradDelSqRho =  8.9641835621E-16  5.5272626753E-16  1.2012960071E-15
HessDelSqRho_EigVals = -1.2517023816E+00 -5.0797342598E-02  5.0210393777E-02
HessDelSqRho_EigVec1 =  2.9645928731E-01  1.6461702641E-01  9.4075136226E-01
HessDelSqRho_EigVec2 =  2.4428301212E-01 -9.6533580949E-01  9.1937940499E-02
HessDelSqRho_EigVec3 =  9.2327552819E-01  2.0255372011E-01 -3.2639590915E-01
</CP of DelSqRho>
<CP of DelSqRho>
CP# = 28      
Type = (3,-1)
Coords = -3.69568230452213E+00 -8.26210258165515E-01 -1.35115301740030E+00
DistFromNuc =  1.5819777127E+00
Rho =  6.8292088693E-02
DelSqRho =  1.2134414905E-01
GradDelSqRho =  4.2324650729E-13  9.8649560742E-13  1.0128148320E-12
HessDelSqRho_EigVals = -1.2441116850E+00 -4.8728914846E-02  5.2215870972E-02
HessDelSqRho_EigVec1 =  4.5250808502E-01  4.9084219965E-01  7.4452022674E-01
HessDelSqRho_EigVec2 =  8.3175119373E-01  6.8781043035E-02 -5.5087123709E-01
HessDelSqRho_EigVec3 = -3.2159972749E-01  8.6852927594E-01 -3.7713460742E-01
</CP of DelSqRho>
<CP of DelSqRho>
CP# = 29      
Type = (3,-1)
Coords = -2.34703675468755E+00  6.61528801023438E-02  1.21279204233314E+00
DistFromNuc =  1.5808068394E+00
Rho =  6.8293651064E-02
DelSqRho =  1.2216224815E-01
GradDelSqRho = -2.9767854848E-14  1.2317837722E-14 -3.5499381212E-14
HessDelSqRho_EigVals = -1.2563634610E+00 -5.0169542245E-02  5.3266263500E-02
HessDelSqRho_EigVec1 =  4.1308520162E-01  8.2579625653E-02  9.0694058330E-01
HessDelSqRho_EigVec2 =  9.0099315346E-01  1.0790035097E-01 -4.2020096582E-01
HessDelSqRho_EigVec3 = -1.3255924570E-01  9.9072605683E-01 -2.9831639094E-02
</CP of DelSqRho>
<CP of DelSqRho>
CP# = 30      
Type = (3,+1)
Coords = -2.23593974904008E+00  1.28140323192524E+00  5.95176137405822E-01
DistFromNuc =  1.6754590619E+00
Rho =  7.9180977132E-02
DelSqRho =  1.1899416805E-01
GradDelSqRho = -1.0278236595E-16  1.2923689896E-16 -3.3827107782E-17
HessDelSqRho_EigVals = -1.1038561633E+00  7.1982880010E-02  1.0759688127E-01
HessDelSqRho_EigVec1 =  4.6178762770E-01  5.7932317892E-01  6.7166721021E-01
HessDelSqRho_EigVec2 =  5.4812978509E-01 -7.8173210196E-01  2.9740319343E-01
HessDelSqRho_EigVec3 =  6.9735638349E-01  2.3082368842E-01 -6.7853850242E-01
</CP of DelSqRho>
<CP of DelSqRho>
CP# = 31      
Type = (3,-1)
Coords = -4.42407570749389E+00 -9.22999209213764E-01 -6.68192349977674E-01
DistFromNuc =  1.8285094842E+00
Rho =  9.0976134669E-02
DelSqRho =  1.2097542804E-01
GradDelSqRho =  2.3245294578E-16  8.6736173799E-17  2.1510571102E-16
HessDelSqRho_EigVals = -9.2155538400E-01 -1.4143090304E-01  1.3208782175E-01
HessDelSqRho_EigVec1 =  4.5376480416E-01  3.5009027685E-01  8.1947196448E-01
HessDelSqRho_EigVec2 =  7.4925478632E-01  3.4793199493E-01 -5.6352514769E-01
HessDelSqRho_EigVec3 = -4.8240519035E-01  8.6970116992E-01 -1.0442752203E-01
</CP of DelSqRho>
<CP of DelSqRho>
CP# = 32      
Type = (3,-1)
Coords = -3.47117987735578E+00  8.55793837626377E-01 -1.77775856283910E+00
DistFromNuc =  1.8239838445E+00
Rho =  9.0802494775E-02
DelSqRho =  1.2116955179E-01
GradDelSqRho = -9.6277152917E-17  1.0234868508E-16  3.4694469520E-17
HessDelSqRho_EigVals = -9.1957818874E-01 -1.3758234022E-01  1.2979022992E-01
HessDelSqRho_EigVec1 =  3.9552257088E-01  2.4001117054E-01  8.8654189633E-01
HessDelSqRho_EigVec2 = -4.4547235323E-02  9.6912924011E-01 -2.4249548406E-01
HessDelSqRho_EigVec3 =  9.1737529929E-01 -5.6419446801E-02 -3.9400432265E-01
</CP of DelSqRho>
<CP of DelSqRho>
CP# = 33      
Type = (3,-1)
Coords = -2.33795526320192E+00  1.60441301286023E+00  4.12769565316048E-01
DistFromNuc =  1.8241306272E+00
Rho =  9.0679706244E-02
DelSqRho =  1.2199732204E-01
GradDelSqRho =  7.9082573823E-14  1.2797748972E-13  1.3643513402E-13
HessDelSqRho_EigVals = -9.2388304342E-01 -1.3574036170E-01  1.3134902998E-01
HessDelSqRho_EigVec1 =  4.8020099645E-01  3.3621635106E-01  8.1016391446E-01
HessDelSqRho_EigVec2 = -9.2693179372E-02  9.3790224953E-01 -3.3428632163E-01
HessDelSqRho_EigVec3 =  8.7224708512E-01 -8.5427955706E-02 -4.8154655733E-01
</CP of DelSqRho>
<CP of DelSqRho>
CP# = 34      
Type = (3,-3)
Coords = -4.12374705768632E+00  9.10643389001508E-01  6.37428426598602E-02
DistFromNuc =  1.5536771751E+00
Rho =  9.0031291591E-02
DelSqRho =  2.7435200756E-01
GradDelSqRho = -6.6266436782E-16  4.3021142204E-16  1.8908485888E-16
HessDelSqRho_EigVals = -1.6577152317E+00 -2.3191953482E-01 -7.2364530273E-02
HessDelSqRho_EigVec1 =  8.0746866092E-01 -5.4040674982E-01 -2.3654789446E-01
HessDelSqRho_EigVec2 =  4.4442744404E-01  2.9359781722E-01  8.4633596680E-01
HessDelSqRho_EigVec3 = -3.8791572360E-01 -7.8851814593E-01  4.7724262689E-01
</CP of DelSqRho>
<CP of DelSqRho>
CP# = 35      
Type = (3,-1)
Coords = -3.27964414468336E+00 -1.66492584414832E-01  1.51371253947536E+00
DistFromNuc =  1.8275467488E+00
Rho =  9.0979106017E-02
DelSqRho =  1.2155315069E-01
GradDelSqRho = -3.1225022568E-17 -1.4831885720E-16  5.5511151231E-17
HessDelSqRho_EigVals = -9.2711961527E-01 -1.4161011820E-01  1.3406946729E-01
HessDelSqRho_EigVec1 =  4.3391723829E-01  2.3688386005E-01  8.6925362649E-01
HessDelSqRho_EigVec2 =  7.8566552651E-01  3.7272759688E-01 -4.9376494305E-01
HessDelSqRho_EigVec3 = -4.4095976095E-01  8.9719572857E-01 -2.4378553154E-02
</CP of DelSqRho>
<CP of DelSqRho>
CP# = 36      
Type = (3,-1)
Coords = -4.34022967437555E+00  6.13401280595792E-01  2.80398090993529E-01
DistFromNuc =  1.6526153149E+00
Rho =  9.2227089233E-02
DelSqRho =  2.7141725694E-01
GradDelSqRho = -6.8579950746E-12  6.6953387279E-12  1.2754302822E-12
HessDelSqRho_EigVals = -1.5094676958E+00 -2.4464092338E-01  7.3101440356E-02
HessDelSqRho_EigVec1 = -6.5683383450E-01  7.4905528164E-01  8.6518777775E-02
HessDelSqRho_EigVec2 =  4.4432361208E-01  2.9178611020E-01  8.4701676113E-01
HessDelSqRho_EigVec3 = -6.0921740094E-01 -5.9479160296E-01  5.2447793800E-01
</CP of DelSqRho>
<CP of DelSqRho>
CP# = 37      
Type = (3,+1)
Coords = -9.41870673931614E-01 -6.54172880173590E-01  7.41451079177647E-01
DistFromNuc =  2.3018971819E+00
Rho =  4.1516468561E-02
DelSqRho =  6.2348367158E-02
GradDelSqRho =  3.1615335350E-15 -4.2830322622E-15  3.0267455209E-14
HessDelSqRho_EigVals = -1.9982328538E-01  2.8057884534E-02  1.5438292346E-01
HessDelSqRho_EigVec1 =  2.4636607775E-01  2.9263055319E-01  9.2394324234E-01
HessDelSqRho_EigVec2 =  4.2664730083E-01  8.2323885921E-01 -3.7449948114E-01
HessDelSqRho_EigVec3 =  8.7021597114E-01 -4.8646185876E-01 -7.7968093140E-02
</CP of DelSqRho>
<CP of DelSqRho>
CP# = 38      
Type = (3,+1)
Coords = -2.33851804588084E+00 -1.62437944244692E+00 -1.77536079799910E+00
DistFromNuc =  2.2939056510E+00
Rho =  4.1980768943E-02
DelSqRho =  6.2775082222E-02
GradDelSqRho = -1.0408340856E-17  6.2016364266E-17  3.8163916471E-17
HessDelSqRho_EigVals = -1.9989882850E-01  2.1259868572E-02  1.6051472842E-01
HessDelSqRho_EigVec1 =  6.4756247731E-01  3.2466878147E-01  6.8938597340E-01
HessDelSqRho_EigVec2 =  2.6780729597E-01  7.5001266193E-01 -6.0478116635E-01
HessDelSqRho_EigVec3 = -7.1340177334E-01  5.7625618373E-01  3.9873138893E-01
</CP of DelSqRho>
<CP of DelSqRho>
CP# = 39      
Type = (3,-1)
Coords = -7.21224433584000E-01  1.11232583735044E-01 -1.19375155713743E+00
DistFromNuc =  2.3728364926E+00
Rho =  4.0662358721E-02
DelSqRho =  8.5082803966E-02
GradDelSqRho =  1.7101164235E-13 -9.5715102510E-14 -2.3535383711E-13
HessDelSqRho_EigVals = -2.3882084721E-01 -1.4588198403E-02  2.2338746160E-01
HessDelSqRho_EigVec1 =  4.7976585752E-01  7.8165285517E-01 -3.9855179835E-01
HessDelSqRho_EigVec2 =  3.7410467345E-01  2.2864298423E-01  8.9875918859E-01
HessDelSqRho_EigVec3 =  7.9364375841E-01 -5.8029406319E-01 -1.8272488874E-01
</CP of DelSqRho>
<CP of DelSqRho>
CP# = 40      
Type = (3,-1)
Coords = -4.02912921319998E+00  1.18509099717353E+00 -8.04632655206204E-02
DistFromNuc =  1.6395574386E+00
Rho =  9.1935656791E-02
DelSqRho =  2.7298847500E-01
GradDelSqRho = -1.6889319804E-12  8.7471002663E-13  6.2032497194E-13
HessDelSqRho_EigVals = -1.5274369144E+00 -2.4522451123E-01  6.0978124015E-02
HessDelSqRho_EigVec1 =  8.7537882641E-01 -3.4546334113E-01 -3.3818188925E-01
HessDelSqRho_EigVec2 =  4.4280200290E-01  2.9223602055E-01  8.4765824158E-01
HessDelSqRho_EigVec3 =  1.9400591874E-01  8.9176969461E-01 -4.0878908408E-01
</CP of DelSqRho>
<Path of -GradDelSqRho>
Starting CP# =      2
Ending CP# =     22
Number of Points =     12
 -3.8875095741E+00 -5.1087659262E-01  4.3008620615E-01  3.2182515819E-01 -1.0494335942E+00
 -3.8687452602E+00 -5.0104043678E-01  4.1681403432E-01  3.2200637371E-01 -1.0507358571E+00
 -3.8499739347E+00 -4.9121735629E-01  4.0354209361E-01  3.2233958010E-01 -1.0546004212E+00
 -3.8311949312E+00 -4.8140875893E-01  3.9027030319E-01  3.2282281777E-01 -1.0608832778E+00
 -3.8124072840E+00 -4.7161665346E-01  3.7699856827E-01  3.2345289168E-01 -1.0693323364E+00
 -3.7936096107E+00 -4.6184389667E-01  3.6372676899E-01  3.2422554336E-01 -1.0795863577E+00
 -3.7747999073E+00 -4.5209462451E-01  3.5045474280E-01  3.2513570024E-01 -1.0911730683E+00
 -3.7559751722E+00 -4.4237504437E-01  3.3718225273E-01  3.2617780658E-01 -1.1035057825E+00
 -3.7371306607E+00 -4.3269501869E-01  3.2390892364E-01  3.2734624270E-01 -1.1158773047E+00
 -3.7182582135E+00 -4.2307165306E-01  3.1063409488E-01  3.2863584284E-01 -1.1274489848E+00
 -3.6993417304E+00 -4.1353917833E-01  2.9735640135E-01  3.3004252643E-01 -1.1372314146E+00
 -3.6618568359E+00 -3.9615768071E-01  2.7134618681E-01  3.3312086368E-01 -1.1465053769E+00
</Path of -GradDelSqRho>
<Path of -GradDelSqRho>
Starting CP# =      2
Ending CP# =      0
Number of Points =    400
 -3.8875095741E+00 -5.1087659262E-01  4.3008620615E-01  3.2182515819E-01 -1.0494335942E+00
 -3.9062674257E+00 -5.2072466238E-01  4.4335867802E-01  3.2179655948E-01 -1.0507301508E+00
 -3.9250189331E+00 -5.3058429765E-01  4.5663152805E-01  3.2191984621E-01 -1.0545548189E+00
 -3.9437641531E+00 -5.4045526391E-01  4.6990483728E-01  3.2219297546E-01 -1.0607296295E+00
 -3.9625029466E+00 -5.5033768053E-01  4.8317870049E-01  3.2261271308E-01 -1.0689689406E+00
 -3.9812349400E+00 -5.6023207814E-01  4.9645323645E-01  3.2317482765E-01 -1.0788784414E+00
 -3.9999594417E+00 -5.7013953079E-01  5.0972860446E-01  3.2387436139E-01 -1.0899531567E+00
 -4.0186752744E+00 -5.8006192930E-01  5.2300503415E-01  3.2470598224E-01 -1.1015736791E+00
 -4.0373804143E+00 -5.9000256958E-01  5.3628288654E-01  3.2566442363E-01 -1.1129992606E+00
 -4.0560711117E+00 -5.9996758779E-01  5.4956280170E-01  3.2674502113E-01 -1.1233554283E+00
 -4.0747391743E+00 -6.0997036963E-01  5.6284615655E-01  3.2794435873E-01 -1.1316122910E+00
 -4.0933581166E+00 -6.2005375757E-01  5.7613744170E-01  3.2926102855E-01 -1.1365474996E+00
 -4.1025400260E+00 -6.2529677652E-01  5.8280653060E-01  3.2996350467E-01 -1.1373205030E+00
 -4.1025400411E+00 -6.2529678670E-01  5.8280650159E-01  3.2996350467E-01 -1.1373205030E+00
 -4.1025400411E+00 -6.2529678670E-01  5.8280650159E-01  3.2996350467E-01 -1.1373205030E+00
 -4.1025400411E+00 -6.2529678670E-01  5.8280650159E-01  3.2996350467E-01 -1.1373205030E+00
 -4.1025400411E+00 -6.2529678670E-01  5.8280650159E-01  3.2996350467E-01 -1.1373205030E+00
 -4.1025400411E+00 -6.2529678670E-01  5.8280650159E-01  3.2996350467E-01 -1.1373205030E+00
 -4.1025400411E+00 -6.2529678670E-01  5.8280650159E-01  3.2996350467E-01 -1.1373205030E+00
 -4.1025400411E+00 -6.2529678670E-01  5.8280650159E-01  3.2996350467E-01 -1.1373205030E+00
 -4.1025400411E+00 -6.2529678670E-01  5.8280650159E-01  3.2996350467E-01 -1.1373205030E+00
 -4.1025400411E+00 -6.2529678670E-01  5.8280650159E-01  3.2996350467E-01 -1.1373205030E+00
 -4.1025400411E+00 -6.2529678670E-01  5.8280650159E-01  3.2996350467E-01 -1.1373205030E+00
 -4.1025400411E+00 -6.2529678670E-01  5.8280650159E-01  3.2996350467E-01 -1.1373205030E+00
 -4.1025400411E+00 -6.2529678670E-01  5.8280650159E-01  3.2996350467E-01 -1.1373205030E+00
 -4.1025400411E+00 -6.2529678670E-01  5.8280650159E-01  3.2996350467E-01 -1.1373205030E+00
 -4.1025400411E+00 -6.2529678670E-01  5.8280650159E-01  3.2996350467E-01 -1.1373205030E+00
 -4.1025400411E+00 -6.2529678670E-01  5.8280650159E-01  3.2996350467E-01 -1.1373205030E+00
 -4.1025400411E+00 -6.2529678670E-01  5.8280650159E-01  3.2996350467E-01 -1.1373205030E+00
 -4.1025400411E+00 -6.2529678670E-01  5.8280650159E-01  3.2996350467E-01 -1.1373205030E+00
 -4.1025400411E+00 -6.2529678670E-01  5.8280650159E-01  3.2996350467E-01 -1.1373205030E+00
 -4.1025400411E+00 -6.2529678670E-01  5.8280650159E-01  3.2996350467E-01 -1.1373205030E+00
 -4.1025400411E+00 -6.2529678670E-01  5.8280650159E-01  3.2996350467E-01 -1.1373205030E+00
 -4.1025400411E+00 -6.2529678670E-01  5.8280650159E-01  3.2996350467E-01 -1.1373205030E+00
 -4.1025400411E+00 -6.2529678670E-01  5.8280650159E-01  3.2996350467E-01 -1.1373205030E+00
 -4.1025400411E+00 -6.2529678670E-01  5.8280650159E-01  3.2996350467E-01 -1.1373205030E+00
 -4.1025400411E+00 -6.2529678670E-01  5.8280650159E-01  3.2996350467E-01 -1.1373205030E+00
 -4.1025400411E+00 -6.2529678670E-01  5.8280650159E-01  3.2996350467E-01 -1.1373205030E+00
 -4.1025400411E+00 -6.2529678670E-01  5.8280650159E-01  3.2996350467E-01 -1.1373205030E+00
 -4.1025400411E+00 -6.2529678670E-01  5.8280650159E-01  3.2996350467E-01 -1.1373205030E+00
 -4.1025400411E+00 -6.2529678670E-01  5.8280650159E-01  3.2996350467E-01 -1.1373205030E+00
 -4.1025400411E+00 -6.2529678670E-01  5.8280650159E-01  3.2996350467E-01 -1.1373205030E+00
 -4.1025400411E+00 -6.2529678670E-01  5.8280650159E-01  3.2996350467E-01 -1.1373205030E+00
 -4.1025400411E+00 -6.2529678670E-01  5.8280650159E-01  3.2996350467E-01 -1.1373205030E+00
 -4.1025400411E+00 -6.2529678670E-01  5.8280650159E-01  3.2996350467E-01 -1.1373205030E+00
 -4.1025400411E+00 -6.2529678670E-01  5.8280650159E-01  3.2996350467E-01 -1.1373205030E+00
 -4.1025400411E+00 -6.2529678670E-01  5.8280650159E-01  3.2996350467E-01 -1.1373205030E+00
 -4.1025400411E+00 -6.2529678670E-01  5.8280650159E-01  3.2996350467E-01 -1.1373205030E+00
 -4.1025400411E+00 -6.2529678670E-01  5.8280650159E-01  3.2996350467E-01 -1.1373205030E+00
 -4.1025400411E+00 -6.2529678670E-01  5.8280650159E-01  3.2996350467E-01 -1.1373205030E+00
 -4.1025400411E+00 -6.2529678670E-01  5.8280650159E-01  3.2996350467E-01 -1.1373205030E+00
 -4.1025400411E+00 -6.2529678670E-01  5.8280650159E-01  3.2996350467E-01 -1.1373205030E+00
 -4.1025400411E+00 -6.2529678670E-01  5.8280650159E-01  3.2996350467E-01 -1.1373205030E+00
 -4.1025400411E+00 -6.2529678670E-01  5.8280650159E-01  3.2996350467E-01 -1.1373205030E+00
 -4.1025400411E+00 -6.2529678670E-01  5.8280650159E-01  3.2996350467E-01 -1.1373205030E+00
 -4.1025400411E+00 -6.2529678670E-01  5.8280650159E-01  3.2996350467E-01 -1.1373205030E+00
 -4.1025400411E+00 -6.2529678670E-01  5.8280650159E-01  3.2996350467E-01 -1.1373205030E+00
 -4.1025400411E+00 -6.2529678670E-01  5.8280650159E-01  3.2996350467E-01 -1.1373205030E+00
 -4.1025400411E+00 -6.2529678670E-01  5.8280650159E-01  3.2996350467E-01 -1.1373205030E+00
 -4.1025400411E+00 -6.2529678670E-01  5.8280650159E-01  3.2996350467E-01 -1.1373205030E+00
 -4.1025400411E+00 -6.2529678670E-01  5.8280650159E-01  3.2996350467E-01 -1.1373205030E+00
 -4.1025400411E+00 -6.2529678670E-01  5.8280650159E-01  3.2996350467E-01 -1.1373205030E+00
 -4.1025400411E+00 -6.2529678670E-01  5.8280650159E-01  3.2996350467E-01 -1.1373205030E+00
 -4.1025400411E+00 -6.2529678670E-01  5.8280650159E-01  3.2996350467E-01 -1.1373205030E+00
 -4.1025400411E+00 -6.2529678670E-01  5.8280650159E-01  3.2996350467E-01 -1.1373205030E+00
 -4.1025400411E+00 -6.2529678670E-01  5.8280650159E-01  3.2996350467E-01 -1.1373205030E+00
 -4.1025400411E+00 -6.2529678670E-01  5.8280650159E-01  3.2996350467E-01 -1.1373205030E+00
 -4.1025400411E+00 -6.2529678670E-01  5.8280650159E-01  3.2996350467E-01 -1.1373205030E+00
 -4.1025400411E+00 -6.2529678670E-01  5.8280650159E-01  3.2996350467E-01 -1.1373205030E+00
 -4.1025400411E+00 -6.2529678670E-01  5.8280650159E-01  3.2996350467E-01 -1.1373205030E+00
 -4.1025400411E+00 -6.2529678670E-01  5.8280650159E-01  3.2996350467E-01 -1.1373205030E+00
 -4.1025400411E+00 -6.2529678670E-01  5.8280650159E-01  3.2996350467E-01 -1.1373205030E+00
 -4.1025400411E+00 -6.2529678670E-01  5.8280650159E-01  3.2996350467E-01 -1.1373205030E+00
 -4.1025400411E+00 -6.2529678670E-01  5.8280650159E-01  3.2996350467E-01 -1.1373205030E+00
 -4.1025400411E+00 -6.2529678670E-01  5.8280650159E-01  3.2996350467E-01 -1.1373205030E+00
 -4.1025400411E+00 -6.2529678670E-01  5.8280650159E-01  3.2996350467E-01 -1.1373205030E+00
 -4.1025400411E+00 -6.2529678670E-01  5.8280650159E-01  3.2996350467E-01 -1.1373205030E+00
 -4.1025400411E+00 -6.2529678670E-01  5.8280650159E-01  3.2996350467E-01 -1.1373205030E+00
 -4.1025400411E+00 -6.2529678670E-01  5.8280650159E-01  3.2996350467E-01 -1.1373205030E+00
 -4.1025400411E+00 -6.2529678670E-01  5.8280650159E-01  3.2996350467E-01 -1.1373205030E+00
 -4.1025400411E+00 -6.2529678670E-01  5.8280650159E-01  3.2996350467E-01 -1.1373205030E+00
 -4.1025400411E+00 -6.2529678670E-01  5.8280650159E-01  3.2996350467E-01 -1.1373205030E+00
 -4.1025400411E+00 -6.2529678670E-01  5.8280650159E-01  3.2996350467E-01 -1.1373205030E+00
 -4.1025400411E+00 -6.2529678670E-01  5.8280650159E-01  3.2996350467E-01 -1.1373205030E+00
 -4.1025400411E+00 -6.2529678670E-01  5.8280650159E-01  3.2996350467E-01 -1.1373205030E+00
 -4.1025400411E+00 -6.2529678670E-01  5.8280650159E-01  3.2996350467E-01 -1.1373205030E+00
 -4.1025400411E+00 -6.2529678670E-01  5.8280650159E-01  3.2996350467E-01 -1.1373205030E+00
 -4.1025400411E+00 -6.2529678670E-01  5.8280650159E-01  3.2996350467E-01 -1.1373205030E+00
 -4.1025400411E+00 -6.2529678670E-01  5.8280650159E-01  3.2996350467E-01 -1.1373205030E+00
 -4.1025400411E+00 -6.2529678670E-01  5.8280650159E-01  3.2996350467E-01 -1.1373205030E+00
 -4.1025400411E+00 -6.2529678670E-01  5.8280650159E-01  3.2996350467E-01 -1.1373205030E+00
 -4.1025400411E+00 -6.2529678670E-01  5.8280650159E-01  3.2996350467E-01 -1.1373205030E+00
 -4.1025400411E+00 -6.2529678670E-01  5.8280650159E-01  3.2996350467E-01 -1.1373205030E+00
 -4.1025400411E+00 -6.2529678670E-01  5.8280650159E-01  3.2996350467E-01 -1.1373205030E+00
 -4.1025400411E+00 -6.2529678670E-01  5.8280650159E-01  3.2996350467E-01 -1.1373205030E+00
 -4.1025400411E+00 -6.2529678670E-01  5.8280650159E-01  3.2996350467E-01 -1.1373205030E+00
 -4.1025400411E+00 -6.2529678670E-01  5.8280650159E-01  3.2996350467E-01 -1.1373205030E+00
 -4.1025400411E+00 -6.2529678670E-01  5.8280650159E-01  3.2996350467E-01 -1.1373205030E+00
 -4.1025400411E+00 -6.2529678670E-01  5.8280650159E-01  3.2996350467E-01 -1.1373205030E+00
 -4.1025400411E+00 -6.2529678670E-01  5.8280650159E-01  3.2996350467E-01 -1.1373205030E+00
 -4.1025400411E+00 -6.2529678670E-01  5.8280650159E-01  3.2996350467E-01 -1.1373205030E+00
 -4.1025400411E+00 -6.2529678670E-01  5.8280650159E-01  3.2996350467E-01 -1.1373205030E+00
 -4.1025400411E+00 -6.2529678670E-01  5.8280650159E-01  3.2996350467E-01 -1.1373205030E+00
 -4.1025400411E+00 -6.2529678670E-01  5.8280650159E-01  3.2996350467E-01 -1.1373205030E+00
 -4.1025400411E+00 -6.2529678670E-01  5.8280650159E-01  3.2996350467E-01 -1.1373205030E+00
 -4.1025400411E+00 -6.2529678670E-01  5.8280650159E-01  3.2996350467E-01 -1.1373205030E+00
 -4.1025400411E+00 -6.2529678670E-01  5.8280650159E-01  3.2996350467E-01 -1.1373205030E+00
 -4.1025400411E+00 -6.2529678670E-01  5.8280650159E-01  3.2996350467E-01 -1.1373205030E+00
 -4.1025400411E+00 -6.2529678670E-01  5.8280650159E-01  3.2996350467E-01 -1.1373205030E+00
 -4.1025400411E+00 -6.2529678670E-01  5.8280650159E-01  3.2996350467E-01 -1.1373205030E+00
 -4.1025400411E+00 -6.2529678670E-01  5.8280650159E-01  3.2996350467E-01 -1.1373205030E+00
 -4.1025400411E+00 -6.2529678670E-01  5.8280650159E-01  3.2996350467E-01 -1.1373205030E+00
 -4.1025400411E+00 -6.2529678670E-01  5.8280650159E-01  3.2996350467E-01 -1.1373205030E+00
 -4.1025400411E+00 -6.2529678670E-01  5.8280650159E-01  3.2996350467E-01 -1.1373205030E+00
 -4.1025400411E+00 -6.2529678670E-01  5.8280650159E-01  3.2996350467E-01 -1.1373205030E+00
 -4.1025400411E+00 -6.2529678670E-01  5.8280650159E-01  3.2996350467E-01 -1.1373205030E+00
 -4.1025400411E+00 -6.2529678670E-01  5.8280650159E-01  3.2996350467E-01 -1.1373205030E+00
 -4.1025400411E+00 -6.2529678670E-01  5.8280650159E-01  3.2996350467E-01 -1.1373205030E+00
 -4.1025400411E+00 -6.2529678670E-01  5.8280650159E-01  3.2996350467E-01 -1.1373205030E+00
 -4.1025400411E+00 -6.2529678670E-01  5.8280650159E-01  3.2996350467E-01 -1.1373205030E+00
 -4.1025400411E+00 -6.2529678670E-01  5.8280650159E-01  3.2996350467E-01 -1.1373205030E+00
