 AIMInt (Version 19.10.12, Professional)
 Portions Copyright (c) 1997-2019 by Todd A. Keith
 AIMInt is a component of the AIMAll package ( http://aim.tkgristmill.com )

 TP:  64-bit Mac OS X

 AIMInt is a heavily modified and extended version of the PROAIMV program
 developed by members of R.F.W. Bader's research group

 Much of the Quantum Theory of Atoms in Molecules (QTAIM) is described in the book:
   "Atoms in Molecules - A Quantum Theory"
   R.F.W. Bader, Oxford University Press, Oxford, 1990

 For additional references see:  http://aim.tkgristmill.com/references.html

 Current Directory:  /Users/chemlab/Documents/SubstituentCoding/HanschLeoTaftSubstituents/QTAIM

 Inp File:  SubH_AsO-C6H5-2_wb97xd_aug-cc-pvtz_atomicfiles/c5.inp
 Wfx File:  SubH_AsO-C6H5-2_wb97xd_aug-cc-pvtz.wfx
 Out File:  SubH_AsO-C6H5-2_wb97xd_aug-cc-pvtz_atomicfiles/c5.int

 Wfx Title:   Title Card Required                                                           
 Job Title:   Title Card Required                                                           
 
<Atom>
C5      
</Atom>
<Nuclei of Molecule>
    25
As1       33.0          -5.3208027851E-02  -2.1440785859E+00  -1.0041145093E+00
H2         1.0           2.5355490096E-02  -2.2637913563E+00  -3.8679903787E+00
C3         6.0          -2.9027381812E+00   8.2426052836E-03  -2.6598873521E-01
C4         6.0          -4.8685685882E+00  -1.0294145350E+00   1.1253035154E+00
C5         6.0          -3.0098287713E+00   2.5072140174E+00  -1.0634474101E+00
C6         6.0          -6.9573376848E+00   4.4240606348E-01   1.7108104053E+00
H7         1.0          -4.7375792618E+00  -2.9748575537E+00   1.7448002278E+00
C8         6.0          -5.1007412639E+00   3.9686312833E+00  -4.7560734623E-01
H9         1.0          -1.4651528530E+00   3.3313815952E+00  -2.1234119422E+00
C10        6.0          -7.0733082177E+00   2.9337792338E+00   9.0939439492E-01
H11        1.0          -8.4927168011E+00  -3.5756130114E-01   2.7961476405E+00
H12        1.0          -5.1899011308E+00   5.9154152008E+00  -1.0901484378E+00
H13        1.0          -8.7028420811E+00   4.0784313649E+00   1.3691175077E+00
C14        6.0           2.9427084266E+00  -2.3629237246E-01  -2.1091324461E-01
C15        6.0           3.9242876386E+00   1.5282973486E+00  -1.8873568369E+00
C16        6.0           4.0957902706E+00  -6.4531044984E-01   2.1103199193E+00
C17        6.0           6.0515128812E+00   2.9087375100E+00  -1.2288899221E+00
H18        1.0           3.0546283623E+00   1.8193594109E+00  -3.7181850606E+00
C19        6.0           6.2240459142E+00   7.3621681630E-01   2.7597292293E+00
H20        1.0           3.3383557438E+00  -2.0591353464E+00   3.3799726920E+00
C21        6.0           7.1951015438E+00   2.5143928661E+00   1.0960672880E+00
H22        1.0           6.8227871455E+00   4.2797321806E+00  -2.5330442535E+00
H23        1.0           7.1309203250E+00   4.1938786511E-01   4.5630946304E+00
H24        1.0           8.8577836245E+00   3.5871793707E+00   1.6069009621E+00
O25        8.0          -2.5141468137E-01  -4.8552938024E+00   4.4149970960E-01
</Nuclei of Molecule>
<Total Number of CPs of DelSqRho>
    37
</Total Number of CPs of DelSqRho>
<Number of (3,+3) CPs of DelSqRho>
     4
</Number of (3,+3) CPs of DelSqRho>
<Number of (3,+1) CPs of DelSqRho>
    14
</Number of (3,+1) CPs of DelSqRho>
<Number of (3,-1) CPs of DelSqRho>
    14
</Number of (3,-1) CPs of DelSqRho>
<Number of (3,-3) CPs of DelSqRho>
     5
</Number of (3,-3) CPs of DelSqRho>
<Number of Degenerate CPs of DelSqRho>
     0
</Number of Degenerate CPs of DelSqRho>
<CP of DelSqRho>
CP# = 1       
Type = (3,+3)
Coords = -3.00982872482857E+00  2.50721399971199E+00 -1.06344743297364E+00
DistFromNuc =  5.4690565172E-08
Rho =  1.2110998640E+02
DelSqRho = -7.4602632004E+05
GradDelSqRho =  3.2280556752E-06  2.7602109185E-06 -4.8227207117E-08
HessDelSqRho_EigVals =  1.5982887313E+10  1.5982889502E+10  1.5982890540E+10
HessDelSqRho_EigVec1 =  4.3791735726E-01  2.8857923745E-01  8.5144019868E-01
HessDelSqRho_EigVec2 =  7.5972669349E-01  3.8757887310E-01 -5.2210915364E-01
HessDelSqRho_EigVec3 = -4.8067009414E-01  8.7550250761E-01 -4.9513834036E-02
</CP of DelSqRho>
<CP of DelSqRho>
CP# = 2       
Type = (3,+1)
Coords = -4.05626068000618E+00  3.24266628357732E+00 -7.70866846936000E-01
DistFromNuc =  1.3120644654E+00
Rho =  3.2443834402E-01
DelSqRho = -1.0757199564E+00
GradDelSqRho =  5.6205040622E-16 -7.7715611724E-16 -5.5511151231E-16
HessDelSqRho_EigVals = -4.1096173275E+00  5.5371050271E+00  7.5866820157E+00
HessDelSqRho_EigVec1 =  7.9840094044E-01 -5.5863144580E-01 -2.2469278153E-01
HessDelSqRho_EigVec2 = -4.4073890525E-01 -2.8794051863E-01 -8.5019966780E-01
HessDelSqRho_EigVec3 =  4.1025011359E-01  7.7783106488E-01 -4.7610259273E-01
</CP of DelSqRho>
<CP of DelSqRho>
CP# = 3       
Type = (3,+1)
Coords = -2.02871362230371E+00  3.02677576388233E+00 -1.73636439223548E+00
DistFromNuc =  1.2982097707E+00
Rho =  2.9291839536E-01
DelSqRho = -1.1677984530E+00
GradDelSqRho = -5.5615512196E-12 -2.9987679007E-12  3.8063441288E-12
HessDelSqRho_EigVals = -9.7906872318E+00  8.6920857449E+00  9.0177967264E+00
HessDelSqRho_EigVec1 =  7.5410356301E-01  4.0472536747E-01 -5.1722837624E-01
HessDelSqRho_EigVec2 =  4.2330547303E-01  3.0260967234E-01  8.5395542197E-01
HessDelSqRho_EigVec3 = -5.0213573142E-01  8.6291642882E-01 -5.6876568988E-02
</CP of DelSqRho>
<CP of DelSqRho>
CP# = 4       
Type = (3,-3)
Coords = -2.92997053090393E+00  2.57576039133333E+00 -8.66036878924039E-01
DistFromNuc =  2.2371155927E-01
Rho =  9.2327939189E+00
DelSqRho =  2.8415505429E+02
GradDelSqRho =  3.5029756873E-12  5.7398530373E-13  2.1600499167E-12
HessDelSqRho_EigVals = -5.9577339507E+04 -1.4845987922E+02 -1.3182768039E+02
HessDelSqRho_EigVec1 =  3.5649526784E-01  3.0655724480E-01  8.8257225181E-01
HessDelSqRho_EigVec2 = -6.4340136992E-01  7.6550544868E-01 -6.0070974602E-03
HessDelSqRho_EigVec3 =  6.7745538686E-01  5.6570669405E-01 -4.7013842123E-01
</CP of DelSqRho>
<CP of DelSqRho>
CP# = 5       
Type = (3,-3)
Coords = -3.12441823433577E+00  2.44745837748774E+00 -1.24608269182278E+00
DistFromNuc =  2.2373450266E-01
Rho =  9.2313672060E+00
DelSqRho =  2.8404284234E+02
GradDelSqRho = -2.0712320747E-12 -3.1725733152E-12  1.1226575225E-12
HessDelSqRho_EigVals = -5.9514132591E+04 -1.4593928417E+02 -1.2960124962E+02
HessDelSqRho_EigVec1 =  5.1260919669E-01  2.6690287484E-01  8.1608496302E-01
HessDelSqRho_EigVec2 = -5.8917110720E-01  8.0073158758E-01  1.0819579979E-01
HessDelSqRho_EigVec3 =  6.2458723803E-01  5.3627584325E-01 -5.6771383816E-01
</CP of DelSqRho>
<CP of DelSqRho>
CP# = 6       
Type = (3,+1)
Coords = -3.15289401071821E+00  2.67871707854074E+00 -1.05027765919696E+00
DistFromNuc =  2.2372841810E-01
Rho =  9.2668835771E+00
DelSqRho =  2.8081943733E+02
GradDelSqRho = -2.2026824809E-13  4.3307579745E-12 -4.2970071945E-12
HessDelSqRho_EigVals = -5.9233540881E+04  2.2559801055E+01  1.4127964704E+02
HessDelSqRho_EigVec1 = -6.3979162311E-01  7.6626531710E-01  5.9195800632E-02
HessDelSqRho_EigVec2 =  6.3623216657E-01  5.7127675177E-01 -5.1850892288E-01
HessDelSqRho_EigVec3 =  4.3113258892E-01  2.9407539288E-01  8.5302072312E-01
</CP of DelSqRho>
<CP of DelSqRho>
CP# = 7       
Type = (3,-1)
Coords = -3.19003317873726E+00  2.43734269823126E+00 -9.50675161454803E-01
DistFromNuc =  2.2377043992E-01
Rho =  9.2551431323E+00
DelSqRho =  2.8150032905E+02
GradDelSqRho =  7.0095040883E-12  2.0992929617E-12 -9.7033492352E-13
HessDelSqRho_EigVals = -5.9139904493E+04 -5.6851916616E+01  1.0644613415E+02
HessDelSqRho_EigVec1 =  8.0547434899E-01  3.1183155618E-01 -5.0395649980E-01
HessDelSqRho_EigVec2 = -4.1076518155E-01  9.0672867221E-01 -9.5472931335E-02
HessDelSqRho_EigVec3 =  4.2718033516E-01  2.8390878034E-01  8.5843623275E-01
</CP of DelSqRho>
<CP of DelSqRho>
CP# = 8       
Type = (3,-1)
Coords = -3.07386036307011E+00  2.71779079612412E+00 -1.10398490017377E+00
DistFromNuc =  2.2379882170E-01
Rho =  9.2573851226E+00
DelSqRho =  2.8086195095E+02
GradDelSqRho = -1.0302869669E-12  4.0927261580E-12 -2.9700686355E-12
HessDelSqRho_EigVals = -5.9036603070E+04 -2.2832150686E+01  1.3121483722E+02
HessDelSqRho_EigVec1 = -2.8667810116E-01  9.4082011899E-01 -1.8075721294E-01
HessDelSqRho_EigVec2 =  8.5395948964E-01  1.6542605631E-01 -4.9334309558E-01
HessDelSqRho_EigVec3 =  4.3424515700E-01  2.9578999917E-01  8.5084629635E-01
</CP of DelSqRho>
<CP of DelSqRho>
CP# = 9       
Type = (3,+1)
Coords = -2.81606864869594E+00  2.53258544823732E+00 -1.17282984030398E+00
DistFromNuc =  2.2394465976E-01
Rho =  9.2510591163E+00
DelSqRho =  2.7983554264E+02
GradDelSqRho =  8.8391516329E-12  1.0591527655E-12 -1.5027978861E-12
HessDelSqRho_EigVals = -5.8666420371E+04  2.9143104930E+01  1.6292820987E+02
HessDelSqRho_EigVec1 =  8.6509894247E-01  1.1384462365E-01 -4.8851122956E-01
HessDelSqRho_EigVec2 = -2.3757554536E-01  9.5073357824E-01 -1.9915703213E-01
HessDelSqRho_EigVec3 =  4.4177107192E-01  2.8834885966E-01  8.4952531166E-01
</CP of DelSqRho>
<CP of DelSqRho>
CP# = 10      
Type = (3,+1)
Coords = -2.07323048462421E+00  2.32709165382626E+00 -6.88830346392056E-01
DistFromNuc =  1.0246942767E+00
Rho =  1.7839559555E-01
DelSqRho = -4.8540510819E-02
GradDelSqRho =  9.1471274999E-13 -2.4591439995E-13  2.1871393585E-13
HessDelSqRho_EigVals = -2.1444145213E+00  1.9611776843E-01  1.0956494629E+01
HessDelSqRho_EigVec1 =  3.5901090506E-01  7.2823669252E-01 -5.8376578327E-01
HessDelSqRho_EigVec2 = -1.2500812634E-01  6.5734622341E-01  7.4314797377E-01
HessDelSqRho_EigVec3 =  9.2492385546E-01 -1.9382275987E-01  3.2702996707E-01
</CP of DelSqRho>
<CP of DelSqRho>
CP# = 11      
Type = (3,-1)
Coords = -3.77253125796584E+00  2.10744417633386E+00 -5.35476142967214E-01
DistFromNuc =  1.0100914156E+00
Rho =  2.0594192235E-01
DelSqRho =  2.8524505779E-02
GradDelSqRho =  1.9984014443E-14  1.0991207944E-14 -1.1657341759E-14
HessDelSqRho_EigVals = -3.6704585220E+00 -7.3504617471E-01  1.2142013116E+01
HessDelSqRho_EigVec1 = -4.8476368098E-01  8.7341845224E-01 -4.6307460505E-02
HessDelSqRho_EigVec2 =  4.3853604037E-01  2.8852210127E-01  8.5114108018E-01
HessDelSqRho_EigVec3 =  7.5676305070E-01  3.9229479269E-01 -5.2289050548E-01
</CP of DelSqRho>
<CP of DelSqRho>
CP# = 12      
Type = (3,-1)
Coords = -3.04699311068281E+00  3.45968834575890E+00 -1.38229688475568E+00
DistFromNuc =  1.0051136860E+00
Rho =  2.0183288651E-01
DelSqRho = -2.3311766033E-02
GradDelSqRho =  5.8286708793E-16  2.3314683517E-15  2.4980018054E-16
HessDelSqRho_EigVals = -3.4929398905E+00 -2.4484232420E-01  1.2419547217E+01
HessDelSqRho_EigVec1 =  9.0005912922E-01 -1.0043517479E-01 -4.2403577630E-01
HessDelSqRho_EigVec2 =  4.3377679041E-01  2.9940896093E-01  8.4981878669E-01
HessDelSqRho_EigVec3 = -4.1608412799E-02  9.4882403521E-01 -3.1305221641E-01
</CP of DelSqRho>
<CP of DelSqRho>
CP# = 13      
Type = (3,-1)
Coords = -2.20278715962050E+00  1.95381925457298E+00 -1.30412183271583E+00
DistFromNuc =  1.0077133045E+00
Rho =  2.0022156553E-01
DelSqRho = -2.7113735987E-02
GradDelSqRho = -6.2172489379E-14  3.8080649745E-14  3.2279734441E-14
HessDelSqRho_EigVals = -3.3740866302E+00 -1.8778121365E-01  1.2229817609E+01
HessDelSqRho_EigVec1 =  4.0123640300E-01  7.8612280491E-01 -4.7012794483E-01
HessDelSqRho_EigVec2 =  4.4426032193E-01  2.8182698594E-01  8.5041537872E-01
HessDelSqRho_EigVec3 =  8.0102566455E-01 -5.5007679973E-01 -2.3616392427E-01
</CP of DelSqRho>
<CP of DelSqRho>
CP# = 14      
Type = (3,+1)
Coords = -3.08668585904678E+00  2.50458937569396E+00 -4.45013865090654E-02
DistFromNuc =  1.0218438725E+00
Rho =  1.8216439275E-01
DelSqRho = -1.0165508385E-01
GradDelSqRho =  1.5092094241E-16  6.2450045135E-16 -1.1102230246E-15
HessDelSqRho_EigVals = -1.9503744171E+00  5.9635056806E-01  1.1718002614E+01
HessDelSqRho_EigVec1 = -4.7778855539E-01  8.7778156434E-01 -3.4894435718E-02
HessDelSqRho_EigVec2 =  8.7182600766E-01  4.7867596061E-01  1.0386884571E-01
HessDelSqRho_EigVec3 = -1.0787728541E-01 -1.9205469159E-02  9.9397869255E-01
</CP of DelSqRho>
<CP of DelSqRho>
CP# = 15      
Type = (3,-1)
Coords = -3.29378215649376E+00  2.26147313701029E+00 -2.04638847425082E+00
DistFromNuc =  1.0522315529E+00
Rho =  1.4915899945E-01
DelSqRho = -2.1456845354E-02
GradDelSqRho = -3.1918911958E-15 -1.3322676296E-15 -5.6621374256E-15
HessDelSqRho_EigVals = -6.6862927461E-01 -3.2756938151E-01  8.7631366993E+00
HessDelSqRho_EigVec1 = -7.7795562674E-01 -5.2544193006E-01  3.4452259860E-01
HessDelSqRho_EigVec2 = -5.7160704232E-01  8.1950903852E-01 -4.0869609160E-02
HessDelSqRho_EigVec3 =  2.6086477721E-01  2.2872628601E-01  9.3788797524E-01
</CP of DelSqRho>
<CP of DelSqRho>
CP# = 16      
Type = (3,-1)
Coords = -2.39077748047065E+00  2.85825647565000E+00 -2.89676191896167E-01
DistFromNuc =  1.0512740871E+00
Rho =  1.4970064074E-01
DelSqRho = -2.0453034903E-02
GradDelSqRho =  9.5540242384E-13  2.6201263381E-13  7.9780626550E-13
HessDelSqRho_EigVals = -6.7599782177E-01 -3.4420860497E-01  8.8202574608E+00
HessDelSqRho_EigVec1 =  6.0346915137E-01  4.0937548659E-01 -6.8427822874E-01
HessDelSqRho_EigVec2 = -5.2911435602E-01  8.4758602408E-01  4.0446631891E-02
HessDelSqRho_EigVec3 =  5.9654252288E-01  3.3765313972E-01  7.2809846562E-01
</CP of DelSqRho>
<CP of DelSqRho>
CP# = 17      
Type = (3,+1)
Coords = -2.67596659019173E+00  1.93725427950006E+00 -1.84914364459795E+00
DistFromNuc =  1.0264680373E+00
Rho =  1.7703232129E-01
DelSqRho = -4.7388335171E-02
GradDelSqRho = -3.3306690739E-16  9.9920072216E-16  1.2212453271E-15
HessDelSqRho_EigVals = -2.0793634579E+00  1.8759580503E-01  1.0796988593E+01
HessDelSqRho_EigVec1 =  4.7215521552E-01  8.0243784254E-01 -3.6491500560E-01
HessDelSqRho_EigVec2 = -8.0205627493E-01  2.1929895621E-01 -5.5553010688E-01
HessDelSqRho_EigVec3 = -3.6575290059E-01  5.5497880740E-01  7.4714345279E-01
</CP of DelSqRho>
<CP of DelSqRho>
CP# = 18      
Type = (3,+1)
Coords = -2.66443330280221E+00  3.40659084236501E+00 -7.17722260415982E-01
DistFromNuc =  1.0235734375E+00
Rho =  1.7835414993E-01
DelSqRho = -5.3666237456E-02
GradDelSqRho = -5.2735593670E-16  1.7763568394E-15  2.4980018054E-16
HessDelSqRho_EigVals = -2.1094364284E+00  2.3853545612E-01  1.1050374219E+01
HessDelSqRho_EigVec1 =  8.2338636834E-01 -1.1698691908E-01 -5.5529176943E-01
HessDelSqRho_EigVec2 =  4.6299031157E-01 -4.2732901722E-01  7.7654998708E-01
HessDelSqRho_EigVec3 =  3.2813847660E-01  8.9649538304E-01  2.9769307746E-01
</CP of DelSqRho>
<CP of DelSqRho>
CP# = 19      
Type = (3,+1)
Coords = -3.28534343045113E+00  2.98614760401333E+00 -1.92712049428066E+00
DistFromNuc =  1.0252886931E+00
Rho =  1.7663517504E-01
DelSqRho = -5.2161774465E-02
GradDelSqRho = -2.7755575616E-16 -1.4432899320E-15  4.3298697960E-15
HessDelSqRho_EigVals = -2.0373945570E+00  2.2890525725E-01  1.0902554385E+01
HessDelSqRho_EigVec1 =  9.5102491740E-01 -3.2994222191E-02 -3.0734831670E-01
HessDelSqRho_EigVec2 =  1.8248092182E-01  8.6247242631E-01  4.7206146530E-01
HessDelSqRho_EigVec3 =  2.4950414756E-01 -5.0502742020E-01  8.2625358408E-01
</CP of DelSqRho>
<CP of DelSqRho>
CP# = 20      
Type = (3,+1)
Coords = -3.81666426774017E+00  2.02400515697348E+00 -1.46466684541717E+00
DistFromNuc =  1.0224731568E+00
Rho =  1.8167218877E-01
DelSqRho = -1.0185997441E-01
GradDelSqRho = -8.8817841970E-16 -2.2204460493E-16  0.0000000000E+00
HessDelSqRho_EigVals = -1.9260177356E+00  5.9300575843E-01  1.1658567329E+01
HessDelSqRho_EigVec1 = -4.8955441212E-01  8.6997160110E-01 -5.9041433364E-02
HessDelSqRho_EigVec2 = -3.3966796979E-01 -1.2790147393E-01  9.3180839407E-01
HessDelSqRho_EigVec3 =  8.0309535416E-01  4.7622539437E-01  3.5811621840E-01
</CP of DelSqRho>
<CP of DelSqRho>
CP# = 21      
Type = (3,+3)
Coords = -2.22123516405752E+00  2.92352297050409E+00 -1.60460479638984E+00
DistFromNuc =  1.0430936384E+00
Rho =  3.0432059140E-01
DelSqRho = -1.2642105289E+00
GradDelSqRho = -2.7755575616E-15 -1.3322676296E-15  1.4432899320E-15
HessDelSqRho_EigVals =  7.2850983452E+00  7.9545567859E+00  8.9767809307E+00
HessDelSqRho_EigVec1 =  4.3920428711E-01  2.9670685579E-01  8.4797678972E-01
HessDelSqRho_EigVec2 = -4.7803151321E-01  8.7635595709E-01 -5.9043279502E-02
HessDelSqRho_EigVec3 =  7.6064805697E-01  3.7942756647E-01 -5.2673452064E-01
</CP of DelSqRho>
<CP of DelSqRho>
CP# = 22      
Type = (3,+3)
Coords = -2.96159628382758E+00  1.53736937564560E+00 -7.57311411292444E-01
DistFromNuc =  1.0181572824E+00
Rho =  3.2967177881E-01
DelSqRho = -1.1353019086E+00
GradDelSqRho = -1.3027773305E-15  1.2601031329E-14 -4.4478309924E-15
HessDelSqRho_EigVals =  4.7617557563E+00  7.0113652214E+00  9.4318368297E+00
HessDelSqRho_EigVec1 =  4.4074116075E-01  2.9136442366E-01  8.4903121371E-01
HessDelSqRho_EigVec2 =  8.9179772631E-01 -3.4444640077E-02 -4.5112124991E-01
HessDelSqRho_EigVec3 = -1.0219610841E-01  9.5599180927E-01 -2.7501930119E-01
</CP of DelSqRho>
<CP of DelSqRho>
CP# = 23      
Type = (3,+3)
Coords = -3.81882044984074E+00  3.07842088811337E+00 -8.38494805348789E-01
DistFromNuc =  1.0155532973E+00
Rho =  3.3467006794E-01
DelSqRho = -1.1697650703E+00
GradDelSqRho =  3.2196467714E-15 -1.1102230246E-16 -1.1934897515E-15
HessDelSqRho_EigVals =  4.8277005345E+00  7.3160235124E+00  9.4116341371E+00
HessDelSqRho_EigVec1 =  4.3897426448E-01  2.8907207116E-01  8.5072847184E-01
HessDelSqRho_EigVec2 =  4.5697354439E-01  7.4339837221E-01 -4.8839946757E-01
HessDelSqRho_EigVec3 =  7.7361280680E-01 -6.0315520214E-01 -1.9423446472E-01
</CP of DelSqRho>
<CP of DelSqRho>
CP# = 24      
Type = (3,+1)
Coords = -4.36837951205105E+00  2.66442884822946E+00 -2.05400676601809E+00
DistFromNuc =  1.6886635118E+00
Rho =  7.9109141373E-02
DelSqRho =  1.1402533940E-01
GradDelSqRho = -2.4286128664E-17 -1.7520707107E-16 -2.1510571102E-16
HessDelSqRho_EigVals = -1.0551002044E+00  8.9331942366E-02  1.1609396599E-01
HessDelSqRho_EigVec1 =  6.5666463204E-01  6.8385764614E-02  7.5107586050E-01
HessDelSqRho_EigVec2 =  6.6275727439E-01 -5.2759463548E-01 -5.3141010138E-01
HessDelSqRho_EigVec3 =  3.5992270873E-01  8.4673920885E-01 -3.9177590014E-01
</CP of DelSqRho>
<CP of DelSqRho>
CP# = 25      
Type = (3,+1)
Coords = -3.14818237903472E+00  3.47022455619197E+00  3.18254487286730E-01
DistFromNuc =  1.6898612818E+00
Rho =  7.9428928109E-02
DelSqRho =  1.1448691929E-01
GradDelSqRho =  3.3228628182E-14  9.9521085817E-14  1.3836154444E-13
HessDelSqRho_EigVals = -1.0558350013E+00  9.1990245985E-02  1.1751421054E-01
HessDelSqRho_EigVec1 =  1.7708714980E-01  4.7668941915E-01  8.6105013736E-01
HessDelSqRho_EigVec2 =  9.3813449954E-01 -3.4626885483E-01 -1.2413509040E-03
HessDelSqRho_EigVec3 =  2.9756310617E-01  8.0800066698E-01 -5.0851855424E-01
</CP of DelSqRho>
<CP of DelSqRho>
CP# = 26      
Type = (3,+1)
Coords = -2.31153943779111E+00  2.03267566477411E+00  3.81408490177219E-01
DistFromNuc =  1.6734405319E+00
Rho =  7.7914975975E-02
DelSqRho =  1.1749160680E-01
GradDelSqRho =  1.0942115269E-13 -2.4253168918E-14  1.3377493557E-13
HessDelSqRho_EigVals = -1.0834984421E+00  9.3562392350E-02  1.1033360841E-01
HessDelSqRho_EigVec1 =  4.6925295774E-01 -2.6264672465E-02  8.8267311539E-01
HessDelSqRho_EigVec2 =  5.5712766198E-02  9.9844683352E-01  9.1198804923E-05
HessDelSqRho_EigVec3 =  8.8130457240E-01 -4.9133365598E-02 -4.6998740733E-01
</CP of DelSqRho>
<CP of DelSqRho>
CP# = 27      
Type = (3,+1)
Coords = -3.54223210614424E+00  1.22828837805409E+00 -2.00055152167238E+00
DistFromNuc =  1.6725035778E+00
Rho =  7.7705056046E-02
DelSqRho =  1.1643801227E-01
GradDelSqRho =  1.8179902028E-15  8.2225892761E-15  1.2996548282E-14
HessDelSqRho_EigVals = -1.0778261392E+00  9.1634110245E-02  1.0824022638E-01
HessDelSqRho_EigVec1 =  3.6422667334E-01  5.7631536416E-01  7.3157332610E-01
HessDelSqRho_EigVec2 =  2.1876826411E-01 -8.1649627726E-01  5.3429792798E-01
HessDelSqRho_EigVec3 =  9.0525100224E-01 -3.4560530261E-02 -4.2346923466E-01
</CP of DelSqRho>
<CP of DelSqRho>
CP# = 28      
Type = (3,-1)
Coords = -3.76716515396347E+00  1.98045218980545E+00 -2.30841704147190E+00
DistFromNuc =  1.5495114722E+00
Rho =  6.6373216775E-02
DelSqRho =  1.2442709025E-01
GradDelSqRho =  1.9788597844E-13  1.2352965872E-13  2.5630192413E-13
HessDelSqRho_EigVals = -1.2777459960E+00 -3.0111797222E-02  4.1517920964E-02
HessDelSqRho_EigVec1 =  4.4550516122E-01  3.1202646380E-01  8.3914518244E-01
HessDelSqRho_EigVec2 = -4.5750777444E-01  8.8501846152E-01 -8.6191409604E-02
HessDelSqRho_EigVec3 = -7.6955297911E-01 -3.4551672702E-01  5.3703482540E-01
</CP of DelSqRho>
<CP of DelSqRho>
CP# = 29      
Type = (3,-1)
Coords = -2.41934891365997E+00  2.85900879493514E+00  3.24529452816639E-01
DistFromNuc =  1.5488401466E+00
Rho =  6.6575800555E-02
DelSqRho =  1.2596820050E-01
GradDelSqRho =  5.2041704279E-17 -2.4459601011E-16 -2.8796409701E-16
HessDelSqRho_EigVals = -1.2899863232E+00 -3.5790338167E-02  4.3665824402E-02
HessDelSqRho_EigVec1 =  4.2719484763E-01  2.6001936872E-01  8.6596448544E-01
HessDelSqRho_EigVec2 = -4.3695683453E-01  8.9785781373E-01 -5.4037682108E-02
HessDelSqRho_EigVec3 =  7.9156382365E-01  3.5530448100E-01 -4.9717747221E-01
</CP of DelSqRho>
<CP of DelSqRho>
CP# = 30      
Type = (3,-3)
Coords = -1.90798020887313E+00  1.22492167379537E+00 -1.18696801198948E+00
DistFromNuc =  1.6951699761E+00
Rho =  9.8170073343E-02
DelSqRho =  2.3595433077E-01
GradDelSqRho = -1.1796119637E-16  1.4224732503E-16  4.3368086899E-17
HessDelSqRho_EigVals = -1.5699692044E+00 -2.0142326622E-01 -1.8586810164E-01
HessDelSqRho_EigVec1 =  8.9476358415E-01 -2.3739836461E-01 -3.7820648455E-01
HessDelSqRho_EigVec2 =  4.2970493090E-01  2.2738492207E-01  8.7387056798E-01
HessDelSqRho_EigVec3 =  1.2145699170E-01  9.4442475280E-01 -3.0546699571E-01
</CP of DelSqRho>
<CP of DelSqRho>
CP# = 31      
Type = (3,-1)
Coords = -1.64422732308585E+00  3.29387106585355E+00 -6.07607959157723E-01
DistFromNuc =  1.6405749700E+00
Rho =  7.5261688043E-02
DelSqRho =  1.4411231934E-01
GradDelSqRho = -2.4633073359E-16 -3.8163916471E-17  2.7321894747E-16
HessDelSqRho_EigVals = -1.4744993541E+00 -2.3805156172E-01  6.4488903905E-02
HessDelSqRho_EigVec1 =  6.5225995344E-01  3.9670887554E-01  6.4589397056E-01
HessDelSqRho_EigVec2 = -5.7817027943E-01 -2.9065575894E-01  7.6238989879E-01
HessDelSqRho_EigVec3 = -4.9017964168E-01  8.7071309733E-01 -3.9782169635E-02
</CP of DelSqRho>
<CP of DelSqRho>
CP# = 32      
Type = (3,-1)
Coords = -4.61437674219619E+00  2.88255868279945E+00 -1.88878842897520E+00
DistFromNuc =  1.8429990793E+00
Rho =  9.0013164050E-02
DelSqRho =  1.1689700855E-01
GradDelSqRho = -6.6301131252E-15 -4.7141110460E-16 -5.2874371548E-15
HessDelSqRho_EigVals = -8.9895348380E-01 -1.2409019344E-01  1.4080302868E-01
HessDelSqRho_EigVec1 =  4.3570910987E-01  2.5946185607E-01  8.6187998980E-01
HessDelSqRho_EigVec2 =  7.9502768630E-01 -5.5988589567E-01 -2.3336401148E-01
HessDelSqRho_EigVec3 =  4.2200539049E-01  7.8689727988E-01 -4.5022674434E-01
</CP of DelSqRho>
<CP of DelSqRho>
CP# = 33      
Type = (3,-1)
Coords = -3.47001309041738E+00  3.63186711746084E+00  3.21991333803389E-01
DistFromNuc =  1.8428387657E+00
Rho =  9.0024240217E-02
DelSqRho =  1.1725106496E-01
GradDelSqRho = -3.5619077132E-13  9.2369861759E-13  2.0074983342E-12
HessDelSqRho_EigVals = -9.0193765350E-01 -1.2260543007E-01  1.4148869995E-01
HessDelSqRho_EigVec1 =  4.4650243742E-01  3.1515382453E-01  8.3744470878E-01
HessDelSqRho_EigVec2 =  8.0101867127E-01 -5.5787083639E-01 -2.1713870725E-01
HessDelSqRho_EigVec3 =  3.9875388607E-01  7.6776180993E-01 -5.0153478598E-01
</CP of DelSqRho>
<CP of DelSqRho>
CP# = 34      
Type = (3,-1)
Coords = -2.68204882042781E+00  2.58186204117275E+00 -2.67208966560825E+00
DistFromNuc =  1.6433934191E+00
Rho =  7.5330404591E-02
DelSqRho =  1.4145472248E-01
GradDelSqRho =  2.8644621397E-14 -3.5915714847E-14 -1.3471862514E-14
HessDelSqRho_EigVals = -1.4525797077E+00 -2.3208629238E-01  6.5516039415E-02
HessDelSqRho_EigVec1 =  1.5897428754E-01  1.6123416406E-01  9.7402809007E-01
HessDelSqRho_EigVec2 =  8.5652927678E-01  4.6812781502E-01 -2.1728770517E-01
HessDelSqRho_EigVec3 = -4.9100384307E-01  8.6882673367E-01 -6.3681496061E-02
</CP of DelSqRho>
<CP of DelSqRho>
CP# = 35      
Type = (3,-3)
Coords = -4.20485547767223E+00  1.95197942909406E+00 -2.54969624152131E-01
DistFromNuc =  1.5459659141E+00
Rho =  9.1938580141E-02
DelSqRho =  2.8231246172E-01
GradDelSqRho =  7.2511441296E-16  2.2898349883E-16 -2.0122792321E-16
HessDelSqRho_EigVals = -1.7255718481E+00 -2.6712835270E-01 -8.7467898495E-02
HessDelSqRho_EigVec1 =  7.3124799742E-01  4.3473626934E-01 -5.2562414555E-01
HessDelSqRho_EigVec2 =  4.3793479960E-01  2.9157312199E-01  8.5041062189E-01
HessDelSqRho_EigVec3 = -5.2296221429E-01  8.5205016909E-01 -2.2826120560E-02
</CP of DelSqRho>
<CP of DelSqRho>
CP# = 36      
Type = (3,-3)
Coords = -3.58045960020991E+00  4.13287298657826E+00 -1.31815531332380E+00
DistFromNuc =  1.7416264648E+00
Rho =  9.8231858424E-02
DelSqRho =  2.4794234055E-01
GradDelSqRho =  8.3752449420E-15  7.6896128354E-13 -2.6265448150E-13
HessDelSqRho_EigVals = -1.6675390067E+00 -2.3247351631E-01 -1.9261079093E-01
HessDelSqRho_EigVec1 =  4.0513349320E-01  7.8154425436E-01 -4.7440007500E-01
HessDelSqRho_EigVec2 =  4.3281012830E-01  2.9311352108E-01  8.5250211531E-01
HessDelSqRho_EigVec3 =  8.0532120643E-01 -5.5070231726E-01 -2.1951016430E-01
</CP of DelSqRho>
<CP of DelSqRho>
CP# = 37      
Type = (3,-1)
Coords = -4.42627469804394E+00  2.23573469760103E+00 -2.36820684040834E-01
DistFromNuc =  1.6623272328E+00
Rho =  9.4280034313E-02
DelSqRho =  2.8065656621E-01
GradDelSqRho = -5.2041704279E-17  2.3245294578E-16 -8.3266726847E-17
HessDelSqRho_EigVals = -1.5621991148E+00 -2.8076651936E-01  4.2137638780E-02
HessDelSqRho_EigVec1 =  5.6057397520E-01  6.5165575074E-01 -5.1098101810E-01
HessDelSqRho_EigVec2 =  4.4080410893E-01  2.8754906469E-01  8.5029834349E-01
HessDelSqRho_EigVec3 =  7.0103391921E-01 -7.0189765488E-01 -1.2606001028E-01
</CP of DelSqRho>
<Path of -GradDelSqRho>
Starting CP# =      2
Ending CP# =     23
Number of Points =     12
 -4.0562606800E+00  3.2426662836E+00 -7.7086684694E-01  3.2443834402E-01 -1.0757199564E+00
 -4.0362985851E+00  3.2287044268E+00 -7.7648657242E-01  3.2455018105E-01 -1.0770026522E+00
 -4.0163322886E+00  3.2147505850E+00 -7.8211127613E-01  3.2481186377E-01 -1.0808084345E+00
 -3.9963616765E+00  3.2008050478E+00 -7.8774125261E-01  3.2522160076E-01 -1.0869926043E+00
 -3.9763864327E+00  3.1868685035E+00 -7.9337706265E-01  3.2577640093E-01 -1.0953018133E+00
 -3.9564059907E+00  3.1729421416E+00 -7.9901961222E-01  3.2647224697E-01 -1.1053732671E+00
 -3.9364194387E+00  3.1590278526E+00 -8.0467030041E-01  3.2730434580E-01 -1.1167331193E+00
 -3.9164253371E+00  3.1451286102E+00 -8.1033130024E-01  3.2826745981E-01 -1.1287933458E+00
 -3.8964213463E+00  3.1312492525E+00 -8.1600613082E-01  3.2935632395E-01 -1.1408458130E+00
 -3.8764033779E+00  3.1173982770E+00 -8.2170097475E-01  3.3056615512E-01 -1.1520513299E+00
 -3.8563632476E+00  3.1035928626E+00 -8.2742838180E-01  3.3189325803E-01 -1.1614200392E+00
 -3.8188204498E+00  3.0784208881E+00 -8.3849480535E-01  3.3467006794E-01 -1.1697650703E+00
</Path of -GradDelSqRho>
<Path of -GradDelSqRho>
Starting CP# =      2
Ending CP# =      0
Number of Points =    400
 -4.0562606800E+00  3.2426662836E+00 -7.7086684694E-01  3.2443834402E-01 -1.0757199564E+00
 -4.0762185816E+00  3.2566360741E+00 -7.6525194654E-01  3.2447684590E-01 -1.0769967573E+00
 -4.0961719649E+00  3.2706143493E+00 -7.5964210625E-01  3.2466485605E-01 -1.0807612663E+00
 -4.1161203652E+00  3.2846019182E+00 -7.5403771275E-01  3.2500026820E-01 -1.0868333503E+00
 -4.1360630488E+00  3.2986000865E+00 -7.4843944159E-01  3.2547982182E-01 -1.0949240704E+00
 -4.1559989081E+00  3.3126108415E+00 -7.4284835682E-01  3.2609929880E-01 -1.1046346796E+00
 -4.1759262720E+00  3.3266371918E+00 -7.3726609707E-01  3.2685379809E-01 -1.1154546268E+00
 -4.1958425372E+00  3.3406838222E+00 -7.3169523667E-01  3.2773809212E-01 -1.1267577243E+00
 -4.2157433846E+00  3.3547584818E+00 -7.2614005181E-01  3.2874707039E-01 -1.1377949963E+00
 -4.2356208342E+00  3.3688754053E+00 -7.2060840777E-01  3.2987627562E-01 -1.1476816962E+00
 -4.2554569789E+00  3.3830661994E+00 -7.1511775000E-01  3.3112252543E-01 -1.1553744197E+00
 -4.2751877012E+00  3.3974412573E+00 -7.0972872804E-01  3.3248443079E-01 -1.1596321235E+00
 -4.2829488465E+00  3.4034562713E+00 -7.0774257809E-01  3.3306176411E-01 -1.1600479535E+00
 -4.2829793102E+00  3.4034924536E+00 -7.0769959867E-01  3.3306495634E-01 -1.1600478655E+00
 -4.2829763677E+00  3.4034947950E+00 -7.0769316599E-01  3.3306497974E-01 -1.1600478649E+00
 -4.2829762368E+00  3.4034948817E+00 -7.0769291156E-01  3.3306497978E-01 -1.1600478649E+00
 -4.2829762315E+00  3.4034948851E+00 -7.0769290140E-01  3.3306497979E-01 -1.1600478649E+00
 -4.2829762313E+00  3.4034948853E+00 -7.0769290100E-01  3.3306497979E-01 -1.1600478649E+00
 -4.2829762313E+00  3.4034948853E+00 -7.0769290098E-01  3.3306497979E-01 -1.1600478649E+00
 -4.2829762313E+00  3.4034948853E+00 -7.0769290098E-01  3.3306497979E-01 -1.1600478649E+00
 -4.2829762313E+00  3.4034948853E+00 -7.0769290098E-01  3.3306497979E-01 -1.1600478649E+00
 -4.2829762313E+00  3.4034948853E+00 -7.0769290098E-01  3.3306497979E-01 -1.1600478649E+00
 -4.2829762313E+00  3.4034948853E+00 -7.0769290098E-01  3.3306497979E-01 -1.1600478649E+00
 -4.2829762313E+00  3.4034948853E+00 -7.0769290098E-01  3.3306497979E-01 -1.1600478649E+00
 -4.2829762313E+00  3.4034948853E+00 -7.0769290098E-01  3.3306497979E-01 -1.1600478649E+00
 -4.2829762313E+00  3.4034948853E+00 -7.0769290098E-01  3.3306497979E-01 -1.1600478649E+00
 -4.2829762313E+00  3.4034948853E+00 -7.0769290098E-01  3.3306497979E-01 -1.1600478649E+00
 -4.2829762313E+00  3.4034948853E+00 -7.0769290098E-01  3.3306497979E-01 -1.1600478649E+00
 -4.2829762313E+00  3.4034948853E+00 -7.0769290098E-01  3.3306497979E-01 -1.1600478649E+00
 -4.2829762313E+00  3.4034948853E+00 -7.0769290098E-01  3.3306497979E-01 -1.1600478649E+00
 -4.2829762313E+00  3.4034948853E+00 -7.0769290098E-01  3.3306497979E-01 -1.1600478649E+00
 -4.2829762313E+00  3.4034948853E+00 -7.0769290098E-01  3.3306497979E-01 -1.1600478649E+00
 -4.2829762313E+00  3.4034948853E+00 -7.0769290098E-01  3.3306497979E-01 -1.1600478649E+00
 -4.2829762313E+00  3.4034948853E+00 -7.0769290098E-01  3.3306497979E-01 -1.1600478649E+00
 -4.2829762313E+00  3.4034948853E+00 -7.0769290098E-01  3.3306497979E-01 -1.1600478649E+00
 -4.2829762313E+00  3.4034948853E+00 -7.0769290098E-01  3.3306497979E-01 -1.1600478649E+00
 -4.2829762313E+00  3.4034948853E+00 -7.0769290098E-01  3.3306497979E-01 -1.1600478649E+00
 -4.2829762313E+00  3.4034948853E+00 -7.0769290098E-01  3.3306497979E-01 -1.1600478649E+00
 -4.2829762313E+00  3.4034948853E+00 -7.0769290098E-01  3.3306497979E-01 -1.1600478649E+00
 -4.2829762313E+00  3.4034948853E+00 -7.0769290098E-01  3.3306497979E-01 -1.1600478649E+00
 -4.2829762313E+00  3.4034948853E+00 -7.0769290098E-01  3.3306497979E-01 -1.1600478649E+00
 -4.2829762313E+00  3.4034948853E+00 -7.0769290098E-01  3.3306497979E-01 -1.1600478649E+00
 -4.2829762313E+00  3.4034948853E+00 -7.0769290098E-01  3.3306497979E-01 -1.1600478649E+00
 -4.2829762313E+00  3.4034948853E+00 -7.0769290098E-01  3.3306497979E-01 -1.1600478649E+00
 -4.2829762313E+00  3.4034948853E+00 -7.0769290098E-01  3.3306497979E-01 -1.1600478649E+00
 -4.2829762313E+00  3.4034948853E+00 -7.0769290098E-01  3.3306497979E-01 -1.1600478649E+00
 -4.2829762313E+00  3.4034948853E+00 -7.0769290098E-01  3.3306497979E-01 -1.1600478649E+00
 -4.2829762313E+00  3.4034948853E+00 -7.0769290098E-01  3.3306497979E-01 -1.1600478649E+00
 -4.2829762313E+00  3.4034948853E+00 -7.0769290098E-01  3.3306497979E-01 -1.1600478649E+00
 -4.2829762313E+00  3.4034948853E+00 -7.0769290098E-01  3.3306497979E-01 -1.1600478649E+00
 -4.2829762313E+00  3.4034948853E+00 -7.0769290098E-01  3.3306497979E-01 -1.1600478649E+00
 -4.2829762313E+00  3.4034948853E+00 -7.0769290098E-01  3.3306497979E-01 -1.1600478649E+00
 -4.2829762313E+00  3.4034948853E+00 -7.0769290098E-01  3.3306497979E-01 -1.1600478649E+00
 -4.2829762313E+00  3.4034948853E+00 -7.0769290098E-01  3.3306497979E-01 -1.1600478649E+00
 -4.2829762313E+00  3.4034948853E+00 -7.0769290098E-01  3.3306497979E-01 -1.1600478649E+00
 -4.2829762313E+00  3.4034948853E+00 -7.0769290098E-01  3.3306497979E-01 -1.1600478649E+00
 -4.2829762313E+00  3.4034948853E+00 -7.0769290098E-01  3.3306497979E-01 -1.1600478649E+00
 -4.2829762313E+00  3.4034948853E+00 -7.0769290098E-01  3.3306497979E-01 -1.1600478649E+00
 -4.2829762313E+00  3.4034948853E+00 -7.0769290098E-01  3.3306497979E-01 -1.1600478649E+00
 -4.2829762313E+00  3.4034948853E+00 -7.0769290098E-01  3.3306497979E-01 -1.1600478649E+00
 -4.2829762313E+00  3.4034948853E+00 -7.0769290098E-01  3.3306497979E-01 -1.1600478649E+00
 -4.2829762313E+00  3.4034948853E+00 -7.0769290098E-01  3.3306497979E-01 -1.1600478649E+00
 -4.2829762313E+00  3.4034948853E+00 -7.0769290098E-01  3.3306497979E-01 -1.1600478649E+00
 -4.2829762313E+00  3.4034948853E+00 -7.0769290098E-01  3.3306497979E-01 -1.1600478649E+00
 -4.2829762313E+00  3.4034948853E+00 -7.0769290098E-01  3.3306497979E-01 -1.1600478649E+00
 -4.2829762313E+00  3.4034948853E+00 -7.0769290098E-01  3.3306497979E-01 -1.1600478649E+00
 -4.2829762313E+00  3.4034948853E+00 -7.0769290098E-01  3.3306497979E-01 -1.1600478649E+00
 -4.2829762313E+00  3.4034948853E+00 -7.0769290098E-01  3.3306497979E-01 -1.1600478649E+00
 -4.2829762313E+00  3.4034948853E+00 -7.0769290098E-01  3.3306497979E-01 -1.1600478649E+00
 -4.2829762313E+00  3.4034948853E+00 -7.0769290098E-01  3.3306497979E-01 -1.1600478649E+00
 -4.2829762313E+00  3.4034948853E+00 -7.0769290098E-01  3.3306497979E-01 -1.1600478649E+00
 -4.2829762313E+00  3.4034948853E+00 -7.0769290098E-01  3.3306497979E-01 -1.1600478649E+00
 -4.2829762313E+00  3.4034948853E+00 -7.0769290098E-01  3.3306497979E-01 -1.1600478649E+00
 -4.2829762313E+00  3.4034948853E+00 -7.0769290098E-01  3.3306497979E-01 -1.1600478649E+00
 -4.2829762313E+00  3.4034948853E+00 -7.0769290098E-01  3.3306497979E-01 -1.1600478649E+00
 -4.2829762313E+00  3.4034948853E+00 -7.0769290098E-01  3.3306497979E-01 -1.1600478649E+00
 -4.2829762313E+00  3.4034948853E+00 -7.0769290098E-01  3.3306497979E-01 -1.1600478649E+00
 -4.2829762313E+00  3.4034948853E+00 -7.0769290098E-01  3.3306497979E-01 -1.1600478649E+00
 -4.2829762313E+00  3.4034948853E+00 -7.0769290098E-01  3.3306497979E-01 -1.1600478649E+00
 -4.2829762313E+00  3.4034948853E+00 -7.0769290098E-01  3.3306497979E-01 -1.1600478649E+00
 -4.2829762313E+00  3.4034948853E+00 -7.0769290098E-01  3.3306497979E-01 -1.1600478649E+00
 -4.2829762313E+00  3.4034948853E+00 -7.0769290098E-01  3.3306497979E-01 -1.1600478649E+00
 -4.2829762313E+00  3.4034948853E+00 -7.0769290098E-01  3.3306497979E-01 -1.1600478649E+00
 -4.2829762313E+00  3.4034948853E+00 -7.0769290098E-01  3.3306497979E-01 -1.1600478649E+00
 -4.2829762313E+00  3.4034948853E+00 -7.0769290098E-01  3.3306497979E-01 -1.1600478649E+00
 -4.2829762313E+00  3.4034948853E+00 -7.0769290098E-01  3.3306497979E-01 -1.1600478649E+00
 -4.2829762313E+00  3.4034948853E+00 -7.0769290098E-01  3.3306497979E-01 -1.1600478649E+00
 -4.2829762313E+00  3.4034948853E+00 -7.0769290098E-01  3.3306497979E-01 -1.1600478649E+00
 -4.2829762313E+00  3.4034948853E+00 -7.0769290098E-01  3.3306497979E-01 -1.1600478649E+00
 -4.2829762313E+00  3.4034948853E+00 -7.0769290098E-01  3.3306497979E-01 -1.1600478649E+00
 -4.2829762313E+00  3.4034948853E+00 -7.0769290098E-01  3.3306497979E-01 -1.1600478649E+00
 -4.2829762313E+00  3.4034948853E+00 -7.0769290098E-01  3.3306497979E-01 -1.1600478649E+00
 -4.2829762313E+00  3.4034948853E+00 -7.0769290098E-01  3.3306497979E-01 -1.1600478649E+00
 -4.2829762313E+00  3.4034948853E+00 -7.0769290098E-01  3.3306497979E-01 -1.1600478649E+00
 -4.2829762313E+00  3.4034948853E+00 -7.0769290098E-01  3.3306497979E-01 -1.1600478649E+00
 -4.2829762313E+00  3.4034948853E+00 -7.0769290098E-01  3.3306497979E-01 -1.1600478649E+00
 -4.2829762313E+00  3.4034948853E+00 -7.0769290098E-01  3.3306497979E-01 -1.1600478649E+00
 -4.2829762313E+00  3.4034948853E+00 -7.0769290098E-01  3.3306497979E-01 -1.1600478649E+00
 -4.2829762313E+00  3.4034948853E+00 -7.0769290098E-01  3.3306497979E-01 -1.1600478649E+00
 -4.2829762313E+00  3.4034948853E+00 -7.0769290098E-01  3.3306497979E-01 -1.1600478649E+00
 -4.2829762313E+00  3.4034948853E+00 -7.0769290098E-01  3.3306497979E-01 -1.1600478649E+00
 -4.2829762313E+00  3.4034948853E+00 -7.0769290098E-01  3.3306497979E-01 -1.1600478649E+00
 -4.2829762313E+00  3.4034948853E+00 -7.0769290098E-01  3.3306497979E-01 -1.1600478649E+00
 -4.2829762313E+00  3.4034948853E+00 -7.0769290098E-01  3.3306497979E-01 -1.1600478649E+00
 -4.2829762313E+00  3.4034948853E+00 -7.0769290098E-01  3.3306497979E-01 -1.1600478649E+00
 -4.2829762313E+00  3.4034948853E+00 -7.0769290098E-01  3.3306497979E-01 -1.1600478649E+00
 -4.2829762313E+00  3.4034948853E+00 -7.0769290098E-01  3.3306497979E-01 -1.1600478649E+00
 -4.2829762313E+00  3.4034948853E+00 -7.0769290098E-01  3.3306497979E-01 -1.1600478649E+00
 -4.2829762313E+00  3.4034948853E+00 -7.0769290098E-01  3.3306497979E-01 -1.1600478649E+00
 -4.2829762313E+00  3.4034948853E+00 -7.0769290098E-01  3.3306497979E-01 -1.1600478649E+00
 -4.2829762313E+00  3.4034948853E+00 -7.0769290098E-01  3.3306497979E-01 -1.1600478649E+00
 -4.2829762313E+00  3.4034948853E+00 -7.0769290098E-01  3.3306497979E-01 -1.1600478649E+00
 -4.2829762313E+00  3.4034948853E+00 -7.0769290098E-01  3.3306497979E-01 -1.1600478649E+00
 -4.2829762313E+00  3.4034948853E+00 -7.0769290098E-01  3.3306497979E-01 -1.1600478649E+00
 -4.2829762313E+00  3.4034948853E+00 -7.0769290098E-01  3.3306497979E-01 -1.1600478649E+00
 -4.2829762313E+00  3.4034948853E+00 -7.0769290098E-01  3.3306497979E-01 -1.1600478649E+00
 -4.2829762313E+00  3.4034948853E+00 -7.0769290098E-01  3.3306497979E-01 -1.1600478649E+00
 -4.2829762313E+00  3.4034948853E+00 -7.0769290098E-01  3.3306497979E-01 -1.1600478649E+00
 -4.2829762313E+00  3.4034948853E+00 -7.0769290098E-01  3.3306497979E-01 -1.1600478649E+00
 -4.2829762313E+00  3.4034948853E+00 -7.0769290098E-01  3.3306497979E-01 -1.1600478649E+00
 -4.2829762313E+00  3.4034948853E+00 -7.0769290098E-01  3.3306497979E-01 -1.1600478649E+00
 -4.2829762313E+00  3.4034948853E+00 -7.0769290098E-01  3.3306497979E-01 -1.1600478649E+00
 -4.2829762313E+00  3.4034948853E+00 -7.0769290098E-01  3.3306497979E-01 -1.1600478649E+00
 -4.2829762313E+00  3.4034948853E+00 -7.0769290098E-01  3.3306497979E-01 -1.1600478649E+00
 -4.2829762313E+00  3.4034948853E+00 -7.0769290098E-01  3.3306497979E-01 -1.1600478649E+00
 -4.2829762313E+00  3.4034948853E+00 -7.0769290098E-01  3.3306497979E-01 -1.1600478649E+00
 -4.2829762313E+00  3.4034948853E+00 -7.0769290098E-01  3.3306497979E-01 -1.1600478649E+00
 -4.2829762313E+00  3.4034948853E+00 -7.0769290098E-01  3.3306497979E-01 -1.1600478649E+00
 -4.2829762313E+00  3.4034948853E+00 -7.0769290098E-01  3.3306497979E-01 -1.1600478649E+00
 -4.2829762313E+00  3.4034948853E+00 -7.0769290098E-01  3.3306497979E-01 -1.1600478649E+00
 -4.2829762313E+00  3.4034948853E+00 -7.0769290098E-01  3.3306497979E-01 -1.1600478649E+00
 -4.2829762313E+00  3.4034948853E+00 -7.0769290098E-01  3.3306497979E-01 -1.1600478649E+00
 -4.2829762313E+00  3.4034948853E+00 -7.0769290098E-01  3.3306497979E-01 -1.1600478649E+00
 -4.2829762313E+00  3.4034948853E+00 -7.0769290098E-01  3.3306497979E-01 -1.1600478649E+00
 -4.2829762313E+00  3.4034948853E+00 -7.0769290098E-01  3.3306497979E-01 -1.1600478649E+00
 -4.2829762313E+00  3.4034948853E+00 -7.0769290098E-01  3.3306497979E-01 -1.1600478649E+00
 -4.2829762313E+00  3.4034948853E+00 -7.0769290098E-01  3.3306497979E-01 -1.1600478649E+00
 -4.2829762313E+00  3.4034948853E+00 -7.0769290098E-01  3.3306497979E-01 -1.1600478649E+00
 -4.2829762313E+00  3.4034948853E+00 -7.0769290098E-01  3.3306497979E-01 -1.1600478649E+00
 -4.2829762313E+00  3.4034948853E+00 -7.0769290098E-01  3.3306497979E-01 -1.1600478649E+00
 -4.2829762313E+00  3.4034948853E+00 -7.0769290098E-01  3.3306497979E-01 -1.1600478649E+00
