 AIMInt (Version 19.10.12, Professional)
 Portions Copyright (c) 1997-2019 by Todd A. Keith
 AIMInt is a component of the AIMAll package ( http://aim.tkgristmill.com )

 TP:  64-bit Mac OS X

 AIMInt is a heavily modified and extended version of the PROAIMV program
 developed by members of R.F.W. Bader's research group

 Much of the Quantum Theory of Atoms in Molecules (QTAIM) is described in the book:
   "Atoms in Molecules - A Quantum Theory"
   R.F.W. Bader, Oxford University Press, Oxford, 1990

 For additional references see:  http://aim.tkgristmill.com/references.html

 Current Directory:  /Users/chemlab/Documents/SubstituentCoding/HanschLeoTaftSubstituents/QTAIM

 Inp File:  SubH_AsO-C6H5-2_wb97xd_aug-cc-pvtz_atomicfiles/c8.inp
 Wfx File:  SubH_AsO-C6H5-2_wb97xd_aug-cc-pvtz.wfx
 Out File:  SubH_AsO-C6H5-2_wb97xd_aug-cc-pvtz_atomicfiles/c8.int

 Wfx Title:   Title Card Required                                                           
 Job Title:   Title Card Required                                                           
 
<Atom>
C8      
</Atom>
<Nuclei of Molecule>
    25
As1       33.0          -5.3208027851E-02  -2.1440785859E+00  -1.0041145093E+00
H2         1.0           2.5355490096E-02  -2.2637913563E+00  -3.8679903787E+00
C3         6.0          -2.9027381812E+00   8.2426052836E-03  -2.6598873521E-01
C4         6.0          -4.8685685882E+00  -1.0294145350E+00   1.1253035154E+00
C5         6.0          -3.0098287713E+00   2.5072140174E+00  -1.0634474101E+00
C6         6.0          -6.9573376848E+00   4.4240606348E-01   1.7108104053E+00
H7         1.0          -4.7375792618E+00  -2.9748575537E+00   1.7448002278E+00
C8         6.0          -5.1007412639E+00   3.9686312833E+00  -4.7560734623E-01
H9         1.0          -1.4651528530E+00   3.3313815952E+00  -2.1234119422E+00
C10        6.0          -7.0733082177E+00   2.9337792338E+00   9.0939439492E-01
H11        1.0          -8.4927168011E+00  -3.5756130114E-01   2.7961476405E+00
H12        1.0          -5.1899011308E+00   5.9154152008E+00  -1.0901484378E+00
H13        1.0          -8.7028420811E+00   4.0784313649E+00   1.3691175077E+00
C14        6.0           2.9427084266E+00  -2.3629237246E-01  -2.1091324461E-01
C15        6.0           3.9242876386E+00   1.5282973486E+00  -1.8873568369E+00
C16        6.0           4.0957902706E+00  -6.4531044984E-01   2.1103199193E+00
C17        6.0           6.0515128812E+00   2.9087375100E+00  -1.2288899221E+00
H18        1.0           3.0546283623E+00   1.8193594109E+00  -3.7181850606E+00
C19        6.0           6.2240459142E+00   7.3621681630E-01   2.7597292293E+00
H20        1.0           3.3383557438E+00  -2.0591353464E+00   3.3799726920E+00
C21        6.0           7.1951015438E+00   2.5143928661E+00   1.0960672880E+00
H22        1.0           6.8227871455E+00   4.2797321806E+00  -2.5330442535E+00
H23        1.0           7.1309203250E+00   4.1938786511E-01   4.5630946304E+00
H24        1.0           8.8577836245E+00   3.5871793707E+00   1.6069009621E+00
O25        8.0          -2.5141468137E-01  -4.8552938024E+00   4.4149970960E-01
</Nuclei of Molecule>
<Total Number of CPs of DelSqRho>
    34
</Total Number of CPs of DelSqRho>
<Number of (3,+3) CPs of DelSqRho>
     4
</Number of (3,+3) CPs of DelSqRho>
<Number of (3,+1) CPs of DelSqRho>
    15
</Number of (3,+1) CPs of DelSqRho>
<Number of (3,-1) CPs of DelSqRho>
    12
</Number of (3,-1) CPs of DelSqRho>
<Number of (3,-3) CPs of DelSqRho>
     3
</Number of (3,-3) CPs of DelSqRho>
<Number of Degenerate CPs of DelSqRho>
     0
</Number of Degenerate CPs of DelSqRho>
<CP of DelSqRho>
CP# = 1       
Type = (3,+3)
Coords = -5.10074125986393E+00  3.96863130881986E+00 -4.75607358090492E-01
DistFromNuc =  2.8421927687E-08
Rho =  1.2109863366E+02
DelSqRho = -7.4592317493E+05
GradDelSqRho = -5.0167066092E-06 -1.5926159449E-06  3.7547010834E-07
HessDelSqRho_EigVals =  1.5980603072E+10  1.5980605229E+10  1.5980606213E+10
HessDelSqRho_EigVec1 =  4.4165105496E-01  2.9050132065E-01  8.4885412666E-01
HessDelSqRho_EigVec2 = -3.6483637468E-02  9.5116107764E-01 -3.0653148056E-01
HessDelSqRho_EigVec3 =  8.9644480580E-01 -1.0441066555E-01 -4.3067983825E-01
</CP of DelSqRho>
<CP of DelSqRho>
CP# = 2       
Type = (3,+1)
Coords = -6.08835805952756E+00  3.45429074395188E+00  2.16057899803158E-01
DistFromNuc =  1.3108523708E+00
Rho =  3.2349425446E-01
DelSqRho = -1.0723435990E+00
GradDelSqRho =  1.1934897515E-15  2.3592239273E-16 -7.4246164772E-16
HessDelSqRho_EigVals = -4.2023451693E+00  5.5717370039E+00  7.5467622940E+00
HessDelSqRho_EigVec1 =  7.5182619089E-01  3.9483586968E-01 -5.2807387239E-01
HessDelSqRho_EigVec2 =  4.4312855582E-01  2.9049242743E-01  8.4808680724E-01
HessDelSqRho_EigVec3 = -4.8825655316E-01  8.7161848627E-01 -4.3436766481E-02
</CP of DelSqRho>
<CP of DelSqRho>
CP# = 3       
Type = (3,+1)
Coords = -5.15713042747151E+00  5.20232789627855E+00 -8.65176275027272E-01
DistFromNuc =  1.2949714363E+00
Rho =  2.9420956966E-01
DelSqRho = -1.1793903079E+00
GradDelSqRho =  3.2057689836E-15  4.1633363423E-17  8.1185058676E-16
HessDelSqRho_EigVals = -9.7518496748E+00  8.7732246912E+00  9.1096958761E+00
HessDelSqRho_EigVec1 = -4.3660009019E-02  9.5272997327E-01 -3.0066493253E-01
HessDelSqRho_EigVec2 =  4.4042188782E-01  2.8848465958E-01  8.5017948806E-01
HessDelSqRho_EigVec3 =  8.9672870164E-01 -9.5300573069E-02 -4.3219837625E-01
</CP of DelSqRho>
<CP of DelSqRho>
CP# = 4       
Type = (3,+1)
Coords = -4.90024006057550E+00  3.92752107462535E+00 -5.66309726724791E-01
DistFromNuc =  2.2386983635E-01
Rho =  9.2568761498E+00
DelSqRho =  2.8026330805E+02
GradDelSqRho = -1.4281908989E-12 -4.5936587867E-12  2.3270274596E-13
HessDelSqRho_EigVals = -5.8846173590E+04  2.2570031365E+01  1.5014658357E+02
HessDelSqRho_EigVec1 =  8.9559674389E-01 -1.8418081624E-01 -4.0494925517E-01
HessDelSqRho_EigVec2 =  3.8684492827E-02  9.3906558316E-01 -3.4155430100E-01
HessDelSqRho_EigVec3 =  4.4318165841E-01  2.9022966328E-01  8.4814902004E-01
</CP of DelSqRho>
<CP of DelSqRho>
CP# = 5       
Type = (3,+1)
Coords = -5.09305093088280E+00  4.17899182272625E+00 -5.51871471389668E-01
DistFromNuc =  2.2389040746E-01
Rho =  9.2550893947E+00
DelSqRho =  2.8001739134E+02
GradDelSqRho = -2.1316282073E-14  4.0074610297E-12 -6.5369931690E-13
HessDelSqRho_EigVals = -5.8818780641E+04  3.0770230259E+01  1.6049781759E+02
HessDelSqRho_EigVec1 =  3.4215710226E-02  9.3960014652E-01 -3.4055961274E-01
HessDelSqRho_EigVec2 = -8.9641423235E-01  1.7952050882E-01  4.0523315629E-01
HessDelSqRho_EigVec3 =  4.4189456799E-01  2.9141714358E-01  8.4841336577E-01
</CP of DelSqRho>
<CP of DelSqRho>
CP# = 6       
Type = (3,-1)
Coords = -5.09010696889652E+00  3.75528143921517E+00 -4.08775138823012E-01
DistFromNuc =  2.2382535190E-01
Rho =  9.2510671578E+00
DelSqRho =  2.8130954824E+02
GradDelSqRho = -3.9968028887E-13  5.8015814375E-12 -2.7675639558E-12
HessDelSqRho_EigVals = -5.8991539713E+04 -5.8677019053E+01  1.0846987290E+02
HessDelSqRho_EigVec1 = -4.7462225269E-02  9.5318950487E-01 -2.9862535891E-01
HessDelSqRho_EigVec2 =  8.9593957462E-01 -9.1556277976E-02 -4.3463746570E-01
HessDelSqRho_EigVec3 =  4.4163289710E-01  2.8817913834E-01  8.4965473483E-01
</CP of DelSqRho>
<CP of DelSqRho>
CP# = 7       
Type = (3,-3)
Coords = -5.00334315637933E+00  4.02361852967454E+00 -2.81829757877798E-01
DistFromNuc =  2.2374034585E-01
Rho =  9.2306211900E+00
DelSqRho =  2.8405216456E+02
GradDelSqRho = -2.8528290841E-12 -3.9952485764E-12 -1.4104273305E-12
HessDelSqRho_EigVals = -5.9499450948E+04 -1.4928191254E+02 -1.3232101133E+02
HessDelSqRho_EigVec1 =  4.3526909824E-01  2.4552690416E-01  8.6617397297E-01
HessDelSqRho_EigVec2 =  8.9370011318E-01 -1.5500726910E-03 -4.4866212786E-01
HessDelSqRho_EigVec3 = -1.0881599064E-01  9.6938853749E-01 -2.2010212077E-01
</CP of DelSqRho>
<CP of DelSqRho>
CP# = 8       
Type = (3,-3)
Coords = -5.20074120337621E+00  3.89388336528018E+00 -6.61281181138576E-01
DistFromNuc =  2.2374541808E-01
Rho =  9.2302950548E+00
DelSqRho =  2.8402600045E+02
GradDelSqRho =  4.0429881665E-12  4.7997161801E-12  8.2707174442E-12
HessDelSqRho_EigVals = -5.9485381770E+04 -1.4875371392E+02 -1.3163345342E+02
HessDelSqRho_EigVec1 =  4.4697350853E-01  3.3430594005E-01  8.2973141505E-01
HessDelSqRho_EigVec2 =  8.8168876549E-01 -7.9374652153E-03 -4.7176468442E-01
HessDelSqRho_EigVec3 = -1.5112777206E-01  9.4243118321E-01 -2.9830162825E-01
</CP of DelSqRho>
<CP of DelSqRho>
CP# = 9       
Type = (3,-1)
Coords = -5.28544120849107E+00  4.08162480721137E+00 -4.18616840077748E-01
DistFromNuc =  2.2389623436E-01
Rho =  9.2500003468E+00
DelSqRho =  2.8048573944E+02
GradDelSqRho = -9.2512664196E-12  5.5138116295E-12  3.8040681716E-12
HessDelSqRho_EigVals = -5.8771264237E+04 -2.6705733684E+01  1.3711397497E+02
HessDelSqRho_EigVec1 =  8.2502967749E-01 -5.0444623519E-01 -2.5467631823E-01
HessDelSqRho_EigVec2 =  3.5444681652E-01  8.1296038097E-01 -4.6202042512E-01
HessDelSqRho_EigVec3 =  4.4010622073E-01  2.9091135209E-01  8.4951580309E-01
</CP of DelSqRho>
<CP of DelSqRho>
CP# = 10      
Type = (3,-1)
Coords = -4.92194481188176E+00  4.03627579001987E+00 -5.92220921782384E-01
DistFromNuc =  2.2392560495E-01
Rho =  9.2486847626E+00
DelSqRho =  2.8031061054E+02
GradDelSqRho = -4.0998315853E-12 -3.3626434970E-12  2.4407142973E-12
HessDelSqRho_EigVals = -5.8687820011E+04 -1.8414646728E+01  1.4159488134E+02
HessDelSqRho_EigVec1 =  7.9857703746E-01  3.0184295770E-01 -5.2073557986E-01
HessDelSqRho_EigVec2 = -4.0734205200E-01  9.0796084750E-01 -9.8384714666E-02
HessDelSqRho_EigVec3 =  4.4311078515E-01  2.9068527362E-01  8.4803001349E-01
</CP of DelSqRho>
<CP of DelSqRho>
CP# = 11      
Type = (3,+1)
Coords = -5.29478795706238E+00  3.94418828883527E+00 -3.66770556930624E-01
DistFromNuc =  2.2382364890E-01
Rho =  9.2610608381E+00
DelSqRho =  2.8036848459E+02
GradDelSqRho =  7.0894401460E-12  4.1744385726E-14 -2.1813661988E-12
HessDelSqRho_EigVals = -5.8972500233E+04  3.1497748237E+01  1.5072612959E+02
HessDelSqRho_EigVec1 =  8.6684182538E-01  1.0967487670E-01 -4.8637091935E-01
HessDelSqRho_EigVec2 = -2.3430321305E-01  9.5068718319E-01 -2.0321388752E-01
HessDelSqRho_EigVec3 =  4.4009914124E-01  2.9011256634E-01  8.4979258924E-01
</CP of DelSqRho>
<CP of DelSqRho>
CP# = 12      
Type = (3,-1)
Coords = -4.34809949687185E+00  4.37595103544001E+00 -1.00424838425330E+00
DistFromNuc =  1.0059027573E+00
Rho =  2.0149772885E-01
DelSqRho = -2.2489815483E-02
GradDelSqRho =  8.8817841970E-15  4.7462034303E-15 -3.3861802251E-15
HessDelSqRho_EigVals = -3.4567489553E+00 -2.3686453653E-01  1.2338354731E+01
HessDelSqRho_EigVec1 = -4.9253450970E-01  8.6937479961E-01 -3.9965166840E-02
HessDelSqRho_EigVec2 =  4.4072819402E-01  2.8876074971E-01  8.4992699005E-01
HessDelSqRho_EigVec3 =  7.5044547820E-01  4.0100459752E-01 -5.2538261964E-01
</CP of DelSqRho>
<CP of DelSqRho>
CP# = 13      
Type = (3,-1)
Coords = -5.89916152398393E+00  4.54071149828209E+00 -2.59156854290801E-01
DistFromNuc =  1.0057840223E+00
Rho =  2.0110237831E-01
DelSqRho = -2.3018916770E-02
GradDelSqRho =  0.0000000000E+00 -3.2751579226E-15 -6.1062266354E-16
HessDelSqRho_EigVals = -3.4615242283E+00 -2.1443325614E-01  1.2342777783E+01
HessDelSqRho_EigVec1 =  4.1726827626E-01  7.7222612691E-01 -4.7911793387E-01
HessDelSqRho_EigVec2 = -4.3914702859E-01 -2.9023243630E-01 -8.5024409448E-01
HessDelSqRho_EigVec3 =  7.9563626923E-01 -5.6518310471E-01 -2.1801602062E-01
</CP of DelSqRho>
<CP of DelSqRho>
CP# = 14      
Type = (3,+1)
Coords = -5.35026489257839E+00  4.64261674148210E+00  2.55545700330392E-01
DistFromNuc =  1.0252332498E+00
Rho =  1.7723745764E-01
DelSqRho = -4.8796664844E-02
GradDelSqRho =  1.2212453271E-15 -1.7208456882E-15 -2.3314683517E-15
HessDelSqRho_EigVals = -2.0788384723E+00  2.0863970491E-01  1.0881118030E+01
HessDelSqRho_EigVec1 =  3.3281504463E-01  7.3922767333E-01 -5.8547125723E-01
HessDelSqRho_EigVec2 = -9.0078612316E-01  6.5555299473E-02 -4.2928645801E-01
HessDelSqRho_EigVec3 = -2.7895968594E-01  6.7025737571E-01  6.8770381992E-01
</CP of DelSqRho>
<CP of DelSqRho>
CP# = 15      
Type = (3,-1)
Coords = -5.05365527418770E+00  3.00366422124327E+00 -1.74239075772082E-01
DistFromNuc =  1.0120283374E+00
Rho =  2.0460963380E-01
DelSqRho =  4.0054946984E-02
GradDelSqRho = -9.1593399532E-16 -4.7184478547E-15  1.9984014443E-15
HessDelSqRho_EigVals = -3.7101085108E+00 -7.7838312296E-01  1.1950639249E+01
HessDelSqRho_EigVec1 =  8.9619274005E-01 -9.2079875800E-02 -4.3400445754E-01
HessDelSqRho_EigVec2 =  4.4121981557E-01  2.8753391651E-01  8.5008783147E-01
HessDelSqRho_EigVec3 = -4.6515019518E-02  9.5333390967E-01 -2.9831327431E-01
</CP of DelSqRho>
<CP of DelSqRho>
CP# = 16      
Type = (3,-1)
Coords = -4.66180893281002E+00  4.46030132483325E+00  3.43764096543452E-01
DistFromNuc =  1.0515562668E+00
Rho =  1.4985780798E-01
DelSqRho = -2.1620920627E-02
GradDelSqRho =  2.2204460493E-16 -3.3306690739E-16 -2.2204460493E-16
HessDelSqRho_EigVals = -6.7190962612E-01 -3.3524345860E-01  8.8099813490E+00
HessDelSqRho_EigVec1 =  9.7627886243E-02 -8.6922698586E-01  4.8467849434E-01
HessDelSqRho_EigVec2 =  9.0450910352E-01 -1.2564427449E-01 -4.0752521141E-01
HessDelSqRho_EigVec3 =  4.1512898896E-01  4.7818193540E-01  7.7395733680E-01
</CP of DelSqRho>
<CP of DelSqRho>
CP# = 17      
Type = (3,-1)
Coords = -5.57647286246909E+00  3.86363532034173E+00 -1.40758055090100E+00
DistFromNuc =  1.0516267210E+00
Rho =  1.4976616547E-01
DelSqRho = -2.2418009377E-02
GradDelSqRho =  2.9420910153E-15  6.9388939039E-17  2.2204460493E-15
HessDelSqRho_EigVals = -6.6780269077E-01 -3.2974284966E-01  8.8103225646E+00
HessDelSqRho_EigVec1 =  9.3548484807E-02  9.8499126402E-01 -1.4505478549E-01
HessDelSqRho_EigVec2 =  8.8668128719E-01 -1.4868751437E-01 -4.3782224477E-01
HessDelSqRho_EigVec3 =  4.5281892180E-01  8.7659756300E-02  8.8728281353E-01
</CP of DelSqRho>
<CP of DelSqRho>
CP# = 18      
Type = (3,+1)
Coords = -5.97276029422337E+00  4.23157389577658E+00 -9.47315517118377E-01
DistFromNuc =  1.0257020060E+00
Rho =  1.7670203022E-01
DelSqRho = -4.8441875078E-02
GradDelSqRho = -6.6613381478E-16  6.6613381478E-16 -2.9420910153E-15
HessDelSqRho_EigVals = -2.0556734460E+00  2.0488463026E-01  1.0839057392E+01
HessDelSqRho_EigVec1 =  4.5312952485E-01  8.1795096810E-01 -3.5444301022E-01
HessDelSqRho_EigVec2 = -2.4802027084E-01  4.9758360388E-01  8.3120184215E-01
HessDelSqRho_EigVec3 =  8.5624738187E-01 -2.8873304440E-01  4.2833824264E-01
</CP of DelSqRho>
<CP of DelSqRho>
CP# = 19      
Type = (3,+1)
Coords = -4.70268791205021E+00  3.65712519775445E+00  4.13999320613459E-01
DistFromNuc =  1.0231727782E+00
Rho =  1.8140961852E-01
DelSqRho = -1.0124954870E-01
GradDelSqRho =  5.5511151231E-17  2.0539125956E-15 -2.2204460493E-15
HessDelSqRho_EigVals = -1.9321034207E+00  6.1179492941E-01  1.1616628394E+01
HessDelSqRho_EigVec1 =  8.9687320512E-01 -9.1493540931E-02 -4.3272090995E-01
HessDelSqRho_EigVec2 =  2.2524023887E-01  9.3648020538E-01  2.6883388873E-01
HessDelSqRho_EigVec3 =  3.8063800221E-01 -3.3857607255E-01  8.6051203034E-01
</CP of DelSqRho>
<CP of DelSqRho>
CP# = 20      
Type = (3,+1)
Coords = -4.90130110096856E+00  4.11519972325241E+00 -1.47097018803501E+00
DistFromNuc =  1.0256733754E+00
Rho =  1.7692184825E-01
DelSqRho = -5.1471868309E-02
GradDelSqRho = -2.2204460493E-16  2.7755575616E-17  8.8817841970E-16
HessDelSqRho_EigVals = -2.0350426236E+00  2.2410748558E-01  1.0868699380E+01
HessDelSqRho_EigVec1 = -4.0572481256E-01  9.1152040070E-01  6.7215590355E-02
HessDelSqRho_EigVec2 =  8.8520967703E-01  3.7357188532E-01  2.7721449132E-01
HessDelSqRho_EigVec3 = -2.2757680940E-01 -1.7197268856E-01  9.5845406265E-01
</CP of DelSqRho>
<CP of DelSqRho>
CP# = 21      
Type = (3,+1)
Coords = -4.26876065966193E+00  4.52825470293220E+00 -2.60709559597614E-01
DistFromNuc =  1.0254516841E+00
Rho =  1.7716433396E-01
DelSqRho = -5.0908262140E-02
GradDelSqRho =  9.5479180118E-15  6.6613381478E-15 -1.1692036228E-14
HessDelSqRho_EigVals = -2.0524968571E+00  2.2430464211E-01  1.0884395571E+01
HessDelSqRho_EigVec1 = -5.3036291784E-01  8.2996441799E-01 -1.7284166238E-01
HessDelSqRho_EigVec2 = -2.3307888263E-01  5.3270305605E-02  9.7099768744E-01
HessDelSqRho_EigVec3 =  8.1510085870E-01  5.5526690826E-01  1.6519458445E-01
</CP of DelSqRho>
<CP of DelSqRho>
CP# = 22      
Type = (3,+1)
Coords = -5.44731305760254E+00  3.17272778087705E+00 -1.01826960391429E+00
DistFromNuc =  1.0237464136E+00
Rho =  1.8083130544E-01
DelSqRho = -1.0063680962E-01
GradDelSqRho =  1.3322676296E-15  4.2188474936E-15  2.2204460493E-15
HessDelSqRho_EigVals = -1.9119896315E+00  6.0708185761E-01  1.1562016183E+01
HessDelSqRho_EigVec1 =  8.9447711026E-01 -9.2056567753E-02 -4.3753432729E-01
HessDelSqRho_EigVec2 =  3.0345287308E-01 -5.9369614632E-01  7.4527930312E-01
HessDelSqRho_EigVec3 =  3.2837029866E-01  7.9940632608E-01  5.0311278336E-01
</CP of DelSqRho>
<CP of DelSqRho>
CP# = 23      
Type = (3,+3)
Coords = -5.14617950521784E+00  4.96256714479901E+00 -7.89531113092534E-01
DistFromNuc =  1.0433222234E+00
Rho =  3.0545089057E-01
DelSqRho = -1.2729224575E+00
GradDelSqRho =  2.8588242884E-15 -8.8817841970E-15  2.4702462298E-15
HessDelSqRho_EigVals =  7.3508437538E+00  8.0307101600E+00  8.9263423849E+00
HessDelSqRho_EigVec1 =  4.4058852174E-01  2.9013025567E-01  8.4953292417E-01
HessDelSqRho_EigVec2 =  8.9661192988E-01 -9.5445000956E-02 -4.3240871752E-01
HessDelSqRho_EigVec3 = -4.4371181010E-02  9.5221567228E-01 -3.0218622034E-01
</CP of DelSqRho>
<CP of DelSqRho>
CP# = 24      
Type = (3,+3)
Coords = -4.28279626527661E+00  3.40339008312696E+00 -7.07750325335889E-01
DistFromNuc =  1.0209906943E+00
Rho =  3.3305230366E-01
DelSqRho = -1.1600480743E+00
GradDelSqRho =  4.4408920985E-16  1.6653345369E-15 -1.0269562978E-15
HessDelSqRho_EigVals =  4.8301110992E+00  7.2881340321E+00  8.9644809505E+00
HessDelSqRho_EigVec1 =  4.3962889253E-01  2.8887881235E-01  8.5045603568E-01
HessDelSqRho_EigVec2 =  3.3845915462E-01  8.2378436727E-01 -4.5477985543E-01
HessDelSqRho_EigVec3 =  8.3196865176E-01 -4.8777899506E-01 -2.6438573045E-01
</CP of DelSqRho>
<CP of DelSqRho>
CP# = 25      
Type = (3,+3)
Coords = -5.86845902041389E+00  3.57225694452667E+00  6.05538779847907E-02
DistFromNuc =  1.0168441515E+00
Rho =  3.3326915571E-01
DelSqRho = -1.1653524569E+00
GradDelSqRho = -3.3948538425E-15 -8.3266726847E-16  2.5396351688E-15
HessDelSqRho_EigVals =  4.8680334243E+00  7.2755238026E+00  9.3802366878E+00
HessDelSqRho_EigVec1 =  4.4178119653E-01  2.8931920125E-01  8.4919006952E-01
HessDelSqRho_EigVec2 = -4.3231178249E-01  8.9807262799E-01 -8.1068351271E-02
HessDelSqRho_EigVec3 =  7.8608898803E-01  3.3130039941E-01 -5.2182769977E-01
</CP of DelSqRho>
<CP of DelSqRho>
CP# = 26      
Type = (3,-1)
Coords = -4.42420780002408E+00  4.28115649993755E+00  8.83745199302286E-01
DistFromNuc =  1.5502286547E+00
Rho =  6.6691016173E-02
DelSqRho =  1.2492550478E-01
GradDelSqRho = -4.4408920985E-16 -3.1225022568E-16 -3.4694469520E-16
HessDelSqRho_EigVals = -1.2827217588E+00 -3.6781428594E-02  4.3879227841E-02
HessDelSqRho_EigVec1 =  4.3750401730E-01  2.6318866543E-01  8.5983833436E-01
HessDelSqRho_EigVec2 =  8.9726290135E-01 -6.4777508553E-02 -4.3671862823E-01
HessDelSqRho_EigVec3 = -5.9241207873E-02  9.6256719286E-01 -2.6448984577E-01
</CP of DelSqRho>
<CP of DelSqRho>
CP# = 27      
Type = (3,+1)
Coords = -3.71155782625968E+00  3.86966953022247E+00  4.76833804066013E-01
DistFromNuc =  1.6872368526E+00
Rho =  7.9194323094E-02
DelSqRho =  1.1425350025E-01
GradDelSqRho = -7.4315553711E-15 -4.5415060601E-15 -5.3880511164E-15
HessDelSqRho_EigVals = -1.0559172303E+00  9.1413739978E-02  1.1794305545E-01
HessDelSqRho_EigVec1 =  6.8512510804E-01  1.2595022617E-01  7.1745391968E-01
HessDelSqRho_EigVec2 =  5.5042557924E-01 -7.3463990312E-01 -3.9665588923E-01
HessDelSqRho_EigVec3 =  4.7711137909E-01  6.6666389828E-01 -5.7264646919E-01
</CP of DelSqRho>
<CP of DelSqRho>
CP# = 28      
Type = (3,+1)
Coords = -4.94474107336991E+00  3.06639559393061E+00 -1.89231000082771E+00
DistFromNuc =  1.6868348201E+00
Rho =  7.9005384937E-02
DelSqRho =  1.1378877068E-01
GradDelSqRho =  5.1694759584E-16  6.8521577301E-16  2.7595981056E-14
HessDelSqRho_EigVals = -1.0522290313E+00  9.1155674055E-02  1.1683956577E-01
HessDelSqRho_EigVec1 =  1.5146974890E-01  4.2162729917E-01  8.9402871082E-01
HessDelSqRho_EigVec2 =  8.4179421338E-01 -5.2910594643E-01  1.0690837094E-01
HessDelSqRho_EigVec3 =  5.1811139487E-01  7.3639481126E-01 -4.3506696549E-01
</CP of DelSqRho>
<CP of DelSqRho>
CP# = 29      
Type = (3,+1)
Coords = -6.44956630366377E+00  3.21337512722274E+00 -1.15260629765945E+00
DistFromNuc =  1.6876221228E+00
Rho =  7.9148727409E-02
DelSqRho =  1.1430822527E-01
GradDelSqRho =  2.0684842728E-14 -1.8205922880E-15  1.7041923428E-14
HessDelSqRho_EigVals = -1.0547200262E+00  9.0043378258E-02  1.1658520002E-01
HessDelSqRho_EigVec1 =  6.7359523541E-01  3.7380982791E-01  6.3760149889E-01
HessDelSqRho_EigVec2 = -5.1431658226E-01 -3.8247665128E-01  7.6758717058E-01
HessDelSqRho_EigVec3 = -5.3079931428E-01  8.4497208462E-01  6.5377856856E-02
</CP of DelSqRho>
<CP of DelSqRho>
CP# = 30      
Type = (3,+1)
Coords = -5.21964733482513E+00  4.02297114916835E+00  1.20630139179916E+00
DistFromNuc =  1.6869820621E+00
Rho =  7.9238517077E-02
DelSqRho =  1.1460873531E-01
GradDelSqRho =  3.6429192996E-17 -5.2041704279E-17  1.1102230246E-16
HessDelSqRho_EigVals = -1.0573792313E+00  9.0963641411E-02  1.1743756578E-01
HessDelSqRho_EigVec1 =  1.6506464979E-01  1.7864170884E-01  9.6996948470E-01
HessDelSqRho_EigVec2 = -7.8785299842E-01 -5.6775001721E-01  2.3863690166E-01
HessDelSqRho_EigVec3 = -5.9333069553E-01  8.0358388350E-01 -4.7027948192E-02
</CP of DelSqRho>
<CP of DelSqRho>
CP# = 31      
Type = (3,-1)
Coords = -5.79798071967545E+00  3.38557729717554E+00 -1.73258426923391E+00
DistFromNuc =  1.5511562766E+00
Rho =  6.6606056912E-02
DelSqRho =  1.2430000932E-01
GradDelSqRho =  5.5014673372E-12  3.8884416520E-12  7.3159533986E-12
HessDelSqRho_EigVals = -1.2773793839E+00 -3.5607980149E-02  4.4390610578E-02
HessDelSqRho_EigVec1 =  4.4959146938E-01  3.1714606017E-01  8.3503645860E-01
HessDelSqRho_EigVec2 =  8.8735262609E-01 -5.1473732385E-02 -4.5820931009E-01
HessDelSqRho_EigVec3 = -1.0233683422E-01  9.4697879142E-01 -3.0456254032E-01
</CP of DelSqRho>
<CP of DelSqRho>
CP# = 32      
Type = (3,-1)
Coords = -5.68341577658766E+00  4.67902229291238E+00 -1.83663412367087E+00
DistFromNuc =  1.6421202341E+00
Rho =  7.5513940747E-02
DelSqRho =  1.4285629100E-01
GradDelSqRho = -5.9865307156E-15  4.0262931877E-15  1.6357748489E-13
HessDelSqRho_EigVals = -1.4688538762E+00 -2.3993123646E-01  6.4675728773E-02
HessDelSqRho_EigVec1 =  4.3313967051E-01 -3.0151026911E-02  9.0082236951E-01
HessDelSqRho_EigVec2 =  9.8933952289E-02  9.9499171885E-01 -1.4267182789E-02
HessDelSqRho_EigVec3 =  8.9588062760E-01 -9.5301600178E-02 -4.3395334552E-01
</CP of DelSqRho>
<CP of DelSqRho>
CP# = 33      
Type = (3,-1)
Coords = -4.61505059641979E+00  5.37434192879805E+00  2.17665248235740E-01
DistFromNuc =  1.6408975390E+00
Rho =  7.5509627404E-02
DelSqRho =  1.4313297475E-01
GradDelSqRho = -5.8720389662E-16 -6.9388939039E-16 -6.1756155745E-16
HessDelSqRho_EigVals = -1.4719124211E+00 -2.3783125877E-01  6.4807770551E-02
HessDelSqRho_EigVec1 =  4.0442922588E-01  5.7771057319E-01  7.0900458029E-01
HessDelSqRho_EigVec2 = -1.8304712862E-01  8.1067813797E-01 -5.5614270230E-01
HessDelSqRho_EigVec3 =  8.9606403228E-01 -9.5139109972E-02 -4.3361019338E-01
</CP of DelSqRho>
<CP of DelSqRho>
CP# = 34      
Type = (3,-3)
Coords = -5.01020050276606E+00  2.50114465307093E+00 -2.18202104069936E-02
DistFromNuc =  1.5387129050E+00
Rho =  9.2117831995E-02
DelSqRho =  2.8595478244E-01
GradDelSqRho = -2.2655488596E-15 -1.0510689541E-14  4.7531423242E-15
HessDelSqRho_EigVals = -1.7512733294E+00 -2.7943149963E-01 -1.1671089020E-01
HessDelSqRho_EigVec1 = -3.0449762880E-02  9.5107792542E-01 -3.0744689253E-01
HessDelSqRho_EigVec2 =  4.4858780399E-01  2.8787574475E-01  8.4610669404E-01
HessDelSqRho_EigVec3 =  8.9321990240E-01 -1.1215317816E-01 -4.3540770616E-01
</CP of DelSqRho>
<Path of -GradDelSqRho>
Starting CP# =      2
Ending CP# =     25
Number of Points =     12
 -6.0883580595E+00  3.4542907440E+00  2.1605789980E-01  3.2349425446E-01 -1.0723435990E+00
 -6.0695651769E+00  3.4641662788E+00  2.0285557562E-01  3.2357475820E-01 -1.0736518275E+00
 -6.0507781076E+00  3.4740515287E+00  1.8965224837E-01  3.2380679033E-01 -1.0775207633E+00
 -6.0319972992E+00  3.4839472230E+00  1.7644783786E-01  3.2418833936E-01 -1.0837862742E+00
 -6.0132235078E+00  3.4938545962E+00  1.6324220667E-01  3.2471619978E-01 -1.0921765197E+00
 -5.9944579013E+00  3.5037755538E+00  1.5003514086E-01  3.2538615665E-01 -1.1023110787E+00
 -5.9757022482E+00  3.5137129749E+00  1.3682631431E-01  3.2619324693E-01 -1.1136992216E+00
 -5.9569592748E+00  3.5236712827E+00  1.2361522095E-01  3.2713210102E-01 -1.1257365887E+00
 -5.9382333986E+00  3.5336576097E+00  1.1040103497E-01  3.2819736974E-01 -1.1376989519E+00
 -5.9195324410E+00  3.5436844976E+00  9.7182282540E-02  3.2938424259E-01 -1.1487307982E+00
 -5.9008725766E+00  3.5537776158E+00  8.3955887375E-02  3.3068905769E-01 -1.1578250200E+00
 -5.8684590204E+00  3.5722569445E+00  6.0553877985E-02  3.3326915571E-01 -1.1653524569E+00
</Path of -GradDelSqRho>
<Path of -GradDelSqRho>
Starting CP# =      2
Ending CP# =      0
Number of Points =    400
 -6.0883580595E+00  3.4542907440E+00  2.1605789980E-01  3.2349425446E-01 -1.0723435990E+00
 -6.1071564619E+00  3.4444244473E+00  2.2925927283E-01  3.2356598595E-01 -1.0736529070E+00
 -6.1259605238E+00  3.4345676282E+00  2.4245966534E-01  3.2378931664E-01 -1.0775294034E+00
 -6.1447705246E+00  3.4247207579E+00  2.5565902144E-01  3.2416230220E-01 -1.0838154602E+00
 -6.1635870250E+00  3.4148847750E+00  2.6885723115E-01  3.2468179667E-01 -1.0922457896E+00
 -6.1824109474E+00  3.4050612205E+00  2.8205411335E-01  3.2534363339E-01 -1.1024466071E+00
 -6.2012437298E+00  3.3952524936E+00  2.9524938359E-01  3.2614288235E-01 -1.1139339599E+00
 -6.2200876149E+00  3.3854623357E+00  3.0844259205E-01  3.2707418786E-01 -1.1261105024E+00
 -6.2389462416E+00  3.3756968157E+00  3.2163299476E-01  3.2813219178E-01 -1.1382594343E+00
 -6.2578260010E+00  3.3659665965E+00  3.3481924931E-01  3.2931204911E-01 -1.1495333964E+00
 -6.2767398382E+00  3.3562932951E+00  3.4799852704E-01  3.3061004047E-01 -1.1589346929E+00
 -6.2957227719E+00  3.3467355317E+00  3.6116263784E-01  3.3202424216E-01 -1.1652811465E+00
 -6.3110716320E+00  3.3391954722E+00  3.7185090560E-01  3.3325003686E-01 -1.1672141001E+00
 -6.3113469074E+00  3.3395398477E+00  3.7170395969E-01  3.3324891941E-01 -1.1672145308E+00
 -6.3113495705E+00  3.3395381023E+00  3.7169892006E-01  3.3324892074E-01 -1.1672145311E+00
 -6.3113496312E+00  3.3395380625E+00  3.7169880434E-01  3.3324892074E-01 -1.1672145311E+00
 -6.3113496326E+00  3.3395380616E+00  3.7169880169E-01  3.3324892074E-01 -1.1672145311E+00
 -6.3113496326E+00  3.3395380616E+00  3.7169880163E-01  3.3324892074E-01 -1.1672145311E+00
 -6.3113496326E+00  3.3395380616E+00  3.7169880163E-01  3.3324892074E-01 -1.1672145311E+00
 -6.3113496326E+00  3.3395380616E+00  3.7169880163E-01  3.3324892074E-01 -1.1672145311E+00
 -6.3113496326E+00  3.3395380616E+00  3.7169880163E-01  3.3324892074E-01 -1.1672145311E+00
 -6.3113496326E+00  3.3395380616E+00  3.7169880163E-01  3.3324892074E-01 -1.1672145311E+00
 -6.3113496326E+00  3.3395380616E+00  3.7169880163E-01  3.3324892074E-01 -1.1672145311E+00
 -6.3113496326E+00  3.3395380616E+00  3.7169880163E-01  3.3324892074E-01 -1.1672145311E+00
 -6.3113496326E+00  3.3395380616E+00  3.7169880163E-01  3.3324892074E-01 -1.1672145311E+00
 -6.3113496326E+00  3.3395380616E+00  3.7169880163E-01  3.3324892074E-01 -1.1672145311E+00
 -6.3113496326E+00  3.3395380616E+00  3.7169880163E-01  3.3324892074E-01 -1.1672145311E+00
 -6.3113496326E+00  3.3395380616E+00  3.7169880163E-01  3.3324892074E-01 -1.1672145311E+00
 -6.3113496326E+00  3.3395380616E+00  3.7169880163E-01  3.3324892074E-01 -1.1672145311E+00
 -6.3113496326E+00  3.3395380616E+00  3.7169880163E-01  3.3324892074E-01 -1.1672145311E+00
 -6.3113496326E+00  3.3395380616E+00  3.7169880163E-01  3.3324892074E-01 -1.1672145311E+00
 -6.3113496326E+00  3.3395380616E+00  3.7169880163E-01  3.3324892074E-01 -1.1672145311E+00
 -6.3113496326E+00  3.3395380616E+00  3.7169880163E-01  3.3324892074E-01 -1.1672145311E+00
 -6.3113496326E+00  3.3395380616E+00  3.7169880163E-01  3.3324892074E-01 -1.1672145311E+00
 -6.3113496326E+00  3.3395380616E+00  3.7169880163E-01  3.3324892074E-01 -1.1672145311E+00
 -6.3113496326E+00  3.3395380616E+00  3.7169880163E-01  3.3324892074E-01 -1.1672145311E+00
 -6.3113496326E+00  3.3395380616E+00  3.7169880163E-01  3.3324892074E-01 -1.1672145311E+00
 -6.3113496326E+00  3.3395380616E+00  3.7169880163E-01  3.3324892074E-01 -1.1672145311E+00
 -6.3113496326E+00  3.3395380616E+00  3.7169880163E-01  3.3324892074E-01 -1.1672145311E+00
 -6.3113496326E+00  3.3395380616E+00  3.7169880163E-01  3.3324892074E-01 -1.1672145311E+00
 -6.3113496326E+00  3.3395380616E+00  3.7169880163E-01  3.3324892074E-01 -1.1672145311E+00
 -6.3113496326E+00  3.3395380616E+00  3.7169880163E-01  3.3324892074E-01 -1.1672145311E+00
 -6.3113496326E+00  3.3395380616E+00  3.7169880163E-01  3.3324892074E-01 -1.1672145311E+00
 -6.3113496326E+00  3.3395380616E+00  3.7169880163E-01  3.3324892074E-01 -1.1672145311E+00
 -6.3113496326E+00  3.3395380616E+00  3.7169880163E-01  3.3324892074E-01 -1.1672145311E+00
 -6.3113496326E+00  3.3395380616E+00  3.7169880163E-01  3.3324892074E-01 -1.1672145311E+00
 -6.3113496326E+00  3.3395380616E+00  3.7169880163E-01  3.3324892074E-01 -1.1672145311E+00
 -6.3113496326E+00  3.3395380616E+00  3.7169880163E-01  3.3324892074E-01 -1.1672145311E+00
 -6.3113496326E+00  3.3395380616E+00  3.7169880163E-01  3.3324892074E-01 -1.1672145311E+00
 -6.3113496326E+00  3.3395380616E+00  3.7169880163E-01  3.3324892074E-01 -1.1672145311E+00
 -6.3113496326E+00  3.3395380616E+00  3.7169880163E-01  3.3324892074E-01 -1.1672145311E+00
 -6.3113496326E+00  3.3395380616E+00  3.7169880163E-01  3.3324892074E-01 -1.1672145311E+00
 -6.3113496326E+00  3.3395380616E+00  3.7169880163E-01  3.3324892074E-01 -1.1672145311E+00
 -6.3113496326E+00  3.3395380616E+00  3.7169880163E-01  3.3324892074E-01 -1.1672145311E+00
 -6.3113496326E+00  3.3395380616E+00  3.7169880163E-01  3.3324892074E-01 -1.1672145311E+00
 -6.3113496326E+00  3.3395380616E+00  3.7169880163E-01  3.3324892074E-01 -1.1672145311E+00
 -6.3113496326E+00  3.3395380616E+00  3.7169880163E-01  3.3324892074E-01 -1.1672145311E+00
 -6.3113496326E+00  3.3395380616E+00  3.7169880163E-01  3.3324892074E-01 -1.1672145311E+00
 -6.3113496326E+00  3.3395380616E+00  3.7169880163E-01  3.3324892074E-01 -1.1672145311E+00
 -6.3113496326E+00  3.3395380616E+00  3.7169880163E-01  3.3324892074E-01 -1.1672145311E+00
 -6.3113496326E+00  3.3395380616E+00  3.7169880163E-01  3.3324892074E-01 -1.1672145311E+00
 -6.3113496326E+00  3.3395380616E+00  3.7169880163E-01  3.3324892074E-01 -1.1672145311E+00
 -6.3113496326E+00  3.3395380616E+00  3.7169880163E-01  3.3324892074E-01 -1.1672145311E+00
 -6.3113496326E+00  3.3395380616E+00  3.7169880163E-01  3.3324892074E-01 -1.1672145311E+00
 -6.3113496326E+00  3.3395380616E+00  3.7169880163E-01  3.3324892074E-01 -1.1672145311E+00
 -6.3113496326E+00  3.3395380616E+00  3.7169880163E-01  3.3324892074E-01 -1.1672145311E+00
 -6.3113496326E+00  3.3395380616E+00  3.7169880163E-01  3.3324892074E-01 -1.1672145311E+00
 -6.3113496326E+00  3.3395380616E+00  3.7169880163E-01  3.3324892074E-01 -1.1672145311E+00
 -6.3113496326E+00  3.3395380616E+00  3.7169880163E-01  3.3324892074E-01 -1.1672145311E+00
 -6.3113496326E+00  3.3395380616E+00  3.7169880163E-01  3.3324892074E-01 -1.1672145311E+00
 -6.3113496326E+00  3.3395380616E+00  3.7169880163E-01  3.3324892074E-01 -1.1672145311E+00
 -6.3113496326E+00  3.3395380616E+00  3.7169880163E-01  3.3324892074E-01 -1.1672145311E+00
 -6.3113496326E+00  3.3395380616E+00  3.7169880163E-01  3.3324892074E-01 -1.1672145311E+00
 -6.3113496326E+00  3.3395380616E+00  3.7169880163E-01  3.3324892074E-01 -1.1672145311E+00
 -6.3113496326E+00  3.3395380616E+00  3.7169880163E-01  3.3324892074E-01 -1.1672145311E+00
 -6.3113496326E+00  3.3395380616E+00  3.7169880163E-01  3.3324892074E-01 -1.1672145311E+00
 -6.3113496326E+00  3.3395380616E+00  3.7169880163E-01  3.3324892074E-01 -1.1672145311E+00
 -6.3113496326E+00  3.3395380616E+00  3.7169880163E-01  3.3324892074E-01 -1.1672145311E+00
 -6.3113496326E+00  3.3395380616E+00  3.7169880163E-01  3.3324892074E-01 -1.1672145311E+00
 -6.3113496326E+00  3.3395380616E+00  3.7169880163E-01  3.3324892074E-01 -1.1672145311E+00
 -6.3113496326E+00  3.3395380616E+00  3.7169880163E-01  3.3324892074E-01 -1.1672145311E+00
 -6.3113496326E+00  3.3395380616E+00  3.7169880163E-01  3.3324892074E-01 -1.1672145311E+00
 -6.3113496326E+00  3.3395380616E+00  3.7169880163E-01  3.3324892074E-01 -1.1672145311E+00
 -6.3113496326E+00  3.3395380616E+00  3.7169880163E-01  3.3324892074E-01 -1.1672145311E+00
 -6.3113496326E+00  3.3395380616E+00  3.7169880163E-01  3.3324892074E-01 -1.1672145311E+00
 -6.3113496326E+00  3.3395380616E+00  3.7169880163E-01  3.3324892074E-01 -1.1672145311E+00
 -6.3113496326E+00  3.3395380616E+00  3.7169880163E-01  3.3324892074E-01 -1.1672145311E+00
 -6.3113496326E+00  3.3395380616E+00  3.7169880163E-01  3.3324892074E-01 -1.1672145311E+00
 -6.3113496326E+00  3.3395380616E+00  3.7169880163E-01  3.3324892074E-01 -1.1672145311E+00
 -6.3113496326E+00  3.3395380616E+00  3.7169880163E-01  3.3324892074E-01 -1.1672145311E+00
 -6.3113496326E+00  3.3395380616E+00  3.7169880163E-01  3.3324892074E-01 -1.1672145311E+00
 -6.3113496326E+00  3.3395380616E+00  3.7169880163E-01  3.3324892074E-01 -1.1672145311E+00
 -6.3113496326E+00  3.3395380616E+00  3.7169880163E-01  3.3324892074E-01 -1.1672145311E+00
 -6.3113496326E+00  3.3395380616E+00  3.7169880163E-01  3.3324892074E-01 -1.1672145311E+00
 -6.3113496326E+00  3.3395380616E+00  3.7169880163E-01  3.3324892074E-01 -1.1672145311E+00
 -6.3113496326E+00  3.3395380616E+00  3.7169880163E-01  3.3324892074E-01 -1.1672145311E+00
 -6.3113496326E+00  3.3395380616E+00  3.7169880163E-01  3.3324892074E-01 -1.1672145311E+00
 -6.3113496326E+00  3.3395380616E+00  3.7169880163E-01  3.3324892074E-01 -1.1672145311E+00
 -6.3113496326E+00  3.3395380616E+00  3.7169880163E-01  3.3324892074E-01 -1.1672145311E+00
 -6.3113496326E+00  3.3395380616E+00  3.7169880163E-01  3.3324892074E-01 -1.1672145311E+00
 -6.3113496326E+00  3.3395380616E+00  3.7169880163E-01  3.3324892074E-01 -1.1672145311E+00
 -6.3113496326E+00  3.3395380616E+00  3.7169880163E-01  3.3324892074E-01 -1.1672145311E+00
 -6.3113496326E+00  3.3395380616E+00  3.7169880163E-01  3.3324892074E-01 -1.1672145311E+00
 -6.3113496326E+00  3.3395380616E+00  3.7169880163E-01  3.3324892074E-01 -1.1672145311E+00
 -6.3113496326E+00  3.3395380616E+00  3.7169880163E-01  3.3324892074E-01 -1.1672145311E+00
 -6.3113496326E+00  3.3395380616E+00  3.7169880163E-01  3.3324892074E-01 -1.1672145311E+00
 -6.3113496326E+00  3.3395380616E+00  3.7169880163E-01  3.3324892074E-01 -1.1672145311E+00
 -6.3113496326E+00  3.3395380616E+00  3.7169880163E-01  3.3324892074E-01 -1.1672145311E+00
 -6.3113496326E+00  3.3395380616E+00  3.7169880163E-01  3.3324892074E-01 -1.1672145311E+00
 -6.3113496326E+00  3.3395380616E+00  3.7169880163E-01  3.3324892074E-01 -1.1672145311E+00
 -6.3113496326E+00  3.3395380616E+00  3.7169880163E-01  3.3324892074E-01 -1.1672145311E+00
 -6.3113496326E+00  3.3395380616E+00  3.7169880163E-01  3.3324892074E-01 -1.1672145311E+00
 -6.3113496326E+00  3.3395380616E+00  3.7169880163E-01  3.3324892074E-01 -1.1672145311E+00
 -6.3113496326E+00  3.3395380616E+00  3.7169880163E-01  3.3324892074E-01 -1.1672145311E+00
 -6.3113496326E+00  3.3395380616E+00  3.7169880163E-01  3.3324892074E-01 -1.1672145311E+00
 -6.3113496326E+00  3.3395380616E+00  3.7169880163E-01  3.3324892074E-01 -1.1672145311E+00
 -6.3113496326E+00  3.3395380616E+00  3.7169880163E-01  3.3324892074E-01 -1.1672145311E+00
 -6.3113496326E+00  3.3395380616E+00  3.7169880163E-01  3.3324892074E-01 -1.1672145311E+00
 -6.3113496326E+00  3.3395380616E+00  3.7169880163E-01  3.3324892074E-01 -1.1672145311E+00
 -6.3113496326E+00  3.3395380616E+00  3.7169880163E-01  3.3324892074E-01 -1.1672145311E+00
 -6.3113496326E+00  3.3395380616E+00  3.7169880163E-01  3.3324892074E-01 -1.1672145311E+00
 -6.3113496326E+00  3.3395380616E+00  3.7169880163E-01  3.3324892074E-01 -1.1672145311E+00
 -6.3113496326E+00  3.3395380616E+00  3.7169880163E-01  3.3324892074E-01 -1.1672145311E+00
 -6.3113496326E+00  3.3395380616E+00  3.7169880163E-01  3.3324892074E-01 -1.1672145311E+00
 -6.3113496326E+00  3.3395380616E+00  3.7169880163E-01  3.3324892074E-01 -1.1672145311E+00
 -6.3113496326E+00  3.3395380616E+00  3.7169880163E-01  3.3324892074E-01 -1.1672145311E+00
 -6.3113496326E+00  3.3395380616E+00  3.7169880163E-01  3.3324892074E-01 -1.1672145311E+00
 -6.3113496326E+00  3.3395380616E+00  3.7169880163E-01  3.3324892074E-01 -1.1672145311E+00
 -6.3113496326E+00  3.3395380616E+00  3.7169880163E-01  3.3324892074E-01 -1.1672145311E+00
 -6.3113496326E+00  3.3395380616E+00  3.7169880163E-01  3.3324892074E-01 -1.1672145311E+00
 -6.3113496326E+00  3.3395380616E+00  3.7169880163E-01  3.3324892074E-01 -1.1672145311E+00
 -6.3113496326E+00  3.3395380616E+00  3.7169880163E-01  3.3324892074E-01 -1.1672145311E+00
 -6.3113496326E+00  3.3395380616E+00  3.7169880163E-01  3.3324892074E-01 -1.1672145311E+00
 -6.3113496326E+00  3.3395380616E+00  3.7169880163E-01  3.3324892074E-01 -1.1672145311E+00
 -6.3113496326E+00  3.3395380616E+00  3.7169880163E-01  3.3324892074E-01 -1.1672145311E+00
 -6.3113496326E+00  3.3395380616E+00  3.7169880163E-01  3.3324892074E-01 -1.1672145311E+00
 -6.3113496326E+00  3.3395380616E+00  3.7169880163E-01  3.3324892074E-01 -1.1672145311E+00
 -6.3113496326E+00  3.3395380616E+00  3.7169880163E-01  3.3324892074E-01 -1.1672145311E+00
 -6.3113496326E+00  3.3395380616E+00  3.7169880163E-01  3.3324892074E-01 -1.1672145311E+00
 -6.3113496326E+00  3.3395380616E+00  3.7169880163E-01  3.3324892074E-01 -1.1672145311E+00
 -6.3113496326E+00  3.3395380616E+00  3.7169880163E-01  3.3324892074E-01 -1.1672145311E+00
 -6.3113496326E+00  3.3395380616E+00  3.7169880163E-01  3.3324892074E-01 -1.1672145311E+00
 -6.3113496326E+00  3.3395380616E+00  3.7169880163E-01  3.3324892074E-01 -1.1672145311E+00
 -6.3113496326E+00  3.3395380616E+00  3.7169880163E-01  3.3324892074E-01 -1.1672145311E+00
 -6.3113496326E+00  3.3395380616E+00  3.7169880163E-01  3.3324892074E-01 -1.1672145311E+00
 -6.3113496326E+00  3.3395380616E+00  3.7169880163E-01  3.3324892074E-01 -1.1672145311E+00
 -6.3113496326E+00  3.3395380616E+00  3.7169880163E-01  3.3324892074E-01 -1.1672145311E+00
 -6.3113496326E+00  3.3395380616E+00  3.7169880163E-01  3.3324892074E-01 -1.1672145311E+00
 -6.3113496326E+00  3.3395380616E+00  3.7169880163E-01  3.3324892074E-01 -1.1672145311E+00
 -6.3113496326E+00  3.3395380616E+00  3.7169880163E-01  3.3324892074E-01 -1.1672145311E+00
 -6.3113496326E+00  3.3395380616E+00  3.7169880163E-01  3.3324892074E-01 -1.1672145311E+00
 -6.3113496326E+00  3.3395380616E+00  3.7169880163E-01  3.3324892074E-01 -1.1672145311E+00
 -6.3113496326E+00  3.3395380616E+00  3.7169880163E-01  3.3324892074E-01 -1.1672145311E+00
 -6.3113496326E+00  3.3395380616E+00  3.7169880163E-01  3.3324892074E-01 -1.1672145311E+00
 -6.3113496326E+00  3.3395380616E+00  3.7169880163E-01  3.3324892074E-01 -1.1672145311E+00
 -6.3113496326E+00  3.3395380616E+00  3.7169880163E-01  3.3324892074E-01 -1.1672145311E+00
 -6.3113496326E+00  3.3395380616E+00  3.7169880163E-01  3.3324892074E-01 -1.1672145311E+00
 -6.3113496326E+00  3.3395380616E+00  3.7169880163E-01  3.3324892074E-01 -1.1672145311E+00
 -6.3113496326E+00  3.3395380616E+00  3.7169880163E-01  3.3324892074E-01 -1.1672145311E+00
 -6.3113496326E+00  3.3395380616E+00  3.7169880163E-01  3.3324892074E-01 -1.1672145311E+00
 -6.3113496326E+00  3.3395380616E+00  3.7169880163E-01  3.3324892074E-01 -1.1672145311E+00
