 AIMInt (Version 19.10.12, Professional)
 Portions Copyright (c) 1997-2019 by Todd A. Keith
 AIMInt is a component of the AIMAll package ( http://aim.tkgristmill.com )

 TP:  64-bit Mac OS X

 AIMInt is a heavily modified and extended version of the PROAIMV program
 developed by members of R.F.W. Bader's research group

 Much of the Quantum Theory of Atoms in Molecules (QTAIM) is described in the book:
   "Atoms in Molecules - A Quantum Theory"
   R.F.W. Bader, Oxford University Press, Oxford, 1990

 For additional references see:  http://aim.tkgristmill.com/references.html

 Current Directory:  /Users/chemlab/Documents/SubstituentCoding/HanschLeoTaftSubstituents/QTAIM

 Inp File:  SubH_AsO-C6H5-2_wb97xd_aug-cc-pvtz_atomicfiles/o25.inp
 Wfx File:  SubH_AsO-C6H5-2_wb97xd_aug-cc-pvtz.wfx
 Out File:  SubH_AsO-C6H5-2_wb97xd_aug-cc-pvtz_atomicfiles/o25.int

 Wfx Title:   Title Card Required                                                           
 Job Title:   Title Card Required                                                           
 
<Atom>
O25     
</Atom>
<Nuclei of Molecule>
    25
As1       33.0          -5.3208027851E-02  -2.1440785859E+00  -1.0041145093E+00
H2         1.0           2.5355490096E-02  -2.2637913563E+00  -3.8679903787E+00
C3         6.0          -2.9027381812E+00   8.2426052836E-03  -2.6598873521E-01
C4         6.0          -4.8685685882E+00  -1.0294145350E+00   1.1253035154E+00
C5         6.0          -3.0098287713E+00   2.5072140174E+00  -1.0634474101E+00
C6         6.0          -6.9573376848E+00   4.4240606348E-01   1.7108104053E+00
H7         1.0          -4.7375792618E+00  -2.9748575537E+00   1.7448002278E+00
C8         6.0          -5.1007412639E+00   3.9686312833E+00  -4.7560734623E-01
H9         1.0          -1.4651528530E+00   3.3313815952E+00  -2.1234119422E+00
C10        6.0          -7.0733082177E+00   2.9337792338E+00   9.0939439492E-01
H11        1.0          -8.4927168011E+00  -3.5756130114E-01   2.7961476405E+00
H12        1.0          -5.1899011308E+00   5.9154152008E+00  -1.0901484378E+00
H13        1.0          -8.7028420811E+00   4.0784313649E+00   1.3691175077E+00
C14        6.0           2.9427084266E+00  -2.3629237246E-01  -2.1091324461E-01
C15        6.0           3.9242876386E+00   1.5282973486E+00  -1.8873568369E+00
C16        6.0           4.0957902706E+00  -6.4531044984E-01   2.1103199193E+00
C17        6.0           6.0515128812E+00   2.9087375100E+00  -1.2288899221E+00
H18        1.0           3.0546283623E+00   1.8193594109E+00  -3.7181850606E+00
C19        6.0           6.2240459142E+00   7.3621681630E-01   2.7597292293E+00
H20        1.0           3.3383557438E+00  -2.0591353464E+00   3.3799726920E+00
C21        6.0           7.1951015438E+00   2.5143928661E+00   1.0960672880E+00
H22        1.0           6.8227871455E+00   4.2797321806E+00  -2.5330442535E+00
H23        1.0           7.1309203250E+00   4.1938786511E-01   4.5630946304E+00
H24        1.0           8.8577836245E+00   3.5871793707E+00   1.6069009621E+00
O25        8.0          -2.5141468137E-01  -4.8552938024E+00   4.4149970960E-01
</Nuclei of Molecule>
<Total Number of CPs of DelSqRho>
    29
</Total Number of CPs of DelSqRho>
<Number of (3,+3) CPs of DelSqRho>
     6
</Number of (3,+3) CPs of DelSqRho>
<Number of (3,+1) CPs of DelSqRho>
    12
</Number of (3,+1) CPs of DelSqRho>
<Number of (3,-1) CPs of DelSqRho>
     9
</Number of (3,-1) CPs of DelSqRho>
<Number of (3,-3) CPs of DelSqRho>
     2
</Number of (3,-3) CPs of DelSqRho>
<Number of Degenerate CPs of DelSqRho>
     0
</Number of Degenerate CPs of DelSqRho>
<CP of DelSqRho>
CP# = 1       
Type = (3,+3)
Coords = -2.51414648627110E-01 -4.85529331536650E+00  4.41499457078109E-01
DistFromNuc =  5.4959758207E-07
Rho =  2.9828380410E+02
DelSqRho = -3.3401554761E+06
GradDelSqRho = -2.7226322459E-06 -1.7535217921E-05  2.8531376302E-06
HessDelSqRho_EigVals =  1.3282668922E+11  1.3282668983E+11  1.3282670266E+11
HessDelSqRho_EigVec1 =  9.1480036331E-01 -2.5307401732E-01 -3.1479173600E-01
HessDelSqRho_EigVec2 =  3.9776907287E-01  4.2912705104E-01  8.1094373339E-01
HessDelSqRho_EigVec3 =  7.0143139069E-02  8.6706603890E-01 -4.9323059944E-01
</CP of DelSqRho>
<CP of DelSqRho>
CP# = 2       
Type = (3,-3)
Coords = -2.38185065116483E-01 -4.71201843429090E+00  3.52002006374214E-01
DistFromNuc =  1.6944820076E-01
Rho =  2.2128330561E+01
DelSqRho =  1.2602510506E+03
GradDelSqRho =  7.3399064604E-12 -1.7209345060E-11 -5.4967586038E-11
HessDelSqRho_EigVals = -3.9774113636E+05 -1.2422288098E+03 -1.1296433446E+03
HessDelSqRho_EigVec1 =  7.8229997922E-02  8.4518104715E-01 -5.2872399696E-01
HessDelSqRho_EigVec2 =  9.2638406200E-01 -2.5759089166E-01 -2.7469893013E-01
HessDelSqRho_EigVec3 = -3.6836481524E-01 -4.6831178725E-01 -8.0311358650E-01
</CP of DelSqRho>
<CP of DelSqRho>
CP# = 3       
Type = (3,-1)
Coords = -2.68871495747017E-01 -4.84509933183568E+00  2.73905234064647E-01
DistFromNuc =  1.6880928834E-01
Rho =  2.2365830159E+01
DelSqRho =  1.2535045628E+03
GradDelSqRho =  1.6484591470E-12 -7.9580786405E-13 -2.2964741220E-11
HessDelSqRho_EigVals = -4.0832026291E+05 -1.5654287606E+02  1.6691665994E+03
HessDelSqRho_EigVec1 =  1.0432506959E-01 -5.3354061367E-02  9.9311108341E-01
HessDelSqRho_EigVec2 =  9.8260612342E-01 -1.4871868649E-01 -1.1121132367E-01
HessDelSqRho_EigVec3 =  1.5362775165E-01  9.8743916087E-01  3.6910940091E-02
</CP of DelSqRho>
<CP of DelSqRho>
CP# = 4       
Type = (3,+1)
Coords = -3.57582425995339E-01 -4.72938416191621E+00  4.78753627599148E-01
DistFromNuc =  1.6885698675E-01
Rho =  2.2365123970E+01
DelSqRho =  1.2504189486E+03
GradDelSqRho =  3.5811353882E-12  1.1510792319E-11  1.8985701900E-11
HessDelSqRho_EigVals = -4.0692652770E+05  1.3524728360E+02  1.9415781897E+03
HessDelSqRho_EigVec1 = -6.3191619901E-01  7.4154908677E-01  2.2535942256E-01
HessDelSqRho_EigVec2 =  6.4703306300E-01  3.4468841963E-01  6.8010154298E-01
HessDelSqRho_EigVec3 = -4.2664989490E-01 -5.7558217943E-01  6.9762097295E-01
</CP of DelSqRho>
<CP of DelSqRho>
CP# = 5       
Type = (3,+3)
Coords = -8.95550197997414E-01 -4.94465917393848E+00  5.32792251513315E-01
DistFromNuc =  6.5668185723E-01
Rho =  8.6097963814E-01
DelSqRho = -3.5007832073E+00
GradDelSqRho =  7.3718808835E-14  1.1102230246E-16 -1.7319479184E-14
HessDelSqRho_EigVals =  3.8542423538E-01  9.8260544486E+00  2.7574528299E+02
HessDelSqRho_EigVec1 =  5.7394359673E-02  4.8148104635E-01  8.7457526233E-01
HessDelSqRho_EigVec2 = -1.9100822312E-01  8.6513243586E-01 -4.6374748207E-01
HessDelSqRho_EigVec3 =  9.7990904995E-01  1.4043457706E-01 -1.4162056132E-01
</CP of DelSqRho>
<CP of DelSqRho>
CP# = 6       
Type = (3,-1)
Coords = -3.00998020895247E-01 -5.44440815488498E+00  7.84728168730432E-01
DistFromNuc =  6.8360807704E-01
Rho =  7.4746017594E-01
DelSqRho = -2.2600428680E+00
GradDelSqRho = -9.1038288019E-15 -4.9737991503E-14  2.4424906542E-14
HessDelSqRho_EigVals = -6.9497948102E+00 -6.5750156963E+00  2.1401283544E+02
HessDelSqRho_EigVec1 =  9.1857485572E-01 -2.5361973688E-01 -3.0314561436E-01
HessDelSqRho_EigVec2 =  3.8854839837E-01  4.3882821175E-01  8.1022215639E-01
HessDelSqRho_EigVec3 =  7.2459482271E-02  8.6203644334E-01 -5.0164010385E-01
</CP of DelSqRho>
<CP of DelSqRho>
CP# = 7       
Type = (3,-1)
Coords = -1.97310647223700E-01 -4.20025256234219E+00  5.44480730710670E-02
DistFromNuc =  7.6276814436E-01
Rho =  6.0406361952E-01
DelSqRho = -1.3002340954E+00
GradDelSqRho =  4.9404924596E-15  4.7961634664E-14 -2.5757174171E-14
HessDelSqRho_EigVals = -2.7566496953E+00 -2.6355948959E+00  1.0607246152E+02
HessDelSqRho_EigVec1 =  8.6291328647E-01 -3.1150761998E-01 -3.9792419219E-01
HessDelSqRho_EigVec2 =  5.0019784478E-01  4.1431506191E-01  7.6035856380E-01
HessDelSqRho_EigVec3 =  7.1991500216E-02  8.5516433050E-01 -5.1333341186E-01
</CP of DelSqRho>
<CP of DelSqRho>
CP# = 8       
Type = (3,+1)
Coords = -5.38034546108948E-01 -5.27188850180473E+00  2.13979618893478E-02
DistFromNuc =  6.5740974198E-01
Rho =  8.5677795907E-01
DelSqRho = -3.4511596777E+00
GradDelSqRho = -3.5527136788E-15 -3.5527136788E-14 -1.7763568394E-14
HessDelSqRho_EigVals = -5.2310346108E-01  9.3850228841E+00  2.7397753657E+02
HessDelSqRho_EigVec1 =  8.9956542886E-01 -2.7900931410E-01 -3.3605928323E-01
HessDelSqRho_EigVec2 =  3.6676499717E-02 -7.1842337901E-01  6.9463852676E-01
HessDelSqRho_EigVec3 =  4.3524346471E-01  6.3719828244E-01  6.3603575001E-01
</CP of DelSqRho>
<CP of DelSqRho>
CP# = 9       
Type = (3,+3)
Coords =  2.66812761497944E-01 -5.20052326262113E+00  2.37348819418655E-01
DistFromNuc =  6.5530195231E-01
Rho =  8.6612121130E-01
DelSqRho = -3.5549086876E+00
GradDelSqRho =  1.7763568394E-14 -2.6645352591E-15  7.1054273576E-15
HessDelSqRho_EigVals =  6.6704653358E-01  1.0074999267E+01  2.8061698733E+02
HessDelSqRho_EigVec1 =  5.4811526646E-01  3.8299929088E-01  7.4355981458E-01
HessDelSqRho_EigVec2 =  2.7655863424E-01  7.5600341412E-01 -5.9327410163E-01
HessDelSqRho_EigVec3 =  7.8935731865E-01 -5.3082047909E-01 -3.0845525197E-01
</CP of DelSqRho>
<CP of DelSqRho>
CP# = 10      
Type = (3,+1)
Coords = -4.06251391868975E-02 -4.72356901558612E+00  1.05187029358657E+00
DistFromNuc =  6.5904165297E-01
Rho =  8.5105390344E-01
DelSqRho = -3.3991246412E+00
GradDelSqRho =  4.2632564146E-14 -6.6613381478E-15  7.8159700934E-14
HessDelSqRho_EigVals = -4.4013376359E-01  9.0447226488E+00  2.6854675394E+02
HessDelSqRho_EigVec1 = -9.3157014125E-01  2.4365244555E-01  2.6983431529E-01
HessDelSqRho_EigVec2 =  1.7362707856E-01  9.5024726944E-01 -2.5861895622E-01
HessDelSqRho_EigVec3 =  3.1942246245E-01  1.9407115372E-01  9.2752664532E-01
</CP of DelSqRho>
<CP of DelSqRho>
CP# = 11      
Type = (3,-3)
Coords = -3.31143332367043E-01 -5.87987841528504E+00  1.00862623954457E+00
DistFromNuc =  1.1737814054E+00
Rho =  2.2693340702E-01
DelSqRho =  6.7123610885E-01
GradDelSqRho =  1.1002310174E-13  1.6566747973E-12 -6.3760108304E-13
HessDelSqRho_EigVals = -1.5583319440E+01 -1.1434285115E-01 -1.1133381272E-01
HessDelSqRho_EigVec1 =  6.8256637274E-02  8.7242200373E-01 -4.8396371648E-01
HessDelSqRho_EigVec2 =  9.6182728558E-01 -1.8639819932E-01 -2.0035963667E-01
HessDelSqRho_EigVec3 =  2.6500812098E-01  4.5181363270E-01  8.5184220201E-01
</CP of DelSqRho>
<CP of DelSqRho>
CP# = 12      
Type = (3,-1)
Coords =  1.57739969375757E-01 -3.63986642378476E+00 -1.09965968790756E-01
DistFromNuc =  1.3959891244E+00
Rho =  2.3644666978E-01
DelSqRho =  1.5840247548E-01
GradDelSqRho =  6.1062266354E-16  3.2196467714E-15 -2.4147350786E-15
HessDelSqRho_EigVals = -3.6309901729E-01 -4.4348863672E-02  5.8811046997E+00
HessDelSqRho_EigVec1 =  9.6074727856E-01  2.4834765048E-01  1.2364510195E-01
HessDelSqRho_EigVec2 = -2.3210109065E-01  4.7540358266E-01  8.4859914996E-01
HessDelSqRho_EigVec3 = -1.5196628064E-01  8.4398748693E-01 -5.1438445879E-01
</CP of DelSqRho>
<CP of DelSqRho>
CP# = 13      
Type = (3,-1)
Coords = -1.39272929891730E-01 -3.81637484302159E+00 -4.76002459918128E-01
DistFromNuc =  1.3905893023E+00
Rho =  2.3821260496E-01
DelSqRho =  1.5770276456E-01
GradDelSqRho = -3.0531133177E-16 -2.7200464103E-15  1.3877787808E-15
HessDelSqRho_EigVals = -3.7375661615E-01 -1.7920616353E-02  5.7386066761E+00
HessDelSqRho_EigVec1 = -9.2345581265E-02  2.6078322529E-01  9.6097055263E-01
HessDelSqRho_EigVec2 =  9.9470126873E-01 -1.9634267136E-02  1.0091521961E-01
HessDelSqRho_EigVec3 =  4.5184948991E-02  9.6519770253E-01 -2.5758826725E-01
</CP of DelSqRho>
<CP of DelSqRho>
CP# = 14      
Type = (3,-1)
Coords = -4.73073332948394E-01 -3.57108031231022E+00 -7.29109972187140E-02
DistFromNuc =  1.4010550386E+00
Rho =  2.3471306935E-01
DelSqRho =  1.5959988187E-01
GradDelSqRho =  2.7755575616E-16  1.2212453271E-15 -3.3306690739E-16
HessDelSqRho_EigVals = -3.5793751150E-01 -6.9487899992E-02  6.0122621234E+00
HessDelSqRho_EigVec1 =  8.7145257568E-01 -4.3359521744E-01 -2.2927188174E-01
HessDelSqRho_EigVec2 =  4.1672829033E-01  4.0802695170E-01  8.1231246373E-01
HessDelSqRho_EigVec3 =  2.5866569233E-01  8.0343586807E-01 -5.3626753166E-01
</CP of DelSqRho>
<CP of DelSqRho>
CP# = 15      
Type = (3,+1)
Coords = -1.04807721523901E-01 -3.52910044415866E+00  7.66717191012351E-02
DistFromNuc =  1.3832504787E+00
Rho =  2.4119952551E-01
DelSqRho =  1.5698890246E-01
GradDelSqRho =  2.2204460493E-16 -1.8873791419E-15 -2.2759572005E-15
HessDelSqRho_EigVals = -4.0584316655E-01  6.2880706906E-02  5.4643560529E+00
HessDelSqRho_EigVec1 =  1.8576076808E-01  6.4621166521E-01  7.4020498566E-01
HessDelSqRho_EigVec2 = -9.8246015181E-01  1.3463034835E-01  1.2902216637E-01
HessDelSqRho_EigVec3 =  1.6278426090E-02  7.5118915930E-01 -6.5988624762E-01
</CP of DelSqRho>
<CP of DelSqRho>
CP# = 16      
Type = (3,+1)
Coords =  4.49301029591259E-02 -3.78858426363524E+00 -3.95154067659936E-01
DistFromNuc =  1.3876883708E+00
Rho =  2.3926099658E-01
DelSqRho =  1.5754747881E-01
GradDelSqRho = -3.6082248300E-16  2.7755575616E-16  1.3877787808E-15
HessDelSqRho_EigVals = -3.9518469104E-01  2.1540749543E-02  5.6380377234E+00
HessDelSqRho_EigVec1 =  6.7126912829E-01 -1.7358845862E-01 -7.2060030839E-01
HessDelSqRho_EigVec2 =  7.3598418033E-01  2.7137971904E-01  6.2022603492E-01
HessDelSqRho_EigVec3 = -8.7892227832E-02  9.4668901712E-01 -3.0992718687E-01
</CP of DelSqRho>
<CP of DelSqRho>
CP# = 17      
Type = (3,+1)
Coords = -3.53526627948699E-01 -3.77248714290722E+00 -4.17652505609987E-01
DistFromNuc =  1.3860157432E+00
Rho =  2.3991089719E-01
DelSqRho =  1.5746298276E-01
GradDelSqRho = -5.2735593670E-16  6.3837823916E-16 -3.4972025276E-15
HessDelSqRho_EigVals = -3.9923870094E-01  3.0254714160E-02  5.5822396669E+00
HessDelSqRho_EigVec1 =  6.0058937908E-01  1.1613675778E-01  7.9107815748E-01
HessDelSqRho_EigVec2 = -7.7400760282E-01  3.3256648865E-01  5.3880586616E-01
HessDelSqRho_EigVec3 =  2.0051091872E-01  9.3590158891E-01 -2.8962663441E-01
</CP of DelSqRho>
<CP of DelSqRho>
CP# = 18      
Type = (3,+1)
Coords =  7.90837061203589E-01 -3.92283347613520E+00 -8.59217180145611E-01
DistFromNuc =  1.9098783684E+00
Rho =  9.3232390869E-02
DelSqRho =  1.3746569713E-01
GradDelSqRho = -4.4297898683E-13  4.1053271893E-13  5.0144610686E-13
HessDelSqRho_EigVals = -2.0872727187E-01  3.6104576923E-02  1.2142570162E+00
HessDelSqRho_EigVec1 =  7.9901124723E-01 -1.1583641590E-01 -5.9005334636E-01
HessDelSqRho_EigVec2 =  5.8974290202E-01  3.4255016925E-01  7.3134307344E-01
HessDelSqRho_EigVec3 = -1.1740671324E-01  9.3233111409E-01 -3.4201514205E-01
</CP of DelSqRho>
<CP of DelSqRho>
CP# = 19      
Type = (3,-1)
Coords = -1.27039649663137E-01 -4.09783338176924E+00 -1.33718834608003E+00
DistFromNuc =  1.9372523421E+00
Rho =  8.9043807439E-02
DelSqRho =  1.4556752053E-01
GradDelSqRho = -7.1470607210E-16  1.6375789613E-15  2.8865798640E-15
HessDelSqRho_EigVals = -2.5615104248E-01 -3.3651146690E-02  1.0621252740E+00
HessDelSqRho_EigVec1 = -3.9940160849E-02  2.4977900934E-01  9.6747880082E-01
HessDelSqRho_EigVec2 =  9.9742179461E-01 -4.7806877892E-02  5.3518838311E-02
HessDelSqRho_EigVec3 =  5.9620023309E-02  9.6712199278E-01 -2.4722561336E-01
</CP of DelSqRho>
<CP of DelSqRho>
CP# = 20      
Type = (3,+1)
Coords = -8.71400896713544E-01 -3.36051985196447E+00  9.87090721086011E-02
DistFromNuc =  1.6541576380E+00
Rho =  1.5097935877E-01
DelSqRho =  1.4545412701E-01
GradDelSqRho = -2.7755575616E-16  1.8041124150E-16 -8.3266726847E-16
HessDelSqRho_EigVals = -6.8345073339E-02  2.5265601386E-01  4.0741679531E+00
HessDelSqRho_EigVec1 =  4.9692040221E-01  3.7908284202E-01  7.8061918549E-01
HessDelSqRho_EigVec2 = -8.4963402907E-01  3.9560248496E-01  3.4874158130E-01
HessDelSqRho_EigVec3 =  1.7661293982E-01  8.3653743059E-01 -5.1866462836E-01
</CP of DelSqRho>
<CP of DelSqRho>
CP# = 21      
Type = (3,-1)
Coords =  9.60007783002089E-01 -3.35524348715957E+00  2.13246954339509E-01
DistFromNuc =  1.9415959043E+00
Rho =  8.7474645120E-02
DelSqRho =  1.5035540119E-01
GradDelSqRho = -3.4694469520E-16  2.5673907444E-16 -2.3592239273E-16
HessDelSqRho_EigVals = -2.6885336991E-01 -4.1280248380E-02  9.8388242842E-01
HessDelSqRho_EigVec1 =  9.1232791165E-01  3.1929359295E-01  2.5633841525E-01
HessDelSqRho_EigVec2 = -3.8541417938E-01  4.5826657321E-01  8.0090427531E-01
HessDelSqRho_EigVec3 = -1.3825227654E-01  8.2948378488E-01 -5.4114966382E-01
</CP of DelSqRho>
<CP of DelSqRho>
CP# = 22      
Type = (3,+3)
Coords = -8.82038345780058E-01 -3.79498554857678E+00 -7.43831418993884E-01
DistFromNuc =  1.7108330379E+00
Rho =  1.3609652187E-01
DelSqRho =  1.3283546223E-01
GradDelSqRho =  1.7258416918E-13 -5.2444160126E-13  4.8253068208E-13
HessDelSqRho_EigVals =  5.1211140879E-02  2.0105995357E-01  3.1709665081E+00
HessDelSqRho_EigVec1 =  6.2780232610E-01 -4.0257204811E-01 -6.6618314706E-01
HessDelSqRho_EigVec2 =  7.5884427062E-01  1.2603978370E-01  6.3895958079E-01
HessDelSqRho_EigVec3 =  1.7326168733E-01  9.0666957543E-01 -3.8461756160E-01
</CP of DelSqRho>
<CP of DelSqRho>
CP# = 23      
Type = (3,-1)
Coords = -1.22195978991390E+00 -3.18122993877450E+00  2.45755106532525E-01
DistFromNuc =  1.9449327950E+00
Rho =  8.6399182152E-02
DelSqRho =  1.5412247924E-01
GradDelSqRho =  1.7995605006E-12 -5.5555005041E-12 -9.0569218791E-13
HessDelSqRho_EigVals = -2.7355617137E-01 -5.0481474650E-02  9.3261049236E-01
HessDelSqRho_EigVec1 =  8.3215820265E-01 -4.6122575277E-01 -3.0786934037E-01
HessDelSqRho_EigVec2 =  4.9924802145E-01  3.8146187820E-01  7.7797059621E-01
HessDelSqRho_EigVec3 =  2.4137965705E-01  8.0109777210E-01 -5.4770267545E-01
</CP of DelSqRho>
<CP of DelSqRho>
CP# = 24      
Type = (3,+1)
Coords = -1.32134206892425E-01 -3.98457234210806E+00 -9.82744405083756E-01
DistFromNuc =  1.6735755111E+00
Rho =  1.4589138577E-01
DelSqRho =  1.3925332135E-01
GradDelSqRho =  8.3266726847E-17 -3.3306690739E-16  2.7755575616E-17
HessDelSqRho_EigVals = -4.1645530386E-02  2.4541154366E-01  3.7970483424E+00
HessDelSqRho_EigVec1 =  9.9755094100E-01 -4.4619978678E-02  5.3862580748E-02
HessDelSqRho_EigVec2 = -3.5290683246E-02  3.4378352592E-01  9.3838555774E-01
HessDelSqRho_EigVec3 =  6.0387811503E-02  9.3798824343E-01 -3.4136691025E-01
</CP of DelSqRho>
<CP of DelSqRho>
CP# = 25      
Type = (3,+1)
Coords = -1.11106781997391E+00 -3.80650701618156E+00 -9.02598832744881E-01
DistFromNuc =  1.9093344739E+00
Rho =  9.3727085651E-02
DelSqRho =  1.3554965434E-01
GradDelSqRho =  2.6589841440E-14  1.3877787808E-16  9.5548569057E-15
HessDelSqRho_EigVals = -2.0098811460E-01  4.1840296525E-02  1.2274790804E+00
HessDelSqRho_EigVec1 =  7.7829801664E-01  1.7990211652E-02  6.2763727549E-01
HessDelSqRho_EigVec2 = -5.7851328101E-01  4.0911199727E-01  7.0565555152E-01
HessDelSqRho_EigVec3 =  2.4407904661E-01  9.1230681570E-01 -3.2881863243E-01
</CP of DelSqRho>
<CP of DelSqRho>
CP# = 26      
Type = (3,+3)
Coords = -6.64338432672344E-02 -3.16489746329488E+00  5.54459541422162E-01
DistFromNuc =  1.7042352001E+00
Rho =  1.3799436510E-01
DelSqRho =  1.3210730655E-01
GradDelSqRho = -1.1455766891E-13 -4.0372219456E-13  5.4201088062E-13
HessDelSqRho_EigVals =  6.1173780162E-02  2.1658501442E-01  3.2561071777E+00
HessDelSqRho_EigVec1 =  9.9026022615E-01 -1.1640835050E-01 -7.6379188553E-02
HessDelSqRho_EigVec2 =  1.2996534177E-01  5.7610209009E-01  8.0697917677E-01
HessDelSqRho_EigVec3 =  4.9936904691E-02  8.0904602943E-01 -5.8562003707E-01
</CP of DelSqRho>
<CP of DelSqRho>
CP# = 27      
Type = (3,+1)
Coords =  6.10487648923313E-01 -3.48820136733469E+00  5.82912212639602E-02
DistFromNuc =  1.6609232669E+00
Rho =  1.4918746931E-01
DelSqRho =  1.4261174027E-01
GradDelSqRho =  3.1685765123E-13 -4.0169256810E-14  7.2525319084E-13
HessDelSqRho_EigVals = -5.5511023759E-02  2.5065162321E-01  3.9720606189E+00
HessDelSqRho_EigVec1 = -3.8493114033E-01  4.5346126227E-01  8.0386622073E-01
HessDelSqRho_EigVec2 = -9.2097984023E-01 -2.4553286391E-01 -3.0250577951E-01
HessDelSqRho_EigVec3 = -6.0200922755E-02  8.5678847819E-01 -5.1214192616E-01
</CP of DelSqRho>
<CP of DelSqRho>
CP# = 28      
Type = (3,+1)
Coords = -5.19541860341459E-02 -2.97996985202738E+00  7.89903571961683E-01
DistFromNuc =  1.9178137708E+00
Rho =  9.2334128763E-02
DelSqRho =  1.3551945674E-01
GradDelSqRho = -1.0408340856E-16 -2.6367796835E-16  8.3266726847E-17
HessDelSqRho_EigVals = -2.1619360651E-01  4.6275449372E-02  1.1710508458E+00
HessDelSqRho_EigVec1 =  8.6970021468E-02  6.5619242128E-01  7.4956502161E-01
HessDelSqRho_EigVec2 =  9.9521504284E-01 -9.0864036327E-02 -3.5926945442E-02
HessDelSqRho_EigVec3 =  4.4533514034E-02  7.4910295231E-01 -6.6095501584E-01
</CP of DelSqRho>
<CP of DelSqRho>
CP# = 29      
Type = (3,+3)
Coords =  5.48683134425945E-01 -3.88047392259725E+00 -7.04702922841533E-01
DistFromNuc =  1.7041745179E+00
Rho =  1.3752891255E-01
DelSqRho =  1.3441560777E-01
GradDelSqRho =  3.1685765123E-13 -8.1901152527E-13  1.5842882561E-13
HessDelSqRho_EigVals =  4.3383680599E-02  2.0592680024E-01  3.2644001804E+00
HessDelSqRho_EigVec1 =  6.3106877295E-01  3.2994399298E-01  7.0206065643E-01
HessDelSqRho_EigVec2 = -7.7450130759E-01  2.1713767237E-01  5.9413715234E-01
HessDelSqRho_EigVec3 = -4.3588167618E-02  9.1868830010E-01 -3.9257085845E-01
</CP of DelSqRho>
<Path of -GradDelSqRho>
Starting CP# =      4
Ending CP# =      0
Number of Points =     47
 -3.5758242600E-01 -4.7293841619E+00  4.7875362760E-01  2.2365123970E+01  1.2504189486E+03
 -3.7339756333E-01 -4.7108680322E+00  4.8441348239E-01  1.5450041796E+01  1.1684518628E+03
 -3.8922882769E-01 -4.6923731205E+00  4.9009760943E-01  1.0760069251E+01  9.9705129956E+02
 -4.0506375783E-01 -4.6738830617E+00  4.9578731087E-01  7.5897210331E+00  7.8679776182E+02
 -4.2090834909E-01 -4.6554057903E+00  5.0149163208E-01  5.4552539030E+00  5.8446931443E+02
 -4.3677235213E-01 -4.6369542897E+00  5.0722532891E-01  4.0197028188E+00  4.1904378461E+02
 -4.5266602988E-01 -4.6185424183E+00  5.1300403873E-01  3.0524682494E+00  2.9548236527E+02
 -4.6859916481E-01 -4.6001836889E+00  5.1884282588E-01  2.3987289415E+00  2.0644258920E+02
 -4.8458000879E-01 -4.5818899124E+00  5.2475461281E-01  1.9551219499E+00  1.4260935482E+02
 -5.0061552227E-01 -4.5636715278E+00  5.3075055118E-01  1.6522342586E+00  9.6742477016E+01
 -5.1671330178E-01 -4.5455403007E+00  5.3684301282E-01  1.4430763451E+00  6.3954374147E+01
 -5.3288400279E-01 -4.5275129477E+00  5.4304946509E-01  1.2957709994E+00  4.0898391546E+01
 -5.4914336707E-01 -4.5096146009E+00  5.4939593338E-01  1.1888360234E+00  2.5083888931E+01
 -5.6551399422E-01 -4.4918825237E+00  5.5592037386E-01  1.1079925479E+00  1.4542602490E+01
 -5.8202736304E-01 -4.4743712878E+00  5.6267698450E-01  1.0439147121E+00  7.7153452049E+00
 -5.9872654932E-01 -4.4571611671E+00  5.6974269426E-01  9.9062253579E-01  3.4109384541E+00
 -6.1567023071E-01 -4.4403732552E+00  5.7722803166E-01  9.4435210447E-01  7.6411279940E-01
 -6.3293949819E-01 -4.4242009107E+00  5.8529829891E-01  9.0279326886E-01 -8.2237292312E-01
 -6.5065124193E-01 -4.4089890844E+00  5.9422338189E-01  8.6462582965E-01 -1.7424086199E+00
 -6.6898012828E-01 -4.3954862743E+00  6.0451692564E-01  8.2938843887E-01 -2.2469473526E+00
 -6.8806371386E-01 -4.3858983248E+00  6.1734745946E-01  7.9832018896E-01 -2.4955685503E+00
 -7.0578797310E-01 -4.3874182897E+00  6.3418246183E-01  7.7970543098E-01 -2.6071657176E+00
 -7.1682197406E-01 -4.4019544184E+00  6.5103725307E-01  7.8005292999E-01 -2.6837959227E+00
 -7.2437124852E-01 -4.4201675133E+00  6.6639276682E-01  7.8661644548E-01 -2.7575702869E+00
 -7.3080424458E-01 -4.4393267137E+00  6.8110486135E-01  7.9410292539E-01 -2.8301425881E+00
 -7.3659308347E-01 -4.4590056293E+00  6.9539370668E-01  8.0153058964E-01 -2.9011043805E+00
 -7.4182067386E-01 -4.4791207597E+00  7.0928618536E-01  8.0869557784E-01 -2.9699563867E+00
 -7.4650375248E-01 -4.4996424743E+00  7.2277234248E-01  8.1552706550E-01 -3.0361933769E+00
 -7.5064964951E-01 -4.5205500930E+00  7.3583495964E-01  8.2197728571E-01 -3.0993169588E+00
 -7.5426583854E-01 -4.5418252554E+00  7.4845398583E-01  8.2800425898E-01 -3.1588439807E+00
 -7.5736193495E-01 -4.5634512368E+00  7.6060636161E-01  8.3356979145E-01 -3.2143145167E+00
 -7.5995095201E-01 -4.5854132312E+00  7.7226468398E-01  8.3863973386E-01 -3.2652997085E+00
 -7.6205114856E-01 -4.6076989846E+00  7.8339491389E-01  8.4318448321E-01 -3.3114093505E+00
 -7.6368923467E-01 -4.6302998920E+00  7.9395243184E-01  8.4717944977E-01 -3.3522991249E+00
 -7.6490631839E-01 -4.6532129375E+00  8.0387473752E-01  8.5060547555E-01 -3.3876775370E+00
 -7.6576989814E-01 -4.6764442665E+00  8.1306660699E-01  8.5344926008E-01 -3.4173129918E+00
 -7.6640102694E-01 -4.7000159625E+00  8.2136597508E-01  8.5570396508E-01 -3.4410425722E+00
 -7.6704692538E-01 -4.7239781786E+00  8.2845079808E-01  8.5737057805E-01 -3.4587881626E+00
 -7.6832930453E-01 -4.7484110449E+00  8.3350971045E-01  8.5846267143E-01 -3.4706058300E+00
 -7.7239386096E-01 -4.7729134481E+00  8.3359628264E-01  8.5903333896E-01 -3.4769507037E+00
 -7.8357273810E-01 -4.7910005703E+00  8.2156971931E-01  8.5931238217E-01 -3.4800452460E+00
 -7.9720160803E-01 -4.8016761231E+00  8.0357654209E-01  8.5934622995E-01 -3.4826329643E+00
 -8.0550853035E-01 -4.8076115524E+00  7.9225344508E-01  8.5884903654E-01 -3.4841149587E+00
 -8.1262230820E-01 -4.8131417881E+00  7.8144186734E-01  8.5896123637E-01 -3.4854700685E+00
 -8.1925533508E-01 -4.8185604020E+00  7.7085004961E-01  8.5906458411E-01 -3.4867397831E+00
 -8.2542517294E-01 -4.8238665012E+00  7.6050349022E-01  8.5915944452E-01 -3.4879258249E+00
 -8.2992136863E-01 -4.8288338826E+00  7.5040879721E-01  8.6102527336E-01 -3.4889777033E+00
</Path of -GradDelSqRho>
<Path of -GradDelSqRho>
Starting CP# =      4
Ending CP# =      1
Number of Points =      7
 -3.5758242600E-01 -4.7293841619E+00  4.7875362760E-01  2.2365123970E+01  1.2504189486E+03
 -3.4180596306E-01 -4.7479508322E+00  4.7315173660E-01  3.2592048559E+01  1.0029885425E+03
 -3.2606365724E-01 -4.7665617771E+00  4.6760085306E-01  4.7820266221E+01 -7.4911199061E+02
 -3.1033667888E-01 -4.7851924714E+00  4.6207280182E-01  7.0427782142E+01 -6.2981344087E+03
 -2.9462055829E-01 -4.8038371035E+00  4.5656089451E-01  1.0395165658E+02 -2.0316432355E+04
 -2.7892288298E-01 -4.8225053320E+00  4.5107635587E-01  1.5422566487E+02 -7.4235401352E+04
 -2.5141464863E-01 -4.8552933154E+00  4.4149945708E-01  2.9828380410E+02 -3.3401554761E+06
</Path of -GradDelSqRho>
<Path of -GradDelSqRho>
Starting CP# =      8
Ending CP# =      0
Number of Points =     86
 -5.3803454611E-01 -5.2718885018E+00  2.1397961889E-02  8.5677795907E-01 -3.4511596777E+00
 -5.3550748173E-01 -5.2722396596E+00  2.0903963753E-02  8.5769541689E-01 -3.4511187120E+00
 -5.3532388785E-01 -5.2722952837E+00  2.0835611055E-02  8.5769590411E-01 -3.4511189683E+00
 -5.3512547506E-01 -5.2723559288E+00  2.0762406830E-02  8.5769645606E-01 -3.4511192675E+00
 -5.3491106844E-01 -5.2724215388E+00  2.0683533911E-02  8.5769708136E-01 -3.4511196168E+00
 -5.3467938055E-01 -5.2724923972E+00  2.0598445311E-02  8.5769779026E-01 -3.4511200248E+00
 -5.3442901547E-01 -5.2725688907E+00  2.0506631602E-02  8.5769859456E-01 -3.4511205011E+00
 -5.3415846317E-01 -5.2726514551E+00  2.0407563817E-02  8.5769950768E-01 -3.4511210575E+00
 -5.3386609103E-01 -5.2727405641E+00  2.0300677952E-02  8.5770054488E-01 -3.4511217073E+00
 -5.3355013413E-01 -5.2728367279E+00  2.0185369255E-02  8.5770172344E-01 -3.4511224664E+00
 -5.3320868470E-01 -5.2729404958E+00  2.0060988735E-02  8.5770306281E-01 -3.4511233531E+00
 -5.3283968066E-01 -5.2730524581E+00  1.9926840105E-02  8.5770458483E-01 -3.4511243892E+00
 -5.3244089325E-01 -5.2731732488E+00  1.9782176715E-02  8.5770631383E-01 -3.4511255999E+00
 -5.3200991373E-01 -5.2733035492E+00  1.9626198392E-02  8.5770827677E-01 -3.4511270149E+00
 -5.3154413892E-01 -5.2734440903E+00  1.9458048127E-02  8.5771050320E-01 -3.4511286689E+00
 -5.3104075568E-01 -5.2735956568E+00  1.9276808615E-02  8.5771302520E-01 -3.4511306028E+00
 -5.3049672388E-01 -5.2737590906E+00  1.9081498612E-02  8.5771587708E-01 -3.4511328644E+00
 -5.2990875804E-01 -5.2739352942E+00  1.8871069079E-02  8.5771909488E-01 -3.4511355098E+00
 -5.2927330701E-01 -5.2741252358E+00  1.8644399080E-02  8.5772271564E-01 -3.4511386050E+00
 -5.2858653178E-01 -5.2743299533E+00  1.8400291378E-02  8.5772677619E-01 -3.4511422276E+00
 -5.2784428074E-01 -5.2745505596E+00  1.8137467657E-02  8.5773131161E-01 -3.4511464688E+00
 -5.2704206208E-01 -5.2747882486E+00  1.7854563324E-02  8.5773635316E-01 -3.4511514360E+00
 -5.2617501284E-01 -5.2750443014E+00  1.7550121817E-02  8.5774192564E-01 -3.4511572557E+00
 -5.2523786390E-01 -5.2753200930E+00  1.7222588427E-02  8.5774804431E-01 -3.4511640769E+00
 -5.2422490043E-01 -5.2756171008E+00  1.6870303665E-02  8.5775471129E-01 -3.4511720754E+00
 -5.2312991717E-01 -5.2759369124E+00  1.6491496378E-02  8.5776191189E-01 -3.4511814582E+00
 -5.2194616819E-01 -5.2762812343E+00  1.6084276964E-02  8.5776961113E-01 -3.4511924694E+00
 -5.2066631088E-01 -5.2766519008E+00  1.5646631311E-02  8.5777775109E-01 -3.4512053965E+00
 -5.1928234438E-01 -5.2770508812E+00  1.5176416322E-02  8.5778625007E-01 -3.4512205780E+00
 -5.1778554269E-01 -5.2774802857E+00  1.4671358176E-02  8.5779500455E-01 -3.4512384111E+00
 -5.1616638321E-01 -5.2779423687E+00  1.4129054611E-02  8.5780389502E-01 -3.4512593621E+00
 -5.1441447091E-01 -5.2784395277E+00  1.3546982404E-02  8.5781279674E-01 -3.4512839761E+00
 -5.1251845821E-01 -5.2789742985E+00  1.2922510847E-02  8.5782159555E-01 -3.4513128897E+00
 -5.1046595959E-01 -5.2795493459E+00  1.2252921242E-02  8.5783020772E-01 -3.4513468445E+00
 -5.0824345925E-01 -5.2801674515E+00  1.1535431553E-02  8.5783860121E-01 -3.4513867036E+00
 -5.0583621002E-01 -5.2808315008E+00  1.0767224644E-02  8.5784681391E-01 -3.4514334719E+00
 -5.0322812191E-01 -5.2815444700E+00  9.9454785672E-03  8.5785496354E-01 -3.4514883203E+00
 -5.0040164035E-01 -5.2823094157E+00  9.0673984998E-03  8.5786324497E-01 -3.4515526172E+00
 -4.9733761467E-01 -5.2831294647E+00  8.1302521256E-03  8.5787191402E-01 -3.4516279654E+00
 -4.9401515765E-01 -5.2840078002E+00  7.1314129156E-03  8.5788126195E-01 -3.4517162475E+00
 -4.9041149554E-01 -5.2849476409E+00  6.0684177761E-03  8.5789158946E-01 -3.4518196772E+00
 -4.8650180732E-01 -5.2859522044E+00  4.9390460044E-03  8.5790318970E-01 -3.4519408590E+00
 -4.8225905272E-01 -5.2870246522E+00  3.7414252043E-03  8.5791634592E-01 -3.4520828548E+00
 -4.7765379139E-01 -5.2881680135E+00  2.4741677499E-03  8.5793134222E-01 -3.4522492602E+00
 -4.7265399895E-01 -5.2893850868E+00  1.1365401960E-03  8.5794848087E-01 -3.4524442916E+00
 -4.6722488765E-01 -5.2906783170E+00 -2.7133124130E-04  8.5796809919E-01 -3.4526728864E+00
 -4.6132874100E-01 -5.2920496462E+00 -1.7482139164E-03  8.5799058291E-01 -3.4529408170E+00
 -4.5492477376E-01 -5.2935003304E+00 -3.2914735176E-03  8.5801637652E-01 -3.4532548195E+00
 -4.4796903239E-01 -5.2950307164E+00 -4.8967223530E-03  8.5804599234E-01 -3.4536227353E+00
 -4.4041435646E-01 -5.2966399732E+00 -6.5574034228E-03  8.5808001939E-01 -3.4540536648E+00
 -4.3221042869E-01 -5.2983257688E+00 -8.2643036324E-03  8.5811913254E-01 -3.4545581291E+00
 -4.2330394884E-01 -5.3000838894E+00 -1.0004991566E-02  8.5816410127E-01 -3.4551482317E+00
 -4.1363897648E-01 -5.3019077966E+00 -1.1763178869E-02  8.5821579763E-01 -3.4558378120E+00
 -4.0315749777E-01 -5.3037881209E+00 -1.3518010221E-02  8.5827520227E-01 -3.4566425720E+00
 -3.9180028174E-01 -5.3057120988E+00 -1.5243296013E-02  8.5834340699E-01 -3.4575801554E+00
 -3.7950810150E-01 -5.3076629657E+00 -1.6906715054E-02  8.5842161186E-01 -3.4586701461E+00
 -3.6622340185E-01 -5.3096193306E+00 -1.8469032805E-02  8.5851111423E-01 -3.4599339467E+00
 -3.5189249463E-01 -5.3115545739E+00 -1.9883404297E-02  8.5861328613E-01 -3.4613944848E+00
 -3.3646835215E-01 -5.3134363325E+00 -2.1094859761E-02  8.5872953597E-01 -3.4630756882E+00
 -3.1991404203E-01 -5.3152261552E+00 -2.2040103501E-02  8.5886124986E-01 -3.4650016667E+00
 -3.0220679950E-01 -5.3168794437E+00 -2.2647789008E-02  8.5900970720E-01 -3.4671955394E+00
 -2.8334266425E-01 -5.3183458084E+00 -2.2839459771E-02  8.5917596552E-01 -3.4696778696E+00
 -2.6334152908E-01 -5.3195699872E+00 -2.2531357870E-02  8.5936070985E-01 -3.4724646979E+00
 -2.4225239134E-01 -5.3204934657E+00 -2.1637295481E-02  8.5956406438E-01 -3.4755652177E+00
 -2.2015866815E-01 -5.3210569118E+00 -2.0072764066E-02  8.5978537710E-01 -3.4789791816E+00
 -1.9718390121E-01 -5.3212034851E+00 -1.7760462334E-02  8.6002306561E-01 -3.4826941099E+00
 -1.7349957975E-01 -5.3208829644E+00 -1.4637531778E-02  8.6027505164E-01 -3.4866821852E+00
 -1.4933798725E-01 -5.3200561374E+00 -1.0664645161E-02  8.6054218647E-01 -3.4908965643E+00
 -1.2499427002E-01 -5.3186979014E+00 -5.8336130928E-03  8.6083774341E-01 -3.4952705290E+00
 -1.0074307641E-01 -5.3168010932E+00 -1.6251885244E-04  8.6118019412E-01 -3.4997338120E+00
 -7.6724063839E-02 -5.3143785067E+00  6.3226318171E-03  8.6155826223E-01 -3.5042355918E+00
 -5.2989621207E-02 -5.3114473213E+00  1.3602635368E-02  8.6194836951E-01 -3.5087385528E+00
 -2.9576772850E-02 -5.3080197932E+00  2.1665501242E-02  8.6233872328E-01 -3.5132077276E+00
 -6.5218240978E-03 -5.3041061665E+00  3.0501368366E-02  8.6272437703E-01 -3.5176083124E+00
  1.6139116717E-02 -5.2997169121E+00  4.0100103883E-02  8.6310215979E-01 -3.5219057731E+00
  3.8370015752E-02 -5.2948628251E+00  5.0451089110E-02  8.6347043118E-01 -3.5260661268E+00
  6.0117253049E-02 -5.2895368240E+00  6.1557644821E-02  8.6387674847E-01 -3.5300553869E+00
  7.9657992888E-02 -5.2840444717E+00  7.2627681774E-02  8.6467699752E-01 -3.5335521459E+00
  9.6833577509E-02 -5.2789763398E+00  8.2905049959E-02  8.6501374820E-01 -3.5365187228E+00
  1.1266597184E-01 -5.2739455235E+00  9.3021583343E-02  8.6531211523E-01 -3.5391544582E+00
  1.2719116196E-01 -5.2690083159E+00  1.0288421746E-01  8.6557477824E-01 -3.5414739809E+00
  1.4046307567E-01 -5.2642111681E+00  1.1241678935E-01  8.6580441070E-01 -3.5434978915E+00
  1.5254879229E-01 -5.2595905266E+00  1.2156030640E-01  8.6600387831E-01 -3.5452506278E+00
  1.6352386804E-01 -5.2551734322E+00  1.3027194007E-01  8.6617615011E-01 -3.5467585674E+00
  1.7346831802E-01 -5.2509784971E+00  1.3852336725E-01  8.6632418828E-01 -3.5480485033E+00
  1.7897411461E-01 -5.2485731581E+00  1.4324629402E-01  8.6640257545E-01 -3.5487287264E+00
</Path of -GradDelSqRho>
<Path of -GradDelSqRho>
Starting CP# =      8
Ending CP# =      0
Number of Points =     84
 -5.3803454611E-01 -5.2718885018E+00  2.1397961889E-02  8.5677795907E-01 -3.4511596777E+00
 -5.4007139625E-01 -5.2708236296E+00  2.2609442869E-02  8.5769172072E-01 -3.4511186136E+00
 -5.4025366347E-01 -5.2707657797E+00  2.2677761181E-02  8.5769182434E-01 -3.4511188686E+00
 -5.4045041059E-01 -5.2707038661E+00  2.2752173323E-02  8.5769196130E-01 -3.4511191661E+00
 -5.4066280355E-01 -5.2706371059E+00  2.2832735096E-02  8.5769213754E-01 -3.4511195131E+00
 -5.4089208022E-01 -5.2705649995E+00  2.2919842044E-02  8.5769236038E-01 -3.4511199179E+00
 -5.4113956928E-01 -5.2704870891E+00  2.3014001777E-02  8.5769263840E-01 -3.4511203899E+00
 -5.4140670001E-01 -5.2704028995E+00  2.3115782437E-02  8.5769298155E-01 -3.4511209404E+00
 -5.4169501024E-01 -5.2703119219E+00  2.3225803240E-02  8.5769340122E-01 -3.4511215825E+00
 -5.4200615412E-01 -5.2702136073E+00  2.3344735220E-02  8.5769391046E-01 -3.4511223314E+00
 -5.4234191030E-01 -5.2701073628E+00  2.3473304655E-02  8.5769452408E-01 -3.4511232048E+00
 -5.4270419043E-01 -5.2699925480E+00  2.3612297362E-02  8.5769525881E-01 -3.4511242234E+00
 -5.4309504814E-01 -5.2698684712E+00  2.3762563489E-02  8.5769613335E-01 -3.4511254113E+00
 -5.4351668853E-01 -5.2697343851E+00  2.3925022703E-02  8.5769716846E-01 -3.4511267968E+00
 -5.4397147807E-01 -5.2695894830E+00  2.4100669800E-02  8.5769838693E-01 -3.4511284126E+00
 -5.4446195512E-01 -5.2694328942E+00  2.4290580752E-02  8.5769981336E-01 -3.4511302972E+00
 -5.4499084096E-01 -5.2692636786E+00  2.4495919246E-02  8.5770147396E-01 -3.4511324952E+00
 -5.4556105156E-01 -5.2690808222E+00  2.4717943758E-02  8.5770339596E-01 -3.4511350588E+00
 -5.4617570998E-01 -5.2688832312E+00  2.4958015247E-02  8.5770560691E-01 -3.4511380491E+00
 -5.4683815978E-01 -5.2686697258E+00  2.5217605541E-02  8.5770813356E-01 -3.4511415371E+00
 -5.4755197940E-01 -5.2684390337E+00  2.5498306548E-02  8.5771100043E-01 -3.4511456059E+00
 -5.4832099776E-01 -5.2681897832E+00  2.5801840424E-02  8.5771422792E-01 -3.4511503525E+00
 -5.4914931139E-01 -5.2679204949E+00  2.6130070884E-02  8.5771782997E-01 -3.4511558901E+00
 -5.5004130301E-01 -5.2676295729E+00  2.6485015852E-02  8.5772181134E-01 -3.4511623511E+00
 -5.5100166201E-01 -5.2673152953E+00  2.6868861701E-02  8.5772616452E-01 -3.4511698896E+00
 -5.5203540634E-01 -5.2669758028E+00  2.7283979315E-02  8.5773086655E-01 -3.4511786856E+00
 -5.5314790594E-01 -5.2666090863E+00  2.7732942236E-02  8.5773587603E-01 -3.4511889488E+00
 -5.5434490666E-01 -5.2662129728E+00  2.8218547093E-02  8.5774113083E-01 -3.4512009232E+00
 -5.5563255396E-01 -5.2657851097E+00  2.8743836501E-02  8.5774654721E-01 -3.4512148920E+00
 -5.5701741473E-01 -5.2653229471E+00  2.9312124511E-02  8.5775202107E-01 -3.4512311834E+00
 -5.5850649569E-01 -5.2648237187E+00  2.9927024659E-02  8.5775743224E-01 -3.4512501767E+00
 -5.6010725672E-01 -5.2642844202E+00  3.0592480593E-02  8.5776265244E-01 -3.4512723082E+00
 -5.6182761803E-01 -5.2637017873E+00  3.1312799223E-02  8.5776755711E-01 -3.4512980787E+00
 -5.6367596078E-01 -5.2630722705E+00  3.2092686310E-02  8.5777204047E-01 -3.4513280606E+00
 -5.6566112214E-01 -5.2623920104E+00  3.2937284310E-02  8.5777603229E-01 -3.4513629062E+00
 -5.6779238614E-01 -5.2616568113E+00  3.3852212094E-02  8.5777951308E-01 -3.4514033574E+00
 -5.7007947234E-01 -5.2608621163E+00  3.4843605876E-02  8.5778252443E-01 -3.4514502569E+00
 -5.7253252269E-01 -5.2600029826E+00  3.5918160427E-02  8.5778517082E-01 -3.4515045616E+00
 -5.7516208570E-01 -5.2590740608E+00  3.7083169780E-02  8.5778761132E-01 -3.4515673589E+00
 -5.7797909464E-01 -5.2580695755E+00  3.8346567190E-02  8.5779004254E-01 -3.4516398843E+00
 -5.8099483519E-01 -5.2569833087E+00  3.9716965055E-02  8.5779267731E-01 -3.4517235420E+00
 -5.8422089783E-01 -5.2558085827E+00  4.1203696234E-02  8.5779572567E-01 -3.4518199246E+00
 -5.8766911071E-01 -5.2545382431E+00  4.2816857877E-02  8.5779938370E-01 -3.4519308343E+00
 -5.9135145022E-01 -5.2531646401E+00  4.4567357397E-02  8.5780383259E-01 -3.4520583021E+00
 -5.9527992681E-01 -5.2516796115E+00  4.6466958171E-02  8.5780924563E-01 -3.4522046064E+00
 -5.9946644449E-01 -5.2500744706E+00  4.8528320897E-02  8.5781579877E-01 -3.4523722899E+00
 -6.0392263155E-01 -5.2483400028E+00  5.0765036051E-02  8.5782368035E-01 -3.4525641747E+00
 -6.0865964013E-01 -5.2464664742E+00  5.3191643006E-02  8.5783309803E-01 -3.4527833738E+00
 -6.1368791170E-01 -5.2444436553E+00  5.5823631576E-02  8.5784428280E-01 -3.4530332982E+00
 -6.1901690610E-01 -5.2422608626E+00  5.8677421253E-02  8.5785749133E-01 -3.4533176560E+00
 -6.2465479289E-01 -5.2399070217E+00  6.1770312553E-02  8.5787300721E-01 -3.4536404431E+00
 -6.3060810479E-01 -5.2373707561E+00  6.5120403921E-02  8.5789114139E-01 -3.4540059209E+00
 -6.3688135556E-01 -5.2346405057E+00  6.8746466858E-02  8.5791223200E-01 -3.4544185788E+00
 -6.4347662673E-01 -5.2317046790E+00  7.2667771515E-02  8.5793664312E-01 -3.4548830786E+00
 -6.5039313090E-01 -5.2285518436E+00  7.6903855009E-02  8.5796476243E-01 -3.4554041775E+00
 -6.5762676320E-01 -5.2251709575E+00  8.1474225351E-02  8.5799699747E-01 -3.4559866269E+00
 -6.6516965650E-01 -5.2215516424E+00  8.6397995294E-02  8.5803377023E-01 -3.4566350464E+00
 -6.7300976066E-01 -5.2176844996E+00  9.1693442872E-02  8.5807550986E-01 -3.4573537703E+00
 -6.8113047070E-01 -5.2135614637E+00  9.7377499001E-02  8.5812264346E-01 -3.4581466710E+00
 -6.8951033231E-01 -5.2091761883E+00  1.0346516741E-01  8.5817558455E-01 -3.4590169598E+00
 -6.9812285608E-01 -5.2045244514E+00  1.0996888828E-01  8.5823471958E-01 -3.4599669744E+00
 -7.0693647260E-01 -5.1996045663E+00  1.1689786405E-01  8.5830039230E-01 -3.4609979616E+00
 -7.1591465807E-01 -5.1944177766E+00  1.2425737340E-01  8.5837288648E-01 -3.4621098678E+00
