 AIMInt (Version 19.10.12, Professional)
 Portions Copyright (c) 1997-2019 by Todd A. Keith
 AIMInt is a component of the AIMAll package ( http://aim.tkgristmill.com )

 TP:  64-bit Mac OS X

 AIMInt is a heavily modified and extended version of the PROAIMV program
 developed by members of R.F.W. Bader's research group

 Much of the Quantum Theory of Atoms in Molecules (QTAIM) is described in the book:
   "Atoms in Molecules - A Quantum Theory"
   R.F.W. Bader, Oxford University Press, Oxford, 1990

 For additional references see:  http://aim.tkgristmill.com/references.html

 Current Directory:  /Users/chemlab/Documents/SubstituentCoding/BCP Map Reference/BCPMapReference

 Inp File:  SubH_AsSHMe_wb97xd_aug-cc-pvtz_atomicfiles/as1.inp
 Wfx File:  SubH_AsSHMe_wb97xd_aug-cc-pvtz.wfx
 Out File:  SubH_AsSHMe_wb97xd_aug-cc-pvtz_atomicfiles/as1.int

 Wfx Title:   Title Card Required                                                           
 Job Title:   Title Card Required                                                           
 
<Atom>
As1     
</Atom>
<Nuclei of Molecule>
     8
As1       33.0          -4.4680217411E-17   8.8441770453E-01   0.0000000000E+00
H2         1.0          -4.4843879617E-01   2.6507821235E+00   2.1954818204E+00
H3         1.0          -4.4843879617E-01   2.6507821235E+00  -2.1954818204E+00
S4        16.0          -2.1092938503E+00  -2.3973977845E+00   0.0000000000E+00
C5         6.0           3.6308460706E+00   4.6403236839E-01   0.0000000000E+00
H6         1.0           4.5626529821E+00   2.2968963842E+00   0.0000000000E+00
H7         1.0           4.1489248957E+00  -6.0503726921E-01   1.6756469321E+00
H8         1.0           4.1489248957E+00  -6.0503726921E-01  -1.6756469321E+00
</Nuclei of Molecule>
<Total Number of CPs of DelSqRho>
    46
</Total Number of CPs of DelSqRho>
<Number of (3,+3) CPs of DelSqRho>
     6
</Number of (3,+3) CPs of DelSqRho>
<Number of (3,+1) CPs of DelSqRho>
    19
</Number of (3,+1) CPs of DelSqRho>
<Number of (3,-1) CPs of DelSqRho>
    12
</Number of (3,-1) CPs of DelSqRho>
<Number of (3,-3) CPs of DelSqRho>
     9
</Number of (3,-3) CPs of DelSqRho>
<Number of Degenerate CPs of DelSqRho>
     0
</Number of Degenerate CPs of DelSqRho>
<CP of DelSqRho>
CP# = 1       
Type = (3,+3)
Coords =  1.01267436599337E-11  8.84417704551302E-01  9.30690285835552E-30
DistFromNuc =  2.7997620239E-11
Rho =  2.4533002833E+04
DelSqRho = -2.7119893336E+10
GradDelSqRho = -5.9604644775E-08 -1.5551552609E+01  2.3182993742E-13
HessDelSqRho_EigVals =  5.4428014315E+17  5.4428014328E+17  5.4428014328E+17
HessDelSqRho_EigVec1 =  5.2569993720E-01  8.5067007472E-01 -2.5949642548E-20
HessDelSqRho_EigVec2 =  8.5067007472E-01 -5.2569993720E-01  1.4471271489E-18
HessDelSqRho_EigVec3 = -1.2173860345E-18  7.8282923568E-19  1.0000000000E+00
</CP of DelSqRho>
<CP of DelSqRho>
CP# = 2       
Type = (3,-3)
Coords = -1.09217205635529E-01  7.03011880557505E-01 -1.15467585879616E-18
DistFromNuc =  2.1174624194E-01
Rho =  6.4719346672E+01
DelSqRho =  8.1421137576E+03
GradDelSqRho = -1.2278178474E-10 -1.2369127944E-10  5.3862843955E-15
HessDelSqRho_EigVals = -5.0489063185E+06 -4.2814513426E+03 -3.9846335050E+03
HessDelSqRho_EigVec1 =  5.1590729710E-01  8.5664441911E-01  5.4159738745E-18
HessDelSqRho_EigVec2 = -7.4517192007E-17  3.8555074316E-17  1.0000000000E+00
HessDelSqRho_EigVec3 =  8.5664441911E-01 -5.1590729710E-01  8.3725580841E-17
</CP of DelSqRho>
<CP of DelSqRho>
CP# = 3       
Type = (3,+1)
Coords = -2.11691803885534E-01  8.98307370805741E-01  2.03408121072738E-19
DistFromNuc =  2.1214698363E-01
Rho =  6.4383682985E+01
DelSqRho =  8.0929875216E+03
GradDelSqRho =  2.9103830457E-11  0.0000000000E+00  1.0795440950E-15
HessDelSqRho_EigVals = -4.9960933592E+06  3.2339988320E+03  3.9626436122E+03
HessDelSqRho_EigVec1 =  9.9791284183E-01 -6.4575228303E-02 -9.6653134786E-19
HessDelSqRho_EigVec2 =  9.6449713179E-19 -6.2675336102E-20  1.0000000000E+00
HessDelSqRho_EigVec3 =  6.4575228303E-02  9.9791284183E-01  2.6190027876E-22
</CP of DelSqRho>
<CP of DelSqRho>
CP# = 4       
Type = (3,-3)
Coords =  1.52174158849630E-01  7.36942497433030E-01 -1.77109595390705E-19
DistFromNuc =  2.1191014919E-01
Rho =  6.4567129471E+01
DelSqRho =  8.1230423801E+03
GradDelSqRho = -4.3655745685E-11  5.8207660913E-11 -5.5256868900E-16
HessDelSqRho_EigVals = -5.0242277072E+06 -3.0010842300E+03 -1.5992984347E+03
HessDelSqRho_EigVec1 =  7.1896151497E-01 -6.9504988310E-01 -8.3254350808E-19
HessDelSqRho_EigVec2 =  7.5744679699E-20 -1.1194678502E-18  1.0000000000E+00
HessDelSqRho_EigVec3 =  6.9504988310E-01  7.1896151497E-01  7.5220797077E-19
</CP of DelSqRho>
<CP of DelSqRho>
CP# = 5       
Type = (3,+1)
Coords =  4.10851725908563E-03  1.04668397793555E+00  1.36172591282359E-01
DistFromNuc =  2.1187307053E-01
Rho =  6.4643799341E+01
DelSqRho =  8.1019337723E+03
GradDelSqRho =  3.0922819860E-11 -7.2759576142E-11 -3.2741809264E-11
HessDelSqRho_EigVals = -5.0242990354E+06  1.9922066625E+03  2.4571560259E+03
HessDelSqRho_EigVec1 =  1.8401851121E-02  7.6517560625E-01  6.4355859366E-01
HessDelSqRho_EigVec2 = -9.9499305380E-01  7.7256546759E-02 -6.3405432484E-02
HessDelSqRho_EigVec3 = -9.8235404824E-02 -6.3916955308E-01  7.6276607663E-01
</CP of DelSqRho>
<CP of DelSqRho>
CP# = 6       
Type = (3,+3)
Coords = -2.43844419025773E-01  5.13808489847150E-01  1.08231720306635E-14
DistFromNuc =  4.4363418567E-01
Rho =  1.2193958349E+01
DelSqRho = -1.8856340456E+02
GradDelSqRho = -6.9348971010E-12 -8.4980911197E-12  2.1560932892E-12
HessDelSqRho_EigVals =  1.9926094465E+02  2.0355009356E+02  7.0877530899E+04
HessDelSqRho_EigVec1 = -1.3847979762E-13  1.1982788908E-13  1.0000000000E+00
HessDelSqRho_EigVec2 =  8.3539665569E-01 -5.4964754858E-01  1.8154866530E-13
HessDelSqRho_EigVec3 =  5.4964754858E-01  8.3539665569E-01 -2.3988736506E-14
</CP of DelSqRho>
<CP of DelSqRho>
CP# = 7       
Type = (3,+1)
Coords =  4.10851725908854E-03  1.04668397793555E+00 -1.36172591282352E-01
DistFromNuc =  2.1187307053E-01
Rho =  6.4643799341E+01
DelSqRho =  8.1019337723E+03
GradDelSqRho = -1.2732925825E-11 -1.1823431123E-11 -1.8530954549E-11
HessDelSqRho_EigVals = -5.0242990354E+06  1.9922066625E+03  2.4571560259E+03
HessDelSqRho_EigVec1 =  1.8401851121E-02  7.6517560625E-01 -6.4355859366E-01
HessDelSqRho_EigVec2 =  9.9499305380E-01 -7.7256546758E-02 -6.3405432483E-02
HessDelSqRho_EigVec3 = -9.8235404822E-02 -6.3916955308E-01 -7.6276607663E-01
</CP of DelSqRho>
<CP of DelSqRho>
CP# = 8       
Type = (3,-3)
Coords = -1.07433931479705E-01  8.91677960863262E-01  1.82526560967874E-01
DistFromNuc =  2.1192146284E-01
Rho =  6.4556446734E+01
DelSqRho =  8.1213311344E+03
GradDelSqRho = -2.4328983272E-11  7.4578565545E-11  1.3790213416E-10
HessDelSqRho_EigVals = -5.0224597601E+06 -2.6083473175E+03 -1.5006082829E+03
HessDelSqRho_EigVec1 = -5.0663785147E-01  3.5366657843E-02  8.6143327482E-01
HessDelSqRho_EigVec2 =  5.8871102310E-01 -7.1576789530E-01  3.7562701093E-01
HessDelSqRho_EigVec3 =  6.2987095403E-01  6.9744212632E-01  3.4181436731E-01
</CP of DelSqRho>
<CP of DelSqRho>
CP# = 9       
Type = (3,-3)
Coords = -1.07433931479688E-01  8.91677960863294E-01 -1.82526560967882E-01
DistFromNuc =  2.1192146284E-01
Rho =  6.4556446734E+01
DelSqRho =  8.1213311344E+03
GradDelSqRho = -8.6401996668E-12 -2.0008883439E-11  3.4560798667E-11
HessDelSqRho_EigVals = -5.0224597601E+06 -2.6083473175E+03 -1.5006082829E+03
HessDelSqRho_EigVec1 =  5.0663785147E-01 -3.5366657843E-02  8.6143327482E-01
HessDelSqRho_EigVec2 =  5.8871102310E-01 -7.1576789530E-01 -3.7562701093E-01
HessDelSqRho_EigVec3 =  6.2987095403E-01  6.9744212632E-01 -3.4181436731E-01
</CP of DelSqRho>
<CP of DelSqRho>
CP# = 10      
Type = (3,-3)
Coords = -1.13655837477679E-01  1.06334664750332E+00  6.82701041189118E-19
DistFromNuc =  2.1197456458E-01
Rho =  6.4505666545E+01
DelSqRho =  8.1161717146E+03
GradDelSqRho = -1.4551915228E-11  8.7311491370E-11  4.4897590191E-16
HessDelSqRho_EigVals = -5.0148423661E+06 -1.7326902609E+03 -1.5490392394E+03
HessDelSqRho_EigVec1 = -5.3546121789E-01  8.4455981679E-01  3.2374508901E-18
HessDelSqRho_EigVec2 =  8.4455981679E-01  5.3546121789E-01  1.9368456881E-17
HessDelSqRho_EigVec3 = -1.4624290998E-17 -1.3105278441E-17  1.0000000000E+00
</CP of DelSqRho>
<CP of DelSqRho>
CP# = 11      
Type = (3,+1)
Coords =  2.06490385664545E-01  9.31979989125545E-01 -1.81881232616789E-20
DistFromNuc =  2.1189726352E-01
Rho =  6.4619495932E+01
DelSqRho =  8.1031053075E+03
GradDelSqRho =  5.8207660913E-11  1.0913936421E-11 -3.0802818340E-16
HessDelSqRho_EigVals = -5.0223965065E+06  1.7598263048E+03  2.1438858180E+03
HessDelSqRho_EigVec1 =  9.7486206399E-01  2.2280923725E-01 -8.5410353521E-20
HessDelSqRho_EigVec2 =  8.3036110669E-20  2.0024301255E-20  1.0000000000E+00
HessDelSqRho_EigVec3 = -2.2280923725E-01  9.7486206399E-01 -1.0197191697E-21
</CP of DelSqRho>
<CP of DelSqRho>
CP# = 12      
Type = (3,-1)
Coords =  8.15526587641881E-03  1.09627571558697E+00  1.06411555074671E-18
DistFromNuc =  2.1201491743E-01
Rho =  6.4474212229E+01
DelSqRho =  8.1120741136E+03
GradDelSqRho = -1.8189894035E-11  6.1845639721E-11 -1.8147551468E-15
HessDelSqRho_EigVals = -5.0108583776E+06 -2.2202195614E+03  9.3523180601E+02
HessDelSqRho_EigVec1 =  3.7307814026E-02  9.9930382117E-01  5.0383487892E-18
HessDelSqRho_EigVec2 = -1.8823177435E-19 -5.0348314162E-18  1.0000000000E+00
HessDelSqRho_EigVec3 =  9.9930382117E-01 -3.7307814026E-02  2.6217724433E-22
</CP of DelSqRho>
<CP of DelSqRho>
CP# = 13      
Type = (3,+1)
Coords =  3.07736267494704E-02  7.49643566629698E-01  1.60931550418434E-01
DistFromNuc =  2.1215571703E-01
Rho =  6.4376728329E+01
DelSqRho =  8.0914218134E+03
GradDelSqRho =  1.8189894035E-12 -5.4114934755E-11  8.1854523160E-12
HessDelSqRho_EigVals = -4.9950767637E+06  3.7516083061E+03  4.3010411639E+03
HessDelSqRho_EigVec1 =  1.4457801913E-01 -6.3579545223E-01  7.5819610874E-01
HessDelSqRho_EigVec2 =  9.2542577820E-01 -1.8435471115E-01 -3.3105961625E-01
HessDelSqRho_EigVec3 =  3.5026322305E-01  7.4951816749E-01  5.6172786221E-01
</CP of DelSqRho>
<CP of DelSqRho>
CP# = 14      
Type = (3,+1)
Coords =  3.07736267494713E-02  7.49643566629706E-01 -1.60931550418441E-01
DistFromNuc =  2.1215571703E-01
Rho =  6.4376728329E+01
DelSqRho =  8.0914218134E+03
GradDelSqRho =  9.0949470177E-12 -1.0004441720E-11  4.6384229790E-11
HessDelSqRho_EigVals = -4.9950767637E+06  3.7516083061E+03  4.3010411639E+03
HessDelSqRho_EigVec1 = -1.4457801913E-01  6.3579545223E-01  7.5819610874E-01
HessDelSqRho_EigVec2 =  9.2542577820E-01 -1.8435471115E-01  3.3105961625E-01
HessDelSqRho_EigVec3 =  3.5026322305E-01  7.4951816749E-01 -5.6172786221E-01
</CP of DelSqRho>
<CP of DelSqRho>
CP# = 15      
Type = (3,-1)
Coords = -4.16757211643825E-01  1.04402960167301E+00  8.42744228983902E-19
DistFromNuc =  4.4627629465E-01
Rho =  1.1911482100E+01
DelSqRho = -1.7213524478E+02
GradDelSqRho = -5.0022208598E-12  3.6379788071E-12 -1.5503605435E-16
HessDelSqRho_EigVals = -2.2664877123E+02 -2.2444157995E+02  6.6481031128E+04
HessDelSqRho_EigVec1 =  3.5769198485E-01  9.3383962433E-01  1.0793813008E-19
HessDelSqRho_EigVec2 =  1.7550362484E-18 -7.8782320873E-19  1.0000000000E+00
HessDelSqRho_EigVec3 =  9.3383962433E-01 -3.5769198485E-01 -1.9207204382E-18
</CP of DelSqRho>
<CP of DelSqRho>
CP# = 16      
Type = (3,+3)
Coords =  2.26355686718754E-02  8.14712726080686E-01  9.56250555090580E-02
DistFromNuc =  1.2047947639E-01
Rho =  2.4536608332E+02
DelSqRho = -2.6247913110E+04
GradDelSqRho = -1.1641532183E-10 -8.1490725279E-10  1.7462298274E-09
HessDelSqRho_EigVals =  8.2632551475E+04  8.8448544398E+04  8.6732388022E+07
HessDelSqRho_EigVec1 = -7.1625777455E-01  4.7223480394E-01  5.1377922335E-01
HessDelSqRho_EigVec2 =  6.7208281792E-01  6.6498068318E-01  3.2573820295E-01
HessDelSqRho_EigVec3 =  1.8782834254E-01 -5.7861470855E-01  7.9367848200E-01
</CP of DelSqRho>
<CP of DelSqRho>
CP# = 17      
Type = (3,+3)
Coords =  4.40603504794134E-01  8.32843332549990E-01 -7.82469473551829E-20
DistFromNuc =  4.4361172694E-01
Rho =  1.2191787440E+01
DelSqRho = -1.8893406669E+02
GradDelSqRho = -2.2404300637E-12 -1.0516032489E-12 -2.6825764135E-16
HessDelSqRho_EigVals =  3.0110868688E+02  3.1982910201E+02  7.0746083723E+04
HessDelSqRho_EigVec1 =  0.0000000000E+00  0.0000000000E+00  1.0000000000E+00
HessDelSqRho_EigVec2 =  1.1626212893E-01  9.9321856476E-01  0.0000000000E+00
HessDelSqRho_EigVec3 =  9.9321856476E-01 -1.1626212893E-01  0.0000000000E+00
</CP of DelSqRho>
<CP of DelSqRho>
CP# = 18      
Type = (3,-1)
Coords =  2.35951348529384E-01  1.26329402045019E+00  1.48583733901940E-19
DistFromNuc =  4.4634101497E-01
Rho =  1.1913041363E+01
DelSqRho = -1.7149519509E+02
GradDelSqRho = -3.1263880373E-12 -2.4158453016E-12  1.5866461060E-16
HessDelSqRho_EigVals = -3.0377871374E+02 -3.0028685839E+02  6.6418205421E+04
HessDelSqRho_EigVec1 = -2.3744997475E-19 -2.3340169988E-19  1.0000000000E+00
HessDelSqRho_EigVec2 =  8.4884709403E-01 -5.2863845013E-01  7.8173608157E-20
HessDelSqRho_EigVec3 =  5.2863845013E-01  8.4884709403E-01  3.2364754132E-19
</CP of DelSqRho>
<CP of DelSqRho>
CP# = 19      
Type = (3,+1)
Coords =  2.09787332452257E-01  4.91774276517467E-01  4.57175211749065E-19
DistFromNuc =  4.4517365872E-01
Rho =  1.2026944624E+01
DelSqRho = -1.7894349014E+02
GradDelSqRho = -2.0463630790E-12  2.9558577808E-12  6.5376014898E-17
HessDelSqRho_EigVals = -2.3134215602E+02  1.2498584541E+02  6.8293464882E+04
HessDelSqRho_EigVec1 =  8.8201432856E-01  4.7122258458E-01 -8.5654665363E-18
HessDelSqRho_EigVec2 =  7.0796364603E-18  4.9257523160E-18  1.0000000000E+00
HessDelSqRho_EigVec3 = -4.7122258458E-01  8.8201432856E-01 -1.0084995310E-18
</CP of DelSqRho>
<CP of DelSqRho>
CP# = 20      
Type = (3,+3)
Coords = -7.24621672524317E-02  1.15463346086939E+00  3.44241436557316E-01
DistFromNuc =  4.4358706846E-01
Rho =  1.2194235630E+01
DelSqRho = -1.8910152776E+02
GradDelSqRho = -2.2737367544E-12  2.9558577808E-12  4.0927261580E-12
HessDelSqRho_EigVals =  3.1837536793E+02  3.2952327899E+02  7.0770738223E+04
HessDelSqRho_EigVec1 =  9.1424861897E-01 -2.0214372737E-01  3.5112302145E-01
HessDelSqRho_EigVec2 =  3.7076350131E-01  7.6684579228E-01 -5.2391025659E-01
HessDelSqRho_EigVec3 = -1.6335203949E-01  6.0916782938E-01  7.7603522268E-01
</CP of DelSqRho>
<CP of DelSqRho>
CP# = 21      
Type = (3,-1)
Coords =  1.31985313781517E-01  7.00054243013662E-01  3.84357277713927E-01
DistFromNuc =  4.4625163969E-01
Rho =  1.1911270886E+01
DelSqRho = -1.7233112469E+02
GradDelSqRho =  1.1368683772E-12 -1.5916157281E-12  1.8189894035E-12
HessDelSqRho_EigVals = -2.1543881079E+02 -2.0301438456E+02  6.6518622294E+04
HessDelSqRho_EigVec1 =  3.6768442525E-01  8.8142900174E-01  2.9646429519E-01
HessDelSqRho_EigVec2 = -8.8165437850E-01  2.2900012728E-01  4.1260695411E-01
HessDelSqRho_EigVec3 =  2.9579337433E-01 -4.1308819470E-01  8.6131551890E-01
</CP of DelSqRho>
<CP of DelSqRho>
CP# = 22      
Type = (3,+3)
Coords = -7.24621672524293E-02  1.15463346086939E+00 -3.44241436557314E-01
DistFromNuc =  4.4358706846E-01
Rho =  1.2194235630E+01
DelSqRho = -1.8910152776E+02
GradDelSqRho = -1.8189894035E-12  3.2116531656E-12 -2.0463630790E-12
HessDelSqRho_EigVals =  3.1837536793E+02  3.2952327899E+02  7.0770738223E+04
HessDelSqRho_EigVec1 =  9.1424861897E-01 -2.0214372737E-01 -3.5112302145E-01
HessDelSqRho_EigVec2 =  3.7076350131E-01  7.6684579228E-01  5.2391025659E-01
HessDelSqRho_EigVec3 =  1.6335203949E-01 -6.0916782938E-01  7.7603522268E-01
</CP of DelSqRho>
<CP of DelSqRho>
CP# = 23      
Type = (3,-1)
Coords =  1.31985313781520E-01  7.00054243013666E-01 -3.84357277713928E-01
DistFromNuc =  4.4625163969E-01
Rho =  1.1911270886E+01
DelSqRho = -1.7233112469E+02
GradDelSqRho = -1.1368683772E-12  3.4106051316E-13  2.0463630790E-12
HessDelSqRho_EigVals = -2.1543881079E+02 -2.0301438456E+02  6.6518622294E+04
HessDelSqRho_EigVec1 =  3.6768442525E-01  8.8142900174E-01 -2.9646429519E-01
HessDelSqRho_EigVec2 = -8.8165437850E-01  2.2900012728E-01 -4.1260695411E-01
HessDelSqRho_EigVec3 = -2.9579337433E-01  4.1308819470E-01  8.6131551890E-01
</CP of DelSqRho>
<CP of DelSqRho>
CP# = 24      
Type = (3,+1)
Coords = -1.35884251082140E-01  1.30826935948234E+00  1.46213664135641E-18
DistFromNuc =  4.4510083700E-01
Rho =  1.2039524938E+01
DelSqRho = -1.7938905210E+02
GradDelSqRho = -4.6540549192E-13 -3.8653524825E-12 -6.7226499035E-16
HessDelSqRho_EigVals = -2.9904103590E+02  2.3773459661E+02  6.8354101812E+04
HessDelSqRho_EigVec1 =  1.1484699010E-18 -3.2146132684E-18  1.0000000000E+00
HessDelSqRho_EigVec2 =  9.5227075740E-01  3.0525465532E-01 -1.1237863729E-19
HessDelSqRho_EigVec3 = -3.0525465532E-01  9.5227075740E-01  3.4117579956E-18
</CP of DelSqRho>
<CP of DelSqRho>
CP# = 25      
Type = (3,+1)
Coords = -2.86720215328555E-01  8.09561870155663E-01  3.32188320226774E-01
DistFromNuc =  4.4515273549E-01
Rho =  1.2030182557E+01
DelSqRho = -1.7908608787E+02
GradDelSqRho = -1.8189894035E-12  2.2737367544E-13  2.7284841053E-12
HessDelSqRho_EigVals = -2.3972099320E+02  1.4697539163E+02  6.8317268746E+04
HessDelSqRho_EigVec1 =  2.5669977716E-01  8.7142856272E-01  4.1799220624E-01
HessDelSqRho_EigVec2 =  7.2058081391E-01 -4.6078393453E-01  5.1811336241E-01
HessDelSqRho_EigVec3 = -6.4410287612E-01 -1.6819757950E-01  7.4621783630E-01
</CP of DelSqRho>
<CP of DelSqRho>
CP# = 26      
Type = (3,+1)
Coords = -2.86720215328556E-01  8.09561870155669E-01 -3.32188320226774E-01
DistFromNuc =  4.4515273549E-01
Rho =  1.2030182557E+01
DelSqRho = -1.7908608787E+02
GradDelSqRho = -4.5474735089E-13 -9.0949470177E-13  2.0463630790E-12
HessDelSqRho_EigVals = -2.3972099320E+02  1.4697539163E+02  6.8317268746E+04
HessDelSqRho_EigVec1 =  2.5669977716E-01  8.7142856272E-01 -4.1799220624E-01
HessDelSqRho_EigVec2 =  7.2058081391E-01 -4.6078393453E-01 -5.1811336241E-01
HessDelSqRho_EigVec3 =  6.4410287612E-01  1.6819757950E-01  7.4621783630E-01
</CP of DelSqRho>
<CP of DelSqRho>
CP# = 27      
Type = (3,+1)
Coords =  2.94854373015866E-01  1.03973688553864E+00  2.95049393795334E-01
DistFromNuc =  4.4510368911E-01
Rho =  1.2037881861E+01
DelSqRho = -1.7938810117E+02
GradDelSqRho = -3.6379788071E-12 -6.8212102633E-13 -1.1368683772E-12
HessDelSqRho_EigVals = -2.8632689338E+02  2.3389144410E+02  6.8352032461E+04
HessDelSqRho_EigVec1 = -7.3623869506E-01  4.6662141639E-01  4.9011941164E-01
HessDelSqRho_EigVec2 = -1.3825627531E-01 -8.1269549292E-01  5.6604879482E-01
HessDelSqRho_EigVec3 =  6.6244832722E-01  3.4898494173E-01  6.6285120820E-01
</CP of DelSqRho>
<CP of DelSqRho>
CP# = 28      
Type = (3,+1)
Coords =  2.94854373015861E-01  1.03973688553864E+00 -2.95049393795336E-01
DistFromNuc =  4.4510368911E-01
Rho =  1.2037881861E+01
DelSqRho = -1.7938810117E+02
GradDelSqRho =  3.1832314562E-12  9.6633812063E-13 -1.5916157281E-12
HessDelSqRho_EigVals = -2.8632689338E+02  2.3389144410E+02  6.8352032461E+04
HessDelSqRho_EigVec1 = -7.3623869506E-01  4.6662141639E-01 -4.9011941164E-01
HessDelSqRho_EigVec2 =  1.3825627531E-01  8.1269549292E-01  5.6604879482E-01
HessDelSqRho_EigVec3 =  6.6244832722E-01  3.4898494173E-01 -6.6285120820E-01
</CP of DelSqRho>
<CP of DelSqRho>
CP# = 29      
Type = (3,-3)
Coords =  7.15869309773744E-01  7.63906998202856E-01 -9.98553968599704E-19
DistFromNuc =  7.2594193915E-01
Rho =  3.1685751875E+00
DelSqRho =  4.3930326957E+01
GradDelSqRho =  2.3447910280E-13 -2.1316282073E-14 -6.8962683322E-18
HessDelSqRho_EigVals = -2.6678432818E+03 -8.0911621566E+00 -7.8707379920E+00
HessDelSqRho_EigVec1 =  9.8595849798E-01 -1.6699053943E-01  0.0000000000E+00
HessDelSqRho_EigVec2 =  0.0000000000E+00  0.0000000000E+00  1.0000000000E+00
HessDelSqRho_EigVec3 =  1.6699053943E-01  9.8595849798E-01  0.0000000000E+00
</CP of DelSqRho>
<CP of DelSqRho>
CP# = 30      
Type = (3,-3)
Coords = -3.90086364860953E-01  2.73172551958190E-01 -6.34167389631508E-19
DistFromNuc =  7.2511241100E-01
Rho =  3.1805924032E+00
DelSqRho =  4.4293324808E+01
GradDelSqRho = -6.8389738317E-14 -1.5631940187E-13  9.5473055163E-18
HessDelSqRho_EigVals = -2.6987831014E+03 -9.0464394747E+00 -8.9683216618E+00
HessDelSqRho_EigVec1 =  5.3783004814E-01  8.4305328380E-01  0.0000000000E+00
HessDelSqRho_EigVec2 =  8.4305328380E-01 -5.3783004814E-01  0.0000000000E+00
HessDelSqRho_EigVec3 =  0.0000000000E+00  0.0000000000E+00  1.0000000000E+00
</CP of DelSqRho>
<CP of DelSqRho>
CP# = 31      
Type = (3,-1)
Coords = -2.27328005096452E-01  1.57277921951257E+00 -4.65163533278641E-18
DistFromNuc =  7.2492730478E-01
Rho =  3.1808961327E+00
DelSqRho =  4.3250275629E+01
GradDelSqRho = -8.1712414612E-14 -3.4816594052E-13 -7.6319109313E-18
HessDelSqRho_EigVals = -2.6305414261E+03 -5.1367739489E+00  7.3830226124E+00
HessDelSqRho_EigVec1 = -3.1367019896E-01  9.4953199329E-01 -6.2755302535E-18
HessDelSqRho_EigVec2 =  9.4953199329E-01  3.1367019896E-01  2.2622541772E-19
HessDelSqRho_EigVec3 = -2.1832550950E-18  5.8878565788E-18  1.0000000000E+00
</CP of DelSqRho>
<CP of DelSqRho>
CP# = 32      
Type = (3,-3)
Coords = -1.35067816267573E-01  1.30600354814388E+00  5.75466509804716E-01
DistFromNuc =  7.2604382956E-01
Rho =  3.1670364158E+00
DelSqRho =  4.3929542575E+01
GradDelSqRho = -3.1974423109E-13  5.3290705182E-13  5.4001247918E-13
HessDelSqRho_EigVals = -2.6661560737E+03 -8.2900609709E+00 -8.0768197561E+00
HessDelSqRho_EigVec1 = -1.8648500467E-01  5.8003592001E-01  7.9295754901E-01
HessDelSqRho_EigVec2 =  9.3471594808E-01 -1.4379438251E-01  3.2500657219E-01
HessDelSqRho_EigVec3 =  3.0253832722E-01  8.0179891934E-01 -5.1535332880E-01
</CP of DelSqRho>
<CP of DelSqRho>
CP# = 33      
Type = (3,-3)
Coords = -1.35067816267574E-01  1.30600354814388E+00 -5.75466509804718E-01
DistFromNuc =  7.2604382956E-01
Rho =  3.1670364158E+00
DelSqRho =  4.3929542575E+01
GradDelSqRho = -1.5631940187E-13  9.9475983006E-14  1.9895196601E-13
HessDelSqRho_EigVals = -2.6661560737E+03 -8.2900609709E+00 -8.0768197561E+00
HessDelSqRho_EigVec1 =  1.8648500467E-01 -5.8003592001E-01  7.9295754901E-01
HessDelSqRho_EigVec2 =  9.3471594808E-01 -1.4379438250E-01 -3.2500657219E-01
HessDelSqRho_EigVec3 =  3.0253832722E-01  8.0179891934E-01  5.1535332880E-01
</CP of DelSqRho>
<CP of DelSqRho>
CP# = 34      
Type = (3,+1)
Coords =  3.84382061184889E-01  1.49781197928664E+00 -3.20238269312017E-15
DistFromNuc =  7.2387989699E-01
Rho =  3.1933406662E+00
DelSqRho =  4.2836953966E+01
GradDelSqRho = -1.4086509736E-12 -2.5721647035E-12 -1.8003936019E-14
HessDelSqRho_EigVals = -2.6060686371E+03  5.6235283272E+00  5.7256190046E+00
HessDelSqRho_EigVec1 =  5.3097680037E-01  8.4738635667E-01 -4.3826499751E-15
HessDelSqRho_EigVec2 = -2.7068362476E-13  1.7478376162E-13  1.0000000000E+00
HessDelSqRho_EigVec3 =  8.4738635667E-01 -5.3097680037E-01  3.2217973309E-13
</CP of DelSqRho>
<CP of DelSqRho>
CP# = 35      
Type = (3,+1)
Coords =  1.87536979502915E-01  5.32756282739575E-01  6.04830859088192E-01
DistFromNuc =  7.2433158316E-01
Rho =  3.1868860573E+00
DelSqRho =  4.2636912263E+01
GradDelSqRho = -1.4992451725E-12  2.2453150450E-12 -3.8227199184E-12
HessDelSqRho_EigVals = -2.5961121243E+03  6.7904195217E+00  7.6423002284E+00
HessDelSqRho_EigVec1 =  2.5931346622E-01 -4.8477774676E-01  8.3531255377E-01
HessDelSqRho_EigVec2 = -6.5824683422E-01  5.4418576956E-01  5.2016627481E-01
HessDelSqRho_EigVec3 =  7.0673023954E-01  6.8472796383E-01  1.7798871893E-01
</CP of DelSqRho>
<CP of DelSqRho>
CP# = 36      
Type = (3,-1)
Coords = -4.54034872786980E-01  7.66522035929828E-01  5.52412126669904E-01
DistFromNuc =  7.2471112319E-01
Rho =  3.1833294268E+00
DelSqRho =  4.3283134315E+01
GradDelSqRho =  1.4210854715E-13  8.8817841970E-14 -4.2632564146E-14
HessDelSqRho_EigVals = -2.6365060744E+03 -5.9159257778E+00  7.5978566850E+00
HessDelSqRho_EigVec1 = -6.2651013592E-01 -1.6310319140E-01  7.6215641344E-01
HessDelSqRho_EigVec2 =  7.3083272228E-01 -4.6276572115E-01  5.0172843190E-01
HessDelSqRho_EigVec3 =  2.7086635384E-01  8.7134679450E-01  4.0912856424E-01
</CP of DelSqRho>
<CP of DelSqRho>
CP# = 37      
Type = (3,+1)
Coords =  1.87536979502921E-01  5.32756282739575E-01 -6.04830859088189E-01
DistFromNuc =  7.2433158316E-01
Rho =  3.1868860573E+00
DelSqRho =  4.2636912263E+01
GradDelSqRho = -1.2718714970E-12  1.9042545318E-12  3.1405988921E-12
HessDelSqRho_EigVals = -2.5961121243E+03  6.7904195217E+00  7.6423002284E+00
HessDelSqRho_EigVec1 = -2.5931346622E-01  4.8477774676E-01  8.3531255377E-01
HessDelSqRho_EigVec2 = -6.5824683422E-01  5.4418576956E-01 -5.2016627481E-01
HessDelSqRho_EigVec3 =  7.0673023954E-01  6.8472796383E-01 -1.7798871893E-01
</CP of DelSqRho>
<CP of DelSqRho>
CP# = 38      
Type = (3,-1)
Coords = -4.54034872786986E-01  7.66522035929826E-01 -5.52412126669899E-01
DistFromNuc =  7.2471112319E-01
Rho =  3.1833294268E+00
DelSqRho =  4.3283134315E+01
GradDelSqRho =  1.8474111130E-13  2.8421709430E-14  1.4210854715E-13
HessDelSqRho_EigVals = -2.6365060744E+03 -5.9159257778E+00  7.5978566850E+00
HessDelSqRho_EigVec1 =  6.2651013592E-01  1.6310319140E-01  7.6215641344E-01
HessDelSqRho_EigVec2 =  7.3083272228E-01 -4.6276572115E-01 -5.0172843190E-01
HessDelSqRho_EigVec3 =  2.7086635384E-01  8.7134679450E-01 -4.0912856424E-01
</CP of DelSqRho>
<CP of DelSqRho>
CP# = 39      
Type = (3,+1)
Coords = -6.93181986382024E-01  1.09433967749059E+00 -8.84727762931268E-18
DistFromNuc =  7.2427101349E-01
Rho =  3.1878876843E+00
DelSqRho =  4.2660767221E+01
GradDelSqRho =  5.4001247918E-13 -9.3702823278E-14 -3.1924166464E-17
HessDelSqRho_EigVals = -2.5967473100E+03  6.5168502205E+00  7.4938172901E+00
HessDelSqRho_EigVec1 =  9.5685122230E-01 -2.9057828271E-01  1.2098523537E-17
HessDelSqRho_EigVec2 = -1.1478028869E-17  3.8397831151E-18  1.0000000000E+00
HessDelSqRho_EigVec3 =  2.9057828271E-01  9.5685122230E-01 -3.3883524941E-19
</CP of DelSqRho>
<CP of DelSqRho>
CP# = 40      
Type = (3,-1)
Coords =  4.79612061907440E-01  1.12952239268802E+00  4.85183298131486E-01
DistFromNuc =  7.2491852706E-01
Rho =  3.1810357611E+00
DelSqRho =  4.3235125405E+01
GradDelSqRho = -2.5721647035E-12 -6.2172489379E-13 -2.9558577808E-12
HessDelSqRho_EigVals = -2.6305010841E+03 -4.9270259696E+00  7.3307627843E+00
HessDelSqRho_EigVec1 =  6.6159231292E-01  3.3798790139E-01  6.6937268394E-01
HessDelSqRho_EigVec2 = -1.4322432300E-01 -8.1926864927E-01  5.5523479144E-01
HessDelSqRho_EigVec3 = -7.3605869656E-01  4.6320951938E-01  4.9361375221E-01
</CP of DelSqRho>
<CP of DelSqRho>
CP# = 41      
Type = (3,-1)
Coords =  4.79612061907442E-01  1.12952239268804E+00 -4.85183298131472E-01
DistFromNuc =  7.2491852706E-01
Rho =  3.1810357611E+00
DelSqRho =  4.3235125405E+01
GradDelSqRho = -2.8705926525E-12 -9.5923269328E-13  3.0127011996E-12
HessDelSqRho_EigVals = -2.6305010841E+03 -4.9270259696E+00  7.3307627843E+00
HessDelSqRho_EigVec1 =  6.6159231292E-01  3.3798790139E-01 -6.6937268394E-01
HessDelSqRho_EigVec2 =  1.4322432300E-01  8.1926864927E-01  5.5523479144E-01
HessDelSqRho_EigVec3 = -7.3605869656E-01  4.6320951938E-01 -4.9361375221E-01
</CP of DelSqRho>
<CP of DelSqRho>
CP# = 42      
Type = (3,-1)
Coords =  3.49443201274845E-01  2.49592856625585E-01 -2.21645859546956E-18
DistFromNuc =  7.2464690604E-01
Rho =  3.1841398475E+00
DelSqRho =  4.3287296987E+01
GradDelSqRho =  1.3500311979E-13 -3.5527136788E-14  2.0253540267E-17
HessDelSqRho_EigVals = -2.6375843313E+03 -6.0728684855E+00  7.5464342890E+00
HessDelSqRho_EigVec1 = -4.8193937613E-01  8.7620456386E-01  0.0000000000E+00
HessDelSqRho_EigVec2 =  0.0000000000E+00  0.0000000000E+00  1.0000000000E+00
HessDelSqRho_EigVec3 =  8.7620456386E-01  4.8193937613E-01  0.0000000000E+00
</CP of DelSqRho>
<CP of DelSqRho>
CP# = 43      
Type = (3,-1)
Coords =  1.63057483896226E+00 -7.92944983521481E-01  7.62921898389107E-13
DistFromNuc =  2.3392990174E+00
Rho =  4.2845566790E-02
DelSqRho =  8.3786230923E-02
GradDelSqRho = -9.6173069508E-15  8.3336115786E-14 -1.2592943571E-14
HessDelSqRho_EigVals = -2.4414640975E-01 -1.6506913899E-02  1.6755513813E-01
HessDelSqRho_EigVec1 =  1.9840631495E-04  9.9999998032E-01 -4.5151913293E-13
HessDelSqRho_EigVec2 =  8.9584250823E-17  4.5151912404E-13  1.0000000000E+00
HessDelSqRho_EigVec3 =  9.9999998032E-01 -1.9840631495E-04 -3.5264900006E-24
</CP of DelSqRho>
<CP of DelSqRho>
CP# = 44      
Type = (3,+1)
Coords = -3.66241209487312E-01 -1.00444393284437E+00  1.44159596216674E+00
DistFromNuc =  2.4041900563E+00
Rho =  4.6909117318E-02
DelSqRho =  5.4546425810E-02
GradDelSqRho = -3.9725167600E-15  3.5336317206E-15 -1.5352302762E-15
HessDelSqRho_EigVals = -1.4085997485E-01  1.4967130638E-02  9.4747413903E-02
HessDelSqRho_EigVec1 =  3.2622135834E-01 -3.1924885844E-01  8.8975265762E-01
HessDelSqRho_EigVec2 =  7.5597472457E-01 -4.7698391121E-01 -4.4831748155E-01
HessDelSqRho_EigVec3 =  5.6752254685E-01  8.1888125808E-01  8.5741728408E-02
</CP of DelSqRho>
<CP of DelSqRho>
CP# = 45      
Type = (3,+1)
Coords = -3.66241209487314E-01 -1.00444393284437E+00 -1.44159596216675E+00
DistFromNuc =  2.4041900563E+00
Rho =  4.6909117318E-02
DelSqRho =  5.4546425810E-02
GradDelSqRho = -4.0627223807E-15  3.4833247398E-15  1.4831885720E-15
HessDelSqRho_EigVals = -1.4085997485E-01  1.4967130638E-02  9.4747413903E-02
HessDelSqRho_EigVec1 = -3.2622135834E-01  3.1924885844E-01  8.8975265762E-01
HessDelSqRho_EigVec2 =  7.5597472457E-01 -4.7698391121E-01  4.4831748155E-01
HessDelSqRho_EigVec3 =  5.6752254685E-01  8.1888125808E-01 -8.5741728408E-02
</CP of DelSqRho>
<CP of DelSqRho>
CP# = 46      
Type = (3,+1)
Coords = -2.31767850068488E+00  2.61308798170870E-01  4.51700950789623E-18
DistFromNuc =  2.3999788211E+00
Rho =  4.6593227896E-02
DelSqRho =  5.3645789386E-02
GradDelSqRho =  1.0408340856E-16 -4.8572257327E-17 -2.7738403875E-20
HessDelSqRho_EigVals = -1.3848821020E-01  1.6099816067E-02  9.8870576295E-02
HessDelSqRho_EigVec1 =  8.8501432669E-01 -4.6556378892E-01  0.0000000000E+00
HessDelSqRho_EigVec2 =  0.0000000000E+00  0.0000000000E+00  1.0000000000E+00
HessDelSqRho_EigVec3 =  4.6556378892E-01  8.8501432669E-01  0.0000000000E+00
</CP of DelSqRho>
<Path of -GradDelSqRho>
Starting CP# =      3
Ending CP# =      0
Number of Points =    400
 -2.1169180389E-01  8.9830737081E-01  2.0340812107E-19  6.4383682985E+01  8.0929875216E+03
 -1.8674418293E-01  8.9668990194E-01  1.7900625144E-19  9.5628867284E+01  5.9129564239E+03
 -1.6179684422E-01  8.9506808476E-01  1.5493609118E-19  1.4046778876E+02 -3.0085899495E+03
 -1.3684949608E-01  8.9344641314E-01  1.3088846078E-19  1.9924516568E+02 -1.8937638284E+04
 -1.1937403858E-01  8.9252048054E-01  1.1230015853E-19  2.4779876216E+02 -2.6203323266E+04
 -1.1934278348E-01  8.9301759207E-01  1.0880113899E-19  2.4778862991E+02 -2.6204072993E+04
 -1.1931091961E-01  8.9349037572E-01  1.0536338594E-19  2.4777959234E+02 -2.6204748663E+04
 -1.1927866742E-01  8.9394030114E-01  1.0191090175E-19  2.4777150835E+02 -2.6205358622E+04
 -1.1924621529E-01  8.9436870218E-01  9.8489177893E-20  2.4776425923E+02 -2.6205910063E+04
 -1.1921372427E-01  8.9477679761E-01  9.3370088950E-20  2.4775774432E+02 -2.6206409233E+04
 -1.1918133188E-01  8.9516570742E-01  8.9582995817E-20  2.4775187765E+02 -2.6206861591E+04
 -1.1914915538E-01  8.9553646577E-01  8.7051858068E-20  2.4774658531E+02 -2.6207271928E+04
 -1.1911729442E-01  8.9589003153E-01  8.4012799401E-20  2.4774180343E+02 -2.6207644469E+04
 -1.1908583333E-01  8.9622729686E-01  8.0436445679E-20  2.4773747649E+02 -2.6207982957E+04
 -1.1905484311E-01  8.9654909437E-01  7.6408307427E-20  2.4773355606E+02 -2.6208290715E+04
 -1.1902438306E-01  8.9685620309E-01  7.2599622623E-20  2.4772999969E+02 -2.6208570707E+04
 -1.1899450227E-01  8.9714935361E-01  7.0542473536E-20  2.4772677002E+02 -2.6208825578E+04
 -1.1896524085E-01  8.9742923238E-01  6.7600306700E-20  2.4772383409E+02 -2.6209057699E+04
 -1.1893663110E-01  8.9769648552E-01  6.4702745451E-20  2.4772116272E+02 -2.6209269196E+04
 -1.1890869841E-01  8.9795172212E-01  6.1587997192E-20  2.4771872998E+02 -2.6209461980E+04
 -1.1888146215E-01  8.9819551707E-01  5.9034522683E-20  2.4771651280E+02 -2.6209637773E+04
 -1.1885493643E-01  8.9842841365E-01  5.6594191862E-20  2.4771449060E+02 -2.6209798127E+04
 -1.1882913073E-01  8.9865092583E-01  5.5056584198E-20  2.4771264495E+02 -2.6209944444E+04
 -1.1880405050E-01  8.9886354024E-01  5.3643865903E-20  2.4771095937E+02 -2.6210077990E+04
 -1.1877969772E-01  8.9906671806E-01  5.2170174119E-20  2.4770941905E+02 -2.6210199913E+04
 -1.1875607129E-01  8.9926089667E-01  4.9712015043E-20  2.4770801066E+02 -2.6210311249E+04
 -1.1873316750E-01  8.9944649113E-01  4.8133384186E-20  2.4770672222E+02 -2.6210412942E+04
 -1.1871098035E-01  8.9962389561E-01  4.7064350812E-20  2.4770554292E+02 -2.6210505845E+04
 -1.1868950191E-01  8.9979348458E-01  4.5552465945E-20  2.4770446298E+02 -2.6210590735E+04
 -1.1866872256E-01  8.9995561404E-01  4.3038725493E-20  2.4770347358E+02 -2.6210668315E+04
 -1.1864863131E-01  9.0011062256E-01  4.2234655315E-20  2.4770256673E+02 -2.6210739227E+04
 -1.1862921595E-01  9.0025883225E-01  3.9961638180E-20  2.4770173519E+02 -2.6210804054E+04
 -1.1861046330E-01  9.0040054970E-01  3.8705120928E-20  2.4770097238E+02 -2.6210863325E+04
 -1.1859235939E-01  9.0053606684E-01  3.9005929826E-20  2.4770027236E+02 -2.6210917525E+04
 -1.1857488957E-01  9.0066566171E-01  3.7902177046E-20  2.4769962969E+02 -2.6210967092E+04
 -1.1855803871E-01  9.0078959921E-01  3.6639660740E-20  2.4769903947E+02 -2.6211012429E+04
 -1.1854179127E-01  9.0090813180E-01  3.3553356065E-20  2.4769849721E+02 -2.6211053900E+04
 -1.1852613143E-01  9.0102150013E-01  3.2800159472E-20  2.4769799883E+02 -2.6211091838E+04
 -1.1851104321E-01  9.0112993366E-01  3.1255809917E-20  2.4769754063E+02 -2.6211126548E+04
 -1.1849651051E-01  9.0123365121E-01  3.0600774741E-20  2.4769711920E+02 -2.6211158308E+04
 -1.1848251719E-01  9.0133286154E-01  3.0409561786E-20  2.4769673147E+02 -2.6211187369E+04
 -1.1846904717E-01  9.0142776380E-01  2.8902603728E-20  2.4769637461E+02 -2.6211213964E+04
 -1.1845608445E-01  9.0151854803E-01  2.6900216761E-20  2.4769604606E+02 -2.6211238303E+04
 -1.1844361316E-01  9.0160539563E-01  2.5589287612E-20  2.4769574346E+02 -2.6211260580E+04
 -1.1843161762E-01  9.0168847972E-01  2.4439260082E-20  2.4769546467E+02 -2.6211280970E+04
 -1.1842008238E-01  9.0176796561E-01  2.2611759001E-20  2.4769520772E+02 -2.6211299633E+04
 -1.1840899220E-01  9.0184401113E-01  2.2236299161E-20  2.4769497083E+02 -2.6211316718E+04
 -1.1839833214E-01  9.0191676700E-01  2.2037439283E-20  2.4769475234E+02 -2.6211332359E+04
 -1.1838808755E-01  9.0198637719E-01  2.2253221086E-20  2.4769455077E+02 -2.6211346677E+04
 -1.1837824406E-01  9.0205297920E-01  2.2027882803E-20  2.4769436473E+02 -2.6211359787E+04
 -1.1836878767E-01  9.0211670437E-01  2.1856419129E-20  2.4769419296E+02 -2.6211371789E+04
 -1.1835970467E-01  9.0217767822E-01  2.1214896269E-20  2.4769403432E+02 -2.6211382779E+04
 -1.1835098172E-01  9.0223602064E-01  1.9915542291E-20  2.4769388774E+02 -2.6211392841E+04
 -1.1834260582E-01  9.0229184623E-01  1.7987528703E-20  2.4769375226E+02 -2.6211402055E+04
 -1.1833456432E-01  9.0234526449E-01  1.7818749796E-20  2.4769362700E+02 -2.6211410493E+04
 -1.1832684494E-01  9.0239638006E-01  1.7321986512E-20  2.4769351112E+02 -2.6211418219E+04
 -1.1831943573E-01  9.0244529298E-01  1.6801728720E-20  2.4769340390E+02 -2.6211425294E+04
 -1.1831232511E-01  9.0249209887E-01  1.7752786983E-20  2.4769330465E+02 -2.6211431774E+04
 -1.1830550186E-01  9.0253688912E-01  1.6747402407E-20  2.4769321273E+02 -2.6211437708E+04
 -1.1829895510E-01  9.0257975113E-01  1.5929595033E-20  2.4769312758E+02 -2.6211443143E+04
 -1.1829267429E-01  9.0262076841E-01  1.5608053043E-20  2.4769304865E+02 -2.6211448120E+04
 -1.1828664925E-01  9.0266002087E-01  1.4274020866E-20  2.4769297547E+02 -2.6211452679E+04
 -1.1828087011E-01  9.0269758486E-01  1.2635096932E-20  2.4769290759E+02 -2.6211456854E+04
 -1.1827532736E-01  9.0273353342E-01  1.3009360815E-20  2.4769284460E+02 -2.6211460678E+04
 -1.1827001180E-01  9.0276793638E-01  1.2523813249E-20  2.4769278612E+02 -2.6211464181E+04
 -1.1826491453E-01  9.0280086053E-01  1.2109569914E-20  2.4769273181E+02 -2.6211467389E+04
 -1.1826002699E-01  9.0283236974E-01  1.2848805259E-20  2.4769268134E+02 -2.6211470328E+04
 -1.1825534090E-01  9.0286252510E-01  1.2455177413E-20  2.4769263442E+02 -2.6211473019E+04
 -1.1825084828E-01  9.0289138502E-01  1.0664650580E-20  2.4769259078E+02 -2.6211475485E+04
 -1.1824654145E-01  9.0291900540E-01  1.0597094034E-20  2.4769255018E+02 -2.6211477743E+04
 -1.1824241300E-01  9.0294543967E-01  9.9468719220E-21  2.4769251239E+02 -2.6211479812E+04
 -1.1823845578E-01  9.0297073897E-01  8.7341493841E-21  2.4769247719E+02 -2.6211481707E+04
 -1.1823466293E-01  9.0299495220E-01  7.9057821267E-21  2.4769244440E+02 -2.6211483443E+04
 -1.1823102782E-01  9.0301812615E-01  6.9743013037E-21  2.4769241382E+02 -2.6211485034E+04
 -1.1822754409E-01  9.0304030558E-01  7.5231436518E-21  2.4769238531E+02 -2.6211486490E+04
 -1.1822420560E-01  9.0306153328E-01  7.0759371948E-21  2.4769235871E+02 -2.6211487825E+04
 -1.1822100646E-01  9.0308185024E-01  7.6535021016E-21  2.4769233388E+02 -2.6211489047E+04
 -1.1821794100E-01  9.0310129563E-01  7.0595002006E-21  2.4769231068E+02 -2.6211490167E+04
 -1.1821500377E-01  9.0311990694E-01  7.1803415882E-21  2.4769228901E+02 -2.6211491193E+04
 -1.1821218953E-01  9.0313772005E-01  8.0237501310E-21  2.4769226874E+02 -2.6211492133E+04
 -1.1820949323E-01  9.0315476927E-01  8.9328914304E-21  2.4769224979E+02 -2.6211492994E+04
 -1.1820691004E-01  9.0317108744E-01  7.9797062446E-21  2.4769223206E+02 -2.6211493783E+04
 -1.1820443531E-01  9.0318670597E-01  7.7973974517E-21  2.4769221546E+02 -2.6211494506E+04
 -1.1820206456E-01  9.0320165494E-01  7.7525517318E-21  2.4769219990E+02 -2.6211495168E+04
 -1.1819979352E-01  9.0321596309E-01  6.9647301286E-21  2.4769218533E+02 -2.6211495774E+04
 -1.1819761805E-01  9.0322965797E-01  7.5685536029E-21  2.4769217166E+02 -2.6211496330E+04
 -1.1819553420E-01  9.0324276589E-01  8.2169931495E-21  2.4769215884E+02 -2.6211496839E+04
 -1.1819353817E-01  9.0325531207E-01  7.7776805842E-21  2.4769214681E+02 -2.6211497305E+04
 -1.1819162632E-01  9.0326732062E-01  7.6218036667E-21  2.4769213552E+02 -2.6211497733E+04
 -1.1818979514E-01  9.0327881462E-01  7.0967317224E-21  2.4769212491E+02 -2.6211498124E+04
 -1.1818804129E-01  9.0328981615E-01  6.7773894075E-21  2.4769211493E+02 -2.6211498483E+04
 -1.1818636153E-01  9.0330034634E-01  6.2763608781E-21  2.4769210556E+02 -2.6211498811E+04
 -1.1818475277E-01  9.0331042541E-01  5.3261371132E-21  2.4769209673E+02 -2.6211499112E+04
 -1.1818321205E-01  9.0332007273E-01  4.8551982369E-21  2.4769208843E+02 -2.6211499388E+04
 -1.1818173653E-01  9.0332930679E-01  5.3845976075E-21  2.4769208062E+02 -2.6211499641E+04
 -1.1818032347E-01  9.0333814535E-01  5.5516417616E-21  2.4769207325E+02 -2.6211499873E+04
 -1.1817897026E-01  9.0334660534E-01  6.0683356464E-21  2.4769206631E+02 -2.6211500085E+04
 -1.1817767438E-01  9.0335470301E-01  6.7281704995E-21  2.4769205977E+02 -2.6211500279E+04
 -1.1817643344E-01  9.0336245389E-01  6.1272516710E-21  2.4769205360E+02 -2.6211500457E+04
 -1.1817524512E-01  9.0336987284E-01  6.2419603954E-21  2.4769204777E+02 -2.6211500620E+04
 -1.1817410721E-01  9.0337697410E-01  6.1018188922E-21  2.4769204228E+02 -2.6211500770E+04
 -1.1817301759E-01  9.0338377129E-01  6.7635936306E-21  2.4769203708E+02 -2.6211500907E+04
 -1.1817197423E-01  9.0339027743E-01  7.3952411100E-21  2.4769203218E+02 -2.6211501032E+04
 -1.1817097518E-01  9.0339650500E-01  6.6046345632E-21  2.4769202754E+02 -2.6211501147E+04
 -1.1817001856E-01  9.0340246593E-01  6.7069611909E-21  2.4769202316E+02 -2.6211501252E+04
 -1.1816910260E-01  9.0340817166E-01  6.5266283032E-21  2.4769201901E+02 -2.6211501349E+04
 -1.1816822557E-01  9.0341363312E-01  6.8368455443E-21  2.4769201508E+02 -2.6211501437E+04
 -1.1816738582E-01  9.0341886076E-01  6.6869952855E-21  2.4769201137E+02 -2.6211501518E+04
 -1.1816658179E-01  9.0342386462E-01  6.5424360077E-21  2.4769200785E+02 -2.6211501593E+04
 -1.1816581197E-01  9.0342865427E-01  5.9559039099E-21  2.4769200452E+02 -2.6211501661E+04
