 AIMInt (Version 19.10.12, Professional)
 Portions Copyright (c) 1997-2019 by Todd A. Keith
 AIMInt is a component of the AIMAll package ( http://aim.tkgristmill.com )

 TP:  64-bit Mac OS X

 AIMInt is a heavily modified and extended version of the PROAIMV program
 developed by members of R.F.W. Bader's research group

 Much of the Quantum Theory of Atoms in Molecules (QTAIM) is described in the book:
   "Atoms in Molecules - A Quantum Theory"
   R.F.W. Bader, Oxford University Press, Oxford, 1990

 For additional references see:  http://aim.tkgristmill.com/references.html

 Current Directory:  /Users/chemlab/Documents/SubstituentCoding/BCP Map Reference/BCPMapReference

 Inp File:  SubH_AsSHMe_wb97xd_aug-cc-pvtz_atomicfiles/c5.inp
 Wfx File:  SubH_AsSHMe_wb97xd_aug-cc-pvtz.wfx
 Out File:  SubH_AsSHMe_wb97xd_aug-cc-pvtz_atomicfiles/c5.int

 Wfx Title:   Title Card Required                                                           
 Job Title:   Title Card Required                                                           
 
<Atom>
C5      
</Atom>
<Nuclei of Molecule>
     8
As1       33.0          -4.4680217411E-17   8.8441770453E-01   0.0000000000E+00
H2         1.0          -4.4843879617E-01   2.6507821235E+00   2.1954818204E+00
H3         1.0          -4.4843879617E-01   2.6507821235E+00  -2.1954818204E+00
S4        16.0          -2.1092938503E+00  -2.3973977845E+00   0.0000000000E+00
C5         6.0           3.6308460706E+00   4.6403236839E-01   0.0000000000E+00
H6         1.0           4.5626529821E+00   2.2968963842E+00   0.0000000000E+00
H7         1.0           4.1489248957E+00  -6.0503726921E-01   1.6756469321E+00
H8         1.0           4.1489248957E+00  -6.0503726921E-01  -1.6756469321E+00
</Nuclei of Molecule>
<Total Number of CPs of DelSqRho>
    41
</Total Number of CPs of DelSqRho>
<Number of (3,+3) CPs of DelSqRho>
     5
</Number of (3,+3) CPs of DelSqRho>
<Number of (3,+1) CPs of DelSqRho>
    15
</Number of (3,+1) CPs of DelSqRho>
<Number of (3,-1) CPs of DelSqRho>
    15
</Number of (3,-1) CPs of DelSqRho>
<Number of (3,-3) CPs of DelSqRho>
     6
</Number of (3,-3) CPs of DelSqRho>
<Number of Degenerate CPs of DelSqRho>
     0
</Number of Degenerate CPs of DelSqRho>
<CP of DelSqRho>
CP# = 1       
Type = (3,+3)
Coords =  3.63084593508865E+00  4.64032404773373E-01 -2.16565845169342E-24
DistFromNuc =  1.4029715454E-07
Rho =  1.2091261688E+02
DelSqRho = -7.4459207674E+05
GradDelSqRho = -9.7415568234E-07 -7.8931975622E-08 -3.2254794714E-15
HessDelSqRho_EigVals =  1.5951731688E+10  1.5951731848E+10  1.5951731869E+10
HessDelSqRho_EigVec1 =  9.9518715012E-01 -9.7992531559E-02 -1.1545337263E-16
HessDelSqRho_EigVec2 =  9.7992531559E-02  9.9518715012E-01 -1.9487969123E-15
HessDelSqRho_EigVec3 =  3.0586525580E-16  1.9281040770E-15  1.0000000000E+00
</CP of DelSqRho>
<CP of DelSqRho>
CP# = 2       
Type = (3,+1)
Coords =  4.21267095702894E+00  1.62099269189492E+00 -6.14895324898024E-19
DistFromNuc =  1.2950202271E+00
Rho =  2.8423315950E-01
DelSqRho = -1.0903967831E+00
GradDelSqRho = -2.6645352591E-15  4.7184478547E-16 -6.6819074780E-19
HessDelSqRho_EigVals = -8.2905213588E+00  8.1465867403E+00  8.2796607924E+00
HessDelSqRho_EigVec1 =  4.6017059626E-01  8.8783051442E-01  0.0000000000E+00
HessDelSqRho_EigVec2 =  8.8783051442E-01 -4.6017059626E-01  0.0000000000E+00
HessDelSqRho_EigVec3 =  0.0000000000E+00  0.0000000000E+00  1.0000000000E+00
</CP of DelSqRho>
<CP of DelSqRho>
CP# = 3       
Type = (3,+1)
Coords =  3.95326146261204E+00 -2.08413056797113E-01  1.05895255384759E+00
DistFromNuc =  1.2951891932E+00
Rho =  2.8594716044E-01
DelSqRho = -1.1032405927E+00
GradDelSqRho =  9.9920072216E-16  2.1094237468E-15 -1.3600232052E-15
HessDelSqRho_EigVals = -8.5235551169E+00  8.2609055435E+00  8.4019850533E+00
HessDelSqRho_EigVec1 =  2.5864900547E-01 -5.2186359580E-01  8.1287088725E-01
HessDelSqRho_EigVec2 = -9.3700807720E-01  6.8974472416E-02  3.4243011756E-01
HessDelSqRho_EigVec3 =  2.3476915305E-01  8.5023579643E-01  4.7115022577E-01
</CP of DelSqRho>
<CP of DelSqRho>
CP# = 4       
Type = (3,+1)
Coords =  3.95326146261204E+00 -2.08413056797113E-01 -1.05895255384759E+00
DistFromNuc =  1.2951891932E+00
Rho =  2.8594716044E-01
DelSqRho = -1.1032405927E+00
GradDelSqRho =  9.9920072216E-16  2.1094237468E-15  1.4710455076E-15
HessDelSqRho_EigVals = -8.5235551169E+00  8.2609055435E+00  8.4019850533E+00
HessDelSqRho_EigVec1 = -2.5864900547E-01  5.2186359580E-01  8.1287088725E-01
HessDelSqRho_EigVec2 = -9.3700807720E-01  6.8974472416E-02 -3.4243011756E-01
HessDelSqRho_EigVec3 =  2.3476915305E-01  8.5023579643E-01 -4.7115022577E-01
</CP of DelSqRho>
<CP of DelSqRho>
CP# = 5       
Type = (3,-3)
Coords =  3.85206993258235E+00  4.31951809623694E-01 -1.88034492228214E-18
DistFromNuc =  2.2353782536E-01
Rho =  9.2442004877E+00
DelSqRho =  2.8367445763E+02
GradDelSqRho =  1.2875034372E-11 -4.1655567884E-12  1.3334215981E-16
HessDelSqRho_EigVals = -5.9850036572E+04 -1.2173524093E+02 -1.1697213452E+02
HessDelSqRho_EigVec1 =  9.8962602361E-01 -1.4366744026E-01 -8.3994316081E-18
HessDelSqRho_EigVec2 =  8.3086040323E-18 -1.2321569694E-18  1.0000000000E+00
HessDelSqRho_EigVec3 =  1.4366744026E-01  9.8962602361E-01  2.5698728643E-20
</CP of DelSqRho>
<CP of DelSqRho>
CP# = 6       
Type = (3,+1)
Coords =  3.56959705729202E+00  6.79591318410844E-01 -1.00692955875057E-17
DistFromNuc =  2.2409172801E-01
Rho =  9.2243209856E+00
DelSqRho =  2.7968170009E+02
GradDelSqRho =  5.0448534239E-12  1.5916157281E-12  3.4354039908E-17
HessDelSqRho_EigVals = -5.8249750720E+04  2.4487781496E+01  5.1867195388E+01
HessDelSqRho_EigVec1 = -2.7208773705E-01  9.6227244757E-01 -4.4934505071E-17
HessDelSqRho_EigVec2 =  3.9658046668E-17  5.7909767017E-17  1.0000000000E+00
HessDelSqRho_EigVec3 =  9.6227244757E-01  2.7208773705E-01 -5.3918383094E-17
</CP of DelSqRho>
<CP of DelSqRho>
CP# = 7       
Type = (3,-1)
Coords =  3.46675241290387E+00  3.11410090485466E-01  1.99526765051387E-18
DistFromNuc =  2.2409883580E-01
Rho =  9.2168025279E+00
DelSqRho =  2.8033897930E+02
GradDelSqRho =  2.1067592115E-12  6.3495875224E-12  1.1323724622E-16
HessDelSqRho_EigVals = -5.8269055700E+04 -3.2882110224E+01  9.3163347907E+00
HessDelSqRho_EigVec1 =  7.3163841487E-01  6.8169291465E-01 -8.9307787586E-18
HessDelSqRho_EigVec2 =  1.6096823553E-18  1.1373263745E-17  1.0000000000E+00
HessDelSqRho_EigVec3 = -6.8169291465E-01  7.3163841487E-01 -7.2238076022E-18
</CP of DelSqRho>
<CP of DelSqRho>
CP# = 8       
Type = (3,+1)
Coords =  3.54038705966356E+00  4.29076151097987E-01  2.01964213027774E-01
DistFromNuc =  2.2404087379E-01
Rho =  9.2274515370E+00
DelSqRho =  2.7990077270E+02
GradDelSqRho = -9.8339114629E-12  3.1423752489E-12  1.0658141036E-12
HessDelSqRho_EigVals = -5.8378617572E+04  1.7075136512E+01  4.9186239769E+01
HessDelSqRho_EigVec1 = -4.0258969477E-01 -1.5665027861E-01  9.0187705807E-01
HessDelSqRho_EigVec2 = -8.8834502724E-02  9.8728379404E-01  1.3182997062E-01
HessDelSqRho_EigVec3 =  9.1105980528E-01  2.7044412338E-02  4.1138623090E-01
</CP of DelSqRho>
<CP of DelSqRho>
CP# = 9       
Type = (3,+1)
Coords =  3.54038705966363E+00  4.29076151097946E-01 -2.01964213027800E-01
DistFromNuc =  2.2404087379E-01
Rho =  9.2274515370E+00
DelSqRho =  2.7990077270E+02
GradDelSqRho =  4.7251091928E-13  1.8687273950E-12  5.5244697705E-12
HessDelSqRho_EigVals = -5.8378617572E+04  1.7075136512E+01  4.9186239769E+01
HessDelSqRho_EigVec1 =  4.0258969477E-01  1.5665027861E-01  9.0187705807E-01
HessDelSqRho_EigVec2 = -8.8834502724E-02  9.8728379404E-01 -1.3182997062E-01
HessDelSqRho_EigVec3 =  9.1105980528E-01  2.7044412338E-02 -4.1138623090E-01
</CP of DelSqRho>
<CP of DelSqRho>
CP# = 10      
Type = (3,-3)
Coords =  3.42372579737204E+00  3.78325266349438E-01  4.69609194928763E-18
DistFromNuc =  2.2415288291E-01
Rho =  9.2115161964E+00
DelSqRho =  2.8034791916E+02
GradDelSqRho = -5.4711790654E-12  1.4219736499E-12  7.9631745707E-17
HessDelSqRho_EigVals = -5.8176805513E+04 -3.1153324404E+01 -7.4679037542E+00
HessDelSqRho_EigVec1 =  9.2382171540E-01  3.8282298541E-01 -2.0986323844E-17
HessDelSqRho_EigVec2 =  1.8815927352E-17  9.4136499059E-18  1.0000000000E+00
HessDelSqRho_EigVec3 = -3.8282298541E-01  9.2382171540E-01 -1.4933647222E-18
</CP of DelSqRho>
<CP of DelSqRho>
CP# = 11      
Type = (3,-1)
Coords =  3.53130479948047E+00  5.43097074031762E-01  1.84573151463915E-01
DistFromNuc =  2.2411367779E-01
Rho =  9.2188732665E+00
DelSqRho =  2.7993852112E+02
GradDelSqRho =  7.2901684689E-12  8.7396756498E-13 -3.5669245335E-12
HessDelSqRho_EigVals = -5.8192929886E+04 -1.4444592946E+01  3.6735170917E+01
HessDelSqRho_EigVec1 = -4.4330305233E-01  3.5257334267E-01  8.2412040494E-01
HessDelSqRho_EigVec2 =  4.3590725924E-04 -9.1931082623E-01  3.9353197425E-01
HessDelSqRho_EigVec3 =  8.9637169399E-01  1.7481316544E-01  4.0737960603E-01
</CP of DelSqRho>
<CP of DelSqRho>
CP# = 12      
Type = (3,-1)
Coords =  3.53130479948032E+00  5.43097074031806E-01 -1.84573151463811E-01
DistFromNuc =  2.2411367779E-01
Rho =  9.2188732665E+00
DelSqRho =  2.7993852112E+02
GradDelSqRho = -5.2828852404E-12 -2.2950530365E-12 -3.1761260288E-12
HessDelSqRho_EigVals = -5.8192929886E+04 -1.4444592946E+01  3.6735170917E+01
HessDelSqRho_EigVec1 =  4.4330305233E-01 -3.5257334267E-01  8.2412040494E-01
HessDelSqRho_EigVec2 =  4.3590725958E-04 -9.1931082623E-01 -3.9353197425E-01
HessDelSqRho_EigVec3 =  8.9637169399E-01  1.7481316544E-01 -4.0737960603E-01
</CP of DelSqRho>
<CP of DelSqRho>
CP# = 13      
Type = (3,-1)
Coords =  4.67091533164705E+00  3.27071679596738E-01 -6.90773679918541E-19
DistFromNuc =  1.0490482821E+00
Rho =  1.6358249167E-01
DelSqRho =  5.9228196369E-02
GradDelSqRho = -4.2148229351E-13 -2.4424906542E-15 -3.4972285061E-18
HessDelSqRho_EigVals = -1.1580715593E+00 -1.1119745579E+00  8.4022559419E+00
HessDelSqRho_EigVec1 =  1.3193238519E-01  9.9125871786E-01  0.0000000000E+00
HessDelSqRho_EigVec2 =  0.0000000000E+00  0.0000000000E+00  1.0000000000E+00
HessDelSqRho_EigVec3 =  9.9125871786E-01 -1.3193238519E-01  0.0000000000E+00
</CP of DelSqRho>
<CP of DelSqRho>
CP# = 14      
Type = (3,-1)
Coords =  3.17519757635163E+00 -4.68123742806004E-01 -1.07276721932050E-17
DistFromNuc =  1.0375599096E+00
Rho =  1.7145670288E-01
DelSqRho =  3.7391990167E-02
GradDelSqRho =  1.4988010832E-15  2.6922908347E-15  2.3076678703E-17
HessDelSqRho_EigVals = -1.4789364862E+00 -1.2877651226E+00  9.2879157633E+00
HessDelSqRho_EigVec1 =  0.0000000000E+00  0.0000000000E+00  1.0000000000E+00
HessDelSqRho_EigVec2 =  9.1088261244E-01 -4.1266556236E-01  0.0000000000E+00
HessDelSqRho_EigVec3 =  4.1266556236E-01  9.1088261244E-01  0.0000000000E+00
</CP of DelSqRho>
<CP of DelSqRho>
CP# = 15      
Type = (3,+1)
Coords =  3.13914963529068E+00  1.33915496456870E+00  1.54135313501597E-19
DistFromNuc =  1.0037952694E+00
Rho =  2.0364857315E-01
DelSqRho = -2.2914629720E-01
GradDelSqRho = -1.1657341759E-15 -1.2212453271E-15  2.8402632717E-18
HessDelSqRho_EigVals = -2.4753261134E+00  1.3356145095E+00  1.3904983725E+01
HessDelSqRho_EigVec1 =  8.8928113157E-01  4.5736098328E-01  0.0000000000E+00
HessDelSqRho_EigVec2 =  0.0000000000E+00  0.0000000000E+00  1.0000000000E+00
HessDelSqRho_EigVec3 = -4.5736098328E-01  8.8928113157E-01  0.0000000000E+00
</CP of DelSqRho>
<CP of DelSqRho>
CP# = 16      
Type = (3,-1)
Coords =  3.39240002139902E+00  1.00204992342083E+00  8.53031413557529E-01
DistFromNuc =  1.0363310284E+00
Rho =  1.7254507027E-01
DelSqRho =  2.4032457927E-02
GradDelSqRho = -4.4725334547E-13  1.0371703496E-12  7.6272321792E-13
HessDelSqRho_EigVals = -1.4513694131E+00 -1.1964137665E+00  9.3925921175E+00
HessDelSqRho_EigVec1 =  1.9088715157E-01  8.5268979291E-01 -4.8629436809E-01
HessDelSqRho_EigVec2 =  9.6036620893E-01 -5.9714881139E-02  2.7226986194E-01
HessDelSqRho_EigVec3 = -2.0312272180E-01  5.1899349711E-01  8.3029326738E-01
</CP of DelSqRho>
<CP of DelSqRho>
CP# = 17      
Type = (3,-1)
Coords =  3.39240002139902E+00  1.00204992342083E+00 -8.53031413557529E-01
DistFromNuc =  1.0363310284E+00
Rho =  1.7254507027E-01
DelSqRho =  2.4032457927E-02
GradDelSqRho = -4.4686476741E-13  1.0376144388E-12 -7.6239015101E-13
HessDelSqRho_EigVals = -1.4513694131E+00 -1.1964137665E+00  9.3925921175E+00
HessDelSqRho_EigVec1 =  1.9088715157E-01  8.5268979291E-01  4.8629436809E-01
HessDelSqRho_EigVec2 =  9.6036620893E-01 -5.9714881139E-02 -2.7226986194E-01
HessDelSqRho_EigVec3 =  2.0312272180E-01 -5.1899349711E-01  8.3029326738E-01
</CP of DelSqRho>
<CP of DelSqRho>
CP# = 18      
Type = (3,+1)
Coords =  4.23694817828101E+00  7.98269771529175E-01  7.17430040655336E-01
DistFromNuc =  9.9688528419E-01
Rho =  2.0868312432E-01
DelSqRho = -1.6284972526E-01
GradDelSqRho = -2.8865798640E-15  0.0000000000E+00 -3.2196467714E-15
HessDelSqRho_EigVals = -3.3224608582E+00  1.1704870981E+00  1.4257866024E+01
HessDelSqRho_EigVec1 =  1.2145381620E-01  8.5792336884E-01 -4.9921584883E-01
HessDelSqRho_EigVec2 =  7.8976453227E-01 -3.8817956536E-01 -4.7496169172E-01
HessDelSqRho_EigVec3 =  6.0126612585E-01  3.3657706135E-01  7.2470333770E-01
</CP of DelSqRho>
<CP of DelSqRho>
CP# = 19      
Type = (3,+1)
Coords =  4.23694817828101E+00  7.98269771529175E-01 -7.17430040655336E-01
DistFromNuc =  9.9688528419E-01
Rho =  2.0868312432E-01
DelSqRho = -1.6284972526E-01
GradDelSqRho = -2.8865798640E-15 -4.4408920985E-16  3.2196467714E-15
HessDelSqRho_EigVals = -3.3224608582E+00  1.1704870981E+00  1.4257866024E+01
HessDelSqRho_EigVec1 =  1.2145381620E-01  8.5792336884E-01  4.9921584883E-01
HessDelSqRho_EigVec2 =  7.8976453227E-01 -3.8817956536E-01  4.7496169172E-01
HessDelSqRho_EigVec3 = -6.0126612585E-01 -3.3657706135E-01  7.2470333770E-01
</CP of DelSqRho>
<CP of DelSqRho>
CP# = 20      
Type = (3,+1)
Coords =  2.97527703118810E+00  1.64073141745594E-01  6.96883910506341E-01
DistFromNuc =  1.0026931175E+00
Rho =  2.0539509129E-01
DelSqRho = -2.3706389990E-01
GradDelSqRho =  1.7763568394E-15  9.9920072216E-16 -1.6653345369E-15
HessDelSqRho_EigVals = -2.5259688374E+00  1.4094206984E+00  1.4061253463E+01
HessDelSqRho_EigVec1 = -7.7131483085E-01  3.9959496213E-01 -4.9537591580E-01
HessDelSqRho_EigVec2 =  1.2951152679E-01  8.6059570275E-01  4.9254624233E-01
HessDelSqRho_EigVec3 = -6.2313738144E-01 -3.1575133040E-01  7.1554238254E-01
</CP of DelSqRho>
<CP of DelSqRho>
CP# = 21      
Type = (3,+1)
Coords =  2.97527703118810E+00  1.64073141745594E-01 -6.96883910506340E-01
DistFromNuc =  1.0026931175E+00
Rho =  2.0539509129E-01
DelSqRho = -2.3706389990E-01
GradDelSqRho =  1.7763568394E-15  1.1102230246E-16  1.6653345369E-15
HessDelSqRho_EigVals = -2.5259688374E+00  1.4094206984E+00  1.4061253463E+01
HessDelSqRho_EigVec1 = -7.7131483085E-01  3.9959496213E-01  4.9537591580E-01
HessDelSqRho_EigVec2 =  1.2951152679E-01  8.6059570275E-01 -4.9254624233E-01
HessDelSqRho_EigVec3 =  6.2313738144E-01  3.1575133040E-01  7.1554238254E-01
</CP of DelSqRho>
<CP of DelSqRho>
CP# = 22      
Type = (3,+1)
Coords =  4.07190507063612E+00 -4.26704127635174E-01  2.09259581323940E-17
DistFromNuc =  9.9395399636E-01
Rho =  2.1152335110E-01
DelSqRho = -1.7500374138E-01
GradDelSqRho =  1.0547118734E-15 -2.9420910153E-15 -4.9675469862E-17
HessDelSqRho_EigVals = -3.4303813406E+00  1.2671271952E+00  1.4619921266E+01
HessDelSqRho_EigVec1 =  0.0000000000E+00  0.0000000000E+00  1.0000000000E+00
HessDelSqRho_EigVec2 =  8.9985067328E-01  4.3619808092E-01  0.0000000000E+00
HessDelSqRho_EigVec3 = -4.3619808092E-01  8.9985067328E-01  0.0000000000E+00
</CP of DelSqRho>
<CP of DelSqRho>
CP# = 23      
Type = (3,+3)
Coords =  4.10380016496391E+00  1.41660079277348E+00 -4.71756524141445E-19
DistFromNuc =  1.0635187721E+00
Rho =  2.9393378153E-01
DelSqRho = -1.1579874916E+00
GradDelSqRho = -2.9165558857E-13 -6.0392316148E-13 -4.5959309648E-18
HessDelSqRho_EigVals =  6.8954565892E+00  7.1404591834E+00  7.6169726740E+00
HessDelSqRho_EigVec1 =  9.8805223951E-01 -1.5411934336E-01  0.0000000000E+00
HessDelSqRho_EigVec2 =  0.0000000000E+00  0.0000000000E+00  1.0000000000E+00
HessDelSqRho_EigVec3 =  1.5411934336E-01  9.8805223951E-01  0.0000000000E+00
</CP of DelSqRho>
<CP of DelSqRho>
CP# = 24      
Type = (3,+3)
Coords =  2.62465231762360E+00  5.99364365728967E-01 -2.92343580614988E-18
DistFromNuc =  1.0152539672E+00
Rho =  2.2792330274E-01
DelSqRho = -6.2103175042E-01
GradDelSqRho = -4.6629367034E-15  4.3368086899E-16 -6.5340557856E-18
HessDelSqRho_EigVals =  2.3168218002E+00  2.3994237344E+00  1.3493552159E+01
HessDelSqRho_EigVec1 =  0.0000000000E+00  0.0000000000E+00  1.0000000000E+00
HessDelSqRho_EigVec2 =  1.3733344439E-01  9.9052487352E-01  0.0000000000E+00
HessDelSqRho_EigVec3 =  9.9052487352E-01 -1.3733344439E-01  0.0000000000E+00
</CP of DelSqRho>
<CP of DelSqRho>
CP# = 25      
Type = (3,+3)
Coords =  3.88992125273356E+00 -8.51153527524161E-02  8.67906483653142E-01
DistFromNuc =  1.0592189736E+00
Rho =  2.9659220682E-01
DelSqRho = -1.1753705503E+00
GradDelSqRho =  4.4408920985E-16 -1.1102230246E-15  1.4155343564E-15
HessDelSqRho_EigVals =  6.9952967292E+00  7.2395028135E+00  7.8174100637E+00
HessDelSqRho_EigVec1 =  9.6352487401E-01 -2.2706386556E-01 -1.4163974766E-01
HessDelSqRho_EigVec2 =  2.6715242539E-01  8.4731972226E-01  4.5899767959E-01
HessDelSqRho_EigVec3 =  1.5792364236E-02 -4.8009508352E-01  8.7707429104E-01
</CP of DelSqRho>
<CP of DelSqRho>
CP# = 26      
Type = (3,+3)
Coords =  3.88992125273356E+00 -8.51153527524159E-02 -8.67906483653142E-01
DistFromNuc =  1.0592189736E+00
Rho =  2.9659220682E-01
DelSqRho = -1.1753705503E+00
GradDelSqRho =  2.2204460493E-16  0.0000000000E+00 -8.6042284408E-16
HessDelSqRho_EigVals =  6.9952967292E+00  7.2395028135E+00  7.8174100637E+00
HessDelSqRho_EigVec1 =  9.6352487401E-01 -2.2706386556E-01  1.4163974766E-01
HessDelSqRho_EigVec2 =  2.6715242539E-01  8.4731972226E-01 -4.5899767959E-01
HessDelSqRho_EigVec3 = -1.5792364236E-02  4.8009508352E-01  8.7707429104E-01
</CP of DelSqRho>
<CP of DelSqRho>
CP# = 27      
Type = (3,-1)
Coords =  3.08419147563157E+00  2.05813475304159E+00 -7.61973729375635E-19
DistFromNuc =  1.6852280733E+00
Rho =  8.3340944890E-02
DelSqRho =  1.4720675137E-01
GradDelSqRho = -1.3801459975E-12  3.6500663603E-12 -2.6120629254E-19
HessDelSqRho_EigVals = -1.2982290301E+00 -4.2960453849E-01  6.8370248011E-02
HessDelSqRho_EigVec1 = -6.6533563659E-01  7.4654436619E-01  0.0000000000E+00
HessDelSqRho_EigVec2 =  7.4654436619E-01  6.6533563659E-01  0.0000000000E+00
HessDelSqRho_EigVec3 =  0.0000000000E+00  0.0000000000E+00  1.0000000000E+00
</CP of DelSqRho>
<CP of DelSqRho>
CP# = 28      
Type = (3,-1)
Coords =  4.69145066759600E+00 -7.03595093317104E-01  8.26411148846538E-18
DistFromNuc =  1.5774143402E+00
Rho =  8.3864791365E-02
DelSqRho =  1.7811363933E-01
GradDelSqRho = -1.0852430066E-14  8.7707618945E-15 -7.2954459171E-18
HessDelSqRho_EigVals = -1.6806074487E+00 -8.5681004493E-02  2.2054205844E-02
HessDelSqRho_EigVec1 =  7.3058570889E-01 -6.8282100288E-01  0.0000000000E+00
HessDelSqRho_EigVec2 =  0.0000000000E+00  0.0000000000E+00  1.0000000000E+00
HessDelSqRho_EigVec3 =  6.8282100288E-01  7.3058570889E-01  0.0000000000E+00
</CP of DelSqRho>
<CP of DelSqRho>
CP# = 29      
Type = (3,-3)
Coords =  3.18975270584033E+00 -9.66761606909451E-01 -3.55069057704288E-16
DistFromNuc =  1.4972423839E+00
Rho =  8.1233641269E-02
DelSqRho =  1.9523874628E-01
GradDelSqRho = -2.7755575616E-17 -1.3877787808E-16  5.5186230111E-17
HessDelSqRho_EigVals = -1.7848518720E+00 -9.3645727391E-02 -4.5600307160E-02
HessDelSqRho_EigVec1 =  3.5429340269E-01  9.3513431378E-01  0.0000000000E+00
HessDelSqRho_EigVec2 =  9.3513431378E-01 -3.5429340269E-01  0.0000000000E+00
HessDelSqRho_EigVec3 =  0.0000000000E+00  0.0000000000E+00  1.0000000000E+00
</CP of DelSqRho>
<CP of DelSqRho>
CP# = 30      
Type = (3,-1)
Coords =  2.78386413226660E+00 -1.14796929116962E-01  1.34369546585786E+00
DistFromNuc =  1.6905440735E+00
Rho =  8.3679505322E-02
DelSqRho =  1.4866197832E-01
GradDelSqRho = -7.3774319986E-14 -8.0192796847E-14  1.6708856521E-14
HessDelSqRho_EigVals = -1.2971535890E+00 -4.5019017918E-01  7.4251052446E-02
HessDelSqRho_EigVec1 =  8.0083744798E-01  1.4553178405E-01 -5.8093018664E-01
HessDelSqRho_EigVec2 =  5.7125654642E-01 -4.7684601029E-01  6.6804478939E-01
HessDelSqRho_EigVec3 =  1.7979249173E-01  8.6685545640E-01  4.6501212632E-01
</CP of DelSqRho>
<CP of DelSqRho>
CP# = 31      
Type = (3,-1)
Coords =  2.78386413226660E+00 -1.14796929116961E-01 -1.34369546585786E+00
DistFromNuc =  1.6905440735E+00
Rho =  8.3679505322E-02
DelSqRho =  1.4866197832E-01
GradDelSqRho = -7.3732686623E-14 -8.0220552423E-14 -1.6785184354E-14
HessDelSqRho_EigVals = -1.2971535890E+00 -4.5019017918E-01  7.4251052446E-02
HessDelSqRho_EigVec1 =  8.0083744798E-01  1.4553178405E-01  5.8093018664E-01
HessDelSqRho_EigVec2 = -5.7125654642E-01  4.7684601029E-01  6.6804478939E-01
HessDelSqRho_EigVec3 =  1.7979249173E-01  8.6685545640E-01 -4.6501212632E-01
</CP of DelSqRho>
<CP of DelSqRho>
CP# = 32      
Type = (3,-3)
Coords =  3.58322978433131E+00  1.25323957865440E+00  1.28352554461332E+00
DistFromNuc =  1.5074989735E+00
Rho =  8.1594229812E-02
DelSqRho =  1.8767014483E-01
GradDelSqRho = -8.8470897275E-17  1.9428902931E-16  1.9428902931E-16
HessDelSqRho_EigVals = -1.7634653911E+00 -6.5547381005E-02 -3.6923865466E-02
HessDelSqRho_EigVec1 = -1.0912716836E-01  5.1334614735E-01  8.5121501052E-01
HessDelSqRho_EigVec2 =  9.8244224285E-01 -7.4660676702E-02  1.7097667333E-01
HessDelSqRho_EigVec3 =  1.5132250524E-01  8.5492778429E-01 -4.9618543212E-01
</CP of DelSqRho>
<CP of DelSqRho>
CP# = 33      
Type = (3,-3)
Coords =  3.58322978433131E+00  1.25323957865440E+00 -1.28352554461332E+00
DistFromNuc =  1.5074989735E+00
Rho =  8.1594229812E-02
DelSqRho =  1.8767014483E-01
GradDelSqRho = -2.6020852140E-17  2.4980018054E-16  2.7755575616E-17
HessDelSqRho_EigVals = -1.7634653911E+00 -6.5547381005E-02 -3.6923865466E-02
HessDelSqRho_EigVec1 =  1.0912716836E-01 -5.1334614735E-01  8.5121501052E-01
HessDelSqRho_EigVec2 =  9.8244224285E-01 -7.4660676702E-02 -1.7097667333E-01
HessDelSqRho_EigVec3 =  1.5132250524E-01  8.5492778429E-01  4.9618543212E-01
</CP of DelSqRho>
<CP of DelSqRho>
CP# = 34      
Type = (3,-1)
Coords =  4.84213730975685E+00  8.42130870954249E-01  9.43183075487700E-01
DistFromNuc =  1.5810690237E+00
Rho =  8.3998684462E-02
DelSqRho =  1.7730366755E-01
GradDelSqRho =  3.3306690739E-16  1.3010426070E-17  1.6653345369E-16
HessDelSqRho_EigVals = -1.6635291938E+00 -9.2013996966E-02  1.9017029982E-02
HessDelSqRho_EigVec1 =  8.0405473792E-01  2.0776690826E-01  5.5707171016E-01
HessDelSqRho_EigVec2 = -1.2340403120E-01 -8.5823259728E-01  4.9820503214E-01
HessDelSqRho_EigVec3 = -5.8160761989E-01  4.6932901125E-01  6.6442671205E-01
</CP of DelSqRho>
<CP of DelSqRho>
CP# = 35      
Type = (3,-3)
Coords =  5.09346624160463E+00  2.71123720123358E-01 -1.56682622644606E-14
DistFromNuc =  1.4752869251E+00
Rho =  7.9102509061E-02
DelSqRho =  1.8568179834E-01
GradDelSqRho = -1.6375789613E-15  2.7755575616E-17  6.0644098069E-16
HessDelSqRho_EigVals = -1.6792291530E+00 -3.9119671657E-02 -3.8672316435E-02
HessDelSqRho_EigVec1 =  9.9114564415E-01 -1.3277918545E-01  0.0000000000E+00
HessDelSqRho_EigVec2 =  0.0000000000E+00  0.0000000000E+00  1.0000000000E+00
HessDelSqRho_EigVec3 =  1.3277918545E-01  9.9114564415E-01  0.0000000000E+00
</CP of DelSqRho>
<CP of DelSqRho>
CP# = 36      
Type = (3,-1)
Coords =  4.84213730975684E+00  8.42130870954252E-01 -9.43183075487704E-01
DistFromNuc =  1.5810690237E+00
Rho =  8.3998684462E-02
DelSqRho =  1.7730366755E-01
GradDelSqRho = -2.0816681712E-16 -9.8879238131E-17  1.1796119637E-16
HessDelSqRho_EigVals = -1.6635291938E+00 -9.2013996966E-02  1.9017029982E-02
HessDelSqRho_EigVec1 =  8.0405473792E-01  2.0776690826E-01 -5.5707171016E-01
HessDelSqRho_EigVec2 =  1.2340403120E-01  8.5823259728E-01  4.9820503214E-01
HessDelSqRho_EigVec3 = -5.8160761989E-01  4.6932901125E-01 -6.6442671205E-01
</CP of DelSqRho>
<CP of DelSqRho>
CP# = 37      
Type = (3,-1)
Coords =  1.97009063076088E+00  1.66975122007789E+00  1.12773336229679E+00
DistFromNuc =  2.3417192651E+00
Rho =  4.2570629586E-02
DelSqRho =  7.7038089897E-02
GradDelSqRho = -1.0885389812E-16  1.9081958236E-17 -4.5970172113E-17
HessDelSqRho_EigVals = -2.2215625155E-01 -6.5376432337E-03  1.6579632810E-01
HessDelSqRho_EigVec1 =  2.1814441863E-01  6.3930270285E-01  7.3736359196E-01
HessDelSqRho_EigVec2 =  1.0249379522E-01  7.3637370906E-01 -6.6876661292E-01
HessDelSqRho_EigVec3 =  9.7051946635E-01 -2.2146289697E-01 -9.5111254343E-02
</CP of DelSqRho>
<CP of DelSqRho>
CP# = 38      
Type = (3,-1)
Coords =  1.97009063076088E+00  1.66975122007789E+00 -1.12773336229679E+00
DistFromNuc =  2.3417192651E+00
Rho =  4.2570629586E-02
DelSqRho =  7.7038089897E-02
GradDelSqRho =  1.6696713456E-17  2.3418766926E-17  6.6353172956E-17
HessDelSqRho_EigVals = -2.2215625155E-01 -6.5376432337E-03  1.6579632810E-01
HessDelSqRho_EigVec1 = -2.1814441863E-01 -6.3930270285E-01  7.3736359196E-01
HessDelSqRho_EigVec2 =  1.0249379522E-01  7.3637370906E-01  6.6876661292E-01
HessDelSqRho_EigVec3 =  9.7051946635E-01 -2.2146289697E-01  9.5111254343E-02
</CP of DelSqRho>
<CP of DelSqRho>
CP# = 39      
Type = (3,+1)
Coords =  1.77375728613894E+00  2.21551095624861E-01  1.43869345326442E+00
DistFromNuc =  2.3616550920E+00
Rho =  4.2585115465E-02
DelSqRho =  7.2982202317E-02
GradDelSqRho =  6.5919492087E-17 -1.9081958236E-17 -1.0408340856E-17
HessDelSqRho_EigVals = -2.1004358033E-01  1.1365957499E-02  1.8381482416E-01
HessDelSqRho_EigVec1 =  4.1413512005E-02 -3.1953495156E-01  9.4666907404E-01
HessDelSqRho_EigVec2 =  1.5282023138E-01  9.3835932758E-01  3.1004475360E-01
HessDelSqRho_EigVec3 =  9.8738589108E-01 -1.3183014481E-01 -8.7692160510E-02
</CP of DelSqRho>
<CP of DelSqRho>
CP# = 40      
Type = (3,+1)
Coords =  1.77375728613894E+00  2.21551095624860E-01 -1.43869345326442E+00
DistFromNuc =  2.3616550920E+00
Rho =  4.2585115465E-02
DelSqRho =  7.2982202317E-02
GradDelSqRho = -3.1225022568E-17  1.6913553891E-17  4.1633363423E-17
HessDelSqRho_EigVals = -2.1004358033E-01  1.1365957499E-02  1.8381482416E-01
HessDelSqRho_EigVec1 = -4.1413512005E-02  3.1953495156E-01  9.4666907404E-01
HessDelSqRho_EigVec2 =  1.5282023138E-01  9.3835932758E-01 -3.1004475360E-01
HessDelSqRho_EigVec3 =  9.8738589108E-01 -1.3183014481E-01  8.7692160510E-02
</CP of DelSqRho>
<CP of DelSqRho>
CP# = 41      
Type = (3,+1)
Coords =  2.04581193171168E+00  2.15966232169947E+00  9.90229381282832E-17
DistFromNuc =  2.3210976197E+00
Rho =  4.3224766055E-02
DelSqRho =  7.4745797157E-02
GradDelSqRho = -3.4694469520E-17  7.6327832943E-17 -1.2958128390E-19
HessDelSqRho_EigVals = -2.1364157797E-01  7.4872771760E-03  2.0336765985E-01
HessDelSqRho_EigVec1 =  2.1424327104E-01  9.7678033396E-01  0.0000000000E+00
HessDelSqRho_EigVec2 =  0.0000000000E+00  0.0000000000E+00  1.0000000000E+00
HessDelSqRho_EigVec3 =  9.7678033396E-01 -2.1424327104E-01  0.0000000000E+00
</CP of DelSqRho>
<Path of -GradDelSqRho>
Starting CP# =      2
Ending CP# =      0
Number of Points =     32
  4.2126709570E+00  1.6209926919E+00 -6.1489532490E-19  2.8423315950E-01 -1.0903967831E+00
  4.2241708524E+00  1.6431907188E+00  1.2302300640E-20  2.8424289763E-01 -1.0932317459E+00
  4.2356634000E+00  1.6653925508E+00  2.6638402624E-20  2.8453441194E-01 -1.1027645449E+00
  4.2471506046E+00  1.6875971479E+00  1.4476537570E-20  2.8512854895E-01 -1.1206534391E+00
  4.2586339876E+00  1.7098037215E+00  8.9255628998E-23  2.8604492457E-01 -1.1487070798E+00
  4.2701147036E+00  1.7320116741E+00 -2.2955357793E-21  2.8730119889E-01 -1.1888635139E+00
  4.2815936209E+00  1.7542205565E+00  4.0011756915E-22  2.8891226688E-01 -1.2431417426E+00
  4.2930713783E+00  1.7764300384E+00  8.3415806287E-22  2.9088938604E-01 -1.3135483268E+00
  4.3045484223E+00  1.7986398890E+00  4.4213650820E-21  2.9323929183E-01 -1.4019118334E+00
  4.3160250261E+00  1.8208499670E+00  4.8406478167E-21  2.9596340258E-01 -1.5096083506E+00
  4.3275012918E+00  1.8430602196E+00  4.6958544563E-21  2.9905729688E-01 -1.6371401776E+00
  4.3389771305E+00  1.8652706930E+00  6.3097295628E-21  3.0251076451E-01 -1.7835540795E+00
  4.3504522133E+00  1.8874815569E+00  5.2871191038E-21  3.0630887988E-01 -1.9457612693E+00
  4.3619258801E+00  1.9096931523E+00  5.4063922982E-21  3.1043468815E-01 -2.1179758695E+00
  4.3733969870E+00  1.9319060698E+00  4.2933376899E-21  3.1487414303E-01 -2.2917287654E+00
  4.3848637297E+00  1.9541212405E+00  3.7708389822E-21  3.1962374716E-01 -2.4571891061E+00
  4.3963238434E+00  1.9763398316E+00  4.1241809199E-21  3.2470073975E-01 -2.6066931167E+00
  4.4077770621E+00  1.9985619777E+00  3.9629083931E-21  3.3015450692E-01 -2.7412053204E+00
  4.4192321299E+00  2.0207831705E+00  3.0483081066E-21  3.3607618885E-01 -2.8796793384E+00
  4.4307051808E+00  2.0429950827E+00  5.1516469773E-22  3.4260156988E-01 -3.0698655380E+00
  4.4422004570E+00  2.0651955013E+00  2.0293264392E-21  3.4990093178E-01 -3.3972833866E+00
  4.4537110284E+00  2.0873879940E+00  2.5258439784E-21  3.5814963073E-01 -3.9874357661E+00
  4.4652303778E+00  2.1095759319E+00  2.3030880274E-21  3.6747579191E-01 -4.9956380114E+00
  4.4767547810E+00  2.1317612452E+00  1.5000127600E-21  3.7788713144E-01 -6.5797455899E+00
  4.4882822815E+00  2.1539449494E+00  1.5210314063E-21  3.8918728999E-01 -8.8543033278E+00
  4.4998118299E+00  2.1761275893E+00  1.0399653635E-21  4.0090186478E-01 -1.1831112198E+01
  4.5113428365E+00  2.1983094713E+00  1.0213974079E-21  4.1224244428E-01 -1.5361166082E+01
  4.5228749493E+00  2.2204907781E+00  6.2493479962E-22  4.2213837564E-01 -1.9103498308E+01
  4.5344079350E+00  2.2426716311E+00  4.1794216145E-22  4.2935516811E-01 -2.2549880781E+01
  4.5459415901E+00  2.2648521361E+00  3.1550775420E-22  4.3269312254E-01 -2.5120998882E+01
  4.5574755314E+00  2.2870324922E+00  6.7857483062E-22  4.3122592084E-01 -2.6317955016E+01
  4.5597820565E+00  2.2914687003E+00  9.3031000513E-21  4.3030672947E-01 -2.6363736191E+01
</Path of -GradDelSqRho>
<Path of -GradDelSqRho>
Starting CP# =      2
Ending CP# =     23
Number of Points =     10
  4.2126709570E+00  1.6209926919E+00 -6.1489532490E-19  2.8423315950E-01 -1.0903967831E+00
  4.2011613531E+00  1.5987996974E+00  2.2564252784E-20  2.8448375711E-01 -1.0927557507E+00
  4.1896382882E+00  1.5766136894E+00 -1.6073455534E-20  2.8497321313E-01 -1.0989520191E+00
  4.1780969007E+00  1.5544372081E+00 -3.0664297770E-20  2.8568049677E-01 -1.1077616251E+00
  4.1665302904E+00  1.5322738728E+00 -6.1148651934E-20  2.8658545433E-01 -1.1180732665E+00
  4.1549281645E+00  1.5101291107E+00 -6.3746061679E-20  2.8766920203E-01 -1.1288642212E+00
  4.1432739872E+00  1.4880117030E+00 -3.3361362057E-20  2.8891450064E-01 -1.1391728820E+00
  4.1315379433E+00  1.4659376434E+00 -1.2275813282E-21  2.9030612897E-01 -1.1480679137E+00
  4.1196542380E+00  1.4439428037E+00  6.5386496082E-20  2.9183125159E-01 -1.1546131902E+00
  4.1038001650E+00  1.4166007928E+00 -4.7175652414E-19  2.9393378153E-01 -1.1579874916E+00
</Path of -GradDelSqRho>
<Path of -GradDelSqRho>
Starting CP# =      3
Ending CP# =      0
Number of Points =     32
  3.9532614626E+00 -2.0841305680E-01  1.0589525538E+00  2.8594716044E-01 -1.1032405927E+00
  3.9597231038E+00 -2.2146029429E-01  1.0792753681E+00  2.8589501233E-01 -1.1061510164E+00
  3.9661768415E+00 -2.3450893088E-01  1.0995997955E+00  2.8612583000E-01 -1.1159203947E+00
  3.9726245610E+00 -2.4755902212E-01  1.1199251990E+00  2.8666036064E-01 -1.1342208842E+00
  3.9790677216E+00 -2.6061056884E-01  1.1402511137E+00  2.8751804562E-01 -1.1628718552E+00
  3.9855074571E+00 -2.7366353165E-01  1.1605772045E+00  2.8871628634E-01 -1.2038166513E+00
  3.9919446466E+00 -2.8671784095E-01  1.1809032371E+00  2.9026962833E-01 -1.2590707391E+00
  3.9983799640E+00 -2.9977340320E-01  1.2012290577E+00  2.9218888681E-01 -1.3306230111E+00
  4.0048139120E+00 -3.1283010317E-01  1.2215545811E+00  2.9448026829E-01 -1.4202621782E+00
  4.0112468411E+00 -3.2588780199E-01  1.2418797852E+00  2.9714459559E-01 -1.5292909866E+00
  4.0176789545E+00 -3.3894633013E-01  1.2622047148E+00  3.0017682831E-01 -1.6580913799E+00
  4.0241102975E+00 -3.5200547362E-01  1.2825294927E+00  3.0356619138E-01 -1.8055315213E+00
  4.0305407242E+00 -3.6506495017E-01  1.3028543466E+00  3.0729737335E-01 -1.9682873829E+00
  4.0369698328E+00 -3.7812436960E-01  1.3231796541E+00  3.1135339269E-01 -2.1403138968E+00
  4.0433968575E+00 -3.9118317386E-01  1.3435060159E+00  3.1572076345E-01 -2.3129465309E+00
  4.0498205480E+00 -4.0424057966E-01  1.3638343299E+00  3.2039737347E-01 -2.4763860260E+00
  4.0562393634E+00 -4.1729572012E-01  1.3841656386E+00  3.2540283623E-01 -2.6234647985E+00
  4.0626534275E+00 -4.3034879804E-01  1.4044997709E+00  3.3078985836E-01 -2.7563742752E+00
  4.0690695238E+00 -4.4340381244E-01  1.4248320186E+00  3.3665343046E-01 -2.8962146427E+00
  4.0754986659E+00 -4.5646679852E-01  1.4451550225E+00  3.4313277488E-01 -3.0937587781E+00
  4.0819428432E+00 -4.6953843670E-01  1.4654676991E+00  3.5039968197E-01 -3.4379876438E+00
  4.0883971100E+00 -4.8261569567E-01  1.4857735537E+00  3.5862715748E-01 -4.0573772532E+00
  4.0948571698E+00 -4.9569610157E-01  1.5060755389E+00  3.6793518074E-01 -5.1083413814E+00
  4.1013206030E+00 -5.0877829867E-01  1.5263752963E+00  3.7831624292E-01 -6.7463284283E+00
  4.1077861372E+00 -5.2186158680E-01  1.5466736814E+00  3.8955189536E-01 -9.0785575133E+00
  4.1142530878E+00 -5.3494559376E-01  1.5669711520E+00  4.0114130111E-01 -1.2104155933E+01
  4.1207210702E+00 -5.4803011122E-01  1.5872679647E+00  4.1227047839E-01 -1.5657612179E+01
  4.1271898576E+00 -5.6111501385E-01  1.6075642726E+00  4.2185143101E-01 -1.9381733428E+01
  4.1336593056E+00 -5.7420021483E-01  1.6278601775E+00  4.2864825144E-01 -2.2758519179E+01
  4.1401293022E+00 -5.8728562862E-01  1.6481557704E+00  4.3148089096E-01 -2.5211288473E+01
  4.1465996590E+00 -6.0037104969E-01  1.6684512437E+00  4.2946343540E-01 -2.6258533763E+01
  4.1472465765E+00 -6.0167942282E-01  1.6704809377E+00  4.2897491973E-01 -2.6274148676E+01
</Path of -GradDelSqRho>
<Path of -GradDelSqRho>
Starting CP# =      3
Ending CP# =     25
Number of Points =     10
  3.9532614626E+00 -2.0841305680E-01  1.0589525538E+00  2.8594716044E-01 -1.1032405927E+00
  3.9467897615E+00 -1.9536706091E-01  1.0386321438E+00  2.8626086821E-01 -1.1056697123E+00
  3.9403045404E+00 -1.8232211439E-01  1.0183153710E+00  2.8681463750E-01 -1.1120658130E+00
  3.9338014109E+00 -1.6927784823E-01  9.9800388689E-01  2.8758737174E-01 -1.1211895136E+00
  3.9272742134E+00 -1.5623368824E-01  9.7770005692E-01  2.8855881543E-01 -1.1319153902E+00
  3.9207138655E+00 -1.4318874266E-01  9.5740742064E-01  2.8970995491E-01 -1.1432085588E+00
  3.9141059845E+00 -1.3014157851E-01  9.3713164430E-01  2.9102339960E-01 -1.1540977778E+00
  3.9074251960E+00 -1.1708970036E-01  9.1688282366E-01  2.9248376188E-01 -1.1636450899E+00
  3.9006177762E+00 -1.0402801390E-01  8.9668261324E-01  2.9407803983E-01 -1.1709111334E+00
  3.8899212527E+00 -8.5115352752E-02  8.6790648365E-01  2.9659220682E-01 -1.1753705503E+00
</Path of -GradDelSqRho>
<Path of -GradDelSqRho>
Starting CP# =      4
Ending CP# =     26
Number of Points =     10
  3.9532614626E+00 -2.0841305680E-01 -1.0589525538E+00  2.8594716044E-01 -1.1032405927E+00
  3.9467897615E+00 -1.9536706091E-01 -1.0386321438E+00  2.8626086821E-01 -1.1056697123E+00
  3.9403045404E+00 -1.8232211439E-01 -1.0183153710E+00  2.8681463750E-01 -1.1120658130E+00
  3.9338014109E+00 -1.6927784823E-01 -9.9800388689E-01  2.8758737174E-01 -1.1211895136E+00
  3.9272742134E+00 -1.5623368824E-01 -9.7770005692E-01  2.8855881543E-01 -1.1319153902E+00
  3.9207138655E+00 -1.4318874266E-01 -9.5740742064E-01  2.8970995491E-01 -1.1432085588E+00
  3.9141059845E+00 -1.3014157851E-01 -9.3713164430E-01  2.9102339960E-01 -1.1540977778E+00
  3.9074251960E+00 -1.1708970036E-01 -9.1688282366E-01  2.9248376188E-01 -1.1636450899E+00
  3.9006177762E+00 -1.0402801390E-01 -8.9668261324E-01  2.9407803983E-01 -1.1709111334E+00
  3.8899212527E+00 -8.5115352752E-02 -8.6790648365E-01  2.9659220682E-01 -1.1753705503E+00
</Path of -GradDelSqRho>
<Path of -GradDelSqRho>
Starting CP# =      4
Ending CP# =      0
Number of Points =     32
  3.9532614626E+00 -2.0841305680E-01 -1.0589525538E+00  2.8594716044E-01 -1.1032405927E+00
  3.9597231038E+00 -2.2146029429E-01 -1.0792753681E+00  2.8589501233E-01 -1.1061510164E+00
  3.9661768415E+00 -2.3450893088E-01 -1.0995997955E+00  2.8612583000E-01 -1.1159203947E+00
  3.9726245610E+00 -2.4755902212E-01 -1.1199251990E+00  2.8666036064E-01 -1.1342208842E+00
  3.9790677216E+00 -2.6061056884E-01 -1.1402511137E+00  2.8751804562E-01 -1.1628718552E+00
  3.9855074571E+00 -2.7366353165E-01 -1.1605772045E+00  2.8871628634E-01 -1.2038166513E+00
  3.9919446466E+00 -2.8671784095E-01 -1.1809032371E+00  2.9026962833E-01 -1.2590707391E+00
  3.9983799640E+00 -2.9977340320E-01 -1.2012290577E+00  2.9218888681E-01 -1.3306230111E+00
  4.0048139120E+00 -3.1283010317E-01 -1.2215545811E+00  2.9448026829E-01 -1.4202621782E+00
  4.0112468411E+00 -3.2588780199E-01 -1.2418797852E+00  2.9714459559E-01 -1.5292909866E+00
  4.0176789545E+00 -3.3894633013E-01 -1.2622047148E+00  3.0017682831E-01 -1.6580913799E+00
  4.0241102975E+00 -3.5200547362E-01 -1.2825294927E+00  3.0356619138E-01 -1.8055315213E+00
  4.0305407242E+00 -3.6506495017E-01 -1.3028543466E+00  3.0729737335E-01 -1.9682873829E+00
  4.0369698328E+00 -3.7812436960E-01 -1.3231796541E+00  3.1135339269E-01 -2.1403138968E+00
  4.0433968575E+00 -3.9118317386E-01 -1.3435060159E+00  3.1572076345E-01 -2.3129465309E+00
  4.0498205480E+00 -4.0424057966E-01 -1.3638343299E+00  3.2039737347E-01 -2.4763860260E+00
  4.0562393634E+00 -4.1729572012E-01 -1.3841656386E+00  3.2540283623E-01 -2.6234647985E+00
  4.0626534275E+00 -4.3034879804E-01 -1.4044997709E+00  3.3078985836E-01 -2.7563742752E+00
  4.0690695238E+00 -4.4340381244E-01 -1.4248320186E+00  3.3665343046E-01 -2.8962146427E+00
  4.0754986659E+00 -4.5646679852E-01 -1.4451550225E+00  3.4313277488E-01 -3.0937587781E+00
  4.0819428432E+00 -4.6953843670E-01 -1.4654676991E+00  3.5039968197E-01 -3.4379876438E+00
  4.0883971100E+00 -4.8261569567E-01 -1.4857735537E+00  3.5862715748E-01 -4.0573772532E+00
  4.0948571698E+00 -4.9569610157E-01 -1.5060755389E+00  3.6793518074E-01 -5.1083413814E+00
  4.1013206030E+00 -5.0877829867E-01 -1.5263752963E+00  3.7831624292E-01 -6.7463284283E+00
  4.1077861372E+00 -5.2186158680E-01 -1.5466736814E+00  3.8955189536E-01 -9.0785575133E+00
  4.1142530878E+00 -5.3494559376E-01 -1.5669711520E+00  4.0114130111E-01 -1.2104155933E+01
  4.1207210702E+00 -5.4803011122E-01 -1.5872679647E+00  4.1227047839E-01 -1.5657612179E+01
  4.1271898576E+00 -5.6111501385E-01 -1.6075642726E+00  4.2185143101E-01 -1.9381733428E+01
  4.1336593056E+00 -5.7420021483E-01 -1.6278601775E+00  4.2864825144E-01 -2.2758519179E+01
  4.1401293022E+00 -5.8728562862E-01 -1.6481557704E+00  4.3148089096E-01 -2.5211288473E+01
  4.1465996590E+00 -6.0037104969E-01 -1.6684512437E+00  4.2946343540E-01 -2.6258533763E+01
  4.1472465765E+00 -6.0167942282E-01 -1.6704809377E+00  4.2897491973E-01 -2.6274148676E+01
</Path of -GradDelSqRho>
<Path of -GradDelSqRho>
Starting CP# =      6
Ending CP# =     23
Number of Points =     57
  3.5695970573E+00  6.7959131841E-01 -1.0069295588E-17  9.2243209856E+00  2.7968170009E+02
  3.5628020638E+00  7.0365016386E-01 -1.1163247182E-17  6.9800338503E+00  2.6753950700E+02
  3.5560185902E+00  7.2771226019E-01 -1.2276387142E-17  5.2967345910E+00  2.4308504948E+02
  3.5492398847E+00  7.5177570033E-01 -1.3391089324E-17  4.0338102776E+00  2.1229014740E+02
  3.5424636956E+00  7.7583984918E-01 -1.4506299975E-17  3.0879959468E+00  1.7824293222E+02
  3.5356915455E+00  7.9990513498E-01 -1.5621435726E-17  2.3810556100E+00  1.4467736246E+02
  3.5289263460E+00  8.2397237558E-01 -1.6736130123E-17  1.8531200455E+00  1.1461789395E+02
  3.5221716938E+00  8.4804257830E-01 -1.7850409444E-17  1.4587032777E+00  8.9505377665E+01
  3.5154318126E+00  8.7211692097E-01 -1.8963166538E-17  1.1636858965E+00  6.9416054373E+01
