 AIMInt (Version 19.10.12, Professional)
 Portions Copyright (c) 1997-2019 by Todd A. Keith
 AIMInt is a component of the AIMAll package ( http://aim.tkgristmill.com )

 TP:  64-bit Mac OS X

 AIMInt is a heavily modified and extended version of the PROAIMV program
 developed by members of R.F.W. Bader's research group

 Much of the Quantum Theory of Atoms in Molecules (QTAIM) is described in the book:
   "Atoms in Molecules - A Quantum Theory"
   R.F.W. Bader, Oxford University Press, Oxford, 1990

 For additional references see:  http://aim.tkgristmill.com/references.html

 Current Directory:  /Users/chemlab/Documents/SubstituentCoding/BCP Map Reference/BCPMapReference

 Inp File:  SubH_AsSHMe_wb97xd_aug-cc-pvtz_atomicfiles/s4.inp
 Wfx File:  SubH_AsSHMe_wb97xd_aug-cc-pvtz.wfx
 Out File:  SubH_AsSHMe_wb97xd_aug-cc-pvtz_atomicfiles/s4.int

 Wfx Title:   Title Card Required                                                           
 Job Title:   Title Card Required                                                           
 
<Atom>
S4      
</Atom>
<Nuclei of Molecule>
     8
As1       33.0          -4.4680217411E-17   8.8441770453E-01   0.0000000000E+00
H2         1.0          -4.4843879617E-01   2.6507821235E+00   2.1954818204E+00
H3         1.0          -4.4843879617E-01   2.6507821235E+00  -2.1954818204E+00
S4        16.0          -2.1092938503E+00  -2.3973977845E+00   0.0000000000E+00
C5         6.0           3.6308460706E+00   4.6403236839E-01   0.0000000000E+00
H6         1.0           4.5626529821E+00   2.2968963842E+00   0.0000000000E+00
H7         1.0           4.1489248957E+00  -6.0503726921E-01   1.6756469321E+00
H8         1.0           4.1489248957E+00  -6.0503726921E-01  -1.6756469321E+00
</Nuclei of Molecule>
<Total Number of CPs of DelSqRho>
    41
</Total Number of CPs of DelSqRho>
<Number of (3,+3) CPs of DelSqRho>
     7
</Number of (3,+3) CPs of DelSqRho>
<Number of (3,+1) CPs of DelSqRho>
    13
</Number of (3,+1) CPs of DelSqRho>
<Number of (3,-1) CPs of DelSqRho>
    16
</Number of (3,-1) CPs of DelSqRho>
<Number of (3,-3) CPs of DelSqRho>
     5
</Number of (3,-3) CPs of DelSqRho>
<Number of Degenerate CPs of DelSqRho>
     0
</Number of Degenerate CPs of DelSqRho>
<CP of DelSqRho>
CP# = 1       
Type = (3,+3)
Coords = -2.10929384568951E+00 -2.39739777741851E+00 -3.49063993705022E-29
DistFromNuc =  8.4739171618E-09
Rho =  2.6279518531E+03
DelSqRho = -2.9422902310E+08
GradDelSqRho =  3.9622046825E-03 -5.9048873984E-02 -9.0971558785E-16
HessDelSqRho_EigVals =  2.6740512490E+14  2.6740512491E+14  2.6740512609E+14
HessDelSqRho_EigVec1 = -4.1908812358E-18  2.6003129745E-18  1.0000000000E+00
HessDelSqRho_EigVec2 =  8.5188961510E-01 -5.2372137982E-01  4.9320077019E-18
HessDelSqRho_EigVec3 =  5.2372137982E-01  8.5188961510E-01 -2.0325515571E-20
</CP of DelSqRho>
<CP of DelSqRho>
CP# = 2       
Type = (3,-1)
Coords = -2.25321865860179E+00 -2.63626945670460E+00 -6.87850134308965E-20
DistFromNuc =  2.7887994946E-01
Rho =  1.6899801244E+01
DelSqRho = -3.4847718426E+02
GradDelSqRho = -7.2759576142E-12 -7.7307049651E-12 -2.0297255739E-17
HessDelSqRho_EigVals = -4.1400043191E+02 -4.1080398904E+02  1.9132680991E+05
HessDelSqRho_EigVec1 =  8.3950916517E-19 -7.9399306317E-19  1.0000000000E+00
HessDelSqRho_EigVec2 =  8.5655427462E-01 -5.1605694902E-01 -1.1288308017E-18
HessDelSqRho_EigVec3 =  5.1605694902E-01  8.5655427462E-01  2.4686361383E-19
</CP of DelSqRho>
<CP of DelSqRho>
CP# = 3       
Type = (3,-1)
Coords = -1.96098231133427E+00 -2.15876215306187E+00 -1.58896955836044E-20
DistFromNuc =  2.8096846299E-01
Rho =  1.6480225771E+01
DelSqRho = -3.2331239996E+02
GradDelSqRho = -9.0949470177E-13  5.9117155615E-12  1.3299020258E-17
HessDelSqRho_EigVals = -7.2713481201E+02 -7.2489276065E+02  1.7817251733E+05
HessDelSqRho_EigVec1 =  4.2147577422E-20  4.1618956421E-20  1.0000000000E+00
HessDelSqRho_EigVec2 =  8.4932605579E-01 -5.2786859251E-01 -1.3827695745E-20
HessDelSqRho_EigVec3 =  5.2786859251E-01  8.4932605579E-01 -5.7596446475E-20
</CP of DelSqRho>
<CP of DelSqRho>
CP# = 4       
Type = (3,+3)
Coords = -2.33842937073518E+00 -2.34420002609882E+00  1.47285023121913E-01
DistFromNuc =  2.7753552253E-01
Rho =  1.7125668307E+01
DelSqRho = -3.6063542929E+02
GradDelSqRho = -2.8194335755E-11  5.0022208598E-12  1.4551915228E-11
HessDelSqRho_EigVals =  2.4896661548E+00  5.5895816657E+02  1.9788986055E+05
HessDelSqRho_EigVec1 =  4.6982180197E-01 -2.8729638384E-01  8.3470249923E-01
HessDelSqRho_EigVec2 =  3.1303398813E-01  9.3833269678E-01  1.4677013469E-01
HessDelSqRho_EigVec3 =  8.2539517606E-01 -1.9233444308E-01 -5.3078269126E-01
</CP of DelSqRho>
<CP of DelSqRho>
CP# = 5       
Type = (3,+3)
Coords = -2.33842937073554E+00 -2.34420002609859E+00 -1.47285023121269E-01
DistFromNuc =  2.7753552253E-01
Rho =  1.7125668307E+01
DelSqRho = -3.6063542929E+02
GradDelSqRho = -3.6379788071E-12  4.5474735089E-13 -2.7284841053E-12
HessDelSqRho_EigVals =  2.4896661548E+00  5.5895816657E+02  1.9788986055E+05
HessDelSqRho_EigVec1 = -4.6982180197E-01  2.8729638384E-01  8.3470249923E-01
HessDelSqRho_EigVec2 =  3.1303398813E-01  9.3833269678E-01 -1.4677013469E-01
HessDelSqRho_EigVec3 =  8.2539517606E-01 -1.9233444308E-01  5.3078269126E-01
</CP of DelSqRho>
<CP of DelSqRho>
CP# = 6       
Type = (3,+1)
Coords = -1.92134894702344E+00 -2.60166871322810E+00 -6.00664024922276E-18
DistFromNuc =  2.7757863566E-01
Rho =  1.7116905995E+01
DelSqRho = -3.6010599601E+02
GradDelSqRho =  4.5474735089E-12  0.0000000000E+00  9.2594535363E-18
HessDelSqRho_EigVals = -4.5938867249E+00  5.4964020374E+02  1.9760197406E+05
HessDelSqRho_EigVec1 =  1.9200263486E-17 -1.1802562925E-17  1.0000000000E+00
HessDelSqRho_EigVec2 =  7.3543150503E-01  6.7759907129E-01 -6.1230729952E-18
HessDelSqRho_EigVec3 = -6.7759907129E-01  7.3543150503E-01  2.1690057322E-17
</CP of DelSqRho>
<CP of DelSqRho>
CP# = 7       
Type = (3,+1)
Coords = -2.37615763931407E+00 -2.32117826497206E+00  2.86799618583791E-18
DistFromNuc =  2.7753503752E-01
Rho =  1.7125727434E+01
DelSqRho = -3.6062707433E+02
GradDelSqRho =  5.4569682106E-12 -3.8653524825E-12 -4.8071643328E-18
HessDelSqRho_EigVals = -1.4414626560E+00  5.5780472643E+02  1.9789657374E+05
HessDelSqRho_EigVec1 =  9.8697822704E-18 -3.0789112944E-18  1.0000000000E+00
HessDelSqRho_EigVec2 =  2.7530441796E-01  9.6135710194E-01  2.4273857574E-19
HessDelSqRho_EigVec3 =  9.6135710194E-01 -2.7530441796E-01 -1.0336023162E-17
</CP of DelSqRho>
<CP of DelSqRho>
CP# = 8       
Type = (3,+1)
Coords = -1.84406939781638E+00 -1.97041964690324E+00  2.00248079125751E-20
DistFromNuc =  5.0264733184E-01
Rho =  4.0559451453E+00
DelSqRho =  8.1128501098E+01
GradDelSqRho = -1.3358203432E-12 -1.7337242753E-12  2.4660878147E-18
HessDelSqRho_EigVals = -8.4992954288E+03  2.5698185860E+01  2.5862293931E+01
HessDelSqRho_EigVec1 =  5.2765317673E-01  8.4945990199E-01  0.0000000000E+00
HessDelSqRho_EigVec2 =  8.4945990199E-01 -5.2765317673E-01  0.0000000000E+00
HessDelSqRho_EigVec3 =  0.0000000000E+00  0.0000000000E+00  1.0000000000E+00
</CP of DelSqRho>
<CP of DelSqRho>
CP# = 9       
Type = (3,+1)
Coords = -2.36897324524720E+00 -2.82730427583569E+00 -9.41172724870084E-21
DistFromNuc =  5.0224792626E-01
Rho =  4.0858080884E+00
DelSqRho =  8.4121443858E+01
GradDelSqRho =  1.9895196601E-13  2.2737367544E-13  1.8690962173E-18
HessDelSqRho_EigVals = -8.8884222673E+03  1.7873970024E+01  1.7926209201E+01
HessDelSqRho_EigVec1 =  5.1702009903E-01  8.5597325729E-01  0.0000000000E+00
HessDelSqRho_EigVec2 =  8.5597325729E-01 -5.1702009903E-01  0.0000000000E+00
HessDelSqRho_EigVec3 =  0.0000000000E+00  0.0000000000E+00  1.0000000000E+00
</CP of DelSqRho>
<CP of DelSqRho>
CP# = 10      
Type = (3,-1)
Coords = -1.78329659441049E+00 -2.77877345477866E+00 -3.14702758947431E-18
DistFromNuc =  5.0171865891E-01
Rho =  4.1024316226E+00
DelSqRho =  8.5607859771E+01
GradDelSqRho = -1.4210854715E-12  1.6484591470E-12 -1.4320136106E-18
HessDelSqRho_EigVals = -9.0800097040E+03 -2.1240628518E+01  5.4726066314E-01
HessDelSqRho_EigVec1 = -6.4996177412E-01  7.5996690203E-01  6.2278452195E-18
HessDelSqRho_EigVec2 =  7.5996690203E-01  6.4996177412E-01  9.9553927777E-18
HessDelSqRho_EigVec3 = -3.5179076800E-18 -1.1203580990E-17  1.0000000000E+00
</CP of DelSqRho>
<CP of DelSqRho>
CP# = 11      
Type = (3,-3)
Coords = -2.59579613500537E+00 -2.27485612927890E+00  3.74157654577087E-18
DistFromNuc =  5.0169804694E-01
Rho =  4.1032614825E+00
DelSqRho =  8.5692407028E+01
GradDelSqRho = -2.8421709430E-13 -5.6843418861E-14 -5.3083610951E-19
HessDelSqRho_EigVals = -9.0905192241E+03 -2.1760245665E+01 -3.8896411103E-01
HessDelSqRho_EigVec1 =  9.6964269461E-01 -2.4452616379E-01 -7.4595113352E-18
HessDelSqRho_EigVec2 =  2.4452616379E-01  9.6964269461E-01  1.1963305482E-19
HessDelSqRho_EigVec3 =  7.2038072596E-18 -1.9400470082E-18  1.0000000000E+00
</CP of DelSqRho>
<CP of DelSqRho>
CP# = 12      
Type = (3,-1)
Coords = -8.51866962155179E-01 -1.78129912738962E+00 -3.03131914468309E-17
DistFromNuc =  1.4002499542E+00
Rho =  1.5446726804E-01
DelSqRho = -1.7684857231E-01
GradDelSqRho = -1.1379786002E-15  2.7755575616E-17  2.1357874777E-19
HessDelSqRho_EigVals = -3.2175903792E-01 -3.0259233685E-02  9.0987799215E+00
HessDelSqRho_EigVec1 = -3.7302349713E-01  9.2782189594E-01  0.0000000000E+00
HessDelSqRho_EigVec2 =  0.0000000000E+00  0.0000000000E+00  1.0000000000E+00
HessDelSqRho_EigVec3 =  9.2782189594E-01  3.7302349713E-01  0.0000000000E+00
</CP of DelSqRho>
<CP of DelSqRho>
CP# = 13      
Type = (3,+1)
Coords = -2.06421366353174E+00 -9.94637779709455E-01  1.93941631378158E-17
DistFromNuc =  1.4034841839E+00
Rho =  1.5345950911E-01
DelSqRho = -1.7358586190E-01
GradDelSqRho = -1.5223378114E-12  2.7726709817E-12  1.2592012472E-19
HessDelSqRho_EigVals = -3.3433813596E-01  1.8617912100E-02  8.8293973799E+00
HessDelSqRho_EigVec1 =  9.9917523128E-01  4.0606122728E-02  0.0000000000E+00
HessDelSqRho_EigVec2 =  0.0000000000E+00  0.0000000000E+00  1.0000000000E+00
HessDelSqRho_EigVec3 = -4.0606122728E-02  9.9917523128E-01  0.0000000000E+00
</CP of DelSqRho>
<CP of DelSqRho>
CP# = 14      
Type = (3,-1)
Coords = -2.82176999157466E+00 -3.56277203607047E+00 -4.78134444758714E-20
DistFromNuc =  1.3659133933E+00
Rho =  1.3271928796E-01
DelSqRho = -1.2632181928E-01
GradDelSqRho = -1.2212453271E-15 -7.2164496601E-16 -7.2498846544E-20
HessDelSqRho_EigVals = -3.2941195386E-01 -3.2827096145E-01  1.0483528383E+01
HessDelSqRho_EigVec1 =  0.0000000000E+00  0.0000000000E+00  1.0000000000E+00
HessDelSqRho_EigVec2 =  8.5312181679E-01 -5.2171176498E-01  0.0000000000E+00
HessDelSqRho_EigVec3 =  5.2171176498E-01  8.5312181679E-01  0.0000000000E+00
</CP of DelSqRho>
<CP of DelSqRho>
CP# = 15      
Type = (3,+1)
Coords = -1.11690810694080E+00 -1.58922207462966E+00  5.75027943388615E-01
DistFromNuc =  1.4030803888E+00
Rho =  1.5494560020E-01
DelSqRho = -1.7986263595E-01
GradDelSqRho =  6.7723604502E-15  4.8849813084E-15  4.3576253717E-15
HessDelSqRho_EigVals = -3.1938188215E-01  3.5170018850E-02  8.8896755553E+00
HessDelSqRho_EigVec1 =  8.5480931945E-02 -7.2218499562E-01  6.8639772900E-01
HessDelSqRho_EigVec2 = -6.9171951031E-01  4.5281526200E-01  5.6256773598E-01
HessDelSqRho_EigVec3 =  7.1708934543E-01  5.2288351533E-01  4.6084238093E-01
</CP of DelSqRho>
<CP of DelSqRho>
CP# = 16      
Type = (3,+3)
Coords = -1.70301005905411E+00 -2.89126223661535E+00  1.15548723587826E+00
DistFromNuc =  1.3206511153E+00
Rho =  1.7423626158E-01
DelSqRho = -3.7902071025E-01
GradDelSqRho =  1.3689049894E-13 -1.3467005289E-13  2.1127544159E-13
HessDelSqRho_EigVals =  1.9783576508E-02  3.7173990688E-01  1.7414108263E+01
HessDelSqRho_EigVec1 = -7.5668805246E-01  4.6159528912E-01  4.6298269982E-01
HessDelSqRho_EigVec2 =  5.7928635631E-01  8.0166617376E-01  1.4750818021E-01
HessDelSqRho_EigVec3 =  3.0306848839E-01 -3.7981723882E-01  8.7400706887E-01
</CP of DelSqRho>
<CP of DelSqRho>
CP# = 17      
Type = (3,+1)
Coords = -1.11690810694080E+00 -1.58922207462966E+00 -5.75027943388618E-01
DistFromNuc =  1.4030803888E+00
Rho =  1.5494560020E-01
DelSqRho = -1.7986263595E-01
GradDelSqRho =  6.4392935428E-15  5.4400928207E-15 -4.4408920985E-15
HessDelSqRho_EigVals = -3.1938188215E-01  3.5170018850E-02  8.8896755553E+00
HessDelSqRho_EigVec1 = -8.5480931945E-02  7.2218499562E-01  6.8639772900E-01
HessDelSqRho_EigVec2 = -6.9171951031E-01  4.5281526200E-01 -5.6256773598E-01
HessDelSqRho_EigVec3 =  7.1708934543E-01  5.2288351533E-01 -4.6084238093E-01
</CP of DelSqRho>
<CP of DelSqRho>
CP# = 18      
Type = (3,+3)
Coords = -1.70301005905412E+00 -2.89126223661534E+00 -1.15548723587826E+00
DistFromNuc =  1.3206511153E+00
Rho =  1.7423626158E-01
DelSqRho = -3.7902071025E-01
GradDelSqRho =  1.3689049894E-13 -1.3378187447E-13 -2.0972112935E-13
HessDelSqRho_EigVals =  1.9783576508E-02  3.7173990688E-01  1.7414108263E+01
HessDelSqRho_EigVec1 = -7.5668805246E-01  4.6159528912E-01 -4.6298269982E-01
HessDelSqRho_EigVec2 =  5.7928635631E-01  8.0166617376E-01 -1.4750818021E-01
HessDelSqRho_EigVec3 = -3.0306848839E-01  3.7981723882E-01  8.7400706887E-01
</CP of DelSqRho>
<CP of DelSqRho>
CP# = 19      
Type = (3,+1)
Coords = -2.76757007827163E+00 -2.26877488080965E+00  1.13778683637373E+00
DistFromNuc =  1.3207688400E+00
Rho =  1.7335235107E-01
DelSqRho = -3.7281314569E-01
GradDelSqRho =  1.7763568394E-15 -1.9428902931E-16 -4.5519144010E-15
HessDelSqRho_EigVals = -1.8253135141E-02  3.6938716588E-01  1.7332555298E+01
HessDelSqRho_EigVec1 =  7.4684886528E-01 -4.5615528213E-01  4.8387925253E-01
HessDelSqRho_EigVec2 =  4.3721152849E-01  8.8509122093E-01  1.5956067809E-01
HessDelSqRho_EigVec3 = -5.0106172453E-01  9.2389876229E-02  8.6046572214E-01
</CP of DelSqRho>
<CP of DelSqRho>
CP# = 20      
Type = (3,+1)
Coords = -2.76757007827166E+00 -2.26877488080964E+00 -1.13778683637371E+00
DistFromNuc =  1.3207688400E+00
Rho =  1.7335235107E-01
DelSqRho = -3.7281314569E-01
GradDelSqRho = -6.6613381478E-16  2.7755575616E-16 -8.8817841970E-16
HessDelSqRho_EigVals = -1.8253135141E-02  3.6938716588E-01  1.7332555298E+01
HessDelSqRho_EigVec1 =  7.4684886528E-01 -4.5615528213E-01 -4.8387925253E-01
HessDelSqRho_EigVec2 =  4.3721152849E-01  8.8509122093E-01 -1.5956067809E-01
HessDelSqRho_EigVec3 =  5.0106172453E-01 -9.2389876229E-02  8.6046572214E-01
</CP of DelSqRho>
<CP of DelSqRho>
CP# = 21      
Type = (3,-1)
Coords = -1.90762983420846E+00 -1.11030090858746E+00  5.16354317397501E-01
DistFromNuc =  1.4013952064E+00
Rho =  1.5323940967E-01
DelSqRho = -1.7224958477E-01
GradDelSqRho = -1.4295856166E-12 -1.9892976155E-12 -1.0132450434E-12
HessDelSqRho_EigVals = -3.3003210450E-01 -2.6587362236E-02  8.9855874421E+00
HessDelSqRho_EigVec1 =  8.2118464966E-01  1.6894334400E-01 -5.4508156975E-01
HessDelSqRho_EigVec2 =  5.6402340080E-01 -3.8555866719E-01  7.3022059510E-01
HessDelSqRho_EigVec3 =  8.6795014342E-02  9.0708470424E-01  4.1190285846E-01
</CP of DelSqRho>
<CP of DelSqRho>
CP# = 22      
Type = (3,-1)
Coords = -1.90762983420845E+00 -1.11030090858746E+00 -5.16354317397507E-01
DistFromNuc =  1.4013952064E+00
Rho =  1.5323940967E-01
DelSqRho = -1.7224958477E-01
GradDelSqRho = -1.4299048057E-12 -1.9907409055E-12  1.0139111772E-12
HessDelSqRho_EigVals = -3.3003210450E-01 -2.6587362236E-02  8.9855874421E+00
HessDelSqRho_EigVec1 =  8.2118464966E-01  1.6894334400E-01  5.4508156975E-01
HessDelSqRho_EigVec2 = -5.6402340080E-01  3.8555866719E-01  7.3022059510E-01
HessDelSqRho_EigVec3 =  8.6795014342E-02  9.0708470424E-01 -4.1190285846E-01
</CP of DelSqRho>
<CP of DelSqRho>
CP# = 23      
Type = (3,+3)
Coords = -3.32922781804523E+00 -1.89308917580032E+00 -5.27815676322808E-13
DistFromNuc =  1.3200628995E+00
Rho =  1.7431640090E-01
DelSqRho = -3.8021324728E-01
GradDelSqRho =  1.5099033135E-14 -3.6637359813E-15 -1.0247509040E-14
HessDelSqRho_EigVals =  1.9415723806E-02  3.7356185973E-01  1.7482813833E+01
HessDelSqRho_EigVec1 = -3.3533314721E-13  2.3180237957E-13  1.0000000000E+00
HessDelSqRho_EigVec2 =  3.7538920013E-01  9.2686727660E-01 -8.8969598352E-14
HessDelSqRho_EigVec3 =  9.2686727660E-01 -3.7538920013E-01  3.9782543076E-13
</CP of DelSqRho>
<CP of DelSqRho>
CP# = 24      
Type = (3,+3)
Coords = -1.31544321165199E+00 -1.18829509210444E+00  7.87668691904043E-21
DistFromNuc =  1.4464190808E+00
Rho =  1.6378464132E-01
DelSqRho = -2.1206536238E-01
GradDelSqRho = -2.4424906542E-15 -1.3600232052E-15 -3.3651805841E-19
HessDelSqRho_EigVals =  2.9250220398E-01  3.0234297566E-01  5.8963012605E+00
HessDelSqRho_EigVec1 =  0.0000000000E+00  0.0000000000E+00  1.0000000000E+00
HessDelSqRho_EigVec2 =  8.3224194389E-01 -5.5441261424E-01  0.0000000000E+00
HessDelSqRho_EigVec3 =  5.5441261424E-01  8.3224194389E-01  0.0000000000E+00
</CP of DelSqRho>
<CP of DelSqRho>
CP# = 25      
Type = (3,+1)
Coords = -1.12581986616202E+00 -3.28013211716372E+00 -9.28170790016624E-19
DistFromNuc =  1.3215297876E+00
Rho =  1.7306925338E-01
DelSqRho = -3.7060890359E-01
GradDelSqRho = -3.3306690739E-15  2.8865798640E-15  5.9443426013E-20
HessDelSqRho_EigVals = -2.0754870406E-02  3.7001544547E-01  1.7234691664E+01
HessDelSqRho_EigVec1 =  0.0000000000E+00  0.0000000000E+00  1.0000000000E+00
HessDelSqRho_EigVec2 =  6.7260647450E-01  7.4000035842E-01  0.0000000000E+00
HessDelSqRho_EigVec3 =  7.4000035842E-01 -6.7260647450E-01  0.0000000000E+00
</CP of DelSqRho>
<CP of DelSqRho>
CP# = 26      
Type = (3,+1)
Coords = -9.87129670480154E-01 -2.81592668228113E+00  1.76686080951748E+00
DistFromNuc =  2.1345294575E+00
Rho =  5.2044197046E-02
DelSqRho =  5.7325830220E-02
GradDelSqRho = -2.6533532316E-12  1.1075446116E-12 -3.5935247833E-12
HessDelSqRho_EigVals = -4.1757481175E-01  2.0808838375E-03  7.7163437322E-03
HessDelSqRho_EigVec1 =  5.2822781221E-01 -1.9307446255E-01  8.2686010324E-01
HessDelSqRho_EigVec2 =  6.8390617393E-01 -4.8040066977E-01 -5.4907881195E-01
HessDelSqRho_EigVec3 =  5.0323724392E-01  8.5553342915E-01 -1.2171617781E-01
</CP of DelSqRho>
<CP of DelSqRho>
CP# = 27      
Type = (3,-1)
Coords = -3.09354839093070E+00 -1.94966964793157E+00  1.83057513451403E+00
DistFromNuc =  2.1260815620E+00
Rho =  5.1278491986E-02
DelSqRho =  5.9267495147E-02
GradDelSqRho =  4.8225312632E-16 -2.3592239273E-16 -7.2511441296E-16
HessDelSqRho_EigVals = -4.3839540939E-01 -1.2059256485E-03  5.6605614840E-03
HessDelSqRho_EigVec1 = -4.6140153245E-01  2.1334721338E-01  8.6115712410E-01
HessDelSqRho_EigVec2 =  7.2986954906E-01 -4.6055002569E-01  5.0515751522E-01
HessDelSqRho_EigVec3 =  5.0437988383E-01  8.6161281349E-01  5.6782853197E-02
</CP of DelSqRho>
<CP of DelSqRho>
CP# = 28      
Type = (3,+1)
Coords = -9.87129670480158E-01 -2.81592668228113E+00 -1.76686080951748E+00
DistFromNuc =  2.1345294575E+00
Rho =  5.2044197046E-02
DelSqRho =  5.7325830220E-02
GradDelSqRho = -2.6533462927E-12  1.1075688977E-12  3.5935837639E-12
HessDelSqRho_EigVals = -4.1757481175E-01  2.0808838375E-03  7.7163437322E-03
HessDelSqRho_EigVec1 = -5.2822781221E-01  1.9307446255E-01  8.2686010324E-01
HessDelSqRho_EigVec2 =  6.8390617393E-01 -4.8040066977E-01  5.4907881195E-01
HessDelSqRho_EigVec3 =  5.0323724392E-01  8.5553342915E-01  1.2171617781E-01
</CP of DelSqRho>
<CP of DelSqRho>
CP# = 29      
Type = (3,-1)
Coords = -3.09354839093071E+00 -1.94966964793156E+00 -1.83057513451402E+00
DistFromNuc =  2.1260815620E+00
Rho =  5.1278491986E-02
DelSqRho =  5.9267495147E-02
GradDelSqRho =  4.9613091413E-16 -2.0469737017E-16  6.9388939039E-16
HessDelSqRho_EigVals = -4.3839540939E-01 -1.2059256485E-03  5.6605614840E-03
HessDelSqRho_EigVec1 =  4.6140153245E-01 -2.1334721338E-01  8.6115712410E-01
HessDelSqRho_EigVec2 =  7.2986954906E-01 -4.6055002569E-01 -5.0515751522E-01
HessDelSqRho_EigVec3 =  5.0437988383E-01  8.6161281349E-01 -5.6782853197E-02
</CP of DelSqRho>
<CP of DelSqRho>
CP# = 30      
Type = (3,+1)
Coords = -3.79048100030575E+00 -1.08449019117086E+00  5.85869997998675E-18
DistFromNuc =  2.1331002279E+00
Rho =  5.1716936435E-02
DelSqRho =  5.7762448473E-02
GradDelSqRho =  1.2490009027E-16  4.1633363423E-17 -1.2080981914E-20
HessDelSqRho_EigVals = -4.2061620720E-01  1.9181477221E-03  7.0705448284E-03
HessDelSqRho_EigVec1 =  7.8479399676E-01 -6.1975671247E-01  0.0000000000E+00
HessDelSqRho_EigVec2 =  0.0000000000E+00  0.0000000000E+00  1.0000000000E+00
HessDelSqRho_EigVec3 =  6.1975671247E-01  7.8479399676E-01  0.0000000000E+00
</CP of DelSqRho>
<CP of DelSqRho>
CP# = 31      
Type = (3,-1)
Coords = -3.43024982456379E-01 -3.58170593820366E+00 -1.14723001338375E-17
DistFromNuc =  2.1265680136E+00
Rho =  5.1632697977E-02
DelSqRho =  5.8791962296E-02
GradDelSqRho = -3.3736902161E-14  3.3278935163E-14  2.6887574268E-20
HessDelSqRho_EigVals = -4.3616686131E-01 -1.3593378872E-03  6.9318239598E-03
HessDelSqRho_EigVec1 =  8.3218406669E-01 -5.5449948526E-01  0.0000000000E+00
HessDelSqRho_EigVec2 =  0.0000000000E+00  0.0000000000E+00  1.0000000000E+00
HessDelSqRho_EigVec3 =  5.5449948526E-01  8.3218406669E-01  0.0000000000E+00
</CP of DelSqRho>
<CP of DelSqRho>
CP# = 32      
Type = (3,-1)
Coords = -6.94558952099452E-01 -1.62976973561628E+00  1.43688213181446E+00
DistFromNuc =  2.1576278443E+00
Rho =  5.9125683100E-02
DelSqRho =  6.2522968303E-02
GradDelSqRho = -2.7755575616E-17 -8.6736173799E-19 -1.7347234760E-17
HessDelSqRho_EigVals = -3.1710378901E-01 -3.8524714890E-02  9.0474181413E-03
HessDelSqRho_EigVec1 =  6.2703981525E-01  2.4012501925E-01  7.4105400966E-01
HessDelSqRho_EigVec2 =  2.1517324663E-01  8.6090290758E-01 -4.6102782741E-01
HessDelSqRho_EigVec3 = -7.4867986752E-01  4.4853780091E-01  4.8815192013E-01
</CP of DelSqRho>
<CP of DelSqRho>
CP# = 33      
Type = (3,-1)
Coords = -6.94558952099450E-01 -1.62976973561628E+00 -1.43688213181445E+00
DistFromNuc =  2.1576278443E+00
Rho =  5.9125683100E-02
DelSqRho =  6.2522968303E-02
GradDelSqRho =  6.9388939039E-18  8.6736173799E-17 -8.3266726847E-17
HessDelSqRho_EigVals = -3.1710378901E-01 -3.8524714890E-02  9.0474181413E-03
HessDelSqRho_EigVec1 = -6.2703981525E-01 -2.4012501925E-01  7.4105400966E-01
HessDelSqRho_EigVec2 =  2.1517324663E-01  8.6090290758E-01  4.6102782741E-01
HessDelSqRho_EigVec3 = -7.4867986752E-01  4.4853780091E-01 -4.8815192013E-01
</CP of DelSqRho>
<CP of DelSqRho>
CP# = 34      
Type = (3,-3)
Coords = -3.15324065820676E+00 -4.10165365712676E+00  1.02402278895386E-19
DistFromNuc =  1.9985777486E+00
Rho =  4.7134070539E-02
DelSqRho =  7.4329957903E-02
GradDelSqRho =  2.6360857941E-14  3.9745984282E-14 -5.3659337519E-21
HessDelSqRho_EigVals = -5.2340915902E-01 -1.5690320600E-02 -1.5639894609E-02
HessDelSqRho_EigVec1 =  5.2214529988E-01  8.5285654469E-01  0.0000000000E+00
HessDelSqRho_EigVec2 =  8.5285654469E-01 -5.2214529988E-01  0.0000000000E+00
HessDelSqRho_EigVec3 =  0.0000000000E+00  0.0000000000E+00  1.0000000000E+00
</CP of DelSqRho>
<CP of DelSqRho>
CP# = 35      
Type = (3,-1)
Coords = -2.74641233133344E+00 -3.46192930682749E-01 -8.57737918518894E-14
DistFromNuc =  2.1478736721E+00
Rho =  5.8837978969E-02
DelSqRho =  6.2726411864E-02
GradDelSqRho =  4.5345671662E-15 -7.5703332492E-15 -7.7655375175E-16
HessDelSqRho_EigVals = -3.2960070920E-01 -3.5909743173E-02  9.0520232937E-03
HessDelSqRho_EigVec1 = -4.0778973788E-01  9.1307586195E-01 -4.5754262177E-14
HessDelSqRho_EigVec2 =  9.1307586195E-01  4.0778973788E-01  4.0758655352E-15
HessDelSqRho_EigVec3 = -2.2379693017E-14  4.0115016237E-14  1.0000000000E+00
</CP of DelSqRho>
<CP of DelSqRho>
CP# = 36      
Type = (3,-3)
Coords = -2.06677328891227E+00 -7.56265833726659E-01  1.38755000088551E+00
DistFromNuc =  2.1495155461E+00
Rho =  5.8469923356E-02
DelSqRho =  6.7927346092E-02
GradDelSqRho = -6.6786853825E-16  8.9026008787E-15  7.5599249083E-15
HessDelSqRho_EigVals = -3.2438238439E-01 -4.0455011467E-02 -9.3534442325E-03
HessDelSqRho_EigVec1 = -1.0045262804E-01  6.7604750333E-01  7.2997879610E-01
HessDelSqRho_EigVec2 =  6.9211647794E-01  5.7456064873E-01 -4.3686936480E-01
HessDelSqRho_EigVec3 =  7.1476153400E-01 -4.6134567752E-01  5.2561974406E-01
</CP of DelSqRho>
<CP of DelSqRho>
CP# = 37      
Type = (3,-3)
Coords = -2.06677328891227E+00 -7.56265833726658E-01 -1.38755000088551E+00
DistFromNuc =  2.1495155461E+00
Rho =  5.8469923356E-02
DelSqRho =  6.7927346092E-02
GradDelSqRho = -6.0194904616E-16  8.8956619848E-15 -7.6969680629E-15
HessDelSqRho_EigVals = -3.2438238439E-01 -4.0455011467E-02 -9.3534442325E-03
HessDelSqRho_EigVec1 =  1.0045262804E-01 -6.7604750333E-01  7.2997879610E-01
HessDelSqRho_EigVec2 =  6.9211647794E-01  5.7456064873E-01  4.3686936480E-01
HessDelSqRho_EigVec3 =  7.1476153400E-01 -4.6134567752E-01 -5.2561974406E-01
</CP of DelSqRho>
<CP of DelSqRho>
CP# = 38      
Type = (3,-3)
Coords =  2.57805991194880E-02 -2.03355539756902E+00  1.09466173670594E-12
DistFromNuc =  2.1658541472E+00
Rho =  5.8759117043E-02
DelSqRho =  6.8334810559E-02
GradDelSqRho = -5.6926685588E-14  6.0238272703E-15 -1.0840001045E-14
HessDelSqRho_EigVals = -2.9766119722E-01 -4.4673548968E-02 -9.9026104022E-03
HessDelSqRho_EigVec1 =  9.9837364555E-01 -5.7009331512E-02  5.7234882088E-13
HessDelSqRho_EigVec2 =  5.7009331512E-02  9.9837364555E-01 -1.0656615916E-16
HessDelSqRho_EigVec3 = -5.7141190356E-13  3.2735616515E-14  1.0000000000E+00
</CP of DelSqRho>
<CP of DelSqRho>
CP# = 39      
Type = (3,-1)
Coords =  3.04678689448037E-01 -1.57681682297654E+00  1.81953881013062E-18
DistFromNuc =  2.5496306668E+00
Rho =  4.8237928099E-02
DelSqRho =  6.4234238711E-02
GradDelSqRho = -9.7144514655E-17  8.9338259013E-17  2.0441222399E-20
HessDelSqRho_EigVals = -1.5866846705E-01 -1.4920451503E-02  8.3369750330E-02
HessDelSqRho_EigVec1 =  7.3411404937E-01 -6.7902618691E-01  0.0000000000E+00
HessDelSqRho_EigVec2 =  0.0000000000E+00  0.0000000000E+00  1.0000000000E+00
HessDelSqRho_EigVec3 =  6.7902618691E-01  7.3411404937E-01  0.0000000000E+00
</CP of DelSqRho>
<CP of DelSqRho>
CP# = 40      
Type = (3,-1)
Coords = -1.71149198218057E+00 -2.43217421843248E-01  1.37228116253212E+00
DistFromNuc =  2.5849361598E+00
Rho =  4.7237904673E-02
DelSqRho =  6.2082028650E-02
GradDelSqRho =  4.6837533851E-17 -3.4694469520E-17 -6.0715321659E-17
HessDelSqRho_EigVals = -1.5526879951E-01 -1.4222286616E-02  8.6668154161E-02
HessDelSqRho_EigVec1 = -5.1691387430E-01  1.4042058698E-01  8.4444188984E-01
HessDelSqRho_EigVec2 =  7.1866646261E-01 -4.6477312504E-01  5.1720833109E-01
HessDelSqRho_EigVec3 =  4.6510059350E-01  8.7422422810E-01  1.3933211022E-01
</CP of DelSqRho>
<CP of DelSqRho>
CP# = 41      
Type = (3,-1)
Coords = -1.71149198218057E+00 -2.43217421843247E-01 -1.37228116253212E+00
DistFromNuc =  2.5849361598E+00
Rho =  4.7237904673E-02
DelSqRho =  6.2082028650E-02
GradDelSqRho =  1.0928757899E-16  5.5511151231E-17  6.9388939039E-18
HessDelSqRho_EigVals = -1.5526879951E-01 -1.4222286616E-02  8.6668154161E-02
HessDelSqRho_EigVec1 =  5.1691387430E-01 -1.4042058698E-01  8.4444188984E-01
HessDelSqRho_EigVec2 =  7.1866646261E-01 -4.6477312504E-01 -5.1720833109E-01
HessDelSqRho_EigVec3 =  4.6510059350E-01  8.7422422810E-01 -1.3933211022E-01
</CP of DelSqRho>
<Path of -GradDelSqRho>
Starting CP# =      6
Ending CP# =      0
Number of Points =    400
 -1.9213489470E+00 -2.6016687132E+00 -6.0066402492E-18  1.7116905995E+01 -3.6010599601E+02
 -1.9221966225E+00 -2.6007500982E+00  1.3673807645E-03  1.7223382729E+01 -3.5994963375E+02
 -1.9221967912E+00 -2.6007501587E+00  1.4810002964E-03  1.7223338592E+01 -3.5994976509E+02
 -1.9221970067E+00 -2.6007501744E+00  1.5890043900E-03  1.7223298750E+01 -3.5994988370E+02
 -1.9221972609E+00 -2.6007501560E+00  1.6932258140E-03  1.7223261681E+01 -3.5994999410E+02
 -1.9221975496E+00 -2.6007501091E+00  1.7947114274E-03  1.7223226558E+01 -3.5995009874E+02
 -1.9221978702E+00 -2.6007500373E+00  1.8941231151E-03  1.7223192879E+01 -3.5995019911E+02
 -1.9221982208E+00 -2.6007499429E+00  1.9919089455E-03  1.7223160314E+01 -3.5995029620E+02
 -1.9221986003E+00 -2.6007498273E+00  2.0883875930E-03  1.7223128633E+01 -3.5995039067E+02
 -1.9221990079E+00 -2.6007496919E+00  2.1837943583E-03  1.7223097672E+01 -3.5995048304E+02
 -1.9221994428E+00 -2.6007495375E+00  2.2783081780E-03  1.7223067306E+01 -3.5995057365E+02
 -1.9221999045E+00 -2.6007493646E+00  2.3720684086E-03  1.7223037440E+01 -3.5995066280E+02
 -1.9222003928E+00 -2.6007491740E+00  2.4651857402E-03  1.7223007999E+01 -3.5995075071E+02
 -1.9222009071E+00 -2.6007489659E+00  2.5577495620E-03  1.7222978924E+01 -3.5995083754E+02
 -1.9222014473E+00 -2.6007487407E+00  2.6498330902E-03  1.7222950165E+01 -3.5995092346E+02
 -1.9222020132E+00 -2.6007484987E+00  2.7414970320E-03  1.7222921685E+01 -3.5995100857E+02
 -1.9222026046E+00 -2.6007482401E+00  2.8327922637E-03  1.7222893448E+01 -3.5995109298E+02
 -1.9222032214E+00 -2.6007479651E+00  2.9237618263E-03  1.7222865428E+01 -3.5995117676E+02
 -1.9222038634E+00 -2.6007476738E+00  3.0144424392E-03  1.7222837601E+01 -3.5995125999E+02
 -1.9222045305E+00 -2.6007473665E+00  3.1048656640E-03  1.7222809946E+01 -3.5995134273E+02
 -1.9222052228E+00 -2.6007470431E+00  3.1950588141E-03  1.7222782447E+01 -3.5995142502E+02
 -1.9222059400E+00 -2.6007467039E+00  3.2850456710E-03  1.7222755089E+01 -3.5995150692E+02
 -1.9222066822E+00 -2.6007463489E+00  3.3748470578E-03  1.7222727857E+01 -3.5995158846E+02
 -1.9222074492E+00 -2.6007459781E+00  3.4644813003E-03  1.7222700741E+01 -3.5995166967E+02
 -1.9222082412E+00 -2.6007455916E+00  3.5539646028E-03  1.7222673731E+01 -3.5995175059E+02
 -1.9222090579E+00 -2.6007451895E+00  3.6433113559E-03  1.7222646817E+01 -3.5995183124E+02
 -1.9222098994E+00 -2.6007447719E+00  3.7325343907E-03  1.7222619991E+01 -3.5995191165E+02
 -1.9222107658E+00 -2.6007443387E+00  3.8216451911E-03  1.7222593247E+01 -3.5995199184E+02
 -1.9222116568E+00 -2.6007438900E+00  3.9106540709E-03  1.7222566579E+01 -3.5995207182E+02
 -1.9222125727E+00 -2.6007434258E+00  3.9995703228E-03  1.7222539979E+01 -3.5995215162E+02
 -1.9222135132E+00 -2.6007429462E+00  4.0884023457E-03  1.7222513444E+01 -3.5995223124E+02
 -1.9222144785E+00 -2.6007424512E+00  4.1771577518E-03  1.7222486968E+01 -3.5995231071E+02
 -1.9222154685E+00 -2.6007419407E+00  4.2658434593E-03  1.7222460547E+01 -3.5995239004E+02
 -1.9222164832E+00 -2.6007414149E+00  4.3544657715E-03  1.7222434177E+01 -3.5995246923E+02
 -1.9222175227E+00 -2.6007408737E+00  4.4430304451E-03  1.7222407856E+01 -3.5995254829E+02
 -1.9222185868E+00 -2.6007403171E+00  4.5315427499E-03  1.7222381579E+01 -3.5995262725E+02
 -1.9222196758E+00 -2.6007397451E+00  4.6200075201E-03  1.7222355344E+01 -3.5995270610E+02
 -1.9222207894E+00 -2.6007391578E+00  4.7084291995E-03  1.7222329148E+01 -3.5995278486E+02
 -1.9222219278E+00 -2.6007385552E+00  4.7968118809E-03  1.7222302988E+01 -3.5995286352E+02
 -1.9222230909E+00 -2.6007379372E+00  4.8851593410E-03  1.7222276862E+01 -3.5995294211E+02
 -1.9222242788E+00 -2.6007373038E+00  4.9734750709E-03  1.7222250769E+01 -3.5995302062E+02
 -1.9222254914E+00 -2.6007366551E+00  5.0617623030E-03  1.7222224705E+01 -3.5995309905E+02
 -1.9222267289E+00 -2.6007359911E+00  5.1500240353E-03  1.7222198670E+01 -3.5995317743E+02
 -1.9222279911E+00 -2.6007353118E+00  5.2382630524E-03  1.7222172662E+01 -3.5995325574E+02
 -1.9222292781E+00 -2.6007346170E+00  5.3264819448E-03  1.7222146678E+01 -3.5995333400E+02
 -1.9222305900E+00 -2.6007339070E+00  5.4146831258E-03  1.7222120719E+01 -3.5995341221E+02
 -1.9222319266E+00 -2.6007331816E+00  5.5028688466E-03  1.7222094781E+01 -3.5995349038E+02
 -1.9222332882E+00 -2.6007324408E+00  5.5910412101E-03  1.7222068865E+01 -3.5995356850E+02
 -1.9222346746E+00 -2.6007316847E+00  5.6792021829E-03  1.7222042968E+01 -3.5995364658E+02
 -1.9222360859E+00 -2.6007309132E+00  5.7673536067E-03  1.7222017090E+01 -3.5995372463E+02
 -1.9222375220E+00 -2.6007301263E+00  5.8554972081E-03  1.7221991230E+01 -3.5995380264E+02
 -1.9222389831E+00 -2.6007293240E+00  5.9436346077E-03  1.7221965386E+01 -3.5995388063E+02
 -1.9222404691E+00 -2.6007285064E+00  6.0317673281E-03  1.7221939558E+01 -3.5995395858E+02
 -1.9222419801E+00 -2.6007276734E+00  6.1198968018E-03  1.7221913745E+01 -3.5995403652E+02
 -1.9222435160E+00 -2.6007268249E+00  6.2080243773E-03  1.7221887947E+01 -3.5995411443E+02
 -1.9222450769E+00 -2.6007259611E+00  6.2961513258E-03  1.7221862162E+01 -3.5995419232E+02
 -1.9222466629E+00 -2.6007250818E+00  6.3842788464E-03  1.7221836389E+01 -3.5995427019E+02
 -1.9222482738E+00 -2.6007241871E+00  6.4724080715E-03  1.7221810628E+01 -3.5995434805E+02
 -1.9222499098E+00 -2.6007232769E+00  6.5605400717E-03  1.7221784879E+01 -3.5995442589E+02
 -1.9222515708E+00 -2.6007223513E+00  6.6486758592E-03  1.7221759140E+01 -3.5995450373E+02
 -1.9222532570E+00 -2.6007214103E+00  6.7368163930E-03  1.7221733412E+01 -3.5995458155E+02
 -1.9222549682E+00 -2.6007204537E+00  6.8249625815E-03  1.7221707694E+01 -3.5995465936E+02
 -1.9222567046E+00 -2.6007194817E+00  6.9131152861E-03  1.7221681984E+01 -3.5995473717E+02
 -1.9222584661E+00 -2.6007184942E+00  7.0012753248E-03  1.7221656283E+01 -3.5995481497E+02
 -1.9222602527E+00 -2.6007174912E+00  7.0894434741E-03  1.7221630591E+01 -3.5995489277E+02
 -1.9222620646E+00 -2.6007164727E+00  7.1776204724E-03  1.7221604906E+01 -3.5995497056E+02
 -1.9222639016E+00 -2.6007154386E+00  7.2658070221E-03  1.7221579228E+01 -3.5995504835E+02
 -1.9222657639E+00 -2.6007143890E+00  7.3540037917E-03  1.7221553558E+01 -3.5995512615E+02
 -1.9222676514E+00 -2.6007133239E+00  7.4422114180E-03  1.7221527894E+01 -3.5995520394E+02
 -1.9222695642E+00 -2.6007122432E+00  7.5304305083E-03  1.7221502236E+01 -3.5995528174E+02
 -1.9222715023E+00 -2.6007111469E+00  7.6186616414E-03  1.7221476584E+01 -3.5995535953E+02
 -1.9222734658E+00 -2.6007100351E+00  7.7069053703E-03  1.7221450938E+01 -3.5995543734E+02
 -1.9222754545E+00 -2.6007089076E+00  7.7951622228E-03  1.7221425297E+01 -3.5995551514E+02
 -1.9222774686E+00 -2.6007077645E+00  7.8834327033E-03  1.7221399661E+01 -3.5995559296E+02
 -1.9222795081E+00 -2.6007066058E+00  7.9717172944E-03  1.7221374029E+01 -3.5995567078E+02
 -1.9222815730E+00 -2.6007054315E+00  8.0600164576E-03  1.7221348402E+01 -3.5995574860E+02
 -1.9222836633E+00 -2.6007042415E+00  8.1483306348E-03  1.7221322780E+01 -3.5995582644E+02
 -1.9222857791E+00 -2.6007030359E+00  8.2366602496E-03  1.7221297161E+01 -3.5995590428E+02
 -1.9222879203E+00 -2.6007018145E+00  8.3250057075E-03  1.7221271546E+01 -3.5995598213E+02
 -1.9222900870E+00 -2.6007005775E+00  8.4133673977E-03  1.7221245934E+01 -3.5995606000E+02
 -1.9222922793E+00 -2.6006993248E+00  8.5017456936E-03  1.7221220325E+01 -3.5995613787E+02
 -1.9222944971E+00 -2.6006980564E+00  8.5901409536E-03  1.7221194720E+01 -3.5995621576E+02
 -1.9222967404E+00 -2.6006967722E+00  8.6785535220E-03  1.7221169117E+01 -3.5995629366E+02
 -1.9222990094E+00 -2.6006954723E+00  8.7669837296E-03  1.7221143517E+01 -3.5995637157E+02
 -1.9223013039E+00 -2.6006941567E+00  8.8554318946E-03  1.7221117920E+01 -3.5995644950E+02
 -1.9223036241E+00 -2.6006928252E+00  8.9438983229E-03  1.7221092325E+01 -3.5995652744E+02
 -1.9223059700E+00 -2.6006914780E+00  9.0323833091E-03  1.7221066732E+01 -3.5995660539E+02
 -1.9223083415E+00 -2.6006901150E+00  9.1208871367E-03  1.7221041141E+01 -3.5995668336E+02
 -1.9223107387E+00 -2.6006887362E+00  9.2094100789E-03  1.7221015551E+01 -3.5995676135E+02
 -1.9223131617E+00 -2.6006873415E+00  9.2979523990E-03  1.7220989964E+01 -3.5995683935E+02
 -1.9223156104E+00 -2.6006859310E+00  9.3865143508E-03  1.7220964377E+01 -3.5995691737E+02
 -1.9223180849E+00 -2.6006845047E+00  9.4750961792E-03  1.7220938793E+01 -3.5995699540E+02
 -1.9223205852E+00 -2.6006830625E+00  9.5636981205E-03  1.7220913209E+01 -3.5995707345E+02
 -1.9223231113E+00 -2.6006816044E+00  9.6523204029E-03  1.7220887627E+01 -3.5995715152E+02
 -1.9223256632E+00 -2.6006801304E+00  9.7409632466E-03  1.7220862045E+01 -3.5995722961E+02
 -1.9223282410E+00 -2.6006786405E+00  9.8296268648E-03  1.7220836465E+01 -3.5995730772E+02
 -1.9223308448E+00 -2.6006771346E+00  9.9183114632E-03  1.7220810885E+01 -3.5995738585E+02
 -1.9223334744E+00 -2.6006756129E+00  1.0007017241E-02  1.7220785306E+01 -3.5995746399E+02
 -1.9223361300E+00 -2.6006740751E+00  1.0095744391E-02  1.7220759727E+01 -3.5995754215E+02
 -1.9223388116E+00 -2.6006725214E+00  1.0184493099E-02  1.7220734149E+01 -3.5995762034E+02
 -1.9223415191E+00 -2.6006709518E+00  1.0273263546E-02  1.7220708571E+01 -3.5995769854E+02
 -1.9223442527E+00 -2.6006693661E+00  1.0362055906E-02  1.7220682993E+01 -3.5995777677E+02
 -1.9223470123E+00 -2.6006677644E+00  1.0450870350E-02  1.7220657416E+01 -3.5995785502E+02
 -1.9223497980E+00 -2.6006661467E+00  1.0539707041E-02  1.7220631838E+01 -3.5995793328E+02
 -1.9223526097E+00 -2.6006645129E+00  1.0628566139E-02  1.7220606261E+01 -3.5995801157E+02
 -1.9223554476E+00 -2.6006628631E+00  1.0717447798E-02  1.7220580683E+01 -3.5995808989E+02
 -1.9223583117E+00 -2.6006611972E+00  1.0806352168E-02  1.7220555105E+01 -3.5995816822E+02
 -1.9223612018E+00 -2.6006595152E+00  1.0895279395E-02  1.7220529527E+01 -3.5995824657E+02
 -1.9223641182E+00 -2.6006578171E+00  1.0984229619E-02  1.7220503949E+01 -3.5995832495E+02
 -1.9223670608E+00 -2.6006561029E+00  1.1073202979E-02  1.7220478370E+01 -3.5995840335E+02
 -1.9223700297E+00 -2.6006543725E+00  1.1162199608E-02  1.7220452790E+01 -3.5995848178E+02
 -1.9223730248E+00 -2.6006526260E+00  1.1251219636E-02  1.7220427210E+01 -3.5995856023E+02
 -1.9223760462E+00 -2.6006508633E+00  1.1340263188E-02  1.7220401630E+01 -3.5995863870E+02
 -1.9223790939E+00 -2.6006490845E+00  1.1429330388E-02  1.7220376049E+01 -3.5995871719E+02
 -1.9223821680E+00 -2.6006472895E+00  1.1518421354E-02  1.7220350466E+01 -3.5995879571E+02
 -1.9223852684E+00 -2.6006454782E+00  1.1607536204E-02  1.7220324884E+01 -3.5995887425E+02
 -1.9223883952E+00 -2.6006436508E+00  1.1696675051E-02  1.7220299300E+01 -3.5995895282E+02
 -1.9223915485E+00 -2.6006418070E+00  1.1785838004E-02  1.7220273715E+01 -3.5995903141E+02
 -1.9223947281E+00 -2.6006399471E+00  1.1875025172E-02  1.7220248129E+01 -3.5995911003E+02
 -1.9223979343E+00 -2.6006380708E+00  1.1964236659E-02  1.7220222542E+01 -3.5995918867E+02
 -1.9224011669E+00 -2.6006361783E+00  1.2053472568E-02  1.7220196955E+01 -3.5995926734E+02
 -1.9224044261E+00 -2.6006342695E+00  1.2142732997E-02  1.7220171366E+01 -3.5995934603E+02
 -1.9224077118E+00 -2.6006323443E+00  1.2232018045E-02  1.7220145775E+01 -3.5995942475E+02
 -1.9224110241E+00 -2.6006304028E+00  1.2321327805E-02  1.7220120184E+01 -3.5995950350E+02
 -1.9224143629E+00 -2.6006284450E+00  1.2410662372E-02  1.7220094591E+01 -3.5995958227E+02
 -1.9224177284E+00 -2.6006264708E+00  1.2500021835E-02  1.7220068997E+01 -3.5995966106E+02
 -1.9224211206E+00 -2.6006244802E+00  1.2589406283E-02  1.7220043401E+01 -3.5995973989E+02
 -1.9224245394E+00 -2.6006224733E+00  1.2678815801E-02  1.7220017804E+01 -3.5995981874E+02
 -1.9224279849E+00 -2.6006204499E+00  1.2768250475E-02  1.7219992206E+01 -3.5995989761E+02
 -1.9224314572E+00 -2.6006184101E+00  1.2857710388E-02  1.7219966605E+01 -3.5995997651E+02
 -1.9224349561E+00 -2.6006163538E+00  1.2947195619E-02  1.7219941004E+01 -3.5996005544E+02
 -1.9224384819E+00 -2.6006142811E+00  1.3036706247E-02  1.7219915401E+01 -3.5996013440E+02
 -1.9224420345E+00 -2.6006121919E+00  1.3126242351E-02  1.7219889796E+01 -3.5996021338E+02
 -1.9224456139E+00 -2.6006100862E+00  1.3215804005E-02  1.7219864189E+01 -3.5996029239E+02
 -1.9224492202E+00 -2.6006079640E+00  1.3305391284E-02  1.7219838581E+01 -3.5996037143E+02
 -1.9224528533E+00 -2.6006058253E+00  1.3395004261E-02  1.7219812971E+01 -3.5996045050E+02
 -1.9224565134E+00 -2.6006036700E+00  1.3484643005E-02  1.7219787359E+01 -3.5996052959E+02
 -1.9224602003E+00 -2.6006014982E+00  1.3574307588E-02  1.7219761746E+01 -3.5996060871E+02
 -1.9224639143E+00 -2.6005993098E+00  1.3663998077E-02  1.7219736130E+01 -3.5996068786E+02
 -1.9224676552E+00 -2.6005971049E+00  1.3753714539E-02  1.7219710513E+01 -3.5996076704E+02
 -1.9224714232E+00 -2.6005948833E+00  1.3843457039E-02  1.7219684894E+01 -3.5996084624E+02
 -1.9224752181E+00 -2.6005926451E+00  1.3933225643E-02  1.7219659273E+01 -3.5996092548E+02
 -1.9224790402E+00 -2.6005903903E+00  1.4023020414E-02  1.7219633650E+01 -3.5996100474E+02
