AIMSum (Version 19.10.12, Standard)
Copyright (c) 1997-2019 by Todd A. Keith
AIMSum is a component of the AIMAll package ( http://aim.tkgristmill.com )

TP:  64-bit Mac OS X

Much of the Quantum Theory of Atoms in Molecules (QTAIM) is described in the book:
  "Atoms in Molecules - A Quantum Theory"
  R.F.W. Bader, Oxford University Press, Oxford, 1990

For additional references see:  http://aim.tkgristmill.com/references.html

Wfx File:  /Users/chemlab/Documents/SubstituentCoding/rotationalInvarianceCheck/SubCH3_CFH2_anti2146_reor.wfx
Sum File:  /Users/chemlab/Documents/SubstituentCoding/rotationalInvarianceCheck/SubCH3_CFH2_anti2146_reor.sum

SumViz File:  /Users/chemlab/Documents/SubstituentCoding/rotationalInvarianceCheck/SubCH3_CFH2_anti2146_reor.sumviz

Wfx Title:   Title Card Required                                                           
 
Total memory allocated for AIMSum =        0.431 Megabytes

Atomic units (a.u.) used throughout, except where stated otherwise

Model:  Restricted SCF
 
Restricted, closed-shell, single-determinant wavefunction.
  Number of electrons (from MO Occs)                   =          26.0000000000
  Number of Alpha electrons (from MO Occs)             =          13.0000000000
  Number of Beta electrons (from MO Occs)              =          13.0000000000
  Number of electron pairs (N*(N-1)/2)                 =         325.0000000000
  Number of electron pairs (from Muller 2EDM)          =         325.0000000000
 
Nuclear Charges and Cartesian Coordinates:
-------------------------------------------------------------------------------
Atom      Charge                X                  Y                  Z
-------------------------------------------------------------------------------
C1         6.0           0.0000000000E+00   0.0000000000E+00   0.0000000000E+00
H2         1.0          -2.0632464465E+00   0.0000000000E+00   0.0000000000E+00
H3         1.0           6.6148729155E-01   0.0000000000E+00  -1.9543339710E+00
C4         6.0           1.0429549660E+00  -2.2175765996E+00   1.4540886949E+00
H5         1.0           4.1988202707E-01  -3.9796914087E+00   5.8540124859E-01
H6         1.0           3.1010462396E+00  -2.1838960109E+00   1.4541756223E+00
H7         1.0           3.8320055327E-01  -2.1838960109E+00   3.4035687154E+00
F8         9.0           7.8702935691E-01   2.2448491271E+00   1.0972787339E+00
 
Some Atomic Properties:
----------------------
  q(A) = Net Charge of Atom A
  L(A) = Lagrangian of Atom A = -(1/4) Times Atomic Integral of the Laplacian of the Electron Density
  K(A) = Electronic Kinetic Energy of Atom A (Hamiltonian Form)
  K_Scaled(A) = K(A) * E(Mol)/K(Mol) = Approximation to Virial-Based Total Energy of Atom A.
  |Mu_Intra(A)| = Magnitude of Intraatomic Dipole Moment of Atom A
--------------------------------------------------------------------------------------------------
Atom A          q(A)              L(A)              K(A)          K_Scaled(A)      |Mu_Intra(A)|
--------------------------------------------------------------------------------------------------
C1        6.1810001540E-01  8.6448449773E-05  3.7399461789E+01 -3.7611585114E+01  6.5220813691E-01
H2        7.1079395800E-03  1.9608415056E-05  6.3265067882E-01 -6.3623896483E-01  1.3614716013E-01
H3        7.1043923500E-03  2.6169302144E-05  6.3265820053E-01 -6.3624652920E-01  1.3612711102E-01
C4        3.8428729500E-02  1.8228813798E-04  3.7774070864E+01 -3.7988318907E+01  6.8821250489E-02
H5       -8.9408140000E-04  2.1678235684E-05  6.1931649347E-01 -6.2282915027E-01  1.3804462289E-01
H6        5.6140440600E-03  2.5976018395E-05  6.1938934942E-01 -6.2290241944E-01  1.3805823796E-01
H7        5.6160117600E-03  2.1907697279E-05  6.1938428724E-01 -6.2289732854E-01  1.3807523532E-01
F8       -6.8072772770E-01  5.8330530892E-05  9.9770660032E+01 -1.0033654208E+02  2.5794640835E-01
--------------------------------------------------------------------------------------------------
Total     3.4932355000E-04  4.4240678720E-04  1.7806759169E+02 -1.7907756049E+02
 
1st Largest |L(A)| = 1.8228813798E-04, atom C4      
2nd Largest |L(A)| = 8.6448449773E-05, atom C1      
 
Molecular charge q(Mol) from the wfx file:   0.0000000000E+00
Molecular energy E(Mol) from the wfx file:  -1.7907746721E+02
Molecular virial ratio (-V(Mol)/T(Mol)) from the wfx file:   2.0056718283E+00
Note.  K_Scaled(A) = (1+V(Mol)/T(Mol))*K(A) = (E(Mol)/T(Mol))*K(A)
       Only use K_Scaled(A) data with caution.
 
N_AIMInt(SumA)     =         25.999651
N_Analytic(Mol)    =         26.000000
 
G_AIMInt(SumA)     =        178.067149
G_Analytic(Mol)    =        178.067499
 
K_AIMInt(SumA)     =        178.067592
K_Analytic(Mol)    =        178.067499
 
L_AIMInt(SumA)     =          0.000442
L_Analytic(Mol)    =          0.000000
 
VenT_AIMInt(SumA)  =       -580.517810
VenT_Analytic(Mol) =       -580.520574
 
Some Information About the Atomic Calculations:
----------------------------------------------
  Time(sec) = "Elapsed User Time", in Seconds, for Atom A by AIMInt and, if used, by TWOe
  NProc = Number of Processors Used for AIMInt Job
  BIM = Basin Integration Method
  OAQ = Angular Quadrature Outside of Beta Sphere
  ORQ = Multiple of Default for Radial Quadrature Outside of Beta Sphere
  IAQ = Multiple of Default for Angular Quadrature Inside of Beta Sphere
  IRQ = Multiple of Default for Radial Quadrature Inside of Beta Sphere
  MIR = Maximum Integration Radius
------------------------------------------------------------------------------------------------------
Atom A     Time(sec)   NProc      BIM          OAQ                     ORQ      IAQ      IRQ      MIR
------------------------------------------------------------------------------------------------------
C1             53        2     Proaim(5)    4500(GS4)                  1.00     1.00     1.00    13.00
H2             18        2     Proaim(5)    1800(GS4)                  1.00     1.00     1.00    13.00
H3             18        2     Proaim(5)    1800(GS4)                  1.00     1.00     1.00    13.00
C4             50        2     Proaim(5)    4500(GS4)                  1.00     1.00     1.00    13.00
H5             19        2     Proaim(5)    1800(GS4)                  1.00     1.00     1.00    13.00
H6             18        2     Proaim(5)    1800(GS4)                  1.00     1.00     1.00    13.00
H7             20        2     Proaim(5)    1800(GS4)                  1.00     1.00     1.00    13.00
F8             23        2     Proaim(5)    2700(GS4)                  1.00     1.00     1.00    13.00
------------------------------------------------------------------------------------------------------
Total         219
Note:  Total wall clock time is less than total of atomic times if more than one atom
       was calculated at a time
 
Electron Density Critical Point Analysis of Molecular Structure:               
---------------------------------------------------------------                
  NACP = Nuclear Attractor Critical Point                                      
  NNACP = Non-Nuclear Attractor Critical Point                                 
  BCP = Bond Critical Point                                                    
  RCP = Ring Critical Point                                                    
  CCP = Cage Critical Point                                                    
  Rho = Electron Density                                                       
  GradRho = Gradient of Electron Density                                       
  HessRho_EigVals = Eigenvalues of the Hessian of Rho, Ascending Order         
  HessRho_EigVecs = Eigenvectors of the Hessian of Rho                         
  DelSqRho = Laplacian of Rho = Trace of Hessian of Rho                        
  Bond Ellipticity = (HessRho_EigVal(1) / HessRho_EigVal(2)) - 1               
  V = Virial Field = Potential Energy Density = Trace of Stress Tensor         
  G = Lagrangian Form of Kinetic Energy Density                                
  K = Hamiltonian Form of Kinetic Energy Density                               
  L = K - G = Lagrangian Density = (-1/4)DelSqRho                              
  Vnuc = Electrostatic Potential from Nuclei                                   
  Ven = Electron-nuclear attractive contribution to Virial Field V             
  Vrep = V - Ven = Repulsive contribution to Virial Field V                    
  DelSqV = Laplacian of V                                                      
  DelSqVen = Laplacian of Ven                                                  
  DelSqVrep = Laplacian of Vrep                                                
  DelSqG = Laplacian of G                                                      
  DelSqK = Laplacian of K                                                      
  Stress_EigVals = Eigenvalues of Stress Tensor, Ascending Order               
  Stress_EigVecs = Eigenvectors of Stress Tensor                               
  -DivStress = Ehrenfest Force Density = Minus Divergence of Stress Tensor     
  ESP = Total Electrostatic Potential                                          
  ESPe = Electrostatic Potential from Electrons                                
  ESPn = Electrostatic Potential from Nuclei                                   
  BP = Bond Path                                                               
  BPL = Bond Path Length                                                       
  GBL = Geometric Bond Length                                                  
  GBL_I = Distance Between Nuclear Attractors                                  
  GBL_II = Distance Between Nuclei                                             
  GBL_III = Sum of Distances Between BCP and Nuclear Attractors                
  GBL_IV = Sum of Distances Between BCP and Nuclei                             

CP# 1      Coords =  1.89686921590412E-06  4.07688213035724E-06  2.64463439315256E-06
           Type = (3,-3) NACP C1
           Rho =  1.2077250567E+02     Rho at Nucleus =  1.2077250230E+02
           GradRho = -8.4774699603E-16  4.7469562525E-16 -1.0928796015E-15
           HessRho_EigVals = -2.4776036560E+05 -2.4775641330E+05 -2.4775587173E+05
           HessRho_EigVec1 =  2.9810689690E-01  8.5929550849E-01  4.1562423787E-01
           HessRho_EigVec2 =  5.0081592369E-01 -5.1147945124E-01  6.9826369054E-01
           HessRho_EigVec3 =  8.1259811014E-01 -5.9854063139E-06 -5.8282442585E-01
           DelSqRho = -7.4327265063E+05
           Bond Ellipticity = NA
           V = -1.8583290815E+05
           G =  7.3727476181E+00
           K =  1.8582553540E+05
           L =  1.8581816266E+05
           Vnuc =  1.1501762782E+06
           Ven = -1.3890967107E+08
           Vrep =  1.3872383817E+08
           DelSqV =  1.1179325013E+10
           DelSqVen =  8.5489457075E+11
           DelSqVrep = -8.4371524574E+11
           DelSqG =  3.8122837995E+08
           DelSqK = -1.1560553393E+10
           Stress_EigVals = -6.1944719051E+04 -6.1944628791E+04 -6.1943560310E+04
           Stress_EigVec1 =  8.1259817347E-01 -8.8124932805E-06 -5.8282433751E-01
           Stress_EigVec2 =  4.9550197833E-01 -5.2649170975E-01  6.9085763297E-01
           Stress_EigVec3 =  3.0685827012E-01  8.5018026294E-01  4.2782183508E-01
           -DivStress = -6.9558081351E+03 -1.4925488818E+04 -9.6978568980E+03
           ESP =  -1.4687325297E+01     ESP at Nucleus =  -1.4687325390E+01
           ESPe = -2.1937427147E+01     ESPe at Nucleus = -2.1937422369E+01
           ESPn =  7.2501018502E+00     ESPn at Nucleus =  7.2500969793E+00

CP# 2      Coords = -2.03245855961066E+00 -9.92012412647830E-06  1.82108121974785E-04
           Type = (3,-3) NACP H2
           Rho =  4.4881154743E-01     Rho at Nucleus =  4.4477208825E-01
           GradRho =  4.5798809190E-11 -1.0027569053E-14  2.7780902578E-13
           HessRho_EigVals = -9.0464313665E+00 -9.0362228929E+00 -8.2241905321E+00
           HessRho_EigVec1 = -3.2173804295E-03  9.1524793523E-01  4.0287822667E-01
           HessRho_EigVec2 = -5.9965305466E-03 -4.0289072646E-01  9.1522844370E-01
           HessRho_EigVec3 =  9.9997684477E-01  5.2876649048E-04  6.7845649399E-03
           DelSqRho = -2.6306844791E+01
           Bond Ellipticity = NA
           V = -6.5905426371E+00
           G =  6.9157195955E-03
           K =  6.5836269175E+00
           L =  6.5767111979E+00
           Vnuc =  4.0196844655E+01
           Ven = -1.8040808051E+01
           Vrep =  1.1450265414E+01
           DelSqV =  1.6919075633E+03
           DelSqVen =  1.0574521535E+03
           DelSqVrep =  6.3445540979E+02
           DelSqG =  1.2902585648E+02
           DelSqK = -1.8209334198E+03
           Stress_EigVals = -2.2657973118E+00 -2.2651986768E+00 -2.0595466484E+00
           Stress_EigVec1 =  3.2331714031E-03  7.2315730149E-01 -6.9067580232E-01
           Stress_EigVec2 = -6.3862162863E-03  6.9068025947E-01  7.2313207329E-01
           Stress_EigVec3 =  9.9997438109E-01  2.0727951173E-03  6.8513265999E-03
           -DivStress = -1.6882151208E+01  6.2867827449E-03 -9.6551256089E-02
           ESP =  -1.1147132445E+00     ESP at Nucleus =  -1.1158463581E+00
           ESPe = -8.8318213417E+00     ESPe at Nucleus = -8.7613438460E+00
           ESPn =  7.7171080972E+00     ESPn at Nucleus =  7.6454974878E+00

CP# 3      Coords =  6.51789098074236E-01 -9.96134928870638E-06 -1.92511278591442E+00
           Type = (3,-3) NACP H3
           Rho =  4.4881196194E-01     Rho at Nucleus =  4.4477247527E-01
           GradRho = -3.3563429813E-14 -5.3776427755E-17  1.0176581799E-13
           HessRho_EigVals = -9.0464426900E+00 -9.0362335755E+00 -8.2241974374E+00
           HessRho_EigVec1 =  3.8268980770E-01  9.1522608263E-01  1.2613377324E-01
           HessRho_EigVec2 =  8.6881892947E-01 -4.0294036811E-01  2.8773725436E-01
           HessRho_EigVec3 = -3.1416902916E-01  5.2670470477E-04  9.4936691732E-01
           DelSqRho = -2.6306873703E+01
           Bond Ellipticity = NA
           V = -6.5905498243E+00
           G =  6.9156993007E-03
           K =  6.5836341250E+00
           L =  6.5767184257E+00
           Vnuc =  4.0196749974E+01
           Ven = -1.8040782220E+01
           Vrep =  1.1450232395E+01
           DelSqV =  1.6919090325E+03
           DelSqVen =  1.0574508248E+03
           DelSqVrep =  6.3445820764E+02
           DelSqG =  1.2902601830E+02
           DelSqK = -1.8209350508E+03
           Stress_EigVals = -2.2657998960E+00 -2.2652015616E+00 -2.0595483667E+00
           Stress_EigVec1 = -6.5528167571E-01  7.2313009080E-01 -2.1837764826E-01
           Stress_EigVec2 =  6.8698177508E-01  6.9070875471E-01  2.2578187898E-01
           Stress_EigVec3 = -3.1410502413E-01  2.0707364324E-03  9.4938598361E-01
           -DivStress =  5.3210199583E+00  6.3092907856E-03 -1.6022022903E+01
           ESP =  -1.1147136263E+00     ESP at Nucleus =  -1.1158467303E+00
           ESPe = -8.8318208388E+00     ESPe at Nucleus = -8.7613431117E+00
           ESPn =  7.7171072125E+00     ESPn at Nucleus =  7.6454963814E+00

CP# 4      Coords =  1.04295464637603E+00 -2.21757641611261E+00  1.45408824926655E+00
           Type = (3,-3) NACP C4
           Rho =  1.2076994660E+02     Rho at Nucleus =  1.2076994656E+02
           GradRho = -1.0034747834E-10  5.5305363528E-11 -1.6143077104E-10
           HessRho_EigVals = -2.4779748490E+05 -2.4779689260E+05 -2.4779677943E+05
           HessRho_EigVec1 = -3.6839102789E-01  7.7490003535E-01 -5.1363215027E-01
           HessRho_EigVec2 =  4.5161425057E-01  6.3208380387E-01  6.2969407935E-01
           HessRho_EigVec3 =  8.1260852768E-01  1.0050535442E-05 -5.8280990095E-01
           DelSqRho = -7.4339115694E+05
           Bond Ellipticity = NA
           V = -1.8586337883E+05
           G =  7.7947977582E+00
           K =  1.8585558403E+05
           L =  1.8584778923E+05
           Vnuc =  1.0375598515E+07
           Ven = -1.2530604786E+09
           Vrep =  1.2528746153E+09
           DelSqV =  1.1181251156E+10
           DelSqVen =  7.7131310694E+12
           DelSqVrep = -7.7019503426E+12
           DelSqG =  3.8136038026E+08
           DelSqK = -1.1562611536E+10
           Stress_EigVals = -6.1954513142E+04 -6.1954479261E+04 -6.1954386427E+04
           Stress_EigVec1 =  8.1256773674E-01 -5.7398639564E-05 -5.8286676858E-01
           Stress_EigVec2 =  4.4457428101E-01  6.4676936558E-01  6.1971210769E-01
           Stress_EigVec3 = -3.7694479949E-01  7.6268563934E-01 -5.2556943754E-01
           -DivStress =  1.1751593875E+03 -6.8569102767E+02  1.6386970523E+03
           ESP =  -1.4763589709E+01     ESP at Nucleus =  -1.4763589708E+01
           ESPe = -2.0822883222E+01     ESPe at Nucleus = -2.0822882816E+01
           ESPn =  6.0592935136E+00     ESPn at Nucleus =  6.0592931071E+00

CP# 5      Coords =  4.28756128873371E-01 -3.95371262463524E+00  5.97772964777553E-01
           Type = (3,-3) NACP H5
           Rho =  4.3626051248E-01     Rho at Nucleus =  4.3248788340E-01
           GradRho =  2.2771542149E-15  8.5008700817E-15  2.9980722880E-15
           HessRho_EigVals = -8.8019973841E+00 -8.8012786147E+00 -8.0432498472E+00
           HessRho_EigVec1 =  8.1570013251E-01 -3.1815733110E-03 -5.7846622323E-01
           HessRho_EigVec2 =  4.9672704113E-01 -5.0864581215E-01  7.0323657782E-01
           HessRho_EigVec3 =  2.9647182065E-01  8.6096998517E-01  4.1332208287E-01
           DelSqRho = -2.5646525846E+01
           Bond Ellipticity = NA
           V = -6.4281929669E+00
           G =  8.2807526779E-03
           K =  6.4199122142E+00
           L =  6.4116314615E+00
           Vnuc =  4.0128278728E+01
           Ven = -1.7506383443E+01
           Vrep =  1.1078190476E+01
           DelSqV =  1.6530631736E+03
           DelSqVen =  1.0291509376E+03
           DelSqVrep =  6.2391223606E+02
           DelSqG =  1.2619218950E+02
           DelSqK = -1.7792553631E+03
           Stress_EigVals = -2.2076117087E+00 -2.2069504808E+00 -2.0136307774E+00
           Stress_EigVec1 =  8.1332515810E-01 -7.5940095790E-04 -5.8180891236E-01
           Stress_EigVec2 =  5.0045103176E-01 -5.0910535086E-01  7.0025745732E-01
           Stress_EigVec3 =  2.9673380665E-01  8.6070387767E-01  4.1368814699E-01
           -DivStress = -4.7502177988E+00 -1.3904960382E+01 -6.6224664387E+00
           ESP =  -1.1068044510E+00     ESP at Nucleus =  -1.1078750877E+00
           ESPe = -8.0252502277E+00     ESPe at Nucleus = -7.9626559540E+00
           ESPn =  6.9184457768E+00     ESPn at Nucleus =  6.8547808663E+00

CP# 6      Coords =  3.07077574913955E+00 -2.18427431837085E+00  1.45392831323925E+00
           Type = (3,-3) NACP H6
           Rho =  4.3853148632E-01     Rho at Nucleus =  4.3469677810E-01
           GradRho = -6.1121073480E-13 -8.3960616237E-15 -3.9048625444E-15
           HessRho_EigVals = -8.8567490862E+00 -8.8556326771E+00 -8.0849497338E+00
           HessRho_EigVec1 = -5.5145796064E-03  8.1014296219E-01 -5.8620642288E-01
           HessRho_EigVec2 = -1.2414677089E-02  5.8611469295E-01  8.1013297828E-01
           HessRho_EigVec3 =  9.9990772835E-01  1.1745106248E-02  6.8254871389E-03
           DelSqRho = -2.5797331497E+01
           Bond Ellipticity = NA
           V = -6.4658152785E+00
           G =  8.2412020972E-03
           K =  6.4575740764E+00
           L =  6.4493328743E+00
           Vnuc =  4.0265487058E+01
           Ven = -1.7657683887E+01
           Vrep =  1.1191868608E+01
           DelSqV =  1.6624208151E+03
           DelSqVen =  1.0387421175E+03
           DelSqVrep =  6.2367869757E+02
           DelSqG =  1.2701675735E+02
           DelSqK = -1.7894375724E+03
           Stress_EigVals = -2.2208650100E+00 -2.2207526102E+00 -2.0241976583E+00
           Stress_EigVec1 = -5.4002571606E-03 -7.9627861607E-02  9.9681003249E-01
           Stress_EigVec2 = -1.3203980648E-02  9.9674334364E-01  7.9551001244E-02
           Stress_EigVec3 =  9.9989824088E-01  1.2732264515E-02  6.4340751225E-03
           -DivStress =  1.6298507882E+01  2.0685388704E-01  1.3292209730E-01
           ESP =  -1.1153240624E+00     ESP at Nucleus =  -1.1164120113E+00
           ESPe = -8.3490189372E+00     ESPe at Nucleus = -8.2874057498E+00
           ESPn =  7.2336948748E+00     ESPn at Nucleus =  7.1709937385E+00

CP# 7      Coords =  3.92671125506271E-01 -2.18427432716574E+00  3.37481675180664E+00
           Type = (3,-3) NACP H7
           Rho =  4.3853086570E-01     Rho at Nucleus =  4.3469614945E-01
           GradRho =  2.0126261768E-14 -4.8658993501E-16 -6.1873249579E-14
           HessRho_EigVals = -8.8567358781E+00 -8.8556201352E+00 -8.0849357168E+00
           HessRho_EigVec1 = -5.5344366880E-01  8.1018178418E-01 -1.9314653000E-01
           HessRho_EigVec2 =  7.7138587199E-01  5.8606102939E-01  2.4798448807E-01
           HessRho_EigVec3 = -3.1410816919E-01  1.1745059584E-02  9.4931454831E-01
           DelSqRho = -2.5797291730E+01
           Bond Ellipticity = NA
           V = -6.4658052271E+00
           G =  8.2411473004E-03
           K =  6.4575640798E+00
           L =  6.4493229325E+00
           Vnuc =  4.0265422334E+01
           Ven = -1.7657630514E+01
           Vrep =  1.1191825287E+01
           DelSqV =  1.6624179257E+03
           DelSqVen =  1.0387388466E+03
           DelSqVrep =  6.2367907913E+02
           DelSqG =  1.2701654060E+02
           DelSqK = -1.7894344663E+03
           Stress_EigVals = -2.2208617328E+00 -2.2207493618E+00 -2.0241941325E+00
           Stress_EigVec1 =  9.4595400122E-01 -7.9243991428E-02  3.1447005804E-01
           Stress_EigVec2 =  7.9220829325E-02  9.9677393197E-01  1.2875898157E-02
           Stress_EigVec3 = -3.1447589380E-01  1.2732571414E-02  9.4918006397E-01
           -DivStress = -5.0994460021E+00  2.0685926195E-01  1.5480786133E+01
           ESP =  -1.1153238659E+00     ESP at Nucleus =  -1.1164117727E+00
           ESPe = -8.3490153389E+00     ESPe at Nucleus = -8.2874020742E+00
           ESPn =  7.2336914730E+00     ESPn at Nucleus =  7.1709903015E+00

CP# 8      Coords =  7.87027782331583E-01  2.24484471909813E+00  1.09727653858253E+00
           Type = (3,-3) NACP F8
           Rho =  4.2959971695E+02     Rho at Nucleus =  4.2959968976E+02
           GradRho =  5.5629811613E-11  3.2796618845E-10 -1.8031059678E-10
           HessRho_EigVals = -2.0347359937E+06 -2.0346742737E+06 -2.0346741198E+06
           HessRho_EigVec1 =  3.0605912618E-01  8.5102630852E-01  4.2671071405E-01
           HessRho_EigVec2 =  4.9593423651E-01 -5.2512305228E-01  6.9158876004E-01
           HessRho_EigVec3 =  8.1263586208E-01 -4.6599389489E-05 -5.8277178509E-01
           DelSqRho = -6.1040843872E+06
           Bond Ellipticity = NA
           V = -1.5263361215E+06
           G =  1.5751236765E+02
           K =  1.5261786092E+06
           L =  1.5260210968E+06
           Vnuc =  1.7408176856E+06
           Ven = -7.4785478497E+08
           Vrep =  7.4632844885E+08
           DelSqV =  2.1705578314E+11
           DelSqVen =  1.0626098067E+13
           DelSqVrep = -1.0409042286E+13
           DelSqG =  7.2291433665E+09
           DelSqK = -2.2428492651E+11
           Stress_EigVals = -5.0878401377E+05 -5.0878397621E+05 -5.0876813156E+05
           Stress_EigVec1 =  8.1262784505E-01 -3.7932562359E-05 -5.8278296476E-01
           Stress_EigVec2 =  4.9588921551E-01 -5.2528494212E-01  6.9149809510E-01
           Stress_EigVec3 =  3.0615334621E-01  8.5092639408E-01  4.2684236020E-01
           -DivStress =  1.1201839536E+05  3.1345625571E+05  1.5617835384E+05
           ESP =  -2.6606905308E+01     ESP at Nucleus =  -2.6606905501E+01
           ESPe = -3.1322072357E+01     ESPe at Nucleus = -3.1322065824E+01
           ESPn =  4.7151670485E+00     ESPn at Nucleus =  4.7151603227E+00

CP# 9      Coords = -1.31962620734143E+00  2.02611360947866E-03  5.32515844129124E-03
           Type = (3,-1) BCP C1 H2
           Rho =  2.9622199995E-01
           GradRho =  1.3183898417E-16 -9.5409791179E-18  6.9388939039E-18
           HessRho_EigVals = -8.4989703822E-01 -8.0949960781E-01  4.6372098901E-01
           HessRho_EigVec1 = -9.0110770037E-03  8.9744391247E-01  4.4103653415E-01
           HessRho_EigVec2 = -4.9080691505E-03 -4.4108882291E-01  8.9745003268E-01
           HessRho_EigVec3 =  9.9994735429E-01  5.9223535440E-03  8.3794021298E-03
           DelSqRho = -1.1956756570E+00
           Bond Ellipticity =  4.9904200106E-02
           V = -3.7340044453E-01
           G =  3.7240765138E-02
           K =  3.3615967939E-01
           L =  2.9891891426E-01
           Vnuc =  1.1347304242E+01
           Ven = -3.3613211565E+00
           Vrep =  2.9879207120E+00
           DelSqV = -1.6797324319E+00
           DelSqVen =  1.3567695455E+01
           DelSqVrep = -1.5247427887E+01
           DelSqG =  1.8103488213E+00
           DelSqK = -1.3061638940E-01
           Stress_EigVals = -2.4372947425E-01 -2.3658430587E-01  1.0691333558E-01
           Stress_EigVec1 = -5.5096736197E-03 -4.3432864782E-01  9.0073762505E-01
           Stress_EigVec2 = -1.0332904423E-02  9.0072793560E-01  4.3426077086E-01
           Stress_EigVec3 =  9.9993143494E-01  6.9146006765E-03  9.4505933514E-03
           -DivStress =  1.1747958854E-01 -1.2516077349E-03 -3.3371040001E-03
           ESP =   8.2970435883E-01
           ESPe = -1.0517599883E+01
           ESPn =  1.1347304242E+01
           BPL =  2.0328205423E+00 =  1.3199658777E+00 +  7.1285466452E-01                
           GBL_I =  2.0324604644E+00                                                      
           GBL_II =  2.0632464465E+00                                                     
           GBL_III =  2.0324942002E+00 =  1.3196403871E+00 +  7.1285381309E-01            
           GBL_IV =  2.0632805733E+00 =  1.3196385071E+00 +  7.4364206614E-01             

CP# 10     Coords =  4.28121850844455E-01  2.02498924433971E-03 -1.24825705883882E+00
           Type = (3,-1) BCP C1 H3
           Rho =  2.9622203840E-01
           GradRho = -6.9388939039E-17  2.2551405188E-17  8.8470897275E-17
           HessRho_EigVals = -8.4989522216E-01 -8.0949794175E-01  4.6371478205E-01
           HessRho_EigVec1 =  4.2065984549E-01  8.9743566693E-01  1.3287030564E-01
           HessRho_EigVec2 =  8.5164165191E-01 -4.4110561648E-01  2.8307654768E-01
           HessRho_EigVec3 = -3.1265282843E-01  5.9210502250E-03  9.4984901434E-01
           DelSqRho = -1.1956783819E+00
           Bond Ellipticity =  4.9904117513E-02
           V = -3.7340186383E-01
           G =  3.7241134181E-02
           K =  3.3616072965E-01
           L =  2.9891959547E-01
           Vnuc =  1.1347310755E+01
           Ven = -3.3613235222E+00
           Vrep =  2.9879216584E+00
           DelSqV = -1.6796552095E+00
           DelSqVen =  1.3567734162E+01
           DelSqVrep = -1.5247389371E+01
           DelSqG =  1.8103491910E+00
           DelSqK = -1.3069398148E-01
           Stress_EigVals = -2.4372942609E-01 -2.3658419277E-01  1.0691175503E-01
           Stress_EigVec1 =  8.5495958955E-01 -4.3432201896E-01  2.8356389772E-01
           Stress_EigVec2 =  4.1464338987E-01  9.0073114129E-01  1.2943828784E-01
           Stress_EigVec3 = -3.1163273173E-01  6.9133903532E-03  9.5017748108E-01
           -DivStress = -4.0826316259E-02 -1.2522094688E-03  1.1021266537E-01
           ESP =   8.2970389705E-01
           ESPe = -1.0517606858E+01
           ESPn =  1.1347310755E+01
           BPL =  2.0328205916E+00 =  1.3199629148E+00 +  7.1285767683E-01                
           GBL_I =  2.0324605720E+00                                                      
           GBL_II =  2.0632466424E+00                                                     
           GBL_III =  2.0324943010E+00 =  1.3196374754E+00 +  7.1285682558E-01            
           GBL_IV =  2.0632807631E+00 =  1.3196355954E+00 +  7.4364516770E-01             

CP# 11     Coords =  5.37769987574556E-01 -1.12759251533733E+00  7.49765574838276E-01
           Type = (3,-1) BCP C1 C4
           Rho =  2.6150238488E-01
           GradRho = -3.8836394457E-17  5.3458116183E-18 -5.8428173883E-17
           HessRho_EigVals = -5.3957364561E-01 -5.1688868830E-01  3.5063026329E-01
           HessRho_EigVec1 =  4.5572761884E-01  6.2367013753E-01  6.3509676190E-01
           HessRho_EigVec2 = -8.1251761003E-01  1.0509619730E-04  5.8293663664E-01
           HessRho_EigVec3 = -3.6349342609E-01  7.8168762847E-01 -5.0679086484E-01
           DelSqRho = -7.0583207061E-01
           Bond Ellipticity =  4.3887509678E-02
           V = -2.9705835311E-01
           G =  6.0300167730E-02
           K =  2.3675818538E-01
           L =  1.7645801765E-01
           Vnuc =  1.2805010133E+01
           Ven = -3.3485406882E+00
           Vrep =  3.0514823351E+00
           DelSqV = -1.3939974181E+00
           DelSqVen =  9.0381868165E+00
           DelSqVrep = -1.0432184235E+01
           DelSqG =  1.2168943499E+00
           DelSqK =  1.7710306821E-01
           Stress_EigVals = -1.8731693122E-01 -1.8442995549E-01  7.4688533598E-02
           Stress_EigVec1 =  8.1265639322E-01  8.6616859687E-05 -5.8274315016E-01
           Stress_EigVec2 =  4.5682249462E-01  6.2077044583E-01  6.3714775523E-01
           Stress_EigVec3 = -3.6180491287E-01  7.8399237629E-01 -5.0443350299E-01
           -DivStress =  1.5846898950E-02 -4.0561495009E-02  2.2095005763E-02
           ESP =   6.6927247994E-01
           ESPe = -1.2135737653E+01
           ESPn =  1.2805010133E+01
           BPL =  2.8499730664E+00 =  1.4573586201E+00 +  1.3926144463E+00                
           GBL_I =  2.8495225260E+00                                                      
           GBL_II =  2.8495218843E+00                                                     
           GBL_III =  2.8495920106E+00 =  1.4569876615E+00 +  1.3926043491E+00            
           GBL_IV =  2.8495914014E+00 =  1.4569865673E+00 +  1.3926048341E+00             

CP# 12     Coords =  6.48039411598620E-01 -3.32235659339511E+00  9.03492286575096E-01
           Type = (3,-1) BCP C4 H5
           Rho =  2.8286079553E-01
           GradRho = -4.3997290104E-17 -2.3915395844E-17 -5.7445261631E-17
           HessRho_EigVals = -7.4946179220E-01 -7.4695612896E-01  4.1132267258E-01
           HessRho_EigVec1 =  5.0146393308E-01 -5.1406318439E-01  6.9589723830E-01
           HessRho_EigVec2 = -8.1164317139E-01 -9.7167379363E-04  5.8415273533E-01
           HessRho_EigVec3 =  2.9961523018E-01  8.5775176963E-01  4.1772313263E-01
           DelSqRho = -1.0850952486E+00
           Bond Ellipticity =  3.3544985340E-03
           V = -3.6579624891E-01
           G =  4.7261218383E-02
           K =  3.1853503053E-01
           L =  2.7127381214E-01
           Vnuc =  1.0445426409E+01
           Ven = -2.9546016236E+00
           Vrep =  2.5888053747E+00
           DelSqV = -1.3254625856E+00
           DelSqVen =  1.1334282566E+01
           DelSqVrep = -1.2659745151E+01
           DelSqG =  1.7132747936E+00
           DelSqK = -3.8781220806E-01
           Stress_EigVals = -2.3165818394E-01 -2.2948201374E-01  9.5343948769E-02
           Stress_EigVec1 =  8.1273467385E-01 -1.4940904213E-04 -5.8263395679E-01
           Stress_EigVec2 =  4.9920041797E-01 -5.1547134830E-01  6.9648275771E-01
           Stress_EigVec3 =  3.0043517210E-01  8.5690680167E-01  4.1886685308E-01
           -DivStress =  4.8747548524E-02  1.3344163480E-01  6.7958625509E-02
           ESP =   8.3044868989E-01
           ESPe = -9.6149777189E+00
           ESPn =  1.0445426409E+01
           BPL =  2.0310125755E+00 =  1.2960555639E+00 +  7.3495701154E-01                
           GBL_I =  2.0309319585E+00                                                      
           GBL_II =  2.0610401178E+00                                                     
           GBL_III =  2.0309700635E+00 =  1.2960143506E+00 +  7.3495571294E-01            
           GBL_IV =  2.0610809878E+00 =  1.2960144808E+00 +  7.6506650693E-01             

CP# 13     Coords =  2.34202907133150E+00 -2.19288507202642E+00  1.45006248366846E+00
           Type = (3,-1) BCP H6 C4
           Rho =  2.8564910636E-01
           GradRho =  2.5500435097E-16  7.3725747729E-18  1.0581813203E-16
           HessRho_EigVals = -7.6496779718E-01 -7.6145909121E-01  4.2226983490E-01
           HessRho_EigVec1 = -5.0384727351E-03  7.2053260104E-01 -6.9340275788E-01
           HessRho_EigVec2 = -1.1051643613E-02  6.9332908815E-01  7.2053635349E-01
           HessRho_EigVec3 =  9.9992623476E-01  1.1293642932E-02  4.4697498114E-03
           DelSqRho = -1.1041570535E+00
           Bond Ellipticity =  4.6078719297E-03
           V = -3.6836970918E-01
           G =  4.6165222902E-02
           K =  3.2220448628E-01
           L =  2.7603926337E-01
           Vnuc =  1.0694311846E+01
           Ven = -3.0548206219E+00
           Vrep =  2.6864509128E+00
           DelSqV = -1.4288800443E+00
           DelSqVen =  1.1808199857E+01
           DelSqVrep = -1.3237079901E+01
           DelSqG =  1.7389714448E+00
           DelSqK = -3.1009140055E-01
           Stress_EigVals = -2.3389407913E-01 -2.3253646935E-01  9.8060839298E-02
           Stress_EigVec1 = -8.6674186576E-03  4.1533576282E-01  9.0962689053E-01
           Stress_EigVec2 = -9.5844201765E-03  9.0958476915E-01 -4.1540785575E-01
           Stress_EigVec3 =  9.9991650389E-01  1.2318760122E-02  3.9029995335E-03
           -DivStress = -1.4857964952E-01 -4.3793809178E-03  2.3384858253E-03
           ESP =   8.2460197673E-01
           ESPe = -9.8697098691E+00
           ESPn =  1.0694311846E+01
           BPL =  2.0281910135E+00 =  7.2880800559E-01 +  1.2993830079E+00                
           GBL_I =  2.0280945442E+00                                                      
           GBL_II =  2.0583668478E+00                                                     
           GBL_III =  2.0281230936E+00 =  7.2880780054E-01 +  1.2993152931E+00            
           GBL_IV =  2.0583965174E+00 =  7.5908153899E-01 +  1.2993149784E+00             

CP# 14     Coords =  6.22649794437386E-01 -2.19288605410936E+00  2.68329694747656E+00
           Type = (3,-1) BCP H7 C4
           Rho =  2.8564850032E-01
           GradRho =  1.9081958236E-17  1.1579279202E-16  1.7260498586E-16
           HessRho_EigVals = -7.6496392021E-01 -7.6145612525E-01  4.2226605944E-01
           HessRho_EigVec1 = -6.5532583668E-01  7.2038918706E-01 -2.2712874531E-01
           HessRho_EigVec2 =  6.8590942925E-01  6.9347805879E-01  2.2049135323E-01
           HessRho_EigVec3 = -3.1634838810E-01  1.1296067522E-02  9.4857582523E-01
           DelSqRho = -1.1041539860E+00
           Bond Ellipticity =  4.6066934676E-03
           V = -3.6836933167E-01
           G =  4.6165417582E-02
           K =  3.2220391409E-01
           L =  2.7603849651E-01
           Vnuc =  1.0694309049E+01
           Ven = -3.0548133419E+00
           Vrep =  2.6864440102E+00
           DelSqV = -1.4288329173E+00
           DelSqVen =  1.1808163965E+01
           DelSqVrep = -1.3236996882E+01
           DelSqG =  1.7389675838E+00
           DelSqK = -3.1013466653E-01
           Stress_EigVals = -2.3389339553E-01 -2.3253584030E-01  9.8059904158E-02
           Stress_EigVec1 =  8.6438526257E-01  4.1534480276E-01  2.8341985229E-01
           Stress_EigVec2 = -3.9041492452E-01  9.0958062068E-01 -1.4226482771E-01
           Stress_EigVec3 = -3.1688216197E-01  1.2320280216E-02  9.4838489345E-01
           -DivStress =  4.9849684636E-02 -4.3792629534E-03 -1.3998708566E-01
           ESP =   8.2459945895E-01
           ESPe = -9.8697095903E+00
           ESPn =  1.0694309049E+01
           BPL =  2.0281930090E+00 =  7.2881018731E-01 +  1.2993828217E+00                
           GBL_I =  2.0280965626E+00                                                      
           GBL_II =  2.0583689216E+00                                                     
           GBL_III =  2.0281251117E+00 =  7.2880998195E-01 +  1.2993151297E+00            
           GBL_IV =  2.0583985914E+00 =  7.5908377645E-01 +  1.2993148150E+00             

CP# 15     Coords =  2.59651681563666E-01  7.42287249857604E-01  3.61999400822709E-01
           Type = (3,-1) BCP F8 C1
           Rho =  2.4135804587E-01
           GradRho = -2.4651477267E-15 -6.9709328165E-15 -3.4769899127E-15
           HessRho_EigVals = -4.4222297555E-01 -4.2893921729E-01  8.6361808302E-01
           HessRho_EigVec1 =  4.9837969000E-01 -5.1883466516E-01  6.9457056864E-01
           HessRho_EigVec2 = -8.1251179806E-01 -8.3105016502E-05  5.8294474104E-01
           HessRho_EigVec3 =  3.0239421723E-01  8.5487460093E-01  4.2160070454E-01
           DelSqRho = -7.5441098176E-03
           Bond Ellipticity =  3.0968859275E-02
           V = -6.8291697985E-01
           G =  3.4051547620E-01
           K =  3.4240150365E-01
           L =  1.8860274544E-03
           Vnuc =  1.5403997308E+01
           Ven = -3.7178786889E+00
           Vrep =  3.0349617091E+00
           DelSqV = -9.6071994631E+00
           DelSqVen =  1.1620944732E-01
           DelSqVrep = -9.7234089104E+00
           DelSqG =  1.3763197635E+01
           DelSqK = -4.1559981724E+00
           Stress_EigVals = -3.2063590715E-01 -3.1631477645E-01 -4.5966296242E-02
           Stress_EigVec1 =  8.1259042204E-01  4.2843906378E-07 -5.8283514479E-01
           Stress_EigVec2 =  5.0020176964E-01 -5.1327968728E-01  6.9738235730E-01
           Stress_EigVec3 =  2.9915714207E-01  8.5822139488E-01  4.1708637202E-01
           -DivStress = -2.9413596372E-01 -8.3949560166E-01 -4.1007825972E-01
           ESP =   1.8357064182E+00
           ESPe = -1.3568290890E+01
           ESPn =  1.5403997308E+01
           BPL =  2.6196946013E+00 =  1.7539885733E+00 +  8.6570602799E-01                
           GBL_I =  2.6196811355E+00                                                      
           GBL_II =  2.6196914765E+00                                                     
           GBL_III =  2.6196817920E+00 =  1.7539774712E+00 +  8.6570432081E-01            
           GBL_IV =  2.6196921323E+00 =  1.7539826410E+00 +  8.6570949125E-01             

Number of NACPs  =      8
Number of NNACPs =      0
Number of BCPs   =      7
Number of RCPs   =      0
Number of CCPs   =      0
NumNACP + NumNNACP - NumBCP + NumRCP - NumCCP =      1
Poincare-Hopf Relationship is Satisfied

Bond Path Angles and Corresponding Geometric Bond Angles:
--------------------------------------------------------
  BPA     = A-B-C Bond Path Angle
  GBA_I   = A-B-C Geometric Bond Angle in Terms of Nuclear Attractors
  GBA_II  = A-B-C Geometric Bond Angle in Terms of Nuclei
  GBA_III = A-B-C Geometric Bond Angle in Terms of A|B and C|B BCPs and Nuclear Attractor B
  GBA_IV  = A-B-C Geometric Bond Angle in Terms of A|B and C|B BCPs and Nucleus B
-------------------------------------------------------------------------------------------------
Atom A    Atom B    Atom C        BPA          GBA_I         GBA_II       GBA_III       GBA_IV
-------------------------------------------------------------------------------------------------
H3        C1        H2        111.78396288  108.70964064  108.69951964  109.16151113  109.16174068
C4        C1        H2        113.01422336  111.46662750  111.46978462  111.60481771  111.60499769
C4        C1        H3        113.01424518  111.46662656  111.46978615  111.60503035  111.60521033
H5        C4        C1        109.67123173  109.84153321  109.85432421  109.98649637  109.98645850
H6        C4        C1        109.47047101  110.67956849  110.68617387  110.25838879  110.25837755
H6        C4        H5        109.14547322  108.44443926  108.43791373  108.63520966  108.63522101
H7        C4        C1        109.46971711  110.67954342  110.68615002  110.25812254  110.25811130
H7        C4        H5        109.14553028  108.44439422  108.43785475  108.63534714  108.63535850
