 AIMInt (Version 19.10.12, Professional)
 Portions Copyright (c) 1997-2019 by Todd A. Keith
 AIMInt is a component of the AIMAll package ( http://aim.tkgristmill.com )

 TP:  64-bit Mac OS X

 AIMInt is a heavily modified and extended version of the PROAIMV program
 developed by members of R.F.W. Bader's research group

 Much of the Quantum Theory of Atoms in Molecules (QTAIM) is described in the book:
   "Atoms in Molecules - A Quantum Theory"
   R.F.W. Bader, Oxford University Press, Oxford, 1990

 For additional references see:  http://aim.tkgristmill.com/references.html

 Current Directory:  /Users/chemlab/Documents/SubstituentCoding/BCP Map Reference/BCPMapReference

 Inp File:  SubH_POCH3H_wb97xd_aug-cc-pvtz_reor_atomicfiles/p1.inp
 Wfx File:  SubH_POCH3H_wb97xd_aug-cc-pvtz_reor.wfx
 Out File:  SubH_POCH3H_wb97xd_aug-cc-pvtz_reor_atomicfiles/p1.int

 Wfx Title:   Title Card Required                                                           
 Job Title:   Title Card Required                                                           
 
<Atom>
P1      
</Atom>
<Nuclei of Molecule>
     8
P1        15.0           0.0000000000E+00   0.0000000000E+00   0.0000000000E+00
H2         1.0          -2.6772959431E+00   0.0000000000E+00   0.0000000000E+00
H3         1.0           5.0254053748E-01   2.6297088599E+00   0.0000000000E+00
O4         8.0           1.2082625382E+00  -1.4610209662E+00  -2.0654857720E+00
C5         6.0           7.7645822897E-01  -9.3890154328E-01   3.1926091395E+00
H6         1.0          -2.1363542811E-01   2.6027689242E-01   4.5440543364E+00
H7         1.0           2.2503614582E-01  -2.9006936964E+00   3.4718993224E+00
H8         1.0           2.8071994964E+00  -7.6777380359E-01   3.4710319381E+00
</Nuclei of Molecule>
<Total Number of CPs of DelSqRho>
    43
</Total Number of CPs of DelSqRho>
<Number of (3,+3) CPs of DelSqRho>
     5
</Number of (3,+3) CPs of DelSqRho>
<Number of (3,+1) CPs of DelSqRho>
    17
</Number of (3,+1) CPs of DelSqRho>
<Number of (3,-1) CPs of DelSqRho>
    17
</Number of (3,-1) CPs of DelSqRho>
<Number of (3,-3) CPs of DelSqRho>
     4
</Number of (3,-3) CPs of DelSqRho>
<Number of Degenerate CPs of DelSqRho>
     0
</Number of Degenerate CPs of DelSqRho>
<CP of DelSqRho>
CP# = 1       
Type = (3,+3)
Coords = -4.86434820230990E-10  5.88213722956438E-10  5.36419528871817E-10
DistFromNuc =  9.3293093483E-10
Rho =  2.1497228062E+03
DelSqRho = -2.0617632453E+08
GradDelSqRho = -3.1839590520E-08  3.8649886847E-08  3.4458935261E-08
HessDelSqRho_EigVals =  1.5665868436E+14  1.5665868451E+14  1.5665868453E+14
HessDelSqRho_EigVec1 = -4.1194686568E-01  4.9804562751E-01  7.6305329615E-01
HessDelSqRho_EigVec2 = -4.8750507361E-01  5.8701796864E-01 -6.4633482631E-01
HessDelSqRho_EigVec3 =  7.6983023002E-01  6.3824795919E-01 -9.7955802353E-04
</CP of DelSqRho>
<CP of DelSqRho>
CP# = 2       
Type = (3,+3)
Coords = -1.26211409436536E-01  1.52602019359635E-01  2.27896457175145E-01
DistFromNuc =  3.0191636487E-01
Rho =  1.3035144521E+01
DelSqRho = -2.3011927866E+02
GradDelSqRho = -1.8189894035E-12  4.5474735089E-13  3.6379788071E-12
HessDelSqRho_EigVals =  1.1238365362E+02  1.1242119739E+02  1.0689449971E+05
HessDelSqRho_EigVec1 = -5.7995264080E-01  4.9117000473E-01 -6.4992842751E-01
HessDelSqRho_EigVec2 =  6.9924787109E-01  7.0946753228E-01 -8.7796556993E-02
HessDelSqRho_EigVec3 = -4.1798008231E-01  5.0537891438E-01  7.5490714906E-01
</CP of DelSqRho>
<CP of DelSqRho>
CP# = 3       
Type = (3,-1)
Coords = -2.97886661223896E-01 -3.62285346704616E-02 -3.60216002179794E-02
DistFromNuc =  3.0223587699E-01
Rho =  1.2982137991E+01
DelSqRho = -2.2634773410E+02
GradDelSqRho =  9.0949470177E-13 -4.5474735089E-13  1.8189894035E-12
HessDelSqRho_EigVals = -1.1271764959E+02 -6.1971504418E+01  1.0601793393E+05
HessDelSqRho_EigVec1 = -1.6419573425E-01  5.1865521569E-01  8.3906884586E-01
HessDelSqRho_EigVec2 = -3.8692441539E-02  8.4657255558E-01 -5.3086514588E-01
HessDelSqRho_EigVec3 =  9.8566863388E-01  1.1963141468E-01  1.1893556575E-01
</CP of DelSqRho>
<CP of DelSqRho>
CP# = 4       
Type = (3,-1)
Coords =  9.14816909731045E-02  2.85794945422257E-01 -3.60410378268063E-02
DistFromNuc =  3.0223601212E-01
Rho =  1.2982120469E+01
DelSqRho = -2.2634688301E+02
GradDelSqRho = -2.2737367544E-13  3.1832314562E-12  1.5916157281E-12
HessDelSqRho_EigVals = -1.1273477793E+02 -6.2001759717E+01  1.0601755654E+05
HessDelSqRho_EigVec1 =  4.7863214936E-01 -2.5865875916E-01 -8.3905119743E-01
HessDelSqRho_EigVec2 =  8.2427441012E-01 -1.9682361232E-01  5.3087867019E-01
HessDelSqRho_EigVec3 =  3.0246150570E-01  9.4570402978E-01 -1.1899968752E-01
</CP of DelSqRho>
<CP of DelSqRho>
CP# = 5       
Type = (3,+3)
Coords = -7.34180885155026E-03  8.82401816337655E-03 -3.01722781523906E-01
DistFromNuc =  3.0194105773E-01
Rho =  1.3027955572E+01
DelSqRho = -2.2947243899E+02
GradDelSqRho =  1.1368683772E-12  3.6379788071E-12  0.0000000000E+00
HessDelSqRho_EigVals =  4.7358376147E+01  5.5358263179E+01  1.0688133840E+05
HessDelSqRho_EigVec1 =  7.7050137375E-01  6.3743832775E-01 -1.0665628624E-04
HessDelSqRho_EigVec2 = -6.3700634803E-01  7.6998535715E-01  3.6680544592E-02
HessDelSqRho_EigVec3 =  2.3463708784E-02 -2.8194469266E-02  9.9932703670E-01
</CP of DelSqRho>
<CP of DelSqRho>
CP# = 6       
Type = (3,-1)
Coords =  1.03317614566134E-01 -1.24980679722724E-01  2.54990697858781E-01
DistFromNuc =  3.0218364578E-01
Rho =  1.2989076415E+01
DelSqRho = -2.2667743405E+02
GradDelSqRho = -3.8369307731E-12  6.5369931690E-13 -4.0927261580E-12
HessDelSqRho_EigVals = -1.0166946560E+02 -5.3750572619E+01  1.0615319732E+05
HessDelSqRho_EigVec1 = -5.3795419756E-01  6.5042667945E-01  5.3623727582E-01
HessDelSqRho_EigVec2 =  7.7063083298E-01  6.3728181142E-01  1.1002386217E-04
HessDelSqRho_EigVec3 =  3.4166270003E-01 -4.1330016634E-01  8.4406727926E-01
</CP of DelSqRho>
<CP of DelSqRho>
CP# = 7       
Type = (3,+1)
Coords =  2.11358071209109E-01 -1.96056820319445E-02 -2.14643353516052E-01
DistFromNuc =  3.0187478570E-01
Rho =  1.3030255015E+01
DelSqRho = -2.2905049599E+02
GradDelSqRho =  2.7284841053E-12 -1.7053025658E-12  2.7284841053E-12
HessDelSqRho_EigVals = -2.4515806876E+01  4.1610784835E+01  1.0705111927E+05
HessDelSqRho_EigVec1 =  6.8821397970E-01 -2.0523365776E-01  6.9587402873E-01
HessDelSqRho_EigVec2 =  1.9195785320E-01  9.7648298751E-01  9.8148650995E-02
HessDelSqRho_EigVec3 = -6.9965255716E-01  6.6031210951E-02  7.1142545530E-01
</CP of DelSqRho>
<CP of DelSqRho>
CP# = 8       
Type = (3,+1)
Coords =  1.83387131584764E-01 -2.21868253712184E-01 -9.09734746421236E-02
DistFromNuc =  3.0188165748E-01
Rho =  1.3028829422E+01
DelSqRho = -2.2892519176E+02
GradDelSqRho = -9.0949470177E-13 -2.2737367544E-12  4.3200998334E-12
HessDelSqRho_EigVals = -2.6268027396E+01  2.8865715037E+01  1.0702781843E+05
HessDelSqRho_EigVec1 = -7.7080283028E-01 -6.3707376882E-01 -9.9556656233E-05
HessDelSqRho_EigVec2 =  1.9264114251E-01 -2.3322766929E-01  9.5314964433E-01
HessDelSqRho_EigVec3 = -6.0724985553E-01  7.3467126483E-01  3.0249916628E-01
</CP of DelSqRho>
<CP of DelSqRho>
CP# = 9       
Type = (3,+1)
Coords =  2.08375247460820E-01  1.18289125981600E-01  1.84143750328437E-01
DistFromNuc =  3.0219444380E-01
Rho =  1.2994030631E+01
DelSqRho = -2.2757372768E+02
GradDelSqRho =  2.2737367544E-12  6.8212102633E-13  3.6379788071E-12
HessDelSqRho_EigVals = -8.0478100533E+01  5.6758364995E+01  1.0614598036E+05
HessDelSqRho_EigVec1 = -7.2444920828E-01  3.9334307363E-01  5.6608707020E-01
HessDelSqRho_EigVec2 =  1.8207634906E-02  8.3184804689E-01 -5.5470470426E-01
HessDelSqRho_EigVec3 =  6.8908767704E-01  3.9154827713E-01  6.0979350605E-01
</CP of DelSqRho>
<CP of DelSqRho>
CP# = 10      
Type = (3,+1)
Coords = -1.55328186399690E-01 -1.82484417970187E-01  1.84103577807608E-01
DistFromNuc =  3.0219453280E-01
Rho =  1.2994021725E+01
DelSqRho = -2.2757347818E+02
GradDelSqRho = -3.0517810501E-12  1.3642420527E-12  3.1832314562E-12
HessDelSqRho_EigVals = -8.0471487013E+01  5.6738656495E+01  1.0614576546E+05
HessDelSqRho_EigVec1 =  2.5039170284E-01 -7.8534387653E-01 -5.6616162952E-01
HessDelSqRho_EigVec2 =  8.2041372534E-01 -1.3836932495E-01  5.5477495364E-01
HessDelSqRho_EigVec3 = -5.1402851519E-01 -6.0339781695E-01  6.0966036452E-01
</CP of DelSqRho>
<CP of DelSqRho>
CP# = 11      
Type = (3,+1)
Coords = -2.04433743513197E-02 -2.11357203217679E-01 -2.14566186495644E-01
DistFromNuc =  3.0187488682E-01
Rho =  1.3030246440E+01
DelSqRho = -2.2905043943E+02
GradDelSqRho =  1.7053025658E-12 -4.5474735089E-12 -4.5474735089E-12
HessDelSqRho_EigVals = -2.4486708135E+01  4.1607398962E+01  1.0705086430E+05
HessDelSqRho_EigVec1 = -7.2636678842E-02  7.1425884545E-01 -6.9610215816E-01
HessDelSqRho_EigVec2 =  9.9513485210E-01  5.3229071111E-03 -9.8378314686E-02
HessDelSqRho_EigVec3 =  6.6562294336E-02  6.9986139225E-01  7.1117050882E-01
</CP of DelSqRho>
<CP of DelSqRho>
CP# = 12      
Type = (3,+1)
Coords = -1.82125770864607E-01  2.20154937817242E-01 -9.84177196633823E-02
DistFromNuc =  3.0219867737E-01
Rho =  1.2992726788E+01
DelSqRho = -2.2745352802E+02
GradDelSqRho = -1.8189894035E-12 -4.5474735089E-13  1.8189894035E-12
HessDelSqRho_EigVals = -9.0939510270E+01  5.9338809225E+01  1.0612915253E+05
HessDelSqRho_EigVec1 = -2.0722577388E-01  2.5062983457E-01  9.4564378318E-01
HessDelSqRho_EigVec2 =  7.7053453601E-01  6.3739824466E-01 -8.0792668684E-05
HessDelSqRho_EigVec3 = -6.0277193652E-01  7.2863445137E-01 -3.2520428781E-01
</CP of DelSqRho>
<CP of DelSqRho>
CP# = 13      
Type = (3,-1)
Coords =  1.47377149128940E-01 -1.78267153590454E-01 -1.93832092645160E-01
DistFromNuc =  3.0177820046E-01
Rho =  1.3036855162E+01
DelSqRho = -2.2886093916E+02
GradDelSqRho =  4.5474735089E-13 -3.6379788071E-12 -2.2737367544E-12
HessDelSqRho_EigVals = -2.8627974114E+01 -2.4596488676E+01  1.0730698712E+05
HessDelSqRho_EigVec1 =  7.7134953624E-01  6.3641064415E-01  1.1768383914E-03
HessDelSqRho_EigVec2 = -4.0829879713E-01  4.9628762370E-01 -7.6615317452E-01
HessDelSqRho_EigVec3 = -4.8817208565E-01  5.9049139416E-01  6.4265692887E-01
</CP of DelSqRho>
<CP of DelSqRho>
CP# = 14      
Type = (3,+3)
Coords =  2.81981714239804E-01 -5.69398991103446E-02 -9.18325247607846E-02
DistFromNuc =  3.0197525044E-01
Rho =  1.3022795213E+01
DelSqRho = -2.2915653541E+02
GradDelSqRho =  0.0000000000E+00 -2.2737367544E-12  8.4128259914E-12
HessDelSqRho_EigVals =  3.0119207950E+01  4.2785368674E+01  1.0678639706E+05
HessDelSqRho_EigVec1 =  1.8014774911E-01 -4.8826801789E-01  8.5389761166E-01
HessDelSqRho_EigVec2 =  3.1067856423E-01  8.5190650280E-01  4.2158527040E-01
HessDelSqRho_EigVec3 =  9.3328753245E-01 -1.8934004647E-01 -3.0516344569E-01
</CP of DelSqRho>
<CP of DelSqRho>
CP# = 15      
Type = (3,+3)
Coords =  2.98262277880958E-03 -2.87634888053835E-01 -9.19039442412122E-02
DistFromNuc =  3.0197526361E-01
Rho =  1.3022790895E+01
DelSqRho = -2.2915606556E+02
GradDelSqRho =  2.2737367544E-13 -1.0004441720E-11  1.6484591470E-12
HessDelSqRho_EigVals =  3.0072466666E+01  4.2761880684E+01  1.0678637498E+05
HessDelSqRho_EigVec1 =  4.4585642257E-01 -2.6881702617E-01  8.5378536934E-01
HessDelSqRho_EigVec2 =  8.9504005984E-01  1.4533402462E-01 -4.2164121308E-01
HessDelSqRho_EigVec3 = -1.0739726875E-02  9.5216355093E-01  3.0540011549E-01
</CP of DelSqRho>
<CP of DelSqRho>
CP# = 16      
Type = (3,+1)
Coords =  5.36242192377732E-01  6.17454478432469E-02  6.85770103780520E-02
DistFromNuc =  5.4412406266E-01
Rho =  3.1980885898E+00
DelSqRho =  5.2247072756E+01
GradDelSqRho = -8.5265128291E-13 -4.7961634664E-13  5.3734794392E-14
HessDelSqRho_EigVals = -4.6363363784E+03  8.8832789279E+00  1.2547442547E+01
HessDelSqRho_EigVec1 =  9.8547118786E-01  1.1361981432E-01  1.2624213122E-01
HessDelSqRho_EigVec2 = -2.7342384649E-02  8.3972420598E-01 -5.4232430509E-01
HessDelSqRho_EigVec3 = -1.6762736025E-01  5.3099321623E-01  8.3063064741E-01
</CP of DelSqRho>
<CP of DelSqRho>
CP# = 17      
Type = (3,-3)
Coords = -5.42807472479840E-01 -1.46964564865905E-02 -1.32567989379730E-02
DistFromNuc =  5.4316818825E-01
Rho =  3.2101911532E+00
DelSqRho =  5.3235106746E+01
GradDelSqRho =  9.9475983006E-13  1.5276668819E-13  6.1284310959E-14
HessDelSqRho_EigVals = -4.7235663892E+03 -1.0638257993E+01 -9.7846963589E+00
HessDelSqRho_EigVec1 =  9.9933129143E-01  2.7140475660E-02  2.4502337750E-02
HessDelSqRho_EigVec2 = -3.5365733647E-02  5.4725656199E-01  8.3621738815E-01
HessDelSqRho_EigVec3 = -9.2862725517E-03  8.3652474556E-01 -5.4785044967E-01
</CP of DelSqRho>
<CP of DelSqRho>
CP# = 18      
Type = (3,+1)
Coords = -1.61295326374153E-01 -5.15121146531420E-01  6.85937510589941E-02
DistFromNuc =  5.4412414080E-01
Rho =  3.1980870828E+00
DelSqRho =  5.2246971113E+01
GradDelSqRho = -5.3290705182E-14  7.7804429566E-13  1.0969003483E-13
HessDelSqRho_EigVals = -4.6363247850E+03  8.8846131988E+00  1.2547891505E+01
HessDelSqRho_EigVec1 =  2.9656329794E-01  9.4662841560E-01 -1.2627293094E-01
HessDelSqRho_EigVec2 =  8.1966289282E-01 -1.8444298445E-01  5.4234078550E-01
HessDelSqRho_EigVec3 =  4.9010504226E-01 -2.6433960782E-01 -8.3061520531E-01
</CP of DelSqRho>
<CP of DelSqRho>
CP# = 19      
Type = (3,+1)
Coords = -2.39882536509463E-01  2.90090282370516E-01  3.92912692640162E-01
DistFromNuc =  5.4412901713E-01
Rho =  3.1984120915E+00
DelSqRho =  5.2427391353E+01
GradDelSqRho =  1.4210854715E-13 -2.5224267119E-13 -8.1712414612E-13
HessDelSqRho_EigVals = -4.6475589011E+03  8.4646018575E+00  8.8561272278E+00
HessDelSqRho_EigVec1 = -4.4087937727E-01  5.3315617652E-01  7.2205946163E-01
HessDelSqRho_EigVec2 =  7.7008517200E-01  6.3794053059E-01 -8.4101530883E-04
HessDelSqRho_EigVec3 = -4.6107938858E-01  5.5567649840E-01 -6.9183048976E-01
</CP of DelSqRho>
<CP of DelSqRho>
CP# = 20      
Type = (3,-3)
Coords =  1.16344910496917E-01  5.30396083364960E-01 -1.32505585610605E-02
DistFromNuc =  5.4316822509E-01
Rho =  3.2101909082E+00
DelSqRho =  5.3234963479E+01
GradDelSqRho =  7.1054273576E-15  7.1054273576E-15 -6.2172489379E-14
HessDelSqRho_EigVals = -4.7235547133E+03 -1.0636869699E+01 -9.7828324179E+00
HessDelSqRho_EigVec1 =  2.1427810224E-01  9.7646561028E-01 -2.4490954313E-02
HessDelSqRho_EigVec2 =  5.3101161291E-01 -1.3749782151E-01 -8.3613456814E-01
HessDelSqRho_EigVec3 =  8.1982410422E-01 -1.6616034733E-01  5.4797735092E-01
</CP of DelSqRho>
<CP of DelSqRho>
CP# = 21      
Type = (3,-1)
Coords = -3.45355057267665E-01  4.17662057711845E-01 -4.24168401720853E-02
DistFromNuc =  5.4360914117E-01
Rho =  3.2038803732E+00
DelSqRho =  5.2800236761E+01
GradDelSqRho =  5.6843418861E-14 -4.2632564146E-13 -8.0824236193E-14
HessDelSqRho_EigVals = -4.6844329624E+03 -8.0524261028E+00  8.3669777275E+00
HessDelSqRho_EigVec1 = -6.3528540403E-01  7.6829537660E-01 -7.8324132443E-02
HessDelSqRho_EigVec2 = -4.9917304819E-02  6.0356710139E-02  9.9692794635E-01
HessDelSqRho_EigVec3 =  7.7066251895E-01  6.3724350278E-01  7.4975185607E-06
</CP of DelSqRho>
<CP of DelSqRho>
CP# = 22      
Type = (3,-1)
Coords =  3.31899675717770E-01 -4.01298887629535E-01  1.56281924743772E-01
DistFromNuc =  5.4371153377E-01
Rho =  3.2025646473E+00
DelSqRho =  5.2734024850E+01
GradDelSqRho =  4.5474735089E-13  2.8421709430E-14 -2.2737367544E-13
HessDelSqRho_EigVals = -4.6771061799E+03 -8.1480217453E+00  1.3556831392E+01
HessDelSqRho_EigVec1 = -6.1034866966E-01  7.3797080080E-01 -2.8787774942E-01
HessDelSqRho_EigVec2 =  7.7059679848E-01  6.3732297432E-01 -2.4264030625E-05
HessDelSqRho_EigVec3 = -1.8345319735E-01  2.2185248157E-01  9.5766716598E-01
</CP of DelSqRho>
<CP of DelSqRho>
CP# = 23      
Type = (3,-1)
Coords = -3.42616885194904E-01 -1.64175106281195E-01  3.88827347605871E-01
DistFromNuc =  5.4362349268E-01
Rho =  3.2041967642E+00
DelSqRho =  5.2794028456E+01
GradDelSqRho = -1.6697754290E-13  2.1849189125E-13  1.4210854715E-14
HessDelSqRho_EigVals = -4.6846009048E+03 -8.0747598883E+00  8.7896075801E+00
HessDelSqRho_EigVec1 = -6.3028864263E-01 -3.0230083080E-01  7.1508771117E-01
HessDelSqRho_EigVec2 = -6.0608229275E-02  9.3742485429E-01  3.4287211188E-01
HessDelSqRho_EigVec3 = -7.7399151773E-01  1.7276819804E-01 -6.0917015704E-01
</CP of DelSqRho>
<CP of DelSqRho>
CP# = 24      
Type = (3,-1)
Coords =  3.09738700326305E-01  2.87485827311674E-01 -3.42086216180116E-01
DistFromNuc =  5.4369949668E-01
Rho =  3.2024652615E+00
DelSqRho =  5.2753894841E+01
GradDelSqRho =  7.7271522514E-14 -1.5232259898E-13  2.2915003228E-13
HessDelSqRho_EigVals = -4.6785857185E+03 -8.0956016814E+00  1.2846610813E+01
HessDelSqRho_EigVec1 = -5.6959945853E-01 -5.2921637972E-01  6.2887715834E-01
HessDelSqRho_EigVec2 =  7.9554182366E-01 -1.6268713206E-01  5.8364895603E-01
HessDelSqRho_EigVec3 = -2.0656636623E-01  8.3274421073E-01  5.1368026616E-01
</CP of DelSqRho>
<CP of DelSqRho>
CP# = 25      
Type = (3,-3)
Coords =  2.34200109973206E-01 -2.83193002656910E-01 -3.99860520802806E-01
DistFromNuc =  5.4308047687E-01
Rho =  3.2083588250E+00
DelSqRho =  5.4063714623E+01
GradDelSqRho = -4.9737991503E-14  4.5474735089E-13  4.8316906032E-13
HessDelSqRho_EigVals = -4.7581684895E+03 -2.0716054817E+01 -2.0644548668E+01
HessDelSqRho_EigVec1 = -4.3126901664E-01  5.2148721808E-01  7.3624596207E-01
HessDelSqRho_EigVec2 = -4.6727066119E-01  5.6896321291E-01 -6.7671189700E-01
HessDelSqRho_EigVec3 =  7.7179347268E-01  6.3587101186E-01  1.7005281376E-03
</CP of DelSqRho>
<CP of DelSqRho>
CP# = 26      
Type = (3,-1)
Coords =  2.25598738940038E-01  3.05731098376506E-01  3.88793180687125E-01
DistFromNuc =  5.4362342929E-01
Rho =  3.2041976546E+00
DelSqRho =  5.2794061934E+01
GradDelSqRho =  4.7961634664E-14 -3.2862601529E-13  8.1712414612E-14
HessDelSqRho_EigVals = -4.6846054932E+03 -8.0749094591E+00  8.7882187778E+00
HessDelSqRho_EigVec1 =  4.1529265707E-01  5.6238017358E-01  7.1502485925E-01
HessDelSqRho_EigVec2 =  9.0935937173E-01 -2.3552499901E-01 -3.4291909815E-01
HessDelSqRho_EigVec3 =  2.4444672677E-02 -7.9262634021E-01  6.0921748397E-01
</CP of DelSqRho>
<CP of DelSqRho>
CP# = 27      
Type = (3,-3)
Coords =  1.32191062080847E-01 -1.59813329428862E-01  5.02006255511591E-01
DistFromNuc =  5.4316209158E-01
Rho =  3.2105885228E+00
DelSqRho =  5.3281075239E+01
GradDelSqRho = -7.3896444519E-13  9.8054897535E-13 -3.0979663279E-12
HessDelSqRho_EigVals = -4.7269167552E+03 -1.1233809778E+01 -1.0319662316E+01
HessDelSqRho_EigVec1 =  2.4346826849E-01 -2.9434274495E-01  9.2416749063E-01
HessDelSqRho_EigVec2 = -5.8903648631E-01  7.1212468608E-01  3.8198749883E-01
HessDelSqRho_EigVec3 =  7.7055773310E-01  6.3737020637E-01 -1.1480131598E-06
</CP of DelSqRho>
<CP of DelSqRho>
CP# = 28      
Type = (3,+1)
Coords = -1.78830104397212E-01  2.16269009027666E-01 -4.66164124936691E-01
DistFromNuc =  5.4411532039E-01
Rho =  3.1981160855E+00
DelSqRho =  5.2286293701E+01
GradDelSqRho =  0.0000000000E+00  4.6895820560E-13 -1.9895196601E-13
HessDelSqRho_EigVals = -4.6391507805E+03  8.5454950728E+00  1.2301472666E+01
HessDelSqRho_EigVec1 =  3.2883711065E-01 -3.9768088003E-01  8.5657228085E-01
HessDelSqRho_EigVec2 =  7.7060623924E-01  6.3731155769E-01  4.9840453390E-05
HessDelSqRho_EigVec3 = -5.4592323517E-01  6.6006355459E-01  5.1602705859E-01
</CP of DelSqRho>
<CP of DelSqRho>
CP# = 29      
Type = (3,-1)
Coords = -3.40503484731069E-01 -2.50258786153004E-01 -3.42106876010597E-01
DistFromNuc =  5.4369954734E-01
Rho =  3.2024643959E+00
DelSqRho =  5.2753932597E+01
GradDelSqRho = -8.5043083686E-14  6.2172489379E-14 -1.9984014443E-14
HessDelSqRho_EigVals = -4.6785868697E+03 -8.0963615060E+00  1.2847702687E+01
HessDelSqRho_EigVec1 =  6.2670438732E-01  4.6011664388E-01  6.2891516514E-01
HessDelSqRho_EigVec2 =  1.0431912933E-02 -8.1195160506E-01  5.8363153293E-01
HessDelSqRho_EigVec3 = -7.7918725997E-01  3.5920365402E-01  5.1365352995E-01
</CP of DelSqRho>
<CP of DelSqRho>
CP# = 30      
Type = (3,-1)
Coords =  9.83359476718185E-01 -1.18915809432398E+00  2.67875177139306E-01
DistFromNuc =  1.5661577010E+00
Rho =  8.2920016312E-02
DelSqRho =  8.2045716326E-02
GradDelSqRho =  4.7184478547E-16 -3.1918911958E-16 -2.7755575616E-17
HessDelSqRho_EigVals = -6.1657550969E-01 -3.1420836608E-02  3.0629043260E+00
HessDelSqRho_EigVec1 = -7.0910149506E-02  8.5749353839E-02  9.9379011819E-01
HessDelSqRho_EigVec2 =  7.7063249284E-01  6.3727981372E-01 -6.7112688887E-07
HessDelSqRho_EigVec3 = -6.3332243895E-01  7.6584690855E-01 -1.1127084518E-01
</CP of DelSqRho>
<CP of DelSqRho>
CP# = 31      
Type = (3,+1)
Coords =  8.22468415501895E-01  6.64341816623673E-01 -1.15113804105998E+00
DistFromNuc =  1.5629853273E+00
Rho =  8.3909261417E-02
DelSqRho =  7.0697303811E-02
GradDelSqRho =  2.8727020762E-15  2.0053403382E-15 -4.3021142204E-15
HessDelSqRho_EigVals = -6.1124891059E-01  1.9299321285E-03  3.1840992927E+00
HessDelSqRho_EigVec1 = -9.2560823946E-02  9.2037684730E-01  3.7991966628E-01
HessDelSqRho_EigVec2 =  8.3342066347E-01 -1.3716797665E-01  5.3534563030E-01
HessDelSqRho_EigVec3 = -5.4483253534E-01 -3.6618493297E-01  7.5436470178E-01
</CP of DelSqRho>
<CP of DelSqRho>
CP# = 32      
Type = (3,+1)
Coords = -8.06857041445177E-01 -6.79662753144025E-01 -1.15331985616504E+00
DistFromNuc =  1.5630439642E+00
Rho =  8.3883897411E-02
DelSqRho =  7.0690245149E-02
GradDelSqRho = -4.2604808570E-14 -3.8233305411E-14 -7.0277117459E-14
HessDelSqRho_EigVals = -6.1074940721E-01  2.0987607885E-03  3.1821652754E+00
HessDelSqRho_EigVec1 =  8.8664274017E-01 -2.6357496930E-01 -3.7999064050E-01
HessDelSqRho_EigVec2 =  2.2583157567E-02  8.4537832476E-01 -5.3369044306E-01
HessDelSqRho_EigVec3 =  4.6190329324E-01  4.6461136833E-01  7.5550090941E-01
</CP of DelSqRho>
<CP of DelSqRho>
CP# = 33      
Type = (3,+1)
Coords =  6.78825218082888E-01  8.51863317533922E-01  1.09611670175389E+00
DistFromNuc =  1.5452982276E+00
Rho =  8.8867735879E-02
DelSqRho =  2.6756547305E-03
GradDelSqRho =  4.7184478547E-16 -1.6375789613E-15  7.7715611724E-16
HessDelSqRho_EigVals = -8.8298535950E-01  2.8453732551E-01  3.9905628475E+00
HessDelSqRho_EigVec1 = -2.7115603031E-02  7.9410287835E-01 -6.0717819680E-01
HessDelSqRho_EigVec2 =  9.0133624720E-01 -2.4323591966E-01 -3.5837027900E-01
HessDelSqRho_EigVec3 =  4.3227041717E-01  5.5698914351E-01  7.0915821962E-01
</CP of DelSqRho>
<CP of DelSqRho>
CP# = 34      
Type = (3,+1)
Coords = -9.64115837440993E-01 -5.06863455377601E-01  1.09614785197071E+00
DistFromNuc =  1.5453058027E+00
Rho =  8.8866238935E-02
DelSqRho =  2.6833405459E-03
GradDelSqRho = -6.9388939039E-16 -5.2735593670E-16  9.1593399532E-16
HessDelSqRho_EigVals = -8.8296877529E-01  2.8449357064E-01  3.9902696141E+00
HessDelSqRho_EigVec1 = -7.7491201247E-01  1.7570971365E-01 -6.0715522682E-01
HessDelSqRho_EigVec2 = -6.9698059471E-02  9.3097150895E-01  3.5837721752E-01
HessDelSqRho_EigVec3 = -6.2821457595E-01 -3.2002835196E-01  7.0917437948E-01
</CP of DelSqRho>
<CP of DelSqRho>
CP# = 35      
Type = (3,+1)
Coords =  1.46465356937511E+00 -5.91194892903136E-01  2.64212508200493E-01
DistFromNuc =  1.6014149147E+00
Rho =  7.0362517468E-02
DelSqRho =  7.8094575060E-02
GradDelSqRho = -7.1526118361E-14 -1.5194442926E-14 -2.2513241271E-14
HessDelSqRho_EigVals = -3.7149041424E-01  3.6203634392E-02  2.0824464397E+00
HessDelSqRho_EigVec1 = -9.1613314818E-02  5.1332215256E-02  9.9447071562E-01
HessDelSqRho_EigVec2 =  4.6510186326E-01  8.8525258799E-01 -2.8482014964E-03
HessDelSqRho_EigVec3 =  8.8050397917E-01 -4.6226924962E-01  1.0497563300E-01
</CP of DelSqRho>
<CP of DelSqRho>
CP# = 36      
Type = (3,+1)
Coords =  3.05568864140256E-01 -1.54965610142325E+00  2.64215917718871E-01
DistFromNuc =  1.6014419798E+00
Rho =  7.0355157076E-02
DelSqRho =  7.8093594744E-02
GradDelSqRho =  8.6736173799E-19 -8.2572837456E-16  7.9797279895E-17
HessDelSqRho_EigVals = -3.7134970002E-01  3.6198901043E-02  2.0818007143E+00
HessDelSqRho_EigVec1 = -3.3198192808E-02  9.9618638605E-02  9.9447172249E-01
HessDelSqRho_EigVec2 =  9.5684669001E-01  2.9057938597E-01  2.8341259006E-03
HessDelSqRho_EigVec3 = -2.8869065072E-01  9.5165106383E-01 -1.0496647509E-01
</CP of DelSqRho>
<CP of DelSqRho>
CP# = 37      
Type = (3,+1)
Coords = -9.79535032658534E-01  1.18450570833954E+00 -1.68695209761749E-01
DistFromNuc =  1.5462861078E+00
Rho =  8.8494952242E-02
DelSqRho = -4.0829775441E-03
GradDelSqRho = -3.4000580129E-16 -1.5265566589E-16 -1.4571677198E-16
HessDelSqRho_EigVals = -8.0730828976E-01  3.1285333423E-01  3.9371659366E+00
HessDelSqRho_EigVec1 = -7.7063004008E-01 -6.3728277969E-01  5.6965300980E-06
HessDelSqRho_EigVec2 = -6.3222114978E-02  7.6459824395E-02  9.9506625881E-01
HessDelSqRho_EigVec3 = -6.3413902695E-01  7.6682759077E-01 -9.9212602709E-02
</CP of DelSqRho>
<CP of DelSqRho>
CP# = 38      
Type = (3,-1)
Coords =  1.78072451413250E+00  7.07720434686409E-02  2.91716152269721E-01
DistFromNuc =  1.8058479423E+00
Rho =  4.3417962703E-02
DelSqRho =  8.4266274837E-02
GradDelSqRho = -5.0723314438E-15 -1.9394208461E-15 -1.2299189445E-15
HessDelSqRho_EigVals = -2.1695763458E-01 -4.1030126417E-02  3.0044970336E-02
HessDelSqRho_EigVec1 =  9.3180783594E-01  3.2454455858E-01  1.6249611186E-01
HessDelSqRho_EigVec2 = -9.1530204698E-02 -2.2311716505E-01  9.7048490575E-01
HessDelSqRho_EigVec3 = -3.5122126715E-01  9.1917874222E-01  1.7819669285E-01
</CP of DelSqRho>
<CP of DelSqRho>
CP# = 39      
Type = (3,-1)
Coords = -5.18162253820363E-01  6.26833043126420E-01 -1.61260186988774E+00
DistFromNuc =  1.8060721403E+00
Rho =  4.4525408678E-02
DelSqRho =  8.4880286470E-02
GradDelSqRho =  3.1363800446E-15 -4.4894643558E-15 -1.5612511284E-15
HessDelSqRho_EigVals = -2.6695206992E-01 -1.9486790972E-02  5.8410786435E-02
HessDelSqRho_EigVec1 =  4.8541448579E-01 -5.8704520140E-01  6.4788170872E-01
HessDelSqRho_EigVec2 =  7.7042340008E-01  6.3753242286E-01  4.4093077537E-04
HessDelSqRho_EigVec3 = -4.1330444178E-01  4.9892919469E-01  7.6174083328E-01
</CP of DelSqRho>
<CP of DelSqRho>
CP# = 40      
Type = (3,-1)
Coords = -4.03795526400310E-01 -1.73578415696074E+00  2.91682932099806E-01
DistFromNuc =  1.8058450652E+00
Rho =  4.3417763812E-02
DelSqRho =  8.4260799252E-02
GradDelSqRho =  2.1819351881E-14  5.2041704279E-15 -5.8442833906E-15
HessDelSqRho_EigVals = -2.1690248489E-01 -4.1008901747E-02  3.0052074868E-02
HessDelSqRho_EigVec1 =  4.9370352902E-01  8.5429362329E-01 -1.6260144725E-01
HessDelSqRho_EigVec2 =  2.3642949019E-01  4.8077009540E-02  9.7045849851E-01
HessDelSqRho_EigVec3 =  8.3687389827E-01 -5.1756256275E-01 -1.7824441655E-01
</CP of DelSqRho>
<CP of DelSqRho>
CP# = 41      
Type = (3,-1)
Coords =  1.60564751176448E+00  6.78723619695060E-01  1.03069814863867E+00
DistFromNuc =  2.0251193440E+00
Rho =  4.0313082832E-02
DelSqRho =  7.8551633212E-02
GradDelSqRho =  5.2041704279E-17  3.4694469520E-18  1.1102230246E-16
HessDelSqRho_EigVals = -3.8072107097E-01 -7.5533777968E-02  2.8631272787E-02
HessDelSqRho_EigVec1 =  8.9595079554E-01  4.1588175857E-01  1.5593118631E-01
HessDelSqRho_EigVec2 = -2.5286824022E-01  7.6624290242E-01 -5.9070252037E-01
HessDelSqRho_EigVec3 = -3.6514356774E-01  4.8981034838E-01  7.9167922643E-01
</CP of DelSqRho>
<CP of DelSqRho>
CP# = 42      
Type = (3,-1)
Coords = -9.68011529476570E-01 -1.44977839862552E+00  1.03057093115836E+00
DistFromNuc =  2.0250876945E+00
Rho =  4.0313003612E-02
DelSqRho =  7.8548490811E-02
GradDelSqRho =  1.3551659794E-14 -2.9365399001E-14  1.7787854523E-14
HessDelSqRho_EigVals = -3.8065847615E-01 -7.5541463018E-02  2.8631996579E-02
HessDelSqRho_EigVec1 =  5.7660165296E-01  8.0202011067E-01 -1.5586621152E-01
HessDelSqRho_EigVec2 =  7.0516950466E-01 -3.9217271758E-01  5.9070849772E-01
HessDelSqRho_EigVec3 = -4.1263361897E-01  4.5051559537E-01  7.9168756137E-01
</CP of DelSqRho>
<CP of DelSqRho>
CP# = 43      
Type = (3,-1)
Coords = -1.21104193332527E+00  1.46441629383041E+00 -8.05172873502642E-01
DistFromNuc =  2.0638413219E+00
Rho =  4.1571521660E-02
DelSqRho =  7.0313310327E-02
GradDelSqRho = -2.1431901392E-13  7.2095107662E-14 -3.3421876378E-13
HessDelSqRho_EigVals = -3.7670477372E-01 -5.0260186150E-02  2.8056627120E-02
HessDelSqRho_EigVec1 = -5.3163053546E-01  6.4289138139E-01 -5.5141603668E-01
HessDelSqRho_EigVec2 =  7.7063349796E-01  6.3727859809E-01  1.5630832931E-05
HessDelSqRho_EigVec3 =  3.5141568775E-01 -4.2493135935E-01 -8.3423039638E-01
</CP of DelSqRho>
<Path of -GradDelSqRho>
Starting CP# =      7
Ending CP# =     14
Number of Points =    346
  2.1135807121E-01 -1.9605682032E-02 -2.1464335352E-01  1.3030255015E+01 -2.2905049599E+02
  2.1166457792E-01 -1.9874481406E-02 -2.1257390032E-01  1.3103880342E+01 -2.2896751082E+02
  2.1188807239E-01 -1.9941188218E-02 -2.1235082807E-01  1.3103626026E+01 -2.2896807723E+02
  2.1210015400E-01 -2.0004620448E-02 -2.1213838649E-01  1.3103397105E+01 -2.2896858732E+02
  2.1230619508E-01 -2.0066364628E-02 -2.1193140217E-01  1.3103181320E+01 -2.2896906871E+02
  2.1250857803E-01 -2.0127124491E-02 -2.1172757423E-01  1.3102973502E+01 -2.2896953305E+02
  2.1270857561E-01 -2.0187276138E-02 -2.1152567067E-01  1.3102770973E+01 -2.2896998637E+02
  2.1290694678E-01 -2.0247044022E-02 -2.1132495514E-01  1.3102572169E+01 -2.2897043219E+02
  2.1310417884E-01 -2.0306572453E-02 -2.1112495358E-01  1.3102376102E+01 -2.2897087273E+02
  2.1330060191E-01 -2.0365959392E-02 -2.1092534377E-01  1.3102182111E+01 -2.2897130950E+02
  2.1349644901E-01 -2.0425274176E-02 -2.1072589740E-01  1.3101989734E+01 -2.2897174354E+02
  2.1369189002E-01 -2.0484567551E-02 -2.1052644712E-01  1.3101798638E+01 -2.2897217561E+02
  2.1388705213E-01 -2.0543877694E-02 -2.1032686688E-01  1.3101608573E+01 -2.2897260627E+02
  2.1408203271E-01 -2.0603234002E-02 -2.1012705949E-01  1.3101419352E+01 -2.2897303597E+02
  2.1427690769E-01 -2.0662659573E-02 -2.0992694843E-01  1.3101230830E+01 -2.2897346502E+02
  2.1447173725E-01 -2.0722172877E-02 -2.0972647245E-01  1.3101042891E+01 -2.2897389371E+02
  2.1466656977E-01 -2.0781788917E-02 -2.0952558164E-01  1.3100855446E+01 -2.2897432224E+02
  2.1486144462E-01 -2.0841520056E-02 -2.0932423485E-01  1.3100668420E+01 -2.2897475079E+02
  2.1505639420E-01 -2.0901376610E-02 -2.0912239760E-01  1.3100481754E+01 -2.2897517950E+02
  2.1525144542E-01 -2.0961367293E-02 -2.0892004073E-01  1.3100295398E+01 -2.2897560849E+02
  2.1544662084E-01 -2.1021499548E-02 -2.0871713925E-01  1.3100109313E+01 -2.2897603787E+02
  2.1564193954E-01 -2.1081779797E-02 -2.0851367154E-01  1.3099923465E+01 -2.2897646772E+02
  2.1583741774E-01 -2.1142213632E-02 -2.0830961870E-01  1.3099737826E+01 -2.2897689811E+02
  2.1603306934E-01 -2.1202805974E-02 -2.0810496404E-01  1.3099552372E+01 -2.2897732911E+02
  2.1622890632E-01 -2.1263561184E-02 -2.0789969274E-01  1.3099367083E+01 -2.2897776077E+02
  2.1642493908E-01 -2.1324483162E-02 -2.0769379147E-01  1.3099181942E+01 -2.2897819313E+02
  2.1662117666E-01 -2.1385575421E-02 -2.0748724819E-01  1.3098996937E+01 -2.2897862625E+02
  2.1681762697E-01 -2.1446841152E-02 -2.0728005192E-01  1.3098812054E+01 -2.2897906016E+02
  2.1701429696E-01 -2.1508283268E-02 -2.0707219260E-01  1.3098627284E+01 -2.2897949489E+02
  2.1721119278E-01 -2.1569904449E-02 -2.0686366092E-01  1.3098442618E+01 -2.2897993047E+02
  2.1740831984E-01 -2.1631707178E-02 -2.0665444824E-01  1.3098258050E+01 -2.2898036694E+02
  2.1760568296E-01 -2.1693693764E-02 -2.0644454648E-01  1.3098073574E+01 -2.2898080430E+02
  2.1780328644E-01 -2.1755866367E-02 -2.0623394806E-01  1.3097889184E+01 -2.2898124259E+02
  2.1800113409E-01 -2.1818227023E-02 -2.0602264580E-01  1.3097704877E+01 -2.2898168183E+02
  2.1819922934E-01 -2.1880777653E-02 -2.0581063291E-01  1.3097520651E+01 -2.2898212203E+02
  2.1839757525E-01 -2.1943520081E-02 -2.0559790291E-01  1.3097336501E+01 -2.2898256320E+02
  2.1859617457E-01 -2.2006456048E-02 -2.0538444959E-01  1.3097152428E+01 -2.2898300538E+02
  2.1879502976E-01 -2.2069587217E-02 -2.0517026702E-01  1.3096968429E+01 -2.2898344856E+02
  2.1899414303E-01 -2.2132915187E-02 -2.0495534944E-01  1.3096784505E+01 -2.2898389277E+02
  2.1919351638E-01 -2.2196441497E-02 -2.0473969134E-01  1.3096600653E+01 -2.2898433802E+02
  2.1939315158E-01 -2.2260167635E-02 -2.0452328733E-01  1.3096416876E+01 -2.2898478431E+02
  2.1959305023E-01 -2.2324095042E-02 -2.0430613220E-01  1.3096233174E+01 -2.2898523166E+02
  2.1979321377E-01 -2.2388225119E-02 -2.0408822088E-01  1.3096049546E+01 -2.2898568008E+02
  2.1999364346E-01 -2.2452559227E-02 -2.0386954841E-01  1.3095865995E+01 -2.2898612958E+02
  2.2019434046E-01 -2.2517098697E-02 -2.0365010994E-01  1.3095682522E+01 -2.2898658016E+02
  2.2039530577E-01 -2.2581844827E-02 -2.0342990073E-01  1.3095499128E+01 -2.2898703184E+02
  2.2059654027E-01 -2.2646798889E-02 -2.0320891613E-01  1.3095315816E+01 -2.2898748463E+02
  2.2079804475E-01 -2.2711962131E-02 -2.0298715156E-01  1.3095132587E+01 -2.2898793852E+02
  2.2099981988E-01 -2.2777335776E-02 -2.0276460253E-01  1.3094949444E+01 -2.2898839354E+02
  2.2120186624E-01 -2.2842921030E-02 -2.0254126460E-01  1.3094766390E+01 -2.2898884968E+02
  2.2140418430E-01 -2.2908719077E-02 -2.0231713341E-01  1.3094583427E+01 -2.2898930695E+02
  2.2160677448E-01 -2.2974731085E-02 -2.0209220466E-01  1.3094400559E+01 -2.2898976537E+02
  2.2180963709E-01 -2.3040958205E-02 -2.0186647410E-01  1.3094217787E+01 -2.2899022492E+02
  2.2201277236E-01 -2.3107401573E-02 -2.0163993752E-01  1.3094035115E+01 -2.2899068563E+02
  2.2221618046E-01 -2.3174062312E-02 -2.0141259076E-01  1.3093852548E+01 -2.2899114750E+02
  2.2241986148E-01 -2.3240941531E-02 -2.0118442973E-01  1.3093670087E+01 -2.2899161052E+02
  2.2262381546E-01 -2.3308040327E-02 -2.0095545036E-01  1.3093487737E+01 -2.2899207472E+02
  2.2282804234E-01 -2.3375359785E-02 -2.0072564861E-01  1.3093305501E+01 -2.2899254008E+02
  2.2303254201E-01 -2.3442900980E-02 -2.0049502051E-01  1.3093123384E+01 -2.2899300663E+02
  2.2323731432E-01 -2.3510664974E-02 -2.0026356209E-01  1.3092941389E+01 -2.2899347435E+02
  2.2344235902E-01 -2.3578652820E-02 -2.0003126946E-01  1.3092759520E+01 -2.2899394326E+02
  2.2364767582E-01 -2.3646865563E-02 -1.9979813872E-01  1.3092577781E+01 -2.2899441335E+02
  2.2385326437E-01 -2.3715304236E-02 -1.9956416604E-01  1.3092396178E+01 -2.2899488465E+02
  2.2405912427E-01 -2.3783969863E-02 -1.9932934760E-01  1.3092214713E+01 -2.2899535713E+02
  2.2426525505E-01 -2.3852863460E-02 -1.9909367962E-01  1.3092033391E+01 -2.2899583082E+02
  2.2447165617E-01 -2.3921986032E-02 -1.9885715836E-01  1.3091852218E+01 -2.2899630572E+02
  2.2467832707E-01 -2.3991338577E-02 -1.9861978011E-01  1.3091671197E+01 -2.2899678182E+02
  2.2488526711E-01 -2.4060922084E-02 -1.9838154117E-01  1.3091490333E+01 -2.2899725913E+02
  2.2509247559E-01 -2.4130737533E-02 -1.9814243792E-01  1.3091309632E+01 -2.2899773766E+02
  2.2529995177E-01 -2.4200785893E-02 -1.9790246672E-01  1.3091129097E+01 -2.2899821740E+02
  2.2550769485E-01 -2.4271068128E-02 -1.9766162401E-01  1.3090948735E+01 -2.2899869836E+02
  2.2571570396E-01 -2.4341585189E-02 -1.9741990622E-01  1.3090768550E+01 -2.2899918055E+02
  2.2592397819E-01 -2.4412338022E-02 -1.9717730985E-01  1.3090588547E+01 -2.2899966396E+02
  2.2613251657E-01 -2.4483327561E-02 -1.9693383142E-01  1.3090408731E+01 -2.2900014859E+02
  2.2634131809E-01 -2.4554554730E-02 -1.9668946749E-01  1.3090229108E+01 -2.2900063446E+02
  2.2655038164E-01 -2.4626020448E-02 -1.9644421464E-01  1.3090049683E+01 -2.2900112155E+02
  2.2675970610E-01 -2.4697725619E-02 -1.9619806951E-01  1.3089870461E+01 -2.2900160988E+02
  2.2696929027E-01 -2.4769671141E-02 -1.9595102876E-01  1.3089691449E+01 -2.2900209944E+02
  2.2717913289E-01 -2.4841857899E-02 -1.9570308911E-01  1.3089512651E+01 -2.2900259024E+02
  2.2738923265E-01 -2.4914286771E-02 -1.9545424729E-01  1.3089334073E+01 -2.2900308227E+02
  2.2759958819E-01 -2.4986958620E-02 -1.9520450010E-01  1.3089155722E+01 -2.2900357555E+02
  2.2781019807E-01 -2.5059874303E-02 -1.9495384437E-01  1.3088977602E+01 -2.2900407006E+02
  2.2802106079E-01 -2.5133034662E-02 -1.9470227697E-01  1.3088799719E+01 -2.2900456581E+02
  2.2823217482E-01 -2.5206440530E-02 -1.9444979483E-01  1.3088622080E+01 -2.2900506281E+02
  2.2844353855E-01 -2.5280092725E-02 -1.9419639491E-01  1.3088444691E+01 -2.2900556104E+02
  2.2865515028E-01 -2.5353992057E-02 -1.9394207421E-01  1.3088267557E+01 -2.2900606052E+02
  2.2886700830E-01 -2.5428139320E-02 -1.9368682982E-01  1.3088090685E+01 -2.2900656124E+02
  2.2907911080E-01 -2.5502535297E-02 -1.9343065884E-01  1.3087914081E+01 -2.2900706320E+02
  2.2929145592E-01 -2.5577180756E-02 -1.9317355843E-01  1.3087737750E+01 -2.2900756640E+02
  2.2950404173E-01 -2.5652076454E-02 -1.9291552583E-01  1.3087561700E+01 -2.2900807084E+02
  2.2971686623E-01 -2.5727223131E-02 -1.9265655830E-01  1.3087385937E+01 -2.2900857653E+02
  2.2992992737E-01 -2.5802621514E-02 -1.9239665318E-01  1.3087210467E+01 -2.2900908346E+02
  2.3014322302E-01 -2.5878272314E-02 -1.9213580787E-01  1.3087035296E+01 -2.2900959162E+02
  2.3035675097E-01 -2.5954176228E-02 -1.9187401982E-01  1.3086860432E+01 -2.2901010102E+02
  2.3057050897E-01 -2.6030333935E-02 -1.9161128654E-01  1.3086685880E+01 -2.2901061166E+02
  2.3078449467E-01 -2.6106746100E-02 -1.9134760563E-01  1.3086511647E+01 -2.2901112354E+02
  2.3099870567E-01 -2.6183413368E-02 -1.9108297474E-01  1.3086337740E+01 -2.2901163665E+02
  2.3121313949E-01 -2.6260336370E-02 -1.9081739158E-01  1.3086164167E+01 -2.2901215099E+02
  2.3142779358E-01 -2.6337515717E-02 -1.9055085394E-01  1.3085990932E+01 -2.2901266656E+02
  2.3164266530E-01 -2.6414952002E-02 -1.9028335969E-01  1.3085818044E+01 -2.2901318336E+02
  2.3185775196E-01 -2.6492645799E-02 -1.9001490677E-01  1.3085645509E+01 -2.2901370138E+02
  2.3207305078E-01 -2.6570597661E-02 -1.8974549320E-01  1.3085473334E+01 -2.2901422063E+02
  2.3228855891E-01 -2.6648808124E-02 -1.8947511708E-01  1.3085301527E+01 -2.2901474109E+02
  2.3250427341E-01 -2.6727277700E-02 -1.8920377658E-01  1.3085130093E+01 -2.2901526277E+02
  2.3272019126E-01 -2.6806006882E-02 -1.8893146997E-01  1.3084959040E+01 -2.2901578566E+02
  2.3293630939E-01 -2.6884996140E-02 -1.8865819561E-01  1.3084788376E+01 -2.2901630976E+02
  2.3315262461E-01 -2.6964245922E-02 -1.8838395193E-01  1.3084618107E+01 -2.2901683507E+02
  2.3336913368E-01 -2.7043756652E-02 -1.8810873747E-01  1.3084448240E+01 -2.2901736157E+02
  2.3358583324E-01 -2.7123528732E-02 -1.8783255086E-01  1.3084278783E+01 -2.2901788927E+02
  2.3380271989E-01 -2.7203562537E-02 -1.8755539082E-01  1.3084109743E+01 -2.2901841816E+02
  2.3401979012E-01 -2.7283858420E-02 -1.8727725618E-01  1.3083941127E+01 -2.2901894824E+02
  2.3423704033E-01 -2.7364416706E-02 -1.8699814587E-01  1.3083772943E+01 -2.2901947949E+02
  2.3445446685E-01 -2.7445237695E-02 -1.8671805892E-01  1.3083605197E+01 -2.2902001192E+02
  2.3467206590E-01 -2.7526321658E-02 -1.8643699446E-01  1.3083437897E+01 -2.2902054552E+02
  2.3488983364E-01 -2.7607668841E-02 -1.8615495175E-01  1.3083271051E+01 -2.2902108028E+02
  2.3510776612E-01 -2.7689279460E-02 -1.8587193016E-01  1.3083104666E+01 -2.2902161620E+02
  2.3532585930E-01 -2.7771153702E-02 -1.8558792916E-01  1.3082938749E+01 -2.2902215326E+02
  2.3554410906E-01 -2.7853291725E-02 -1.8530294835E-01  1.3082773307E+01 -2.2902269147E+02
  2.3576251117E-01 -2.7935693655E-02 -1.8501698745E-01  1.3082608349E+01 -2.2902323081E+02
  2.3598106132E-01 -2.8018359589E-02 -1.8473004631E-01  1.3082443881E+01 -2.2902377128E+02
  2.3619975511E-01 -2.8101289589E-02 -1.8444212490E-01  1.3082279911E+01 -2.2902431286E+02
  2.3641858804E-01 -2.8184483687E-02 -1.8415322332E-01  1.3082116446E+01 -2.2902485556E+02
  2.3663755549E-01 -2.8267941880E-02 -1.8386334181E-01  1.3081953495E+01 -2.2902539935E+02
  2.3685665278E-01 -2.8351664132E-02 -1.8357248073E-01  1.3081791063E+01 -2.2902594424E+02
  2.3707587512E-01 -2.8435650371E-02 -1.8328064061E-01  1.3081629160E+01 -2.2902649021E+02
  2.3729521762E-01 -2.8519900490E-02 -1.8298782209E-01  1.3081467792E+01 -2.2902703725E+02
  2.3751467527E-01 -2.8604414345E-02 -1.8269402598E-01  1.3081306966E+01 -2.2902758535E+02
  2.3773424300E-01 -2.8689191755E-02 -1.8239925323E-01  1.3081146691E+01 -2.2902813450E+02
  2.3795391561E-01 -2.8774232502E-02 -1.8210350492E-01  1.3080986973E+01 -2.2902868469E+02
