 AIMInt (Version 19.10.12, Professional)
 Portions Copyright (c) 1997-2019 by Todd A. Keith
 AIMInt is a component of the AIMAll package ( http://aim.tkgristmill.com )

 TP:  64-bit Mac OS X

 AIMInt is a heavily modified and extended version of the PROAIMV program
 developed by members of R.F.W. Bader's research group

 Much of the Quantum Theory of Atoms in Molecules (QTAIM) is described in the book:
   "Atoms in Molecules - A Quantum Theory"
   R.F.W. Bader, Oxford University Press, Oxford, 1990

 For additional references see:  http://aim.tkgristmill.com/references.html

 Current Directory:  /Users/chemlab/Documents/SubstituentCoding/BCP Map Reference/BCPMapReference

 Inp File:  SubH_NHCHO_wb97xd_aug-cc-pvtz_atomicfiles/n1.inp
 Wfx File:  SubH_NHCHO_wb97xd_aug-cc-pvtz.wfx
 Out File:  SubH_NHCHO_wb97xd_aug-cc-pvtz_atomicfiles/n1.int

 Wfx Title:   Title Card Required                                                           
 Job Title:   Title Card Required                                                           
 
<Atom>
N1      
</Atom>
<Nuclei of Molecule>
     6
N1         7.0          -2.0382203524E+00  -2.9671811347E-01   1.9782438105E-05
H2         1.0          -3.5879085240E+00   7.9067544825E-01   1.5521857954E-04
C3         6.0           3.0538729754E-01   7.2918158907E-01   3.8160357782E-05
O4         8.0           2.2476106167E+00  -4.6456324048E-01  -7.3407684208E-05
H5         1.0           2.6813304997E-01   2.8139012485E+00   1.2574025364E-05
H6         1.0          -2.2258907777E+00  -2.1861335130E+00   5.2029655339E-05
</Nuclei of Molecule>
<Total Number of CPs of DelSqRho>
    31
</Total Number of CPs of DelSqRho>
<Number of (3,+3) CPs of DelSqRho>
     5
</Number of (3,+3) CPs of DelSqRho>
<Number of (3,+1) CPs of DelSqRho>
    11
</Number of (3,+1) CPs of DelSqRho>
<Number of (3,-1) CPs of DelSqRho>
    10
</Number of (3,-1) CPs of DelSqRho>
<Number of (3,-3) CPs of DelSqRho>
     5
</Number of (3,-3) CPs of DelSqRho>
<Number of Degenerate CPs of DelSqRho>
     0
</Number of Degenerate CPs of DelSqRho>
<CP of DelSqRho>
CP# = 1       
Type = (3,+3)
Coords = -2.03822038183139E+00 -2.96718110667117E-01  1.97824967836544E-05
DistFromNuc =  2.9556852365E-08
Rho =  1.9584956961E+02
DelSqRho = -1.6569298920E+06
GradDelSqRho =  3.8660673454E-06 -2.2359290597E-07  3.0436542175E-11
HessDelSqRho_EigVals =  4.9172060299E+10  4.9172069257E+10  4.9172071600E+10
HessDelSqRho_EigVec1 =  2.8459919337E-05 -2.1099726909E-05  9.9999999937E-01
HessDelSqRho_EigVec2 = -3.1587225358E-01  9.4880172775E-01  2.9009156223E-05
HessDelSqRho_EigVec3 =  9.4880172776E-01  3.1587225421E-01 -2.0338002349E-05
</CP of DelSqRho>
<CP of DelSqRho>
CP# = 2       
Type = (3,+3)
Coords = -6.18435970020909E-01  3.05693189380958E-01  4.16031772450988E-05
DistFromNuc =  1.5422992805E+00
Rho =  3.2883949943E-01
DelSqRho = -1.0005281854E+00
GradDelSqRho = -6.6613381478E-16  1.7763568394E-15  1.4907779872E-19
HessDelSqRho_EigVals =  4.8422041558E+00  7.4676204587E+00  1.1037854320E+01
HessDelSqRho_EigVec1 =  3.7900910021E-05 -1.4747422792E-05  9.9999999917E-01
HessDelSqRho_EigVec2 = -4.8252674953E-01  8.7588123340E-01  3.1205193807E-05
HessDelSqRho_EigVec3 =  8.7588123313E-01  4.8252675031E-01 -2.6080669832E-05
</CP of DelSqRho>
<CP of DelSqRho>
CP# = 3       
Type = (3,+1)
Coords = -3.02681972856312E+00  3.99806869850203E-01  1.07084351426158E-04
DistFromNuc =  1.2093286512E+00
Rho =  3.7119719107E-01
DelSqRho = -1.3541644642E+00
GradDelSqRho =  1.2145839889E-13 -8.3960616237E-14 -9.7713720795E-18
HessDelSqRho_EigVals = -2.4976177129E+01  1.4179491332E+01  1.5291087019E+01
HessDelSqRho_EigVec1 =  8.2028139101E-01 -5.7196016864E-01 -7.1101472147E-05
HessDelSqRho_EigVec2 =  5.9980401405E-05 -3.8290542017E-05  9.9999999747E-01
HessDelSqRho_EigVec3 =  5.7196016991E-01  8.2028139320E-01 -2.8973814345E-06
</CP of DelSqRho>
<CP of DelSqRho>
CP# = 4       
Type = (3,+1)
Coords = -2.15997097478868E+00 -1.50503501715678E+00  4.10448643864719E-05
DistFromNuc =  1.2144352409E+00
Rho =  3.6890349397E-01
DelSqRho = -1.3428181399E+00
GradDelSqRho =  1.6009416015E-13  1.8455237338E-12 -2.2388774862E-17
HessDelSqRho_EigVals = -2.4850991539E+01  1.4102442866E+01  1.5145028568E+01
HessDelSqRho_EigVec1 =  9.8321620426E-02  9.9515469083E-01 -1.6703685285E-05
HessDelSqRho_EigVec2 =  3.7558274413E-05  1.3074243623E-05  9.9999999921E-01
HessDelSqRho_EigVec3 =  9.9515469026E-01 -9.8321620975E-02 -3.6090812142E-05
</CP of DelSqRho>
<CP of DelSqRho>
CP# = 5       
Type = (3,-1)
Coords = -2.20003958462330E+00 -1.93794256251341E-01  1.46348418108659E-05
DistFromNuc =  1.9177795579E-01
Rho =  1.4901076301E+01
DelSqRho =  6.3407081470E+02
GradDelSqRho = -3.6806113712E-12  1.9895196601E-12 -3.4000580129E-16
HessDelSqRho_EigVals = -1.7353214735E+05 -7.3714159599E+02  1.1337678962E+02
HessDelSqRho_EigVec1 =  8.4367802676E-01 -5.3684950071E-01  2.7504243671E-05
HessDelSqRho_EigVec2 = -2.6633524801E-05  9.3771606441E-06  9.9999999960E-01
HessDelSqRho_EigVec3 =  5.3684950075E-01  8.4367802715E-01  6.3868901029E-06
</CP of DelSqRho>
<CP of DelSqRho>
CP# = 6       
Type = (3,-1)
Coords = -2.09763846471023E+00 -4.79012288321718E-01  4.87048432435733E-06
DistFromNuc =  1.9173335254E-01
Rho =  1.4906839617E+01
DelSqRho =  6.3442741816E+02
GradDelSqRho = -4.8032688937E-12 -1.6910917111E-11 -3.5388358910E-16
HessDelSqRho_EigVals = -1.7390285223E+05 -7.4108197850E+02  1.0360196618E+02
HessDelSqRho_EigVec1 =  3.0941497973E-01  9.5092710770E-01  7.8441073083E-05
HessDelSqRho_EigVec2 =  9.3355463140E-06 -8.5526671821E-05  9.9999999630E-01
HessDelSqRho_EigVec3 =  9.5092711089E-01 -3.0941497785E-01 -3.5340657483E-05
</CP of DelSqRho>
<CP of DelSqRho>
CP# = 7       
Type = (3,+1)
Coords = -2.04485605168106E+00 -2.96615951064667E-01  1.91846046239536E-01
DistFromNuc =  1.9194102851E-01
Rho =  1.4949832911E+01
DelSqRho =  6.2070019691E+02
GradDelSqRho =  6.7323924213E-13  6.9277916737E-14 -2.6687985155E-11
HessDelSqRho_EigVals = -1.7060510685E+05  7.7916362251E+02  8.0973100067E+02
HessDelSqRho_EigVec1 = -3.4179820784E-02  5.3944494703E-04  9.9941555364E-01
HessDelSqRho_EigVec2 = -2.2274686331E-01  9.7484229946E-01 -8.1440813994E-03
HessDelSqRho_EigVec3 =  9.7427694971E-01  2.2289504296E-01  3.3199775419E-02
</CP of DelSqRho>
<CP of DelSqRho>
CP# = 8       
Type = (3,+1)
Coords = -2.04486627148512E+00 -2.96606166921365E-01 -1.91805808137385E-01
DistFromNuc =  1.9194071473E-01
Rho =  1.4949871865E+01
DelSqRho =  6.2070340929E+02
GradDelSqRho = -7.1231909260E-13  3.0198066270E-14 -5.6843418861E-14
HessDelSqRho_EigVals = -1.7060786447E+05  7.7908567523E+02  8.0965112512E+02
HessDelSqRho_EigVec1 =  3.4233080375E-02 -5.9041821643E-04  9.9941370193E-01
HessDelSqRho_EigVec2 = -2.2274700657E-01  9.7484175008E-01  8.2056914875E-03
HessDelSqRho_EigVec3 =  9.7427504703E-01  2.2289731652E-01 -3.3240322093E-02
</CP of DelSqRho>
<CP of DelSqRho>
CP# = 9       
Type = (3,-3)
Coords = -2.21013533323161E+00 -3.81773056758482E-01  1.10858914149326E-05
DistFromNuc =  1.9180485939E-01
Rho =  1.4888999918E+01
DelSqRho =  6.3482927799E+02
GradDelSqRho = -6.4517280407E-12  6.1817218011E-12 -8.6736173799E-17
HessDelSqRho_EigVals = -1.7326915603E+05 -7.9641417437E+02 -8.3878309549E+01
HessDelSqRho_EigVec1 =  8.9620688704E-01  4.4363635276E-01  4.6053446762E-05
HessDelSqRho_EigVec2 = -2.5532797484E-05 -5.2229213383E-05  9.9999999831E-01
HessDelSqRho_EigVec3 = -4.4363635442E-01  8.9620688671E-01  3.5480903587E-05
</CP of DelSqRho>
<CP of DelSqRho>
CP# = 10      
Type = (3,-3)
Coords = -1.85514511754813E+00 -3.53399472756961E-01  3.77410913037373E-06
DistFromNuc =  1.9164894564E-01
Rho =  1.4908783220E+01
DelSqRho =  6.3689331616E+02
GradDelSqRho =  1.9241497284E-11 -1.1652900866E-12  3.8857805862E-16
HessDelSqRho_EigVals = -1.7472134873E+05 -8.6431218398E+02 -1.0015234685E+02
HessDelSqRho_EigVec1 =  9.5537640103E-01 -2.9539113945E-01 -8.4190362737E-05
HessDelSqRho_EigVec2 =  7.5850338212E-05 -3.9692251139E-05  9.9999999634E-01
HessDelSqRho_EigVec3 =  2.9539114171E-01  9.5537640392E-01  1.5515522210E-05
</CP of DelSqRho>
<CP of DelSqRho>
CP# = 11      
Type = (3,-1)
Coords = -1.35681109395341E+00 -8.10277584499476E-01 -9.30292713608738E-06
DistFromNuc =  8.5326543856E-01
Rho =  3.6620799952E-01
DelSqRho = -1.2867817759E-01
GradDelSqRho =  1.0658141036E-14 -7.9936057773E-15 -1.0164395367E-18
HessDelSqRho_EigVals = -9.0178940851E+00 -4.0026971162E+00  4.3490156957E+01
HessDelSqRho_EigVec1 =  6.0177444357E-01  7.9866608724E-01 -1.2284302168E-05
HessDelSqRho_EigVec2 =  3.6513670532E-05 -1.2131091784E-05  9.9999999926E-01
HessDelSqRho_EigVec3 =  7.9866608650E-01 -6.0177444358E-01 -3.6462411383E-05
</CP of DelSqRho>
<CP of DelSqRho>
CP# = 12      
Type = (3,-1)
Coords = -2.82165412847985E+00 -6.46465933872203E-01  3.70155693891461E-05
DistFromNuc =  8.5795805239E-01
Rho =  3.5545116767E-01
DelSqRho = -1.5523796895E-01
GradDelSqRho = -6.6613381478E-16 -6.2172489379E-15 -5.4210108624E-20
HessDelSqRho_EigVals = -8.1994450005E+00 -2.9161179029E+00  4.1618683924E+01
HessDelSqRho_EigVec1 = -4.0942327805E-01  9.1234455024E-01  3.2228342453E-05
HessDelSqRho_EigVec2 =  2.9921832596E-05 -2.1897042777E-05  9.9999999931E-01
HessDelSqRho_EigVec3 =  9.1234455032E-01  4.0942327873E-01 -1.8333861869E-05
</CP of DelSqRho>
<CP of DelSqRho>
CP# = 13      
Type = (3,-1)
Coords = -1.96146681862815E+00  5.55715439344270E-01  4.05847237199991E-05
DistFromNuc =  8.5588204056E-01
Rho =  3.6134944948E-01
DelSqRho = -9.1724809608E-02
GradDelSqRho =  8.8817841970E-16 -8.8817841970E-15 -5.4210108624E-20
HessDelSqRho_EigVals = -8.5918745655E+00 -4.4141845463E+00  4.2149327392E+01
HessDelSqRho_EigVec1 =  9.9570513874E-01 -9.2581179815E-02 -4.2723537389E-05
HessDelSqRho_EigVec2 =  4.0503155326E-05 -2.5862032121E-05  9.9999999885E-01
HessDelSqRho_EigVec3 =  9.2581180813E-02  9.9570513932E-01  2.2001128375E-05
</CP of DelSqRho>
<CP of DelSqRho>
CP# = 14      
Type = (3,+1)
Coords = -2.06453825810763E+00 -7.70304476432624E-01  6.40800189163118E-01
DistFromNuc =  7.9723033371E-01
Rho =  4.5227414623E-01
DelSqRho = -1.1285090440E+00
GradDelSqRho = -1.7763568394E-15  1.7763568394E-15  6.2172489379E-15
HessDelSqRho_EigVals = -4.2148039436E+00  4.8476082791E+00  7.0033869000E+01
HessDelSqRho_EigVec1 =  1.3855354602E-01  8.2215221788E-01  5.5214911529E-01
HessDelSqRho_EigVec2 =  9.8999444584E-01 -1.3002132790E-01 -5.4821998378E-02
HessDelSqRho_EigVec3 = -2.6719133615E-02 -5.5422033969E-01  8.3194104537E-01
</CP of DelSqRho>
<CP of DelSqRho>
CP# = 15      
Type = (3,+1)
Coords = -2.06459278948212E+00 -7.70352404360831E-01 -6.40722112277445E-01
DistFromNuc =  7.9722965486E-01
Rho =  4.5227805903E-01
DelSqRho = -1.1285641759E+00
GradDelSqRho =  4.4408920985E-15 -6.2172489379E-15 -1.1546319456E-14
HessDelSqRho_EigVals = -4.2155432690E+00  4.8484323446E+00  7.0035635293E+01
HessDelSqRho_EigVec1 =  1.3849264179E-01  8.2211782967E-01 -5.5221559405E-01
HessDelSqRho_EigVec2 =  9.9000111821E-01 -1.3000486149E-01  5.4740496265E-02
HessDelSqRho_EigVec3 =  2.6787573832E-02  5.5427521154E-01  8.3190228739E-01
</CP of DelSqRho>
<CP of DelSqRho>
CP# = 16      
Type = (3,+1)
Coords = -2.41335311205877E+00  1.05005259529783E-02  6.34043320173578E-01
DistFromNuc =  7.9818151205E-01
Rho =  4.5242302624E-01
DelSqRho = -1.1449897709E+00
GradDelSqRho =  0.0000000000E+00  2.2204460493E-15  3.5527136788E-15
HessDelSqRho_EigVals = -4.1547585227E+00  5.0356667010E+00  6.9955280303E+01
HessDelSqRho_EigVec1 =  7.1050698128E-01 -4.2518794380E-01  5.6070940959E-01
HessDelSqRho_EigVec2 = -5.5293967975E-01 -8.3017933402E-01  7.1133564001E-02
HessDelSqRho_EigVec3 = -4.3524423041E-01  3.6057937520E-01  8.2495149801E-01
</CP of DelSqRho>
<CP of DelSqRho>
CP# = 17      
Type = (3,+1)
Coords = -2.41345974741327E+00  1.05656664039639E-02 -6.33908436700603E-01
DistFromNuc =  7.9818100200E-01
Rho =  4.5242720265E-01
DelSqRho = -1.1450458565E+00
GradDelSqRho = -4.4408920985E-15  3.9968028887E-15 -1.2434497876E-14
HessDelSqRho_EigVals = -4.1555719697E+00  5.0364978061E+00  6.9956989284E+01
HessDelSqRho_EigVec1 =  7.1040995287E-01 -4.2514434484E-01 -5.6086538929E-01
HessDelSqRho_EigVec2 = -5.5296129482E-01 -8.3016609276E-01 -7.1120073615E-02
HessDelSqRho_EigVec3 =  4.3537513169E-01 -3.6066126003E-01  8.2484662224E-01
</CP of DelSqRho>
<CP of DelSqRho>
CP# = 18      
Type = (3,+3)
Coords = -1.27170737033052E+00  3.46568296933262E-02  2.86719972876460E-05
DistFromNuc =  8.3507574790E-01
Rho =  5.0009961494E-01
DelSqRho = -1.8815474736E+00
GradDelSqRho =  1.3988810110E-14  3.5527136788E-15  3.2526065175E-19
HessDelSqRho_EigVals =  4.5255746133E+00  1.3538953796E+01  5.3905797366E+01
HessDelSqRho_EigVec1 =  4.2955969035E-06 -3.2356000267E-05  9.9999999947E-01
HessDelSqRho_EigVec2 = -3.9961236325E-01  9.1668421943E-01  3.1376808496E-05
HessDelSqRho_EigVec3 =  9.1668421996E-01  3.9961236317E-01  8.9921518376E-06
</CP of DelSqRho>
<CP of DelSqRho>
CP# = 19      
Type = (3,+3)
Coords = -2.12404362385916E+00 -1.14361300967273E+00  3.46605385819381E-05
DistFromNuc =  8.5123240032E-01
Rho =  4.8298516959E-01
DelSqRho = -2.0424700881E+00
GradDelSqRho =  8.8817841970E-16  1.5654144647E-14  3.5778671692E-18
HessDelSqRho_EigVals =  9.9830664356E+00  1.5463590834E+01  4.5623541416E+01
HessDelSqRho_EigVec1 =  3.4915831681E-05  1.3401087428E-05  9.9999999930E-01
HessDelSqRho_EigVec2 =  9.9497848848E-01 -1.0008899215E-01 -3.3399200119E-05
HessDelSqRho_EigVec3 =  1.0008899164E-01  9.9497848895E-01 -1.6828484116E-05
</CP of DelSqRho>
<CP of DelSqRho>
CP# = 20      
Type = (3,+3)
Coords = -2.73425674424096E+00  1.98650203168971E-01  8.16323574380227E-05
DistFromNuc =  8.5431635342E-01
Rho =  4.8055026122E-01
DelSqRho = -2.0192533908E+00
GradDelSqRho = -4.4408920985E-15  1.7763568394E-15  4.7433845046E-19
HessDelSqRho_EigVals =  9.7526028835E+00  1.5347187069E+01  4.4697048971E+01
HessDelSqRho_EigVec1 =  5.9271872564E-05 -4.0655074225E-05  9.9999999742E-01
HessDelSqRho_EigVec2 =  5.8609115499E-01  8.1024512220E-01 -1.7981446710E-06
HessDelSqRho_EigVec3 =  8.1024512003E-01 -5.8609115358E-01 -7.1852325037E-05
</CP of DelSqRho>
<CP of DelSqRho>
CP# = 21      
Type = (3,+1)
Coords = -8.28369347703689E-01  2.20747826353942E-01  3.51020215344303E-05
DistFromNuc =  1.3158687065E+00
Rho =  3.5048295252E-01
DelSqRho = -9.2082982434E-01
GradDelSqRho =  4.6629367034E-15  9.7144514655E-15  1.0299920639E-18
HessDelSqRho_EigVals = -8.2329945565E+00  6.1225126089E+00  8.8401767934E+00
HessDelSqRho_EigVec1 =  9.2112223035E-01  3.8927347276E-01  1.2380559733E-05
HessDelSqRho_EigVec2 = -8.1282303728E-07 -2.9880922210E-05  9.9999999955E-01
HessDelSqRho_EigVec3 = -3.8927347296E-01  9.2112222995E-01  2.7207571265E-05
</CP of DelSqRho>
<CP of DelSqRho>
CP# = 22      
Type = (3,-3)
Coords = -1.87486478356461E+00  9.82021376945274E-01  5.60497121408102E-05
DistFromNuc =  1.2891313849E+00
Rho =  1.5599936973E-01
DelSqRho =  5.1136844437E-01
GradDelSqRho = -5.6205040622E-16 -8.3266726847E-16  8.5550327673E-20
HessDelSqRho_EigVals = -6.4052997888E+00 -8.4571575013E-01 -6.3195665043E-01
HessDelSqRho_EigVec1 =  6.0470956366E-02  9.9816995691E-01  2.3478079377E-05
HessDelSqRho_EigVec2 =  9.9816995653E-01 -6.0470955455E-02 -3.7748957715E-05
HessDelSqRho_EigVec3 =  3.6260133603E-05 -2.5717829046E-05  9.9999999901E-01
</CP of DelSqRho>
<CP of DelSqRho>
CP# = 23      
Type = (3,-1)
Coords = -2.68477180374541E+00  2.04088503356752E-01  1.12314503633830E+00
DistFromNuc =  1.3893330712E+00
Rho =  1.4474857152E-01
DelSqRho =  3.0129840634E-01
GradDelSqRho =  7.4940054162E-16 -1.2490009027E-15 -4.3021142204E-15
HessDelSqRho_EigVals = -5.0595948348E+00 -5.3457162388E-01  1.6248390014E-01
HessDelSqRho_EigVec1 = -3.9292160984E-01  3.0788827824E-01  8.6649721098E-01
HessDelSqRho_EigVec2 =  7.2420311726E-01 -4.7708357080E-01  4.9791677158E-01
HessDelSqRho_EigVec3 =  5.6669432102E-01  8.2316224075E-01 -3.5517206201E-02
</CP of DelSqRho>
<CP of DelSqRho>
CP# = 24      
Type = (3,-1)
Coords = -2.17847961324446E+00 -1.09573622791631E+00  1.12270262578545E+00
DistFromNuc =  1.3851062682E+00
Rho =  1.4420366757E-01
DelSqRho =  3.0640681069E-01
GradDelSqRho =  2.7582103268E-16  1.1796119637E-16 -1.3739009930E-15
HessDelSqRho_EigVals = -5.1428483368E+00 -5.2192998347E-01  1.6909398135E-01
HessDelSqRho_EigVec1 = -1.0186223151E-01 -4.8847941013E-01  8.6660945741E-01
HessDelSqRho_EigVec2 =  6.4805127772E-02  8.6603191489E-01  4.9577113450E-01
HessDelSqRho_EigVec3 =  9.9268543920E-01 -1.0666109070E-01  5.6559972826E-02
</CP of DelSqRho>
<CP of DelSqRho>
CP# = 25      
Type = (3,-1)
Coords = -2.68492861944203E+00  2.04182132999156E-01 -1.12298141651455E+00
DistFromNuc =  1.3893395310E+00
Rho =  1.4474807561E-01
DelSqRho =  3.0129410087E-01
GradDelSqRho =  6.5225602697E-16 -9.5756735874E-16  2.5535129566E-15
HessDelSqRho_EigVals = -5.0594353544E+00 -5.3462512137E-01  1.6249195397E-01
HessDelSqRho_EigVec1 =  3.9303453555E-01 -3.0795581913E-01  8.6642199148E-01
HessDelSqRho_EigVec2 =  7.2413396784E-01 -4.7705092229E-01 -4.9804860623E-01
HessDelSqRho_EigVec3 =  5.6670437662E-01  8.2315589715E-01  3.5503781550E-02
</CP of DelSqRho>
<CP of DelSqRho>
CP# = 26      
Type = (3,-1)
Coords = -2.17856025996840E+00 -1.09578658562511E+00 -1.12262500360662E+00
DistFromNuc =  1.3851126411E+00
Rho =  1.4420311819E-01
DelSqRho =  3.0640163246E-01
GradDelSqRho =  2.4633073359E-16 -1.6653345369E-16 -9.7144514655E-17
HessDelSqRho_EigVals = -5.1426839622E+00 -5.2197405285E-01  1.6910393608E-01
HessDelSqRho_EigVec1 =  1.0192355724E-01  4.8850960006E-01  8.6658522901E-01
HessDelSqRho_EigVec2 =  6.4764425956E-02  8.6601524646E-01 -4.9580556878E-01
HessDelSqRho_EigVec3 =  9.9268180079E-01 -1.0665816217E-01 -5.6629310721E-02
</CP of DelSqRho>
<CP of DelSqRho>
CP# = 27      
Type = (3,-3)
Coords = -9.90884839592396E-01 -1.05591257083690E+00 -1.59102316675678E-05
DistFromNuc =  1.2935563002E+00
Rho =  1.5553293058E-01
DelSqRho =  5.0767069640E-01
GradDelSqRho = -3.3306690739E-16 -1.3322676296E-15 -8.8091426514E-20
HessDelSqRho_EigVals = -6.3723746860E+00 -9.9635714659E-01 -5.0477443476E-01
HessDelSqRho_EigVec1 =  7.8313653964E-01 -6.2184978818E-01 -3.4761897416E-05
HessDelSqRho_EigVec2 =  6.2184978812E-01  7.8313654034E-01 -1.3917660542E-05
HessDelSqRho_EigVec3 =  3.5878006338E-05 -1.0717250026E-05  9.9999999930E-01
</CP of DelSqRho>
<CP of DelSqRho>
CP# = 28      
Type = (3,-3)
Coords = -3.22123819229372E+00 -8.24259122960889E-01  6.60168784570638E-05
DistFromNuc =  1.2953110547E+00
Rho =  1.5143662584E-01
DelSqRho =  4.4708439311E-01
GradDelSqRho =  1.2212453271E-15 -1.1102230246E-16 -1.6601845766E-19
HessDelSqRho_EigVals = -6.1293570477E+00 -8.8775855850E-01 -3.0653049632E-01
HessDelSqRho_EigVec1 =  9.1070405194E-01  4.1305947389E-01 -2.8382002236E-05
HessDelSqRho_EigVec2 = -4.1305947292E-01  9.1070405217E-01  3.4431197191E-05
HessDelSqRho_EigVec3 =  4.0069736642E-05 -1.9633175911E-05  9.9999999900E-01
</CP of DelSqRho>
<CP of DelSqRho>
CP# = 29      
Type = (3,-1)
Coords = -2.41752572134203E-01 -7.43772007032543E-01 -1.80291255162266E-05
DistFromNuc =  1.8512573216E+00
Rho =  9.6175606308E-02
DelSqRho =  3.5357552354E-01
GradDelSqRho = -2.2898349883E-16  1.3877787808E-16 -5.0821976835E-20
HessDelSqRho_EigVals = -2.3265514447E+00 -3.4400467863E-01  8.3065197384E-01
HessDelSqRho_EigVec1 = -9.3414418778E-02  9.9562731207E-01  4.2815748727E-05
HessDelSqRho_EigVec2 =  1.4731717936E-05 -4.1621592050E-05  9.9999999903E-01
HessDelSqRho_EigVec3 =  9.9562731288E-01  9.3414419318E-02 -1.0779243901E-05
</CP of DelSqRho>
<CP of DelSqRho>
CP# = 30      
Type = (3,+1)
Coords = -6.21479910304101E-01  3.80695533988193E-01  1.31872146118813E+00
DistFromNuc =  2.0506137734E+00
Rho =  7.9974154481E-02
DelSqRho =  1.6091646064E-01
GradDelSqRho =  6.6786853825E-17  6.9388939039E-18 -1.5265566589E-16
HessDelSqRho_EigVals = -1.2012483179E+00  1.5341079378E-01  1.6805482653E-01
HessDelSqRho_EigVec1 = -2.5543966400E-01 -5.1149292943E-02  9.6547103938E-01
HessDelSqRho_EigVec2 = -1.9321850419E-01  9.8115537559E-01  8.5940842001E-04
HessDelSqRho_EigVec3 =  9.4732105840E-01  1.8632734307E-01  2.6050898935E-01
</CP of DelSqRho>
<CP of DelSqRho>
CP# = 31      
Type = (3,+1)
Coords = -6.21504865339207E-01  3.80767500563451E-01 -1.31863292749383E+00
DistFromNuc =  2.0505888174E+00
Rho =  7.9975999487E-02
DelSqRho =  1.6092520129E-01
GradDelSqRho =  1.0408340856E-17  5.5511151231E-17  1.6653345369E-16
HessDelSqRho_EigVals = -1.2012924801E+00  1.5341669909E-01  1.6808286758E-01
HessDelSqRho_EigVec1 =  2.5545401493E-01  5.1093331278E-02  9.6547020552E-01
HessDelSqRho_EigVec2 = -1.9346797928E-01  9.8110631766E-01 -7.3106144125E-04
HessDelSqRho_EigVec3 =  9.4726627051E-01  1.8660081714E-01 -2.6051247148E-01
</CP of DelSqRho>
<Path of -GradDelSqRho>
Starting CP# =      3
Ending CP# =     20
Number of Points =     15
 -3.0268197286E+00  3.9980686985E-01  1.0708435143E-04  3.7119719107E-01 -1.3541644642E+00
 -3.0063128651E+00  3.8550762001E-01  1.0530621595E-04  3.7603754137E-01 -1.3617084867E+00
 -2.9858062036E+00  3.7120808038E-01  1.0352681955E-04  3.8142396870E-01 -1.3832940854E+00
 -2.9652994401E+00  3.5690868722E-01  1.0174612328E-04  3.8733509872E-01 -1.4173379148E+00
 -2.9447921509E+00  3.4261004779E-01  9.9964080637E-05  3.9374590319E-01 -1.4622143675E+00
 -2.9242837585E+00  3.2831299096E-01  9.8180631945E-05  4.0062821325E-01 -1.5162147569E+00
 -2.9037734763E+00  3.1401864514E-01  9.6395697922E-05  4.0795128426E-01 -1.5774976246E+00
 -2.8832602213E+00  2.9972856595E-01  9.4609172096E-05  4.1568245519E-01 -1.6440337974E+00
 -2.8627424602E+00  2.8544495758E-01  9.2820911556E-05  4.2378795030E-01 -1.7135488807E+00
 -2.8422179263E+00  2.7117108329E-01  9.1030724333E-05  4.3223387453E-01 -1.7834646122E+00
 -2.8216830482E+00  2.5691209544E-01  8.9238349071E-05  4.4098745740E-01 -1.8508381685E+00
 -2.8011316484E+00  2.4267693300E-01  8.7443414040E-05  4.5001860325E-01 -1.9122941418E+00
 -2.7805513766E+00  2.2848355353E-01  8.5645328489E-05  4.5930180421E-01 -1.9639360898E+00
 -2.7599101977E+00  2.1437896300E-01  8.3842862338E-05  4.6881839820E-01 -2.0012115980E+00
 -2.7342567442E+00  1.9865020317E-01  8.1632357438E-05  4.8055026122E-01 -2.0192533908E+00
</Path of -GradDelSqRho>
<Path of -GradDelSqRho>
Starting CP# =      3
Ending CP# =      0
Number of Points =     29
 -3.0268197286E+00  3.9980686985E-01  1.0708435143E-04  3.7119719107E-01 -1.3541644642E+00
 -3.0473269878E+00  4.1410555213E-01  1.0886130107E-04  3.6692014018E-01 -1.3622301287E+00
 -3.0678347875E+00  4.2840345926E-01  1.1063706326E-04  3.6321894903E-01 -1.3874642889E+00
 -3.0883432006E+00  4.4270048655E-01  1.1241168289E-04  3.6010098043E-01 -1.4313896151E+00
 -3.1088522494E+00  4.5699660195E-01  1.1418521640E-04  3.5756784738E-01 -1.4954143106E+00
 -3.1293619155E+00  4.7129183159E-01  1.1595773841E-04  3.5561488751E-01 -1.5806742312E+00
 -3.1498721485E+00  4.8558624795E-01  1.1772935064E-04  3.5423076544E-01 -1.6877591899E+00
 -3.1703828717E+00  4.9987996092E-01  1.1950019487E-04  3.5339739160E-01 -1.8162895123E+00
 -3.1908939861E+00  5.1417311260E-01  1.2127047238E-04  3.5309046907E-01 -1.9643398705E+00
 -3.2114053702E+00  5.2846587720E-01  1.2304047409E-04  3.5328112734E-01 -2.1277932403E+00
 -3.2319168752E+00  5.4275846816E-01  1.2481062811E-04  3.5393923048E-01 -2.2998731845E+00
 -3.2524283151E+00  5.5705115277E-01  1.2658156921E-04  3.5503896416E-01 -2.4713468636E+00
 -3.2729394600E+00  5.7134426052E-01  1.2835419673E-04  3.5656706231E-01 -2.6321514048E+00
 -3.2934500985E+00  5.8563809501E-01  1.3012945921E-04  3.5853335415E-01 -2.7753162862E+00
 -3.3139603918E+00  5.9993242489E-01  1.3190683666E-04  3.6098207517E-01 -2.9037970302E+00
 -3.3344715452E+00  6.1422552049E-01  1.3368113280E-04  3.6400066159E-01 -3.0399798854E+00
 -3.3549849986E+00  6.2851531501E-01  1.3544550754E-04  3.6772093064E-01 -3.2361348699E+00
 -3.3755005971E+00  6.4280202964E-01  1.3719996576E-04  3.7230639834E-01 -3.5823046817E+00
 -3.3960174308E+00  6.5708697034E-01  1.3894825727E-04  3.7791998218E-01 -4.2066635257E+00
 -3.4165348654E+00  6.7137104802E-01  1.4069315778E-04  3.8466935381E-01 -5.2629940264E+00
 -3.4370525721E+00  6.8565473477E-01  1.4243613897E-04  3.9253314010E-01 -6.9012205595E+00
 -3.4575703833E+00  6.9993827142E-01  1.4417795206E-04  4.0127959489E-01 -9.2205105476E+00
 -3.4780882074E+00  7.1422178954E-01  1.4591899464E-04  4.1039869464E-01 -1.2211073525E+01
 -3.4986059882E+00  7.2850537004E-01  1.4765948785E-04  4.1907565935E-01 -1.5700465086E+01
 -3.5191236827E+00  7.4278907426E-01  1.4939956147E-04  4.2623377609E-01 -1.9329793696E+01
 -3.5396412447E+00  7.5707296892E-01  1.5113929813E-04  4.3066202240E-01 -2.2586895461E+01
 -3.5601585925E+00  7.7135717131E-01  1.5287876338E-04  4.3121698042E-01 -2.4908480020E+01
 -3.5806754102E+00  7.8564213498E-01  1.5461808128E-04  4.2705573127E-01 -2.5831189354E+01
 -3.5817011492E+00  7.8635652954E-01  1.5470507316E-04  4.2671518921E-01 -2.5835374180E+01
</Path of -GradDelSqRho>
<Path of -GradDelSqRho>
Starting CP# =      4
Ending CP# =     19
Number of Points =     15
 -2.1599709748E+00 -1.5050350172E+00  4.1044864386E-05  3.6890349397E-01 -1.3428181399E+00
 -2.1575113603E+00 -1.4801563055E+00  4.0626755361E-05  3.7380574320E-01 -1.3503328695E+00
 -2.1550485310E+00 -1.4552779118E+00  4.0207553946E-05  3.7925718384E-01 -1.3718723531E+00
 -2.1525825689E+00 -1.4303998285E+00  3.9787215949E-05  3.8523741081E-01 -1.4059215139E+00
 -2.1501135944E+00 -1.4055220439E+00  3.9365682378E-05  3.9172236447E-01 -1.4509307203E+00
 -2.1476417640E+00 -1.3806445430E+00  3.8942871714E-05  3.9868480599E-01 -1.5052751996E+00
 -2.1451672686E+00 -1.3557673070E+00  3.8518670425E-05  4.0609483846E-01 -1.5672054785E+00
 -2.1426903326E+00 -1.3308903138E+00  3.8092920850E-05  4.1392051571E-01 -1.6347924840E+00
 -2.1402112149E+00 -1.3060135380E+00  3.7665404446E-05  4.2212858638E-01 -1.7058701089E+00
 -2.1377302150E+00 -1.2811369498E+00  3.7235815891E-05  4.3068542387E-01 -1.7779769634E+00
 -2.1352476900E+00 -1.2562605138E+00  3.6803717030E-05  4.3955819669E-01 -1.8482970073E+00
 -2.1327640956E+00 -1.2313841845E+00  3.6368440444E-05  4.4871633853E-01 -1.9135948813E+00
 -2.1302801004E+00 -1.2065078953E+00  3.5928842067E-05  4.5813338581E-01 -1.9701347066E+00
 -2.1277969805E+00 -1.1816315186E+00  3.5482449069E-05  4.6778926846E-01 -2.0135590845E+00
 -2.1240436239E+00 -1.1436130097E+00  3.4660538582E-05  4.8298516959E-01 -2.0424700881E+00
</Path of -GradDelSqRho>
<Path of -GradDelSqRho>
Starting CP# =      4
Ending CP# =      0
Number of Points =     29
 -2.1599709748E+00 -1.5050350172E+00  4.1044864386E-05  3.6890349397E-01 -1.3428181399E+00
 -2.1624274348E+00 -1.5299140405E+00  4.1461950293E-05  3.6456672090E-01 -1.3508354649E+00
 -2.1648806384E+00 -1.5547933852E+00  4.1878012443E-05  3.6080710594E-01 -1.3758901961E+00
 -2.1673306312E+00 -1.5796730462E+00  4.2293087788E-05  3.5763121578E-01 -1.4194592123E+00
 -2.1697775112E+00 -1.6045530136E+00  4.2707222296E-05  3.5503996825E-01 -1.4829137258E+00
 -2.1722214409E+00 -1.6294332710E+00  4.3120478063E-05  3.5302812044E-01 -1.5673638940E+00
 -2.1746626657E+00 -1.6543137939E+00  4.3532942554E-05  3.5158387813E-01 -1.6733895226E+00
 -2.1771015438E+00 -1.6791945470E+00  4.3944741556E-05  3.5068881178E-01 -1.8006231337E+00
 -2.1795385928E+00 -1.7040754793E+00  4.4356058253E-05  3.5031838548E-01 -1.9471815954E+00
 -2.1819745631E+00 -1.7289565172E+00  4.4767162511E-05  3.5044355075E-01 -2.1090261980E+00
 -2.1844105557E+00 -1.7538375530E+00  4.5178456851E-05  3.5103398493E-01 -2.2794931243E+00
 -2.1868481941E+00 -1.7787184275E+00  4.5590543923E-05  3.5206357388E-01 -2.4494767161E+00
 -2.1892897682E+00 -1.8035989161E+00  4.6004284977E-05  3.5351850298E-01 -2.6090060724E+00
 -2.1917377000E+00 -1.8284787800E+00  4.6420605293E-05  3.5540765642E-01 -2.7510784430E+00
 -2.1941907620E+00 -1.8533581386E+00  4.6839067463E-05  3.5777380994E-01 -2.8783668470E+00
 -2.1966359317E+00 -1.8782382736E+00  4.7254751870E-05  3.6070240701E-01 -3.0125842952E+00
 -2.1990557158E+00 -1.9031208895E+00  4.7660964488E-05  3.6432291445E-01 -3.2048303127E+00
 -2.2014499235E+00 -1.9280059800E+00  4.8057551018E-05  3.6879657686E-01 -3.5434753114E+00
 -2.2038281306E+00 -1.9528926053E+00  4.8448114365E-05  3.7428484110E-01 -4.1546881201E+00
 -2.2061974761E+00 -1.9777800760E+00  4.8835363020E-05  3.8089568142E-01 -5.1903092181E+00
 -2.2085617429E+00 -2.0026680298E+00  4.9220738625E-05  3.8861087038E-01 -6.7990175461E+00
 -2.2109228556E+00 -2.0275562830E+00  4.9604977905E-05  3.9720552921E-01 -9.0802280176E+00
 -2.2132818282E+00 -2.0524447391E+00  4.9988471088E-05  4.0618052314E-01 -1.2026641020E+01
 -2.2156392206E+00 -2.0773333449E+00  5.0371435561E-05  4.1473530921E-01 -1.5470887026E+01
 -2.2179953585E+00 -2.1022220696E+00  5.0753999439E-05  4.2180889033E-01 -1.9061240470E+01
 -2.2203504459E+00 -2.1271108936E+00  5.1136245297E-05  4.2620453298E-01 -2.2293247599E+01
 -2.2227046392E+00 -2.1519998023E+00  5.1518240791E-05  4.2678840498E-01 -2.4609566996E+01
 -2.2250582134E+00 -2.1768887695E+00  5.1900118367E-05  4.2271986957E-01 -2.5548848110E+01
 -2.2251760359E+00 -2.1781332042E+00  5.1919288462E-05  4.2238556525E-01 -2.5554402940E+01
</Path of -GradDelSqRho>
<Path of -GradDelSqRho>
Starting CP# =      7
Ending CP# =     18
Number of Points =     75
 -2.0448560517E+00 -2.9661595106E-01  1.9184604624E-01  1.4949832911E+01  6.2070019691E+02
 -2.0457080462E+00 -2.9660228769E-01  2.1683152035E-01  1.0825651148E+01  5.8638655678E+02
 -2.0465565338E+00 -2.9658820036E-01  2.4181711360E-01  7.8849356257E+00  5.1719742550E+02
 -2.0474036345E+00 -2.9657368946E-01  2.6680275367E-01  5.7903949508E+00  4.3061230522E+02
 -2.0482492242E+00 -2.9655867846E-01  2.9178844462E-01  4.3031142741E+00  3.4017458226E+02
 -2.0490920773E+00 -2.9654294670E-01  3.1677422758E-01  3.2489867540E+00  2.5854511321E+02
 -2.0499305380E+00 -2.9652612446E-01  3.4176015758E-01  2.5015086465E+00  1.9201653918E+02
 -2.0507626247E+00 -2.9650768050E-01  3.6674629948E-01  1.9702698467E+00  1.4091960704E+02
 -2.0515861199E+00 -2.9648692465E-01  3.9173272412E-01  1.5915102426E+00  1.0267998371E+02
 -2.0523987077E+00 -2.9646302704E-01  4.1671950296E-01  1.3204342726E+00  7.4214504010E+01
 -2.0531979850E+00 -2.9643501159E-01  4.4170670671E-01  1.1254396228E+00  5.2981395373E+01
 -2.0539812046E+00 -2.9640167190E-01  4.6669441222E-01  9.8407886836E-01  3.7152032180E+01
 -2.0547447779E+00 -2.9636139188E-01  4.9168271525E-01  8.8033800334E-01  2.5442460085E+01
 -2.0554836272E+00 -2.9631187488E-01  5.1667174435E-01  8.0280357939E-01  1.6909407084E+01
 -2.0561903802E+00 -2.9624976318E-01  5.4166167256E-01  7.4339306795E-01  1.0814710184E+01
 -2.0568542677E+00 -2.9617008230E-01  5.6665272422E-01  6.9644152558E-01  6.5592694791E+00
 -2.0574594630E+00 -2.9606538571E-01  5.9164516927E-01  6.5802619746E-01  3.6570999481E+00
 -2.0579824194E+00 -2.9592437499E-01  6.1663928227E-01  6.2546286433E-01  1.7238080237E+00
 -2.0583873208E+00 -2.9572954520E-01  6.4163520340E-01  5.9693357088E-01  4.6613840324E-01
 -2.0586175606E+00 -2.9545279989E-01  6.6663251881E-01  5.7121699327E-01 -3.3119484693E-01
 -2.0585774050E+00 -2.9504609768E-01  6.9162894200E-01  5.4749874194E-01 -8.2054294997E-01
 -2.0580839325E+00 -2.9441713618E-01  7.1661541630E-01  5.2524494024E-01 -1.1062234668E+00
 -2.0566981012E+00 -2.9334435856E-01  7.4155034508E-01  5.0414057688E-01 -1.2577585497E+00
 -2.0526865635E+00 -2.9095783740E-01  7.6605581706E-01  4.8431323855E-01 -1.3210552204E+00
 -2.0358286609E+00 -2.8229695852E-01  7.7890061035E-01  4.7467393439E-01 -1.3362125348E+00
 -2.0134385477E+00 -2.7120722140E-01  7.7820454902E-01  4.7542967327E-01 -1.3453621030E+00
 -1.9909835823E+00 -2.6033371399E-01  7.7662420626E-01  4.7620331548E-01 -1.3533737384E+00
 -1.9684602104E+00 -2.4972538963E-01  7.7436250384E-01  4.7684121294E-01 -1.3603323514E+00
 -1.9458747345E+00 -2.3942083070E-01  7.7141885563E-01  4.7735220439E-01 -1.3663304551E+00
 -1.9232457721E+00 -2.2943430520E-01  7.6779226083E-01  4.7774644158E-01 -1.3714678248E+00
 -1.9006062946E+00 -2.1974793653E-01  7.6348148705E-01  4.7803490204E-01 -1.3758500276E+00
 -1.8780019367E+00 -2.1031215129E-01  7.5848493824E-01  4.7822922722E-01 -1.3795870822E+00
 -1.8554847599E+00 -2.0105875094E-01  7.5280083249E-01  4.7834162635E-01 -1.3827924239E+00
 -1.8331041869E+00 -1.9192355628E-01  7.4642777487E-01  4.7838483667E-01 -1.3855821283E+00
 -1.8108996063E+00 -1.8286615517E-01  7.3936539709E-01  4.7837207315E-01 -1.3880742026E+00
 -1.7888989134E+00 -1.7387440992E-01  7.3161462159E-01  4.7831690226E-01 -1.3903878311E+00
 -1.7671224889E+00 -1.6495483425E-01  7.2317753236E-01  4.7823304502E-01 -1.3926426043E+00
 -1.7455880229E+00 -1.5612072938E-01  7.1405717992E-01  4.7813416424E-01 -1.3949577889E+00
 -1.7243130932E+00 -1.4738580095E-01  7.0425751847E-01  4.7803367147E-01 -1.3974516527E+00
 -1.7033157913E+00 -1.3876248000E-01  6.9378344736E-01  4.7794455292E-01 -1.4002408274E+00
 -1.6826146142E+00 -1.3026197449E-01  6.8264088168E-01  4.7787920513E-01 -1.4034396838E+00
 -1.6622282377E+00 -1.2189457281E-01  6.7083681567E-01  4.7784927711E-01 -1.4071596907E+00
 -1.6421753187E+00 -1.1366986143E-01  6.5837936874E-01  4.7786552005E-01 -1.4115087209E+00
 -1.6224743319E+00 -1.0559685077E-01  6.4527781150E-01  4.7793764681E-01 -1.4165902705E+00
 -1.6031434330E+00 -9.7684044031E-02  6.3154257008E-01  4.7807420355E-01 -1.4225025547E+00
 -1.5842003416E+00 -8.9939474079E-02  6.1718520783E-01  4.7828245555E-01 -1.4293374494E+00
 -1.5656622427E+00 -8.2370723507E-02  6.0221838393E-01  4.7856828876E-01 -1.4371792550E+00
 -1.5475457093E+00 -7.4984937145E-02  5.8665578956E-01  4.7893612872E-01 -1.4461032647E+00
 -1.5298666463E+00 -6.7788833157E-02  5.7051206312E-01  4.7938887753E-01 -1.4561741393E+00
 -1.5126402597E+00 -6.0788716827E-02  5.5380268730E-01  4.7992786962E-01 -1.4674440974E+00
 -1.4958810533E+00 -5.3990499854E-02  5.3654387137E-01  4.8055284674E-01 -1.4799509535E+00
 -1.4796028529E+00 -4.7399727079E-02  5.1875242308E-01  4.8126195211E-01 -1.4937160488E+00
 -1.4638188612E+00 -4.1021611823E-02  5.0044561465E-01  4.8205174411E-01 -1.5087421381E+00
 -1.4485417425E+00 -3.4861080500E-02  4.8164104796E-01  4.8291722941E-01 -1.5250113120E+00
 -1.4337837377E+00 -2.8922826761E-02  4.6235652366E-01  4.8385191604E-01 -1.5424830457E+00
 -1.4195568082E+00 -2.3211375105E-02  4.4260991895E-01  4.8484788704E-01 -1.5610924742E+00
 -1.4058728100E+00 -1.7731153709E-02  4.2241907848E-01  4.8589589534E-01 -1.5807490016E+00
 -1.3927436942E+00 -1.2486576071E-02  4.0180172267E-01  4.8698548145E-01 -1.6013353497E+00
 -1.3801817360E+00 -7.4821309051E-03  3.8077537745E-01  4.8810511508E-01 -1.6227071498E+00
 -1.3681997889E+00 -2.7224795894E-03  3.5935732971E-01  4.8924236257E-01 -1.6446931702E+00
 -1.3568115640E+00  1.7874398919E-03  3.3756461301E-01  4.9038408157E-01 -1.6670962589E+00
 -1.3460319315E+00  6.0423041204E-03  3.1541402878E-01  4.9151664453E-01 -1.6896950638E+00
 -1.3358772413E+00  1.0036293156E-02  2.9292220953E-01  4.9262619173E-01 -1.7122465697E+00
 -1.3263656540E+00  1.3762981507E-02  2.7010573170E-01  4.9369891371E-01 -1.7344894670E+00
 -1.3175174721E+00  1.7215238206E-02  2.4698128769E-01  4.9472136118E-01 -1.7561483412E+00
 -1.3093554488E+00  2.0385147256E-02  2.2356592814E-01  4.9568077759E-01 -1.7769386412E+00
 -1.3019050413E+00  2.3263966058E-02  1.9987738568E-01  4.9656544518E-01 -1.7965723542E+00
 -1.2951945557E+00  2.5842148418E-02  1.7593449024E-01  4.9736502850E-01 -1.8147642808E+00
 -1.2892551053E+00  2.8109470933E-02  1.5175767923E-01  4.9807089005E-01 -1.8312387662E+00
 -1.2841202732E+00  3.0055316174E-02  1.2736959123E-01  4.9867633936E-01 -1.8457367025E+00
 -1.2798253406E+00  3.1669180591E-02  1.0279570420E-01  4.9917676257E-01 -1.8580225714E+00
 -1.2764059318E+00  3.2941481758E-02  7.8064933901E-02  4.9956956757E-01 -1.8678912495E+00
 -1.2738959713E+00  3.3864723582E-02  5.3210048681E-02  4.9985388321E-01 -1.8751742609E+00
 -1.2723250059E+00  3.4435017430E-02  2.8267699649E-02  5.0002999129E-01 -1.8797451397E+00
 -1.2717073703E+00  3.4656829693E-02  2.8671997288E-05  5.0009961494E-01 -1.8815474736E+00
</Path of -GradDelSqRho>
<Path of -GradDelSqRho>
Starting CP# =      7
Ending CP# =      1
Number of Points =      8
 -2.0448560517E+00 -2.9661595106E-01  1.9184604624E-01  1.4949832911E+01  6.2070019691E+02
 -2.0439990459E+00 -2.9662932346E-01  1.6686074336E-01  2.0755435572E+01  5.2454042304E+02
 -2.0431381249E+00 -2.9664257038E-01  1.4187557498E-01  2.8975319509E+01 -8.5723599110E+01
 -2.0422752879E+00 -2.9665577708E-01  1.1689047266E-01  4.0600475508E+01 -1.9444578435E+03
 -2.0414114654E+00 -2.9666896594E-01  9.1905404390E-02  5.6964460341E+01 -5.8683288362E+03
 -2.0405457128E+00 -2.9668221548E-01  6.6920402959E-02  8.0290902859E+01 -1.7670451326E+04
 -2.0396784509E+00 -2.9669553592E-01  4.1935453903E-02  1.1329072274E+02 -5.0647933417E+04
 -2.0382203818E+00 -2.9671811067E-01  1.9782496784E-05  1.9584956961E+02 -1.6569298920E+06
</Path of -GradDelSqRho>
<Path of -GradDelSqRho>
Starting CP# =      8
Ending CP# =      1
Number of Points =      8
 -2.0448662715E+00 -2.9660616692E-01 -1.9180580814E-01  1.4949871865E+01  6.2070340929E+02
 -2.0440079340E+00 -2.9662081367E-01 -1.6682055168E-01  2.0755495149E+01  5.2454202935E+02
 -2.0431456808E+00 -2.9663533497E-01 -1.4183542995E-01  2.8975411126E+01 -8.5730571411E+01
 -2.0422815115E+00 -2.9664981608E-01 -1.1685037439E-01  4.0600614468E+01 -1.9444823245E+03
 -2.0414163565E+00 -2.9666427933E-01 -9.1865352923E-02  5.6964669619E+01 -5.8683893658E+03
 -2.0405492712E+00 -2.9667880328E-01 -6.6880398415E-02  8.0291220184E+01 -1.7670702060E+04
 -2.0396806765E+00 -2.9669339812E-01 -4.1895496373E-02  1.1329118769E+02 -5.0648560995E+04
 -2.0382203818E+00 -2.9671811067E-01  1.9782496784E-05  1.9584956961E+02 -1.6569298920E+06
</Path of -GradDelSqRho>
<Path of -GradDelSqRho>
Starting CP# =      8
Ending CP# =     18
Number of Points =     75
 -2.0448662715E+00 -2.9660616692E-01 -1.9180580814E-01  1.4949871865E+01  6.2070340929E+02
 -2.0457195973E+00 -2.9659122925E-01 -2.1679123609E-01  1.0825677194E+01  5.8638932299E+02
 -2.0465694157E+00 -2.9657586766E-01 -2.4177678336E-01  7.8849536766E+00  5.1719964049E+02
 -2.0474178472E+00 -2.9656008253E-01 -2.6676237750E-01  5.7904081853E+00  4.3061407196E+02
 -2.0482647676E+00 -2.9654379733E-01 -2.9174802258E-01  4.3031248096E+00  3.4017591851E+02
 -2.0491089511E+00 -2.9652679139E-01 -3.1673375979E-01  3.2489959979E+00  2.5854603252E+02
 -2.0499487420E+00 -2.9650869501E-01 -3.4171964423E-01  2.5015174985E+00  1.9201709228E+02
 -2.0507821585E+00 -2.9648897697E-01 -3.6670574083E-01  1.9702788437E+00  1.4091986719E+02
 -2.0516069829E+00 -2.9646694709E-01 -3.9169212054E-01  1.5915196697E+00  1.0268002417E+02
 -2.0524208992E+00 -2.9644177551E-01 -4.1667885489E-01  1.3204442469E+00  7.4214386896E+01
 -2.0532215042E+00 -2.9641248615E-01 -4.4166601467E-01  1.1254501529E+00  5.2981169890E+01
 -2.0540060505E+00 -2.9637787263E-01 -4.6665367683E-01  9.8408989570E-01  3.7151736639E+01
 -2.0547709495E+00 -2.9633631884E-01 -4.9164193723E-01  8.8034943138E-01  2.5442124219E+01
 -2.0555111230E+00 -2.9628552817E-01 -5.1663092459E-01  8.0281529348E-01  1.6909053643E+01
 -2.0562191985E+00 -2.9622214291E-01 -5.4162081216E-01  7.4340494920E-01  1.0814355961E+01
 -2.0568844062E+00 -2.9614118859E-01 -5.6661182462E-01  6.9645346000E-01  6.5589261416E+00
 -2.0574909184E+00 -2.9603521861E-01 -5.9160423239E-01  6.5803808153E-01  3.6567749048E+00
 -2.0580151869E+00 -2.9589293437E-01 -6.1659831068E-01  6.2547460794E-01  1.7235053476E+00
 -2.0584213925E+00 -2.9569683042E-01 -6.4159420068E-01  5.9694509837E-01  4.6585973587E-01
 -2.0586529229E+00 -2.9541880882E-01 -6.6659148999E-01  5.7122824339E-01 -3.3144949671E-01
 -2.0586140310E+00 -2.9501082416E-01 -6.9158789423E-01  5.4750966754E-01 -8.2077456766E-01
 -2.0581217595E+00 -2.9438056123E-01 -7.1657435920E-01  5.2525550991E-01 -1.1064335707E+00
 -2.0567369331E+00 -2.9330641027E-01 -7.4150928284E-01  5.0415079095E-01 -1.2579489171E+00
