AIMSum (Version 19.10.12, Professional)
Copyright (c) 1997-2019 by Todd A. Keith
AIMSum is a component of the AIMAll package ( http://aim.tkgristmill.com )

TP:  64-bit Mac OS X

Much of the Quantum Theory of Atoms in Molecules (QTAIM) is described in the book:
  "Atoms in Molecules - A Quantum Theory"
  R.F.W. Bader, Oxford University Press, Oxford, 1990

For additional references see:  http://aim.tkgristmill.com/references.html

Wfx File:  /Users/chemlab/Documents/SubstituentCoding/BCP Map Reference/BCPMapReference/SubH_CFHCH3_reor_wb97xd_aug-cc-pvtz.wfx
Sum File:  /Users/chemlab/Documents/SubstituentCoding/BCP Map Reference/BCPMapReference/SubH_CFHCH3_reor_wb97xd_aug-cc-pvtz.sum

SumViz File:  /Users/chemlab/Documents/SubstituentCoding/BCP Map Reference/BCPMapReference/SubH_CFHCH3_reor_wb97xd_aug-cc-pvtz.sumviz

Wfx Title:   SubH_CFHCH3_reor_B2PLYPD3_aug-cc-pV5Z

Total memory allocated for AIMSum =        0.445 Megabytes

Atomic units (a.u.) used throughout, except where stated otherwise

Model:  Restricted SCF

Restricted, closed-shell, single-determinant wavefunction.
  Number of electrons (from MO Occs)                   =          26.0000000000
  Number of Alpha electrons (from MO Occs)             =          13.0000000000
  Number of Beta electrons (from MO Occs)              =          13.0000000000
  Number of electron pairs (N*(N-1)/2)                 =         325.0000000000
  Number of electron pairs (from Muller 2EDM)          =         325.0000000000

Nuclear Charges and Cartesian Coordinates:
-------------------------------------------------------------------------------
Atom      Charge                X                  Y                  Z
-------------------------------------------------------------------------------
C1         6.0           0.0000000000E+00   0.0000000000E+00   0.0000000000E+00
H2         1.0          -2.0626228369E+00   0.0000000000E+00   0.0000000000E+00
H3         1.0           6.6564846847E-01   1.9522609415E+00   0.0000000000E+00
C4         6.0           1.0506990636E+00  -1.4683453557E+00   2.2035019195E+00
H5         1.0           3.8753180554E-01  -3.4164868832E+00   2.1640179818E+00
H6         1.0           3.1086221516E+00  -1.4693639181E+00   2.1640179818E+00
H7         1.0           4.3310822022E-01  -6.0526567167E-01   3.9703599411E+00
F8         9.0           7.7723490640E-01  -1.0861813172E+00  -2.2612254937E+00

Some Atomic Properties:
----------------------
  q(A) = Net Charge of Atom A
  L(A) = Lagrangian of Atom A = -(1/4) Times Atomic Integral of the Laplacian of the Electron Density
  K(A) = Electronic Kinetic Energy of Atom A (Hamiltonian Form)
  K_Scaled(A) = K(A) * E(Mol)/K(Mol) = Approximation to Virial-Based Total Energy of Atom A.
  |Mu_Intra(A)| = Magnitude of Intraatomic Dipole Moment of Atom A
--------------------------------------------------------------------------------------------------
Atom A          q(A)              L(A)              K(A)          K_Scaled(A)      |Mu_Intra(A)|
--------------------------------------------------------------------------------------------------
C1        6.1064062310E-01  2.3942333144E-04  3.7421323786E+01 -3.7631737076E+01  6.6312029356E-01
H2        1.2168849640E-02  2.1725350950E-05  6.2948674437E-01 -6.3302623372E-01  1.3798102553E-01
H3        1.2161818780E-02  2.5630149186E-05  6.2949405534E-01 -6.3303358579E-01  1.3796235230E-01
C4        3.7169281400E-02 -2.5221771550E-04  3.7789459580E+01 -3.8001942831E+01  7.6011417998E-02
H5        7.8373773700E-03  2.3576844935E-05  6.1846588575E-01 -6.2194340682E-01  1.3754472173E-01
H6        7.8312124700E-03  2.4126683603E-05  6.1846993818E-01 -6.2194748203E-01  1.3752603753E-01
H7        1.8182297000E-03  1.9791864620E-05  6.1809674872E-01 -6.2157219420E-01  1.3750558224E-01
F8       -6.8950085090E-01  5.6453005513E-05  9.9754995542E+01 -1.0031589972E+02  2.4076985351E-01
--------------------------------------------------------------------------------------------------
Total     1.2654156000E-04  1.5850951475E-04  1.7807979228E+02 -1.7908110253E+02

1st Largest |L(A)| = 2.5221771550E-04, atom C4
2nd Largest |L(A)| = 2.3942333144E-04, atom C1

Molecular charge q(Mol) from the wfx file:   0.0000000000E+00
Molecular energy E(Mol) from the wfx file:  -1.7908105984E+02
Molecular virial ratio (-V(Mol)/T(Mol)) from the wfx file:   2.0056228179E+00
Note.  K_Scaled(A) = (1+V(Mol)/T(Mol))*K(A) = (E(Mol)/T(Mol))*K(A)
       Only use K_Scaled(A) data with caution.

N_AIMInt(SumA)     =         25.999873
N_Analytic(Mol)    =         26.000000

G_AIMInt(SumA)     =        178.079634
G_Analytic(Mol)    =        178.079750

K_AIMInt(SumA)     =        178.079792
K_Analytic(Mol)    =        178.079750

L_AIMInt(SumA)     =          0.000159
L_Analytic(Mol)    =          0.000000

VenT_AIMInt(SumA)  =       -580.336506
VenT_Analytic(Mol) =       -580.337225

Some Information About the Atomic Calculations:
----------------------------------------------
  Time(sec) = "Elapsed User Time", in Seconds, for Atom A by AIMInt and, if used, by TWOe
  NProc = Number of Processors Used for AIMInt Job
  BIM = Basin Integration Method
  OAQ = Angular Quadrature Outside of Beta Sphere
  ORQ = Multiple of Default for Radial Quadrature Outside of Beta Sphere
  IAQ = Multiple of Default for Angular Quadrature Inside of Beta Sphere
  IRQ = Multiple of Default for Radial Quadrature Inside of Beta Sphere
  MIR = Maximum Integration Radius
------------------------------------------------------------------------------------------------------
Atom A     Time(sec)   NProc      BIM          OAQ                     ORQ      IAQ      IRQ      MIR
------------------------------------------------------------------------------------------------------
C1             36        2     Proaim(5)    5400(GS5)                  1.00     1.00     1.00    13.00
H2              8        2     Proaim(5)    1800(GS4)                  1.00     1.00     1.00    13.00
H3              8        2     Proaim(5)    1800(GS4)                  1.00     1.00     1.00    13.00
C4             34        2     Proaim(5)    4500(GS4)                  1.00     1.00     1.00    13.00
H5              8        2     Proaim(5)    1800(GS4)                  1.00     1.00     1.00    13.00
H6              8        2     Proaim(5)    1800(GS4)                  1.00     1.00     1.00    13.00
H7              8        2     Proaim(5)    1800(GS4)                  1.00     1.00     1.00    13.00
F8             13        2     Proaim(5)    2700(GS4)                  1.00     1.00     1.00    13.00
------------------------------------------------------------------------------------------------------
Total         123
Note:  Total wall clock time is less than total of atomic times if more than one atom
       was calculated at a time

Electron Density Critical Point Analysis of Molecular Structure:
---------------------------------------------------------------
  NACP = Nuclear Attractor Critical Point
  NNACP = Non-Nuclear Attractor Critical Point
  BCP = Bond Critical Point
  RCP = Ring Critical Point
  CCP = Cage Critical Point
  Rho = Electron Density
  GradRho = Gradient of Electron Density
  HessRho_EigVals = Eigenvalues of the Hessian of Rho, Ascending Order
  HessRho_EigVecs = Eigenvectors of the Hessian of Rho
  DelSqRho = Laplacian of Rho = Trace of Hessian of Rho
  Bond Ellipticity = (HessRho_EigVal(1) / HessRho_EigVal(2)) - 1
  V = Virial Field = Potential Energy Density = Trace of Stress Tensor
  G = Lagrangian Form of Kinetic Energy Density
  K = Hamiltonian Form of Kinetic Energy Density
  L = K - G = Lagrangian Density = (-1/4)DelSqRho
  Vnuc = Electrostatic Potential from Nuclei
  Ven = Electron-nuclear attractive contribution to Virial Field V
  Vrep = V - Ven = Repulsive contribution to Virial Field V
  DelSqV = Laplacian of V
  DelSqVen = Laplacian of Ven
  DelSqVrep = Laplacian of Vrep
  DelSqG = Laplacian of G
  DelSqK = Laplacian of K
  Stress_EigVals = Eigenvalues of Stress Tensor, Ascending Order
  Stress_EigVecs = Eigenvectors of Stress Tensor
  -DivStress = Ehrenfest Force Density = Minus Divergence of Stress Tensor
  ESP = Total Electrostatic Potential
  ESPe = Electrostatic Potential from Electrons
  ESPn = Electrostatic Potential from Nuclei
  BP = Bond Path
  BPL = Bond Path Length
  GBL = Geometric Bond Length
  GBL_I = Distance Between Nuclear Attractors
  GBL_II = Distance Between Nuclei
  GBL_III = Sum of Distances Between BCP and Nuclear Attractors
  GBL_IV = Sum of Distances Between BCP and Nuclei

CP# 1      Coords =  2.54923681707363E-01 -3.56249887405965E-01 -7.42236542352520E-01
           Type = (3,-1) BCP C1 F8
           Rho =  2.3829406815E-01
           GradRho = -4.5902965343E-17 -5.3095175038E-17  5.6804703877E-17
           HessRho_EigVals = -4.2457537850E-01 -4.1016717535E-01  8.9122326411E-01
           HessRho_EigVec1 = -4.9997139725E-01  6.9850162970E-01 -5.1198054186E-01
           HessRho_EigVec2 =  8.1318074444E-01  5.8201123111E-01 -6.1173376696E-05
           HessRho_EigVec3 = -2.9793569577E-01  4.1636330311E-01  8.5899704366E-01
           DelSqRho =  5.6480710264E-02
           Bond Ellipticity =  3.5127635803E-02
           V = -6.8209769455E-01
           G =  3.4810893606E-01
           K =  3.3398875849E-01
           L = -1.4120177566E-02
           Vnuc =  1.5408733786E+01
           Ven = -3.6718098589E+00
           Vrep =  2.9897121643E+00
           DelSqV = -9.9338565650E+00
           DelSqVen = -8.7029622849E-01
           DelSqVrep = -9.0635603365E+00
           DelSqG =  1.4170619375E+01
           DelSqK = -4.2367628098E+00
           Stress_EigVals = -3.1807653771E-01 -3.1414235010E-01 -4.9878806736E-02
           Stress_EigVec1 =  8.1324196506E-01  5.8192568793E-01  1.2227051263E-06
           Stress_EigVec2 = -5.0195012564E-01  7.0147706764E-01 -5.0594070299E-01
           Stress_EigVec3 = -2.9442074934E-01  4.1145159776E-01  8.6256826110E-01
           -DivStress = -2.8439152178E-01  3.9743134846E-01  8.2846776904E-01
           ESP =   1.8558402504E+00
           ESPe = -1.3552893535E+01
           ESPn =  1.5408733786E+01
           BPL =  2.6262212497E+00 =  8.6186327391E-01 +  1.7643579758E+00
           GBL_I =  2.6262083057E+00
           GBL_II =  2.6262187051E+00
           GBL_III =  2.6262083831E+00 =  8.6186190826E-01 +  1.7643464748E+00
           GBL_IV =  2.6262187823E+00 =  8.6186724649E-01 +  1.7643515358E+00

CP# 2      Coords =  1.82113767806754E-06 -2.54503078521349E-06 -4.35162283287859E-06
           Type = (3,-3) NACP C1
           Rho =  1.2096458191E+02     Rho at Nucleus =  1.2096457834E+02
           GradRho =  1.0074398116E-15 -2.7013108886E-16  2.2522452914E-15
           HessRho_EigVals = -2.4832985755E+05 -2.4832578014E+05 -2.4832534046E+05
           HessRho_EigVec1 = -2.9659621967E-01  4.1448877671E-01  8.6036604795E-01
           HessRho_EigVec2 = -5.0065044460E-01  6.9969912747E-01 -5.0967662624E-01
           HessRho_EigVec3 =  8.1325261438E-01  5.8191080502E-01  1.4125772120E-05
           DelSqRho = -7.4498097815E+05
           Bond Ellipticity = NA
           V = -1.8625990884E+05
           G =  7.3321497665E+00
           K =  1.8625257669E+05
           L =  1.8624524454E+05
           Vnuc =  1.1193957060E+06
           Ven = -1.3540723356E+08
           Vrep =  1.3522097365E+08
           DelSqV =  1.1205376919E+10
           DelSqVen =  8.3392850739E+11
           DelSqVrep = -8.2272313047E+11
           DelSqG =  3.8237384970E+08
           DelSqK = -1.1587750769E+10
           Stress_EigVals = -6.2087069294E+04 -6.2086984679E+04 -6.2085854863E+04
           Stress_EigVec1 =  8.1325553828E-01  5.8190671853E-01  1.9669153679E-05
           Stress_EigVec2 = -4.9802776546E-01  6.9604628768E-01 -5.1719233389E-01
           Stress_EigVec3 = -3.0097138451E-01  4.2059973411E-01  8.5586920109E-01
           -DivStress = -6.6841590290E+03  9.3410766562E+03  1.5964141306E+04
           ESP =  -1.4688514107E+01     ESP at Nucleus =  -1.4688514197E+01
           ESPe = -2.1931156852E+01     ESPe at Nucleus = -2.1931152080E+01
           ESPn =  7.2426427441E+00     ESPn at Nucleus =  7.2426378835E+00

CP# 3      Coords = -2.03200001227920E+00 -1.90622480712952E-04  6.45070112212978E-05
           Type = (3,-3) NACP H2
           Rho =  4.4985711527E-01     Rho at Nucleus =  4.4582939589E-01
           GradRho =  1.7927121593E-11 -1.1160863900E-13  3.0255312145E-14
           HessRho_EigVals = -9.1096220345E+00 -9.1008037492E+00 -8.2919840377E+00
           HessRho_EigVec1 =  4.1475263913E-03  3.6955028602E-01  9.2920147661E-01
           HessRho_EigVec2 =  5.8841117681E-03  9.2918436359E-01 -3.6956974401E-01
           HessRho_EigVec3 =  9.9997408729E-01 -7.0003256101E-03 -1.6793414835E-03
           DelSqRho = -2.6502409821E+01
           Bond Ellipticity = NA
           V = -6.6396495126E+00
           G =  7.0235286426E-03
           K =  6.6326259840E+00
           L =  6.6256024553E+00
           Vnuc =  4.0371646824E+01
           Ven = -1.8161472579E+01
           Vrep =  1.1521823067E+01
           DelSqV =  1.7064108684E+03
           DelSqVen =  1.0699459293E+03
           DelSqVrep =  6.3646493910E+02
           DelSqG =  1.3063480584E+02
           DelSqK = -1.8370456743E+03
           Stress_EigVals = -2.2820022969E+00 -2.2810516132E+00 -2.0765956026E+00
           Stress_EigVec1 =  3.7332589257E-03  7.5786720255E-01 -6.5239816530E-01
           Stress_EigVec2 =  7.0745791721E-03  6.5236636846E-01  7.5787074863E-01
           Stress_EigVec3 =  9.9996800604E-01 -7.4447702090E-03 -2.9261389585E-03
           -DivStress = -1.6929558869E+01  1.0333727199E-01 -3.4520907088E-02
           ESP =  -1.1122630861E+00     ESP at Nucleus =  -1.1133924767E+00
           ESPe = -8.8292341684E+00     ESPe at Nucleus = -8.7591523059E+00
           ESPn =  7.7169710823E+00     ESPn at Nucleus =  7.6457598291E+00

CP# 4      Coords =  6.55946398815090E-01  1.92321496013755E+00  6.45412485516270E-05
           Type = (3,-3) NACP H3
           Rho =  4.4985756148E-01     Rho at Nucleus =  4.4582981570E-01
           GradRho = -2.9434787940E-14 -8.6524537535E-14  1.9949319974E-16
           HessRho_EigVals = -9.1096310171E+00 -9.1008120951E+00 -8.2919884060E+00
           HessRho_EigVec1 = -3.5118392603E-01  1.1535908733E-01  9.2917282088E-01
           HessRho_EigVec2 =  8.8134089209E-01 -2.9428417555E-01  3.6964179412E-01
           HessRho_EigVec3 =  3.1608239755E-01  9.4873025934E-01  1.6771912035E-03
           DelSqRho = -2.6502431518E+01
           Bond Ellipticity = NA
           V = -6.6396549457E+00
           G =  7.0235330911E-03
           K =  6.6326314126E+00
           L =  6.6256078796E+00
           Vnuc =  4.0371552615E+01
           Ven = -1.8161448212E+01
           Vrep =  1.1521793267E+01
           DelSqV =  1.7064118330E+03
           DelSqVen =  1.0699443085E+03
           DelSqVrep =  6.3646752458E+02
           DelSqG =  1.3063488864E+02
           DelSqK = -1.8370467217E+03
           Stress_EigVals = -2.2820043069E+00 -2.2810539396E+00 -2.0765966992E+00
           Stress_EigVec1 =  7.1856744768E-01 -2.4105610889E-01  6.5234406221E-01
           Stress_EigVec2 =  6.1969321048E-01 -2.0381768966E-01 -7.5791732680E-01
           Stress_EigVec3 =  3.1565986128E-01  9.4886790532E-01  2.9240769755E-03
           -DivStress =  5.3656469071E+00  1.6057163316E+01 -3.4539942620E-02
           ESP =  -1.1122633966E+00     ESP at Nucleus =  -1.1133927874E+00
           ESPe = -8.8292354803E+00     ESPe at Nucleus = -8.7591533504E+00
           ESPn =  7.7169720837E+00     ESPn at Nucleus =  7.6457605630E+00

CP# 5      Coords =  1.05069879939341E+00 -1.46834498633789E+00  2.20350186293915E+00
           Type = (3,-3) NACP C4
           Rho =  1.2090697668E+02     Rho at Nucleus =  1.2090697666E+02
           GradRho = -9.3398199105E-11  9.0896700599E-11  3.6276956162E-11
           HessRho_EigVals = -2.4820609137E+05 -2.4820556370E+05 -2.4820544834E+05
           HessRho_EigVec1 =  3.7006694085E-01 -5.1719347120E-01  7.7172622907E-01
           HessRho_EigVec2 = -4.4907980453E-01  6.2760553043E-01  6.3595489411E-01
           HessRho_EigVec3 =  8.1325136855E-01  5.8191254628E-01  5.0842406408E-06
           DelSqRho = -7.4461710341E+05
           Bond Ellipticity = NA
           V = -1.8616984593E+05
           G =  7.7850366529E+00
           K =  1.8616206089E+05
           L =  1.8615427585E+05
           Vnuc =  1.3110536420E+07
           Ven = -1.5851553212E+09
           Vrep =  1.5849691514E+09
           DelSqV =  1.1199954587E+10
           DelSqVen =  9.7623306404E+12
           DelSqVrep = -9.7511306858E+12
           DelSqG =  3.8218456189E+08
           DelSqK = -1.1582139149E+10
           Stress_EigVals = -6.2056672290E+04 -6.2056635085E+04 -6.2056538552E+04
           Stress_EigVec1 =  8.1321820673E-01  5.8195888560E-01  6.0963009332E-05
           Stress_EigVec2 = -4.4377379456E-01  6.2005323013E-01  6.4699212597E-01
           Stress_EigVec3 =  3.7648501631E-01 -5.2617283024E-01  7.6249667882E-01
           -DivStress =  9.7020480402E+02 -1.3562922697E+03  2.1051417638E+02
           ESP =  -1.4764738913E+01     ESP at Nucleus =  -1.4764738913E+01
           ESPe = -2.0821846790E+01     ESPe at Nucleus = -2.0821846536E+01
           ESPn =  6.0571078769E+00     ESPn at Nucleus =  6.0571076225E+00

CP# 6      Coords =  3.97027731362843E-01 -3.38776814260445E+00  2.16447199445145E+00
           Type = (3,-3) NACP H5
           Rho =  4.3924805619E-01     Rho at Nucleus =  4.3539964748E-01
           GradRho =  1.9567680809E-14  5.8981465545E-14 -6.7849371954E-16
           HessRho_EigVals = -8.8978643679E+00 -8.8962890693E+00 -8.1264279615E+00
           HessRho_EigVec1 =  6.4071388441E-01 -2.2503338542E-01  7.3406109676E-01
           HessRho_EigVec2 =  6.9974546484E-01 -2.2232317686E-01 -6.7891729206E-01
           HessRho_EigVec3 =  3.1597785169E-01  9.4864765876E-01  1.5020544645E-02
           DelSqRho = -2.5920581399E+01
           Bond Ellipticity = NA
           V = -6.4965647508E+00
           G =  8.2097005660E-03
           K =  6.4883550503E+00
           L =  6.4801453497E+00
           Vnuc =  4.0287129241E+01
           Ven = -1.7696043209E+01
           Vrep =  1.1199478458E+01
           DelSqV =  1.6712173305E+03
           DelSqVen =  1.0442658128E+03
           DelSqVrep =  6.2695151771E+02
           DelSqG =  1.2801772714E+02
           DelSqK = -1.7992350577E+03
           Stress_EigVals = -2.2310690734E+00 -2.2309213378E+00 -2.0345743396E+00
           Stress_EigVec1 =  9.1841669560E-01 -3.1019360289E-01  2.4554165018E-01
           Stress_EigVec2 =  2.3776593562E-01 -6.3268343052E-02 -9.6925975705E-01
           Stress_EigVec3 =  3.1619318953E-01  9.4856578343E-01  1.5646769651E-02
           -DivStress = -5.1391111653E+00 -1.5539269167E+01 -2.4785133514E-01
           ESP =  -1.1138981626E+00     ESP at Nucleus =  -1.1149797251E+00
           ESPe = -8.3446625979E+00     ESPe at Nucleus = -8.2830886098E+00
           ESPn =  7.2307644353E+00     ESPn at Nucleus =  7.1681088847E+00

CP# 7      Coords =  3.07837561173749E+00 -1.46908377020923E+00  2.16447198163996E+00
           Type = (3,-3) NACP H6
           Rho =  4.3924807271E-01     Rho at Nucleus =  4.3539969007E-01
           GradRho = -4.2212067175E-13  4.5588532949E-15  7.9595618291E-15
           HessRho_EigVals = -8.8978695324E+00 -8.8962932422E+00 -8.1264373712E+00
           HessRho_EigVec1 =  6.2240296198E-03 -6.7906791541E-01  7.3404906356E-01
           HessRho_EigVec2 =  1.5391243383E-02  7.3404138140E-01  6.7893030572E-01
           HessRho_EigVec3 =  9.9986217604E-01 -7.0722454595E-03 -1.5020394859E-02
           DelSqRho = -2.5920600146E+01
           Bond Ellipticity = NA
           V = -6.4965694066E+00
           G =  8.2096850743E-03
           K =  6.4883597215E+00
           L =  6.4801500365E+00
           Vnuc =  4.0287255019E+01
           Ven = -1.7696099122E+01
           Vrep =  1.1199529715E+01
           DelSqV =  1.6712191339E+03
           DelSqVen =  1.0442698283E+03
           DelSqVrep =  6.2694930562E+02
           DelSqG =  1.2801790836E+02
           DelSqK = -1.7992370423E+03
           Stress_EigVals = -2.2310702806E+00 -2.2309224411E+00 -2.0345766850E+00
           Stress_EigVec1 =  2.7841265948E-03  9.6927841605E-01 -2.4595040316E-01
           Stress_EigVec2 =  1.6848339592E-02  2.4587097778E-01  9.6915612557E-01
           Stress_EigVec3 =  9.9985418041E-01 -6.8421092588E-03 -1.5646195985E-02
           -DivStress =  1.6366279415E+01 -1.5062778084E-01 -2.4784310927E-01
           ESP =  -1.1138983139E+00     ESP at Nucleus =  -1.1149798822E+00
           ESPe = -8.3446616911E+00     ESPe at Nucleus = -8.2830879847E+00
           ESPn =  7.2307633771E+00     ESPn at Nucleus =  7.1681081025E+00

CP# 8      Coords =  4.41864760990688E-01 -6.17502388617655E-01  3.94439065165633E+00
           Type = (3,-3) NACP H7
           Rho =  4.3725729757E-01     Rho at Nucleus =  4.3348218205E-01
           GradRho =  2.4099444654E-15 -3.0092109813E-15 -8.5936510062E-15
           HessRho_EigVals = -8.8594225340E+00 -8.8593558148E+00 -8.1030280794E+00
           HessRho_EigVec1 =  8.4680536071E-01  5.3069192689E-01  3.5871434459E-02
           HessRho_EigVec2 = -4.4312990706E-01  7.4117215257E-01 -5.0428139537E-01
           HessRho_EigVec3 = -2.9420497370E-01  4.1113248349E-01  8.6279401625E-01
           DelSqRho = -2.5821806428E+01
           Bond Ellipticity = NA
           V = -6.4720941149E+00
           G =  8.3212539063E-03
           K =  6.4637728609E+00
           L =  6.4554516070E+00
           Vnuc =  4.0237277401E+01
           Ven = -1.7594043178E+01
           Vrep =  1.1121949063E+01
           DelSqV =  1.6657819314E+03
           DelSqVen =  1.0389991882E+03
           DelSqVrep =  6.2678274310E+02
           DelSqG =  1.2762095684E+02
           DelSqK = -1.7934028882E+03
           Stress_EigVals = -2.2219559482E+00 -2.2214796701E+00 -2.0286584966E+00
           Stress_EigVec1 =  8.1433152467E-01  5.8039893960E-01  1.1130365602E-03
           Stress_EigVec2 = -5.0014135424E-01  7.0269617154E-01 -5.0604023188E-01
           Stress_EigVec3 = -2.9448734050E-01  4.1152783796E-01  8.6250915640E-01
           -DivStress = -4.7214742352E+00  6.5979747341E+00  1.3998699537E+01
           ESP =  -1.1053022521E+00     ESP at Nucleus =  -1.1063639948E+00
           ESPe = -8.0243886657E+00     ESPe at Nucleus = -7.9619991704E+00
           ESPn =  6.9190864136E+00     ESPn at Nucleus =  6.8556351757E+00

CP# 9      Coords =  7.77233404967259E-01 -1.08617921894893E+00 -2.26122113973564E+00
           Type = (3,-3) NACP F8
           Rho =  4.2967852336E+02     Rho at Nucleus =  4.2967849730E+02
           GradRho = -8.6915434834E-11 -1.0314096062E-10 -3.8649759614E-10
           HessRho_EigVals = -2.0352491411E+06 -2.0351882656E+06 -2.0351882565E+06
           HessRho_EigVec1 = -3.0133839391E-01  4.2112001679E-01  8.5548413417E-01
           HessRho_EigVec2 =  8.1248347880E-01  5.8298368471E-01 -7.8742840712E-04
           HessRho_EigVec3 = -4.9906489461E-01  6.9482944298E-01 -5.1782842346E-01
           DelSqRho = -6.1056256631E+06
           Bond Ellipticity = NA
           V = -1.5267212348E+06
           G =  1.5740953277E+02
           K =  1.5265638253E+06
           L =  1.5264064158E+06
           Vnuc =  1.7783077231E+06
           Ven = -7.6410063653E+08
           Vrep =  7.6257391530E+08
           DelSqV =  2.1711115269E+11
           DelSqVen =  1.0857681285E+13
           DelSqVrep = -1.0640570137E+13
           DelSqG =  7.2314771100E+09
           DelSqK = -2.2434262980E+11
           Stress_EigVals = -5.0891231613E+05 -5.0891231592E+05 -5.0889660280E+05
           Stress_EigVec1 = -5.0701862710E-01  6.8923275392E-01 -5.1758122329E-01
           Stress_EigVec2 =  8.0759072086E-01  5.8971462773E-01 -5.8211185390E-03
           Stress_EigVec3 = -3.0121311285E-01  4.2094520875E-01  8.5561427751E-01
           -DivStress =  1.0676793839E+05 -1.4920925949E+05 -3.0964236382E+05
           ESP =  -2.6600681803E+01     ESP at Nucleus =  -2.6600681983E+01
           ESPe = -3.1308089877E+01     ESPe at Nucleus = -3.1308083489E+01
           ESPn =  4.7074080742E+00     ESPn at Nucleus =  4.7074015064E+00

CP# 10     Coords = -1.32257254524049E+00 -5.10293926066172E-03 -2.35666516788607E-03
           Type = (3,-1) BCP C1 H2
           Rho =  2.9632672185E-01
           GradRho = -6.9388939039E-18  0.0000000000E+00  0.0000000000E+00
           HessRho_EigVals = -8.5302990263E-01 -8.1303742577E-01  4.7414039946E-01
           HessRho_EigVec1 =  9.1775860665E-03  4.3637491941E-01  8.9971812343E-01
           HessRho_EigVec2 =  4.5632885145E-03  8.9972837076E-01 -4.3642643738E-01
           HessRho_EigVec3 =  9.9994747278E-01 -8.1110145697E-03 -6.2660299014E-03
           DelSqRho = -1.1919269289E+00
           Bond Ellipticity =  4.9188974086E-02
           V = -3.7184183278E-01
           G =  3.6930050270E-02
           K =  3.3491178251E-01
           L =  2.9798173224E-01
           Vnuc =  1.1338107932E+01
           Ven = -3.3597843554E+00
           Vrep =  2.9879425226E+00
           DelSqV = -1.8021311056E+00
           DelSqVen =  1.3514196167E+01
           DelSqVrep = -1.5316327273E+01
           DelSqG =  1.8184293348E+00
           DelSqK = -1.6298229233E-02
           Stress_EigVals = -2.4423622026E-01 -2.3738028694E-01  1.0977467442E-01
           Stress_EigVec1 =  4.6880736125E-03  8.9900577112E-01 -4.3791168684E-01
           Stress_EigVec2 =  1.0013462054E-02  4.3785233957E-01  8.9899113417E-01
           Stress_EigVec3 =  9.9993887440E-01 -8.5995486732E-03 -6.9494761764E-03
           -DivStress =  1.1218638764E-01  3.1541867051E-03  8.5726973591E-06
           ESP =   8.3289016020E-01
           ESPe = -1.0505217772E+01
           ESPn =  1.1338107932E+01
           BPL =  2.0323680075E+00 =  1.3229185607E+00 +  7.0944944684E-01
           GBL_I =  2.0320018433E+00
           GBL_II =  2.0626228369E+00
           GBL_III =  2.0320348984E+00 =  1.3225862928E+00 +  7.0944860555E-01
           GBL_IV =  2.0626561264E+00 =  1.3225844893E+00 +  7.4007163708E-01

CP# 11     Coords =  4.31649069060534E-01  1.25015821133258E+00 -2.35557811023818E-03
           Type = (3,-1) BCP H3 C1
           Rho =  2.9632696936E-01
           GradRho =  6.9388939039E-17 -9.3675067703E-17 -4.2500725161E-17
           HessRho_EigVals = -8.5302912761E-01 -8.1303659844E-01  4.7413487677E-01
           HessRho_EigVec1 = -4.1600457648E-01  1.3214768915E-01  8.9970949789E-01
           HessRho_EigVec2 =  8.5305215709E-01 -2.8603923700E-01  4.3644423719E-01
           HessRho_EigVec3 =  3.1502731569E-01  9.4906192798E-01  6.2647603605E-03
           DelSqRho = -1.1919308493E+00
           Bond Ellipticity =  4.9189088474E-02
           V = -3.7184352147E-01
           G =  3.6930404577E-02
           K =  3.3491311690E-01
           L =  2.9798271232E-01
           Vnuc =  1.1338115892E+01
           Ven = -3.3597895206E+00
           Vrep =  2.9879459991E+00
           DelSqV = -1.8020671744E+00
           DelSqVen =  1.3514250104E+01
           DelSqVrep = -1.5316317279E+01
           DelSqG =  1.8184314752E+00
           DelSqK = -1.6364300718E-02
           Stress_EigVals = -2.4423641715E-01 -2.3738040457E-01  1.0977330024E-01
           Stress_EigVec1 =  8.5241923266E-01 -2.8569095698E-01  4.3790652986E-01
           Stress_EigVec2 = -4.1765100426E-01  1.3182581601E-01  8.9899365563E-01
           Stress_EigVec3 =  3.1456174343E-01  9.4921158407E-01  6.9482541659E-03
           -DivStress = -3.9190682313E-02 -1.0516996874E-01  9.1571692571E-06
           ESP =   8.3289056042E-01
           ESPe = -1.0505225332E+01
           ESPn =  1.1338115892E+01
           BPL =  2.0323672942E+00 =  7.0945171062E-01 +  1.3229155836E+00
           GBL_I =  2.0320011973E+00
           GBL_II =  2.0626222793E+00
           GBL_III =  2.0320342475E+00 =  7.0945086949E-01 +  1.3225833780E+00
           GBL_IV =  2.0626555649E+00 =  7.4007399046E-01 +  1.3225815744E+00

CP# 12     Coords =  5.43751228566244E-01 -7.59895402725192E-01  1.12297281093995E+00
           Type = (3,-1) BCP C4 C1
           Rho =  2.6194645384E-01
           GradRho =  9.4336851897E-17 -4.5774070751E-17  2.6155303512E-17
           HessRho_EigVals = -5.3899298565E-01 -5.1656172708E-01  3.4283040220E-01
           HessRho_EigVec1 = -4.5236843390E-01  6.3189537452E-01  6.2934174791E-01
           HessRho_EigVec2 =  8.1316716426E-01  5.8203019764E-01  1.0958571700E-04
           HessRho_EigVec3 =  3.6622665522E-01 -5.1180961762E-01  7.7712865880E-01
           DelSqRho = -7.1272431054E-01
           Bond Ellipticity =  4.3424159007E-02
           V = -2.9901033382E-01
           G =  6.0414628094E-02
           K =  2.3859570573E-01
           L =  1.7818107763E-01
           Vnuc =  1.2801971913E+01
           Ven = -3.3534311449E+00
           Vrep =  3.0544208110E+00
           DelSqV = -1.3509215036E+00
           DelSqVen =  9.1242766053E+00
           DelSqVrep = -1.0475198109E+01
           DelSqG =  1.2148179007E+00
           DelSqK =  1.3610360289E-01
           Stress_EigVals = -1.8732168306E-01 -1.8466132892E-01  7.2972678159E-02
           Stress_EigVec1 =  8.1331346265E-01  5.8182574897E-01 -9.6423648713E-05
           Stress_EigVec2 = -4.5329755951E-01  6.3375236797E-01  6.2680081257E-01
           Stress_EigVec3 =  3.6474996095E-01 -5.0974183066E-01  7.7917952492E-01
           -DivStress =  1.7915480173E-02 -2.5038443343E-02  4.4218319704E-02
           ESP =   6.7234284539E-01
           ESPe = -1.2129629068E+01
           ESPn =  1.2801971913E+01
           BPL =  2.8492480711E+00 =  1.3879717529E+00 +  1.4612763182E+00
           GBL_I =  2.8487599588E+00
           GBL_II =  2.8487589078E+00
           GBL_III =  2.8488451279E+00 =  1.3879624218E+00 +  1.4608827061E+00
           GBL_IV =  2.8488441135E+00 =  1.3879627508E+00 +  1.4608813627E+00

CP# 13     Coords =  6.27993171310206E-01 -2.69791776923097E+00  2.17546270035257E+00
           Type = (3,-1) BCP C4 H5
           Rho =  2.8569195470E-01
           GradRho =  2.4286128664E-17 -1.5092094241E-16 -5.1608023410E-17
           HessRho_EigVals = -7.6751757359E-01 -7.6378783075E-01  4.2761077288E-01
           HessRho_EigVec1 =  6.7404067221E-01 -2.3695709356E-01  6.9965742190E-01
           HessRho_EigVec2 =  6.6663659816E-01 -2.1289745084E-01 -7.1433208064E-01
           HessRho_EigVec3 =  3.1822133525E-01  9.4790611942E-01  1.4462729886E-02
           DelSqRho = -1.1036946315E+00
           Bond Ellipticity =  4.8832184622E-03
           V = -3.6769850592E-01
           G =  4.5887424026E-02
           K =  3.2181108189E-01
           L =  2.7592365786E-01
           Vnuc =  1.0688082505E+01
           Ven = -3.0534991827E+00
           Vrep =  2.6858006768E+00
           DelSqV = -1.4745960246E+00
           DelSqVen =  1.1796379281E+01
           DelSqVrep = -1.3270975306E+01
           DelSqG =  1.7466905951E+00
           DelSqK = -2.7209457050E-01
           Stress_EigVals = -2.3429045622E-01 -2.3289197857E-01  9.9483928873E-02
           Stress_EigVec1 =  8.6911889475E-01 -2.8572494067E-01 -4.0372466493E-01
           Stress_EigVec2 =  3.7811593994E-01 -1.4236686245E-01  9.1474587315E-01
           Stress_EigVec3 =  3.1884272417E-01  9.4767765340E-01  1.5696575631E-02
           -DivStress =  4.9603253618E-02  1.3774569607E-01  5.2206329303E-03
           ESP =   8.2602566678E-01
           ESPe = -9.8620568379E+00
           ESPn =  1.0688082505E+01
           BPL =  2.0281411752E+00 =  1.3005700617E+00 +  7.2757111345E-01
           GBL_I =  2.0280518851E+00
           GBL_II =  2.0583015340E+00
           GBL_III =  2.0280767198E+00 =  1.3005058520E+00 +  7.2757086783E-01
           GBL_IV =  2.0583276149E+00 =  1.3005055899E+00 +  7.5782202500E-01

CP# 14     Coords =  2.35090025278732E+00 -1.46506407768877E+00  2.17546161764208E+00
           Type = (3,-1) BCP H6 C4
           Rho =  2.8569172606E-01
           GradRho =  1.6132928327E-16 -7.9797279895E-17 -1.3530843113E-16
           HessRho_EigVals = -7.6751862981E-01 -7.6378774293E-01  4.2761490905E-01
           HessRho_EigVec1 = -6.7531039033E-03  7.1432803933E-01 -6.9977842765E-01
           HessRho_EigVec2 =  1.3627250145E-02  6.9979514204E-01  7.1421359356E-01
           HessRho_EigVec3 =  9.9988434013E-01 -4.7128970734E-03 -1.4460116183E-02
           DelSqRho = -1.1036914637E+00
           Bond Ellipticity =  4.8847168793E-03
           V = -3.6769684921E-01
           G =  4.5886991645E-02
           K =  3.2180985757E-01
           L =  2.7592286592E-01
           Vnuc =  1.0688077256E+01
           Ven = -3.0534952394E+00
           Vrep =  2.6857983902E+00
           DelSqV = -1.4746390023E+00
           DelSqVen =  1.1796339630E+01
           DelSqVrep = -1.3270978633E+01
           DelSqG =  1.7466851850E+00
           DelSqK = -2.7204618270E-01
           Stress_EigVals = -2.3429015081E-01 -2.3289163869E-01  9.9484940285E-02
           Stress_EigVec1 =  1.0043296571E-02  9.1483735435E-01  4.0369759384E-01
           Stress_EigVec2 =  1.2722926591E-02 -4.0380218514E-01  9.1475784906E-01
           Stress_EigVec3 =  9.9986862104E-01 -4.0509695171E-03 -1.5694913604E-02
           -DivStress = -1.4638261318E-01 -2.4968365343E-03  5.2206155038E-03
           ESP =   8.2602516356E-01
           ESPe = -9.8620520922E+00
           ESPn =  1.0688077256E+01
           BPL =  2.0281418618E+00 =  7.2756971126E-01 +  1.3005721505E+00
           GBL_I =  2.0280525468E+00
           GBL_II =  2.0583020806E+00
           GBL_III =  2.0280773819E+00 =  7.2756946604E-01 +  1.3005079158E+00
           GBL_IV =  2.0583281612E+00 =  7.5782050738E-01 +  1.3005076538E+00

CP# 15     Coords =  6.59013286795940E-01 -9.20961675170274E-01  3.31286304497811E+00
           Type = (3,-1) BCP H7 C4
           Rho =  2.8276830978E-01
           GradRho = -2.0902966576E-17  8.2490464164E-17  8.2566810790E-17
           HessRho_EigVals = -7.5161833292E-01 -7.4918132719E-01  4.1782594122E-01
           HessRho_EigVec1 = -5.0190553190E-01  6.9793247128E-01 -5.1086309574E-01
           HessRho_EigVec2 =  8.1222656879E-01  5.8334117949E-01 -1.0340481400E-03
           HessRho_EigVec3 = -2.9728578505E-01  4.1545557386E-01  8.5966146137E-01
           DelSqRho = -1.0829737189E+00
           Bond Ellipticity =  3.2528917119E-03
           V = -3.6481705812E-01
           G =  4.7036814199E-02
           K =  3.1778024392E-01
           L =  2.7074342972E-01
           Vnuc =  1.0441496168E+01
           Ven = -2.9525242231E+00
           Vrep =  2.5877071650E+00
           DelSqV = -1.3824842377E+00
           DelSqVen =  1.1307865936E+01
           DelSqVrep = -1.2690350174E+01
           DelSqG =  1.7217903905E+00
           DelSqK = -3.3930615281E-01
           Stress_EigVals = -2.3200913118E-01 -2.2991134013E-01  9.7103413192E-02
           Stress_EigVec1 =  8.1339936854E-01  5.8170563082E-01  1.6224541493E-04
           Stress_EigVec2 = -4.9951113406E-01  6.9860963167E-01 -5.1228235328E-01
           Stress_EigVec3 = -2.9811087568E-01  4.1660909928E-01  8.5881707260E-01
           -DivStress =  4.8189736286E-02 -6.7339682247E-02 -1.3169059394E-01
           ESP =   8.3183202089E-01
           ESPe = -9.6096641474E+00
           ESPn =  1.0441496168E+01
           BPL =  2.0311518607E+00 =  7.3353268691E-01 +  1.2976191738E+00
           GBL_I =  2.0310848793E+00
           GBL_II =  2.0610949177E+00
           GBL_III =  2.0311168311E+00 =  7.3353128008E-01 +  1.2975855511E+00
           GBL_IV =  2.0611296036E+00 =  7.6354386527E-01 +  1.2975857383E+00

Number of NACPs  =      8
Number of NNACPs =      0
Number of BCPs   =      7
Number of RCPs   =      0
Number of CCPs   =      0
NumNACP + NumNNACP - NumBCP + NumRCP - NumCCP =      1
Poincare-Hopf Relationship is Satisfied

Bond Path Angles and Corresponding Geometric Bond Angles:
--------------------------------------------------------
  BPA     = A-B-C Bond Path Angle
  GBA_I   = A-B-C Geometric Bond Angle in Terms of Nuclear Attractors
  GBA_II  = A-B-C Geometric Bond Angle in Terms of Nuclei
  GBA_III = A-B-C Geometric Bond Angle in Terms of A|B and C|B BCPs and Nuclear Attractor B
  GBA_IV  = A-B-C Geometric Bond Angle in Terms of A|B and C|B BCPs and Nucleus B
-------------------------------------------------------------------------------------------------
Atom A    Atom B    Atom C        BPA          GBA_I         GBA_II       GBA_III       GBA_IV
-------------------------------------------------------------------------------------------------
H2        C1        F8        105.05413024  107.21408571  107.21463745  107.01679520  107.01659405
H3        C1        F8        105.05393824  107.21410832  107.21466072  107.01656145  107.01636030
H3        C1        H2        111.85999076  108.83807959  108.82746981  109.26913129  109.26935145
C4        C1        F8        107.50971886  110.10018498  110.10006382  109.68824359  109.68800795
C4        C1        H2        113.27941133  111.63868051  111.64329053  111.81210314  111.81229437
C4        C1        H3        113.27931663  111.63869627  111.64330906  111.81233890  111.81253013
H5        C4        C1        109.54773090  110.73584262  110.74299682  110.30901219  110.30900752
H6        C4        C1        109.54854897  110.73581849  110.74297137  110.30923934  110.30923466
H6        C4        H5        109.95460525  108.75607772  108.74130901  109.07923662  109.07926904
H7        C4        C1        109.60505349  109.66395915  109.67717822  109.87685695  109.87682538
H7        C4        H5        109.08489383  108.44240116  108.43562460  108.61203939  108.61204400
H7        C4        H6        109.08480731  108.44235805  108.43559402  108.61184428  108.61184888

Total time for electron density critical point search, analysis and connectivity = 8 sec (NProc = 4)

Virial-Based Atomic Energy Components:
-------------------------------------
  Ee(A) = E(A) - W(A) = -T(A)
        = Contribution of Atom A to Electronic Energy of Molecule.
          Not additive to give molecular Ee unless molecular electronic virial theorem is satisfied.
  T(A) = Electronic Kinetic Energy of Atom A (Hamiltonian Form)
  Ven(A) = Ven(A,Mol) = VenT(A)
         = Attraction Energy Between Electron Density Distribution of Atom A and Nuclei of Molecule
  VenO(A) = Ven(A,A)
          = Attraction Energy Between Electron Density Distribution of Atom A and Nucleus of Atom A
  Vee(A) = Vee(A,A) + Vee(A,A')/2
         = Two-Electron Interaction Energy of Atom A with Itself Plus Half of Two-Electron Interaction Energy
           Between Atom A and Other Atoms of Molecule
  Vnn(A) - W(A) = Contribution of Atom A to the Nuclear Repulsion Energy of Molecule Minus
                  the Nuclear Virial of Energy-Gradient-Based Forces on Nuclei of Molecule.
                  Calculation of Vnn(A) - W(A) assumes satisfaction of the atomic virial theorem:
                       2T(A) + Ven(A) + Vee(A) + Vnn(A) - W(A) = 0
See "2EDM Note" and "DFT Note".
--------------------------------------------------------------------------------------------------------------------
Atom A         Ee(A)              T(A)             Ven(A)           VenO(A)            Vee(A)        Vnn(A) - W(A)
--------------------------------------------------------------------------------------------------------------------
C1       -3.7421323786E+01  3.7421323786E+01 -1.2526038706E+02 -8.7432677059E+01
H2       -6.2948674437E-01  6.2948674437E-01 -8.4272294172E+00 -1.2849511450E+00
H3       -6.2949405534E-01  6.2949405534E-01 -8.4273285267E+00 -1.2849605883E+00
C4       -3.7789459580E+01  3.7789459580E+01 -1.2534064772E+02 -8.9813603246E+01
