AIMSum (Version 19.10.12, Professional)
Copyright (c) 1997-2019 by Todd A. Keith
AIMSum is a component of the AIMAll package ( http://aim.tkgristmill.com )

TP:  64-bit Mac OS X

Much of the Quantum Theory of Atoms in Molecules (QTAIM) is described in the book:
  "Atoms in Molecules - A Quantum Theory"
  R.F.W. Bader, Oxford University Press, Oxford, 1990

For additional references see:  http://aim.tkgristmill.com/references.html

Wfx File:  /Users/chemlab/Documents/SubstituentCoding/BCP Map Reference/BCPMapReference/SubH_SiFHCH3_wb97xd_augccpvtz_reor.wfx
Sum File:  /Users/chemlab/Documents/SubstituentCoding/BCP Map Reference/BCPMapReference/SubH_SiFHCH3_wb97xd_augccpvtz_reor.sum

SumViz File:  /Users/chemlab/Documents/SubstituentCoding/BCP Map Reference/BCPMapReference/SubH_SiFHCH3_wb97xd_augccpvtz_reor.sumviz

Wfx Title:   Title Card Required

Total memory allocated for AIMSum =        0.465 Megabytes

Atomic units (a.u.) used throughout, except where stated otherwise

Model:  Restricted SCF

Restricted, closed-shell, single-determinant wavefunction.
  Number of electrons (from MO Occs)                   =          34.0000000000
  Number of Alpha electrons (from MO Occs)             =          17.0000000000
  Number of Beta electrons (from MO Occs)              =          17.0000000000
  Number of electron pairs (N*(N-1)/2)                 =         561.0000000000
  Number of electron pairs (from Muller 2EDM)          =         561.0000000000

Nuclear Charges and Cartesian Coordinates:
-------------------------------------------------------------------------------
Atom      Charge                X                  Y                  Z
-------------------------------------------------------------------------------
Si1       14.0           0.0000000000E+00   0.0000000000E+00   0.0000000000E+00
H2         1.0          -2.8023164441E+00   0.0000000000E+00   0.0000000000E+00
H3         1.0           9.4459850063E-01   2.6383146726E+00   0.0000000000E+00
C4         6.0           1.2981209051E+00  -1.8435818472E+00   2.6915142425E+00
H5         1.0           3.3570644452E+00  -1.8653193668E+00   2.6435246476E+00
H6         1.0           7.0572011094E-01  -1.0022591469E+00   4.4787265043E+00
H7         1.0           6.2456204307E-01  -3.7893563037E+00   2.6435246476E+00
F8         9.0           9.0190769775E-01  -1.2808828234E+00  -2.6199370861E+00

Some Atomic Properties:
----------------------
  q(A) = Net Charge of Atom A
  L(A) = Lagrangian of Atom A = -(1/4) Times Atomic Integral of the Laplacian of the Electron Density
  K(A) = Electronic Kinetic Energy of Atom A (Hamiltonian Form)
  K_Scaled(A) = K(A) * E(Mol)/K(Mol) = Approximation to Virial-Based Total Energy of Atom A.
  |Mu_Intra(A)| = Magnitude of Intraatomic Dipole Moment of Atom A
--------------------------------------------------------------------------------------------------
Atom A          q(A)              L(A)              K(A)          K_Scaled(A)      |Mu_Intra(A)|
--------------------------------------------------------------------------------------------------
Si1       2.9666640520E+00 -3.6900386762E-05  2.8767230562E+02 -2.8877106341E+02  1.7063455602E-01
H2       -6.9413253920E-01  2.1283692251E-05  7.9786504210E-01 -8.0091246938E-01  4.0493671061E-01
H3       -6.9414208470E-01  1.6674018066E-05  7.9786706825E-01 -8.0091450327E-01  4.0495641306E-01
C4       -7.6356284340E-01  8.5626628337E-05  3.8054650450E+01 -3.8199999317E+01  1.2351174063E+00
H5        2.2800165490E-02  3.6282179834E-05  6.0552520999E-01 -6.0783799968E-01  1.3905724891E-01
H6        1.7744652460E-02  2.8803357764E-05  6.0582812127E-01 -6.0814206792E-01  1.4034446645E-01
H7        2.2801859250E-02  3.0322199757E-05  6.0551964633E-01 -6.0783241478E-01  1.3907533603E-01
F8       -8.7803283320E-01  2.3605708616E-05  9.9767099057E+01 -1.0014815721E+02  4.7930639089E-01
--------------------------------------------------------------------------------------------------
Total     1.4042870000E-04  2.0569739786E-04  4.2890666021E+02 -4.3054485939E+02

1st Largest |L(A)| = 8.5626628337E-05, atom C4
2nd Largest |L(A)| = 3.6900386762E-05, atom Si1

Molecular charge q(Mol) from the wfx file:   0.0000000000E+00
Molecular energy E(Mol) from the wfx file:  -4.3054480028E+02
Molecular virial ratio (-V(Mol)/T(Mol)) from the wfx file:   2.0038194771E+00
Note.  K_Scaled(A) = (1+V(Mol)/T(Mol))*K(A) = (E(Mol)/T(Mol))*K(A)
       Only use K_Scaled(A) data with caution.

N_AIMInt(SumA)     =         33.999860
N_Analytic(Mol)    =         34.000000

G_AIMInt(SumA)     =        428.906455
G_Analytic(Mol)    =        428.906601

K_AIMInt(SumA)     =        428.906660
K_Analytic(Mol)    =        428.906601

L_AIMInt(SumA)     =          0.000206
L_Analytic(Mol)    =          0.000000

VenT_AIMInt(SumA)  =      -1253.900861
VenT_Analytic(Mol) =      -1253.902078

Some Information About the Atomic Calculations:
----------------------------------------------
  Time(sec) = "Elapsed User Time", in Seconds, for Atom A by AIMInt and, if used, by TWOe
  NProc = Number of Processors Used for AIMInt Job
  BIM = Basin Integration Method
  OAQ = Angular Quadrature Outside of Beta Sphere
  ORQ = Multiple of Default for Radial Quadrature Outside of Beta Sphere
  IAQ = Multiple of Default for Angular Quadrature Inside of Beta Sphere
  IRQ = Multiple of Default for Radial Quadrature Inside of Beta Sphere
  MIR = Maximum Integration Radius
------------------------------------------------------------------------------------------------------
Atom A     Time(sec)   NProc      BIM          OAQ                     ORQ      IAQ      IRQ      MIR
------------------------------------------------------------------------------------------------------
Si1            45        2     Proaim(5)    4500(GS4)                  1.00     1.00     1.00    13.00
H2             12        2     Proaim(5)    1800(GS4)                  1.00     1.00     1.00    13.00
H3             13        2     Proaim(5)    1800(GS4)                  1.00     1.00     1.00    13.00
C4             39        2     Proaim(5)    4500(GS4)                  1.00     1.00     1.00    13.00
H5              9        2     Proaim(5)    1800(GS4)                  1.00     1.00     1.00    13.00
H6              9        2     Proaim(5)    1800(GS4)                  1.00     1.00     1.00    13.00
H7              8        2     Proaim(5)    1800(GS4)                  1.00     1.00     1.00    13.00
F8             15        2     Proaim(5)    2700(GS4)                  1.00     1.00     1.00    13.00
------------------------------------------------------------------------------------------------------
Total         150
Note:  Total wall clock time is less than total of atomic times if more than one atom
       was calculated at a time

Electron Density Critical Point Analysis of Molecular Structure:
---------------------------------------------------------------
  NACP = Nuclear Attractor Critical Point
  NNACP = Non-Nuclear Attractor Critical Point
  BCP = Bond Critical Point
  RCP = Ring Critical Point
  CCP = Cage Critical Point
  Rho = Electron Density
  GradRho = Gradient of Electron Density
  HessRho_EigVals = Eigenvalues of the Hessian of Rho, Ascending Order
  HessRho_EigVecs = Eigenvectors of the Hessian of Rho
  DelSqRho = Laplacian of Rho = Trace of Hessian of Rho
  Bond Ellipticity = (HessRho_EigVal(1) / HessRho_EigVal(2)) - 1
  V = Virial Field = Potential Energy Density = Trace of Stress Tensor
  G = Lagrangian Form of Kinetic Energy Density
  K = Hamiltonian Form of Kinetic Energy Density
  L = K - G = Lagrangian Density = (-1/4)DelSqRho
  Vnuc = Electrostatic Potential from Nuclei
  Ven = Electron-nuclear attractive contribution to Virial Field V
  Vrep = V - Ven = Repulsive contribution to Virial Field V
  DelSqV = Laplacian of V
  DelSqVen = Laplacian of Ven
  DelSqVrep = Laplacian of Vrep
  DelSqG = Laplacian of G
  DelSqK = Laplacian of K
  Stress_EigVals = Eigenvalues of Stress Tensor, Ascending Order
  Stress_EigVecs = Eigenvectors of Stress Tensor
  -DivStress = Ehrenfest Force Density = Minus Divergence of Stress Tensor
  ESP = Total Electrostatic Potential
  ESPe = Electrostatic Potential from Electrons
  ESPn = Electrostatic Potential from Nuclei
  BP = Bond Path
  BPL = Bond Path Length
  GBL = Geometric Bond Length
  GBL_I = Distance Between Nuclear Attractors
  GBL_II = Distance Between Nuclei
  GBL_III = Sum of Distances Between BCP and Nuclear Attractors
  GBL_IV = Sum of Distances Between BCP and Nuclei

CP# 1      Coords =  3.17122255471941E-08 -4.50521701763856E-08 -1.03540157548131E-07
           Type = (3,-3) NACP Si1
           Rho =  1.7347375003E+03     Rho at Nucleus =  1.7347375000E+03
           GradRho = -1.7763568394E-15  4.4408920985E-15 -1.9984014443E-15
           HessRho_EigVals = -4.6741023093E+07 -4.6740975269E+07 -4.6740967504E+07
           HessRho_EigVec1 = -3.2423565001E-01  4.6058984683E-01  8.2627370541E-01
           HessRho_EigVec2 =  8.1773520094E-01  5.7559459705E-01  3.1317850993E-05
           HessRho_EigVec3 = -4.7558425584E-01  6.7568324889E-01 -5.6326881927E-01
           DelSqRho = -1.4022296587E+08
           Bond Ellipticity = NA
           V = -3.5064211973E+07
           G =  4.2352532417E+03
           K =  3.5059976720E+07
           L =  3.5055741467E+07
           Vnuc =  1.1936668095E+08
           Ven = -2.0706985774E+11
           Vrep =  2.0703479353E+11
           DelSqV =  6.3415316695E+13
           DelSqVen =  1.6737929934E+16
           DelSqVrep = -1.6674514617E+16
           DelSqG =  9.4476740658E+11
           DelSqK = -6.4360084102E+13
           Stress_EigVals = -1.1688075953E+07 -1.1688074017E+07 -1.1688062003E+07
           Stress_EigVec1 = -4.7578779437E-01  6.7597503172E-01 -5.6274659592E-01
           Stress_EigVec2 =  8.1773595980E-01  5.7559351892E-01  3.2089970138E-05
           Stress_EigVec3 = -3.2393498543E-01  4.6016285972E-01  8.2662946218E-01
           -DivStress = -6.6485349937E+05  9.4452884805E+05  2.1710274345E+06
           ESP =  -4.9229493417E+01     ESP at Nucleus =  -4.9229493419E+01
           ESPe = -5.5244694964E+01     ESPe at Nucleus = -5.5244694888E+01
           ESPn =  6.0152015475E+00     ESPn at Nucleus =  6.0152014694E+00

CP# 2      Coords = -2.78347567802119E+00 -7.68388188142448E-06  8.04838866882830E-05
           Type = (3,-3) NACP H2
           Rho =  4.0077158908E-01     Rho at Nucleus =  3.9935385093E-01
           GradRho = -2.8189256485E-16 -2.4286128664E-17  1.1275702594E-17
           HessRho_EigVals = -8.1795569839E+00 -8.1793113056E+00 -7.8868038540E+00
           HessRho_EigVec1 = -2.6719547765E-03  1.4326876640E-01  9.8968021160E-01
           HessRho_EigVec2 =  3.9557909000E-03  9.8967751526E-01 -1.4325769616E-01
           HessRho_EigVec3 =  9.9998860612E-01 -3.5321898895E-03  3.2111148464E-03
           DelSqRho = -2.4245672143E+01
           Bond Ellipticity = NA
           V = -6.0637325818E+00
           G =  1.1572729597E-03
           K =  6.0625753088E+00
           L =  6.0614180359E+00
           Vnuc =  6.1879568431E+01
           Ven = -2.4799572971E+01
           Vrep =  1.8735840390E+01
           DelSqV =  1.5906742282E+03
           DelSqVen =  1.5003117286E+03
           DelSqVrep =  9.0362499621E+01
           DelSqG =  1.2233617847E+02
           DelSqK = -1.7130104067E+03
           Stress_EigVals = -2.0456175398E+00 -2.0452480438E+00 -1.9728669982E+00
           Stress_EigVec1 =  4.5648094172E-03  8.6306617789E-01 -5.0507022789E-01
           Stress_EigVec2 =  1.8612926023E-04  5.0507474810E-01  8.6307558428E-01
           Stress_EigVec3 =  9.9998956388E-01 -4.0337839027E-03  2.1449280973E-03
           -DivStress = -9.5178120721E+00  5.4525362499E-03 -4.0785177516E-02
           ESP =  -1.1230715855E+00     ESP at Nucleus =  -1.1233936950E+00
           ESPe = -9.9267306248E+00     ESPe at Nucleus = -9.8822424089E+00
           ESPn =  8.8036590393E+00     ESPn at Nucleus =  8.7588487139E+00

CP# 3      Coords =  9.38254436772693E-01  2.62057404036912E+00  8.06021990020883E-05
           Type = (3,-3) NACP H3
           Rho =  4.0077158816E-01     Rho at Nucleus =  3.9935384198E-01
           GradRho =  2.4286128664E-16 -5.0306980803E-16  3.4694469520E-18
           HessRho_EigVals = -8.1795471251E+00 -8.1793015625E+00 -7.8867883801E+00
           HessRho_EigVec1 = -1.3588324546E-01  5.1499595858E-02  9.8938543310E-01
           HessRho_EigVec2 =  9.3279733639E-01 -3.2982274216E-01  1.4527934467E-01
           HessRho_EigVec3 =  3.3380364413E-01  9.4263712551E-01 -3.2213012110E-03
           DelSqRho = -2.4245637068E+01
           Bond Ellipticity = NA
           V = -6.0637238495E+00
           G =  1.1572912884E-03
           K =  6.0625665582E+00
           L =  6.0614092669E+00
           Vnuc =  6.1879371233E+01
           Ven = -2.4799493884E+01
           Vrep =  1.8735770034E+01
           DelSqV =  1.5906715121E+03
           DelSqVen =  1.5003047769E+03
           DelSqVrep =  9.0366735162E+01
           DelSqG =  1.2233583422E+02
           DelSqK = -1.7130073463E+03
           Stress_EigVals = -2.0456150124E+00 -2.0452456613E+00 -1.9728631759E+00
           Stress_EigVec1 = -8.1418790528E-01  2.8670445095E-01 -5.0487484855E-01
           Stress_EigVec2 = -4.7538152601E-01  1.7004606255E-01  8.6318986402E-01
           Stress_EigVec3 =  3.3333235610E-01  9.4280692319E-01 -2.1554480658E-03
           -DivStress =  3.2033533740E+00  8.9625704877E+00 -4.0843482965E-02
           ESP =  -1.1230729575E+00     ESP at Nucleus =  -1.1233950641E+00
           ESPe = -9.9267346752E+00     ESPe at Nucleus = -9.8822463596E+00
           ESPn =  8.8036617177E+00     ESPn at Nucleus =  8.7588512955E+00

CP# 4      Coords =  1.29812100885875E+00 -1.84358199446100E+00  2.69151470462039E+00
           Type = (3,-3) NACP C4
           Rho =  1.2085076491E+02     Rho at Nucleus =  1.2085076488E+02
           GradRho =  2.7237045952E-11 -3.6777469958E-11  1.4525081138E-10
           HessRho_EigVals = -2.4805450812E+05 -2.4805441388E+05 -2.4805388883E+05
           HessRho_EigVec1 = -4.4373582741E-01  6.3035321528E-01  6.3698770747E-01
           HessRho_EigVec2 = -8.1767632799E-01 -5.7567822339E-01  7.5883916990E-05
           HessRho_EigVec3 =  3.6674778542E-01 -5.2081609720E-01  7.7087395518E-01
           DelSqRho = -7.4416281083E+05
           Bond Ellipticity = NA
           V = -1.8605631508E+05
           G =  7.8061873798E+00
           K =  1.8604850889E+05
           L =  1.8604070271E+05
           Vnuc =  1.2097080635E+07
           Ven = -1.4619414479E+09
           Vrep =  1.4617553916E+09
           DelSqV =  1.1193055328E+10
           DelSqVen =  9.0021990236E+12
           DelSqVrep = -8.9910059683E+12
           DelSqG =  3.8189620179E+08
           DelSqK = -1.1574951529E+10
           Stress_EigVals = -6.2018864674E+04 -6.2018737983E+04 -6.2018712424E+04
           Stress_EigVec1 =  3.6888221640E-01 -5.2388318261E-01  7.6777100844E-01
           Stress_EigVec2 = -8.1766891572E-01 -5.7568875510E-01  3.8897927059E-05
           Stress_EigVec3 = -4.4197675808E-01  6.2779683675E-01  6.4072433783E-01
           -DivStress = -3.7902338476E+02  5.3798460303E+02 -1.6904063566E+03
           ESP =  -1.4768449819E+01     ESP at Nucleus =  -1.4768449821E+01
           ESPe = -2.2273801261E+01     ESPe at Nucleus = -2.2273801858E+01
           ESPn =  7.5053514428E+00     ESPn at Nucleus =  7.5053520369E+00

CP# 5      Coords =  3.32681941079295E+00 -1.86477294137133E+00  2.64399873421643E+00
           Type = (3,-3) NACP H5
           Rho =  4.3004156092E-01     Rho at Nucleus =  4.2627086795E-01
           GradRho = -4.0364760145E-13  6.9649147560E-15  5.0966175724E-15
           HessRho_EigVals = -8.7131386641E+00 -8.7072836462E+00 -7.9611375261E+00
           HessRho_EigVec1 =  2.2674440316E-02  8.5767891018E-01  5.1368546484E-01
           HessRho_EigVec2 =  7.0057453663E-03 -5.1394126410E-01  8.5779676882E-01
           HessRho_EigVec3 =  9.9971835498E-01 -1.5851312073E-02 -1.7662010569E-02
           DelSqRho = -2.5381559836E+01
           Bond Ellipticity = NA
           V = -6.3639598535E+00
           G =  9.2849472087E-03
           K =  6.3546749063E+00
           L =  6.3453899591E+00
           Vnuc =  4.1494014224E+01
           Ven = -1.7844150646E+01
           Vrep =  1.1480190792E+01
           DelSqV =  1.6370338637E+03
           DelSqVen =  1.0531828049E+03
           DelSqVrep =  5.8385105887E+02
           DelSqG =  1.2542091273E+02
           DelSqK = -1.7624547765E+03
           Stress_EigVals = -2.1856677017E+00 -2.1851752510E+00 -1.9931169007E+00
           Stress_EigVec1 =  5.5886501133E-03 -6.4983336517E-01  7.6005615878E-01
           Stress_EigVec2 =  2.3886222473E-02  7.5993791184E-01  6.4955663227E-01
           Stress_EigVec3 =  9.9969906240E-01 -1.4524725754E-02 -1.9769091428E-02
           -DivStress =  1.6030890699E+01 -2.8752264732E-01 -2.5473684138E-01
           ESP =  -1.0960936108E+00     ESP at Nucleus =  -1.0971583422E+00
           ESPe = -9.5362829766E+00     ESPe at Nucleus = -9.4712973668E+00
           ESPn =  8.4401893658E+00     ESPn at Nucleus =  8.3741390246E+00

CP# 6      Coords =  7.14127141080452E-01 -1.01419841809742E+00  4.45247187271784E+00
           Type = (3,-3) NACP H6
           Rho =  4.2907355412E-01     Rho at Nucleus =  4.2536003281E-01
           GradRho =  3.2317898357E-15 -5.2770288139E-15 -6.0194904616E-15
           HessRho_EigVals = -8.6974778374E+00 -8.6907511399E+00 -7.9552121200E+00
           HessRho_EigVec1 =  8.1790171890E-01  5.7535789758E-01  2.6061967276E-04
           HessRho_EigVec2 = -5.0138225995E-01  7.1296347976E-01 -4.9020292323E-01
           HessRho_EigVec3 = -2.8222793560E-01  4.0080714343E-01  8.7160829857E-01
           DelSqRho = -2.5343441097E+01
           Bond Ellipticity = NA
           V = -6.3545658330E+00
           G =  9.3527793591E-03
           K =  6.3452130537E+00
           L =  6.3358602743E+00
           Vnuc =  4.1489730984E+01
           Ven = -1.7802146333E+01
           Vrep =  1.1447580500E+01
           DelSqV =  1.6353883895E+03
           DelSqVen =  1.0514925533E+03
           DelSqVrep =  5.8389583619E+02
           DelSqG =  1.2532299005E+02
           DelSqK = -1.7607113796E+03
           Stress_EigVals = -2.1815711117E+00 -2.1813502642E+00 -1.9916444571E+00
           Stress_EigVec1 = -5.0408248612E-01  7.0960776736E-01 -4.9229834825E-01
           Stress_EigVec2 =  8.1582160450E-01  5.7830091973E-01 -1.7764798887E-03
           Stress_EigVec3 = -2.8343598364E-01  4.0252312076E-01  8.7042471267E-01
           -DivStress = -4.4513296909E+00  6.3215775521E+00  1.3894577208E+01
           ESP =  -1.0925648511E+00     ESP at Nucleus =  -1.0936129398E+00
           ESPe = -9.2957163391E+00     ESPe at Nucleus = -9.2298179046E+00
           ESPn =  8.2031514880E+00     ESPn at Nucleus =  8.1362049648E+00

CP# 7      Coords =  6.34242410992014E-01 -3.76069696197316E+00  2.64399866292038E+00
           Type = (3,-3) NACP H7
           Rho =  4.3004184456E-01     Rho at Nucleus =  4.2627112163E-01
           GradRho =  1.8676032942E-14  5.4531032467E-14  1.5265566589E-15
           HessRho_EigVals = -8.7131470393E+00 -8.7072911658E+00 -7.9611410829E+00
           HessRho_EigVec1 =  8.1508741600E-01 -2.6773842357E-01 -5.1375932189E-01
           HessRho_EigVec2 =  4.8157366599E-01 -1.7985367718E-01  8.5775256282E-01
           HessRho_EigVec3 =  3.2205482221E-01  9.4655628008E-01  1.7660694823E-02
           DelSqRho = -2.5381579288E+01
           Bond Ellipticity = NA
           V = -6.3639646414E+00
           G =  9.2849096857E-03
           K =  6.3546797317E+00
           L =  6.3453948220E+00
           Vnuc =  4.1493895123E+01
           Ven = -1.7844111196E+01
           Vrep =  1.1480146555E+01
           DelSqV =  1.6370347251E+03
           DelSqVen =  1.0531805890E+03
           DelSqVrep =  5.8385413603E+02
           DelSqG =  1.2542102233E+02
           DelSqK = -1.7624557474E+03
           Stress_EigVals = -2.1856695230E+00 -2.1851773651E+00 -1.9931177532E+00
           Stress_EigVec1 =  6.0987142632E-01 -2.2428595448E-01  7.6010042362E-01
           Stress_EigVec2 =  7.2355773630E-01 -2.3368270707E-01 -6.4950488425E-01
           Stress_EigVec3 =  3.2329714753E-01  9.4609101203E-01  1.9767431642E-02
           -DivStress = -5.1329047726E+00 -1.5189720193E+01 -2.5469952408E-01
           ESP =  -1.0960930452E+00     ESP at Nucleus =  -1.0971577651E+00
           ESPe = -9.5362831729E+00     ESPe at Nucleus = -9.4712972108E+00
           ESPn =  8.4401901277E+00     ESPn at Nucleus =  8.3741394457E+00

CP# 8      Coords =  9.01906517067429E-01 -1.28088114643917E+00 -2.61993361282028E+00
           Type = (3,-3) NACP F8
           Rho =  4.2954899172E+02     Rho at Nucleus =  4.2954897517E+02
           GradRho =  7.6526447072E-11  1.2742369659E-10  2.3094524947E-10
           HessRho_EigVals = -2.0345574626E+06 -2.0345333896E+06 -2.0345333353E+06
           HessRho_EigVec1 = -3.0134503689E-01  4.2805934267E-01  8.5203073178E-01
           HessRho_EigVec2 =  8.1671460914E-01  5.7704085143E-01 -1.0502362184E-03
           HessRho_EigVec3 = -4.9210610233E-01  6.9554946261E-01 -5.2349071540E-01
           DelSqRho = -6.1036241875E+06
           Bond Ellipticity = NA
           V = -1.5262215464E+06
           G =  1.5774978614E+02
           K =  1.5260637967E+06
           L =  1.5259060469E+06
           Vnuc =  2.2312766938E+06
           Ven = -9.5844265409E+08
           Vrep =  9.5691643254E+08
           DelSqV =  2.1704012664E+11
           DelSqVen =  1.3618874368E+13
           DelSqVrep = -1.3401834241E+13
           DelSqG =  7.2289200669E+09
           DelSqK = -2.2426904671E+11
           Stress_EigVals = -5.0874261129E+05 -5.0874259938E+05 -5.0873633578E+05
           Stress_EigVec1 = -4.9272929985E-01  6.9596198876E-01 -5.2235500119E-01
           Stress_EigVec2 =  8.1658015742E-01  5.7723082682E-01 -1.1912492957E-03
           Stress_EigVec3 = -3.0069034501E-01  4.2713169253E-01  8.5272729149E-01
           -DivStress =  8.3951447168E+04 -1.1923912006E+05 -2.4701679807E+05
           ESP =  -2.6596598831E+01     ESP at Nucleus =  -2.6596598952E+01
           ESPe = -3.3210744610E+01     ESPe at Nucleus = -3.3210737491E+01
           ESPn =  6.6141457784E+00     ESPn at Nucleus =  6.6141385393E+00

CP# 9      Coords = -1.35861619499605E+00  1.82647587680104E-03  5.16401034207237E-03
           Type = (3,-1) BCP Si1 H2
           Rho =  1.2414908703E-01
           GradRho = -2.4286128664E-17  8.6736173799E-18 -5.2041704279E-18
           HessRho_EigVals = -2.0581032218E-01 -1.9632404429E-01  5.8846691903E-01
           HessRho_EigVec1 =  2.8268108452E-04  4.5973415892E-01  8.8805654280E-01
           HessRho_EigVec2 = -4.2677696787E-04  8.8805655287E-01 -4.5973402829E-01
           HessRho_EigVec3 =  9.9999986898E-01  2.4904396493E-04 -4.4724073985E-04
           DelSqRho =  1.8633255256E-01
           Bond Ellipticity =  4.8319490971E-02
           V = -2.1031360987E-01
           G =  1.2844837401E-01
           K =  8.1865235866E-02
           L = -4.6583138140E-02
           Vnuc =  1.5718812209E+01
           Ven = -1.9514761850E+00
           Vrep =  1.7411625751E+00
           DelSqV = -2.4444066913E+00
           DelSqVen = -2.9289264021E+00
           DelSqVrep =  4.8451971079E-01
           DelSqG =  3.8634278263E+00
           DelSqK = -1.4190211349E+00
           Stress_EigVals = -8.3486161477E-02 -6.3610438265E-02 -6.3217010129E-02
           Stress_EigVec1 =  9.9990718794E-01 -7.1567347396E-03 -1.1592956988E-02
           Stress_EigVec2 =  3.5729860514E-03 -6.8338344953E-01  7.3005088499E-01
           Stress_EigVec3 =  1.3147215467E-02  7.3002454894E-01  6.8329445239E-01
           -DivStress =  2.5328496401E-01 -4.4062308591E-04 -1.5093335324E-03
           ESP =   1.0611564636E+00
           ESPe = -1.4657655745E+01
           ESPn =  1.5718812209E+01
           BPL =  2.7834999071E+00 =  1.3586280841E+00 +  1.4248718230E+00
           GBL_I =  2.7834757109E+00
           GBL_II =  2.8023164441E+00
           GBL_III =  2.7834970007E+00 =  1.3586272689E+00 +  1.4248697319E+00
           GBL_IV =  2.8023378768E+00 =  1.3586272367E+00 +  1.4437106401E+00

CP# 10     Coords =  4.56198850610698E-01  1.27973328369008E+00  5.17032758838431E-03
           Type = (3,-1) BCP H3 Si1
           Rho =  1.2414909335E-01
           GradRho = -3.4694469520E-17 -2.4286128664E-17  4.3368086899E-18
           HessRho_EigVals = -2.0581129439E-01 -1.9632482872E-01  5.8847810247E-01
           HessRho_EigVec1 = -4.3303943699E-01  1.5473223615E-01  8.8799480917E-01
           HessRho_EigVec2 =  8.3588635303E-01 -2.9971484487E-01  4.5985325550E-01
           HessRho_EigVec3 =  3.3729934900E-01  9.4139733740E-01  4.4978310772E-04
           DelSqRho =  1.8634197935E-01
           Bond Ellipticity =  4.8320254397E-02
           V = -2.1031525709E-01
           G =  1.2845037596E-01
           K =  8.1864881126E-02
           L = -4.6585494839E-02
           Vnuc =  1.5718814678E+01
           Ven = -1.9514765909E+00
           Vrep =  1.7411613338E+00
           DelSqV = -2.4444528774E+00
           DelSqVen = -2.9290750403E+00
           DelSqVrep =  4.8462216283E-01
           DelSqG =  3.8634853139E+00
           DelSqK = -1.4190324364E+00
           Stress_EigVals = -8.3486854678E-02 -6.3610802593E-02 -6.3217599820E-02
           Stress_EigVec1 =  3.3016360445E-01  9.4385224738E-01  1.1615912139E-02
           Stress_EigVec2 =  6.4220522903E-01 -2.3363097121E-01  7.3006096533E-01
           Stress_EigVec3 = -6.9178351969E-01  2.3357976026E-01  6.8328329226E-01
           -DivStress = -8.4958784639E-02 -2.3861109555E-01 -1.5095773486E-03
           ESP =   1.0611594956E+00
           ESPe = -1.4657655183E+01
           ESPn =  1.5718814678E+01
           BPL =  2.7834987776E+00 =  1.4248731065E+00 +  1.3586256711E+00
           GBL_I =  2.7834744246E+00
           GBL_II =  2.8023152284E+00
           GBL_III =  2.7834958736E+00 =  1.4248710216E+00 +  1.3586248520E+00
           GBL_IV =  2.8023368205E+00 =  1.4437120007E+00 +  1.3586248198E+00

CP# 11     Coords =  5.01295833866488E-01 -7.11887942506085E-01  1.04126175837274E+00
           Type = (3,-1) BCP C4 Si1
           Rho =  1.2665648789E-01
           GradRho =  5.2041704279E-17 -2.0816681712E-17  1.0408340856E-16
           HessRho_EigVals = -1.8431260430E-01 -1.7573631220E-01  5.6650837256E-01
           HessRho_EigVec1 = -4.4066896573E-01  6.2593486707E-01  6.4344106554E-01
           HessRho_EigVec2 = -8.1766370171E-01 -5.7569616017E-01  4.5508040365E-05
           HessRho_EigVec3 =  3.7045503580E-01 -5.2609834950E-01  7.6549565191E-01
           DelSqRho =  2.0645945606E-01
           Bond Ellipticity =  4.8802048906E-02
           V = -2.1962871024E-01
           G =  1.3562178713E-01
           K =  8.4006923113E-02
           L = -5.1614864015E-02
           Vnuc =  1.6946204628E+01
           Ven = -2.1463467613E+00
           Vrep =  1.9267180511E+00
           DelSqV = -2.3804301488E+00
           DelSqVen = -3.4987041898E+00
           DelSqVrep =  1.1182740410E+00
           DelSqG =  3.9252289933E+00
           DelSqK = -1.5447988445E+00
           Stress_EigVals = -9.1190344277E-02 -6.4300459803E-02 -6.4137906161E-02
           Stress_EigVec1 =  3.6743063196E-01 -5.2170487539E-01  7.6994724085E-01
           Stress_EigVec2 = -4.4266608170E-01  6.2997283671E-01  6.3810733041E-01
           Stress_EigVec3 =  8.1794955273E-01  5.7528970789E-01 -5.3026451711E-04
           -DivStress = -9.9358608318E-02  1.4110456834E-01 -2.0689705012E-01
           ESP =   1.0518475175E+00
           ESPe = -1.5894357111E+01
           ESPn =  1.6946204628E+01
           BPL =  3.5111641917E+00 =  2.1538472598E+00 +  1.3573169318E+00
           GBL_I =  3.5111485924E+00
           GBL_II =  3.5111480785E+00
           GBL_III =  3.5111495118E+00 =  2.1538329957E+00 +  1.3573165161E+00
           GBL_IV =  3.5111489979E+00 =  2.1538325259E+00 +  1.3573164720E+00

CP# 12     Coords =  2.59706565670756E+00 -1.85420226944539E+00  2.65790609021785E+00
           Type = (3,-1) BCP H5 C4
           Rho =  2.7925933171E-01
           GradRho =  8.6562701451E-16  3.8163916471E-17 -1.4918621893E-16
           HessRho_EigVals = -7.4230946364E-01 -7.2246257518E-01  4.1502052030E-01
           HessRho_EigVec1 =  2.2195363816E-02  8.4307399403E-01  5.3733937732E-01
           HessRho_EigVec2 =  1.0241413619E-02 -5.3763531591E-01  8.4311528306E-01
           HessRho_EigVec3 =  9.9970119499E-01 -1.3210135630E-02 -2.0567280921E-02
           DelSqRho = -1.0497515185E+00
           Bond Ellipticity =  2.7471164790E-02
           V = -3.6253532400E-01
           G =  5.0048722185E-02
           K =  3.1248660182E-01
           L =  2.6243787963E-01
           Vnuc =  1.1984487454E+01
           Ven = -3.3467799572E+00
           Vrep =  2.9842446332E+00
           DelSqV = -1.4328174686E+00
           DelSqVen =  1.2580733903E+01
           DelSqVrep = -1.4013551372E+01
           DelSqG =  1.6829223646E+00
           DelSqK = -2.5010489601E-01
           Stress_EigVals = -2.3089800302E-01 -2.2847909667E-01  9.6841775689E-02
           Stress_EigVec1 =  1.1232852159E-02 -5.8227924967E-01  8.1291124880E-01
           Stress_EigVec2 =  2.2626204745E-02  8.1290239889E-01  5.8196026044E-01
           Stress_EigVec3 =  9.9968088803E-01 -1.1856022787E-02 -2.2305981988E-02
           -DivStress = -1.4369045409E-01 -1.1012077568E-03  6.5375509925E-03
           ESP =   8.3723962314E-01
           ESPe = -1.1147247831E+01
           ESPn =  1.1984487454E+01
           BPL =  2.0293962539E+00 =  7.2996339502E-01 +  1.2994328589E+00
           GBL_I =  2.0293654254E+00
           GBL_II =  2.0596174456E+00
           GBL_III =  2.0293855710E+00 =  7.2996280402E-01 +  1.2994227670E+00
           GBL_IV =  2.0596389965E+00 =  7.6021613656E-01 +  1.2994228600E+00

CP# 13     Coords =  9.22569044240331E-01 -1.31022368940144E+00  3.81401491838789E+00
           Type = (3,-1) BCP H6 C4
           Rho =  2.7738319673E-01
           GradRho =  4.5102810375E-17  1.3877787808E-17 -6.5919492087E-17
           HessRho_EigVals = -7.3285406026E-01 -7.1291309670E-01  4.0970843173E-01
           HessRho_EigVec1 =  8.1772520344E-01  5.7560879515E-01  8.1243229560E-05
           HessRho_EigVec2 = -4.9974194997E-01  7.1001676394E-01 -4.9611911711E-01
           HessRho_EigVec3 = -2.8562821130E-01  4.0564850532E-01  8.6825446445E-01
           DelSqRho = -1.0360587252E+00
           Bond Ellipticity =  2.7971100058E-02
           V = -3.6036161877E-01
           G =  5.0673468733E-02
           K =  3.0968815004E-01
           L =  2.5901468131E-01
           Vnuc =  1.1802881620E+01
           Ven = -3.2739210343E+00
           Vrep =  2.9135594156E+00
           DelSqV = -1.3778841092E+00
           DelSqVen =  1.2228478485E+01
           DelSqVrep = -1.3606362594E+01
           DelSqG =  1.6670233122E+00
           DelSqK = -2.8913920303E-01
           Stress_EigVals = -2.2893469874E-01 -2.2684592299E-01  9.5419002959E-02
           Stress_EigVec1 = -4.9936310700E-01  7.0876681262E-01 -4.9828314510E-01
           Stress_EigVec2 =  8.1752043748E-01  5.7589957396E-01 -1.2250116874E-04
           Stress_EigVec3 = -2.8687422621E-01  4.0741782734E-01  8.6701435530E-01
           -DivStress =  4.4921725115E-02 -6.3794120774E-02 -1.2783403244E-01
           ESP =   8.3844399785E-01
           ESPe = -1.0964437622E+01
           ESPn =  1.1802881620E+01
           BPL =  2.0322504192E+00 =  7.3396777077E-01 +  1.2982826485E+00
           GBL_I =  2.0322145808E+00
           GBL_II =  2.0622536836E+00
           GBL_III =  2.0322407825E+00 =  7.3396612372E-01 +  1.2982746588E+00
           GBL_IV =  2.0622822398E+00 =  7.6400727201E-01 +  1.2982749678E+00

CP# 14     Coords =  8.70272541417252E-01 -3.07008570208759E+00  2.65790532336793E+00
           Type = (3,-1) BCP C4 H7
           Rho =  2.7925961414E-01
           GradRho =  2.7755575616E-17 -1.1449174941E-16 -2.0816681712E-17
           HessRho_EigVals = -7.4231022896E-01 -7.2246109073E-01  4.1501741718E-01
           HessRho_EigVec1 =  8.0120600178E-01 -2.6327963631E-01 -5.3735721436E-01
           HessRho_EigVec2 =  5.0273650356E-01 -1.9087109919E-01  8.4310392685E-01
           HessRho_EigVec3 =  3.2453805740E-01  9.4564901343E-01  2.0566786421E-02
           DelSqRho = -1.0497539025E+00
           Bond Ellipticity =  2.7474335278E-02
           V = -3.6253673588E-01
           G =  5.0049130126E-02
           K =  3.1248760575E-01
           L =  2.6243847563E-01
           Vnuc =  1.1984493523E+01
           Ven = -3.3467850370E+00
           Vrep =  2.9842483011E+00
           DelSqV = -1.4327865594E+00
           DelSqVen =  1.2580768845E+01
           DelSqVrep = -1.4013555405E+01
           DelSqG =  1.6829259154E+00
           DelSqK = -2.5013935601E-01
           Stress_EigVals = -2.3089815532E-01 -2.2847953876E-01  9.6840958207E-02
           Stress_EigVec1 =  5.4440905444E-01 -2.0684498894E-01  8.1291692810E-01
           Stress_EigVec2 =  7.7296106772E-01 -2.5271058810E-01 -5.8195235755E-01
           Stress_EigVec3 =  3.2580664394E-01  9.4517326941E-01  2.2305191185E-02
           -DivStress =  4.9471721188E-02  1.3491104509E-01  6.5385941875E-03
           ESP =   8.3724035398E-01
           ESPe = -1.1147253169E+01
           ESPn =  1.1984493523E+01
           BPL =  2.0293958756E+00 =  1.2994312233E+00 +  7.2996465235E-01
           GBL_I =  2.0293650154E+00
           GBL_II =  2.0596171435E+00
           GBL_III =  2.0293851805E+00 =  1.2994211197E+00 +  7.2996406073E-01
           GBL_IV =  2.0596387152E+00 =  1.2994212126E+00 +  7.6021750259E-01

CP# 15     Coords =  3.73295185711963E-01 -5.30096483739791E-01 -1.08479625994072E+00
           Type = (3,-1) BCP Si1 F8
           Rho =  1.3244199788E-01
           GradRho = -7.5589220213E-18  3.7692966153E-17  2.4821453486E-16
           HessRho_EigVals = -2.7302642228E-01 -2.7272649439E-01  1.5898643458E+00
           HessRho_EigVec1 =  8.2050198536E-01  5.7163578429E-01  3.0036888987E-03
           HessRho_EigVec2 = -4.8938324960E-01  7.0513634055E-01 -5.1311477883E-01
           HessRho_EigVec3 = -2.9543277922E-01  4.1954173971E-01  8.5831474507E-01
           DelSqRho =  1.0441114291E+00
           Bond Ellipticity =  1.0997387276E-03
           V = -3.3781650703E-01
           G =  2.9942218215E-01
           K =  3.8394324874E-02
           L = -2.6102785728E-01
           Vnuc =  1.8742119272E+01
           Ven = -2.4822437208E+00
           Vrep =  2.1444272138E+00
           DelSqV = -5.2326969363E+00
           DelSqVen = -1.9568860937E+01
           DelSqVrep =  1.4336164001E+01
           DelSqG =  6.6025920528E+00
           DelSqK = -1.3698951165E+00
           Stress_EigVals = -1.1967622899E-01 -1.1955986801E-01 -9.8580410028E-02
           Stress_EigVec1 = -4.9219119556E-01  6.9947178239E-01 -5.1815736283E-01
           Stress_EigVec2 =  8.1780586671E-01  5.7549418940E-01  4.8439222511E-05
           Stress_EigVec3 = -2.9823043337E-01  4.2372828984E-01  8.5528530035E-01
           -DivStress = -7.9838843352E-02  1.1338020987E-01  2.3205183420E-01
           ESP =   1.3332197795E+00
           ESPe = -1.7408899492E+01
           ESPn =  1.8742119272E+01
           BPL =  3.0525637590E+00 =  1.2637777719E+00 +  1.7887859871E+00
           GBL_I =  3.0525633977E+00
           GBL_II =  3.0525675484E+00
           GBL_III =  3.0525634414E+00 =  1.2637777523E+00 +  1.7887856891E+00
           GBL_IV =  3.0525675921E+00 =  1.2637778695E+00 +  1.7887897226E+00

Number of NACPs  =      8
Number of NNACPs =      0
Number of BCPs   =      7
Number of RCPs   =      0
Number of CCPs   =      0
NumNACP + NumNNACP - NumBCP + NumRCP - NumCCP =      1
Poincare-Hopf Relationship is Satisfied

Bond Path Angles and Corresponding Geometric Bond Angles:
--------------------------------------------------------
  BPA     = A-B-C Bond Path Angle
  GBA_I   = A-B-C Geometric Bond Angle in Terms of Nuclear Attractors
  GBA_II  = A-B-C Geometric Bond Angle in Terms of Nuclei
  GBA_III = A-B-C Geometric Bond Angle in Terms of A|B and C|B BCPs and Nuclear Attractor B
  GBA_IV  = A-B-C Geometric Bond Angle in Terms of A|B and C|B BCPs and Nucleus B
-------------------------------------------------------------------------------------------------
Atom A    Atom B    Atom C        BPA          GBA_I         GBA_II       GBA_III       GBA_IV
-------------------------------------------------------------------------------------------------
H3        Si1       H2        109.55689416  109.69924709  109.69894292  109.54191182  109.54191566
C4        Si1       H2        111.60083276  111.69652586  111.69798535  111.53778851  111.53779323
C4        Si1       H3        111.59953596  111.69654215  111.69799787  111.53651431  111.53651904
H5        C4        Si1       110.56959341  110.92385341  110.93285514  110.75042940  110.75045209
H6        C4        Si1       110.15259725  110.10307052  110.11562431  109.85140347  109.85141636
H6        C4        H5        108.28493694  108.16920528  108.15950047  108.35379633  108.35377176
H7        C4        Si1       110.57065449  110.92386148  110.93286751  110.75165129  110.75167398
H7        C4        H5        108.91064444  108.45838582  108.44597987  108.70866639  108.70865497
H7        C4        H6        108.28489261  108.16920782  108.15949412  108.35388629  108.35386173
F8        Si1       H2        107.34850011  107.18646768  107.18504621  107.40983324  107.40982835
F8        Si1       H3        107.34695341  107.18648567  107.18505751  107.40843272  107.40842783
F8        Si1       C4        109.20479374  109.16945194  109.16944810  109.23311279  109.23310847

Total time for electron density critical point search, analysis and connectivity = 10 sec (NProc = 4)

Virial-Based Atomic Energy Components:
-------------------------------------
  Ee(A) = E(A) - W(A) = -T(A)
        = Contribution of Atom A to Electronic Energy of Molecule.
          Not additive to give molecular Ee unless molecular electronic virial theorem is satisfied.
  T(A) = Electronic Kinetic Energy of Atom A (Hamiltonian Form)
  Ven(A) = Ven(A,Mol) = VenT(A)
         = Attraction Energy Between Electron Density Distribution of Atom A and Nuclei of Molecule
  VenO(A) = Ven(A,A)
          = Attraction Energy Between Electron Density Distribution of Atom A and Nucleus of Atom A
  Vee(A) = Vee(A,A) + Vee(A,A')/2
         = Two-Electron Interaction Energy of Atom A with Itself Plus Half of Two-Electron Interaction Energy
           Between Atom A and Other Atoms of Molecule
  Vnn(A) - W(A) = Contribution of Atom A to the Nuclear Repulsion Energy of Molecule Minus
                  the Nuclear Virial of Energy-Gradient-Based Forces on Nuclei of Molecule.
                  Calculation of Vnn(A) - W(A) assumes satisfaction of the atomic virial theorem:
                       2T(A) + Ven(A) + Vee(A) + Vnn(A) - W(A) = 0
See "2EDM Note" and "DFT Note".
--------------------------------------------------------------------------------------------------------------------
Atom A         Ee(A)              T(A)             Ven(A)           VenO(A)            Vee(A)        Vnn(A) - W(A)
--------------------------------------------------------------------------------------------------------------------
Si1      -2.8767230562E+02  2.8767230562E+02 -7.3872369562E+02 -6.7264302565E+02
H2       -7.9786504210E-01  7.9786504210E-01 -1.7123329591E+01 -1.6460249036E+00
H3       -7.9786706825E-01  7.9786706825E-01 -1.7123437421E+01 -1.6460312265E+00
C4       -3.8054650450E+01  3.8054650450E+01 -1.4399405531E+02 -9.1923733907E+01
