AIMSum (Version 19.10.12, Professional)
Copyright (c) 1997-2019 by Todd A. Keith
AIMSum is a component of the AIMAll package ( http://aim.tkgristmill.com )

TP:  64-bit Mac OS X

Much of the Quantum Theory of Atoms in Molecules (QTAIM) is described in the book:
  "Atoms in Molecules - A Quantum Theory"
  R.F.W. Bader, Oxford University Press, Oxford, 1990

For additional references see:  http://aim.tkgristmill.com/references.html

Wfx File:  /Users/chemlab/Documents/SubstituentCoding/BCP Map Reference/BCPMapReference/SubH_Si2H3_wb97xd_augccpvtz_reor.wfx
Sum File:  /Users/chemlab/Documents/SubstituentCoding/BCP Map Reference/BCPMapReference/SubH_Si2H3_wb97xd_augccpvtz_reor.sum

SumViz File:  /Users/chemlab/Documents/SubstituentCoding/BCP Map Reference/BCPMapReference/SubH_Si2H3_wb97xd_augccpvtz_reor.sumviz

Wfx Title:   Title Card Required

Total memory allocated for AIMSum =        0.424 Megabytes

Atomic units (a.u.) used throughout, except where stated otherwise

Model:  Restricted SCF

Restricted, closed-shell, single-determinant wavefunction.
  Number of electrons (from MO Occs)                   =          32.0000000000
  Number of Alpha electrons (from MO Occs)             =          16.0000000000
  Number of Beta electrons (from MO Occs)              =          16.0000000000
  Number of electron pairs (N*(N-1)/2)                 =         496.0000000000
  Number of electron pairs (from Muller 2EDM)          =         496.0000000000

Nuclear Charges and Cartesian Coordinates:
-------------------------------------------------------------------------------
Atom      Charge                X                  Y                  Z
-------------------------------------------------------------------------------
Si1       14.0           0.0000000000E+00   0.0000000000E+00   0.0000000000E+00
H2         1.0          -2.7899406277E+00   0.0000000000E+00   0.0000000000E+00
H3         1.0           1.1773711852E+00   2.5293417259E+00   0.0000000000E+00
Si4       14.0           2.1229466742E+00  -3.3298750657E+00   7.5835786523E-01
H5         1.0           9.4557548903E-01  -5.8592167917E+00   7.5835786523E-01
H6         1.0           4.9128891917E+00  -3.3298750657E+00   7.5835786523E-01
NNA7       0.0           1.0614734306E+00  -1.6649376531E+00   3.7917896089E-01

Some Atomic Properties:
----------------------
  q(A) = Net Charge of Atom A
  L(A) = Lagrangian of Atom A = -(1/4) Times Atomic Integral of the Laplacian of the Electron Density
  K(A) = Electronic Kinetic Energy of Atom A (Hamiltonian Form)
  K_Scaled(A) = K(A) * E(Mol)/K(Mol) = Approximation to Virial-Based Total Energy of Atom A.
  |Mu_Intra(A)| = Magnitude of Intraatomic Dipole Moment of Atom A
--------------------------------------------------------------------------------------------------
Atom A          q(A)              L(A)              K(A)          K_Scaled(A)      |Mu_Intra(A)|
--------------------------------------------------------------------------------------------------
Si1       1.9242820790E+00  2.7279059267E-05  2.8809688615E+02 -2.8895273092E+02  6.0281185661E-01
H2       -6.7166765030E-01  2.0193142547E-05  7.6541421772E-01 -7.6768802136E-01  4.1665850966E-01
H3       -6.7169421690E-01  1.2976795938E-05  7.6541774028E-01 -7.6769155439E-01  4.1670419020E-01
Si4       1.9244316740E+00  2.8147057636E-05  2.8809688301E+02 -2.8895272776E+02  6.0301144921E-01
H5       -6.7168839050E-01  1.5863648865E-05  7.6541806495E-01 -7.6769188002E-01  4.1669200380E-01
H6       -6.7169735530E-01  9.1534056646E-06  7.6541429481E-01 -7.6768809869E-01  4.1671058686E-01
NNA7     -1.1617541139E+00 -5.9800813111E-06  3.5200146656E-01 -3.5304715162E-01  3.6967027285E-04
--------------------------------------------------------------------------------------------------
Total     2.1202610000E-04  1.0763302861E-04  5.7960743494E+02 -5.8132926539E+02

1st Largest |L(A)| = 2.8147057636E-05, atom Si4
2nd Largest |L(A)| = 2.7279059267E-05, atom Si1

Molecular charge q(Mol) from the wfx file:   0.0000000000E+00
Molecular energy E(Mol) from the wfx file:  -5.8132924819E+02
Molecular virial ratio (-V(Mol)/T(Mol)) from the wfx file:   2.0029706838E+00
Note.  K_Scaled(A) = (1+V(Mol)/T(Mol))*K(A) = (E(Mol)/T(Mol))*K(A)
       Only use K_Scaled(A) data with caution.

N_AIMInt(SumA)     =         31.999788
N_Analytic(Mol)    =         32.000000

G_AIMInt(SumA)     =        579.607327
G_Analytic(Mol)    =        579.607418

K_AIMInt(SumA)     =        579.607435
K_Analytic(Mol)    =        579.607418

L_AIMInt(SumA)     =          0.000108
L_Analytic(Mol)    =          0.000000

VenT_AIMInt(SumA)  =      -1541.710668
VenT_Analytic(Mol) =      -1541.712307

Some Information About the Atomic Calculations:
----------------------------------------------
  Time(sec) = "Elapsed User Time", in Seconds, for Atom A by AIMInt and, if used, by TWOe
  NProc = Number of Processors Used for AIMInt Job
  BIM = Basin Integration Method
  OAQ = Angular Quadrature Outside of Beta Sphere
  ORQ = Multiple of Default for Radial Quadrature Outside of Beta Sphere
  IAQ = Multiple of Default for Angular Quadrature Inside of Beta Sphere
  IRQ = Multiple of Default for Radial Quadrature Inside of Beta Sphere
  MIR = Maximum Integration Radius
------------------------------------------------------------------------------------------------------
Atom A     Time(sec)   NProc      BIM          OAQ                     ORQ      IAQ      IRQ      MIR
------------------------------------------------------------------------------------------------------
Si1            63        2     Proaim(5)    4500(GS4)                  1.00     1.00     1.00    13.00
H2             21        2     Proaim(5)    1800(GS4)                  1.00     1.00     1.00    13.00
H3             21        2     Proaim(5)    1800(GS4)                  1.00     1.00     1.00    13.00
Si4            63        2     Proaim(5)    4500(GS4)                  1.00     1.00     1.00    13.00
H5             21        2     Proaim(5)    1800(GS4)                  1.00     1.00     1.00    13.00
H6             21        2     Proaim(5)    1800(GS4)                  1.00     1.00     1.00    13.00
NNA7           47        2     Proaim(5)    4500(GS4)                  1.00     1.00     1.00    13.00
------------------------------------------------------------------------------------------------------
Total         257
Note:  Total wall clock time is less than total of atomic times if more than one atom
       was calculated at a time

Electron Density Critical Point Analysis of Molecular Structure:
---------------------------------------------------------------
  NACP = Nuclear Attractor Critical Point
  NNACP = Non-Nuclear Attractor Critical Point
  BCP = Bond Critical Point
  RCP = Ring Critical Point
  CCP = Cage Critical Point
  Rho = Electron Density
  GradRho = Gradient of Electron Density
  HessRho_EigVals = Eigenvalues of the Hessian of Rho, Ascending Order
  HessRho_EigVecs = Eigenvectors of the Hessian of Rho
  DelSqRho = Laplacian of Rho = Trace of Hessian of Rho
  Bond Ellipticity = (HessRho_EigVal(1) / HessRho_EigVal(2)) - 1
  V = Virial Field = Potential Energy Density = Trace of Stress Tensor
  G = Lagrangian Form of Kinetic Energy Density
  K = Hamiltonian Form of Kinetic Energy Density
  L = K - G = Lagrangian Density = (-1/4)DelSqRho
  Vnuc = Electrostatic Potential from Nuclei
  Ven = Electron-nuclear attractive contribution to Virial Field V
  Vrep = V - Ven = Repulsive contribution to Virial Field V
  DelSqV = Laplacian of V
  DelSqVen = Laplacian of Ven
  DelSqVrep = Laplacian of Vrep
  DelSqG = Laplacian of G
  DelSqK = Laplacian of K
  Stress_EigVals = Eigenvalues of Stress Tensor, Ascending Order
  Stress_EigVecs = Eigenvectors of Stress Tensor
  -DivStress = Ehrenfest Force Density = Minus Divergence of Stress Tensor
  ESP = Total Electrostatic Potential
  ESPe = Electrostatic Potential from Electrons
  ESPn = Electrostatic Potential from Nuclei
  BP = Bond Path
  BPL = Bond Path Length
  GBL = Geometric Bond Length
  GBL_I = Distance Between Nuclear Attractors
  GBL_II = Distance Between Nuclei
  GBL_III = Sum of Distances Between BCP and Nuclear Attractors
  GBL_IV = Sum of Distances Between BCP and Nuclei

CP# 1      Coords = -1.91458232634409E-08  3.00409592144500E-08  2.48484133394395E-08
           Type = (3,-3) NACP Si1
           Rho =  1.7348278689E+03     Rho at Nucleus =  1.7348278688E+03
           GradRho = -4.2188474936E-15  1.9484414082E-14 -1.3322676296E-15
           HessRho_EigVals = -4.6738658039E+07 -4.6738610576E+07 -4.6738598989E+07
           HessRho_EigVec1 =  2.1120091211E-03 -3.2886767625E-03  9.9999236198E-01
           HessRho_EigVec2 =  8.4332713758E-01  5.3740053854E-01 -1.3778048652E-05
           HessRho_EigVec3 = -5.3739638855E-01  8.4332072534E-01  3.9084251997E-03
           DelSqRho = -1.4021586760E+08
           Bond Ellipticity = NA
           V = -3.5062439009E+07
           G =  4.2360541706E+03
           K =  3.5058202955E+07
           L =  3.5053966901E+07
           Vnuc =  3.2233214399E+08
           Ven = -5.5919078642E+11
           Vrep =  5.5915572398E+11
           DelSqV =  6.3411930552E+13
           DelSqVen =  4.5195849588E+16
           DelSqVrep = -4.5132447321E+16
           DelSqG =  9.4462251713E+11
           DelSqK = -6.4356553069E+13
           Stress_EigVals = -1.1687485478E+07 -1.1687482589E+07 -1.1687470942E+07
           Stress_EigVec1 = -5.3739479802E-01  8.4331747872E-01  4.7393193105E-03
           Stress_EigVec2 =  8.4332691348E-01  5.3740089020E-01 -1.4231230638E-05
           Stress_EigVec3 =  2.5589158620E-03 -3.9891477369E-03  9.9998876926E-01
           -DivStress =  4.0170316439E+05 -6.3029505737E+05 -5.2179697162E+05
           ESP =  -4.9254579148E+01     ESP at Nucleus =  -4.9254579148E+01
           ESPe = -5.3787249760E+01     ESPe at Nucleus = -5.3787249783E+01
           ESPn =  4.5326706120E+00     ESPn at Nucleus =  4.5326706349E+00

CP# 2      Coords = -2.77044633296111E+00  1.71416195959219E-04 -2.83247924417393E-05
           Type = (3,-3) NACP H2
           Rho =  3.8343133470E-01     Rho at Nucleus =  3.8198276969E-01
           GradRho = -1.2761330621E-15  1.1058862159E-17 -1.7347234760E-18
           HessRho_EigVals = -7.8170143599E+00 -7.8124078870E+00 -7.5198935757E+00
           HessRho_EigVec1 = -3.8014479838E-03  9.9803602912E-01 -6.2527062725E-02
           HessRho_EigVec2 =  1.4087446309E-03  6.2532797303E-02  9.9804191530E-01
           HessRho_EigVec3 =  9.9999178218E-01  3.7059197628E-03 -1.6436930736E-03
           DelSqRho = -2.3149315823E+01
           Bond Ellipticity = NA
           V = -5.7910456902E+00
           G =  1.8583672947E-03
           K =  5.7891873229E+00
           L =  5.7873289556E+00
           Vnuc =  5.9169938974E+01
           Ven = -2.2687608675E+01
           Vrep =  1.6896562985E+01
           DelSqV =  1.5171595207E+03
           DelSqVen =  1.3697436045E+03
           DelSqVrep =  1.4741591616E+02
           DelSqG =  1.1658314334E+02
           DelSqK = -1.6337426640E+03
           Stress_EigVals = -1.9551450442E+00 -1.9549687704E+00 -1.8809318757E+00
           Stress_EigVec1 = -4.3671520540E-03  9.3383384616E-01  3.5768041007E-01
           Stress_EigVec2 =  1.7896084653E-03 -3.5767594966E-01  9.3384405140E-01
           Stress_EigVec3 =  9.9998886258E-01  4.7183468569E-03 -1.0917169805E-04
           -DivStress = -9.3990498566E+00 -8.2759601853E-02  1.4312723064E-02
           ESP =  -1.0848349127E+00     ESP at Nucleus =  -1.0851670047E+00
           ESPe = -8.9597514005E+00     ESPe at Nucleus = -8.9173312139E+00
           ESPn =  7.8749164879E+00     ESPn at Nucleus =  7.8321642092E+00

CP# 3      Coords =  1.16898894943471E+00  2.51174082102747E+00 -2.83699462107967E-05
           Type = (3,-3) NACP H3
           Rho =  3.8343088069E-01     Rho at Nucleus =  3.8198232936E-01
           GradRho = -8.5210159241E-16 -1.2773798946E-15  4.3368086899E-19
           HessRho_EigVals = -7.8170032684E+00 -7.8123879529E+00 -7.5198863124E+00
           HessRho_EigVec1 =  9.0320961278E-01 -4.2464732651E-01  6.2346158451E-02
           HessRho_EigVec2 = -5.7125425896E-02  2.5029123442E-02  9.9805321937E-01
           HessRho_EigVec3 =  4.2538110102E-01  9.0501281265E-01  1.6516144903E-03
           DelSqRho = -2.3149277534E+01
           Bond Ellipticity = NA
           V = -5.7910361428E+00
           G =  1.8583796766E-03
           K =  5.7891777631E+00
           L =  5.7873193834E+00
           Vnuc =  5.9170151813E+01
           Ven = -2.2687663420E+01
           Vrep =  1.6896627277E+01
           DelSqV =  1.5171571649E+03
           DelSqVen =  1.3697462660E+03
           DelSqVrep =  1.4741089887E+02
           DelSqG =  1.1658289610E+02
           DelSqK = -1.6337400610E+03
           Stress_EigVals = -1.9551420461E+00 -1.9549640658E+00 -1.8809300308E+00
           Stress_EigVec1 =  8.4596094460E-01 -3.9862546533E-01 -3.5418613554E-01
           Stress_EigVec2 =  3.2034419016E-01 -1.5108749807E-01  9.3517493965E-01
           Stress_EigVec3 =  4.2629764255E-01  9.0458294607E-01  1.1677071744E-04
           -DivStress =  4.0415398159E+00  8.4861055353E+00  1.4333983489E-02
           ESP =  -1.0848348544E+00     ESP at Nucleus =  -1.0851669463E+00
           ESPe = -8.9597497163E+00     ESPe at Nucleus = -8.9173297725E+00
           ESPn =  7.8749148619E+00     ESPn at Nucleus =  7.8321628262E+00

CP# 4      Coords =  2.12294669337411E+00 -3.32987509577998E+00  7.58357840378490E-01
           Type = (3,-3) NACP Si4
           Rho =  1.7348278683E+03     Rho at Nucleus =  1.7348278682E+03
           GradRho = -6.5862855170E-09  7.1215949249E-09 -1.1709038183E-09
           HessRho_EigVals = -4.6738658018E+07 -4.6738610556E+07 -4.6738598968E+07
           HessRho_EigVec1 =  2.1119577701E-03 -3.2886290048E-03  9.9999236225E-01
           HessRho_EigVec2 =  8.4333014651E-01  5.3739581670E-01 -1.3782291030E-05
           HessRho_EigVec3 = -5.3739166688E-01  8.4332373447E-01  3.9083572511E-03
           DelSqRho = -1.4021586754E+08
           Bond Ellipticity = NA
           V = -3.5062438994E+07
           G =  4.2360541369E+03
           K =  3.5058202940E+07
           L =  3.5053966886E+07
           Vnuc =  3.2233114730E+08
           Ven = -5.5918905715E+11
           Vrep =  5.5915399471E+11
           DelSqV =  6.3411930524E+13
           DelSqVen =  4.5196077221E+16
           DelSqVrep = -4.5132667438E+16
           DelSqG =  9.4462251661E+11
           DelSqK = -6.4356553040E+13
           Stress_EigVals = -1.1687485473E+07 -1.1687482583E+07 -1.1687470937E+07
           Stress_EigVec1 = -5.3739009116E-01  8.4332047849E-01  4.7392485921E-03
           Stress_EigVec2 =  8.4332991300E-01  5.3739618313E-01 -1.4236670211E-05
           Stress_EigVec3 =  2.5588601798E-03 -3.9890994574E-03  9.9998876960E-01
           -DivStress = -4.0170909266E+05  6.3029540654E+05  5.2179689370E+05
           ESP =  -4.9254579036E+01     ESP at Nucleus =  -4.9254579036E+01
           ESPe = -5.3787249448E+01     ESPe at Nucleus = -5.3787249471E+01
           ESPn =  4.5326704125E+00     ESPn at Nucleus =  4.5326704355E+00

CP# 5      Coords =  9.53957724709073E-01 -5.84161588673452E+00  7.58386235086686E-01
           Type = (3,-3) NACP H5
           Rho =  3.8343087571E-01     Rho at Nucleus =  3.8198232440E-01
           GradRho = -1.2313826174E-16 -3.2721763667E-15 -4.0332320816E-17
           HessRho_EigVals = -7.8170031634E+00 -7.8123878503E+00 -7.5198862079E+00
           HessRho_EigVec1 =  9.0320960473E-01 -4.2464734111E-01  6.2346175616E-02
           HessRho_EigVec2 = -5.7125439705E-02  2.5029134476E-02  9.9805321830E-01
           HessRho_EigVec3 =  4.2538111625E-01  9.0501280550E-01  1.6516114233E-03
           DelSqRho = -2.3149277222E+01
           Bond Ellipticity = NA
           V = -5.7910360650E+00
           G =  1.8583797993E-03
           K =  5.7891776852E+00
           L =  5.7873193054E+00
           Vnuc =  5.9170151781E+01
           Ven = -2.2687663113E+01
           Vrep =  1.6896627048E+01
           DelSqV =  1.5171571442E+03
           DelSqVen =  1.3697462468E+03
           DelSqVrep =  1.4741089739E+02
           DelSqG =  1.1658289447E+02
           DelSqK = -1.6337400387E+03
           Stress_EigVals = -1.9551420200E+00 -1.9549640401E+00 -1.8809300049E+00
           Stress_EigVec1 =  8.4596073589E-01 -3.9862538487E-01 -3.5418672459E-01
           Stress_EigVec2 =  3.2034472201E-01 -1.5108775129E-01  9.3517471656E-01
           Stress_EigVec3 =  4.2629765706E-01  9.0458293923E-01  1.1676716364E-04
           -DivStress = -4.0415397237E+00 -8.4861054331E+00 -1.4333941327E-02
           ESP =  -1.0848348246E+00     ESP at Nucleus =  -1.0851669166E+00
           ESPe = -8.9597496347E+00     ESPe at Nucleus = -8.9173296916E+00
           ESPn =  7.8749148101E+00     ESPn at Nucleus =  7.8321627749E+00

CP# 6      Coords =  4.89339491436955E+00 -3.33004648196186E+00  7.58386189890466E-01
           Type = (3,-3) NACP H6
           Rho =  3.8343101072E-01     Rho at Nucleus =  3.8198244946E-01
           GradRho =  2.2559536704E-16 -1.0347625534E-15 -1.5460722980E-16
           HessRho_EigVals = -7.8170079139E+00 -7.8124014559E+00 -7.5198877257E+00
           HessRho_EigVec1 = -3.8014536765E-03  9.9803603281E-01 -6.2527003471E-02
           HessRho_EigVec2 =  1.4087381802E-03  6.2532738034E-02  9.9804191902E-01
           HessRho_EigVec3 =  9.9999178217E-01  3.7059259453E-03 -1.6436867715E-03
           DelSqRho = -2.3149297095E+01
           Bond Ellipticity = NA
           V = -5.7910409956E+00
           G =  1.8583608825E-03
           K =  5.7891826347E+00
           L =  5.7873242739E+00
           Vnuc =  5.9169980707E+01
           Ven = -2.2687605507E+01
           Vrep =  1.6896564511E+01
           DelSqV =  1.5171583331E+03
           DelSqVen =  1.3697434625E+03
           DelSqVrep =  1.4741487058E+02
           DelSqG =  1.1658305294E+02
           DelSqK = -1.6337413860E+03
           Stress_EigVals = -1.9551434289E+00 -1.9549671558E+00 -1.8809304109E+00
           Stress_EigVec1 = -4.3671611178E-03  9.3383371185E-01  3.5768076061E-01
           Stress_EigVec2 =  1.7896065761E-03 -3.5767630022E-01  9.3384391714E-01
           Stress_EigVec3 =  9.9998886254E-01  4.7183546863E-03 -1.0916492066E-04
           -DivStress =  9.3990340005E+00  8.2759548379E-02 -1.4312648573E-02
           ESP =  -1.0848348244E+00     ESP at Nucleus =  -1.0851669084E+00
           ESPe = -8.9597471246E+00     ESPe at Nucleus = -8.9173270193E+00
           ESPn =  7.8749123001E+00     ESPn at Nucleus =  7.8321601108E+00

CP# 7      Coords = -1.36384667726941E+00  2.64656175765852E-03 -7.65901551819703E-03
           Type = (3,-1) BCP Si1 H2
           Rho =  1.2096226989E-01
           GradRho =  6.0986372202E-18 -1.7835125737E-17  1.6263032587E-18
           HessRho_EigVals = -1.9054057636E-01 -1.7657766897E-01  5.7387030005E-01
           HessRho_EigVec1 =  2.1098645063E-03  9.9444083315E-01 -1.0527572295E-01
           HessRho_EigVec2 = -1.1092550024E-03  1.0527821987E-01  9.9444218835E-01
           HessRho_EigVec3 =  9.9999715901E-01 -1.9813606545E-03  1.3252112481E-03
           DelSqRho =  2.0675205472E-01
           Bond Ellipticity =  7.9075159776E-02
           V = -2.0375606076E-01
           G =  1.2772203722E-01
           K =  7.6034023540E-02
           L = -5.1688013681E-02
           Vnuc =  1.4409320535E+01
           Ven = -1.7429841195E+00
           Vrep =  1.5392280587E+00
           DelSqV = -2.4018129800E+00
           DelSqVen = -2.9791566278E+00
           DelSqVrep =  5.7734364775E-01
           DelSqG =  3.6991780867E+00
           DelSqK = -1.2973651067E+00
           Stress_EigVals = -7.9934334565E-02 -6.2408002959E-02 -6.1413723237E-02
           Stress_EigVec1 =  9.9957639738E-01 -1.3682023000E-02  2.5687118212E-02
           Stress_EigVec2 = -2.0465630478E-02  2.9708740108E-01  9.5463094130E-01
           Stress_EigVec3 =  2.0692601686E-02  9.5475226021E-01 -2.9668154285E-01
           -DivStress =  2.3901621906E-01  5.7053213145E-04  1.3125806492E-03
           ESP =   1.0579661148E+00
           ESPe = -1.3351354420E+01
           ESPn =  1.4409320535E+01
           BPL =  2.7705018031E+00 =  1.3638716342E+00 +  1.4066301689E+00
           GBL_I =  2.7704463193E+00
           GBL_II =  2.7899406277E+00
           GBL_III =  2.7704932625E+00 =  1.3638707314E+00 +  1.4066225312E+00
           GBL_IV =  2.7899877233E+00 =  1.3638707504E+00 +  1.4261169729E+00

CP# 8      Coords =  5.73128887425027E-01  1.23757956308160E+00 -7.66368003048565E-03
           Type = (3,-1) BCP H3 Si1
           Rho =  1.2096117641E-01
           GradRho =  4.5136691693E-17  2.7199922002E-17 -3.6862873865E-18
           HessRho_EigVals = -1.9053937550E-01 -1.7657152668E-01  5.7387809704E-01
           HessRho_EigVec1 =  9.0245051031E-01 -4.1774335494E-01  1.0523101175E-01
           HessRho_EigVec2 = -9.4935408493E-02  4.5415797269E-02  9.9444691843E-01
           HessRho_EigVec3 =  4.2020274231E-01  9.0742927810E-01 -1.3268733748E-03
           DelSqRho =  2.0676719486E-01
           Bond Ellipticity =  7.9105895977E-02
           V = -2.0375573354E-01
           G =  1.2772376613E-01
           K =  7.6031967414E-02
           L = -5.1691798714E-02
           Vnuc =  1.4409323867E+01
           Ven = -1.7429687662E+00
           Vrep =  1.5392130326E+00
           DelSqV = -2.4018428164E+00
           DelSqVen = -2.9793754757E+00
           DelSqVrep =  5.7753265930E-01
           DelSqG =  3.6992090763E+00
           DelSqK = -1.2973662599E+00
           Stress_EigVals = -7.9935470179E-02 -6.2407060334E-02 -6.1413203029E-02
           Stress_EigVec1 =  4.0932611564E-01  9.1202616609E-01 -2.5698315603E-02
           Stress_EigVec2 = -2.6093984003E-01  1.4400891738E-01  9.5455321046E-01
           Stress_EigVec3 =  8.7427829147E-01 -3.8401784344E-01  2.9693057265E-01
           -DivStress = -1.0138164365E-01 -2.1645035070E-01  1.3127784453E-03
           ESP =   1.0579713580E+00
           ESPe = -1.3351352509E+01
           ESPn =  1.4409323867E+01
           BPL =  2.7705027274E+00 =  1.4066328505E+00 +  1.3638698769E+00
           GBL_I =  2.7704470777E+00
           GBL_II =  2.7899413030E+00
           GBL_III =  2.7704941625E+00 =  1.4066251891E+00 +  1.3638689734E+00
           GBL_IV =  2.7899885428E+00 =  1.4261195503E+00 +  1.3638689924E+00

CP# 9      Coords =  8.04273695922223E-01 -1.26148618185978E+00  2.44901241648804E-01
           Type = (3,-1) BCP Si1 NNA7
           Rho =  1.0836999179E-01
           GradRho = -1.0462550964E-17  2.1250362581E-17  8.6736173799E-19
           HessRho_EigVals = -1.1714251117E-01 -5.7140471201E-02  9.2875642396E-02
           HessRho_EigVec1 =  8.4321183943E-01  5.3758142958E-01  2.0388683857E-05
           HessRho_EigVec2 = -1.0879301968E-01  1.7060781913E-01  9.7931458221E-01
           HessRho_EigVec3 = -5.2645785464E-01  8.2577186839E-01 -2.0234364003E-01
           DelSqRho = -8.1407339975E-02
           Bond Ellipticity =  1.0500795444E+00
           V = -1.3782730849E-01
           G =  5.8737736748E-02
           K =  7.9089571741E-02
           L =  2.0351834994E-02
           Vnuc =  1.5777325320E+01
           Ven = -1.7097886153E+00
           Vrep =  1.5719613068E+00
           DelSqV = -7.1339261073E-01
           DelSqVen =  1.2843900862E+00
           DelSqVrep = -1.9977826969E+00
           DelSqG =  1.4687694895E+00
           DelSqK = -7.5537687873E-01
           Stress_EigVals = -5.2130787543E-02 -4.8398995364E-02 -3.7297525582E-02
           Stress_EigVec1 = -5.3748328838E-01  8.4293639152E-01 -2.3873721350E-02
           Stress_EigVec2 = -1.2822416785E-02  2.0138034543E-02  9.9971498198E-01
           Stress_EigVec3 =  8.4317690928E-01  5.3763621476E-01 -1.5375292443E-05
           -DivStress = -8.0435549521E-02  1.2616467845E-01 -2.3575825030E-02
           ESP =   8.2160436154E-01
           ESPe = -1.4955720958E+01
           ESPn =  1.5777325320E+01
           BPL =  2.0132829180E+00 =  1.5160485778E+00 +  4.9723434017E-01
           GBL_I =  2.0106019131E+00
           GBL_II =  2.0106018793E+00
           GBL_III =  2.0129210009E+00 =  1.5159750254E+00 +  4.9694597550E-01
           GBL_IV =  2.0129209662E+00 =  1.5159749942E+00 +  4.9694597197E-01

CP# 10     Coords =  1.31867299836245E+00 -2.06838885020323E+00  5.13456588101377E-01
           Type = (3,-1) BCP NNA7 Si4
           Rho =  1.0836999347E-01
           GradRho = -1.3606737265E-17  3.0140820395E-17 -1.3010426070E-17
           HessRho_EigVals = -1.1714250871E-01 -5.7140471007E-02  9.2875604799E-02
           HessRho_EigVec1 =  8.4321183861E-01  5.3758143086E-01  2.0389542506E-05
           HessRho_EigVec2 = -1.0879303140E-01  1.7060783538E-01  9.7931457807E-01
           HessRho_EigVec3 = -5.2645785353E-01  8.2577186420E-01 -2.0234366004E-01
           DelSqRho = -8.1407374919E-02
           Bond Ellipticity =  1.0500795084E+00
           V = -1.3782730311E-01
           G =  5.8737729689E-02
           K =  7.9089573418E-02
           L =  2.0351843730E-02
           Vnuc =  1.5777325189E+01
           Ven = -1.7097886278E+00
           Vrep =  1.5719613247E+00
           DelSqV = -7.1339247451E-01
           DelSqVen =  1.2843906269E+00
           DelSqVrep = -1.9977831014E+00
           DelSqG =  1.4687692727E+00
           DelSqK = -7.5537679823E-01
           Stress_EigVals = -5.2130784380E-02 -4.8398994235E-02 -3.7297524492E-02
           Stress_EigVec1 = -5.3748320676E-01  8.4293643980E-01 -2.3873854081E-02
           Stress_EigVec2 = -1.2822492072E-02  2.0138143955E-02  9.9971497881E-01
           Stress_EigVec3 =  8.4317696016E-01  5.3763613496E-01 -1.5368374335E-05
           -DivStress =  8.0435539992E-02 -1.2616467300E-01  2.3575827105E-02
           ESP =   8.2160434171E-01
           ESPe = -1.4955720848E+01
           ESPn =  1.5777325189E+01
           BPL =  2.0132826070E+00 =  4.9723400610E-01 +  1.5160486010E+00
           GBL_I =  2.0106016046E+00
           GBL_II =  2.0106015708E+00
           GBL_III =  2.0129206901E+00 =  4.9694564166E-01 +  1.5159750485E+00
           GBL_IV =  2.0129206555E+00 =  4.9694563813E-01 +  1.5159750173E+00

CP# 11     Coords =  1.06147343059768E+00 -1.66493765311500E+00  3.79178960888847E-01
           Type = (3,-3) NNACP NNA7
           Rho =  1.0975639666E-01     Rho at Nucleus =  1.0975639666E-01
           GradRho =  3.0882812985E-18 -1.4270026140E-18 -2.3956214501E-18
           HessRho_EigVals = -1.1419911399E-01 -5.9590897992E-02 -1.2699244517E-02
           HessRho_EigVec1 =  8.4322959409E-01  5.3755357969E-01  2.4787412410E-05
           HessRho_EigVec2 = -1.5705513137E-01  2.4631931313E-01  9.5637883796E-01
           HessRho_EigVec3 = -5.1409876226E-01  8.0645083232E-01 -2.9212928250E-01
           DelSqRho = -1.8648925650E-01
           Bond Ellipticity = NA
           V = -8.9538899588E-02
           G =  2.1458292732E-02
           K =  6.8080606856E-02
           L =  4.6622314125E-02
           Vnuc =  1.4875626256E+01
           Ven = -1.6326951360E+00
           Vrep =  1.5431562364E+00
           DelSqV = -9.3123400383E-02
           DelSqVen =  2.7741444805E+00
           DelSqVrep = -2.8672678809E+00
           DelSqG =  1.1095197504E-01
           DelSqK = -1.7828574659E-02
           Stress_EigVals = -4.3812993889E-02 -3.3280225719E-02 -1.2445679979E-02
           Stress_EigVec1 = -9.4787168152E-02  1.4867916765E-01  9.8433220909E-01
           Stress_EigVec2 =  8.4323331186E-01  5.3754774833E-01  5.6342034627E-06
           Stress_EigVec3 = -5.2912472492E-01  8.3002224270E-01 -1.7632385576E-01
           -DivStress =  2.0612549276E-08 -3.5641353904E-08  7.8251901625E-09
           ESP =   5.1775145007E-01     ESP at Nucleus =   5.1775145007E-01
           ESPe = -1.4357874806E+01     ESPe at Nucleus = -1.4357874806E+01
           ESPn =  1.4875626256E+01     ESPn at Nucleus =  1.4875626256E+01

CP# 12     Coords =  1.54981780133270E+00 -4.56745463834442E+00  7.66021542898089E-01
           Type = (3,-1) BCP Si4 H5
           Rho =  1.2096117595E-01
           GradRho = -9.7991547602E-17 -1.4068878441E-16 -8.9988780316E-18
           HessRho_EigVals = -1.9053937005E-01 -1.7657152532E-01  5.7387808177E-01
           HessRho_EigVec1 =  9.0245051427E-01 -4.1774335391E-01  1.0523098197E-01
           HessRho_EigVec2 = -9.4935382121E-02  4.5415783362E-02  9.9444692158E-01
           HessRho_EigVec3 =  4.2020273978E-01  9.0742927928E-01 -1.3268721193E-03
           DelSqRho =  2.0676718640E-01
           Bond Ellipticity =  7.9105873383E-02
           V = -2.0375572937E-01
           G =  1.2772376298E-01
           K =  7.6031966382E-02
           L = -5.1691796601E-02
           Vnuc =  1.4409323735E+01
           Ven = -1.7429687436E+00
           Vrep =  1.5392130142E+00
           DelSqV = -2.4018427910E+00
           DelSqVen = -2.9793753267E+00
           DelSqVrep =  5.7753253575E-01
           DelSqG =  3.6992090171E+00
           DelSqK = -1.2973662261E+00
           Stress_EigVals = -7.9935469165E-02 -6.2407059061E-02 -6.1413201140E-02
           Stress_EigVec1 =  4.0932601935E-01  9.1202620966E-01 -2.5698303092E-02
           Stress_EigVec2 = -2.6093941654E-01  1.4400868404E-01  9.5455336143E-01
           Stress_EigVec3 =  8.7427846295E-01 -3.8401782747E-01  2.9693008841E-01
           -DivStress =  1.0138163735E-01  2.1645034810E-01 -1.3127782143E-03
           ESP =   1.0579713935E+00
           ESPe = -1.3351352342E+01
           ESPn =  1.4409323735E+01
           BPL =  2.7705027275E+00 =  1.3638698795E+00 +  1.4066328480E+00
           GBL_I =  2.7704470777E+00
           GBL_II =  2.7899413030E+00
           GBL_III =  2.7704941626E+00 =  1.3638689759E+00 +  1.4066251867E+00
           GBL_IV =  2.7899885428E+00 =  1.3638689950E+00 +  1.4261195478E+00

CP# 13     Coords =  3.48679392098783E+00 -3.33252163051023E+00  7.66016902994709E-01
           Type = (3,-1) BCP H6 Si4
           Rho =  1.2096209348E-01
           GradRho =  4.0820211794E-17  4.2419409998E-17  4.9873299934E-18
           HessRho_EigVals = -1.9054005474E-01 -1.7657716732E-01  5.7386778591E-01
           HessRho_EigVec1 =  2.1098695524E-03  9.9444083168E-01 -1.0527573666E-01
           HessRho_EigVec2 = -1.1092507657E-03  1.0527823358E-01  9.9444218690E-01
           HessRho_EigVec3 =  9.9999715900E-01 -1.9813661003E-03  1.3252075936E-03
           DelSqRho =  2.0675056384E-01
           Bond Ellipticity =  7.9075271353E-02
           V = -2.0375544122E-01
           G =  1.2772154109E-01
           K =  7.6033900128E-02
           L = -5.1687640960E-02
           Vnuc =  1.4409315343E+01
           Ven = -1.7429809494E+00
           Vrep =  1.5392255082E+00
           DelSqV = -2.4018034488E+00
           DelSqVen = -2.9791340717E+00
           DelSqVrep =  5.7733062288E-01
           DelSqG =  3.6991657247E+00
           DelSqK = -1.2973622759E+00
           Stress_EigVals = -7.9934055575E-02 -6.2407832727E-02 -6.1413552914E-02
           Stress_EigVec1 =  9.9957639333E-01 -1.3682048740E-02  2.5687262377E-02
           Stress_EigVec2 = -2.0465768624E-02  2.9708702728E-01  9.5463105467E-01
           Stress_EigVec3 =  2.0692661037E-02  9.5475237615E-01 -2.9668116559E-01
           -DivStress = -2.3901578117E-01 -5.7053291990E-04 -1.3125804022E-03
           ESP =   1.0579649732E+00
           ESPe = -1.3351350370E+01
           ESPn =  1.4409315343E+01
           BPL =  2.7705037105E+00 =  1.4066315067E+00 +  1.3638722038E+00
           GBL_I =  2.7704482264E+00
           GBL_II =  2.7899425174E+00
           GBL_III =  2.7704951699E+00 =  1.4066238690E+00 +  1.3638713010E+00
           GBL_IV =  2.7899896132E+00 =  1.4261182932E+00 +  1.3638713201E+00

Number of NACPs  =      6
Number of NNACPs =      1
Number of BCPs   =      6
Number of RCPs   =      0
Number of CCPs   =      0
NumNACP + NumNNACP - NumBCP + NumRCP - NumCCP =      1
Poincare-Hopf Relationship is Satisfied

Bond Path Angles and Corresponding Geometric Bond Angles:
--------------------------------------------------------
  BPA     = A-B-C Bond Path Angle
  GBA_I   = A-B-C Geometric Bond Angle in Terms of Nuclear Attractors
  GBA_II  = A-B-C Geometric Bond Angle in Terms of Nuclei
  GBA_III = A-B-C Geometric Bond Angle in Terms of A|B and C|B BCPs and Nuclear Attractor B
  GBA_IV  = A-B-C Geometric Bond Angle in Terms of A|B and C|B BCPs and Nucleus B
-------------------------------------------------------------------------------------------------
Atom A    Atom B    Atom C        BPA          GBA_I         GBA_II       GBA_III       GBA_IV
-------------------------------------------------------------------------------------------------
H3        Si1       H2        114.66189990  114.95418921  114.96128181  114.73507120  114.73506870
NNA7      Si1       H2        122.28782796  121.86983555  121.86624930  122.21141402  122.21141495
NNA7      Si1       H3        122.28753906  121.86983311  121.86624304  122.21124972  122.21125065
Si4       NNA7      Si1       180.00000000  180.00000000  180.00000000  180.00000000  180.00000000
H5        Si4       NNA7      122.28754221  121.86983391  121.86624384  122.21125161  122.21125254
H6        Si4       NNA7      122.28782574  121.86983474  121.86624849  122.21141282  122.21141375
H6        Si4       H5        114.66189955  114.95418921  114.96128181  114.73507039  114.73506789

Total time for electron density critical point search, analysis and connectivity = 7 sec (NProc = 4)

Virial-Based Atomic Energy Components:
-------------------------------------
  Ee(A) = E(A) - W(A) = -T(A)
        = Contribution of Atom A to Electronic Energy of Molecule.
          Not additive to give molecular Ee unless molecular electronic virial theorem is satisfied.
  T(A) = Electronic Kinetic Energy of Atom A (Hamiltonian Form)
  Ven(A) = Ven(A,Mol) = VenT(A)
         = Attraction Energy Between Electron Density Distribution of Atom A and Nuclei of Molecule
  VenO(A) = Ven(A,A)
          = Attraction Energy Between Electron Density Distribution of Atom A and Nucleus of Atom A
  Vee(A) = Vee(A,A) + Vee(A,A')/2
         = Two-Electron Interaction Energy of Atom A with Itself Plus Half of Two-Electron Interaction Energy
           Between Atom A and Other Atoms of Molecule
  Vnn(A) - W(A) = Contribution of Atom A to the Nuclear Repulsion Energy of Molecule Minus
                  the Nuclear Virial of Energy-Gradient-Based Forces on Nuclei of Molecule.
                  Calculation of Vnn(A) - W(A) assumes satisfaction of the atomic virial theorem:
                       2T(A) + Ven(A) + Vee(A) + Vnn(A) - W(A) = 0
See "2EDM Note" and "DFT Note".
--------------------------------------------------------------------------------------------------------------------
Atom A         Ee(A)              T(A)             Ven(A)           VenO(A)            Vee(A)        Vnn(A) - W(A)
--------------------------------------------------------------------------------------------------------------------
Si1      -2.8809688615E+02  2.8809688615E+02 -7.3362495858E+02 -6.7926750428E+02
H2       -7.6541421772E-01  7.6541421772E-01 -1.5190377576E+01 -1.5983558737E+00
H3       -7.6541774028E-01  7.6541774028E-01 -1.5190617432E+01 -1.5983682486E+00
Si4      -2.8809688301E+02  2.8809688301E+02 -7.3362422419E+02 -6.7926706789E+02
H5       -7.6541806495E-01  7.6541806495E-01 -1.5190579076E+01 -1.5983658125E+00
H6       -7.6541429481E-01  7.6541429481E-01 -1.5190636587E+01 -1.5983693347E+00
NNA7     -3.5200146656E-01  3.5200146656E-01 -1.3699274060E+01  0.0000000000E+00
--------------------------------------------------------------------------------------------------------------------
Total    -5.7960743494E+02  5.7960743494E+02 -1.5417106675E+03 -1.3649280314E+03

More Virial-Based Atomic Energy Components:
------------------------------------------
  E(A) = Ee(A) + W(A)
       = T(A) + Ven(A) + Vee(A) + Vnn(A) = Contribution of Atom A to Total Energy E of Molecule
         Not additive to give molecular E unless molecular virial theorem is satisfied.
  Ee(A) = E(A) - W(A) = Contribution of Atom A to Electronic Energy of Molecule
          Not additive to give molecular Ee unless molecular virial theorem is satisfied.
  W(A) = Contribution of Atom A to Nuclear Virial of Energy-Gradient-Based Forces on Nuclei of Molecule
  Vnn(A) = Contribution of Atom A to Nuclear Repulsion Energy of Molecule
           Calculation of Vnn(A) assumes satisfaction of the atomic virial theorem:
                2T(A) + Ven(A) + Vee(A) + Vnn(A) - W(A) = 0
  VeeC(A) = Coulomb Part of Vee(A)
  VeeX(A) = Exchange-Correlation Part of Vee(A)
See "2EDM Note" and "DFT Note".
--------------------------------------------------------------------------------------------------------------------
Atom A          E(A)             Ee(A)              W(A)             Vnn(A)           VeeC(A)           VeeX(A)
--------------------------------------------------------------------------------------------------------------------
Si1                        -2.8809688615E+02
H2                         -7.6541421772E-01
H3                         -7.6541774028E-01
Si4                        -2.8809688301E+02
H5                         -7.6541806495E-01
H6                         -7.6541429481E-01
NNA7                       -3.5200146656E-01
--------------------------------------------------------------------------------------------------------------------
Total                      -5.7960743494E+02

IQA Atomic Energy Components:
----------------------------
  E_IQA(A) = Contribution of Atom A to Total Energy E of Molecule, Using IQA Additive Atomic Energy Definition
           = T(A) + Vne(A,Mol)/2 + Ven(A,Mol)/2 + Vee(A) + Vnn(A,Mol)/2
  T(A) = Electronic Kinetic Energy of Atom A (Hamiltonian Form)
  Vne(A,Mol)/2 = Half of Attraction Energy Between Nucleus of Atom A and Electron Density Distribution of Molecule
  Ven(A,Mol)/2 = Half of Attraction Energy Between Electron Density Distribution of Atom A and Nuclei of Molecule
  Vee(A) = Vee(A,A) + Vee(A,A')/2
         = Two-Electron Interaction Energy of Atom A with Itself Plus Half of Two-Electron Interaction Energy
           Between Atom A and Other Atoms of Molecule
  Vnn(A,Mol)/2 = Vnn(A,A')/2 = Half of Repulsion Energy Between Nucleus of Atom A and Other Nuclei of Molecule
  VeeC(A) = Coulomb Part of Vee(A)
  VeeX(A) = Exchange-Correlation Part of Vee(A)
See "2EDM Note" and "DFT Note".
--------------------------------------------------------------------------------------------------------------------------------------------------------
Atom A        E_IQA(A)            T(A)          Vne(A,Mol)/2      Ven(A,Mol)/2         Vee(A)         Vnn(A,Mol)/2        VeeC(A)           VeeX(A)
--------------------------------------------------------------------------------------------------------------------------------------------------------
Si1                         2.8809688615E+02 -3.7651074848E+02 -3.6681247929E+02                    3.1728694444E+01
H2                          7.6541421772E-01 -4.4586656069E+00 -7.5951887879E+00                    3.9160821046E+00
H3                          7.6541774028E-01 -4.4586648863E+00 -7.5953087159E+00                    3.9160814131E+00
Si4                         2.8809688301E+02 -3.7651074630E+02 -3.6681211209E+02                    3.1728693048E+01
H5                          7.6541806495E-01 -4.4586648458E+00 -7.5952895381E+00                    3.9160813875E+00
H6                          7.6541429481E-01 -4.4586635096E+00 -7.5953182936E+00                    3.9160800554E+00
NNA7                        3.5200146656E-01  0.0000000000E+00 -6.8496370301E+00                    0.0000000000E+00
