AIMSum (Version 19.10.12, Professional)
Copyright (c) 1997-2019 by Todd A. Keith
AIMSum is a component of the AIMAll package ( http://aim.tkgristmill.com )

TP:  64-bit Mac OS X

Much of the Quantum Theory of Atoms in Molecules (QTAIM) is described in the book:
  "Atoms in Molecules - A Quantum Theory"
  R.F.W. Bader, Oxford University Press, Oxford, 1990

For additional references see:  http://aim.tkgristmill.com/references.html

Wfx File:  /Users/chemlab/Documents/SubstituentCoding/BCP Map Reference/BCPMapReference/SubH_NHOCH3_wb97xd_aug-cc-pvtz_reor.wfx
Sum File:  /Users/chemlab/Documents/SubstituentCoding/BCP Map Reference/BCPMapReference/SubH_NHOCH3_wb97xd_aug-cc-pvtz_reor.sum

SumViz File:  /Users/chemlab/Documents/SubstituentCoding/BCP Map Reference/BCPMapReference/SubH_NHOCH3_wb97xd_aug-cc-pvtz_reor.sumviz

Wfx Title:   Title Card Required

Total memory allocated for AIMSum =        0.445 Megabytes

Atomic units (a.u.) used throughout, except where stated otherwise

Model:  Restricted SCF

Restricted, closed-shell, single-determinant wavefunction.
  Number of electrons (from MO Occs)                   =          26.0000000000
  Number of Alpha electrons (from MO Occs)             =          13.0000000000
  Number of Beta electrons (from MO Occs)              =          13.0000000000
  Number of electron pairs (N*(N-1)/2)                 =         325.0000000000
  Number of electron pairs (from Muller 2EDM)          =         325.0000000000

Nuclear Charges and Cartesian Coordinates:
-------------------------------------------------------------------------------
Atom      Charge                X                  Y                  Z
-------------------------------------------------------------------------------
N1         7.0           0.0000000000E+00   0.0000000000E+00   0.0000000000E+00
H2         1.0          -1.9623199536E+00   0.0000000000E+00   0.0000000000E+00
H3         1.0           5.1371637778E-01   1.8938854118E+00   0.0000000000E+00
O4         8.0           9.4688128978E-01  -1.2379580724E+00  -2.0448159476E+00
C5         6.0           8.5502548232E-01  -1.1178450012E+00   2.4766183671E+00
H6         1.0           4.2002942571E-02  -5.4627484713E-02   4.0585383416E+00
H7         1.0           2.3323188802E-01  -3.0793918679E+00   2.4845438784E+00
H8         1.0           2.9109549093E+00  -1.0315351620E+00   2.4843643545E+00

Some Atomic Properties:
----------------------
  q(A) = Net Charge of Atom A
  L(A) = Lagrangian of Atom A = -(1/4) Times Atomic Integral of the Laplacian of the Electron Density
  K(A) = Electronic Kinetic Energy of Atom A (Hamiltonian Form)
  K_Scaled(A) = K(A) * E(Mol)/K(Mol) = Approximation to Virial-Based Total Energy of Atom A.
  |Mu_Intra(A)| = Magnitude of Intraatomic Dipole Moment of Atom A
--------------------------------------------------------------------------------------------------
Atom A          q(A)              L(A)              K(A)          K_Scaled(A)      |Mu_Intra(A)|
--------------------------------------------------------------------------------------------------
N1       -4.1769231890E-01 -2.8903644988E-05  5.4537067393E+01 -5.4897474141E+01  5.8490688664E-01
H2        3.6498990031E-01  7.6953102678E-06  4.8650150444E-01 -4.8971653659E-01  1.7651876590E-01
H3        3.6499533365E-01  2.5211207677E-05  4.8650944101E-01 -4.8972452561E-01  1.7651266364E-01
O4       -7.0020168710E-01  1.3485534911E-05  7.4899658484E+01 -7.5394630870E+01  4.0657696436E-01
C5        2.6001058450E-01  6.2690811147E-05  3.7668212792E+01 -3.7917142166E+01  4.1220468699E-01
H6        1.1658631230E-02  1.9238460311E-05  6.1232090352E-01 -6.1636740979E-01  1.3752825320E-01
H7        5.8157454970E-02  2.5718340542E-05  5.9918683751E-01 -6.0314654766E-01  1.3325376638E-01
H8        5.8161790740E-02  2.4232602799E-05  5.9918473038E-01 -6.0314442661E-01  1.3323938163E-01
--------------------------------------------------------------------------------------------------
Total     7.9689400000E-05  1.4936862267E-04  1.6988864209E+02 -1.7101134662E+02

1st Largest |L(A)| = 6.2690811147E-05, atom C5
2nd Largest |L(A)| = 2.8903644988E-05, atom N1

Molecular charge q(Mol) from the wfx file:   0.0000000000E+00
Molecular energy E(Mol) from the wfx file:  -1.7101130527E+02
Molecular virial ratio (-V(Mol)/T(Mol)) from the wfx file:   2.0066084732E+00
Note.  K_Scaled(A) = (1+V(Mol)/T(Mol))*K(A) = (E(Mol)/T(Mol))*K(A)
       Only use K_Scaled(A) data with caution.

N_AIMInt(SumA)     =         25.999920
N_Analytic(Mol)    =         26.000000

G_AIMInt(SumA)     =        169.888493
G_Analytic(Mol)    =        169.888601

K_AIMInt(SumA)     =        169.888642
K_Analytic(Mol)    =        169.888601

L_AIMInt(SumA)     =          0.000149
L_Analytic(Mol)    =          0.000000

VenT_AIMInt(SumA)  =       -565.656282
VenT_Analytic(Mol) =       -565.656788

Some Information About the Atomic Calculations:
----------------------------------------------
  Time(sec) = "Elapsed User Time", in Seconds, for Atom A by AIMInt and, if used, by TWOe
  NProc = Number of Processors Used for AIMInt Job
  BIM = Basin Integration Method
  OAQ = Angular Quadrature Outside of Beta Sphere
  ORQ = Multiple of Default for Radial Quadrature Outside of Beta Sphere
  IAQ = Multiple of Default for Angular Quadrature Inside of Beta Sphere
  IRQ = Multiple of Default for Radial Quadrature Inside of Beta Sphere
  MIR = Maximum Integration Radius
------------------------------------------------------------------------------------------------------
Atom A     Time(sec)   NProc      BIM          OAQ                     ORQ      IAQ      IRQ      MIR
------------------------------------------------------------------------------------------------------
N1             64        2     Proaim(5)    4500(GS4)                  1.00     1.00     1.00    13.00
H2             17        2     Proaim(5)    1800(GS4)                  1.00     1.00     1.00    13.00
H3             19        2     Proaim(5)    1800(GS4)                  1.00     1.00     1.00    13.00
O4             35        2     Proaim(5)    2700(GS4)                  1.00     1.00     1.00    13.00
C5             58        2     Proaim(5)    4500(GS4)                  1.00     1.00     1.00    13.00
H6             22        2     Proaim(5)    1800(GS4)                  1.00     1.00     1.00    13.00
H7             21        2     Proaim(5)    1800(GS4)                  1.00     1.00     1.00    13.00
H8             19        2     Proaim(5)    1800(GS4)                  1.00     1.00     1.00    13.00
------------------------------------------------------------------------------------------------------
Total         255
Note:  Total wall clock time is less than total of atomic times if more than one atom
       was calculated at a time

Electron Density Critical Point Analysis of Molecular Structure:
---------------------------------------------------------------
  NACP = Nuclear Attractor Critical Point
  NNACP = Non-Nuclear Attractor Critical Point
  BCP = Bond Critical Point
  RCP = Ring Critical Point
  CCP = Cage Critical Point
  Rho = Electron Density
  GradRho = Gradient of Electron Density
  HessRho_EigVals = Eigenvalues of the Hessian of Rho, Ascending Order
  HessRho_EigVecs = Eigenvectors of the Hessian of Rho
  DelSqRho = Laplacian of Rho = Trace of Hessian of Rho
  Bond Ellipticity = (HessRho_EigVal(1) / HessRho_EigVal(2)) - 1
  V = Virial Field = Potential Energy Density = Trace of Stress Tensor
  G = Lagrangian Form of Kinetic Energy Density
  K = Hamiltonian Form of Kinetic Energy Density
  L = K - G = Lagrangian Density = (-1/4)DelSqRho
  Vnuc = Electrostatic Potential from Nuclei
  Ven = Electron-nuclear attractive contribution to Virial Field V
  Vrep = V - Ven = Repulsive contribution to Virial Field V
  DelSqV = Laplacian of V
  DelSqVen = Laplacian of Ven
  DelSqVrep = Laplacian of Vrep
  DelSqG = Laplacian of G
  DelSqK = Laplacian of K
  Stress_EigVals = Eigenvalues of Stress Tensor, Ascending Order
  Stress_EigVecs = Eigenvectors of Stress Tensor
  -DivStress = Ehrenfest Force Density = Minus Divergence of Stress Tensor
  ESP = Total Electrostatic Potential
  ESPe = Electrostatic Potential from Electrons
  ESPn = Electrostatic Potential from Nuclei
  BP = Bond Path
  BPL = Bond Path Length
  GBL = Geometric Bond Length
  GBL_I = Distance Between Nuclear Attractors
  GBL_II = Distance Between Nuclei
  GBL_III = Sum of Distances Between BCP and Nuclear Attractors
  GBL_IV = Sum of Distances Between BCP and Nuclei

CP# 1      Coords = -3.37173287278531E-08  4.40923889749840E-08  4.83595728441633E-07
           Type = (3,-3) NACP N1
           Rho =  1.9602966602E+02     Rho at Nucleus =  1.9602966596E+02
           GradRho = -3.3678235548E-11  4.4040297451E-11  4.3340218220E-10
           HessRho_EigVals = -5.5284798694E+05 -5.5284663927E+05 -5.5284532019E+05
           HessRho_EigVec1 = -2.6744772937E-01  3.4966447386E-01  8.9789000873E-01
           HessRho_EigVec2 = -5.4548263896E-01  7.1320064388E-01 -4.4021986798E-01
           HessRho_EigVec3 =  7.9430498088E-01  6.0751921557E-01  7.9928340321E-06
           DelSqRho = -1.6585399464E+06
           Bond Ellipticity = NA
           V = -4.1468327397E+05
           G =  2.4143682624E+01
           K =  4.1465913028E+05
           L =  4.1463498660E+05
           Vnuc =  1.4380491182E+07
           Ven = -2.8190028836E+09
           Vrep =  2.8185882003E+09
           DelSqV =  3.4575787076E+10
           DelSqVen =  2.3850624483E+13
           DelSqVrep = -2.3816048696E+13
           DelSqG =  1.1695045038E+09
           DelSqK = -3.5745291580E+10
           Stress_EigVals = -1.3822808882E+05 -1.3822774633E+05 -1.3822743881E+05
           Stress_EigVec1 =  7.9430219367E-01  6.0752285973E-01  6.5003749122E-06
           Stress_EigVec2 = -5.6639834663E-01  7.4053806029E-01 -3.6165770308E-01
           Stress_EigVec3 = -2.1972013579E-01  2.8726182511E-01  9.3231094907E-01
           -DivStress =  3.5756603115E+02 -4.6760094445E+02 -5.4604759730E+03
           ESP =  -1.8232322665E+01     ESP at Nucleus =  -1.8232322664E+01
           ESPe = -2.5220352540E+01     ESPe at Nucleus = -2.5220352674E+01
           ESPn =  6.9880298753E+00     ESPn at Nucleus =  6.9880300101E+00

CP# 2      Coords = -1.92286926734320E+00  6.50386595026261E-04  1.17413600601360E-03
           Type = (3,-3) NACP H2
           Rho =  4.2930336771E-01     Rho at Nucleus =  4.2320584678E-01
           GradRho =  7.3544816070E-13  1.0201908762E-14  1.9118062168E-14
           HessRho_EigVals = -8.5474989077E+00 -8.5339303770E+00 -7.3651008392E+00
           HessRho_EigVec1 = -1.7447881372E-02  4.8613181828E-01  8.7371129482E-01
           HessRho_EigVec2 =  1.5568316794E-03  8.7385646624E-01 -4.8618150179E-01
           HessRho_EigVec3 =  9.9984656208E-01  7.1226157459E-03  1.6003769374E-02
           DelSqRho = -2.4446530124E+01
           Bond Ellipticity = NA
           V = -6.1407815071E+00
           G =  1.4574488050E-02
           K =  6.1262070190E+00
           L =  6.1116325310E+00
           Vnuc =  3.3608202324E+01
           Ven = -1.4428114440E+01
           Vrep =  8.2873329334E+00
           DelSqV =  1.5390239488E+03
           DelSqVen =  8.2160393053E+02
           DelSqVrep =  7.1742001829E+02
           DelSqG =  1.1706596286E+02
           DelSqK = -1.6560899117E+03
           Stress_EigVals = -2.1466501692E+00 -2.1438369773E+00 -1.8502943606E+00
           Stress_EigVec1 = -2.2429843888E-02  3.8985223153E-01  9.2060422532E-01
           Stress_EigVec2 = -1.4261626047E-03  9.2082247572E-01 -3.8997940237E-01
           Stress_EigVec3 =  9.9974740218E-01  1.0060108435E-02  2.0097911705E-02
           -DivStress = -2.0057216931E+01 -3.3295385595E-01 -6.0489009960E-01
           ESP =  -1.0004897733E+00     ESP at Nucleus =  -1.0020092063E+00
           ESPe = -9.2752490375E+00     ESPe at Nucleus = -9.1691299651E+00
           ESPn =  8.2747592641E+00     ESPn at Nucleus =  8.1671207588E+00

CP# 3      Coords =  5.02760740648236E-01  1.85598103892028E+00  1.17411227967053E-03
           Type = (3,-3) NACP H3
           Rho =  4.2930257902E-01     Rho at Nucleus =  4.2320511568E-01
           GradRho = -7.6323062453E-14 -2.6655067042E-13  7.1721057912E-15
           HessRho_EigVals = -8.5474825430E+00 -8.5339135551E+00 -7.3650927285E+00
           HessRho_EigVec1 = -4.6461814426E-01  1.4410796083E-01  8.7370640129E-01
           HessRho_EigVec2 =  8.4378252324E-01 -2.2726646503E-01  4.8619029953E-01
           HessRho_EigVec3 =  2.6862805793E-01  9.6311102657E-01 -1.6003655573E-02
           DelSqRho = -2.4446488827E+01
           Bond Ellipticity = NA
           V = -6.1407710821E+00
           G =  1.4574437734E-02
           K =  6.1261966444E+00
           L =  6.1116222067E+00
           Vnuc =  3.3608292544E+01
           Ven = -1.4428126666E+01
           Vrep =  8.2873555835E+00
           DelSqV =  1.5390220333E+03
           DelSqVen =  8.2160474817E+02
           DelSqVrep =  7.1741728509E+02
           DelSqG =  1.1706577496E+02
           DelSqK = -1.6560878082E+03
           Stress_EigVals = -2.1466459710E+00 -2.1438327158E+00 -1.8502923953E+00
           Stress_EigVec1 = -3.7040293492E-01  1.2371344773E-01  9.2059581177E-01
           Stress_EigVec2 =  8.8832632614E-01 -2.4243947943E-01  3.8999927834E-01
           Stress_EigVec3 =  2.7143692471E-01  9.6224637264E-01 -2.0097617797E-02
           -DivStress =  5.5721774778E+00  1.9270425273E+01 -6.0487614686E-01
           ESP =  -1.0004896168E+00     ESP at Nucleus =  -1.0020090261E+00
           ESPe = -9.2752395827E+00     ESPe at Nucleus = -9.1691211364E+00
           ESPn =  8.2747499658E+00     ESPn at Nucleus =  8.1671121103E+00

CP# 4      Coords =  9.46878291079000E-01 -1.23795415189205E+00 -2.04480949219873E+00
           Type = (3,-3) NACP O4
           Rho =  2.9834897151E+02     Rho at Nucleus =  2.9834893474E+02
           GradRho = -1.2884013301E-11 -4.3452602627E-12  1.2737558230E-10
           HessRho_EigVals = -1.1136540446E+06 -1.1136016036E+06 -1.1136012527E+06
           HessRho_EigVec1 = -3.7607922779E-01  4.9168674181E-01  7.8537160781E-01
           HessRho_EigVec2 = -4.7703201171E-01  6.2389825240E-01 -6.1902457984E-01
           HessRho_EigVec3 =  7.9435815236E-01  6.0744968399E-01  8.4857401573E-05
           DelSqRho = -3.3408569009E+06
           Bond Ellipticity = NA
           V = -8.3534233369E+05
           G =  6.4054230845E+01
           K =  8.3527827946E+05
           L =  8.3521422522E+05
           Vnuc =  9.8447537810E+05
           Ven = -2.9371721654E+08
           Vrep =  2.9288187420E+08
           DelSqV =  9.3404558998E+10
           DelSqVen =  3.2889913600E+12
           DelSqVrep = -3.1955868015E+12
           DelSqG =  3.1180267882E+09
           DelSqK = -9.6522585786E+10
           Stress_EigVals = -2.7845212326E+05 -2.7845203654E+05 -2.7843817390E+05
           Stress_EigVec1 =  7.9436115659E-01  6.0744575486E-01  8.8386292547E-05
           Stress_EigVec2 = -4.7740225560E-01  6.2439229984E-01 -6.1824052135E-01
           Stress_EigVec3 = -3.7560276790E-01  4.9106405978E-01  7.8598896299E-01
           -DivStress =  9.1719842208E+04 -1.1991523261E+05 -1.9746572274E+05
           ESP =  -2.2431364929E+01     ESP at Nucleus =  -2.2431365283E+01
           ESPe = -2.7575360444E+01     ESPe at Nucleus = -2.7575348660E+01
           ESPn =  5.1439955149E+00     ESPn at Nucleus =  5.1439833776E+00

CP# 5      Coords =  8.55024170146056E-01 -1.11784328575452E+00  2.47661614831087E+00
           Type = (3,-3) NACP C5
           Rho =  1.2099869647E+02     Rho at Nucleus =  1.2099869527E+02
           GradRho =  8.6750051587E-14 -2.0425827696E-11 -8.1636919447E-12
           HessRho_EigVals = -2.4842022618E+05 -2.4841755202E+05 -2.4841721423E+05
           HessRho_EigVec1 =  2.9731493584E-01 -3.8869962437E-01  8.7207593187E-01
           HessRho_EigVec2 = -5.2970080178E-01  6.9277232730E-01  4.8937057852E-01
           HessRho_EigVec3 =  7.9436823295E-01  6.0743650248E-01 -7.7057366445E-05
           DelSqRho = -7.4525499243E+05
           Bond Ellipticity = NA
           V = -1.8632894784E+05
           G =  7.5998671713E+00
           K =  1.8632134797E+05
           L =  1.8631374811E+05
           Vnuc =  1.9377487354E+06
           Ven = -2.3446507106E+08
           Vrep =  2.3427874211E+08
           DelSqV =  1.1209554924E+10
           DelSqVen =  1.4441169080E+12
           DelSqVrep = -1.4329073531E+12
           DelSqG =  3.8254873736E+08
           DelSqK = -1.1592103661E+10
           Stress_EigVals = -6.2109943868E+04 -6.2109843403E+04 -6.2109160570E+04
           Stress_EigVec1 =  7.9433994892E-01  6.0747349112E-01 -5.5993726837E-05
           Stress_EigVec2 = -5.3127906232E-01  6.9475184838E-01  4.8483237012E-01
           Stress_EigVec3 =  2.9456171423E-01 -3.8509197182E-01  8.7460709450E-01
           -DivStress =  4.8158816588E+03 -6.2961134835E+03  8.1436740865E+03
           ESP =  -1.4712451232E+01     ESP at Nucleus =  -1.4712451249E+01
           ESPe = -2.0903682272E+01     ESPe at Nucleus = -2.0903679153E+01
           ESPn =  6.1912310394E+00     ESPn at Nucleus =  6.1912279044E+00

CP# 6      Coords =  5.35575938738438E-02 -6.97374449994720E-02  4.03492752201668E+00
           Type = (3,-3) NACP H6
           Rho =  4.3643400795E-01     Rho at Nucleus =  4.3259750228E-01
           GradRho =  1.4181364416E-16 -2.0046898169E-16 -3.2395960914E-15
           HessRho_EigVals = -8.8299524908E+00 -8.8282488392E+00 -8.0635037897E+00
           HessRho_EigVec1 = -4.7019287635E-01  6.1540442976E-01 -6.3261050170E-01
           HessRho_EigVec2 = -7.9451141097E-01 -6.0724918728E-01 -2.0586791269E-04
           HessRho_EigVec3 = -3.8427890505E-01  5.0251946467E-01  7.7447008384E-01
           DelSqRho = -2.5721705120E+01
           Bond Ellipticity = NA
           V = -6.4455913390E+00
           G =  7.5825295252E-03
           K =  6.4380088094E+00
           L =  6.4304262799E+00
           Vnuc =  3.9966900992E+01
           Ven = -1.7442914785E+01
           Vrep =  1.0997323446E+01
           DelSqV =  1.6577718198E+03
           DelSqVen =  1.0280168419E+03
           DelSqVrep =  6.2975497794E+02
           DelSqG =  1.2684984302E+02
           DelSqK = -1.7846216628E+03
           Stress_EigVals = -2.2140065853E+00 -2.2124839134E+00 -2.0191008403E+00
           Stress_EigVec1 =  7.9428152867E-01  6.0754986819E-01 -1.0426376064E-04
           Stress_EigVec2 = -4.7022881090E-01  6.1464588486E-01 -6.3332085203E-01
           Stress_EigVec3 = -3.8470991489E-01  5.0308408232E-01  7.7388932510E-01
           -DivStress = -6.2039724961E+00  8.1129177593E+00  1.2673433833E+01
           ESP =  -1.0748834726E+00     ESP at Nucleus =  -1.0758483547E+00
           ESPe = -8.0600615742E+00     ESPe at Nucleus = -7.9966864314E+00
           ESPn =  6.9851781016E+00     ESPn at Nucleus =  6.9208380768E+00

CP# 7      Coords =  2.42242907803976E-01 -3.04906585137638E+00  2.48460765810993E+00
           Type = (3,-3) NACP H7
           Rho =  4.3693064948E-01     Rho at Nucleus =  4.3276657314E-01
           GradRho =  4.9617017580E-13  1.6650663053E-12  1.4004097361E-15
           HessRho_EigVals = -8.8360691501E+00 -8.8295459701E+00 -8.0128814709E+00
           HessRho_EigVec1 =  1.6702145546E-02 -2.8012590234E-03  9.9985658536E-01
           HessRho_EigVec2 =  9.5698384782E-01 -2.8965455173E-01 -1.6797489944E-02
           HessRho_EigVec3 =  2.8966006514E-01  9.5712715645E-01 -2.1570928421E-03
           DelSqRho = -2.5678496591E+01
           Bond Ellipticity = NA
           V = -6.4340399275E+00
           G =  7.2078898382E-03
           K =  6.4268320376E+00
           L =  6.4196241478E+00
           Vnuc =  3.8966165107E+01
           Ven = -1.7025511828E+01
           Vrep =  1.0591471901E+01
           DelSqV =  1.6503056548E+03
           DelSqVen =  1.0005925379E+03
           DelSqVrep =  6.4971311696E+02
           DelSqG =  1.2630428244E+02
           DelSqK = -1.7766099373E+03
           Stress_EigVals = -2.2145556922E+00 -2.2134239568E+00 -2.0060602785E+00
           Stress_EigVec1 = -6.5193249460E-01  1.9908634655E-01  7.3167523472E-01
           Stress_EigVec2 =  7.0066661086E-01 -2.1075893416E-01  6.8165018309E-01
           Stress_EigVec3 =  2.8991433720E-01  9.5705031126E-01 -2.0925579990E-03
           -DivStress = -4.8292571278E+00 -1.6252260600E+01 -3.8208300738E-02
           ESP =  -1.0851083991E+00     ESP at Nucleus =  -1.0862073267E+00
           ESPe = -8.4422410842E+00     ESPe at Nucleus = -8.3772278770E+00
           ESPn =  7.3571326851E+00     ESPn at Nucleus =  7.2910205503E+00

CP# 8      Coords =  2.87932745084040E+00 -1.03228850899823E+00  2.48443102481061E+00
           Type = (3,-3) NACP H8
           Rho =  4.3692882714E-01     Rho at Nucleus =  4.3276477774E-01
           GradRho = -8.4717197802E-10 -2.0831120818E-11  1.2967672183E-12
           HessRho_EigVals = -8.8360274427E+00 -8.8295035967E+00 -8.0128435813E+00
           HessRho_EigVec1 = -1.5864941527E-03 -1.6706684843E-02  9.9985917494E-01
           HessRho_EigVec2 = -2.8883552518E-02  9.9944403915E-01  1.6653918282E-02
           HessRho_EigVec3 =  9.9958152415E-01  2.8853063646E-02  2.0681605331E-03
           DelSqRho = -2.5678374621E+01
           Bond Ellipticity = NA
           V = -6.4340094355E+00
           G =  7.2078901634E-03
           K =  6.4268015454E+00
           L =  6.4195936552E+00
           Vnuc =  3.8966253280E+01
           Ven = -1.7025479344E+01
           Vrep =  1.0591469908E+01
           DelSqV =  1.6502980347E+03
           DelSqVen =  1.0005900510E+03
           DelSqVrep =  6.4970798368E+02
           DelSqG =  1.2630361344E+02
           DelSqK = -1.7766016481E+03
           Stress_EigVals = -2.2145452390E+00 -2.2134132981E+00 -2.0060508985E+00
           Stress_EigVec1 = -2.1313561324E-02  6.8130241907E-01  7.3169170139E-01
           Stress_EigVec2 = -1.9941189261E-02  7.3142266018E-01 -6.8163277587E-01
           Stress_EigVec3 =  9.9957394978E-01  2.9118824667E-02  2.0032412391E-03
           -DivStress =  1.6949677652E+01  4.0381607575E-01 -3.9759098866E-02
           ESP =  -1.0851091003E+00     ESP at Nucleus =  -1.0862080717E+00
           ESPe = -8.4423027646E+00     ESPe at Nucleus = -8.3772901152E+00
           ESPn =  7.3571936642E+00     ESPn at Nucleus =  7.2910820435E+00

CP# 9      Coords = -1.44418426873538E+00  1.54735963860553E-03  5.43901568168016E-03
           Type = (3,-1) BCP N1 H2
           Rho =  3.3833805683E-01
           GradRho =  2.9932653578E-15 -4.0766001685E-17 -2.5370330836E-17
           HessRho_EigVals = -1.2918621134E+00 -1.2716904452E+00  8.5792969349E-01
           HessRho_EigVec1 =  1.1307469331E-03  5.2097263631E-01  8.5357262938E-01
           HessRho_EigVec2 =  3.6941604627E-03  8.5356517457E-01 -5.2097298005E-01
           HessRho_EigVec3 =  9.9999253727E-01 -3.7423228589E-03  9.5939031187E-04
           DelSqRho = -1.7056228651E+00
           Bond Ellipticity =  1.5862089871E-02
           V = -5.2201177459E-01
           G =  4.7803029160E-02
           K =  4.7420874543E-01
           L =  4.2640571627E-01
           Vnuc =  1.1854691881E+01
           Ven = -4.0108934152E+00
           Vrep =  3.4888816406E+00
           DelSqV = -2.8297696703E+00
           DelSqVen =  2.0219633530E+01
           DelSqVrep = -2.3049403200E+01
           DelSqG =  3.3165385248E+00
           DelSqK = -4.8676885454E-01
           Stress_EigVals = -3.5776022775E-01 -3.5618335645E-01  1.9193180961E-01
           Stress_EigVec1 = -3.1393247530E-03  3.4842999820E-01  9.3732954770E-01
           Stress_EigVec2 =  3.1264830398E-03  9.3733300526E-01 -3.4842081217E-01
           Stress_EigVec3 =  9.9999018482E-01 -1.8367388535E-03  4.0319531851E-03
           -DivStress = -1.2127051573E+00 -1.0853641624E-03 -1.3027095516E-02
           ESP =   1.2222987921E+00
           ESPe = -1.0632393089E+01
           ESPn =  1.1854691881E+01
           BPL =  1.9230711194E+00 =  1.4443561446E+00 +  4.7871497474E-01
           GBL_I =  1.9228697018E+00
           GBL_II =  1.9623199536E+00
           GBL_III =  1.9229001419E+00 =  1.4441953041E+00 +  4.7870483771E-01
           GBL_IV =  1.9623618817E+00 =  1.4441953397E+00 +  5.1816654194E-01

CP# 10     Coords =  3.76578908808195E-01  1.39422451317380E+00  5.43887154074911E-03
           Type = (3,-1) BCP H3 N1
           Rho =  3.3833704323E-01
           GradRho = -4.2067044292E-17 -1.3530843113E-16 -3.2959746044E-17
           HessRho_EigVals = -1.2918559059E+00 -1.2716835000E+00  8.5793011206E-01
           HessRho_EigVec1 = -5.0309744790E-01  1.3529352932E-01  8.5357402658E-01
           HessRho_EigVec2 =  8.2476526532E-01 -2.1989041780E-01  5.2097069139E-01
           HessRho_EigVec3 =  2.5817671284E-01  9.6609723376E-01 -9.5909559729E-04
           DelSqRho = -1.7056092939E+00
           Bond Ellipticity =  1.5862756642E-02
           V = -5.2200823266E-01
           G =  4.7802954594E-02
           K =  4.7420527806E-01
           L =  4.2640232347E-01
           Vnuc =  1.1854680256E+01
           Ven = -4.0108774663E+00
           Vrep =  3.4888692336E+00
           DelSqV = -2.8298304866E+00
           DelSqVen =  2.0219452821E+01
           DelSqVrep = -2.3049283308E+01
           DelSqG =  3.3165204947E+00
           DelSqK = -4.8669000807E-01
           Stress_EigVals = -3.5775844430E-01 -3.5618154321E-01  1.9193175486E-01
           Stress_EigVec1 = -3.3548354124E-01  9.4252177313E-02  9.3731922024E-01
           Stress_EigVec2 =  9.0545184916E-01 -2.4236444189E-01  3.4844859902E-01
           Stress_EigVec3 =  2.6001488883E-01  9.6559619116E-01 -4.0315269991E-03
           -DivStress =  3.1851773640E-01  1.1701211210E+00 -1.3025807669E-02
           ESP =   1.2222961722E+00
           ESPe = -1.0632384084E+01
           ESPn =  1.1854680256E+01
           BPL =  1.9230730411E+00 =  4.7871582295E-01 +  1.4443572182E+00
           GBL_I =  1.9228716095E+00
           GBL_II =  1.9623217039E+00
           GBL_III =  1.9229020509E+00 =  4.7870568404E-01 +  1.4441963669E+00
           GBL_IV =  1.9623636345E+00 =  5.1816723198E-01 +  1.4441964025E+00

CP# 11     Coords =  4.82807075699509E-01 -6.31224260700294E-01 -1.03539180153865E+00
           Type = (3,-1) BCP N1 O4
           Rho =  3.5088013303E-01
           GradRho = -2.3852447795E-17  6.5919492087E-17 -2.7885679876E-16
           HessRho_EigVals = -7.8650875363E-01 -7.8506939426E-01  1.3832612581E+00
           HessRho_EigVec1 =  7.9461595784E-01  6.0711227504E-01  4.0625463356E-04
           HessRho_EigVec2 = -4.8194406551E-01  6.3119681321E-01 -6.0771745138E-01
           HessRho_EigVec3 = -3.6920915112E-01  4.8270619271E-01  7.9415321837E-01
           DelSqRho = -1.8831688977E-01
           Bond Ellipticity =  1.8334167423E-03
           V = -5.3352667926E-01
           G =  2.4322372841E-01
           K =  2.9030295085E-01
           L =  4.7079222442E-02
           Vnuc =  1.4758689614E+01
           Ven = -5.1785309752E+00
           Vrep =  4.6450042960E+00
           DelSqV = -7.8959792763E+00
           DelSqVen =  2.7793105252E+00
           DelSqVrep = -1.0675289802E+01
           DelSqG =  3.9882194667E+00
           DelSqK =  3.9077598096E+00
           Stress_EigVals = -3.8643201601E-01 -3.8611977278E-01  2.3902510953E-01
           Stress_EigVec1 = -4.8394573430E-01  6.3268297257E-01 -6.0457322341E-01
           Stress_EigVec2 = -7.9428471616E-01 -6.0754570984E-01  1.1370873268E-05
           Stress_EigVec3 = -3.6729867401E-01  4.8020877404E-01  7.9654956996E-01
           -DivStress = -3.1712540041E-02  4.1460204271E-02  6.0373069558E-02
           ESP =   9.1119940949E-01
           ESPe = -1.3847490205E+01
           ESPn =  1.4758689614E+01
           BPL =  2.5713649485E+00 =  1.3052234514E+00 +  1.2661414971E+00
           GBL_I =  2.5710614521E+00
           GBL_II =  2.5710691600E+00
           GBL_III =  2.5710764496E+00 =  1.3052141633E+00 +  1.2658622864E+00
           GBL_IV =  2.5710841583E+00 =  1.3052137458E+00 +  1.2658704125E+00

CP# 12     Coords =  4.99056342114511E-01 -6.52456513641938E-01  1.47278504604524E+00
           Type = (3,-1) BCP C5 N1
           Rho =  2.4674849376E-01
           GradRho = -1.1373714470E-14  1.4979337215E-14 -3.5742242499E-14
           HessRho_EigVals = -4.8766358511E-01 -4.6565621172E-01  3.2464807311E-01
           HessRho_EigVec1 =  5.2966363457E-01 -6.9223416389E-01 -4.9017170109E-01
           HessRho_EigVec2 =  7.9421113451E-01  6.0764189201E-01  6.9932746949E-05
           HessRho_EigVec3 =  2.9780045003E-01 -3.8933686366E-01  8.7162589369E-01
           DelSqRho = -6.2867172372E-01
           Bond Ellipticity =  4.7260989639E-02
           V = -3.5743098181E-01
           G =  1.0013152544E-01
           K =  2.5729945637E-01
           L =  1.5716793093E-01
           Vnuc =  1.3346954294E+01
           Ven = -3.2933408683E+00
           Vrep =  2.9359098865E+00
           DelSqV = -9.3861413798E-01
           DelSqVen =  8.3908527622E+00
           DelSqVrep = -9.3294669002E+00
           DelSqG =  1.9289777786E+00
           DelSqK = -9.9036364065E-01
           Stress_EigVals = -2.0300762777E-01 -2.0156724899E-01  4.7143894953E-02
           Stress_EigVec1 = -5.2864620597E-01  6.9043665636E-01  4.9379187162E-01
           Stress_EigVec2 =  7.9406193483E-01  6.0783681892E-01  2.1265698558E-04
           Stress_EigVec3 =  2.9999805427E-01 -3.9221374929E-01  8.6958009539E-01
           -DivStress =  1.2832152064E-01 -1.6776457960E-01  3.6647906692E-01
           ESP =   9.3247080196E-01
           ESPe = -1.2414483492E+01
           ESPn =  1.3346954294E+01
           BPL =  2.8488343614E+00 =  1.1623449227E+00 +  1.6864894387E+00
           GBL_I =  2.8485549407E+00
           GBL_II =  2.8485583298E+00
           GBL_III =  2.8486866246E+00 =  1.1623144257E+00 +  1.6863721989E+00
           GBL_IV =  2.8486900249E+00 =  1.1623174306E+00 +  1.6863725943E+00

CP# 13     Coords =  3.32610768892750E-01 -4.34662769069895E-01  3.47661929085789E+00
           Type = (3,-1) BCP H6 C5
           Rho =  2.8434667519E-01
           GradRho = -9.3867622009E-14  1.2278177607E-13  1.7028999738E-13
           HessRho_EigVals = -7.7983825452E-01 -7.5991874317E-01  4.4046921091E-01
           HessRho_EigVec1 = -4.6841174608E-01  6.1251602077E-01 -6.3672172920E-01
           HessRho_EigVec2 =  7.9435637582E-01  6.0745201280E-01 -1.8481100385E-05
           HessRho_EigVec3 = -3.8676657603E-01  5.0579262198E-01  7.7109366436E-01
           DelSqRho = -1.0992877868E+00
           Bond Ellipticity =  2.6212685936E-02
           V = -3.5679443288E-01
           G =  4.0986243091E-02
           K =  3.1580818979E-01
           L =  2.7482194669E-01
           Vnuc =  1.0475742994E+01
           Ven = -2.9787426904E+00
           Vrep =  2.6219482575E+00
           DelSqV = -1.5649156816E+00
           DelSqVen =  1.1515856330E+01
           DelSqVrep = -1.3080772012E+01
           DelSqG =  1.7013754991E+00
           DelSqK = -1.3645981743E-01
           Stress_EigVals = -2.3270289724E-01 -2.2649477826E-01  1.0240324263E-01
           Stress_EigVec1 =  7.9432330243E-01  6.0749525694E-01 -6.3374663242E-05
           Stress_EigVec2 = -4.6671428180E-01  6.1018000192E-01 -6.4020164356E-01
           Stress_EigVec3 = -3.8888079199E-01  5.0855666160E-01  7.6820690674E-01
           -DivStress =  5.1928390676E-02 -6.7902553600E-02 -9.2545533087E-02
           ESP =   8.5040489787E-01
           ESPe = -9.6253380959E+00
           ESPn =  1.0475742994E+01
           BPL =  2.0422940611E+00 =  7.2301545684E-01 +  1.3192786043E+00
           GBL_I =  2.0418640659E+00
           GBL_II =  2.0721746894E+00
           GBL_III =  2.0419748302E+00 =  7.2301400238E-01 +  1.3189608278E+00
           GBL_IV =  2.0722928230E+00 =  7.5333226909E-01 +  1.3189605539E+00

CP# 14     Coords =  4.46745582356363E-01 -2.38117081083568E+00  2.48084859716363E+00
           Type = (3,-1) BCP C5 H7
           Rho =  2.9222264551E-01
           GradRho = -9.9529759434E-17 -9.7795035958E-17 -7.5677311639E-17
           HessRho_EigVals = -8.2648576227E-01 -8.0617587409E-01  4.6978968376E-01
           HessRho_EigVec1 =  2.3682499907E-01 -6.3638684873E-02  9.6946585170E-01
           HessRho_EigVec2 =  9.2571416516E-01 -2.8810443884E-01 -2.4504921290E-01
           HessRho_EigVec3 =  2.9490202481E-01  9.5548205117E-01 -9.3191014195E-03
           DelSqRho = -1.1628719526E+00
           Bond Ellipticity =  2.5192875194E-02
           V = -3.6705245018E-01
           G =  3.8167231017E-02
           K =  3.2888521917E-01
           L =  2.9071798815E-01
           Vnuc =  1.0760096537E+01
           Ven = -3.1443438759E+00
           Vrep =  2.7772914257E+00
           DelSqV = -1.9541384733E+00
           DelSqVen =  1.2512614470E+01
           DelSqVrep = -1.4466752943E+01
           DelSqG =  1.7979804437E+00
           DelSqK =  1.5615802964E-01
           Stress_EigVals = -2.4147397156E-01 -2.3634491652E-01  1.1076643790E-01
           Stress_EigVec1 =  8.5885359248E-01 -2.6995282484E-01 -4.3531135873E-01
           Stress_EigVec2 =  4.1772721300E-01 -1.2269692851E-01  9.0024965385E-01
           Stress_EigVec3 =  2.9643630378E-01  9.5502405001E-01 -7.3879433265E-03
           -DivStress =  2.7249901033E-02  7.1677290192E-02  2.3722666014E-04
           ESP =   8.5338278507E-01
           ESPe = -9.9067137518E+00
           ESPn =  1.0760096537E+01
           BPL =  2.0264069424E+00 =  1.3278918936E+00 +  6.9851504879E-01
           GBL_I =  2.0261256964E+00
           GBL_II =  2.0577551355E+00
           GBL_III =  2.0261814698E+00 =  1.3276692941E+00 +  6.9851217571E-01
           GBL_IV =  2.0578148909E+00 =  1.3276680582E+00 +  7.3014683273E-01

CP# 15     Coords =  2.18119196210909E+00 -1.05471349337379E+00  2.48073359409644E+00
           Type = (3,-1) BCP H8 C5
           Rho =  2.9222243778E-01
           GradRho =  3.5018645969E-15  5.1174342541E-17 -4.9439619065E-17
           HessRho_EigVals = -8.2648943324E-01 -8.0617938259E-01  4.6980121744E-01
           HessRho_EigVec1 = -5.3089654035E-04 -2.4514344848E-01  9.6948667233E-01
           HessRho_EigVec2 = -3.5557498992E-02  9.6887836419E-01  2.4497016079E-01
           HessRho_EigVec3 =  9.9936749117E-01  3.4342467563E-02  9.2310620937E-03
           DelSqRho = -1.1628675984E+00
           Bond Ellipticity =  2.5192967086E-02
           V = -3.6704952915E-01
           G =  3.8166314773E-02
           K =  3.2888321437E-01
           L =  2.9071689960E-01
           Vnuc =  1.0760129731E+01
           Ven = -3.1443513409E+00
           Vrep =  2.7773018118E+00
           DelSqV = -1.9542986539E+00
           DelSqVen =  1.2512606219E+01
           DelSqVrep = -1.4466904873E+01
           DelSqG =  1.7979830564E+00
           DelSqK =  1.5631559743E-01
           Stress_EigVals = -2.4147381639E-01 -2.3634506189E-01  1.1076934914E-01
           Stress_EigVec1 = -3.5535573440E-02  8.9959341825E-01  4.3528026013E-01
           Stress_EigVec2 =  9.0790804433E-03 -4.3524677413E-01  9.0026541415E-01
           Stress_EigVec3 =  9.9932717031E-01  3.5943392237E-02  7.2992626959E-03
           -DivStress = -7.6297009908E-02 -7.5234298504E-03  2.4168081193E-04
           ESP =   8.5338277554E-01
           ESPe = -9.9067469559E+00
           ESPn =  1.0760129731E+01
           BPL =  2.0264067032E+00 =  6.9850821439E-01 +  1.3278984889E+00
           GBL_I =  2.0261254808E+00
           GBL_II =  2.0577548924E+00
           GBL_III =  2.0261812565E+00 =  6.9850534099E-01 +  1.3276759155E+00
           GBL_IV =  2.0578146500E+00 =  7.3013997049E-01 +  1.3276746795E+00

Number of NACPs  =      8
Number of NNACPs =      0
Number of BCPs   =      7
Number of RCPs   =      0
Number of CCPs   =      0
NumNACP + NumNNACP - NumBCP + NumRCP - NumCCP =      1
Poincare-Hopf Relationship is Satisfied

Bond Path Angles and Corresponding Geometric Bond Angles:
--------------------------------------------------------
  BPA     = A-B-C Bond Path Angle
  GBA_I   = A-B-C Geometric Bond Angle in Terms of Nuclear Attractors
  GBA_II  = A-B-C Geometric Bond Angle in Terms of Nuclei
  GBA_III = A-B-C Geometric Bond Angle in Terms of A|B and C|B BCPs and Nuclear Attractor B
  GBA_IV  = A-B-C Geometric Bond Angle in Terms of A|B and C|B BCPs and Nucleus B
-------------------------------------------------------------------------------------------------
Atom A    Atom B    Atom C        BPA          GBA_I         GBA_II       GBA_III       GBA_IV
-------------------------------------------------------------------------------------------------
H3        N1        H2        107.28507959  105.13751655  105.17630637  105.05242642  105.05242274
O4        N1        H2        111.09210977  111.64971868  111.60976978  111.92601607  111.92603904
O4        N1        H3        111.09248512  111.65016793  111.61021686  111.92646149  111.92648447
C5        N1        H2        107.57796195  107.44334893  107.46726003  107.04114213  107.04111992
C5        N1        H3        107.57790924  107.44329474  107.46720292  107.04108200  107.04105978
C5        N1        O4        111.99749254  113.07757609  113.07756032  113.34221703  113.34221569
H6        C5        N1        106.88500319  110.13774362  110.15811083  109.03231160  109.03214080
H7        C5        N1        105.57065373  106.66003246  106.66205929  106.83202203  106.83192152
H7        C5        H6        112.71182585  111.56411333  111.56803334  111.63234551  111.63244186
H8        C5        N1        105.56965807  106.65892095  106.66094329  106.83100375  106.83090325
H8        C5        H6        112.71186949  111.56432806  111.56826781  111.63234625  111.63244260
H8        C5        H7        112.67594449  110.02320236  109.99090275  110.63423186  110.63438601

Total time for electron density critical point search, analysis and connectivity = 8 sec (NProc = 4)

Virial-Based Atomic Energy Components:
-------------------------------------
  Ee(A) = E(A) - W(A) = -T(A)
        = Contribution of Atom A to Electronic Energy of Molecule.
          Not additive to give molecular Ee unless molecular electronic virial theorem is satisfied.
  T(A) = Electronic Kinetic Energy of Atom A (Hamiltonian Form)
  Ven(A) = Ven(A,Mol) = VenT(A)
         = Attraction Energy Between Electron Density Distribution of Atom A and Nuclei of Molecule
  VenO(A) = Ven(A,A)
          = Attraction Energy Between Electron Density Distribution of Atom A and Nucleus of Atom A
  Vee(A) = Vee(A,A) + Vee(A,A')/2
         = Two-Electron Interaction Energy of Atom A with Itself Plus Half of Two-Electron Interaction Energy
           Between Atom A and Other Atoms of Molecule
  Vnn(A) - W(A) = Contribution of Atom A to the Nuclear Repulsion Energy of Molecule Minus
                  the Nuclear Virial of Energy-Gradient-Based Forces on Nuclei of Molecule.
                  Calculation of Vnn(A) - W(A) assumes satisfaction of the atomic virial theorem:
                       2T(A) + Ven(A) + Vee(A) + Vnn(A) - W(A) = 0
See "2EDM Note" and "DFT Note".
--------------------------------------------------------------------------------------------------------------------
Atom A         Ee(A)              T(A)             Ven(A)           VenO(A)            Vee(A)        Vnn(A) - W(A)
--------------------------------------------------------------------------------------------------------------------
N1       -5.4537067393E+01  5.4537067393E+01 -1.8240229138E+02 -1.3155348840E+02
H2       -4.8650150444E-01  4.8650150444E-01 -5.6654579748E+00 -9.5056949522E-01
H3       -4.8650944101E-01  4.8650944101E-01 -5.6654303589E+00 -9.5056871090E-01
O4       -7.4899658484E+01  7.4899658484E+01 -2.2526354363E+02 -1.8178435075E+02
