AIMSum (Version 19.10.12, Professional)
Copyright (c) 1997-2019 by Todd A. Keith
AIMSum is a component of the AIMAll package ( http://aim.tkgristmill.com )

TP:  64-bit Mac OS X

Much of the Quantum Theory of Atoms in Molecules (QTAIM) is described in the book:
  "Atoms in Molecules - A Quantum Theory"
  R.F.W. Bader, Oxford University Press, Oxford, 1990

For additional references see:  http://aim.tkgristmill.com/references.html

Wfx File:  /Users/chemlab/Documents/SubstituentCoding/New Reorientation Test/SubC6H5_CF2H-ReorPosY-B3LYP-def2-TZVPPD-Field.wfx
Sum File:  /Users/chemlab/Documents/SubstituentCoding/New Reorientation Test/SubC6H5_CF2H-ReorPosY-B3LYP-def2-TZVPPD-Field.sum

SumViz File:  /Users/chemlab/Documents/SubstituentCoding/New Reorientation Test/SubC6H5_CF2H-ReorPosY-B3LYP-def2-TZVPPD-Field.sumviz

Wfx Title:   SubC6H5_CF2H-ReorPosY-B3LYP-def2-TZVPPD-Field.chk                             
 
Total memory allocated for AIMSum =        0.844 Megabytes

Atomic units (a.u.) used throughout, except where stated otherwise

Model:  Restricted SCF
 
Restricted, closed-shell, single-determinant wavefunction.
  Number of electrons (from MO Occs)                   =          66.0000000000
  Number of Alpha electrons (from MO Occs)             =          33.0000000000
  Number of Beta electrons (from MO Occs)              =          33.0000000000
  Number of electron pairs (N*(N-1)/2)                 =        2145.0000000000
  Number of electron pairs (from Muller 2EDM)          =        2145.0000000000
 
Nuclear Charges and Cartesian Coordinates:
-------------------------------------------------------------------------------
Atom      Charge                X                  Y                  Z
-------------------------------------------------------------------------------
C1         6.0           0.0000000000E+00   0.0000000000E+00   0.0000000000E+00
C2         6.0          -2.8301851784E+00   0.0000000000E+00   0.0000000000E+00
H3         1.0           8.1164226432E-01   1.8946779837E+00   0.0000000000E+00
F4         9.0           9.3270337028E-01  -1.2536154179E+00   2.0739128106E+00
F5         9.0           9.3270467079E-01  -1.2536160689E+00  -2.0739103715E+00
C6         6.0          -4.1617202403E+00  -2.2753159313E+00   1.4361918547E-08
C7         6.0          -4.1351613681E+00   2.2807743107E+00   4.2216481623E-07
C8         6.0          -6.7824858549E+00  -2.2545809791E+00  -1.3369812331E-06
H9         1.0          -3.1422414206E+00  -4.0467829336E+00   6.6745126720E-07
C10        6.0          -6.7642167018E+00   2.2990517139E+00  -8.5699079749E-07
H11        1.0          -3.1006367074E+00   4.0466448713E+00  -7.9481880799E-07
C12        6.0          -8.0868290871E+00   3.2179479480E-02  -1.8099796821E-06
H13        1.0          -7.8132251627E+00  -4.0199599399E+00  -1.8931276316E-06
H14        1.0          -7.7718281599E+00   4.0775333856E+00  -1.7472407748E-06
H15        1.0          -1.0131388284E+01   4.1577766854E-02  -2.0344791457E-06
 
Some Atomic Properties:
----------------------
  q(A) = Net Charge of Atom A
  L(A) = Lagrangian of Atom A = -(1/4) Times Atomic Integral of the Laplacian of the Electron Density
  K(A) = Electronic Kinetic Energy of Atom A (Hamiltonian Form)
  K_Scaled(A) = K(A) * E(Mol)/K(Mol) = Approximation to Virial-Based Total Energy of Atom A.
  |Mu_Intra(A)| = Magnitude of Intraatomic Dipole Moment of Atom A
--------------------------------------------------------------------------------------------------
Atom A          q(A)              L(A)              K(A)          K_Scaled(A)      |Mu_Intra(A)|
--------------------------------------------------------------------------------------------------
C1        1.1380579324E+00  1.7905602133E-05  3.7142376004E+01 -3.7314363396E+01  8.0289396441E-01
C2        6.1795930000E-03 -9.9619272209E-05  3.7946170102E+01 -3.8121879454E+01  4.8074354834E-02
H3        4.2529614810E-02  2.7725154807E-05  6.2630232913E-01 -6.2920241566E-01  1.3688780543E-01
F4       -6.4632648710E-01  5.8910768450E-05  9.9906018210E+01 -1.0036863201E+02  2.2150009821E-01
F5       -6.4633318050E-01  5.1810517353E-05  9.9906018566E+01 -1.0036863236E+02  2.2150627217E-01
C6        9.3017020000E-03  1.0914869490E-04  3.7893240487E+01 -3.8068704750E+01  1.1181180265E-01
C7       -2.0592474000E-03 -1.4135177800E-04  3.7895155304E+01 -3.8070628433E+01  1.0379167243E-01
C8        5.4167796000E-03  8.2961998256E-05  3.7886536908E+01 -3.8061970130E+01  9.9969659337E-02
H9        3.4268521390E-02  2.8168550752E-05  6.1291700636E-01 -6.1575511230E-01  1.3045108077E-01
C10       2.9485801000E-03  2.7080366968E-05  3.7887282390E+01 -3.8062719064E+01  1.0368023458E-01
H11       1.0211181820E-02  2.5813248656E-05  6.2077089141E-01 -6.2364536467E-01  1.3767295831E-01
C12       7.0081010000E-04  5.2627276519E-05  3.7890157304E+01 -3.8065607290E+01  9.3720466533E-02
H13       1.5960205500E-02  2.4367348680E-05  6.1957669343E-01 -6.2244563697E-01  1.3543213327E-01
H14       1.4702749790E-02  2.0025575207E-05  6.1985492895E-01 -6.2272516086E-01  1.3587507489E-01
H15       1.4691681870E-02  1.9743786534E-05  6.1999339683E-01 -6.2286426991E-01  1.3567922596E-01
--------------------------------------------------------------------------------------------------
Total     2.5043738000E-04  3.0531783901E-04  4.6807237052E+02 -4.7023977485E+02
 
1st Largest |L(A)| = 1.4135177800E-04, atom C7      
2nd Largest |L(A)| = 1.0914869490E-04, atom C6      
 
Molecular charge q(Mol) from the wfx file:   0.0000000000E+00
Molecular energy E(Mol) from the wfx file:  -4.7023970850E+02
Molecular virial ratio (-V(Mol)/T(Mol)) from the wfx file:   2.0046304898E+00
Note.  K_Scaled(A) = (1+V(Mol)/T(Mol))*K(A) = (E(Mol)/T(Mol))*K(A)
       Only use K_Scaled(A) data with caution.
 
N_AIMInt(SumA)     =         65.999750
N_Analytic(Mol)    =         66.000000
 
G_AIMInt(SumA)     =        468.072065
G_Analytic(Mol)    =        468.072304
 
K_AIMInt(SumA)     =        468.072371
K_Analytic(Mol)    =        468.072304
 
L_AIMInt(SumA)     =          0.000305
L_Analytic(Mol)    =          0.000000
 
VenT_AIMInt(SumA)  =      -1954.174566
VenT_Analytic(Mol) =      -1954.178355
 
Some Information About the Atomic Calculations:
----------------------------------------------
  Time(sec) = "Elapsed User Time", in Seconds, for Atom A by AIMInt and, if used, by TWOe
  NProc = Number of Processors Used for AIMInt Job
  BIM = Basin Integration Method
  OAQ = Angular Quadrature Outside of Beta Sphere
  ORQ = Multiple of Default for Radial Quadrature Outside of Beta Sphere
  IAQ = Multiple of Default for Angular Quadrature Inside of Beta Sphere
  IRQ = Multiple of Default for Radial Quadrature Inside of Beta Sphere
  MIR = Maximum Integration Radius
------------------------------------------------------------------------------------------------------
Atom A     Time(sec)   NProc      BIM          OAQ                     ORQ      IAQ      IRQ      MIR
------------------------------------------------------------------------------------------------------
C1             92        2     Proaim(5)    4500(GS4)                  1.00     1.00     1.00    13.00
C2             85        2     Proaim(5)    4500(GS4)                  1.00     1.00     1.00    13.00
H3             36        2     Proaim(5)    1800(GS4)                  1.00     1.00     1.00    13.00
F4             54        2     Proaim(5)    2700(GS4)                  1.00     1.00     1.00    13.00
F5             54        2     Proaim(5)    2700(GS4)                  1.00     1.00     1.00    13.00
C6             80        2     Proaim(5)    4500(GS4)                  1.00     1.00     1.00    13.00
C7             77        2     Proaim(5)    4500(GS4)                  1.00     1.00     1.00    13.00
C8             75        2     Proaim(5)    4500(GS4)                  1.00     1.00     1.00    13.00
H9             40        2     Proaim(5)    1800(GS4)                  1.00     1.00     1.00    13.00
C10            71        2     Proaim(5)    4500(GS4)                  1.00     1.00     1.00    13.00
H11            39        2     Proaim(5)    1800(GS4)                  1.00     1.00     1.00    13.00
C12            78        2     Proaim(5)    4500(GS4)                  1.00     1.00     1.00    13.00
H13            35        2     Proaim(5)    1800(GS4)                  1.00     1.00     1.00    13.00
H14            34        2     Proaim(5)    1800(GS4)                  1.00     1.00     1.00    13.00
H15            32        2     Proaim(5)    1800(GS4)                  1.00     1.00     1.00    13.00
------------------------------------------------------------------------------------------------------
Total         882
Note:  Total wall clock time is less than total of atomic times if more than one atom
       was calculated at a time
 
Electron Density Critical Point Analysis of Molecular Structure:               
---------------------------------------------------------------                
  NACP = Nuclear Attractor Critical Point                                      
  NNACP = Non-Nuclear Attractor Critical Point                                 
  BCP = Bond Critical Point                                                    
  RCP = Ring Critical Point                                                    
  CCP = Cage Critical Point                                                    
  Rho = Electron Density                                                       
  GradRho = Gradient of Electron Density                                       
  HessRho_EigVals = Eigenvalues of the Hessian of Rho, Ascending Order         
  HessRho_EigVecs = Eigenvectors of the Hessian of Rho                         
  DelSqRho = Laplacian of Rho = Trace of Hessian of Rho                        
  Bond Ellipticity = (HessRho_EigVal(1) / HessRho_EigVal(2)) - 1               
  V = Virial Field = Potential Energy Density = Trace of Stress Tensor         
  G = Lagrangian Form of Kinetic Energy Density                                
  K = Hamiltonian Form of Kinetic Energy Density                               
  L = K - G = Lagrangian Density = (-1/4)DelSqRho                              
  Vnuc = Electrostatic Potential from Nuclei                                   
  Ven = Electron-nuclear attractive contribution to Virial Field V             
  Vrep = V - Ven = Repulsive contribution to Virial Field V                    
  DelSqV = Laplacian of V                                                      
  DelSqVen = Laplacian of Ven                                                  
  DelSqVrep = Laplacian of Vrep                                                
  DelSqG = Laplacian of G                                                      
  DelSqK = Laplacian of K                                                      
  Stress_EigVals = Eigenvalues of Stress Tensor, Ascending Order               
  Stress_EigVecs = Eigenvectors of Stress Tensor                               
  -DivStress = Ehrenfest Force Density = Minus Divergence of Stress Tensor     
  ESP = Total Electrostatic Potential                                          
  ESPe = Electrostatic Potential from Electrons                                
  ESPn = Electrostatic Potential from Nuclei                                   
  BP = Bond Path                                                               
  BPL = Bond Path Length                                                       
  GBL = Geometric Bond Length                                                  
  GBL_I = Distance Between Nuclear Attractors                                  
  GBL_II = Distance Between Nuclei                                             
  GBL_III = Sum of Distances Between BCP and Nuclear Attractors                
  GBL_IV = Sum of Distances Between BCP and Nuclei                             

CP# 1      Coords =  3.08039639093687E-06 -5.03258000908023E-06  2.40093754278392E-12
           Type = (3,-3) NACP C1
           Rho =  1.2201185716E+02     Rho at Nucleus =  1.2201185155E+02
           GradRho =  1.9151347175E-15 -3.8857805862E-16 -9.8963941425E-17
           HessRho_EigVals = -3.2263291078E+05 -3.2263039792E+05 -3.2262663113E+05
           HessRho_EigVec1 =  2.6118369507E-07 -4.6015075142E-07  1.0000000000E+00
           HessRho_EigVec2 = -6.1140418000E-01  7.9131847487E-01  5.2381459374E-07
           HessRho_EigVec3 =  7.9131847487E-01  6.1140418000E-01  7.4658609608E-08
           DelSqRho = -9.6788993984E+05
           Bond Ellipticity = NA
           V = -2.4198894194E+05
           G =  8.2284890223E+00
           K =  2.4198071345E+05
           L =  2.4197248496E+05
           Vnuc =  1.0168810631E+06
           Ven = -1.2407154702E+08
           Vrep =  1.2382955808E+08
           DelSqV =  2.3740289046E+10
           DelSqVen =  9.8422894694E+11
           DelSqVrep = -9.6048865841E+11
           DelSqG =  6.3997474746E+08
           DelSqK = -2.4380263793E+10
           Stress_EigVals = -8.0663899618E+04 -8.0662814087E+04 -8.0662228232E+04
           Stress_EigVec1 =  8.0660630332E-01  5.9108905542E-01  5.4097053857E-08
           Stress_EigVec2 = -5.9108905542E-01  8.0660630332E-01  9.4906882287E-07
           Stress_EigVec3 =  5.1734916941E-07 -7.9750107128E-07  1.0000000000E+00
           -DivStress = -2.4074203388E+04  3.9336531372E+04 -1.8774428018E-02
           ESP =  -1.4600797306E+01     ESP at Nucleus =  -1.4600797452E+01
           ESPe = -2.9812516787E+01     ESPe at Nucleus = -2.9812513283E+01
           ESPn =  1.5211719482E+01     ESPn at Nucleus =  1.5211715831E+01

CP# 2      Coords = -2.83018403331893E+00  8.21718391391427E-08  1.40756444193341E-12
           Type = (3,-3) NACP C2
           Rho =  1.2205634291E+02     Rho at Nucleus =  1.2205634270E+02
           GradRho =  4.0363212772E-09  2.8680440835E-10  4.9217272917E-15
           HessRho_EigVals = -3.2274084164E+05 -3.2273928389E+05 -3.2273831381E+05
           HessRho_EigVec1 = -4.3658195666E-07  2.6694602926E-07  1.0000000000E+00
           HessRho_EigVec2 =  9.9951657231E-01  3.1090540101E-02  4.2807140463E-07
           HessRho_EigVec3 = -3.1090540101E-02  9.9951657231E-01 -2.8039054898E-07
           DelSqRho = -9.6821843933E+05
           Bond Ellipticity = NA
           V = -2.4207280133E+05
           G =  9.0957471466E+00
           K =  2.4206370558E+05
           L =  2.4205460983E+05
           Vnuc =  5.2263161877E+06
           Ven = -6.3790504078E+08
           Vrep =  6.3766296798E+08
           DelSqV =  2.3748411506E+10
           DelSqVen =  5.0602164224E+12
           DelSqVrep = -5.0364680109E+12
           DelSqG =  6.4018113268E+08
           DelSqK = -2.4388592639E+10
           Stress_EigVals = -8.0691355307E+04 -8.0691046787E+04 -8.0690399234E+04
           Stress_EigVec1 = -4.2641539477E-02  9.9909043590E-01 -1.4518140591E-07
           Stress_EigVec2 =  9.9909043590E-01  4.2641539477E-02  2.0376770900E-07
           Stress_EigVec3 = -2.0977312786E-07  1.3636038531E-07  1.0000000000E+00
           -DivStress = -8.9521769807E+03 -6.4213556189E+02 -1.1006274280E-02
           ESP =  -1.4746870068E+01     ESP at Nucleus =  -1.4746870073E+01
           ESPe = -3.0410444413E+01     ESPe at Nucleus = -3.0410444543E+01
           ESPn =  1.5663574345E+01     ESPn at Nucleus =  1.5663574470E+01

CP# 3      Coords =  7.99316435157958E-01  1.86619552632427E+00 -6.57452386204307E-10
           Type = (3,-3) NACP H3
           Rho =  4.5944326729E-01     Rho at Nucleus =  4.5516324205E-01
           GradRho = -3.5793301645E-14 -8.3900632752E-14 -2.6377135373E-18
           HessRho_EigVals = -9.4508317828E+00 -9.4455561963E+00 -8.5681874123E+00
           HessRho_EigVec1 = -1.5604666406E-06  6.5560990168E-07  1.0000000000E+00
           HessRho_EigVec2 =  9.1964800759E-01 -3.9274360866E-01  1.6925666356E-06
           HessRho_EigVec3 =  3.9274360866E-01  9.1964800759E-01  9.9329597762E-09
           DelSqRho = -2.7464575391E+01
           Bond Ellipticity = NA
           V = -6.8785700572E+00
           G =  6.2131046971E-03
           K =  6.8723569525E+00
           L =  6.8661438478E+00
           Vnuc =  4.6401209615E+01
           Ven = -2.1318723351E+01
           Vrep =  1.4440153294E+01
           DelSqV =  1.7788996580E+03
           DelSqVen =  1.2743895197E+03
           DelSqVrep =  5.0451013825E+02
           DelSqG =  1.3735079426E+02
           DelSqK = -1.9162504522E+03
           Stress_EigVals = -2.3663202950E+00 -2.3659815825E+00 -2.1462681797E+00
           Stress_EigVec1 = -4.5692260211E-06  1.9368047995E-06  9.9999999999E-01
           Stress_EigVec2 =  9.2002560858E-01 -3.9185823907E-01  4.9627578690E-06
           Stress_EigVec3 =  3.9185823908E-01  9.2002560859E-01  8.5788481830E-09
           -DivStress =  7.1091002338E+00  1.6427894271E+01  3.7528707946E-07
           ESP =  -1.0836069259E+00     ESP at Nucleus =  -1.0848369114E+00
           ESPe = -1.5263218613E+01     ESPe at Nucleus = -1.5169973645E+01
           ESPn =  1.4179611687E+01     ESPn at Nucleus =  1.4085136733E+01

CP# 4      Coords =  9.32701941164197E-01 -1.25361354258709E+00  2.07390973682652E+00
           Type = (3,-3) NACP F4
           Rho =  4.3514638986E+02     Rho at Nucleus =  4.3514636889E+02
           GradRho = -1.3914025487E-10  2.0897006348E-10 -5.1863491279E-10
           HessRho_EigVals = -2.7950932728E+06 -2.7950284773E+06 -2.7950237857E+06
           HessRho_EigVec1 =  3.6584433631E-01 -4.9127972812E-01  7.9044427402E-01
           HessRho_EigVec2 = -3.4444970464E-01  7.1753657928E-01  6.0538884890E-01
           HessRho_EigVec3 =  8.6458794958E-01  4.9374637836E-01 -9.3285536377E-02
           DelSqRho = -8.3851455358E+06
           Bond Ellipticity = NA
           V = -2.0966512579E+06
           G =  1.8243697035E+02
           K =  2.0964688209E+06
           L =  2.0962863839E+06
           Vnuc =  2.3232493887E+06
           Ven = -1.0109535842E+09
           Vrep =  1.0088569330E+09
           DelSqV =  5.3588311768E+11
           DelSqVen =  1.9480784191E+13
           DelSqVrep = -1.8944901074E+13
           DelSqG =  1.3470226324E+10
           DelSqK = -5.4935334400E+11
           Stress_EigVals = -6.9889017792E+05 -6.9888901014E+05 -6.9887206982E+05
           Stress_EigVec1 =  8.6409263524E-01  4.9472160331E-01 -9.2706272392E-02
           Stress_EigVec2 = -3.4534951470E-01  7.1672427294E-01  6.0583828641E-01
           Stress_EigVec3 =  3.6616612408E-01 -4.9148433525E-01  7.9016803136E-01
           -DivStress =  2.5235515668E+05 -3.3114681793E+05  5.4277389136E+05
           ESP =  -2.6586822209E+01     ESP at Nucleus =  -2.6586822338E+01
           ESPe = -3.7361517045E+01     ESPe at Nucleus = -3.7361509378E+01
           ESPn =  1.0774694836E+01     ESPn at Nucleus =  1.0774687040E+01

CP# 5      Coords =  9.32703241669570E-01 -1.25361419359495E+00 -2.07390729775755E+00
           Type = (3,-3) NACP F5
           Rho =  4.3514638913E+02     Rho at Nucleus =  4.3514636815E+02
           GradRho =  6.9775518696E-11  2.6686863830E-10  3.9585223988E-11
           HessRho_EigVals = -2.7950932678E+06 -2.7950284723E+06 -2.7950237806E+06
           HessRho_EigVec1 = -3.6584507492E-01  4.9128009237E-01  7.9044370578E-01
           HessRho_EigVec2 = -3.4445031228E-01  7.1753563024E-01 -6.0538962801E-01
           HessRho_EigVec3 =  8.6458739496E-01  4.9374739511E-01  9.3285295174E-02
           DelSqRho = -8.3851455206E+06
           Bond Ellipticity = NA
           V = -2.0966512541E+06
           G =  1.8243697709E+02
           K =  2.0964688171E+06
           L =  2.0962863802E+06
           Vnuc =  2.3232475582E+06
           Ven = -1.0109527860E+09
           Vrep =  1.0088561347E+09
           DelSqV =  5.3588311672E+11
           DelSqVen =  1.9480768840E+13
           DelSqVrep = -1.8944885715E+13
           DelSqG =  1.3470226298E+10
           DelSqK = -5.4935334301E+11
           Stress_EigVals = -6.9889017667E+05 -6.9888900888E+05 -6.9887206857E+05
           Stress_EigVec1 =  8.6409208535E-01  4.9472260707E-01  9.2706041242E-02
           Stress_EigVec2 = -3.4535010424E-01  7.1672332802E-01 -6.0583906821E-01
           Stress_EigVec3 = -3.6616686570E-01  4.9148470283E-01  7.9016745905E-01
           -DivStress =  2.5235590256E+05 -3.3114737223E+05 -5.4277388427E+05
           ESP =  -2.6586822023E+01     ESP at Nucleus =  -2.6586822153E+01
           ESPe = -3.7361517725E+01     ESPe at Nucleus = -3.7361510059E+01
           ESPn =  1.0774695702E+01     ESPn at Nucleus =  1.0774687906E+01

CP# 6      Coords = -4.16171988198485E+00 -2.27531586309625E+00  1.43615169311917E-08
           Type = (3,-3) NACP C6
           Rho =  1.2207284210E+02     Rho at Nucleus =  1.2207284207E+02
           GradRho =  4.2312570114E-11  2.8242297390E-11 -1.4008103827E-16
           HessRho_EigVals = -3.2279040167E+05 -3.2278745132E+05 -3.2278727908E+05
           HessRho_EigVec1 = -3.5861368349E-07  7.9612213932E-08  1.0000000000E+00
           HessRho_EigVec2 =  2.5931732303E-01  9.6579217536E-01  1.6105887124E-08
           HessRho_EigVec3 =  9.6579217536E-01 -2.5931732303E-01  3.6699111568E-07
           DelSqRho = -9.6836513207E+05
           Bond Ellipticity = NA
           V = -2.4210938570E+05
           G =  9.0513394657E+00
           K =  2.4210033436E+05
           L =  2.4209128302E+05
           Vnuc =  1.6448747475E+07
           Ven = -2.0079453532E+09
           Vrep =  2.0077032438E+09
           DelSqV =  2.3752011243E+10
           DelSqVen =  1.5928414700E+13
           DelSqVrep = -1.5904662688E+13
           DelSqG =  6.4028897738E+08
           DelSqK = -2.4392300220E+10
           Stress_EigVals = -8.0703518286E+04 -8.0703422289E+04 -8.0702445121E+04
           Stress_EigVec1 =  9.7885677371E-01  2.0454685664E-01  3.5557255240E-07
           Stress_EigVec2 = -2.0454685664E-01  9.7885677371E-01 -1.7992779627E-07
           Stress_EigVec3 = -3.8485826661E-07  1.0339229426E-07  1.0000000000E+00
           -DivStress = -2.8011617571E+03 -5.3397100797E+02  3.1418376730E-03
           ESP =  -1.4754564067E+01     ESP at Nucleus =  -1.4754564068E+01
           ESPe = -2.8916475142E+01     ESPe at Nucleus = -2.8916475037E+01
           ESPn =  1.4161911075E+01     ESPn at Nucleus =  1.4161910970E+01

CP# 7      Coords = -4.13516104478679E+00  2.28077452378623E+00  4.22164250200170E-07
           Type = (3,-3) NACP C7
           Rho =  1.2207511074E+02     Rho at Nucleus =  1.2207511071E+02
           GradRho =  2.4268875798E-10  2.4864887926E-11 -2.2386530225E-16
           HessRho_EigVals = -3.2279550921E+05 -3.2279275783E+05 -3.2279245263E+05
           HessRho_EigVec1 = -2.5984022341E-07  5.0806589338E-08  1.0000000000E+00
           HessRho_EigVec2 =  2.5934783551E-01  9.6578398217E-01  1.8320809348E-08
           HessRho_EigVec3 =  9.6578398217E-01 -2.5934783551E-01  2.6412610466E-07
           DelSqRho = -9.6838071967E+05
           Bond Ellipticity = NA
           V = -2.4211327021E+05
           G =  9.0451475500E+00
           K =  2.4210422506E+05
           L =  2.4209517992E+05
           Vnuc =  1.5494701033E+07
           Ven = -1.8915173444E+09
           Vrep =  1.8912752311E+09
           DelSqV =  2.3752390448E+10
           DelSqVen =  1.5004761850E+13
           DelSqVrep = -1.4981009459E+13
           DelSqG =  6.4029768912E+08
           DelSqK = -2.4392688137E+10
           Stress_EigVals = -8.0704833820E+04 -8.0704674912E+04 -8.0703761481E+04
           Stress_EigVec1 =  9.2701804738E-01 -3.7501671941E-01  2.3245018414E-07
           Stress_EigVec2 =  3.7501671941E-01  9.2701804738E-01 -8.3839917629E-09
           Stress_EigVec3 = -2.1234137872E-07  9.4944817154E-08  1.0000000000E+00
           -DivStress = -2.5278541916E+03 -1.6654930588E+03  4.4269402404E-03
           ESP =  -1.4751271796E+01     ESP at Nucleus =  -1.4751271797E+01
           ESPe = -2.8514336780E+01     ESPe at Nucleus = -2.8514337162E+01
           ESPn =  1.3763064985E+01     ESPn at Nucleus =  1.3763065365E+01

CP# 8      Coords = -6.78248598819548E+00 -2.25458119521745E+00 -1.33698117744789E-06
           Type = (3,-3) NACP C8
           Rho =  1.2207034997E+02     Rho at Nucleus =  1.2207034996E+02
           GradRho = -1.1010770073E-10 -6.9739491959E-12  6.9823043425E-18
           HessRho_EigVals = -3.2278126043E+05 -3.2277838093E+05 -3.2277819487E+05
           HessRho_EigVec1 = -3.5422046441E-07 -7.5084806594E-08  1.0000000000E+00
           HessRho_EigVec2 =  4.7979238576E-01  8.7738205280E-01  2.3583034345E-07
           HessRho_EigVec3 =  8.7738205280E-01 -4.7979238576E-01  2.7476155972E-07
           DelSqRho = -9.6833783623E+05
           Bond Ellipticity = NA
           V = -2.4210255089E+05
           G =  9.0459172395E+00
           K =  2.4209350498E+05
           L =  2.4208445906E+05
           Vnuc =  2.3627643877E+07
           Ven = -2.8842347570E+09
           Vrep =  2.8839926545E+09
           DelSqV =  2.3751337087E+10
           DelSqVen =  2.2879550833E+13
           DelSqVrep = -2.2855799496E+13
           DelSqG =  6.4026587477E+08
           DelSqK = -2.4391602962E+10
           Stress_EigVals = -8.0701249315E+04 -8.0701124391E+04 -8.0700177186E+04
           Stress_EigVec1 =  8.7505341923E-01 -4.8402635620E-01  3.1803639157E-07
           Stress_EigVec2 =  4.8402635620E-01  8.7505341923E-01  2.4881073592E-07
           Stress_EigVec3 = -3.9872978577E-07 -6.3784689457E-08  1.0000000000E+00
           -DivStress =  1.0422059099E+03  1.6898683717E+03 -4.3558197364E-04
           ESP =  -1.4756408220E+01     ESP at Nucleus =  -1.4756408221E+01
           ESPe = -2.7569243757E+01     ESPe at Nucleus = -2.7569244181E+01
           ESPn =  1.2812835537E+01     ESPn at Nucleus =  1.2812835960E+01

CP# 9      Coords = -3.15773759937625E+00 -4.01982661111233E+00  6.56474561373379E-07
           Type = (3,-3) NACP H9
           Rho =  4.4536861864E-01     Rho at Nucleus =  4.4120684856E-01
           GradRho = -1.7777446182E-14  3.2163507968E-14  3.9700037191E-19
           HessRho_EigVals = -9.1396047437E+00 -9.1303954873E+00 -8.3000087683E+00
           HessRho_EigVec1 =  8.6715603682E-01  4.9803655269E-01  6.1091858215E-07
           HessRho_EigVec2 = -7.0045297235E-07 -7.0608445428E-09  1.0000000000E+00
           HessRho_EigVec3 = -4.9803655269E-01  8.6715603682E-01 -3.4272832970E-07
           DelSqRho = -2.6570008999E+01
           Bond Ellipticity = NA
           V = -6.6582572119E+00
           G =  7.8774810231E-03
           K =  6.6503797308E+00
           L =  6.6425022498E+00
           Vnuc =  4.6069372874E+01
           Ven = -2.0517852958E+01
           Vrep =  1.3859595746E+01
           DelSqV =  1.7214142076E+03
           DelSqVen =  1.2240636519E+03
           DelSqVrep =  4.9735055570E+02
           DelSqG =  1.3267085128E+02
           DelSqK = -1.8540850588E+03
           Stress_EigVals = -2.2905577691E+00 -2.2900354119E+00 -2.0776640308E+00
           Stress_EigVec1 =  8.6716177194E-01  4.9802656684E-01  1.8248270534E-06
           Stress_EigVec2 = -1.7556745725E-06 -6.0714267126E-07  1.0000000000E+00
           Stress_EigVec3 = -4.9802656684E-01  8.6716177194E-01 -3.4788166522E-07
           -DivStress =  8.6533236347E+00 -1.5052855223E+01  6.1371936418E-06
           ESP =  -1.0959801599E+00     ESP at Nucleus =  -1.0971987237E+00
           ESPe = -1.5003777067E+01     ESPe at Nucleus = -1.4922535973E+01
           ESPn =  1.3907796907E+01     ESPn at Nucleus =  1.3825337250E+01

CP# 10     Coords = -6.76421671442573E+00  2.29905201646138E+00 -8.56990099284105E-07
           Type = (3,-3) NACP C10
           Rho =  1.2206691902E+02     Rho at Nucleus =  1.2206691901E+02
           GradRho =  5.8575866380E-11  1.3627909912E-10  1.8588010973E-16
           HessRho_EigVals = -3.2277113101E+05 -3.2276833687E+05 -3.2276812830E+05
           HessRho_EigVec1 = -1.3503970543E-07  8.0825448743E-08  1.0000000000E+00
           HessRho_EigVec2 = -6.7150094313E-01  7.4100369997E-01 -1.5057124613E-07
           HessRho_EigVec3 =  7.4100369997E-01  6.7150094313E-01  4.5790556308E-08
           DelSqRho = -9.6830759618E+05
           Bond Ellipticity = NA
           V = -2.4209500330E+05
           G =  9.0521274630E+00
           K =  2.4208595117E+05
           L =  2.4207689904E+05
           Vnuc =  1.9810623483E+07
           Ven = -2.4182217725E+09
           Vrep =  2.4179796775E+09
           DelSqV =  2.3750595153E+10
           DelSqVen =  1.9182800339E+13
           DelSqVrep = -1.9159049744E+13
           DelSqG =  6.4024384208E+08
           DelSqK = -2.4390838996E+10
           Stress_EigVals = -8.0698728445E+04 -8.0698600843E+04 -8.0697674012E+04
           Stress_EigVec1 =  8.1773499791E-01  5.7559488636E-01  1.9349453672E-07
           Stress_EigVec2 = -5.7559488636E-01  8.1773499791E-01 -2.0394298879E-07
           Stress_EigVec3 = -2.7561579603E-07  5.5396853633E-08  1.0000000000E+00
           -DivStress =  9.8809973165E+01 -2.3657860873E+03 -5.4608915734E-03
           ESP =  -1.4755571088E+01     ESP at Nucleus =  -1.4755571089E+01
           ESPe = -2.7407696517E+01     ESPe at Nucleus = -2.7407696941E+01
           ESPn =  1.2652125429E+01     ESPn at Nucleus =  1.2652125852E+01

CP# 11     Coords = -3.11584581886092E+00  4.02018742279328E+00 -7.74294686571771E-07
           Type = (3,-3) NACP H11
           Rho =  4.4665223666E-01     Rho at Nucleus =  4.4262442246E-01
           GradRho = -1.0522832605E-14 -1.3898604490E-14  3.2663708028E-20
           HessRho_EigVals = -9.1715711463E+00 -9.1622820347E+00 -8.3502973977E+00
           HessRho_EigVec1 =  8.6518055142E-01 -5.0146048044E-01  1.4356280033E-07
           HessRho_EigVec2 =  2.1027894321E-07  6.4908814367E-07  1.0000000000E+00
           HessRho_EigVec3 =  5.0146048044E-01  8.6518055142E-01 -6.6702501795E-07
           DelSqRho = -2.6684150579E+01
           Bond Ellipticity = NA
           V = -6.6873272277E+00
           G =  8.1447915313E-03
           K =  6.6791824362E+00
           L =  6.6710376447E+00
           Vnuc =  4.5985748012E+01
           Ven = -2.0539637204E+01
           Vrep =  1.3852309976E+01
           DelSqV =  1.7309686187E+03
           DelSqVen =  1.2270906244E+03
           DelSqVrep =  5.0387799424E+02
           DelSqG =  1.3342249499E+02
           DelSqK = -1.8643911137E+03
           Stress_EigVals = -2.2985925132E+00 -2.2983235349E+00 -2.0904111796E+00
           Stress_EigVec1 =  8.6529727375E-01 -5.0125904285E-01  1.3529089412E-06
           Stress_EigVec2 = -8.3444245320E-07  1.2585671427E-06  1.0000000000E+00
           Stress_EigVec3 =  5.0125904285E-01  8.6529727375E-01 -6.7076289199E-07
           -DivStress =  8.5297089490E+00  1.4839107047E+01 -1.1532539195E-05
           ESP =  -1.0893169278E+00     ESP at Nucleus =  -1.0904938986E+00
           ESPe = -1.4306908022E+01     ESPe at Nucleus = -1.4224702637E+01
           ESPn =  1.3217591095E+01     ESPn at Nucleus =  1.3134208739E+01

CP# 12     Coords = -8.08682940942631E+00  3.21794607824058E-02 -1.80997928424356E-06
           Type = (3,-3) NACP C12
           Rho =  1.2207697532E+02     Rho at Nucleus =  1.2207697531E+02
           GradRho = -1.0009237883E-10 -4.2724304997E-12  1.3625837858E-16
           HessRho_EigVals = -3.2279911568E+05 -3.2279612230E+05 -3.2279590329E+05
           HessRho_EigVec1 = -4.0410767634E-07 -8.3369952032E-09  1.0000000000E+00
           HessRho_EigVec2 =  9.9841085601E-01 -5.6353905019E-02  4.0299566882E-07
           HessRho_EigVec3 =  5.6353905019E-02  9.9841085601E-01  3.1096792127E-08
           DelSqRho = -9.6839114127E+05
           Bond Ellipticity = NA
           V = -2.4211585405E+05
           G =  9.0343648528E+00
           K =  2.4210681968E+05
           L =  2.4209778532E+05
           Vnuc =  1.8583621901E+07
           Ven = -2.2686323523E+09
           Vrep =  2.2683902364E+09
           DelSqV =  2.3752641452E+10
           DelSqVen =  1.7996223349E+13
           DelSqVrep = -1.7972470707E+13
           DelSqG =  6.4030171772E+08
           DelSqK = -2.4392943170E+10
           Stress_EigVals = -8.0705698336E+04 -8.0705564319E+04 -8.0704591393E+04
           Stress_EigVec1 =  3.2743534917E-02  9.9946378670E-01  5.7816462158E-08
           Stress_EigVec2 =  9.9946378670E-01 -3.2743534917E-02  3.6784721864E-07
           Stress_EigVec3 = -3.6954308941E-07 -4.5740841955E-08  1.0000000000E+00
           -DivStress =  2.5200494431E+03  1.4621680699E+02 -3.1110691009E-03
           ESP =  -1.4755310353E+01     ESP at Nucleus =  -1.4755310354E+01
           ESPe = -2.7171742581E+01     ESPe at Nucleus = -2.7171743129E+01
           ESPn =  1.2416432228E+01     ESPn at Nucleus =  1.2416432775E+01

CP# 13     Coords = -7.79776944587626E+00 -3.99343487470294E+00 -1.88439710469434E-06
           Type = (3,-3) NACP H13
           Rho =  4.4732013956E-01     Rho at Nucleus =  4.4323991937E-01
           GradRho =  6.7133798520E-15  1.9232879178E-14  5.6380630552E-21
           HessRho_EigVals = -9.1863980666E+00 -9.1749350626E+00 -8.3552850098E+00
           HessRho_EigVec1 =  8.6386581716E-01 -5.0372199669E-01  4.8058298469E-07
           HessRho_EigVec2 = -5.5683726517E-07 -8.9274323537E-10  1.0000000000E+00
           HessRho_EigVec3 =  5.0372199669E-01  8.6386581716E-01  2.8126238941E-07
           DelSqRho = -2.6716618139E+01
           Bond Ellipticity = NA
           V = -6.6950596084E+00
           G =  7.9525368113E-03
           K =  6.6871070716E+00
           L =  6.6791545348E+00
           Vnuc =  4.4600226230E+01
           Ven = -1.9950579422E+01
           Vrep =  1.3255519813E+01
           DelSqV =  1.7323561031E+03
           DelSqVen =  1.1915672131E+03
           DelSqVrep =  5.4078889004E+02
           DelSqG =  1.3354513185E+02
           DelSqK = -1.8659012350E+03
           Stress_EigVals = -2.3022265446E+00 -2.3013473858E+00 -2.0914856780E+00
           Stress_EigVec1 =  8.6384986118E-01 -5.0374935964E-01  1.5874463464E-07
           Stress_EigVec2 = -2.8009175392E-07 -1.6518648909E-07  1.0000000000E+00
           Stress_EigVec3 =  5.0374935964E-01  8.6384986118E-01  2.8379236735E-07
           -DivStress = -8.6781718301E+00 -1.4893628367E+01 -4.9048745217E-06
           ESP =  -1.0974032354E+00     ESP at Nucleus =  -1.0985964011E+00
           ESPe = -1.3123791178E+01     ESPe at Nucleus = -1.3040743034E+01
           ESPn =  1.2026387942E+01     ESPn at Nucleus =  1.1942146633E+01

CP# 14     Coords = -7.75667357825901E+00  4.05086135858527E+00 -1.73285910224563E-06
           Type = (3,-3) NACP H14
           Rho =  4.4725864953E-01     Rho at Nucleus =  4.4318476912E-01
           GradRho =  7.9857995217E-15 -2.1664744651E-14  1.2010662494E-20
           HessRho_EigVals = -9.1851391876E+00 -9.1737043043E+00 -8.3551756492E+00
           HessRho_EigVec1 =  8.6967353410E-01  4.9362733321E-01  6.1643553656E-07
           HessRho_EigVec2 = -7.6545591909E-07  9.9794347842E-08  1.0000000000E+00
           HessRho_EigVec3 = -4.9362733321E-01  8.6967353410E-01 -4.6463846720E-07
           DelSqRho = -2.6714019141E+01
           Bond Ellipticity = NA
           V = -6.6945014655E+00
           G =  7.9983400888E-03
           K =  6.6865031254E+00
           L =  6.6785047853E+00
           Vnuc =  4.4452209127E+01
           Ven = -1.9881635023E+01
           Vrep =  1.3187133557E+01
           DelSqV =  1.7322890960E+03
           DelSqVen =  1.1874971655E+03
           DelSqVrep =  5.4479193048E+02
           DelSqG =  1.3353850413E+02
           DelSqK = -1.8658276001E+03
           Stress_EigVals = -2.3019103340E+00 -2.3011458498E+00 -2.0914452816E+00
           Stress_EigVec1 =  8.6964421502E-01  4.9367898404E-01  2.7500764578E-07
           Stress_EigVec2 = -4.7041438526E-07  2.7160464060E-07  1.0000000000E+00
           Stress_EigVec3 = -4.9367898404E-01  8.6964421502E-01 -4.6843310026E-07
           -DivStress = -8.5084029454E+00  1.4974965026E+01 -8.0834183777E-06
           ESP =  -1.0955935636E+00     ESP at Nucleus =  -1.0967847492E+00
           ESPe = -1.2949745315E+01     ESPe at Nucleus = -1.2866896867E+01
           ESPn =  1.1854151752E+01     ESPn at Nucleus =  1.1770112118E+01

CP# 15     Coords = -1.01007112199544E+01  4.14354441775441E-02 -2.03279398794767E-06
           Type = (3,-3) NACP H15
           Rho =  4.4740056597E-01     Rho at Nucleus =  4.4332564435E-01
           GradRho =  2.5780758171E-11 -1.1989020887E-13  1.4523968067E-18
           HessRho_EigVals = -9.1873021740E+00 -9.1759927125E+00 -8.3568971999E+00
           HessRho_EigVec1 =  4.7023936083E-03  9.9998894369E-01  1.8809992545E-07
           HessRho_EigVec2 = -6.3733677251E-08 -1.8780230101E-07  1.0000000000E+00
           HessRho_EigVec3 =  9.9998894369E-01 -4.7023936084E-03  6.2849852251E-08
           DelSqRho = -2.6720192086E+01
           Bond Ellipticity = NA
           V = -6.6959315152E+00
           G =  7.9417468001E-03
           K =  6.6879897684E+00
           L =  6.6800480216E+00
           Vnuc =  4.4215112180E+01
           Ven = -1.9781866214E+01
           Vrep =  1.3085934699E+01
           DelSqV =  1.7326389042E+03
           DelSqVen =  1.1814362906E+03
           DelSqVrep =  5.5120261355E+02
           DelSqG =  1.3355576185E+02
           DelSqK = -1.8661946660E+03
           Stress_EigVals = -2.3024868762E+00 -2.3015436599E+00 -2.0919009791E+00
           Stress_EigVec1 =  4.6712920765E-03  9.9998908946E-01  2.4064006391E-07
           Stress_EigVec2 = -5.9179877507E-08 -2.4036623995E-07  1.0000000000E+00
           Stress_EigVec3 =  9.9998908946E-01 -4.6712920765E-03  5.8056410910E-08
           -DivStress = -1.7226964489E+01  7.9896776031E-02 -9.3206420506E-07
           ESP =  -1.0962616544E+00     ESP at Nucleus =  -1.0974529600E+00
           ESPe = -1.2714080908E+01     ESPe at Nucleus = -1.2631602285E+01
           ESPn =  1.1617819254E+01     ESPn at Nucleus =  1.1534149325E+01

CP# 16     Coords = -1.47333209898564E+00 -1.51080809671248E-02 -2.36858402148847E-08
           Type = (3,-1) BCP C1 C2
           Rho =  2.7615893554E-01
           GradRho = -5.2041704279E-18 -3.1225022568E-17 -5.7097961579E-19
           HessRho_EigVals = -5.7909240689E-01 -5.6843066576E-01  3.6258331028E-01
           HessRho_EigVec1 =  7.7592703060E-03  9.9996989641E-01  1.4457126601E-06
           HessRho_EigVec2 =  4.9459021526E-09 -1.4457945603E-06  1.0000000000E+00
           HessRho_EigVec3 =  9.9996989641E-01 -7.7592703060E-03 -1.6164064064E-08
           DelSqRho = -7.8493976238E-01
           Bond Ellipticity =  1.8756449586E-02
           V = -3.1829201819E-01
           G =  6.1028538797E-02
           K =  2.5726347939E-01
           L =  1.9623494059E-01
           Vnuc =  2.1351594641E+01
           Ven = -5.8964336482E+00
           Vrep =  5.5781416300E+00
           DelSqV = -1.0754469807E+00
           DelSqVen =  1.6759715624E+01
           DelSqVrep = -1.7835162605E+01
           DelSqG =  1.2236616256E+00
           DelSqK = -1.4821464487E-01
           Stress_EigVals = -1.9689417505E-01 -1.9674304355E-01  7.5345200411E-02
           Stress_EigVec1 =  1.4367354796E-02  9.9989678412E-01 -1.4606019187E-05
           Stress_EigVec2 =  2.4788497835E-07  1.4603965095E-05  9.9999999989E-01
           Stress_EigVec3 =  9.9989678423E-01 -1.4367354798E-02 -3.8039044736E-08
           -DivStress = -6.6715671920E-02  4.1853245175E-03  5.4960792018E-09
           ESP =   7.2796435998E-01
           ESPe = -2.0623630281E+01
           ESPn =  2.1351594641E+01
           BPL =  2.8310029305E+00 =  1.4740576948E+00 +  1.3569452357E+00                
           GBL_I =  2.8301871137E+00                                                      
           GBL_II =  2.8301851784E+00                                                     
