AIMSum (Version 19.10.12, Professional)
Copyright (c) 1997-2019 by Todd A. Keith
AIMSum is a component of the AIMAll package ( http://aim.tkgristmill.com )

TP:  64-bit Mac OS X

Much of the Quantum Theory of Atoms in Molecules (QTAIM) is described in the book:
  "Atoms in Molecules - A Quantum Theory"
  R.F.W. Bader, Oxford University Press, Oxford, 1990

For additional references see:  http://aim.tkgristmill.com/references.html

Wfx File:  /Users/chemlab/Documents/SubstituentCoding/BCP Map Reference/BCPMapReference/SubH_GeFHCH3_reor_wb97xd_aug-cc-pvtz_reor.wfx
Sum File:  /Users/chemlab/Documents/SubstituentCoding/BCP Map Reference/BCPMapReference/SubH_GeFHCH3_reor_wb97xd_aug-cc-pvtz_reor.sum

SumViz File:  /Users/chemlab/Documents/SubstituentCoding/BCP Map Reference/BCPMapReference/SubH_GeFHCH3_reor_wb97xd_aug-cc-pvtz_reor.sumviz

Wfx Title:   single point on SubH_GeFHCH3_reor_wb97xd_aug-cc-pvtz reoriented by subproptool
 
Total memory allocated for AIMSum =        0.520 Megabytes

Atomic units (a.u.) used throughout, except where stated otherwise

Model:  Restricted SCF
 
Restricted, closed-shell, single-determinant wavefunction.
  Number of electrons (from MO Occs)                   =          52.0000000000
  Number of Alpha electrons (from MO Occs)             =          26.0000000000
  Number of Beta electrons (from MO Occs)              =          26.0000000000
  Number of electron pairs (N*(N-1)/2)                 =        1326.0000000000
  Number of electron pairs (from Muller 2EDM)          =        1326.0000000000
 
Nuclear Charges and Cartesian Coordinates:
-------------------------------------------------------------------------------
Atom      Charge                X                  Y                  Z
-------------------------------------------------------------------------------
Ge1       32.0           0.0000000000E+00   0.0000000000E+00   0.0000000000E+00
H2         1.0          -2.8970068407E+00   0.0000000000E+00   0.0000000000E+00
H3         1.0           1.0719150188E+00   2.6914008589E+00   0.0000000000E+00
C4         6.0           1.4585303072E+00  -2.1508465907E+00   2.5794289169E+00
H5         1.0           7.3468583298E-01  -4.0662049605E+00   2.3898648201E+00
H6         1.0           3.5057802220E+00  -2.1870726405E+00   2.3898648201E+00
H7         1.0           9.7832822222E-01  -1.4427072524E+00   4.4525443488E+00
F8         9.0           8.8006435347E-01  -1.2978007855E+00  -2.9138953231E+00
 
Some Atomic Properties:
----------------------
  q(A) = Net Charge of Atom A
  L(A) = Lagrangian of Atom A = -(1/4) Times Atomic Integral of the Laplacian of the Electron Density
  K(A) = Electronic Kinetic Energy of Atom A (Hamiltonian Form)
  K_Scaled(A) = K(A) * E(Mol)/K(Mol) = Approximation to Virial-Based Total Energy of Atom A.
  |Mu_Intra(A)| = Magnitude of Intraatomic Dipole Moment of Atom A
--------------------------------------------------------------------------------------------------
Atom A          q(A)              L(A)              K(A)          K_Scaled(A)      |Mu_Intra(A)|
--------------------------------------------------------------------------------------------------
Ge1       1.8842723280E+00 -1.0749894511E-04  2.0733651219E+03 -2.0772082125E+03  4.3334959687E-01
H2       -3.8200194460E-01  1.5400259892E-05  6.5981135359E-01 -6.6103434841E-01  6.3023535045E-02
H3       -3.8201331620E-01  1.1587252757E-05  6.5981341936E-01 -6.6103641801E-01  6.3049049345E-02
C4       -4.3695688350E-01  1.3906129753E-05  3.7883094218E+01 -3.7953312512E+01  5.9904859431E-01
H5        2.7572079170E-02  2.6944318736E-05  6.0533077016E-01 -6.0645278238E-01  1.3865900662E-01
H6        2.7570054680E-02  2.9039981624E-05  6.0533352658E-01 -6.0645554391E-01  1.3864077082E-01
H7        1.7492954790E-02  2.4064781286E-05  6.0749708762E-01 -6.0862311522E-01  1.4064952626E-01
F8       -7.5587087600E-01  2.1405815772E-05  9.9634159533E+01 -9.9818836654E+01  2.4421910204E-01
--------------------------------------------------------------------------------------------------
Total     6.4396340002E-05  3.4849594710E-05  2.2140201618E+03 -2.2181239639E+03
 
1st Largest |L(A)| = 1.0749894511E-04, atom Ge1     
2nd Largest |L(A)| = 2.9039981624E-05, atom H6      
 
Molecular charge q(Mol) from the wfx file:   0.0000000000E+00
Molecular energy E(Mol) from the wfx file:  -2.2181239421E+03
Molecular virial ratio (-V(Mol)/T(Mol)) from the wfx file:   2.0018535523E+00
Note.  K_Scaled(A) = (1+V(Mol)/T(Mol))*K(A) = (E(Mol)/T(Mol))*K(A)
       Only use K_Scaled(A) data with caution.
 
N_AIMInt(SumA)     =         51.999936
N_Analytic(Mol)    =         52.000000
 
G_AIMInt(SumA)     =       2214.020127
G_Analytic(Mol)    =       2214.020140
 
K_AIMInt(SumA)     =       2214.020162
K_Analytic(Mol)    =       2214.020140
 
L_AIMInt(SumA)     =          0.000035
L_Analytic(Mol)    =          0.000000
 
VenT_AIMInt(SumA)  =      -5725.554666
VenT_Analytic(Mol) =      -5725.555117
 
Some Information About the Atomic Calculations:
----------------------------------------------
  Time(sec) = "Elapsed User Time", in Seconds, for Atom A by AIMInt and, if used, by TWOe
  NProc = Number of Processors Used for AIMInt Job
  BIM = Basin Integration Method
  OAQ = Angular Quadrature Outside of Beta Sphere
  ORQ = Multiple of Default for Radial Quadrature Outside of Beta Sphere
  IAQ = Multiple of Default for Angular Quadrature Inside of Beta Sphere
  IRQ = Multiple of Default for Radial Quadrature Inside of Beta Sphere
  MIR = Maximum Integration Radius
------------------------------------------------------------------------------------------------------
Atom A     Time(sec)   NProc      BIM          OAQ                     ORQ      IAQ      IRQ      MIR
------------------------------------------------------------------------------------------------------
Ge1           108        2     Proaim(5)    4500(GS4)                  1.00     1.00     1.00    13.00
H2             32        2     Proaim(5)    1800(GS4)                  1.00     1.00     1.00    13.00
H3             34        2     Proaim(5)    1800(GS4)                  1.00     1.00     1.00    13.00
C4             77        2     Proaim(5)    4500(GS4)                  1.00     1.00     1.00    13.00
H5             33        2     Proaim(5)    1800(GS4)                  1.00     1.00     1.00    13.00
H6             32        2     Proaim(5)    1800(GS4)                  1.00     1.00     1.00    13.00
H7             33        2     Proaim(5)    1800(GS4)                  1.00     1.00     1.00    13.00
F8             37        2     Proaim(5)    2700(GS4)                  1.00     1.00     1.00    13.00
------------------------------------------------------------------------------------------------------
Total         386
Note:  Total wall clock time is less than total of atomic times if more than one atom
       was calculated at a time
 
Electron Density Critical Point Analysis of Molecular Structure:               
---------------------------------------------------------------                
  NACP = Nuclear Attractor Critical Point                                      
  NNACP = Non-Nuclear Attractor Critical Point                                 
  BCP = Bond Critical Point                                                    
  RCP = Ring Critical Point                                                    
  CCP = Cage Critical Point                                                    
  Rho = Electron Density                                                       
  GradRho = Gradient of Electron Density                                       
  HessRho_EigVals = Eigenvalues of the Hessian of Rho, Ascending Order         
  HessRho_EigVecs = Eigenvectors of the Hessian of Rho                         
  DelSqRho = Laplacian of Rho = Trace of Hessian of Rho                        
  Bond Ellipticity = (HessRho_EigVal(1) / HessRho_EigVal(2)) - 1               
  V = Virial Field = Potential Energy Density = Trace of Stress Tensor         
  G = Lagrangian Form of Kinetic Energy Density                                
  K = Hamiltonian Form of Kinetic Energy Density                               
  L = K - G = Lagrangian Density = (-1/4)DelSqRho                              
  Vnuc = Electrostatic Potential from Nuclei                                   
  Ven = Electron-nuclear attractive contribution to Virial Field V             
  Vrep = V - Ven = Repulsive contribution to Virial Field V                    
  DelSqV = Laplacian of V                                                      
  DelSqVen = Laplacian of Ven                                                  
  DelSqVrep = Laplacian of Vrep                                                
  DelSqG = Laplacian of G                                                      
  DelSqK = Laplacian of K                                                      
  Stress_EigVals = Eigenvalues of Stress Tensor, Ascending Order               
  Stress_EigVecs = Eigenvectors of Stress Tensor                               
  -DivStress = Ehrenfest Force Density = Minus Divergence of Stress Tensor     
  ESP = Total Electrostatic Potential                                          
  ESPe = Electrostatic Potential from Electrons                                
  ESPn = Electrostatic Potential from Nuclei                                   
  BP = Bond Path                                                               
  BPL = Bond Path Length                                                       
  GBL = Geometric Bond Length                                                  
  GBL_I = Distance Between Nuclear Attractors                                  
  GBL_II = Distance Between Nuclei                                             
  GBL_III = Sum of Distances Between BCP and Nuclear Attractors                
  GBL_IV = Sum of Distances Between BCP and Nuclei                             

CP# 1      Coords =  1.43255766624110E-09 -2.11293502604144E-09 -4.49356520080870E-09
           Type = (3,-3) NACP Ge1
           Rho =  2.2320672221E+04     Rho at Nucleus =  2.2320672221E+04
           GradRho =  1.4370726831E-09 -2.1195809552E-09 -4.5066563814E-09
           HessRho_EigVals = -7.4677572700E+09 -7.4677561016E+09 -7.4677560434E+09
           HessRho_EigVec1 = -2.7531235774E-01  4.0601430134E-01  8.7141006007E-01
           HessRho_EigVec2 =  8.2770276602E-01  5.6116675731E-01  4.0246396451E-05
           HessRho_EigVec3 = -4.8899001708E-01  7.2127959738E-01 -4.9055530330E-01
           DelSqRho = -2.2403269415E+10
           Bond Ellipticity = NA
           V = -5.6020555269E+09
           G =  6.1908658568E+05
           K =  5.6014364403E+09
           L =  5.6008173538E+09
           Vnuc =  3.2000000057E+09
           Ven = -7.1426151234E+13
           Vrep =  7.1420549179E+13
           DelSqV =  2.9257722491E+17
           DelSqVen =  1.5704715528E+30
           DelSqVrep = -1.5704715528E+30
           DelSqG =  1.8742494571E+15
           DelSqK = -2.9445147437E+17
           Stress_EigVals = -1.8673519281E+09 -1.8673519223E+09 -1.8673516766E+09
           Stress_EigVec1 = -4.8952279432E-01  7.2222815807E-01 -4.8862451999E-01
           Stress_EigVec2 = -8.2774624080E-01 -5.6110262246E-01 -8.8945027470E-05
           Stress_EigVec3 = -2.7423273817E-01  4.0441356896E-01  8.7249416649E-01
           -DivStress = -1.3926160568E+08  2.0540244881E+08  4.3689014330E+08
           ESP =  -1.5523679248E+02     ESP at Nucleus =  -1.5523679248E+02
           ESPe = -1.6091377986E+02     ESPe at Nucleus = -1.6091377986E+02
           ESPn =  5.6769873803E+00     ESPn at Nucleus =  5.6769873772E+00

CP# 2      Coords = -2.87915075085352E+00  4.26652544445753E-05  1.71295665198106E-04
           Type = (3,-3) NACP H2
           Rho =  3.8245758239E-01     Rho at Nucleus =  3.8123988209E-01
           GradRho =  1.1466522176E-15  2.7755575616E-17 -2.1684043450E-17
           HessRho_EigVals = -7.8105514253E+00 -7.8095747492E+00 -7.5508992272E+00
           HessRho_EigVec1 = -4.2593039096E-03  3.7821807646E-01  9.2570672730E-01
           HessRho_EigVec2 =  2.3664477612E-03  9.2571634455E-01 -3.7821111744E-01
           HessRho_EigVec3 =  9.9998812906E-01 -5.7972052114E-04  4.8379405658E-03
           DelSqRho = -2.3171025402E+01
           Bond Ellipticity = NA
           V = -5.7965430683E+00
           G =  1.8933589476E-03
           K =  5.7946497094E+00
           L =  5.7927563504E+00
           Vnuc =  7.0716152236E+01
           Ven = -2.7045928620E+01
           Vrep =  2.1249385552E+01
           DelSqV =  1.5217819799E+03
           DelSqVen =  1.6385657598E+03
           DelSqVrep = -1.1678377986E+02
           DelSqG =  1.1710603306E+02
           DelSqK = -1.6388880130E+03
           Stress_EigVals = -1.9533588352E+00 -1.9531394765E+00 -1.8900447567E+00
           Stress_EigVec1 =  2.4692484943E-03  8.7938340202E-01 -4.7610790276E-01
           Stress_EigVec2 = -2.7605585742E-03  4.7611353443E-01  8.7937948671E-01
           Stress_EigVec3 =  9.9999314104E-01 -8.5708272031E-04  3.6032320185E-03
           -DivStress = -8.6173402629E+00 -1.9877257162E-02 -8.2969490425E-02
           ESP =  -1.0916917040E+00     ESP at Nucleus =  -1.0919717433E+00
           ESPe = -1.5807278238E+01     ESPe at Nucleus = -1.5729663660E+01
           ESPn =  1.4715586534E+01     ESPn at Nucleus =  1.4637691917E+01

CP# 3      Coords =  1.06526851040345E+00  2.67482774654566E+00  1.71352357646195E-04
           Type = (3,-3) NACP H3
           Rho =  3.8245768438E-01     Rho at Nucleus =  3.8123997516E-01
           GradRho = -3.0531133177E-16 -1.5239545736E-15 -1.9081958236E-17
           HessRho_EigVals = -7.8105555100E+00 -7.8095769785E+00 -7.5508974855E+00
           HessRho_EigVec1 = -3.4961946350E-01  1.4382555095E-01  9.2578639093E-01
           HessRho_EigVec2 =  8.6096996168E-01 -3.4034478992E-01  3.7801606984E-01
           HessRho_EigVec3 =  3.6945494424E-01  9.2923604906E-01 -4.8383162376E-03
           DelSqRho = -2.3171029974E+01
           Bond Ellipticity = NA
           V = -5.7965442542E+00
           G =  1.8933803466E-03
           K =  5.7946508738E+00
           L =  5.7927574935E+00
           Vnuc =  7.0715949873E+01
           Ven = -2.7045858437E+01
           Vrep =  2.1249314183E+01
           DelSqV =  1.5217821534E+03
           DelSqVen =  1.6385613941E+03
           DelSqVrep = -1.1677924073E+02
           DelSqG =  1.1710605046E+02
           DelSqK = -1.6388882039E+03
           Stress_EigVals = -1.9533594075E+00 -1.9531404753E+00 -1.8900443714E+00
           Stress_EigVec1 =  8.1768829528E-01 -3.2299437485E-01  4.7650864165E-01
           Stress_EigVec2 =  4.4167612083E-01 -1.7887335419E-01 -8.7916240107E-01
           Stress_EigVec3 =  3.6919920916E-01  9.2934329339E-01 -3.6037455273E-03
           -DivStress =  3.2069392771E+00  7.9984393328E+00 -8.2994802552E-02
           ESP =  -1.0916916807E+00     ESP at Nucleus =  -1.0919717219E+00
           ESPe = -1.5807284963E+01     ESPe at Nucleus = -1.5729670021E+01
           ESPn =  1.4715593282E+01     ESPn at Nucleus =  1.4637698299E+01

CP# 4      Coords =  1.45852997448654E+00 -2.15084609997923E+00  2.57942861659125E+00
           Type = (3,-3) NACP C4
           Rho =  1.2086576396E+02     Rho at Nucleus =  1.2086576390E+02
           GradRho = -1.5868037440E-10  2.1734347655E-10 -1.8720563988E-10
           HessRho_EigVals = -2.4809469885E+05 -2.4809455560E+05 -2.4809444441E+05
           HessRho_EigVec1 =  3.9704161973E-01 -5.8565068765E-01  7.0666202973E-01
           HessRho_EigVec2 = -3.9657549139E-01  5.8489238726E-01  7.0755125253E-01
           HessRho_EigVec3 =  8.2769911914E-01  5.6117213703E-01  2.8088434814E-05
           DelSqRho = -7.4428369885E+05
           Bond Ellipticity = NA
           V = -1.8608638646E+05
           G =  7.7308733500E+00
           K =  1.8607865559E+05
           L =  1.8607092471E+05
           Vnuc =  9.0279321713E+06
           Ven = -1.0911679188E+09
           Vrep =  1.0909818324E+09
           DelSqV =  1.1194886014E+10
           DelSqVen =  6.7193406751E+12
           DelSqVrep = -6.7081457891E+12
           DelSqG =  3.8197261944E+08
           DelSqK = -1.1576858633E+10
           Stress_EigVals = -6.2028836747E+04 -6.2028806233E+04 -6.2028743480E+04
           Stress_EigVec1 =  8.2765591748E-01  5.6123584693E-01  7.9868435286E-05
           Stress_EigVec2 = -3.9486202652E-01  5.8220288401E-01  7.1072060746E-01
           Stress_EigVec3 =  3.9883538242E-01 -5.8826365345E-01  7.0347438600E-01
           -DivStress =  1.2198443023E+03 -1.7993318689E+03  1.1012734366E+03
           ESP =  -1.4756684842E+01     ESP at Nucleus =  -1.4756684841E+01
           ESPe = -2.6928273218E+01     ESPe at Nucleus = -2.6928271706E+01
           ESPn =  1.2171588376E+01     ESPn at Nucleus =  1.2171586865E+01

CP# 5      Coords =  7.45184082645810E-01 -4.03762652473045E+00  2.39249558397471E+00
           Type = (3,-3) NACP H5
           Rho =  4.3176143381E-01     Rho at Nucleus =  4.2790431346E-01
           GradRho =  2.2752633111E-14  6.5277644401E-14  3.8267999880E-15
           HessRho_EigVals = -8.7427650560E+00 -8.7374832255E+00 -7.9758238671E+00
           HessRho_EigVec1 = -7.6716924293E-01  2.2805329607E-01  5.9953569272E-01
           HessRho_EigVec2 =  5.4038656972E-01 -2.7378946116E-01  7.9562659975E-01
           HessRho_EigVec3 =  3.4559182277E-01  9.3436129260E-01  8.6805915265E-02
           DelSqRho = -2.5456072149E+01
           Bond Ellipticity = NA
           V = -6.3823812793E+00
           G =  9.1816210553E-03
           K =  6.3731996582E+00
           L =  6.3640180372E+00
           Vnuc =  4.4836066384E+01
           Ven = -1.9358484308E+01
           Vrep =  1.2976103029E+01
           DelSqV =  1.6406869950E+03
           DelSqVen =  1.1413501407E+03
           DelSqVrep =  4.9933685424E+02
           DelSqG =  1.2565586496E+02
           DelSqK = -1.7663428599E+03
           Stress_EigVals = -2.1930411505E+00 -2.1926274216E+00 -1.9967127072E+00
           Stress_EigVec1 =  6.1961813927E-01 -2.9875793661E-01  7.2582164255E-01
           Stress_EigVec2 = -7.0419778307E-01  1.9682903222E-01  6.8217579434E-01
           Stress_EigVec3 =  3.4666820419E-01  9.3381048794E-01  8.8425837936E-02
           -DivStress = -5.5818422192E+00 -1.5190572146E+01 -1.4006117036E+00
           ESP =  -1.0950289413E+00     ESP at Nucleus =  -1.0961184405E+00
           ESPe = -1.3207663369E+01     ESPe at Nucleus = -1.3126515491E+01
           ESPn =  1.2112634428E+01     ESPn at Nucleus =  1.2030397051E+01

CP# 6      Coords =  3.47534571850461E+00 -2.18625149854166E+00  2.39249570089710E+00
           Type = (3,-3) NACP H6
           Rho =  4.3176060959E-01     Rho at Nucleus =  4.2790352432E-01
           GradRho = -4.1385610217E-12  1.1009942957E-13  3.5891602190E-13
           HessRho_EigVals = -8.7427395028E+00 -8.7374634260E+00 -7.9758073093E+00
           HessRho_EigVec1 =  7.1976749498E-02  7.9730046613E-01  5.9927565798E-01
           HessRho_EigVec2 =  5.4436926616E-02 -6.0307872778E-01  7.9582200844E-01
           HessRho_EigVec3 =  9.9591965969E-01 -2.4657956331E-02 -8.6810233482E-02
           DelSqRho = -2.5456010238E+01
           Bond Ellipticity = NA
           V = -6.3823658635E+00
           G =  9.1816519668E-03
           K =  6.3731842115E+00
           L =  6.3640025595E+00
           Vnuc =  4.4836179438E+01
           Ven = -1.9358496166E+01
           Vrep =  1.2976130303E+01
           DelSqV =  1.6406833839E+03
           DelSqVen =  1.1413502428E+03
           DelSqVrep =  4.9933314105E+02
           DelSqG =  1.2565549397E+02
           DelSqK = -1.7663388778E+03
           Stress_EigVals = -2.1930362313E+00 -2.1926210720E+00 -1.9967085601E+00
           Stress_EigVec1 =  4.8250938672E-02 -6.8657746491E-01  7.2545381079E-01
           Stress_EigVec2 =  7.7728808428E-02  7.2667825459E-01  6.8256644119E-01
           Stress_EigVec3 =  9.9580624584E-01 -2.3454188789E-02 -8.8429756138E-02
           -DivStress =  1.6177706634E+01 -4.3497481879E-01 -1.4006678156E+00
           ESP =  -1.0950278846E+00     ESP at Nucleus =  -1.0961174181E+00
           ESPe = -1.3207664301E+01     ESPe at Nucleus = -1.3126516778E+01
           ESPn =  1.2112636417E+01     ESPn at Nucleus =  1.2030399360E+01

CP# 7      Coords =  9.85141228044041E-01 -1.45275385271610E+00  4.42482593984281E+00
           Type = (3,-3) NACP H7
           Rho =  4.3119802178E-01     Rho at Nucleus =  4.2741654942E-01
           GradRho =  8.0981228667E-15 -1.0738805678E-14 -3.1020867299E-14
           HessRho_EigVals = -8.7351273737E+00 -8.7292477089E+00 -7.9805041380E+00
           HessRho_EigVec1 =  8.2757634573E-01  5.6135317699E-01 -5.1699360286E-05
           HessRho_EigVec2 = -5.1323430634E-01  7.5659966506E-01 -4.0515119848E-01
           HessRho_EigVec3 = -2.2739379671E-01  3.3532008219E-01  9.1424969439E-01
           DelSqRho = -2.5444879221E+01
           Bond Ellipticity = NA
           V = -6.3797619652E+00
           G =  9.2710800221E-03
           K =  6.3704908852E+00
           L =  6.3612198052E+00
           Vnuc =  4.4884386791E+01
           Ven = -1.9354058793E+01
           Vrep =  1.2974296828E+01
           DelSqV =  1.6410631819E+03
           DelSqVen =  1.1420778008E+03
           DelSqVrep =  4.9898538115E+02
           DelSqG =  1.2570542093E+02
           DelSqK = -1.7667686029E+03
           Stress_EigVals = -2.1910343068E+00 -2.1908246502E+00 -1.9979030082E+00
           Stress_EigVec1 = -5.1200037613E-01  7.5654955363E-01 -4.0680263979E-01
           Stress_EigVec2 =  8.2808534755E-01  5.6060193843E-01  3.5185826493E-04
           Stress_EigVec3 = -2.2832054664E-01  3.3668715379E-01  9.1351600339E-01
           -DivStress = -3.6211326130E+00  5.3398044835E+00  1.4727711999E+01
           ESP =  -1.0912291033E+00     ESP at Nucleus =  -1.0922936615E+00
           ESPe = -1.2928577770E+01     ESPe at Nucleus = -1.2846508495E+01
           ESPn =  1.1837348667E+01     ESPn at Nucleus =  1.1754214833E+01

CP# 8      Coords =  8.80063363978658E-01 -1.29779932630010E+00 -2.91389202996148E+00
           Type = (3,-3) NACP F8
           Rho =  4.2965152919E+02     Rho at Nucleus =  4.2965151499E+02
           GradRho =  3.4690472717E-11  7.8728246145E-11 -1.6417411874E-10
           HessRho_EigVals = -2.0350705917E+06 -2.0350384541E+06 -2.0350384144E+06
           HessRho_EigVec1 = -2.7250761367E-01  4.0186329694E-01  8.7421135377E-01
           HessRho_EigVec2 =  8.2794700467E-01  5.6080627027E-01  2.9101173945E-04
           HessRho_EigVec3 = -4.9014626180E-01  7.2387997471E-01 -4.8554549143E-01
           DelSqRho = -6.1051474602E+06
           Bond Ellipticity = NA
           V = -1.5266014026E+06
           G =  1.5726877848E+02
           K =  1.5264441338E+06
           L =  1.5262868650E+06
           Vnuc =  2.4093906690E+06
           Ven = -1.0351983854E+09
           Vrep =  1.0336717840E+09
           DelSqV =  2.1709405795E+11
           DelSqVen =  1.4709685354E+13
           DelSqVrep = -1.4492591297E+13
           DelSqG =  7.2308013566E+09
           DelSqK = -2.2432485931E+11
           Stress_EigVals = -5.0886988849E+05 -5.0886987961E+05 -5.0886163451E+05
           Stress_EigVec1 = -4.9018019240E-01  7.2428479341E-01 -4.8490712204E-01
           Stress_EigVec2 =  8.2804476879E-01  5.6066185088E-01  3.8710248261E-04
           Stress_EigVec3 = -2.7214929699E-01  4.0133505578E-01  8.7456556824E-01
           -DivStress =  7.0343691045E+04 -1.0373546368E+05 -2.3412601920E+05
           ESP =  -2.6624347790E+01     ESP at Nucleus =  -2.6624347899E+01
           ESPe = -3.8242862550E+01     ESPe at Nucleus = -3.8242850744E+01
           ESPn =  1.1618514760E+01     ESPn at Nucleus =  1.1618502846E+01

CP# 9      Coords = -1.70908791170136E+00 -5.15021661113501E-04  2.08191975040761E-03
           Type = (3,-1) BCP Ge1 H2
           Rho =  1.3950811775E-01
           GradRho =  7.2858385991E-17 -2.0816681712E-17 -2.2551405188E-17
           HessRho_EigVals = -2.2384937726E-01 -2.1714599878E-01  4.4524986325E-01
           HessRho_EigVec1 =  2.5769133137E-04  4.0985918378E-01  9.1214877244E-01
           HessRho_EigVec2 =  1.7371638950E-04  9.1214877062E-01 -4.0985923204E-01
           HessRho_EigVec3 =  9.9999995171E-01 -2.6407236261E-04 -1.6385357349E-04
           DelSqRho =  4.2544872078E-03
           Bond Ellipticity =  3.0870375351E-02
           V = -1.8643249065E-01
           G =  9.3748056227E-02
           K =  9.2684434425E-02
           L = -1.0636218020E-03
           Vnuc =  2.3850143982E+01
           Ven = -3.3272886949E+00
           Vrep =  3.1408562043E+00
           DelSqV = -1.4712417359E+00
           DelSqVen = -1.0147013248E-01
           DelSqVrep = -1.3697716034E+00
           DelSqG =  1.8832983368E+00
           DelSqK = -4.1205660091E-01
           Stress_EigVals = -8.1672804383E-02 -8.0385990407E-02 -2.4373695862E-02
           Stress_EigVec1 =  7.1900153312E-05  8.9047827637E-01 -4.5502575108E-01
           Stress_EigVec2 =  1.0630291820E-02  4.5499936126E-01  8.9042831163E-01
           Stress_EigVec3 =  9.9994349427E-01 -4.9010784517E-03 -9.4333294131E-03
           -DivStress =  8.4388173969E-02 -1.8762376746E-08 -2.9335471522E-04
           ESP =   6.6627120059E-01
           ESPe = -2.3183872781E+01
           ESPn =  2.3850143982E+01
           BPL =  2.8800656233E+00 =  1.7100000000E+00 +  1.1700656233E+00                
           GBL_I =  2.8800609819E+00                                                      
           GBL_II =  2.8970068407E+00                                                     
           GBL_III =  2.8800640164E+00 =  1.7099994843E+00 +  1.1700645320E+00            
           GBL_IV =  2.8970101224E+00 =  1.7090892573E+00 +  1.1879208650E+00             

CP# 10     Coords =  6.32857493845701E-01  1.58759917217054E+00  2.08130597751256E-03
           Type = (3,-1) BCP H3 Ge1
           Rho =  1.3950861934E-01
           GradRho =  4.7704895589E-17  1.1449174941E-16 -3.0357660830E-18
           HessRho_EigVals = -2.2385172570E-01 -2.1714809643E-01  4.4525117602E-01
           HessRho_EigVec1 = -3.8085400749E-01  1.5140689734E-01  9.1215468886E-01
           HessRho_EigVec2 =  8.4748183305E-01 -3.3734366156E-01  4.0984606459E-01
           HessRho_EigVec3 =  3.6976312368E-01  9.2912604389E-01  1.6409051590E-04
           DelSqRho =  4.2513538960E-03
           Bond Ellipticity =  3.0871232028E-02
           V = -1.8643355305E-01
           G =  9.3748195763E-02
           K =  9.2685357289E-02
           L = -1.0628384740E-03
           Vnuc =  2.3850152706E+01
           Ven = -3.3273018751E+00
           Vrep =  3.1408683220E+00
           DelSqV = -1.4712426491E+00
           DelSqVen = -1.0139543963E-01
           DelSqVrep = -1.3698472095E+00
           DelSqG =  1.8833084876E+00
           DelSqK = -4.1206583856E-01
           Stress_EigVals = -8.1673337317E-02 -8.0386586334E-02 -2.4373629402E-02
           Stress_EigVec1 =  8.2730189242E-01 -3.2941594467E-01  4.5503484944E-01
           Stress_EigVec2 = -4.2664924365E-01  1.5848069747E-01  8.9042365839E-01
           Stress_EigVec3 =  3.6543399089E-01  9.3078945199E-01  9.4336827066E-03
           -DivStress = -3.1223435753E-02 -7.8397762773E-02 -2.9339005708E-04
           ESP =   6.6627135257E-01
           ESPe = -2.3183881354E+01
           ESPn =  2.3850152706E+01
           BPL =  2.8800647256E+00 =  1.1700647256E+00 +  1.7100000000E+00                
           GBL_I =  2.8800600833E+00                                                      
           GBL_II =  2.8970054178E+00                                                     
           GBL_III =  2.8800631185E+00 =  1.1700636342E+00 +  1.7099994843E+00            
           GBL_IV =  2.8970087002E+00 =  1.1879200334E+00 +  1.7090886668E+00             

CP# 11     Coords =  6.95305542763808E-01 -1.02534522644010E+00  1.22952605124314E+00
           Type = (3,-1) BCP C4 Ge1
           Rho =  1.3510538184E-01
           GradRho = -1.5612511284E-17 -3.4694469520E-18 -1.7347234760E-17
           HessRho_EigVals = -1.7101376836E-01 -1.6586123104E-01  3.6947775438E-01
           HessRho_EigVec1 = -3.9524231155E-01  5.8294224346E-01  7.0990270879E-01
           HessRho_EigVec2 = -8.2766984819E-01 -5.6121530722E-01  3.6577205589E-05
           HessRho_EigVec3 =  3.9842958921E-01 -5.8755061035E-01  7.0429975345E-01
           DelSqRho =  3.2602754982E-02
           Bond Ellipticity =  3.1065350768E-02
           V = -1.6485750895E-01
           G =  8.6504098850E-02
           K =  7.8353410105E-02
           L = -8.1506887455E-03
           Vnuc =  2.5059761350E+01
           Ven = -3.3857086260E+00
           Vrep =  3.2208511171E+00
           DelSqV = -1.2967770365E+00
           DelSqVen = -8.1701725922E-01
           DelSqVrep = -4.7975977727E-01
           DelSqG =  1.5748290768E+00
           DelSqK = -2.7805204028E-01
           Stress_EigVals = -7.1619460404E-02 -7.0920595430E-02 -2.2317453121E-02
           Stress_EigVec1 =  8.2764018203E-01  5.6125905681E-01  1.5027708052E-05
           Stress_EigVec2 = -3.9976186262E-01  5.8947544507E-01  7.0193244180E-01
           Stress_EigVec3 =  3.9395708177E-01 -5.8095350141E-01  7.1224353063E-01
           -DivStress = -5.1197283268E-02  7.5498906389E-02 -9.0693290007E-02
           ESP =   6.0260653087E-01
           ESPe = -2.4457154820E+01
           ESPn =  2.5059761350E+01
           BPL =  3.6621170385E+00 =  1.9161170385E+00 +  1.7460000000E+00                
           GBL_I =  3.6621155962E+00                                                      
           GBL_II =  3.6615441075E+00                                                     
           GBL_III =  3.6621156009E+00 =  1.9161160417E+00 +  1.7459995591E+00            
           GBL_IV =  3.6615441122E+00 =  1.9161166741E+00 +  1.7454274382E+00             

CP# 12     Coords =  9.96329171656535E-01 -3.36194069899024E+00  2.45590260590318E+00
           Type = (3,-1) BCP C4 H5
           Rho =  2.8222701447E-01
           GradRho =  6.9388939039E-17 -2.6020852140E-17  6.9388939039E-18
           HessRho_EigVals = -7.5594885773E-01 -7.4096168559E-01  4.2437215211E-01
           HessRho_EigVec1 =  7.6112292449E-01 -2.2646751066E-01 -6.0778644312E-01
           HessRho_EigVec2 =  5.4723988019E-01 -2.7878783987E-01  7.8918049512E-01
           HessRho_EigVec3 =  3.4816721177E-01  9.3326834670E-01  8.8259762597E-02
           DelSqRho = -1.0725383912E+00
           Bond Ellipticity =  2.0226649275E-02
           V = -3.6556469192E-01
           G =  4.8715047061E-02
           K =  3.1684964486E-01
           L =  2.6813459780E-01
           Vnuc =  1.6023042676E+01
           Ven = -4.5221354973E+00
           Vrep =  4.1565708053E+00
           DelSqV = -1.5230452129E+00
           DelSqVen =  1.7185328414E+01
           DelSqVrep = -1.8708373627E+01
           DelSqG =  1.7064452543E+00
           DelSqK = -1.8340004147E-01
           Stress_EigVals = -2.3323032797E-01 -2.3168785667E-01  9.9353492717E-02
           Stress_EigVec1 =  5.9600474744E-01 -2.9526460416E-01  7.4672428282E-01
           Stress_EigVec2 = -7.2293981661E-01  2.0742476885E-01  6.5903944254E-01
           Stress_EigVec3 =  3.4948013189E-01  9.3262735259E-01  8.9832391814E-02
           -DivStress =  5.0078060192E-02  1.2374301409E-01  1.5360918928E-02
           ESP =   8.4188374817E-01
           ESPe = -1.5181158928E+01
           ESPn =  1.6023042676E+01
           BPL =  2.0258349857E+00 =  1.3022009741E+00 +  7.2363401154E-01                
           GBL_I =  2.0257706413E+00                                                      
           GBL_II =  2.0563275649E+00                                                     
           GBL_III =  2.0258004414E+00 =  1.3021668039E+00 +  7.2363363746E-01            
           GBL_IV =  2.0563590264E+00 =  1.3021664941E+00 +  7.5419253231E-01             

CP# 13     Coords =  2.75469094154261E+00 -2.16956377981723E+00  2.45590400101584E+00
           Type = (3,-1) BCP H6 C4
           Rho =  2.8222657476E-01
           GradRho =  1.8769708010E-15 -9.7144514655E-17 -2.4633073359E-16
           HessRho_EigVals = -7.5594368138E-01 -7.4096266809E-01  4.2437620190E-01
           HessRho_EigVec1 =  7.1217099236E-02  7.9099285601E-01  6.0766637764E-01
           HessRho_EigVec2 =  5.6531457291E-02 -6.1143483160E-01  7.8927285589E-01
           HessRho_EigVec3 =  9.9585757973E-01 -2.1857457427E-02 -8.8260593936E-02
           DelSqRho = -1.0725301476E+00
           Bond Ellipticity =  2.0218310486E-02
           V = -3.6556260851E-01
           G =  4.8715035809E-02
           K =  3.1684757270E-01
           L =  2.6813253689E-01
           Vnuc =  1.6023037375E+01
           Ven = -4.5221269556E+00
           Vrep =  4.1565643471E+00
           DelSqV = -1.5231122971E+00
           DelSqVen =  1.7185190640E+01
           DelSqVrep = -1.8708302937E+01
           DelSqG =  1.7064399550E+00
           DelSqK = -1.8332765793E-01
           Stress_EigVals = -2.3323026738E-01 -2.3168688024E-01  9.9354539113E-02
           Stress_EigVec1 =  5.3774878863E-02 -6.6304333541E-01  7.4664703694E-01
           Stress_EigVec2 =  7.4795474478E-02  7.4830296027E-01  6.5912693515E-01
           Stress_EigVec3 =  9.9574790956E-01 -2.0401348302E-02 -8.9832541913E-02
           -DivStress = -1.3348709319E-01 -7.3775740034E-04  1.5361830033E-02
           ESP =   8.4188574532E-01
           ESPe = -1.5181151629E+01
           ESPn =  1.6023037375E+01
           BPL =  2.0258340821E+00 =  7.2363177230E-01 +  1.3022023098E+00                
           GBL_I =  2.0257697802E+00                                                      
           GBL_II =  2.0563266004E+00                                                     
           GBL_III =  2.0257995647E+00 =  7.2363139791E-01 +  1.3021681668E+00            
           GBL_IV =  2.0563580459E+00 =  7.5419018881E-01 +  1.3021678571E+00             

CP# 14     Coords =  1.15230978393522E+00 -1.69926949913528E+00  3.75894516644700E+00
           Type = (3,-1) BCP H7 C4
           Rho =  2.8012290841E-01
           GradRho =  6.7654215563E-17 -8.3266726847E-17 -8.1965684240E-17
           HessRho_EigVals = -7.4419691252E-01 -7.2968602947E-01  4.1683545182E-01
           HessRho_EigVec1 =  8.2761330064E-01  5.6129869386E-01 -2.9545071363E-05
           HessRho_EigVec2 = -5.1171947521E-01  7.5448902094E-01 -4.1096167215E-01
           HessRho_EigVec3 = -2.3064995838E-01  3.4013246471E-01  9.1165262197E-01
           DelSqRho = -1.0570474902E+00
           Bond Ellipticity =  1.9886475086E-02
           V = -3.6345102199E-01
           G =  4.9594574724E-02
           K =  3.1385644727E-01
           L =  2.6426187254E-01
           Vnuc =  1.5818543747E+01
           Ven = -4.4311364813E+00
           Vrep =  4.0676854593E+00
           DelSqV = -1.4366142878E+00
           DelSqVen =  1.6720951966E+01
           DelSqVrep = -1.8157566254E+01
           DelSqG =  1.6872615816E+00
           DelSqK = -2.5064729385E-01
           Stress_EigVals = -2.3098722437E-01 -2.2979295741E-01  9.7329159791E-02
           Stress_EigVec1 = -5.1115040867E-01  7.5389452939E-01 -4.1275694818E-01
           Stress_EigVec2 =  8.2768360021E-01  5.6119502602E-01  2.6770096976E-05
           Stress_EigVec3 = -2.3165732810E-01  3.4161847334E-01  9.1084120516E-01
           -DivStress =  3.5850152560E-02 -5.2864208563E-02 -1.2950759533E-01
           ESP =   8.4343110972E-01
           ESPe = -1.4975112637E+01
           ESPn =  1.5818543747E+01
           BPL =  2.0290810915E+00 =  7.2946184199E-01 +  1.2996192495E+00                
           GBL_I =  2.0290197071E+00                                                      
           GBL_II =  2.0592757917E+00                                                     
           GBL_III =  2.0290570902E+00 =  7.2946041317E-01 +  1.2995966770E+00            
           GBL_IV =  2.0593160727E+00 =  7.5971941928E-01 +  1.2995966534E+00             

CP# 15     Coords =  4.18131834126174E-01 -6.16598921764223E-01 -1.38436272684567E+00
           Type = (3,-1) BCP Ge1 F8
           Rho =  1.4029849101E-01
           GradRho = -5.0306980803E-17  7.4593109467E-17  6.9388939039E-17
           HessRho_EigVals = -2.3729551790E-01 -2.3697268425E-01  1.2175270474E+00
           HessRho_EigVec1 =  8.2885052035E-01  5.5946892935E-01  1.1541216184E-03
           HessRho_EigVec2 = -4.9221751961E-01  7.3019538664E-01 -4.7385294207E-01
           HessRho_EigVec3 = -2.6594873245E-01  3.9218517873E-01  8.8060323489E-01
           DelSqRho =  7.4325884528E-01
           Bond Ellipticity =  1.3623243216E-03
           V = -3.0800281487E-01
           G =  2.4690876309E-01
           K =  6.1094051773E-02
           L = -1.8581471132E-01
           Vnuc =  2.8015685728E+01
           Ven = -3.9305584322E+00
           Vrep =  3.6225556173E+00
           DelSqV = -4.1507059736E+00
           DelSqVen = -2.0822906224E+01
           DelSqVrep =  1.6672200251E+01
           DelSqG =  4.2509168614E+00
           DelSqK = -1.0021088787E-01
           Stress_EigVals = -1.3401682218E-01 -1.3392237996E-01 -4.0063612723E-02
           Stress_EigVec1 = -4.9403811920E-01  7.2889971900E-01 -4.7395309517E-01
           Stress_EigVec2 =  8.2774930110E-01  5.6109810702E-01  9.3985374201E-05
           Stress_EigVec3 = -2.6600269043E-01  3.9226791092E-01  8.8055008645E-01
           -DivStress = -3.0890632708E-02  4.5553095549E-02  1.0230691924E-01
           ESP =   8.7087904972E-01
           ESPe = -2.7144806679E+01
           ESPn =  2.8015685728E+01
           BPL =  3.3099162410E+00 =  1.5730000000E+00 +  1.7369162410E+00                
           GBL_I =  3.3099152496E+00                                                      
           GBL_II =  3.3090158808E+00                                                     
           GBL_III =  3.3099152502E+00 =  1.5729999907E+00 +  1.7369152594E+00            
           GBL_IV =  3.3090158813E+00 =  1.5720968865E+00 +  1.7369189948E+00             

Number of NACPs  =      8
Number of NNACPs =      0
Number of BCPs   =      7
Number of RCPs   =      0
Number of CCPs   =      0
NumNACP + NumNNACP - NumBCP + NumRCP - NumCCP =      1
Poincare-Hopf Relationship is Satisfied

Bond Path Angles and Corresponding Geometric Bond Angles:
--------------------------------------------------------
  BPA     = A-B-C Bond Path Angle
  GBA_I   = A-B-C Geometric Bond Angle in Terms of Nuclear Attractors
  GBA_II  = A-B-C Geometric Bond Angle in Terms of Nuclei
  GBA_III = A-B-C Geometric Bond Angle in Terms of A|B and C|B BCPs and Nuclear Attractor B
  GBA_IV  = A-B-C Geometric Bond Angle in Terms of A|B and C|B BCPs and Nucleus B
-------------------------------------------------------------------------------------------------
Atom A    Atom B    Atom C        BPA          GBA_I         GBA_II       GBA_III       GBA_IV
-------------------------------------------------------------------------------------------------
H3        Ge1       H2        111.69256172  111.71440296  111.71610722  111.75059536  111.75062640
C4        Ge1       H2        113.36834087  113.47218383  113.47428832  113.41090843  113.41092570
C4        Ge1       H3        113.36837911  113.47218003  113.47428607  113.41088440  113.41090164
H5        C4        Ge1       109.26944126  109.98882568  109.99790977  109.76073788  109.76071627
H6        C4        Ge1       109.26978119  109.98883558  109.99791799  109.76084521  109.76082359
H6        C4        H5        109.98476642  109.01317809  108.99872952  109.32598644  109.32602489
H7        C4        Ge1       109.67144289  110.22294591  110.23633227  109.96515572  109.96512032
