AIMSum (Version 19.10.12, Professional)
Copyright (c) 1997-2019 by Todd A. Keith
AIMSum is a component of the AIMAll package ( http://aim.tkgristmill.com )

TP:  64-bit Mac OS X

Much of the Quantum Theory of Atoms in Molecules (QTAIM) is described in the book:
  "Atoms in Molecules - A Quantum Theory"
  R.F.W. Bader, Oxford University Press, Oxford, 1990

For additional references see:  http://aim.tkgristmill.com/references.html

Wfx File:  /Users/chemlab/Documents/SubstituentCoding/BCP Map Reference/BCPMapReference/SubH_SeOHMe_wb97xd_aug-cc-pvtz.wfx
Sum File:  /Users/chemlab/Documents/SubstituentCoding/BCP Map Reference/BCPMapReference/SubH_SeOHMe_wb97xd_aug-cc-pvtz.sum

SumViz File:  /Users/chemlab/Documents/SubstituentCoding/BCP Map Reference/BCPMapReference/SubH_SeOHMe_wb97xd_aug-cc-pvtz.sumviz

Wfx Title:   Title Card Required                                                           
 
Total memory allocated for AIMSum =        0.646 Megabytes

Atomic units (a.u.) used throughout, except where stated otherwise

Model:  Unrestricted SCF
 
Unrestricted, single-determinant wavefunction.
  Number of electrons (from MO Occs)                   =          53.0000000000
  Number of Alpha electrons (from MO Occs)             =          27.0000000000
  Number of Beta electrons (from MO Occs)              =          26.0000000000
  Number of electron pairs (N*(N-1)/2)                 =        1378.0000000000
  Number of electron pairs (from Muller 2EDM)          =        1378.0000000000
 
Nuclear Charges and Cartesian Coordinates:
-------------------------------------------------------------------------------
Atom      Charge                X                  Y                  Z
-------------------------------------------------------------------------------
Se1       34.0           7.8661408951E-18   6.5930328733E-01   0.0000000000E+00
H2         1.0          -3.8968681766E-01   1.0398815245E+00   3.0363083399E+00
C3         6.0          -2.3385190164E+00  -2.1650005161E+00   0.0000000000E+00
H4         1.0          -4.2617925952E+00  -1.4338888903E+00   0.0000000000E+00
H5         1.0          -1.9706540064E+00  -3.2664473399E+00  -1.6912028527E+00
H6         1.0          -1.9706540064E+00  -3.2664473399E+00   1.6912028527E+00
H7         1.0          -3.8968681766E-01   1.0398815245E+00  -3.0363083399E+00
O8         8.0           2.8766985427E+00  -4.4241101896E-01   0.0000000000E+00
 
Some Atomic Properties:
----------------------
  q(A) = Net Charge of Atom A
  L(A) = Lagrangian of Atom A = -(1/4) Times Atomic Integral of the Laplacian of the Electron Density
  K(A) = Electronic Kinetic Energy of Atom A (Hamiltonian Form)
  K_Scaled(A) = K(A) * E(Mol)/K(Mol) = Approximation to Virial-Based Total Energy of Atom A.
  |Mu_Intra(A)| = Magnitude of Intraatomic Dipole Moment of Atom A
--------------------------------------------------------------------------------------------------
Atom A          q(A)              L(A)              K(A)          K_Scaled(A)      |Mu_Intra(A)|
--------------------------------------------------------------------------------------------------
Se1       1.4442991610E+00 -2.2255523222E-04  2.3976193417E+03 -2.4016711974E+03  1.3408255825E+00
H2       -1.3991340220E-01  2.2505264330E-05  5.8629615768E-01 -5.8728696859E-01  1.0629694703E-01
C3       -2.3540091490E-01  4.1027231777E-05  3.7864006189E+01 -3.7927994448E+01  2.3665482629E-01
H4        4.0794968170E-02  1.3097011358E-05  6.0069848905E-01 -6.0171363917E-01  1.3411384091E-01
H5        5.9401365030E-02  2.1443979734E-05  5.9629387810E-01 -5.9730158465E-01  1.3379438629E-01
H6        5.9400189890E-02  2.1247156349E-05  5.9629438382E-01 -5.9730209123E-01  1.3379339825E-01
H7       -1.3991305360E-01  2.2438206504E-05  5.8629612468E-01 -5.8728693554E-01  1.0629607900E-01
O8       -1.0887109119E+00  2.2215716287E-05  7.5144421024E+01 -7.5271411302E+01  2.8106824720E-01
--------------------------------------------------------------------------------------------------
Total    -4.2598509996E-05 -5.8580665881E-05  2.5135936479E+03 -2.5178414944E+03
 
1st Largest |L(A)| = 2.2255523222E-04, atom Se1     
2nd Largest |L(A)| = 4.1027231777E-05, atom C3      
 
Molecular charge q(Mol) from the wfx file:   0.0000000000E+00
Molecular energy E(Mol) from the wfx file:  -2.5178415209E+03
Molecular virial ratio (-V(Mol)/T(Mol)) from the wfx file:   2.0016899495E+00
Full molecular virial ratio ((-V(Mol)+W(Mol))/T(Mol)) from the wfx file:   2.0016897886E+00
Note.  K_Scaled(A) = (1+V(Mol)/T(Mol))*K(A) = (E(Mol)/T(Mol))*K(A)
       Only use K_Scaled(A) data with caution.
 
N_AIMInt(SumA)     =         53.000043
N_Analytic(Mol)    =         53.000000
 
G_AIMInt(SumA)     =       2513.593707
G_Analytic(Mol)    =       2513.593674
 
K_AIMInt(SumA)     =       2513.593648
K_Analytic(Mol)    =       2513.593674
 
L_AIMInt(SumA)     =         -0.000059
L_Analytic(Mol)    =          0.000000
 
VenT_AIMInt(SumA)  =      -6444.955848
VenT_Analytic(Mol) =      -6444.955579
 
Some Information About the Atomic Calculations:
----------------------------------------------
  Time(sec) = "Elapsed User Time", in Seconds, for Atom A by AIMInt and, if used, by TWOe
  NProc = Number of Processors Used for AIMInt Job
  BIM = Basin Integration Method
  OAQ = Angular Quadrature Outside of Beta Sphere
  ORQ = Multiple of Default for Radial Quadrature Outside of Beta Sphere
  IAQ = Multiple of Default for Angular Quadrature Inside of Beta Sphere
  IRQ = Multiple of Default for Radial Quadrature Inside of Beta Sphere
  MIR = Maximum Integration Radius
------------------------------------------------------------------------------------------------------
Atom A     Time(sec)   NProc      BIM          OAQ                     ORQ      IAQ      IRQ      MIR
------------------------------------------------------------------------------------------------------
Se1           156        2     Proaim(5)    4500(GS4)                  1.00     1.00     1.00    13.00
H2             52        2     Proaim(5)    1800(GS4)                  1.00     1.00     1.00    13.00
C3            134        2     Proaim(5)    4500(GS4)                  1.00     1.00     1.00    13.00
H4             51        2     Proaim(5)    1800(GS4)                  1.00     1.00     1.00    13.00
H5             52        2     Proaim(5)    1800(GS4)                  1.00     1.00     1.00    13.00
H6             52        2     Proaim(5)    1800(GS4)                  1.00     1.00     1.00    13.00
H7             52        2     Proaim(5)    1800(GS4)                  1.00     1.00     1.00    13.00
O8             67        2     Proaim(5)    2700(GS4)                  1.00     1.00     1.00    13.00
------------------------------------------------------------------------------------------------------
Total         616
Note:  Total wall clock time is less than total of atomic times if more than one atom
       was calculated at a time
 
Electron Density Critical Point Analysis of Molecular Structure:               
---------------------------------------------------------------                
  NACP = Nuclear Attractor Critical Point                                      
  NNACP = Non-Nuclear Attractor Critical Point                                 
  BCP = Bond Critical Point                                                    
  RCP = Ring Critical Point                                                    
  CCP = Cage Critical Point                                                    
  Rho = Electron Density                                                       
  GradRho = Gradient of Electron Density                                       
  HessRho_EigVals = Eigenvalues of the Hessian of Rho, Ascending Order         
  HessRho_EigVecs = Eigenvectors of the Hessian of Rho                         
  DelSqRho = Laplacian of Rho = Trace of Hessian of Rho                        
  Bond Ellipticity = (HessRho_EigVal(1) / HessRho_EigVal(2)) - 1               
  V = Virial Field = Potential Energy Density = Trace of Stress Tensor         
  G = Lagrangian Form of Kinetic Energy Density                                
  K = Hamiltonian Form of Kinetic Energy Density                               
  L = K - G = Lagrangian Density = (-1/4)DelSqRho                              
  Vnuc = Electrostatic Potential from Nuclei                                   
  Ven = Electron-nuclear attractive contribution to Virial Field V             
  Vrep = V - Ven = Repulsive contribution to Virial Field V                    
  DelSqV = Laplacian of V                                                      
  DelSqVen = Laplacian of Ven                                                  
  DelSqVrep = Laplacian of Vrep                                                
  DelSqG = Laplacian of G                                                      
  DelSqK = Laplacian of K                                                      
  Stress_EigVals = Eigenvalues of Stress Tensor, Ascending Order               
  Stress_EigVecs = Eigenvectors of Stress Tensor                               
  -DivStress = Ehrenfest Force Density = Minus Divergence of Stress Tensor     
  ESP = Total Electrostatic Potential                                          
  ESPe = Electrostatic Potential from Electrons                                
  ESPn = Electrostatic Potential from Nuclei                                   
  BP = Bond Path                                                               
  BPL = Bond Path Length                                                       
  GBL = Geometric Bond Length                                                  
  GBL_I = Distance Between Nuclear Attractors                                  
  GBL_II = Distance Between Nuclei                                             
  GBL_III = Sum of Distances Between BCP and Nuclear Attractors                
  GBL_IV = Sum of Distances Between BCP and Nuclei                             

CP# 1      Coords =  2.70448110403097E-09  6.59303279137858E-01 -4.39933140757320E-27
           Type = (3,-3) NACP Se1
           Rho =  2.6887259814E+04     Rho at Nucleus =  2.6887259813E+04
           GradRho = -2.3300805729E-14  6.6447952696E-08  3.8438945736E-16
           HessRho_EigVals = -1.0826040797E+10 -1.0826040653E+10 -1.0826039440E+10
           HessRho_EigVec1 =  0.0000000000E+00  0.0000000000E+00  1.0000000000E+00
           HessRho_EigVec2 =  9.2913296628E-01  3.6974576532E-01  0.0000000000E+00
           HessRho_EigVec3 = -3.6974576532E-01  9.2913296628E-01  0.0000000000E+00
           DelSqRho = -3.2478120890E+10
           Bond Ellipticity = NA
           V = -8.1212703420E+09
           G =  8.7005972889E+05
           K =  8.1204002823E+09
           L =  8.1195302225E+09
           Vnuc =  3.4000000055E+09
           Ven = -9.1416683514E+13
           Vrep =  9.1408562244E+13
           DelSqV =  5.4419646685E+17
           DelSqVen =  7.0066447749E+29
           DelSqVrep = -7.0066447749E+29
           DelSqG =  3.2699741684E+15
           DelSqK = -5.4746644101E+17
           Stress_EigVals = -2.7070903079E+09 -2.7070900229E+09 -2.7070900111E+09
           Stress_EigVec1 = -3.0055658183E-01  9.5376398607E-01  0.0000000000E+00
           Stress_EigVec2 =  0.0000000000E+00  0.0000000000E+00  1.0000000000E+00
           Stress_EigVec3 =  9.5376398607E-01  3.0055658183E-01  0.0000000000E+00
           -DivStress = -4.8906193368E+08  1.4816254059E+09  7.8822535545E-10
           ESP =  -1.6877408339E+02     ESP at Nucleus =  -1.6877408339E+02
           ESPe = -1.7429127613E+02     ESPe at Nucleus = -1.7429127612E+02
           ESPn =  5.5171927369E+00     ESPn at Nucleus =  5.5171927299E+00

CP# 2      Coords = -3.88301703138646E-01  1.03748488717372E+00  3.02190150429236E+00
           Type = (3,-3) NACP H2
           Rho =  3.4909950824E-01     Rho at Nucleus =  3.4833891826E-01
           GradRho = -1.1422069887E-16 -4.3042826248E-16 -6.0726163681E-16
           HessRho_EigVals = -7.2305994359E+00 -7.2264583912E+00 -7.0130330186E+00
           HessRho_EigVec1 =  9.9241479607E-01 -3.9223874764E-02  1.1650905627E-01
           HessRho_EigVec2 =  5.4147658444E-02  9.9031743622E-01 -1.2782568835E-01
           HessRho_EigVec3 = -1.1036713111E-01  1.3316479702E-01  9.8492955748E-01
           DelSqRho = -2.1470090846E+01
           Bond Ellipticity = NA
           V = -5.3780673784E+00
           G =  5.2723334609E-03
           K =  5.3727950449E+00
           L =  5.3675227114E+00
           Vnuc =  8.2899756265E+01
           Ven = -2.8940264145E+01
           Vrep =  2.3562196767E+01
           DelSqV =  1.4161206944E+03
           DelSqVen =  1.7798652981E+03
           DelSqVrep = -3.6374460367E+02
           DelSqG =  1.1032110295E+02
           DelSqK = -1.5264417974E+03
           Stress_EigVals = -1.8089275822E+00 -1.8083075746E+00 -1.7608322216E+00
           Stress_EigVec1 = -8.5882017301E-01  4.7825065390E-01 -1.8358709781E-01
           Stress_EigVec2 =  4.9875067201E-01  8.6241494604E-01 -8.6534548086E-02
           Stress_EigVec3 = -1.1694305284E-01  1.6588180396E-01  9.7918718819E-01
           -DivStress = -6.1802576039E-01  1.0715860848E+00  6.4288022588E+00
           ESP =  -1.0384906782E+00     ESP at Nucleus =  -1.0386611077E+00
           ESPe = -1.5773571974E+01     ESPe at Nucleus = -1.5713366014E+01
           ESPn =  1.4735081296E+01     ESPn at Nucleus =  1.4674704907E+01

CP# 3      Coords = -2.33851818217256E+00 -2.16499877623924E+00  7.13223803805561E-24
           Type = (3,-3) NACP C3
           Rho =  1.2095458951E+02     Rho at Nucleus =  1.2095458905E+02
           GradRho = -1.9130252937E-11  5.3042681358E-11 -5.5207650575E-17
           HessRho_EigVals = -2.4828272472E+05 -2.4828107515E+05 -2.4828085230E+05
           HessRho_EigVec1 =  6.2042887470E-01  7.8426271838E-01  0.0000000000E+00
           HessRho_EigVec2 =  7.8426271838E-01 -6.2042887470E-01  0.0000000000E+00
           HessRho_EigVec3 =  0.0000000000E+00  0.0000000000E+00  1.0000000000E+00
           DelSqRho = -7.4484465218E+05
           Bond Ellipticity = NA
           V = -1.8622647068E+05
           G =  7.6538189954E+00
           K =  1.8621881686E+05
           L =  1.8621116304E+05
           Vnuc =  3.1095912833E+06
           Ven = -3.7611933723E+08
           Vrep =  3.7593311076E+08
           DelSqV =  1.1203288539E+10
           DelSqVen =  2.3161624494E+12
           DelSqVrep = -2.3049591609E+12
           DelSqG =  3.8226725664E+08
           DelSqK = -1.1585555795E+10
           Stress_EigVals = -6.2075681106E+04 -6.2075621896E+04 -6.2075167681E+04
           Stress_EigVec1 =  0.0000000000E+00  0.0000000000E+00  1.0000000000E+00
           Stress_EigVec2 =  7.8287084513E-01 -6.2218424912E-01  0.0000000000E+00
           Stress_EigVec3 =  6.2218424912E-01  7.8287084513E-01  0.0000000000E+00
           -DivStress = -3.0610066874E+03 -6.3826249754E+03 -2.2424509766E-14
           ESP =  -1.4721642754E+01     ESP at Nucleus =  -1.4721642758E+01
           ESPe = -2.7325979424E+01     ESPe at Nucleus = -2.7325974621E+01
           ESPn =  1.2604336669E+01     ESPn at Nucleus =  1.2604331863E+01

CP# 4      Coords = -4.23267312561989E+00 -1.44435865335537E+00  2.32834781007662E-20
           Type = (3,-3) NACP H4
           Rho =  4.3191914541E-01     Rho at Nucleus =  4.2796832795E-01
           GradRho = -3.2278867079E-15 -7.3725747729E-17 -2.7824546526E-19
           HessRho_EigVals = -8.7409132361E+00 -8.7374991745E+00 -7.9600069168E+00
           HessRho_EigVec1 =  0.0000000000E+00  0.0000000000E+00  1.0000000000E+00
           HessRho_EigVec2 =  3.4273611887E-01  9.3943171802E-01  0.0000000000E+00
           HessRho_EigVec3 =  9.3943171802E-01 -3.4273611887E-01  0.0000000000E+00
           DelSqRho = -2.5438419327E+01
           Bond Ellipticity = NA
           V = -6.3766632000E+00
           G =  8.5291840602E-03
           K =  6.3681340159E+00
           L =  6.3596048318E+00
           Vnuc =  4.4543372647E+01
           Ven = -1.9239135447E+01
           Vrep =  1.2862472247E+01
           DelSqV =  1.6379849873E+03
           DelSqVen =  1.1331129916E+03
           DelSqVrep =  5.0487199571E+02
           DelSqG =  1.2541947478E+02
           DelSqK = -1.7634044621E+03
           Stress_EigVals = -2.1921885125E+00 -2.1916327582E+00 -1.9928419292E+00
           Stress_EigVec1 =  0.0000000000E+00  0.0000000000E+00  1.0000000000E+00
           Stress_EigVec2 =  3.4477584098E-01  9.3868504807E-01  0.0000000000E+00
           Stress_EigVec3 =  9.3868504807E-01 -3.4477584098E-01  0.0000000000E+00
           -DivStress = -1.5465758175E+01  5.5620097000E+00 -1.0974542638E-17
           ESP =  -1.0637323002E+00     ESP at Nucleus =  -1.0648520295E+00
           ESPe = -1.3291140035E+01     ESPe at Nucleus = -1.3205493401E+01
           ESPn =  1.2227407735E+01     ESPn at Nucleus =  1.2140641371E+01

CP# 5      Coords = -1.97622646955876E+00 -3.24920611930152E+00 -1.66537218086941E+00
           Type = (3,-3) NACP H5
           Rho =  4.3311000746E-01     Rho at Nucleus =  4.2899925974E-01
           GradRho =  5.2475385148E-17  1.7585759238E-15 -3.3287717201E-16
           HessRho_EigVals = -8.7613386095E+00 -8.7590352864E+00 -7.9543946638E+00
           HessRho_EigVec1 = -6.1669629781E-01  5.8817699551E-01 -5.2319546846E-01
           HessRho_EigVec2 =  7.6731067451E-01  5.9759830544E-01 -2.3261683971E-01
           HessRho_EigVec3 = -1.7584085148E-01  5.4490741166E-01  8.1985114970E-01
           DelSqRho = -2.5474768560E+01
           Bond Ellipticity = NA
           V = -6.3854626405E+00
           G =  8.3852503026E-03
           K =  6.3770773902E+00
           L =  6.3686921399E+00
           Vnuc =  4.4245493460E+01
           Ven = -1.9163166002E+01
           Vrep =  1.2777703362E+01
           DelSqV =  1.6381540970E+03
           DelSqVen =  1.1271437057E+03
           DelSqVrep =  5.1101039130E+02
           DelSqG =  1.2544300027E+02
           DelSqK = -1.7635970973E+03
           Stress_EigVals = -2.1972436789E+00 -2.1968630240E+00 -1.9913559375E+00
           Stress_EigVec1 = -3.6777106356E-01  7.3639578632E-01 -5.6786062612E-01
           Stress_EigVec2 =  9.1281630137E-01  4.0244969917E-01 -6.9286647986E-02
           Stress_EigVec3 = -1.7751294253E-01  5.4383406065E-01  8.2020343191E-01
           -DivStress =  2.9654394286E+00 -9.1689003056E+00 -1.3739118292E+01
           ESP =  -1.0708950523E+00     ESP at Nucleus =  -1.0720647110E+00
           ESPe = -1.3622786938E+01     ESPe at Nucleus = -1.3537411751E+01
           ESPn =  1.2551891886E+01     ESPn at Nucleus =  1.2465347040E+01

CP# 6      Coords = -1.97622646955876E+00 -3.24920611930152E+00  1.66537218086941E+00
           Type = (3,-3) NACP H6
           Rho =  4.3311000746E-01     Rho at Nucleus =  4.2899925974E-01
           GradRho =  3.4043948216E-17  1.7475170616E-15  3.4188960257E-16
           HessRho_EigVals = -8.7613386095E+00 -8.7590352864E+00 -7.9543946638E+00
           HessRho_EigVec1 = -6.1669629781E-01  5.8817699551E-01  5.2319546846E-01
           HessRho_EigVec2 =  7.6731067451E-01  5.9759830544E-01  2.3261683971E-01
           HessRho_EigVec3 =  1.7584085148E-01 -5.4490741166E-01  8.1985114970E-01
           DelSqRho = -2.5474768560E+01
           Bond Ellipticity = NA
           V = -6.3854626405E+00
           G =  8.3852503026E-03
           K =  6.3770773902E+00
           L =  6.3686921399E+00
           Vnuc =  4.4245493460E+01
           Ven = -1.9163166002E+01
           Vrep =  1.2777703362E+01
           DelSqV =  1.6381540970E+03
           DelSqVen =  1.1271437057E+03
           DelSqVrep =  5.1101039130E+02
           DelSqG =  1.2544300027E+02
           DelSqK = -1.7635970973E+03
           Stress_EigVals = -2.1972436789E+00 -2.1968630240E+00 -1.9913559375E+00
           Stress_EigVec1 = -3.6777106355E-01  7.3639578632E-01  5.6786062612E-01
           Stress_EigVec2 =  9.1281630137E-01  4.0244969917E-01  6.9286647986E-02
           Stress_EigVec3 =  1.7751294253E-01 -5.4383406065E-01  8.2020343191E-01
           -DivStress =  2.9654394286E+00 -9.1689003056E+00  1.3739118292E+01
           ESP =  -1.0708950523E+00     ESP at Nucleus =  -1.0720647110E+00
           ESPe = -1.3622786938E+01     ESPe at Nucleus = -1.3537411751E+01
           ESPn =  1.2551891886E+01     ESPn at Nucleus =  1.2465347040E+01

CP# 7      Coords = -3.88301703138646E-01  1.03748488717372E+00 -3.02190150429236E+00
           Type = (3,-3) NACP H7
           Rho =  3.4909950824E-01     Rho at Nucleus =  3.4833891826E-01
           GradRho = -1.1695830936E-16 -4.3281350726E-16  6.0081063388E-16
           HessRho_EigVals = -7.2305994359E+00 -7.2264583912E+00 -7.0130330186E+00
           HessRho_EigVec1 =  9.9241479607E-01 -3.9223874764E-02 -1.1650905627E-01
           HessRho_EigVec2 =  5.4147658444E-02  9.9031743622E-01  1.2782568835E-01
           HessRho_EigVec3 =  1.1036713111E-01 -1.3316479702E-01  9.8492955748E-01
           DelSqRho = -2.1470090846E+01
           Bond Ellipticity = NA
           V = -5.3780673784E+00
           G =  5.2723334609E-03
           K =  5.3727950449E+00
           L =  5.3675227114E+00
           Vnuc =  8.2899756265E+01
           Ven = -2.8940264145E+01
           Vrep =  2.3562196767E+01
           DelSqV =  1.4161206944E+03
           DelSqVen =  1.7798652981E+03
           DelSqVrep = -3.6374460367E+02
           DelSqG =  1.1032110295E+02
           DelSqK = -1.5264417974E+03
           Stress_EigVals = -1.8089275822E+00 -1.8083075746E+00 -1.7608322216E+00
           Stress_EigVec1 = -8.5882017301E-01  4.7825065390E-01  1.8358709781E-01
           Stress_EigVec2 =  4.9875067201E-01  8.6241494604E-01  8.6534548086E-02
           Stress_EigVec3 =  1.1694305284E-01 -1.6588180396E-01  9.7918718819E-01
           -DivStress = -6.1802576039E-01  1.0715860848E+00 -6.4288022588E+00
           ESP =  -1.0384906782E+00     ESP at Nucleus =  -1.0386611077E+00
           ESPe = -1.5773571974E+01     ESPe at Nucleus = -1.5713366014E+01
           ESPn =  1.4735081296E+01     ESPn at Nucleus =  1.4674704907E+01

CP# 8      Coords =  2.87669180845140E+00 -4.42408621875594E-01  1.74510681800053E-24
           Type = (3,-3) NACP O8
           Rho =  2.9836620422E+02     Rho at Nucleus =  2.9836617577E+02
           GradRho = -9.8160155351E-11  2.3543042516E-12 -1.2222349987E-18
           HessRho_EigVals = -1.1136518368E+06 -1.1136227904E+06 -1.1136178554E+06
           HessRho_EigVec1 =  9.3938514028E-01 -3.4286376043E-01  0.0000000000E+00
           HessRho_EigVec2 =  3.4286376043E-01  9.3938514028E-01  0.0000000000E+00
           HessRho_EigVec3 =  0.0000000000E+00  0.0000000000E+00  1.0000000000E+00
           DelSqRho = -3.3408924826E+06
           Bond Ellipticity = NA
           V = -8.3535096877E+05
           G =  6.3924058305E+01
           K =  8.3528704471E+05
           L =  8.3522312065E+05
           Vnuc =  1.1191757000E+06
           Ven = -3.3392420548E+08
           Vrep =  3.3308885451E+08
           DelSqV =  9.3405299975E+10
           DelSqVen =  3.7390456781E+12
           DelSqVrep = -3.6456403771E+12
           DelSqG =  3.1179124573E+09
           DelSqK = -9.6523212432E+10
           Stress_EigVals = -2.7845373360E+05 -2.7845252015E+05 -2.7844471501E+05
           Stress_EigVec1 =  0.0000000000E+00  0.0000000000E+00  1.0000000000E+00
           Stress_EigVec2 =  3.4198067517E-01  9.3970698508E-01  0.0000000000E+00
           Stress_EigVec3 =  9.3970698508E-01 -3.4198067517E-01  0.0000000000E+00
           -DivStress =  2.0596022084E+05 -7.3306520189E+04 -5.1257965957E-14
           ESP =  -2.2388219268E+01     ESP at Nucleus =  -2.2388219556E+01
           ESPe = -3.5423689074E+01     ESPe at Nucleus = -3.5423661764E+01
           ESPn =  1.3035469807E+01     ESPn at Nucleus =  1.3035442208E+01

CP# 9      Coords = -2.69019595440552E-01  9.35459078703385E-01  1.92784843167568E+00
           Type = (3,-1) BCP H2 Se1
           Rho =  1.3393167558E-01
           GradRho =  1.8907469449E-17  1.6479873022E-17 -4.8138576458E-17
           HessRho_EigVals = -2.2741652718E-01 -2.1598676174E-01  2.4669635236E-01
           HessRho_EigVec1 =  9.9212474389E-01  7.1069615988E-02  1.0313875240E-01
           HessRho_EigVec2 = -6.3155891421E-02  9.9494555647E-01 -7.8068386895E-02
           HessRho_EigVec3 = -1.0816573368E-01  7.0939758506E-02  9.9159857035E-01
           DelSqRho = -1.9670693656E-01
           Bond Ellipticity =  5.2918824029E-02
           V = -1.2248324859E-01
           G =  3.6653257224E-02
           K =  8.5829991364E-02
           L =  4.9176734140E-02
           Vnuc =  2.2440705267E+01
           Ven = -3.0055212575E+00
           Vrep =  2.8830380089E+00
           DelSqV = -3.5706776961E-01
           DelSqVen =  4.4142423873E+00
           DelSqVrep = -4.7713101569E+00
           DelSqG =  4.6114019727E-01
           DelSqK = -1.0407242766E-01
           Stress_EigVals = -6.7111271814E-02 -6.6183849346E-02  1.0811872573E-02
           Stress_EigVec1 =  4.8755203298E-01 -8.5697203573E-01  1.6700881750E-01
           Stress_EigVec2 =  8.6400536024E-01  5.0109593679E-01  4.8965289836E-02
           Stress_EigVec3 = -1.2564932397E-01  1.2042338692E-01  9.8473877514E-01
           -DivStress =  6.7650946553E-03 -1.0501775078E-02 -2.8538856331E-02
           ESP =   5.3816795858E-01
           ESPe = -2.1902537308E+01
           ESPn =  2.2440705267E+01
           BPL =  3.0743699526E+00 =  1.1053699526E+00 +  1.9690000000E+00                
           GBL_I =  3.0711221870E+00                                                      
           GBL_II =  3.0847793998E+00                                                     
           GBL_III =  3.0722696800E+00 =  1.1052554512E+00 +  1.9670142287E+00            
           GBL_IV =  3.0859071098E+00 =  1.1198874916E+00 +  1.9660196183E+00             

CP# 10     Coords = -1.22005014358425E+00 -8.03351394226924E-01 -3.40999413782248E-18
           Type = (3,-1) BCP Se1 C3
           Rho =  1.6086489190E-01
           GradRho = -3.8163916471E-17 -3.2959746044E-17 -2.0044925453E-19
           HessRho_EigVals = -2.2503200054E-01 -2.2411819030E-01  2.3625401124E-01
           HessRho_EigVec1 =  0.0000000000E+00  0.0000000000E+00  1.0000000000E+00
           HessRho_EigVec2 =  7.7355335205E-01 -6.3373118239E-01  0.0000000000E+00
           HessRho_EigVec3 =  6.3373118239E-01  7.7355335205E-01  0.0000000000E+00
           DelSqRho = -2.1289617961E-01
           Bond Ellipticity =  4.0773586293E-03
           V = -1.4737088111E-01
           G =  4.7073418104E-02
           K =  1.0029746301E-01
           L =  5.3224044902E-02
           Vnuc =  2.4720217818E+01
           Ven = -3.9766151669E+00
           Vrep =  3.8292442858E+00
           DelSqV = -7.7666209330E-01
           DelSqVen =  5.2628399324E+00
           DelSqVrep = -6.0395020257E+00
           DelSqG =  6.7306334663E-01
           DelSqK =  1.0359874667E-01
           Stress_EigVals = -8.0569603062E-02 -8.0458340323E-02  1.3657062275E-02
           Stress_EigVec1 =  7.6654274054E-01 -6.4219329406E-01  0.0000000000E+00
           Stress_EigVec2 =  0.0000000000E+00  0.0000000000E+00  1.0000000000E+00
           Stress_EigVec3 =  6.4219329406E-01  7.6654274054E-01  0.0000000000E+00
           -DivStress =  6.7432401677E-02  7.9966164632E-02  3.7481686006E-19
           ESP =   5.8885033369E-01
           ESPe = -2.4131367484E+01
           ESPn =  2.4720217818E+01
           BPL =  3.6671293285E+00 =  1.9050000000E+00 +  1.7621293285E+00                
           GBL_I =  3.6670668169E+00                                                      
           GBL_II =  3.6667919445E+00                                                     
           GBL_III =  3.6670929233E+00 =  1.9049764839E+00 +  1.7621164395E+00            
           GBL_IV =  3.6668180458E+00 =  1.9046997323E+00 +  1.7621183135E+00             

CP# 11     Coords = -3.56100769612044E+00 -1.69122723687365E+00  1.40527428238747E-18
           Type = (3,-1) BCP C3 H4
           Rho =  2.8449224264E-01
           GradRho = -2.2638141361E-16  4.0766001685E-17 -6.8580816743E-20
           HessRho_EigVals = -7.6753463860E-01 -7.6574787841E-01  4.3671034303E-01
           HessRho_EigVec1 =  0.0000000000E+00  0.0000000000E+00  1.0000000000E+00
           HessRho_EigVec2 =  3.4607265295E-01  9.3820771627E-01  0.0000000000E+00
           HessRho_EigVec3 =  9.3820771627E-01 -3.4607265295E-01  0.0000000000E+00
           DelSqRho = -1.0965721740E+00
           Bond Ellipticity =  2.3333531063E-03
           V = -3.6391841806E-01
           G =  4.4887687283E-02
           K =  3.1903073078E-01
           L =  2.7414304349E-01
           Vnuc =  1.6203968658E+01
           Ven = -4.6099033831E+00
           Vrep =  4.2459849650E+00
           DelSqV = -1.6488662100E+00
           DelSqVen =  1.7768821138E+01
           DelSqVrep = -1.9417687348E+01
           DelSqG =  1.7211640050E+00
           DelSqK = -7.2297794967E-02
           Stress_EigVals = -2.3448057184E-01 -2.3188147190E-01  1.0244362567E-01
           Stress_EigVec1 =  0.0000000000E+00  0.0000000000E+00  1.0000000000E+00
           Stress_EigVec2 =  3.5075401032E-01  9.3646763118E-01  0.0000000000E+00
           Stress_EigVec3 =  9.3646763118E-01 -3.5075401032E-01  0.0000000000E+00
           -DivStress =  1.0685435386E-01 -4.6763956004E-02  1.4561893363E-19
           ESP =   8.7213234912E-01
           ESPe = -1.5331836309E+01
           ESPn =  1.6203968658E+01
           BPL =  2.0268469623E+00 =  1.3112496624E+00 +  7.1559729987E-01                
           GBL_I =  2.0266092708E+00                                                      
           GBL_II =  2.0575484120E+00                                                     
           GBL_III =  2.0266801900E+00 =  1.3110835531E+00 +  7.1559663688E-01            
           GBL_IV =  2.0576237574E+00 =  1.3110834039E+00 +  7.4654035346E-01             

CP# 12     Coords = -2.09897655586931E+00 -2.86602190651349E+00 -1.08797636657317E+00
           Type = (3,-1) BCP C3 H5
           Rho =  2.8875871012E-01
           GradRho =  9.5409791179E-17 -1.1926223897E-17  1.1275702594E-17
           HessRho_EigVals = -7.9187257145E-01 -7.8924118091E-01  4.5257597190E-01
           HessRho_EigVec1 =  6.5611492508E-01 -5.5771009373E-01  5.0840206180E-01
           HessRho_EigVec2 =  7.3467929194E-01  6.2604248600E-01 -2.6137548416E-01
           HessRho_EigVec3 = -1.7250954489E-01  5.4500482299E-01  8.2049387557E-01
           DelSqRho = -1.1285377805E+00
           Bond Ellipticity =  3.3340765806E-03
           V = -3.6891494701E-01
           G =  4.3390250948E-02
           K =  3.2552469606E-01
           L =  2.8213444512E-01
           Vnuc =  1.6439905108E+01
           Ven = -4.7471657935E+00
           Vrep =  4.3782508465E+00
           DelSqV = -1.8415423383E+00
           DelSqVen =  1.8553054022E+01
           DelSqVrep = -2.0394596360E+01
           DelSqG =  1.7659212136E+00
           DelSqK =  7.5621124752E-02
           Stress_EigVals = -2.3886268510E-01 -2.3670778463E-01  1.0665552272E-01
           Stress_EigVec1 = -6.1482784635E-01  5.9140730117E-01 -5.2175101674E-01
           Stress_EigVec2 =  7.6868753353E-01  5.9732185139E-01 -2.2874894895E-01
           Stress_EigVec3 = -1.7636948473E-01  5.4170472581E-01  8.2185752712E-01
           -DivStress = -1.9713563312E-02  4.5507331649E-02  7.7925988013E-02
           ESP =   8.7048429512E-01
           ESPe = -1.5569420813E+01
           ESPn =  1.6439905108E+01
           BPL =  2.0202457931E+00 =  1.3164815245E+00 +  7.0376426857E-01                
           GBL_I =  2.0199567690E+00                                                      
           GBL_II =  2.0515059981E+00                                                     
           GBL_III =  2.0200109281E+00 =  1.3162470111E+00 +  7.0376391708E-01            
           GBL_IV =  2.0515620854E+00 =  1.3162462363E+00 +  7.3531584910E-01             

CP# 13     Coords = -2.09897655586931E+00 -2.86602190651349E+00  1.08797636657317E+00
           Type = (3,-1) BCP H6 C3
           Rho =  2.8875871012E-01
           GradRho =  8.3266726847E-17  1.5178830415E-18  5.0144350477E-18
           HessRho_EigVals = -7.9187257145E-01 -7.8924118091E-01  4.5257597190E-01
           HessRho_EigVec1 =  6.5611492508E-01 -5.5771009373E-01 -5.0840206180E-01
           HessRho_EigVec2 =  7.3467929194E-01  6.2604248600E-01  2.6137548416E-01
           HessRho_EigVec3 =  1.7250954489E-01 -5.4500482299E-01  8.2049387557E-01
           DelSqRho = -1.1285377805E+00
           Bond Ellipticity =  3.3340765806E-03
           V = -3.6891494701E-01
           G =  4.3390250948E-02
           K =  3.2552469606E-01
           L =  2.8213444512E-01
           Vnuc =  1.6439905108E+01
           Ven = -4.7471657935E+00
           Vrep =  4.3782508465E+00
           DelSqV = -1.8415423383E+00
           DelSqVen =  1.8553054022E+01
           DelSqVrep = -2.0394596360E+01
           DelSqG =  1.7659212136E+00
           DelSqK =  7.5621124752E-02
           Stress_EigVals = -2.3886268510E-01 -2.3670778463E-01  1.0665552272E-01
           Stress_EigVec1 = -6.1482784635E-01  5.9140730117E-01  5.2175101674E-01
           Stress_EigVec2 =  7.6868753353E-01  5.9732185139E-01  2.2874894895E-01
           Stress_EigVec3 =  1.7636948473E-01 -5.4170472581E-01  8.2185752712E-01
           -DivStress = -1.9713563312E-02  4.5507331649E-02 -7.7925988013E-02
           ESP =   8.7048429512E-01
           ESPe = -1.5569420813E+01
           ESPn =  1.6439905108E+01
           BPL =  2.0202457931E+00 =  7.0376426857E-01 +  1.3164815245E+00                
           GBL_I =  2.0199567690E+00                                                      
           GBL_II =  2.0515059981E+00                                                     
           GBL_III =  2.0200109281E+00 =  7.0376391708E-01 +  1.3162470111E+00            
           GBL_IV =  2.0515620854E+00 =  7.3531584910E-01 +  1.3162462363E+00             

CP# 14     Coords = -2.69019595440552E-01  9.35459078703385E-01 -1.92784843167568E+00
           Type = (3,-1) BCP Se1 H7
           Rho =  1.3393167558E-01
           GradRho =  1.2403950480E-17 -6.9388939039E-18  3.5995512127E-17
           HessRho_EigVals = -2.2741652718E-01 -2.1598676174E-01  2.4669635236E-01
           HessRho_EigVec1 =  9.9212474389E-01  7.1069615988E-02 -1.0313875240E-01
           HessRho_EigVec2 = -6.3155891421E-02  9.9494555647E-01  7.8068386895E-02
           HessRho_EigVec3 =  1.0816573368E-01 -7.0939758506E-02  9.9159857035E-01
           DelSqRho = -1.9670693656E-01
           Bond Ellipticity =  5.2918824029E-02
           V = -1.2248324859E-01
           G =  3.6653257224E-02
           K =  8.5829991364E-02
           L =  4.9176734140E-02
           Vnuc =  2.2440705267E+01
           Ven = -3.0055212575E+00
           Vrep =  2.8830380089E+00
           DelSqV = -3.5706776961E-01
           DelSqVen =  4.4142423873E+00
           DelSqVrep = -4.7713101569E+00
           DelSqG =  4.6114019727E-01
           DelSqK = -1.0407242766E-01
           Stress_EigVals = -6.7111271814E-02 -6.6183849346E-02  1.0811872573E-02
           Stress_EigVec1 =  4.8755203298E-01 -8.5697203573E-01 -1.6700881750E-01
           Stress_EigVec2 =  8.6400536024E-01  5.0109593679E-01 -4.8965289836E-02
           Stress_EigVec3 =  1.2564932397E-01 -1.2042338692E-01  9.8473877514E-01
           -DivStress =  6.7650946553E-03 -1.0501775078E-02  2.8538856331E-02
           ESP =   5.3816795858E-01
           ESPe = -2.1902537308E+01
           ESPn =  2.2440705267E+01
           BPL =  3.0743699526E+00 =  1.9690000000E+00 +  1.1053699526E+00                
           GBL_I =  3.0711221870E+00                                                      
           GBL_II =  3.0847793998E+00                                                     
           GBL_III =  3.0722696800E+00 =  1.9670142287E+00 +  1.1052554512E+00            
           GBL_IV =  3.0859071098E+00 =  1.9660196183E+00 +  1.1198874916E+00             

CP# 15     Coords =  1.36953794755562E+00  1.26026170644333E-01 -2.89546349693727E-18
           Type = (3,-1) BCP O8 Se1
           Rho =  2.4094066576E-01
           GradRho = -2.7972416050E-17  1.1709383463E-17 -6.5420123681E-20
           HessRho_EigVals = -3.5412063104E-01 -3.4103113401E-01  1.0340315343E+00
           HessRho_EigVec1 =  0.0000000000E+00  0.0000000000E+00  1.0000000000E+00
           HessRho_EigVec2 =  3.6198659024E-01  9.3218330198E-01  0.0000000000E+00
           HessRho_EigVec3 =  9.3218330198E-01 -3.6198659024E-01  0.0000000000E+00
           DelSqRho =  3.3887976920E-01
           Bond Ellipticity =  3.8382117417E-02
           V = -5.2267577080E-01
           G =  3.0369785655E-01
           K =  2.1897791425E-01
           L = -8.4719942301E-02
           Vnuc =  3.0595553106E+01
           Ven = -7.3717129348E+00
           Vrep =  6.8490371640E+00
           DelSqV = -4.7254043675E+00
           DelSqVen = -1.0368213975E+01
           DelSqVrep =  5.6428096078E+00
           DelSqG =  6.2316795506E+00
           DelSqK = -1.5062751831E+00
           Stress_EigVals = -2.1257858429E-01 -2.1150259915E-01 -9.8594587360E-02
           Stress_EigVec1 =  3.4399375411E-01  9.3897193629E-01  0.0000000000E+00
           Stress_EigVec2 =  0.0000000000E+00  0.0000000000E+00  1.0000000000E+00
           Stress_EigVec3 =  9.3897193629E-01 -3.4399375411E-01  0.0000000000E+00
           -DivStress = -4.3044099469E-01  1.6619428499E-01  7.1198554996E-19
           ESP =   1.2146533027E+00
           ESPe = -2.9380899804E+01
           ESPn =  3.0595553106E+01
           BPL =  3.0808009778E+00 =  1.6108009778E+00 +  1.4700000000E+00                
           GBL_I =  3.0807420508E+00                                                      
           GBL_II =  3.0804494670E+00                                                     
           GBL_III =  3.0807857270E+00 =  1.6107857939E+00 +  1.4699999331E+00            
           GBL_IV =  3.0804931392E+00 =  1.6107929408E+00 +  1.4697001983E+00             

Number of NACPs  =      8
Number of NNACPs =      0
Number of BCPs   =      7
Number of RCPs   =      0
Number of CCPs   =      0
NumNACP + NumNNACP - NumBCP + NumRCP - NumCCP =      1
Poincare-Hopf Relationship is Satisfied

Bond Path Angles and Corresponding Geometric Bond Angles:
--------------------------------------------------------
  BPA     = A-B-C Bond Path Angle
  GBA_I   = A-B-C Geometric Bond Angle in Terms of Nuclear Attractors
  GBA_II  = A-B-C Geometric Bond Angle in Terms of Nuclei
  GBA_III = A-B-C Geometric Bond Angle in Terms of A|B and C|B BCPs and Nuclear Attractor B
  GBA_IV  = A-B-C Geometric Bond Angle in Terms of A|B and C|B BCPs and Nucleus B
-------------------------------------------------------------------------------------------------
Atom A    Atom B    Atom C        BPA          GBA_I         GBA_II       GBA_III       GBA_IV
-------------------------------------------------------------------------------------------------
C3        Se1       H2         91.89490683   90.81498231   90.82861672   91.15877861   91.15838223
H4        C3        Se1       107.28239126  108.79519510  108.81094355  108.21629034  108.21619133
H5        C3        Se1       105.68865443  107.39982432  107.40832546  107.21983980  107.21977235
H5        C3        H4        112.19390068  111.00783044  111.00128514  111.23215577  111.23221470
H6        C3        Se1       105.68865443  107.39982432  107.40832546  107.21983980  107.21977235
H6        C3        H4        112.19390068  111.00783044  111.00128514  111.23215577  111.23221470
H6        C3        H5        113.17032448  111.06742547  111.04962330  111.49691866  111.49701772
