AIMSum (Version 19.10.12, Professional)
Copyright (c) 1997-2019 by Todd A. Keith
AIMSum is a component of the AIMAll package ( http://aim.tkgristmill.com )

TP:  64-bit Mac OS X

Much of the Quantum Theory of Atoms in Molecules (QTAIM) is described in the book:
  "Atoms in Molecules - A Quantum Theory"
  R.F.W. Bader, Oxford University Press, Oxford, 1990

For additional references see:  http://aim.tkgristmill.com/references.html

Wfx File:  /Users/chemlab/Documents/SubstituentCoding/BCP Map Reference/BCPMapReference/SubH_NHCHO_wb97xd_aug-cc-pvtz_reor.wfx
Sum File:  /Users/chemlab/Documents/SubstituentCoding/BCP Map Reference/BCPMapReference/SubH_NHCHO_wb97xd_aug-cc-pvtz_reor.sum

SumViz File:  /Users/chemlab/Documents/SubstituentCoding/BCP Map Reference/BCPMapReference/SubH_NHCHO_wb97xd_aug-cc-pvtz_reor.sumviz

Wfx Title:   single point on SubH_NHCHO_wb97xd_aug-cc-pvtz reoriented by subproptools      
 
Total memory allocated for AIMSum =        0.380 Megabytes

Atomic units (a.u.) used throughout, except where stated otherwise

Model:  Restricted SCF
 
Restricted, closed-shell, single-determinant wavefunction.
  Number of electrons (from MO Occs)                   =          24.0000000000
  Number of Alpha electrons (from MO Occs)             =          12.0000000000
  Number of Beta electrons (from MO Occs)              =          12.0000000000
  Number of electron pairs (N*(N-1)/2)                 =         276.0000000000
  Number of electron pairs (from Muller 2EDM)          =         276.0000000000
 
Nuclear Charges and Cartesian Coordinates:
-------------------------------------------------------------------------------
Atom      Charge                X                  Y                  Z
-------------------------------------------------------------------------------
N1         7.0           0.0000000000E+00   0.0000000000E+00   0.0000000000E+00
H2         1.0          -1.8931333008E+00   0.0000000000E+00   0.0000000000E+00
C3         6.0           1.3291728848E+00  -2.1859236871E+00  -2.4413522981E-04
O4         8.0           3.6047168333E+00  -2.3243328976E+00  -3.0363476863E-04
H5         1.0           1.0124018740E-01  -3.8710416052E+00  -2.3143249080E-04
H6         1.0           9.3163308968E-01   1.6544387814E+00   0.0000000000E+00
 
Some Atomic Properties:
----------------------
  q(A) = Net Charge of Atom A
  L(A) = Lagrangian of Atom A = -(1/4) Times Atomic Integral of the Laplacian of the Electron Density
  K(A) = Electronic Kinetic Energy of Atom A (Hamiltonian Form)
  K_Scaled(A) = K(A) * E(Mol)/K(Mol) = Approximation to Virial-Based Total Energy of Atom A.
  |Mu_Intra(A)| = Magnitude of Intraatomic Dipole Moment of Atom A
--------------------------------------------------------------------------------------------------
Atom A          q(A)              L(A)              K(A)          K_Scaled(A)      |Mu_Intra(A)|
--------------------------------------------------------------------------------------------------
N1       -1.2290831025E+00 -5.9065872836E-05  5.5055621133E+01 -5.5367756943E+01  1.4990934341E-01
H2        4.1847922854E-01  5.3894012958E-06  4.5495188086E-01 -4.5753121373E-01  1.6925427101E-01
C3        1.5617780809E+00  9.1129818667E-05  3.6877382493E+01 -3.7086457450E+01  7.6385913872E-01
O4       -1.2033939908E+00  2.2310187930E-05  7.5503459799E+01 -7.5931523875E+01  4.8270431569E-01
H5        2.2272357430E-02  2.1454341304E-05  6.1291044474E-01 -6.1638531786E-01  1.4499301629E-01
H6        4.3003137411E-01  2.6654623477E-05  4.4706197492E-01 -4.4959657627E-01  1.6609104562E-01
--------------------------------------------------------------------------------------------------
Total     8.3947679999E-05  1.0787249984E-04  1.6895138773E+02 -1.6990925138E+02
 
1st Largest |L(A)| = 9.1129818667E-05, atom C3      
2nd Largest |L(A)| = 5.9065872836E-05, atom N1      
 
Molecular charge q(Mol) from the wfx file:   0.0000000000E+00
Molecular energy E(Mol) from the wfx file:  -1.6990922886E+02
Molecular virial ratio (-V(Mol)/T(Mol)) from the wfx file:   2.0056694631E+00
Note.  K_Scaled(A) = (1+V(Mol)/T(Mol))*K(A) = (E(Mol)/T(Mol))*K(A)
       Only use K_Scaled(A) data with caution.
 
N_AIMInt(SumA)     =         23.999916
N_Analytic(Mol)    =         24.000000
 
G_AIMInt(SumA)     =        168.951280
G_Analytic(Mol)    =        168.951365
 
K_AIMInt(SumA)     =        168.951388
K_Analytic(Mol)    =        168.951365
 
L_AIMInt(SumA)     =          0.000108
L_Analytic(Mol)    =          0.000000
 
VenT_AIMInt(SumA)  =       -541.459192
VenT_Analytic(Mol) =       -541.459840
 
Some Information About the Atomic Calculations:
----------------------------------------------
  Time(sec) = "Elapsed User Time", in Seconds, for Atom A by AIMInt and, if used, by TWOe
  NProc = Number of Processors Used for AIMInt Job
  BIM = Basin Integration Method
  OAQ = Angular Quadrature Outside of Beta Sphere
  ORQ = Multiple of Default for Radial Quadrature Outside of Beta Sphere
  IAQ = Multiple of Default for Angular Quadrature Inside of Beta Sphere
  IRQ = Multiple of Default for Radial Quadrature Inside of Beta Sphere
  MIR = Maximum Integration Radius
------------------------------------------------------------------------------------------------------
Atom A     Time(sec)   NProc      BIM          OAQ                     ORQ      IAQ      IRQ      MIR
------------------------------------------------------------------------------------------------------
N1             43        2     Proaim(5)    4500(GS4)                  1.00     1.00     1.00    13.00
H2             13        2     Proaim(5)    1800(GS4)                  1.00     1.00     1.00    13.00
C3             41        2     Proaim(5)    4500(GS4)                  1.00     1.00     1.00    13.00
O4             23        2     Proaim(5)    2700(GS4)                  1.00     1.00     1.00    13.00
H5             17        2     Proaim(5)    1800(GS4)                  1.00     1.00     1.00    13.00
H6             14        2     Proaim(5)    1800(GS4)                  1.00     1.00     1.00    13.00
------------------------------------------------------------------------------------------------------
Total         151
Note:  Total wall clock time is less than total of atomic times if more than one atom
       was calculated at a time
 
Electron Density Critical Point Analysis of Molecular Structure:               
---------------------------------------------------------------                
  NACP = Nuclear Attractor Critical Point                                      
  NNACP = Non-Nuclear Attractor Critical Point                                 
  BCP = Bond Critical Point                                                    
  RCP = Ring Critical Point                                                    
  CCP = Cage Critical Point                                                    
  Rho = Electron Density                                                       
  GradRho = Gradient of Electron Density                                       
  HessRho_EigVals = Eigenvalues of the Hessian of Rho, Ascending Order         
  HessRho_EigVecs = Eigenvectors of the Hessian of Rho                         
  DelSqRho = Laplacian of Rho = Trace of Hessian of Rho                        
  Bond Ellipticity = (HessRho_EigVal(1) / HessRho_EigVal(2)) - 1               
  V = Virial Field = Potential Energy Density = Trace of Stress Tensor         
  G = Lagrangian Form of Kinetic Energy Density                                
  K = Hamiltonian Form of Kinetic Energy Density                               
  L = K - G = Lagrangian Density = (-1/4)DelSqRho                              
  Vnuc = Electrostatic Potential from Nuclei                                   
  Ven = Electron-nuclear attractive contribution to Virial Field V             
  Vrep = V - Ven = Repulsive contribution to Virial Field V                    
  DelSqV = Laplacian of V                                                      
  DelSqVen = Laplacian of Ven                                                  
  DelSqVrep = Laplacian of Vrep                                                
  DelSqG = Laplacian of G                                                      
  DelSqK = Laplacian of K                                                      
  Stress_EigVals = Eigenvalues of Stress Tensor, Ascending Order               
  Stress_EigVecs = Eigenvectors of Stress Tensor                               
  -DivStress = Ehrenfest Force Density = Minus Divergence of Stress Tensor     
  ESP = Total Electrostatic Potential                                          
  ESPe = Electrostatic Potential from Electrons                                
  ESPn = Electrostatic Potential from Nuclei                                   
  BP = Bond Path                                                               
  BPL = Bond Path Length                                                       
  GBL = Geometric Bond Length                                                  
  GBL_I = Distance Between Nuclear Attractors                                  
  GBL_II = Distance Between Nuclei                                             
  GBL_III = Sum of Distances Between BCP and Nuclear Attractors                
  GBL_IV = Sum of Distances Between BCP and Nuclei                             

CP# 1      Coords = -3.26497731628160E-07  2.05496979221287E-07 -6.86338306498524E-10
           Type = (3,-3) NACP N1
           Rho =  1.9584956387E+02     Rho at Nucleus =  1.9584956383E+02
           GradRho = -1.8369272076E-10  1.1645684417E-10 -3.8431009677E-13
           HessRho_EigVals = -5.5231360029E+05 -5.5231317401E+05 -5.5230307916E+05
           HessRho_EigVec1 = -6.9256945590E-01  7.2135119280E-01  7.3503489119E-05
           HessRho_EigVec2 =  7.2135119561E-01  6.9256945660E-01  1.9517936099E-05
           HessRho_EigVec3 =  3.6826985031E-05 -6.6539356141E-05  9.9999999711E-01
           DelSqRho = -1.6569298535E+06
           Bond Ellipticity = NA
           V = -4.1428381841E+05
           G =  2.5677522974E+01
           K =  4.1425814089E+05
           L =  4.1423246337E+05
           Vnuc =  1.8144816023E+07
           Ven = -3.5536543046E+09
           Vrep =  3.5532400208E+09
           DelSqV =  3.4542408287E+10
           DelSqVen =  3.0064666214E+13
           DelSqVrep = -3.0030128000E+13
           DelSqG =  1.1683205570E+09
           DelSqK = -3.5710728844E+10
           Stress_EigVals = -1.3809609572E+05 -1.3809387680E+05 -1.3809384589E+05
           Stress_EigVec1 =  3.6615597084E-05 -6.7606056177E-05  9.9999999704E-01
           Stress_EigVec2 = -1.1865991436E-02  9.9992959433E-01  6.8035776890E-05
           Stress_EigVec3 =  9.9992959597E-01  1.1865993892E-02 -3.5810806255E-05
           -DivStress =  3.6878643587E+03 -2.3113864050E+03  7.7628336952E+00
           ESP =  -1.8341535308E+01     ESP at Nucleus =  -1.8341535311E+01
           ESPe = -2.3865155216E+01     ESPe at Nucleus = -2.3865155621E+01
           ESPn =  5.5236199078E+00     ESPn at Nucleus =  5.5236203100E+00

CP# 2      Coords = -1.85015100090293E+00 -1.83703360385462E-04 -1.53735823583675E-07
           Type = (3,-3) NACP H2
           Rho =  4.3152439712E-01     Rho at Nucleus =  4.2438119215E-01
           GradRho =  3.8857805862E-16 -1.2143064332E-17  1.6940658945E-21
           HessRho_EigVals = -8.5172838235E+00 -8.4926093873E+00 -7.1887862618E+00
           HessRho_EigVec1 =  3.6057556505E-03  9.9999349714E-01  6.4852788933E-05
           HessRho_EigVec2 =  2.0419610727E-06 -6.4860573389E-05  9.9999999789E-01
           HessRho_EigVec3 =  9.9999349924E-01 -3.6057555105E-03 -2.2758191731E-06
           DelSqRho = -2.4198679472E+01
           Bond Ellipticity = NA
           V = -6.0878150235E+00
           G =  1.9072577685E-02
           K =  6.0687424458E+00
           L =  6.0496698681E+00
           Vnuc =  3.0492653145E+01
           Ven = -1.3158323765E+01
           Vrep =  7.0705087415E+00
           DelSqV =  1.5101152190E+03
           DelSqVen =  7.3788193973E+02
           DelSqVrep =  7.7223327925E+02
           DelSqG =  1.1445427443E+02
           DelSqK = -1.6245694934E+03
           Stress_EigVals = -2.1463908086E+00 -2.1391658298E+00 -1.8022583851E+00
           Stress_EigVec1 =  2.8371634875E-06 -5.2902525032E-05  9.9999999860E-01
           Stress_EigVec2 =  2.5999866832E-03  9.9999661863E-01  5.2894969636E-05
           Stress_EigVec3 =  9.9999662002E-01 -2.5999865295E-03 -2.9746997546E-06
           -DivStress = -2.1676686986E+01  8.8442941224E-02  7.7704057443E-05
           ESP =  -9.9870769816E-01     ESP at Nucleus =  -1.0010631080E+00
           ESPe = -8.2261826185E+00     ESPe at Nucleus = -8.1149320585E+00
           ESPn =  7.2274749203E+00     ESPn at Nucleus =  7.1138689505E+00

CP# 3      Coords =  1.32917182833340E+00 -2.18592130806696E+00 -2.44135038497775E-04
           Type = (3,-3) NACP C3
           Rho =  1.2113208860E+02     Rho at Nucleus =  1.2113208775E+02
           GradRho =  2.5229818235E-11  3.6819214344E-11 -5.7633476984E-16
           HessRho_EigVals = -2.4867493917E+05 -2.4867247385E+05 -2.4867118865E+05
           HessRho_EigVec1 =  2.9470930210E-05 -5.0904156951E-05  9.9999999827E-01
           HessRho_EigVec2 = -4.9584242052E-01  8.6841251174E-01  5.8818744268E-05
           HessRho_EigVec3 =  8.6841251323E-01  4.9584242140E-01 -3.5248412970E-07
           DelSqRho = -7.4601860167E+05
           Bond Ellipticity = NA
           V = -1.8651925544E+05
           G =  7.3025129441E+00
           K =  1.8651195293E+05
           L =  1.8650465042E+05
           Vnuc =  2.3050287289E+06
           Ven = -2.7921294420E+08
           Vrep =  2.7902642495E+08
           DelSqV =  1.1220917617E+10
           DelSqVen =  1.7195942871E+12
           DelSqVrep = -1.7083733695E+12
           DelSqG =  3.8291006585E+08
           DelSqK = -1.1603827683E+10
           Stress_EigVals = -6.2173649314E+04 -6.2173228048E+04 -6.2172378082E+04
           Stress_EigVec1 =  9.6153367749E-01  2.7468707055E-01 -1.7965304518E-05
           Stress_EigVec2 = -2.7468706911E-01  9.6153367629E-01  5.8485306534E-05
           Stress_EigVec3 =  3.3339402821E-05 -5.1300755027E-05  9.9999999813E-01
           -DivStress =  3.8876386813E+03 -8.7343864906E+03 -7.0221163871E-01
           ESP =  -1.4659922975E+01     ESP at Nucleus =  -1.4659922995E+01
           ESPe = -2.1900692455E+01     ESPe at Nucleus = -2.1900691547E+01
           ESPn =  7.2407694805E+00     ESPn at Nucleus =  7.2407685523E+00

CP# 4      Coords =  3.60470960116216E+00 -2.32433210423692E+00 -3.03634628578000E-04
           Type = (3,-3) NACP O4
           Rho =  2.9805856644E+02     Rho at Nucleus =  2.9805853699E+02
           GradRho = -1.6665779867E-10  1.2282797002E-10 -1.5911751083E-15
           HessRho_EigVals = -1.1125816988E+06 -1.1125777557E+06 -1.1125551852E+06
           HessRho_EigVec1 =  1.2676686470E-04 -6.5962556334E-05  9.9999998979E-01
           HessRho_EigVec2 =  9.9790363181E-01 -6.4717266007E-02 -1.3077003232E-04
           HessRho_EigVec3 =  6.4717273972E-02  9.9790363820E-01  5.7620269625E-05
           DelSqRho = -3.3377146397E+06
           Bond Ellipticity = NA
           V = -8.3455990460E+05
           G =  6.5622338058E+01
           K =  8.3449428226E+05
           L =  8.3442865992E+05
           Vnuc =  1.0995827796E+06
           Ven = -3.2774006696E+08
           Vrep =  3.2690550705E+08
           DelSqV =  9.3317580304E+10
           DelSqVen =  3.6700935383E+12
           DelSqVrep = -3.5767759590E+12
           DelSqG =  3.1152069711E+09
           DelSqK = -9.6432787275E+10
           Stress_EigVals = -2.7819080038E+05 -2.7818481461E+05 -2.7818428961E+05
           Stress_EigVec1 =  7.0225694699E-02  9.9753112659E-01  5.7379721208E-05
           Stress_EigVec2 =  9.9753110193E-01 -7.0225679518E-02 -2.3372279435E-04
           Stress_EigVec3 =  2.2911623244E-04 -7.3651402125E-05  9.9999997104E-01
           -DivStress =  2.2092511410E+05 -2.4231920488E+04 -4.2771958304E+00
           ESP =  -2.2375638079E+01     ESP at Nucleus =  -2.2375638381E+01
           ESPe = -2.7276828619E+01     ESPe at Nucleus = -2.7276817227E+01
           ESPn =  4.9011905407E+00     ESPn at Nucleus =  4.9011788458E+00

CP# 5      Coords =  1.18349616837999E-01 -3.84585841656060E+00 -2.31773266873563E-04
           Type = (3,-3) NACP H5
           Rho =  4.4034051712E-01     Rho at Nucleus =  4.3644120273E-01
           GradRho =  2.6367796835E-15  3.3350058826E-15  1.6940658945E-21
           HessRho_EigVals = -8.9233916412E+00 -8.9042937455E+00 -8.1251484261E+00
           HessRho_EigVec1 =  8.1963832613E-01 -5.7288132155E-01 -7.5867731182E-05
           HessRho_EigVec2 =  6.8651780477E-05 -3.4209704149E-05  9.9999999706E-01
           HessRho_EigVec3 =  5.7288132246E-01  8.1963832893E-01 -1.1289738080E-05
           DelSqRho = -2.5952833813E+01
           Bond Ellipticity = NA
           V = -6.5011232695E+00
           G =  6.4574081275E-03
           K =  6.4946658613E+00
           L =  6.4882084532E+00
           Vnuc =  4.0098505555E+01
           Ven = -1.7656996672E+01
           Vrep =  1.1155873402E+01
           DelSqV =  1.6714354613E+03
           DelSqVen =  1.0406698508E+03
           DelSqVrep =  6.3076561047E+02
           DelSqG =  1.2795428791E+02
           DelSqK = -1.7993897492E+03
           Stress_EigVals = -2.2346675562E+00 -2.2300772680E+00 -2.0363784452E+00
           Stress_EigVec1 =  8.2149172013E-01 -5.7022043897E-01 -6.8857232908E-05
           Stress_EigVec2 =  6.3193982009E-05 -2.9714648231E-05  9.9999999756E-01
           Stress_EigVec3 =  5.7022043962E-01  8.2149172248E-01 -1.1624162673E-05
           -DivStress = -9.2547413794E+00 -1.3625469243E+01  1.8600237701E-04
           ESP =  -1.0864537282E+00     ESP at Nucleus =  -1.0875401048E+00
           ESPe = -8.3393313123E+00     ESPe at Nucleus = -8.2703922409E+00
           ESPn =  7.2528775841E+00     ESPn at Nucleus =  7.1828521362E+00

CP# 6      Coords =  9.10065560612708E-01  1.61695967597043E+00 -9.55004368244508E-08
           Type = (3,-3) NACP H6
           Rho =  4.2707840751E-01     Rho at Nucleus =  4.1993510340E-01
           GradRho = -4.0906861232E-13 -7.1233990928E-13 -1.5685991392E-18
           HessRho_EigVals = -8.4223109244E+00 -8.3988664534E+00 -7.0963458050E+00
           HessRho_EigVec1 =  8.6851521718E-01 -4.9566249968E-01 -6.2710431949E-05
           HessRho_EigVec2 =  5.3792402086E-05 -3.2261694309E-05  9.9999999803E-01
           HessRho_EigVec3 =  4.9566250073E-01  8.6851521885E-01  1.3568959583E-06
           DelSqRho = -2.3917523183E+01
           Bond Ellipticity = NA
           V = -6.0157489753E+00
           G =  1.8184089792E-02
           K =  5.9975648855E+00
           L =  5.9793807957E+00
           Vnuc =  3.0631604984E+01
           Ven = -1.3082097076E+01
           Vrep =  7.0663481007E+00
           DelSqV =  1.4910502326E+03
           DelSqVen =  7.3263212233E+02
           DelSqVrep =  7.5841811025E+02
           DelSqG =  1.1295859023E+02
           DelSqK = -1.6040088228E+03
           Stress_EigVals = -2.1213331764E+00 -2.1150146148E+00 -1.7794011841E+00
           Stress_EigVec1 =  4.4707944489E-05 -2.7659647997E-05  9.9999999862E-01
           Stress_EigVec2 =  8.6765262166E-01 -4.9717092168E-01 -5.2542538006E-05
           Stress_EigVec3 =  4.9717092244E-01  8.6765262281E-01  1.7714761308E-06
           -DivStress =  1.0752250990E+01  1.8674608868E+01  4.7226260473E-05
           ESP =  -1.0031999542E+00     ESP at Nucleus =  -1.0055511878E+00
           ESPe = -8.5089613191E+00     ESPe at Nucleus = -8.3997391376E+00
           ESPn =  7.5057613649E+00     ESPn at Nucleus =  7.3941879498E+00

CP# 7      Coords = -1.41200230311608E+00 -1.68156695509437E-03 -7.52047493047006E-07
           Type = (3,-1) BCP N1 H2
           Rho =  3.5308799079E-01
           GradRho =  1.3487475026E-16  3.1225022568E-17 -1.6940658945E-21
           HessRho_EigVals = -1.4177850494E+00 -1.3545076259E+00  7.9108106414E-01
           HessRho_EigVec1 =  3.0709570019E-03  9.9999528293E-01  5.7749591678E-05
           HessRho_EigVec2 =  2.0967558578E-07 -5.7750507899E-05  9.9999999833E-01
           HessRho_EigVec3 =  9.9999528460E-01 -3.0709569846E-03 -3.8702392332E-07
           DelSqRho = -1.9812116111E+00
           Bond Ellipticity =  4.6716181069E-02
           V = -6.0979515953E-01
           G =  5.7246128381E-02
           K =  5.5254903115E-01
           L =  4.9530290277E-01
           Vnuc =  1.0784015156E+01
           Ven = -3.8077062440E+00
           Vrep =  3.1979110844E+00
           DelSqV =  7.3131629436E-01
           DelSqVen =  2.1365416040E+01
           DelSqVrep = -2.0634099746E+01
           DelSqG =  3.7240160632E+00
           DelSqK = -4.4553323576E+00
           Stress_EigVals = -4.0756596756E-01 -3.8924914767E-01  1.8701995570E-01
           Stress_EigVec1 =  1.0394610807E-06 -6.0221268691E-05  9.9999999819E-01
           Stress_EigVec2 =  1.4364567514E-03  9.9999896648E-01  6.0219713419E-05
           Stress_EigVec3 =  9.9999896829E-01 -1.4364566862E-03 -1.1259652543E-06
           -DivStress = -1.4141398482E+00  5.8333023036E-03  2.5152650631E-06
           ESP =   1.3574617967E+00
           ESPe = -9.4265533588E+00
           ESPn =  1.0784015156E+01
           BPL =  1.8501775868E+00 =  1.4120263167E+00 +  4.3815127011E-01                
           GBL_I =  1.8501506836E+00                                                      
           GBL_II =  1.8931333008E+00                                                     
           GBL_III =  1.8501542363E+00 =  1.4120029782E+00 +  4.3815125812E-01            
           GBL_IV =  1.8931372406E+00 =  1.4120033044E+00 +  4.8113393621E-01             

CP# 8      Coords =  8.52352234961279E-01 -1.39542331771612E+00 -1.63761637435588E-04
           Type = (3,-1) BCP N1 C3
           Rho =  3.2693718717E-01
           GradRho = -9.0205620751E-17  9.2807705965E-17 -3.3881317890E-20
           HessRho_EigVals = -7.5650210621E-01 -6.7551697900E-01  5.0412880380E-01
           HessRho_EigVec1 =  8.5683327201E-01  5.1559358406E-01 -6.9740678912E-06
           HessRho_EigVec2 =  5.6915480829E-05 -8.1058048628E-05  9.9999999510E-01
           HessRho_EigVec3 = -5.1559358097E-01  8.5683326820E-01  9.8798489778E-05
           DelSqRho = -9.2789028141E-01
           Bond Ellipticity =  1.1988614606E-01
           V = -7.2612870727E-01
           G =  2.4707806846E-01
           K =  4.7905063881E-01
           L =  2.3197257035E-01
           Vnuc =  1.4573269925E+01
           Ven = -4.7645438771E+00
           Vrep =  4.0384151698E+00
           DelSqV = -5.5727426699E+00
           DelSqVen =  1.3522395532E+01
           DelSqVrep = -1.9095138201E+01
           DelSqG =  8.0175817587E+00
           DelSqK = -2.4448390888E+00
           Stress_EigVals = -3.5055769796E-01 -3.4397013199E-01 -3.1600877326E-02
           Stress_EigVec1 =  4.2504308885E-05 -8.8532069667E-05  9.9999999518E-01
           Stress_EigVec2 =  8.4865497016E-01  5.2894682295E-01  1.0757264043E-05
           Stress_EigVec3 = -5.2894682135E-01  8.4865496561E-01  9.7615700087E-05
           -DivStress =  5.4045382991E-01 -8.9769321203E-01 -9.1169367510E-05
           ESP =   1.5972777347E+00
           ESPe = -1.2975992190E+01
           ESPn =  1.4573269925E+01
           BPL =  2.5583241366E+00 =  1.6351523924E+00 +  9.2317174418E-01                
           GBL_I =  2.5583102901E+00                                                      
           GBL_II =  2.5583125264E+00                                                     
           GBL_III =  2.5583194643E+00 =  1.6351488388E+00 +  9.2317062552E-01            
           GBL_IV =  2.5583217015E+00 =  1.6351484932E+00 +  9.2317320828E-01             

CP# 9      Coords =  2.10839277613493E+00 -2.22073593653658E+00 -2.65054534445099E-04
           Type = (3,-1) BCP O4 C3
           Rho =  4.2550601128E-01
           GradRho =  2.2204460493E-16  6.9388939039E-17  8.1315162936E-20
           HessRho_EigVals = -1.1502380920E+00 -1.0429317491E+00  1.8660600216E+00
           HessRho_EigVec1 =  6.1789764747E-02  9.9808918494E-01  6.2333359990E-05
           HessRho_EigVec2 =  2.1118937740E-05 -6.3760127857E-05  9.9999999774E-01
           HessRho_EigVec3 =  9.9808918666E-01 -6.1789763291E-02 -2.5018306656E-05
           DelSqRho = -3.2710981950E-01
           Bond Ellipticity =  1.0288913240E-01
           V = -1.4200638679E+00
           G =  6.6914320650E-01
           K =  7.5092066137E-01
           L =  8.1777454874E-02
           Vnuc =  1.6162219199E+01
           Ven = -6.8771214249E+00
           Vrep =  5.4570575570E+00
           DelSqV = -1.8021228308E+01
           DelSqVen =  5.2868206049E+00
           DelSqVrep = -2.3308048913E+01
           DelSqG =  3.0554584862E+01
           DelSqK = -1.2533356555E+01
           Stress_EigVals = -6.2222803628E-01 -6.1200239821E-01 -1.8583343337E-01
           Stress_EigVec1 =  1.7049400012E-05 -8.5318653372E-05  9.9999999622E-01
           Stress_EigVec2 =  6.5003556877E-02  9.9788502871E-01  8.4029935544E-05
           Stress_EigVec3 =  9.9788503211E-01 -6.5003555198E-02 -2.2559356958E-05
           -DivStress = -2.5368770035E+00  1.2097301844E-01  6.7659385685E-05
           ESP =   2.2493421584E+00
           ESPe = -1.3912877041E+01
           ESPn =  1.6162219199E+01
           BPL =  2.2799204030E+00 =  1.4999017831E+00 +  7.8001861987E-01                
           GBL_I =  2.2797433425E+00                                                      
           GBL_II =  2.2797494105E+00                                                     
           GBL_III =  2.2798970303E+00 =  1.4998987327E+00 +  7.7999829762E-01            
           GBL_IV =  2.2799031384E+00 =  1.4999060023E+00 +  7.7999713604E-01             

CP# 10     Coords =  5.27915679771913E-01 -3.27179570382188E+00 -2.39484821281581E-04
           Type = (3,-1) BCP C3 H5
           Rho =  2.8942251686E-01
           GradRho = -1.3877787808E-16  7.1123662515E-17  1.6940658945E-21
           HessRho_EigVals = -8.3052755397E-01 -8.1182645428E-01  4.9002496469E-01
           HessRho_EigVec1 =  8.0955532122E-01 -5.8704358719E-01 -9.2811072657E-05
           HessRho_EigVec2 =  8.1610205160E-05 -4.5555554957E-05  9.9999999563E-01
           HessRho_EigVec3 =  5.8704358886E-01  8.0955532526E-01 -1.1029005663E-05
           DelSqRho = -1.1523290436E+00
           Bond Ellipticity =  2.3035834316E-02
           V = -3.5067609661E-01
           G =  3.1296917862E-02
           K =  3.1937917875E-01
           L =  2.8808226089E-01
           Vnuc =  1.0850637861E+01
           Ven = -3.1404189193E+00
           Vrep =  2.7897428227E+00
           DelSqV = -1.8734316699E+00
           DelSqVen =  1.2503505149E+01
           DelSqVrep = -1.4376936818E+01
           DelSqG =  1.7086323826E+00
           DelSqK =  1.6479928730E-01
           Stress_EigVals = -2.3286427445E-01 -2.2649857182E-01  1.0868674965E-01
           Stress_EigVec1 =  8.1088441844E-01 -5.8520633631E-01 -6.2269628548E-05
           Stress_EigVec2 =  5.7327265306E-05 -2.6971413766E-05  9.9999999799E-01
           Stress_EigVec3 =  5.8520633681E-01  8.1088442038E-01 -1.1677579734E-05
           -DivStress =  4.6862966225E-02  6.0934117314E-02  2.8553556581E-06
           ESP =   8.3827390554E-01
           ESPe = -1.0012363956E+01
           ESPn =  1.0850637861E+01
           BPL =  2.0547215653E+00 =  1.3495214875E+00 +  7.0520007780E-01                
           GBL_I =  2.0546244504E+00                                                      
           GBL_II =  2.0850518237E+00                                                     
           GBL_III =  2.0546837988E+00 =  1.3494942086E+00 +  7.0518959020E-01            
           GBL_IV =  2.0851202907E+00 =  1.3494929216E+00 +  7.3562736911E-01             

CP# 11     Coords =  6.95291047996255E-01  1.23859842028863E+00 -4.21801719611969E-07
           Type = (3,-1) BCP H6 N1
           Rho =  3.5030375012E-01
           GradRho = -3.4694469520E-16 -6.8001160258E-16 -6.1409888676E-21
           HessRho_EigVals = -1.4125985037E+00 -1.3533828370E+00  7.8134417668E-01
           HessRho_EigVec1 =  8.7100571361E-01 -4.9127288113E-01 -5.5970654287E-05
           HessRho_EigVec2 =  4.8693355774E-05 -2.7598639427E-05  9.9999999843E-01
           HessRho_EigVec3 =  4.9127288190E-01  8.7100571497E-01  1.1684744584E-07
           DelSqRho = -1.9846371640E+00
           Bond Ellipticity =  4.3753818271E-02
           V = -6.0551457750E-01
           G =  5.4677643257E-02
           K =  5.5083693425E-01
           L =  4.9615929099E-01
           Vnuc =  1.1023715360E+01
           Ven = -3.8616488307E+00
           Vrep =  3.2561342532E+00
           DelSqV =  1.1420696772E+00
           DelSqVen =  2.1878075188E+01
           DelSqVrep = -2.0736005511E+01
           DelSqG =  3.6987718260E+00
           DelSqK = -4.8408415032E+00
           Stress_EigVals = -4.0305125224E-01 -3.8642039416E-01  1.8395706890E-01
           Stress_EigVec1 =  5.0689027695E-05 -2.9325216246E-05  9.9999999829E-01
           Stress_EigVec2 =  8.6959793106E-01 -4.9376050356E-01 -5.8558707252E-05
           Stress_EigVec3 =  4.9376050443E-01  8.6959793253E-01  4.7290753600E-07
           -DivStress =  7.0486440644E-01  1.2371287421E+00  1.1897419260E-06
           ESP =   1.3579930614E+00
           ESPe = -9.6657222983E+00
           ESPn =  1.1023715360E+01
           BPL =  1.8554819346E+00 =  4.3506994761E-01 +  1.4204119869E+00                
           GBL_I =  1.8554724057E+00                                                      
           GBL_II =  1.8987121676E+00                                                     
           GBL_III =  1.8554761954E+00 =  4.3506934057E-01 +  1.4204068548E+00            
           GBL_IV =  1.8987171988E+00 =  4.7831032461E-01 +  1.4204068742E+00             

Number of NACPs  =      6
Number of NNACPs =      0
Number of BCPs   =      5
Number of RCPs   =      0
Number of CCPs   =      0
NumNACP + NumNNACP - NumBCP + NumRCP - NumCCP =      1
Poincare-Hopf Relationship is Satisfied

Bond Path Angles and Corresponding Geometric Bond Angles:
--------------------------------------------------------
  BPA     = A-B-C Bond Path Angle
  GBA_I   = A-B-C Geometric Bond Angle in Terms of Nuclear Attractors
  GBA_II  = A-B-C Geometric Bond Angle in Terms of Nuclei
  GBA_III = A-B-C Geometric Bond Angle in Terms of A|B and C|B BCPs and Nuclear Attractor B
  GBA_IV  = A-B-C Geometric Bond Angle in Terms of A|B and C|B BCPs and Nucleus B
-------------------------------------------------------------------------------------------------
Atom A    Atom B    Atom C        BPA          GBA_I         GBA_II       GBA_III       GBA_IV
-------------------------------------------------------------------------------------------------
C3        N1        H2        120.94508144  121.29642947  121.30211347  121.34917628  121.34917862
O4        C3        N1        123.16913888  124.78288280  124.78282228  123.65611572  123.65592449
H5        C3        N1        111.73628971  112.58941978  112.61734546  112.47883238  112.47875643
H5        C3        O4        125.09457134  122.62769725  122.59983209  123.86505178  123.86531896
H6        N1        H2        119.96798850  119.37761044  119.38435086  119.37606839  119.37604449
H6        N1        C3        119.08692968  119.32595978  119.31353536  119.27475500  119.27477655

Total time for electron density critical point search, analysis and connectivity = 5 sec (NProc = 4)               
 
Virial-Based Atomic Energy Components:
-------------------------------------
  Ee(A) = E(A) - W(A) = -T(A)
        = Contribution of Atom A to Electronic Energy of Molecule.
          Not additive to give molecular Ee unless molecular electronic virial theorem is satisfied.
  T(A) = Electronic Kinetic Energy of Atom A (Hamiltonian Form)
  Ven(A) = Ven(A,Mol) = VenT(A)
         = Attraction Energy Between Electron Density Distribution of Atom A and Nuclei of Molecule
  VenO(A) = Ven(A,A)
          = Attraction Energy Between Electron Density Distribution of Atom A and Nucleus of Atom A
  Vee(A) = Vee(A,A) + Vee(A,A')/2
         = Two-Electron Interaction Energy of Atom A with Itself Plus Half of Two-Electron Interaction Energy
           Between Atom A and Other Atoms of Molecule
  Vnn(A) - W(A) = Contribution of Atom A to the Nuclear Repulsion Energy of Molecule Minus
                  the Nuclear Virial of Energy-Gradient-Based Forces on Nuclei of Molecule.
                  Calculation of Vnn(A) - W(A) assumes satisfaction of the atomic virial theorem:
                       2T(A) + Ven(A) + Vee(A) + Vnn(A) - W(A) = 0
See "2EDM Note" and "DFT Note".
--------------------------------------------------------------------------------------------------------------------
Atom A         Ee(A)              T(A)             Ven(A)           VenO(A)            Vee(A)        Vnn(A) - W(A)
--------------------------------------------------------------------------------------------------------------------
N1       -5.5055621133E+01  5.5055621133E+01 -1.7982879103E+02 -1.3488369547E+02
H2       -4.5495188086E-01  4.5495188086E-01 -4.6075062038E+00 -8.9940208751E-01
C3       -3.6877382493E+01  3.6877382493E+01 -1.1413792751E+02 -8.3531416992E+01
O4       -7.5503459799E+01  7.5503459799E+01 -2.3033549576E+02 -1.8483319121E+02
H5       -6.1291044474E-01  6.1291044474E-01 -7.8627552953E+00 -1.2611910115E+00
H6       -4.4706197492E-01  4.4706197492E-01 -4.6867162663E+00 -8.8477414930E-01
--------------------------------------------------------------------------------------------------------------------
Total    -1.6895138773E+02  1.6895138773E+02 -5.4145919207E+02 -4.0629367092E+02
 
More Virial-Based Atomic Energy Components:
------------------------------------------
  E(A) = Ee(A) + W(A)
       = T(A) + Ven(A) + Vee(A) + Vnn(A) = Contribution of Atom A to Total Energy E of Molecule
         Not additive to give molecular E unless molecular virial theorem is satisfied.
  Ee(A) = E(A) - W(A) = Contribution of Atom A to Electronic Energy of Molecule
          Not additive to give molecular Ee unless molecular virial theorem is satisfied.
  W(A) = Contribution of Atom A to Nuclear Virial of Energy-Gradient-Based Forces on Nuclei of Molecule
  Vnn(A) = Contribution of Atom A to Nuclear Repulsion Energy of Molecule
           Calculation of Vnn(A) assumes satisfaction of the atomic virial theorem:
                2T(A) + Ven(A) + Vee(A) + Vnn(A) - W(A) = 0
  VeeC(A) = Coulomb Part of Vee(A)
  VeeX(A) = Exchange-Correlation Part of Vee(A)
See "2EDM Note" and "DFT Note".
--------------------------------------------------------------------------------------------------------------------
Atom A          E(A)             Ee(A)              W(A)             Vnn(A)           VeeC(A)           VeeX(A)
--------------------------------------------------------------------------------------------------------------------
N1                         -5.5055621133E+01
H2                         -4.5495188086E-01
C3                         -3.6877382493E+01
O4                         -7.5503459799E+01
H5                         -6.1291044474E-01
H6                         -4.4706197492E-01
--------------------------------------------------------------------------------------------------------------------
Total                      -1.6895138773E+02
 
IQA Atomic Energy Components:
----------------------------
  E_IQA(A) = Contribution of Atom A to Total Energy E of Molecule, Using IQA Additive Atomic Energy Definition
           = T(A) + Vne(A,Mol)/2 + Ven(A,Mol)/2 + Vee(A) + Vnn(A,Mol)/2
  T(A) = Electronic Kinetic Energy of Atom A (Hamiltonian Form)
  Vne(A,Mol)/2 = Half of Attraction Energy Between Nucleus of Atom A and Electron Density Distribution of Molecule
  Ven(A,Mol)/2 = Half of Attraction Energy Between Electron Density Distribution of Atom A and Nuclei of Molecule
  Vee(A) = Vee(A,A) + Vee(A,A')/2
         = Two-Electron Interaction Energy of Atom A with Itself Plus Half of Two-Electron Interaction Energy
           Between Atom A and Other Atoms of Molecule
  Vnn(A,Mol)/2 = Vnn(A,A')/2 = Half of Repulsion Energy Between Nucleus of Atom A and Other Nuclei of Molecule
  VeeC(A) = Coulomb Part of Vee(A)
  VeeX(A) = Exchange-Correlation Part of Vee(A)
See "2EDM Note" and "DFT Note".
--------------------------------------------------------------------------------------------------------------------------------------------------------
Atom A        E_IQA(A)            T(A)          Vne(A,Mol)/2      Ven(A,Mol)/2         Vee(A)         Vnn(A,Mol)/2        VeeC(A)           VeeX(A)
--------------------------------------------------------------------------------------------------------------------------------------------------------
N1                          5.5055621133E+01 -8.3528044675E+01 -8.9914395515E+01                    1.9332671085E+01
H2                          4.5495188086E-01 -4.0574660293E+00 -2.3037531019E+00                    3.5569344752E+00
C3                          3.6877382493E+01 -6.5702074642E+01 -5.7068963755E+01                    2.1722305657E+01
O4                          7.5503459799E+01 -1.0910726891E+02 -1.1516774788E+02                    1.9604715383E+01
H5                          6.1291044474E-01 -4.1351961204E+00 -3.9313776476E+00                    3.5914260681E+00
H6                          4.4706197492E-01 -4.1998695691E+00 -2.3433581332E+00                    3.6970939749E+00
--------------------------------------------------------------------------------------------------------------------------------------------------------
Total                       1.6895138773E+02 -2.7072991995E+02 -2.7072959603E+02                    7.1505146643E+01
 
More IQA Atomic Energy Components:
---------------------------------
  Vneen(A) = Vne(A,Mol)/2 + Ven(A,Mol)/2
  V_IQA(A) = Vne(A,Mol)/2 + Ven(A,Mol)/2 + Vee(A,A) + Vee(A,A')/2 + Vnn(A,A')/2
           = VC_IQA(A) + VX_IQA(A) = Potential Energy Contribution to E_IQA(A)
           = E_IQA(A) - T(A)
  VC_IQA(A) = Vne(A,Mol)/2 + Ven(A,Mol)/2 + VeeC(A,A) + VeeC(A,A')/2 + Vnn(A,A')/2
            = Coulomb Potential Energy Contribution to E_IQA(A)
            = E_IQA(A) - T(A) - VeeX(A)
  VX_IQA(A) = VeeX(A,A) + VeeX(A,A')/2
            = Exchange-Correlation Energy Contribution to E_IQA(A)
            = E_IQA(A) - T(A) - VC_IQA(A)
See "2EDM Note" and "DFT Note".
--------------------------------------------------------------------------------
Atom A        Vneen(A)          V_IQA(A)         VC_IQA(A)         VX_IQA(A)
--------------------------------------------------------------------------------
N1       -1.7344244019E+02
H2       -6.3612191312E+00
C3       -1.2277103840E+02
O4       -2.2427501679E+02
H5       -8.0665737680E+00
H6       -6.5432277023E+00
--------------------------------------------------------------------------------
Total    -5.4145951598E+02
 
IQA Intraatomic ("Self") Energy Components:
------------------------------------------
  E_IQA_Intra(A) = T(A) + Vne(A,A) + Vee(A,A)
                 = Intraatomic ("Self") Contribution to E_IQA(A)
  T(A) = Electronic Kinetic Energy of Atom A (Hamiltonian Form)
  Vne(A,A) = Attraction Energy Between Electron Density Distribution of Atom A and Nucleus of Atom A
  Vee(A,A) = Two-electron Interaction Energy of Atom A With Itself
  VeeC(A,A) = Coulomb Part of Vee(A,A)
  VeeX(A,A) = Exchange-Correlation Part of Vee(A,A)
See "2EDM Note" and "DFT Note".
--------------------------------------------------------------------------------------------------------------------
