AIMSum (Version 19.10.12, Professional)
Copyright (c) 1997-2019 by Todd A. Keith
AIMSum is a component of the AIMAll package ( http://aim.tkgristmill.com )

TP:  64-bit Mac OS X

Much of the Quantum Theory of Atoms in Molecules (QTAIM) is described in the book:
  "Atoms in Molecules - A Quantum Theory"
  R.F.W. Bader, Oxford University Press, Oxford, 1990

For additional references see:  http://aim.tkgristmill.com/references.html

Wfx File:  /Users/chemlab/Documents/SubstituentCoding/BCP Map Reference/BCPMapReference/SubH_GeFHCH3_reor_wb97xd_aug-cc-pvtz.wfx
Sum File:  /Users/chemlab/Documents/SubstituentCoding/BCP Map Reference/BCPMapReference/SubH_GeFHCH3_reor_wb97xd_aug-cc-pvtz.sum

SumViz File:  /Users/chemlab/Documents/SubstituentCoding/BCP Map Reference/BCPMapReference/SubH_GeFHCH3_reor_wb97xd_aug-cc-pvtz.sumviz

Wfx Title:   Title Card Required                                                           
 
Total memory allocated for AIMSum =        0.520 Megabytes

Atomic units (a.u.) used throughout, except where stated otherwise

Model:  Restricted SCF
 
Restricted, closed-shell, single-determinant wavefunction.
  Number of electrons (from MO Occs)                   =          52.0000000000
  Number of Alpha electrons (from MO Occs)             =          26.0000000000
  Number of Beta electrons (from MO Occs)              =          26.0000000000
  Number of electron pairs (N*(N-1)/2)                 =        1326.0000000000
  Number of electron pairs (from Muller 2EDM)          =        1326.0000000000
 
Nuclear Charges and Cartesian Coordinates:
-------------------------------------------------------------------------------
Atom      Charge                X                  Y                  Z
-------------------------------------------------------------------------------
H1         1.0          -6.8892833080E-02   2.3126216551E+00   2.3977071155E+00
H2         1.0          -6.8892833080E-02   2.3126216551E+00  -2.3977071155E+00
C3         6.0           2.6872254284E+00  -1.7989633462E+00   0.0000000000E+00
H4         1.0           2.5477867668E+00  -2.9849279794E+00   1.6740753224E+00
H5         1.0           2.5477867668E+00  -2.9849279794E+00  -1.6740753224E+00
H6         1.0           4.5224062112E+00  -8.6476204696E-01   0.0000000000E+00
F7         9.0          -2.8448385166E+00  -1.0019631476E+00   0.0000000000E+00
Ge8       32.0          -7.9240299391E-17   6.8815072191E-01   0.0000000000E+00
 
Some Atomic Properties:
----------------------
  q(A) = Net Charge of Atom A
  L(A) = Lagrangian of Atom A = -(1/4) Times Atomic Integral of the Laplacian of the Electron Density
  K(A) = Electronic Kinetic Energy of Atom A (Hamiltonian Form)
  K_Scaled(A) = K(A) * E(Mol)/K(Mol) = Approximation to Virial-Based Total Energy of Atom A.
  |Mu_Intra(A)| = Magnitude of Intraatomic Dipole Moment of Atom A
--------------------------------------------------------------------------------------------------
Atom A          q(A)              L(A)              K(A)          K_Scaled(A)      |Mu_Intra(A)|
--------------------------------------------------------------------------------------------------
H1       -3.8201175740E-01  1.1055910523E-05  6.5981188619E-01 -6.6103488307E-01  6.3042050407E-02
H2       -3.8201420140E-01  1.0847800626E-05  6.5981225712E-01 -6.6103525469E-01  6.3045183749E-02
C3       -4.3725441020E-01 -2.5725819497E-04  3.7883023200E+01 -3.7953241425E+01  5.9951446329E-01
H4        2.7572968500E-02  2.4727291836E-05  6.0532836894E-01 -6.0645037769E-01  1.3865699809E-01
H5        2.7574033920E-02  2.4450284761E-05  6.0532745539E-01 -6.0644946245E-01  1.3865890889E-01
H6        1.7493095470E-02  2.8411935970E-05  6.0750030870E-01 -6.0862634325E-01  1.4063560316E-01
F7       -7.5587369000E-01  1.7604930617E-05  9.9634160360E+01 -9.9818837644E+01  2.4422586329E-01
Ge8       1.8844287840E+00  8.9641295199E-05  2.0733651664E+03 -2.0772082604E+03  4.3444258764E-01
--------------------------------------------------------------------------------------------------
Total    -8.5177109999E-05 -5.0518745438E-05  2.2140201302E+03 -2.2181239358E+03
 
1st Largest |L(A)| = 2.5725819497E-04, atom C3      
2nd Largest |L(A)| = 8.9641295199E-05, atom Ge8     
 
Molecular charge q(Mol) from the wfx file:   0.0000000000E+00
Molecular energy E(Mol) from the wfx file:  -2.2181239420E+03
Molecular virial ratio (-V(Mol)/T(Mol)) from the wfx file:   2.0018535539E+00
Full molecular virial ratio ((-V(Mol)+W(Mol))/T(Mol)) from the wfx file:   2.0018535044E+00
Note.  K_Scaled(A) = (1+V(Mol)/T(Mol))*K(A) = (E(Mol)/T(Mol))*K(A)
       Only use K_Scaled(A) data with caution.
 
N_AIMInt(SumA)     =         52.000085
N_Analytic(Mol)    =         52.000000
 
G_AIMInt(SumA)     =       2214.020181
G_Analytic(Mol)    =       2214.020136
 
K_AIMInt(SumA)     =       2214.020130
K_Analytic(Mol)    =       2214.020136
 
L_AIMInt(SumA)     =         -0.000051
L_Analytic(Mol)    =          0.000000
 
VenT_AIMInt(SumA)  =      -5725.556275
VenT_Analytic(Mol) =      -5725.554984
 
Some Information About the Atomic Calculations:
----------------------------------------------
  Time(sec) = "Elapsed User Time", in Seconds, for Atom A by AIMInt and, if used, by TWOe
  NProc = Number of Processors Used for AIMInt Job
  BIM = Basin Integration Method
  OAQ = Angular Quadrature Outside of Beta Sphere
  ORQ = Multiple of Default for Radial Quadrature Outside of Beta Sphere
  IAQ = Multiple of Default for Angular Quadrature Inside of Beta Sphere
  IRQ = Multiple of Default for Radial Quadrature Inside of Beta Sphere
  MIR = Maximum Integration Radius
------------------------------------------------------------------------------------------------------
Atom A     Time(sec)   NProc      BIM          OAQ                     ORQ      IAQ      IRQ      MIR
------------------------------------------------------------------------------------------------------
H1             30        2     Proaim(5)    1800(GS4)                  1.00     1.00     1.00    13.00
H2             30        2     Proaim(5)    1800(GS4)                  1.00     1.00     1.00    13.00
C3             72        2     Proaim(5)    4500(GS4)                  1.00     1.00     1.00    13.00
H4             30        2     Proaim(5)    1800(GS4)                  1.00     1.00     1.00    13.00
H5             34        2     Proaim(5)    1800(GS4)                  1.00     1.00     1.00    13.00
H6             31        2     Proaim(5)    1800(GS4)                  1.00     1.00     1.00    13.00
F7             42        2     Proaim(5)    2700(GS4)                  1.00     1.00     1.00    13.00
Ge8            95        2     Proaim(5)    4500(GS4)                  1.00     1.00     1.00    13.00
------------------------------------------------------------------------------------------------------
Total         364
Note:  Total wall clock time is less than total of atomic times if more than one atom
       was calculated at a time
 
Electron Density Critical Point Analysis of Molecular Structure:               
---------------------------------------------------------------                
  NACP = Nuclear Attractor Critical Point                                      
  NNACP = Non-Nuclear Attractor Critical Point                                 
  BCP = Bond Critical Point                                                    
  RCP = Ring Critical Point                                                    
  CCP = Cage Critical Point                                                    
  Rho = Electron Density                                                       
  GradRho = Gradient of Electron Density                                       
  HessRho_EigVals = Eigenvalues of the Hessian of Rho, Ascending Order         
  HessRho_EigVecs = Eigenvectors of the Hessian of Rho                         
  DelSqRho = Laplacian of Rho = Trace of Hessian of Rho                        
  Bond Ellipticity = (HessRho_EigVal(1) / HessRho_EigVal(2)) - 1               
  V = Virial Field = Potential Energy Density = Trace of Stress Tensor         
  G = Lagrangian Form of Kinetic Energy Density                                
  K = Hamiltonian Form of Kinetic Energy Density                               
  L = K - G = Lagrangian Density = (-1/4)DelSqRho                              
  Vnuc = Electrostatic Potential from Nuclei                                   
  Ven = Electron-nuclear attractive contribution to Virial Field V             
  Vrep = V - Ven = Repulsive contribution to Virial Field V                    
  DelSqV = Laplacian of V                                                      
  DelSqVen = Laplacian of Ven                                                  
  DelSqVrep = Laplacian of Vrep                                                
  DelSqG = Laplacian of G                                                      
  DelSqK = Laplacian of K                                                      
  Stress_EigVals = Eigenvalues of Stress Tensor, Ascending Order               
  Stress_EigVecs = Eigenvectors of Stress Tensor                               
  -DivStress = Ehrenfest Force Density = Minus Divergence of Stress Tensor     
  ESP = Total Electrostatic Potential                                          
  ESPe = Electrostatic Potential from Electrons                                
  ESPn = Electrostatic Potential from Nuclei                                   
  BP = Bond Path                                                               
  BPL = Bond Path Length                                                       
  GBL = Geometric Bond Length                                                  
  GBL_I = Distance Between Nuclear Attractors                                  
  GBL_II = Distance Between Nuclei                                             
  GBL_III = Sum of Distances Between BCP and Nuclear Attractors                
  GBL_IV = Sum of Distances Between BCP and Nuclei                             

CP# 1      Coords = -6.82985333163999E-02  2.30265165074414E+00  2.38290456308386E+00
           Type = (3,-3) NACP H1
           Rho =  3.8245731404E-01     Rho at Nucleus =  3.8123961987E-01
           GradRho = -7.4159428598E-17  8.1532003371E-17 -5.0306980803E-16
           HessRho_EigVals = -7.8105423206E+00 -7.8095693741E+00 -7.5508941795E+00
           HessRho_EigVec1 =  9.1224493294E-01  3.5302572164E-01 -2.0780284449E-01
           HessRho_EigVec2 = -4.0864287394E-01  7.4877033439E-01 -5.2187545250E-01
           HessRho_EigVec3 = -2.8638852865E-02  5.6099538875E-01  8.2732338895E-01
           DelSqRho = -2.3171005874E+01
           Bond Ellipticity = NA
           V = -5.7965381853E+00
           G =  1.8933583646E-03
           K =  5.7946448269E+00
           L =  5.7927514685E+00
           Vnuc =  7.0716269963E+01
           Ven = -2.7045954669E+01
           Vrep =  2.1249416484E+01
           DelSqV =  1.5217807113E+03
           DelSqVen =  1.6385671067E+03
           DelSqVrep = -1.1678639542E+02
           DelSqG =  1.1710591621E+02
           DelSqK = -1.6388866275E+03
           Stress_EigVals = -1.9533575719E+00 -1.9531371309E+00 -1.8900434825E+00
           Stress_EigVec1 = -5.0770372514E-01  7.0499138346E-01 -4.9520104677E-01
           Stress_EigVec2 =  8.6109542459E-01  4.3353429119E-01 -2.6563638325E-01
           Stress_EigVec3 = -2.7415273485E-02  5.6127993693E-01  8.2717182929E-01
           -DivStress = -2.8713588624E-01  4.8120929113E+00  7.1432993414E+00
           ESP =  -1.0916914153E+00     ESP at Nucleus =  -1.0919714519E+00
           ESPe = -1.5807275063E+01     ESPe at Nucleus = -1.5729660700E+01
           ESPn =  1.4715583647E+01     ESPn at Nucleus =  1.4637689248E+01

CP# 2      Coords = -6.82985333163999E-02  2.30265165074414E+00 -2.38290456308386E+00
           Type = (3,-3) NACP H2
           Rho =  3.8245731404E-01     Rho at Nucleus =  3.8123961987E-01
           GradRho = -7.3942588164E-17  7.6327832943E-17  5.6031568274E-16
           HessRho_EigVals = -7.8105423206E+00 -7.8095693741E+00 -7.5508941795E+00
           HessRho_EigVec1 =  9.1224493294E-01  3.5302572164E-01  2.0780284449E-01
           HessRho_EigVec2 = -4.0864287394E-01  7.4877033439E-01  5.2187545250E-01
           HessRho_EigVec3 =  2.8638852865E-02 -5.6099538875E-01  8.2732338895E-01
           DelSqRho = -2.3171005874E+01
           Bond Ellipticity = NA
           V = -5.7965381853E+00
           G =  1.8933583646E-03
           K =  5.7946448269E+00
           L =  5.7927514685E+00
           Vnuc =  7.0716269963E+01
           Ven = -2.7045954669E+01
           Vrep =  2.1249416484E+01
           DelSqV =  1.5217807113E+03
           DelSqVen =  1.6385671067E+03
           DelSqVrep = -1.1678639542E+02
           DelSqG =  1.1710591621E+02
           DelSqK = -1.6388866275E+03
           Stress_EigVals = -1.9533575719E+00 -1.9531371309E+00 -1.8900434825E+00
           Stress_EigVec1 = -5.0770372514E-01  7.0499138346E-01  4.9520104677E-01
           Stress_EigVec2 =  8.6109542459E-01  4.3353429119E-01  2.6563638325E-01
           Stress_EigVec3 =  2.7415273485E-02 -5.6127993693E-01  8.2717182929E-01
           -DivStress = -2.8713588624E-01  4.8120929113E+00 -7.1432993414E+00
           ESP =  -1.0916914153E+00     ESP at Nucleus =  -1.0919714519E+00
           ESPe = -1.5807275063E+01     ESPe at Nucleus = -1.5729660700E+01
           ESPn =  1.4715583647E+01     ESPn at Nucleus =  1.4637689248E+01

CP# 3      Coords =  2.68722510326095E+00 -1.79896276648969E+00  3.15402626092448E-23
           Type = (3,-3) NACP C3
           Rho =  1.2086576173E+02     Rho at Nucleus =  1.2086576168E+02
           GradRho = -2.1626156421E-10  3.1964753067E-10  4.0140836798E-17
           HessRho_EigVals = -2.4809469327E+05 -2.4809455001E+05 -2.4809443886E+05
           HessRho_EigVec1 =  7.3596044444E-01 -6.7702453738E-01  0.0000000000E+00
           HessRho_EigVec2 =  6.7702453738E-01  7.3596044444E-01  0.0000000000E+00
           HessRho_EigVec3 =  0.0000000000E+00  0.0000000000E+00  1.0000000000E+00
           DelSqRho = -7.4428368213E+05
           Bond Ellipticity = NA
           V = -1.8608638226E+05
           G =  7.7308635142E+00
           K =  1.8607865140E+05
           L =  1.8607092053E+05
           Vnuc =  9.0271126165E+06
           Ven = -1.0910688427E+09
           Vrep =  1.0908827563E+09
           DelSqV =  1.1194885760E+10
           DelSqVen =  6.7187318456E+12
           DelSqVrep = -6.7075364356E+12
           DelSqG =  3.8197260922E+08
           DelSqK = -1.1576858369E+10
           Stress_EigVals = -6.2028835337E+04 -6.2028804834E+04 -6.2028742088E+04
           Stress_EigVec1 =  0.0000000000E+00  0.0000000000E+00  1.0000000000E+00
           Stress_EigVec2 =  6.8027504925E-01  7.3295692736E-01  0.0000000000E+00
           Stress_EigVec3 =  7.3295692736E-01 -6.8027504925E-01  0.0000000000E+00
           -DivStress =  1.1923604784E+03 -2.1255042691E+03 -1.3240787266E-13
           ESP =  -1.4756684491E+01     ESP at Nucleus =  -1.4756684490E+01
           ESPe = -2.6928267919E+01     ESPe at Nucleus = -2.6928266407E+01
           ESPn =  1.2171583428E+01     ESPn at Nucleus =  1.2171581917E+01

CP# 4      Coords =  2.54966304261923E+00 -2.96707160167375E+00  1.64934730562866E+00
           Type = (3,-3) NACP H4
           Rho =  4.3176056643E-01     Rho at Nucleus =  4.2790351650E-01
           GradRho = -4.4408920985E-16  3.0010716134E-15 -2.6090241079E-15
           HessRho_EigVals = -8.7427432700E+00 -8.7374640149E+00 -7.9758170351E+00
           HessRho_EigVec1 = -5.7235519344E-01 -6.4439879285E-01 -5.0710918776E-01
           HessRho_EigVec2 =  8.1764367558E-01 -4.9539397122E-01 -2.9333195030E-01
           HessRho_EigVec3 = -6.2196079692E-02 -5.8252468536E-01  8.1042990975E-01
           DelSqRho = -2.5456024320E+01
           Bond Ellipticity = NA
           V = -6.3823694092E+00
           G =  9.1816646048E-03
           K =  6.3731877446E+00
           L =  6.3640060800E+00
           Vnuc =  4.4836337734E+01
           Ven = -1.9358562577E+01
           Vrep =  1.2976193168E+01
           DelSqV =  1.6406849425E+03
           DelSqVen =  1.1413549038E+03
           DelSqVrep =  4.9933003874E+02
           DelSqG =  1.2565564157E+02
           DelSqK = -1.7663405841E+03
           Stress_EigVals = -2.1930364705E+00 -2.1926219517E+00 -1.9967109871E+00
           Stress_EigVec1 =  7.4963812151E-01 -5.6440218207E-01 -3.4567739824E-01
           Stress_EigVec2 =  6.5876003540E-01  5.8589090759E-01  4.7198205492E-01
           Stress_EigVec3 = -6.3858457108E-02 -5.8153419613E-01  8.1101176082E-01
           -DivStress = -9.9959795450E-01 -9.4905521469E+00  1.3145237946E+01
           ESP =  -1.0950283129E+00     ESP at Nucleus =  -1.0961178298E+00
           ESPe = -1.3207659018E+01     ESPe at Nucleus = -1.3126512198E+01
           ESPn =  1.2112630705E+01     ESPn at Nucleus =  1.2030394369E+01

CP# 5      Coords =  2.54966304261923E+00 -2.96707160167375E+00 -1.64934730562866E+00
           Type = (3,-3) NACP H5
           Rho =  4.3176056643E-01     Rho at Nucleus =  4.2790351650E-01
           GradRho = -4.4582393333E-16  3.0045410604E-15  2.5812685323E-15
           HessRho_EigVals = -8.7427432700E+00 -8.7374640149E+00 -7.9758170351E+00
           HessRho_EigVec1 = -5.7235519344E-01 -6.4439879285E-01  5.0710918776E-01
           HessRho_EigVec2 =  8.1764367558E-01 -4.9539397122E-01  2.9333195030E-01
           HessRho_EigVec3 =  6.2196079692E-02  5.8252468536E-01  8.1042990975E-01
           DelSqRho = -2.5456024320E+01
           Bond Ellipticity = NA
           V = -6.3823694092E+00
           G =  9.1816646048E-03
           K =  6.3731877446E+00
           L =  6.3640060800E+00
           Vnuc =  4.4836337734E+01
           Ven = -1.9358562577E+01
           Vrep =  1.2976193168E+01
           DelSqV =  1.6406849425E+03
           DelSqVen =  1.1413549038E+03
           DelSqVrep =  4.9933003874E+02
           DelSqG =  1.2565564157E+02
           DelSqK = -1.7663405841E+03
           Stress_EigVals = -2.1930364705E+00 -2.1926219517E+00 -1.9967109871E+00
           Stress_EigVec1 =  7.4963812151E-01 -5.6440218207E-01  3.4567739824E-01
           Stress_EigVec2 =  6.5876003540E-01  5.8589090759E-01 -4.7198205492E-01
           Stress_EigVec3 =  6.3858457108E-02  5.8153419613E-01  8.1101176082E-01
           -DivStress = -9.9959795450E-01 -9.4905521469E+00 -1.3145237946E+01
           ESP =  -1.0950283129E+00     ESP at Nucleus =  -1.0961178298E+00
           ESPe = -1.3207659018E+01     ESPe at Nucleus = -1.3126512198E+01
           ESPn =  1.2112630705E+01     ESPn at Nucleus =  1.2030394369E+01

CP# 6      Coords =  4.49522703812532E+00 -8.78064572832736E-01  3.88205609792692E-20
           Type = (3,-3) NACP H6
           Rho =  4.3119711745E-01     Rho at Nucleus =  4.2741564469E-01
           GradRho = -1.9621023556E-14 -1.0903604408E-14 -3.8332022127E-19
           HessRho_EigVals = -8.7351037213E+00 -8.7292157477E+00 -7.9804759336E+00
           HessRho_EigVec1 =  0.0000000000E+00  0.0000000000E+00  1.0000000000E+00
           HessRho_EigVec2 = -4.4352861335E-01  8.9626021285E-01  0.0000000000E+00
           HessRho_EigVec3 =  8.9626021285E-01  4.4352861335E-01  0.0000000000E+00
           DelSqRho = -2.5444795403E+01
           Bond Ellipticity = NA
           V = -6.3797410077E+00
           G =  9.2710785035E-03
           K =  6.3704699292E+00
           L =  6.3611988507E+00
           Vnuc =  4.4884324438E+01
           Ven = -1.9353991316E+01
           Vrep =  1.2974250309E+01
           DelSqV =  1.6410572937E+03
           DelSqVen =  1.1420724521E+03
           DelSqVrep =  4.9898484159E+02
           DelSqG =  1.2570485813E+02
           DelSqK = -1.7667621518E+03
           Stress_EigVals = -2.1910264299E+00 -2.1908186148E+00 -1.9978959630E+00
           Stress_EigVec1 = -4.4514736482E-01  8.9545732651E-01  0.0000000000E+00
           Stress_EigVec2 =  0.0000000000E+00  0.0000000000E+00  1.0000000000E+00
           Stress_EigVec3 =  8.9545732651E-01  4.4514736482E-01  0.0000000000E+00
           -DivStress =  1.4441060831E+01  7.0701102783E+00 -1.8759408327E-17
           ESP =  -1.0912287126E+00     ESP at Nucleus =  -1.0922932634E+00
           ESPe = -1.2928573198E+01     ESPe at Nucleus = -1.2846503956E+01
           ESPn =  1.1837344485E+01     ESPn at Nucleus =  1.1754210692E+01

CP# 7      Coords = -2.84483530103490E+00 -1.00196124657765E+00  2.46566378363961E-24
           Type = (3,-3) NACP F7
           Rho =  4.2965153700E+02     Rho at Nucleus =  4.2965152281E+02
           GradRho = -2.1166657316E-10 -1.6913892509E-10 -9.6835627776E-18
           HessRho_EigVals = -2.0350706468E+06 -2.0350385091E+06 -2.0350384691E+06
           HessRho_EigVec1 =  8.5285436224E-01  5.2214886460E-01  0.0000000000E+00
           HessRho_EigVec2 =  0.0000000000E+00  0.0000000000E+00  1.0000000000E+00
           HessRho_EigVec3 = -5.2214886460E-01  8.5285436224E-01  0.0000000000E+00
           DelSqRho = -6.1051476249E+06
           Bond Ellipticity = NA
           V = -1.5266014438E+06
           G =  1.5726876833E+02
           K =  1.5264441750E+06
           L =  1.5262869062E+06
           Vnuc =  2.4093760424E+06
           Ven = -1.0351921198E+09
           Vrep =  1.0336655184E+09
           DelSqV =  2.1709406388E+11
           DelSqVen =  1.4709596471E+13
           DelSqVrep = -1.4492502407E+13
           DelSqG =  7.2308016171E+09
           DelSqK = -2.2432486550E+11
           Stress_EigVals = -5.0886990227E+05 -5.0886989330E+05 -5.0886164819E+05
           Stress_EigVec1 = -5.2152597628E-01  8.5323540483E-01  0.0000000000E+00
           Stress_EigVec2 =  0.0000000000E+00  0.0000000000E+00  1.0000000000E+00
           Stress_EigVec3 =  8.5323540483E-01  5.2152597628E-01  0.0000000000E+00
           -DivStress = -2.2860682144E+05 -1.3514463425E+05 -1.6413526219E-13
           ESP =  -2.6624348201E+01     ESP at Nucleus =  -2.6624348309E+01
           ESPe = -3.8242860162E+01     ESPe at Nucleus = -3.8242848355E+01
           ESPn =  1.1618511961E+01     ESPn at Nucleus =  1.1618500047E+01

CP# 8      Coords = -4.38157423696708E-09  6.88150719171833E-01  1.59824379748985E-26
           Type = (3,-3) NACP Ge8
           Rho =  2.2320672194E+04     Rho at Nucleus =  2.2320672194E+04
           GradRho = -2.3092638912E-14 -1.4249343394E-07  5.4066426061E-19
           HessRho_EigVals = -7.4677572574E+09 -7.4677560891E+09 -7.4677560309E+09
           HessRho_EigVec1 =  8.4985032004E-01  5.2702412992E-01  0.0000000000E+00
           HessRho_EigVec2 =  0.0000000000E+00  0.0000000000E+00  1.0000000000E+00
           HessRho_EigVec3 = -5.2702412992E-01  8.4985032004E-01  0.0000000000E+00
           DelSqRho = -2.2403269377E+10
           Bond Ellipticity = NA
           V = -5.6020555175E+09
           G =  6.1908659012E+05
           K =  5.6014364309E+09
           L =  5.6008173443E+09
           Vnuc =  3.2000000057E+09
           Ven = -7.1426151147E+13
           Vrep =  7.1420549091E+13
           DelSqV =  2.9257722442E+17
           DelSqVen =  1.5704468778E+30
           DelSqVrep = -1.5704468778E+30
           DelSqG =  1.8742494531E+15
           DelSqK = -2.9445147387E+17
           Stress_EigVals = -1.8673519249E+09 -1.8673519192E+09 -1.8673516734E+09
           Stress_EigVec1 = -5.2514532037E-01  8.5101256894E-01  0.0000000000E+00
           Stress_EigVec2 =  0.0000000000E+00  0.0000000000E+00  1.0000000000E+00
           Stress_EigVec3 =  8.5101256894E-01  5.2514532037E-01  0.0000000000E+00
           -DivStress =  4.2600329551E+08  2.6643775234E+08 -1.5437556375E-09
           ESP =  -1.5523679258E+02     ESP at Nucleus =  -1.5523679258E+02
           ESPe = -1.6091377814E+02     ESPe at Nucleus = -1.6091377813E+02
           ESPn =  5.6769855613E+00     ESPn at Nucleus =  5.6769855581E+00

CP# 9      Coords =  1.28091463380592E+00 -4.97503251748520E-01  1.45086811561709E-18
           Type = (3,-1) BCP C3 Ge8
           Rho =  1.3510506364E-01
           GradRho =  1.3877787808E-17  6.9388939039E-18  8.6910918967E-19
           HessRho_EigVals = -1.7101316033E-01 -1.6585962322E-01  3.6947721172E-01
           HessRho_EigVec1 =  6.7942332109E-01  7.3374651669E-01  0.0000000000E+00
           HessRho_EigVec2 =  0.0000000000E+00  0.0000000000E+00  1.0000000000E+00
           HessRho_EigVec3 =  7.3374651669E-01 -6.7942332109E-01  0.0000000000E+00
           DelSqRho =  3.2604428170E-02
           Bond Ellipticity =  3.1071679869E-02
           V = -1.6485712004E-01
           G =  8.6504113539E-02
           K =  7.8353006496E-02
           L = -8.1511070426E-03
           Vnuc =  2.5059755783E+01
           Ven = -3.3856998999E+00
           Vrep =  3.2208427798E+00
           DelSqV = -1.2967757024E+00
           DelSqVen = -8.1705900740E-01
           DelSqVrep = -4.7971669497E-01
           DelSqG =  1.5748260112E+00
           DelSqK = -2.7805030881E-01
           Stress_EigVals = -7.1619210926E-02 -7.0920416665E-02 -2.2317492444E-02
           Stress_EigVec1 =  0.0000000000E+00  0.0000000000E+00  1.0000000000E+00
           Stress_EigVec2 =  6.7112450201E-01  7.4134465858E-01  0.0000000000E+00
           Stress_EigVec3 =  7.4134465858E-01 -6.7112450201E-01  0.0000000000E+00
           -DivStress = -9.4477003704E-02  8.7296313470E-02 -2.6054389727E-19
           ESP =   6.0260613170E-01
           ESPe = -2.4457149651E+01
           ESPn =  2.5059755783E+01
           BPL =  3.6621184271E+00 =  1.9161184271E+00 +  1.7460000000E+00                
           GBL_I =  3.6621169844E+00                                                      
           GBL_II =  3.6615456969E+00                                                     
           GBL_III =  3.6621169890E+00 =  1.9161174299E+00 +  1.7459995592E+00            
           GBL_IV =  3.6615457016E+00 =  1.9161180622E+00 +  1.7454276394E+00             

CP# 10     Coords =  2.59529647817219E+00 -2.54648404700164E+00  1.06226425690690E+00
           Type = (3,-1) BCP H4 C3
           Rho =  2.8222592947E-01
           GradRho =  1.2836953722E-16  1.1102230246E-16  2.4286128664E-16
           HessRho_EigVals = -7.5594128946E-01 -7.4095823863E-01  4.2437800768E-01
           HessRho_EigVec1 =  5.8100523785E-01  6.3993273906E-01  5.0291053188E-01
           HessRho_EigVec2 =  8.1140040821E-01 -5.0380301310E-01 -2.9633073002E-01
           HessRho_EigVec3 = -6.3736105547E-02 -5.8023151713E-01  8.1195387515E-01
           DelSqRho = -1.0725215204E+00
           Bond Ellipticity =  2.0221181245E-02
           V = -3.6556032186E-01
           G =  4.8714970878E-02
           K =  3.1684535098E-01
           L =  2.6813038010E-01
           Vnuc =  1.6023024125E+01
           Ven = -4.5221128766E+00
           Vrep =  4.1565525548E+00
           DelSqV = -1.5231381537E+00
           DelSqVen =  1.7185038196E+01
           DelSqVrep = -1.8708176350E+01
           DelSqG =  1.7064302611E+00
           DelSqK = -1.8329210741E-01
           Stress_EigVals = -2.3322916596E-01 -2.3168616117E-01  9.9355005272E-02
           Stress_EigVec1 =  7.7046817454E-01 -5.4683046839E-01 -3.2765108096E-01
           Stress_EigVec2 =  6.3411907509E-01  6.0472951946E-01  4.8186637867E-01
           Stress_EigVec3 = -6.5358936810E-02 -5.7903250956E-01  8.1268047980E-01
           -DivStress =  1.2202927242E-02  7.4894465709E-02 -1.1089445370E-01
           ESP =   8.4188463714E-01
           ESPe = -1.5181139488E+01
           ESPn =  1.6023024125E+01
           BPL =  2.0258352435E+00 =  7.2363205412E-01 +  1.3022031894E+00                
           GBL_I =  2.0257709905E+00                                                      
           GBL_II =  2.0563276579E+00                                                     
           GBL_III =  2.0258007502E+00 =  7.2363167957E-01 +  1.3021690706E+00            
           GBL_IV =  2.0563590779E+00 =  7.5419031713E-01 +  1.3021687608E+00             

CP# 11     Coords =  2.59529647817219E+00 -2.54648404700164E+00 -1.06226425690690E+00
           Type = (3,-1) BCP C3 H5
           Rho =  2.8222592947E-01
           GradRho =  1.4224732503E-16 -4.8572257327E-17  1.4571677198E-16
           HessRho_EigVals = -7.5594128946E-01 -7.4095823863E-01  4.2437800768E-01
           HessRho_EigVec1 =  5.8100523785E-01  6.3993273906E-01 -5.0291053188E-01
           HessRho_EigVec2 =  8.1140040821E-01 -5.0380301310E-01  2.9633073002E-01
           HessRho_EigVec3 =  6.3736105547E-02  5.8023151713E-01  8.1195387515E-01
           DelSqRho = -1.0725215204E+00
           Bond Ellipticity =  2.0221181245E-02
           V = -3.6556032186E-01
           G =  4.8714970878E-02
           K =  3.1684535098E-01
           L =  2.6813038010E-01
           Vnuc =  1.6023024125E+01
           Ven = -4.5221128766E+00
           Vrep =  4.1565525548E+00
           DelSqV = -1.5231381537E+00
           DelSqVen =  1.7185038196E+01
           DelSqVrep = -1.8708176350E+01
           DelSqG =  1.7064302611E+00
           DelSqK = -1.8329210741E-01
           Stress_EigVals = -2.3322916596E-01 -2.3168616117E-01  9.9355005272E-02
           Stress_EigVec1 =  7.7046817454E-01 -5.4683046839E-01  3.2765108096E-01
           Stress_EigVec2 =  6.3411907509E-01  6.0472951946E-01 -4.8186637867E-01
           Stress_EigVec3 =  6.5358936810E-02  5.7903250956E-01  8.1268047980E-01
           -DivStress =  1.2202927242E-02  7.4894465709E-02  1.1089445370E-01
           ESP =   8.4188463714E-01
           ESPe = -1.5181139488E+01
           ESPn =  1.6023024125E+01
           BPL =  2.0258352435E+00 =  1.3022031894E+00 +  7.2363205412E-01                
           GBL_I =  2.0257709905E+00                                                      
           GBL_II =  2.0563276579E+00                                                     
           GBL_III =  2.0258007502E+00 =  1.3021690706E+00 +  7.2363167957E-01            
           GBL_IV =  2.0563590779E+00 =  1.3021687608E+00 +  7.5419031713E-01             

CP# 12     Coords =  3.84256358016185E+00 -1.20386321697184E+00  1.54568492068241E-18
           Type = (3,-1) BCP H6 C3
           Rho =  2.8012241299E-01
           GradRho =  7.4593109467E-17 -1.7347234760E-17 -6.0828009908E-19
           HessRho_EigVals = -7.4419832819E-01 -7.2967940381E-01  4.1683248019E-01
           HessRho_EigVec1 =  0.0000000000E+00  0.0000000000E+00  1.0000000000E+00
           HessRho_EigVec2 = -4.4921903758E-01  8.9342165649E-01  0.0000000000E+00
           HessRho_EigVec3 =  8.9342165649E-01  4.4921903758E-01  0.0000000000E+00
           DelSqRho = -1.0570452518E+00
           Bond Ellipticity =  1.9897676026E-02
           V = -3.6345076969E-01
           G =  4.9594728367E-02
           K =  3.1385604132E-01
           L =  2.6426131296E-01
           Vnuc =  1.5818540798E+01
           Ven = -4.4311278182E+00
           Vrep =  4.0676770485E+00
           DelSqV = -1.4365780808E+00
           DelSqVen =  1.6720913441E+01
           DelSqVrep = -1.8157491522E+01
           DelSqG =  1.6872569845E+00
           DelSqK = -2.5067890363E-01
           Stress_EigVals = -2.3098610004E-01 -2.2979305670E-01  9.7328387057E-02
           Stress_EigVec1 = -4.5097883919E-01  8.9253464168E-01  0.0000000000E+00
           Stress_EigVec2 =  0.0000000000E+00  0.0000000000E+00  1.0000000000E+00
           Stress_EigVec3 =  8.9253464168E-01  4.5097883919E-01  0.0000000000E+00
           -DivStress = -1.2668363996E-01 -6.9304430354E-02 -7.8196896936E-19
           ESP =   8.4343024668E-01
           ESPe = -1.4975110551E+01
           ESPn =  1.5818540798E+01
           BPL =  2.0290819668E+00 =  7.2946310918E-01 +  1.2996188576E+00                
           GBL_I =  2.0290205715E+00                                                      
           GBL_II =  2.0592767112E+00                                                     
           GBL_III =  2.0290579542E+00 =  7.2946168226E-01 +  1.2995962719E+00            
           GBL_IV =  2.0593169908E+00 =  7.5972074246E-01 +  1.2995962484E+00             

CP# 13     Coords = -1.35155073364422E+00 -1.14843616772418E-01  1.21286140093145E-14
           Type = (3,-1) BCP Ge8 F7
           Rho =  1.4029810531E-01
           GradRho =  2.5973667661E-13  1.5430538791E-13 -2.8788077775E-15
           HessRho_EigVals = -2.3729284970E-01 -2.3697121725E-01  1.2175248798E+00
           HessRho_EigVec1 =  0.0000000000E+00  0.0000000000E+00  1.0000000000E+00
           HessRho_EigVec2 = -5.1074157135E-01  8.5973428877E-01  0.0000000000E+00
           HessRho_EigVec3 =  8.5973428877E-01  5.1074157135E-01  0.0000000000E+00
           DelSqRho =  7.4326081284E-01
           Bond Ellipticity =  1.3572637611E-03
           V = -3.0800199812E-01
           G =  2.4690860067E-01
           K =  6.1093397457E-02
           L = -1.8581520321E-01
           Vnuc =  2.8015681711E+01
           Ven = -3.9305470630E+00
           Vrep =  3.6225450648E+00
           DelSqV = -4.1507064918E+00
           DelSqVen = -2.0822958361E+01
           DelSqVrep =  1.6672251869E+01
           DelSqG =  4.2509121770E+00
           DelSqK = -1.0020568515E-01
           Stress_EigVals = -1.3401645216E-01 -1.3392199055E-01 -4.0063555411E-02
           Stress_EigVec1 = -5.1083621018E-01  8.5967805973E-01  0.0000000000E+00
           Stress_EigVec2 =  0.0000000000E+00  0.0000000000E+00  1.0000000000E+00
           Stress_EigVec3 =  8.5967805973E-01  5.1083621018E-01  0.0000000000E+00
           -DivStress =  9.9884075177E-02  5.9325444013E-02 -1.8368359895E-15
           ESP =   8.7087838519E-01
           ESPe = -2.7144803326E+01
           ESPn =  2.8015681711E+01
           BPL =  3.3099167796E+00 =  1.5730000000E+00 +  1.7369167796E+00                
           GBL_I =  3.3099157877E+00                                                      
           GBL_II =  3.3090166330E+00                                                     
           GBL_III =  3.3099157884E+00 =  1.5729999907E+00 +  1.7369157977E+00            
           GBL_IV =  3.3090166337E+00 =  1.5720971006E+00 +  1.7369195331E+00             

CP# 14     Coords = -3.85441252151693E-02  1.64617324359738E+00  1.41481289369432E+00
           Type = (3,-1) BCP H1 Ge8
           Rho =  1.3950792673E-01
           GradRho =  7.9233494765E-16 -1.9362983439E-14 -2.8317626022E-14
           HessRho_EigVals = -2.2384807045E-01 -2.1714591839E-01  4.4524858493E-01
           HessRho_EigVec1 =  8.9700007007E-01  3.7735663702E-01 -2.3020174367E-01
           HessRho_EigVec2 = -4.4139856274E-01  7.3682972404E-01 -5.1210278908E-01
           HessRho_EigVec3 = -2.3625899035E-02  5.6096695648E-01  8.2750099132E-01
           DelSqRho =  4.2545960925E-03
           Bond Ellipticity =  3.0864738859E-02
           V = -1.8643184800E-01
           G =  9.3747748513E-02
           K =  9.2684099490E-02
           L = -1.0636490231E-03
           Vnuc =  2.3850133935E+01
           Ven = -3.3272827375E+00
           Vrep =  3.1408508895E+00
           DelSqV = -1.4712370881E+00
           DelSqVen = -1.0147268665E-01
           DelSqVrep = -1.3697644014E+00
           DelSqG =  1.8832900280E+00
           DelSqK = -4.1205293997E-01
           Stress_EigVals = -8.1672612144E-02 -8.0385686247E-02 -2.4373549613E-02
           Stress_EigVec1 = -4.8586397765E-01  7.1701193995E-01 -4.9983004430E-01
           Stress_EigVec2 =  8.7391372881E-01  4.0802601330E-01 -2.6417715094E-01
           Stress_EigVec3 = -1.4525488818E-02  5.6516249914E-01  8.2485171985E-01
           -DivStress =  1.7138101029E-03 -4.7332206023E-02 -6.9844269304E-02
           ESP =   6.6627056077E-01
           ESPe = -2.3183863374E+01
           ESPn =  2.3850133935E+01
           BPL =  2.8800654947E+00 =  1.1700654947E+00 +  1.7100000000E+00                
           GBL_I =  2.8800608523E+00                                                      
           GBL_II =  2.8970073260E+00                                                     
           GBL_III =  2.8800638864E+00 =  1.1700644017E+00 +  1.7099994847E+00            
           GBL_IV =  2.8970106077E+00 =  1.1879206962E+00 +  1.7090899116E+00             

CP# 15     Coords = -3.85441252151693E-02  1.64617324359738E+00 -1.41481289369432E+00
           Type = (3,-1) BCP Ge8 H2
           Rho =  1.3950792673E-01
           GradRho =  7.9667175634E-16 -1.9376861227E-14  2.8272523211E-14
           HessRho_EigVals = -2.2384807045E-01 -2.1714591839E-01  4.4524858493E-01
           HessRho_EigVec1 =  8.9700007007E-01  3.7735663702E-01  2.3020174367E-01
           HessRho_EigVec2 = -4.4139856274E-01  7.3682972404E-01  5.1210278908E-01
           HessRho_EigVec3 =  2.3625899035E-02 -5.6096695648E-01  8.2750099132E-01
           DelSqRho =  4.2545960925E-03
           Bond Ellipticity =  3.0864738859E-02
           V = -1.8643184800E-01
           G =  9.3747748513E-02
           K =  9.2684099490E-02
           L = -1.0636490231E-03
           Vnuc =  2.3850133935E+01
           Ven = -3.3272827375E+00
           Vrep =  3.1408508895E+00
           DelSqV = -1.4712370881E+00
           DelSqVen = -1.0147268665E-01
           DelSqVrep = -1.3697644014E+00
           DelSqG =  1.8832900280E+00
           DelSqK = -4.1205293997E-01
           Stress_EigVals = -8.1672612144E-02 -8.0385686247E-02 -2.4373549613E-02
           Stress_EigVec1 = -4.8586397765E-01  7.1701193995E-01  4.9983004430E-01
           Stress_EigVec2 =  8.7391372881E-01  4.0802601330E-01  2.6417715094E-01
           Stress_EigVec3 =  1.4525488818E-02 -5.6516249914E-01  8.2485171985E-01
           -DivStress =  1.7138101029E-03 -4.7332206023E-02  6.9844269304E-02
           ESP =   6.6627056077E-01
           ESPe = -2.3183863374E+01
           ESPn =  2.3850133935E+01
           BPL =  2.8800654947E+00 =  1.7100000000E+00 +  1.1700654947E+00                
           GBL_I =  2.8800608523E+00                                                      
           GBL_II =  2.8970073260E+00                                                     
           GBL_III =  2.8800638864E+00 =  1.7099994847E+00 +  1.1700644017E+00            
           GBL_IV =  2.8970106077E+00 =  1.7090899116E+00 +  1.1879206962E+00             

Number of NACPs  =      8
Number of NNACPs =      0
Number of BCPs   =      7
Number of RCPs   =      0
Number of CCPs   =      0
NumNACP + NumNNACP - NumBCP + NumRCP - NumCCP =      1
Poincare-Hopf Relationship is Satisfied

Bond Path Angles and Corresponding Geometric Bond Angles:
--------------------------------------------------------
  BPA     = A-B-C Bond Path Angle
  GBA_I   = A-B-C Geometric Bond Angle in Terms of Nuclear Attractors
  GBA_II  = A-B-C Geometric Bond Angle in Terms of Nuclei
  GBA_III = A-B-C Geometric Bond Angle in Terms of A|B and C|B BCPs and Nuclear Attractor B
  GBA_IV  = A-B-C Geometric Bond Angle in Terms of A|B and C|B BCPs and Nucleus B
-------------------------------------------------------------------------------------------------
Atom A    Atom B    Atom C        BPA          GBA_I         GBA_II       GBA_III       GBA_IV
-------------------------------------------------------------------------------------------------
H4        C3        Ge8       109.27003119  109.98882519  109.99790304  109.76096749  109.76094588
H5        C3        Ge8       109.27003119  109.98882519  109.99790304  109.76096749  109.76094588
H5        C3        H4        109.98486076  109.01322030  108.99875875  109.32619386  109.32623232
H6        C3        Ge8       109.67132624  110.22292666  110.23630993  109.96511771  109.96508230
H6        C3        H4        109.31589069  108.79710076  108.78821445  109.00362371  109.00364431
H6        C3        H5        109.31589069  108.79710076  108.78821445  109.00362371  109.00364431
