AIMSum (Version 19.10.12, Professional)
Copyright (c) 1997-2019 by Todd A. Keith
AIMSum is a component of the AIMAll package ( http://aim.tkgristmill.com )

TP:  64-bit Mac OS X

Much of the Quantum Theory of Atoms in Molecules (QTAIM) is described in the book:
  "Atoms in Molecules - A Quantum Theory"
  R.F.W. Bader, Oxford University Press, Oxford, 1990

For additional references see:  http://aim.tkgristmill.com/references.html

Wfx File:  /Users/chemlab/Documents/SubstituentCoding/BCP Map Reference/BCPMapReference/SubH_AsSHMe_wb97xd_aug-cc-pvtz_reor.wfx
Sum File:  /Users/chemlab/Documents/SubstituentCoding/BCP Map Reference/BCPMapReference/SubH_AsSHMe_wb97xd_aug-cc-pvtz_reor.sum

SumViz File:  /Users/chemlab/Documents/SubstituentCoding/BCP Map Reference/BCPMapReference/SubH_AsSHMe_wb97xd_aug-cc-pvtz_reor.sumviz

Wfx Title:   single point on SubH_AsSHMe_wb97xd_aug-cc-pvtz reoriented by subproptools     
 
Total memory allocated for AIMSum =        0.549 Megabytes

Atomic units (a.u.) used throughout, except where stated otherwise

Model:  Restricted SCF
 
Restricted, closed-shell, single-determinant wavefunction.
  Number of electrons (from MO Occs)                   =          60.0000000000
  Number of Alpha electrons (from MO Occs)             =          30.0000000000
  Number of Beta electrons (from MO Occs)              =          30.0000000000
  Number of electron pairs (N*(N-1)/2)                 =        1770.0000000000
  Number of electron pairs (from Muller 2EDM)          =        1770.0000000000
 
Nuclear Charges and Cartesian Coordinates:
-------------------------------------------------------------------------------
Atom      Charge                X                  Y                  Z
-------------------------------------------------------------------------------
As1       33.0           0.0000000000E+00   0.0000000000E+00   0.0000000000E+00
H2         1.0          -2.8532918063E+00   0.0000000000E+00   0.0000000000E+00
H3         1.0           5.2535709071E-01   2.8045104161E+00   0.0000000000E+00
S4        16.0           1.7001374614E+00  -2.0481909985E+00  -2.8519935645E+00
C5         6.0           8.3088801053E-01  -1.0009867943E+00   3.4157593386E+00
H6         1.0          -1.5731969987E-01   1.8952705810E-01   4.7699276309E+00
H7         1.0           2.8479684478E-01  -2.9666243512E+00   3.6548418188E+00
H8         1.0           2.8634660918E+00  -8.2615160097E-01   3.6548418188E+00
 
Some Atomic Properties:
----------------------
  q(A) = Net Charge of Atom A
  L(A) = Lagrangian of Atom A = -(1/4) Times Atomic Integral of the Laplacian of the Electron Density
  K(A) = Electronic Kinetic Energy of Atom A (Hamiltonian Form)
  K_Scaled(A) = K(A) * E(Mol)/K(Mol) = Approximation to Virial-Based Total Energy of Atom A.
  |Mu_Intra(A)| = Magnitude of Intraatomic Dipole Moment of Atom A
--------------------------------------------------------------------------------------------------
Atom A          q(A)              L(A)              K(A)          K_Scaled(A)      |Mu_Intra(A)|
--------------------------------------------------------------------------------------------------
As1       1.4870522210E+00 -2.2748170558E-04  2.2321433519E+03 -2.2362417534E+03  3.2749451470E-01
H2       -2.8275584220E-01  1.9470358066E-05  6.5642260585E-01 -6.5762785255E-01  6.4269474144E-02
H3       -2.8276331820E-01  1.7838867819E-05  6.5642428408E-01 -6.5762953385E-01  6.4288060368E-02
S4       -7.0252843600E-01 -3.0499263926E-06  3.9725562969E+02 -3.9798502418E+02  1.9239342466E-01
C5       -3.5810353980E-01 -1.0916739403E-04  3.7885003892E+01 -3.7954563921E+01  4.3910475600E-01
H6        3.3634610780E-02  1.9163548712E-05  6.0396409136E-01 -6.0507301984E-01  1.3612771263E-01
H7        5.2601917370E-02  2.0814212738E-05  5.9724080540E-01 -5.9833738937E-01  1.3391778527E-01
H8        5.2595519480E-02  2.5374253679E-05  5.9724874210E-01 -5.9834534064E-01  1.3390244196E-01
--------------------------------------------------------------------------------------------------
Total    -2.6686757000E-04 -2.3703778499E-04  2.6703952860E+03 -2.6752983546E+03
 
1st Largest |L(A)| = 2.2748170558E-04, atom As1     
2nd Largest |L(A)| = 1.0916739403E-04, atom C5      
 
Molecular charge q(Mol) from the wfx file:   0.0000000000E+00
Molecular energy E(Mol) from the wfx file:  -2.6752984151E+03
Molecular virial ratio (-V(Mol)/T(Mol)) from the wfx file:   2.0018360835E+00
Note.  K_Scaled(A) = (1+V(Mol)/T(Mol))*K(A) = (E(Mol)/T(Mol))*K(A)
       Only use K_Scaled(A) data with caution.
 
N_AIMInt(SumA)     =         60.000267
N_Analytic(Mol)    =         60.000000
 
G_AIMInt(SumA)     =       2670.395523
G_Analytic(Mol)    =       2670.395346
 
K_AIMInt(SumA)     =       2670.395286
K_Analytic(Mol)    =       2670.395346
 
L_AIMInt(SumA)     =         -0.000237
L_Analytic(Mol)    =          0.000000
 
VenT_AIMInt(SumA)  =      -6934.457405
VenT_Analytic(Mol) =      -6934.453811
 
Some Information About the Atomic Calculations:
----------------------------------------------
  Time(sec) = "Elapsed User Time", in Seconds, for Atom A by AIMInt and, if used, by TWOe
  NProc = Number of Processors Used for AIMInt Job
  BIM = Basin Integration Method
  OAQ = Angular Quadrature Outside of Beta Sphere
  ORQ = Multiple of Default for Radial Quadrature Outside of Beta Sphere
  IAQ = Multiple of Default for Angular Quadrature Inside of Beta Sphere
  IRQ = Multiple of Default for Radial Quadrature Inside of Beta Sphere
  MIR = Maximum Integration Radius
------------------------------------------------------------------------------------------------------
Atom A     Time(sec)   NProc      BIM          OAQ                     ORQ      IAQ      IRQ      MIR
------------------------------------------------------------------------------------------------------
As1           113        2     Proaim(5)    4500(GS4)                  1.00     1.00     1.00    13.00
H2             33        2     Proaim(5)    1800(GS4)                  1.00     1.00     1.00    13.00
H3             34        2     Proaim(5)    1800(GS4)                  1.00     1.00     1.00    13.00
S4             56        2     Proaim(5)    3150(GS4)                  1.00     1.00     1.00    13.00
C5             78        2     Proaim(5)    4500(GS4)                  1.00     1.00     1.00    13.00
H6             36        2     Proaim(5)    1800(GS4)                  1.00     1.00     1.00    13.00
H7             33        2     Proaim(5)    1800(GS4)                  1.00     1.00     1.00    13.00
H8             29        2     Proaim(5)    1800(GS4)                  1.00     1.00     1.00    13.00
------------------------------------------------------------------------------------------------------
Total         412
Note:  Total wall clock time is less than total of atomic times if more than one atom
       was calculated at a time
 
Electron Density Critical Point Analysis of Molecular Structure:               
---------------------------------------------------------------                
  NACP = Nuclear Attractor Critical Point                                      
  NNACP = Non-Nuclear Attractor Critical Point                                 
  BCP = Bond Critical Point                                                    
  RCP = Ring Critical Point                                                    
  CCP = Cage Critical Point                                                    
  Rho = Electron Density                                                       
  GradRho = Gradient of Electron Density                                       
  HessRho_EigVals = Eigenvalues of the Hessian of Rho, Ascending Order         
  HessRho_EigVecs = Eigenvectors of the Hessian of Rho                         
  DelSqRho = Laplacian of Rho = Trace of Hessian of Rho                        
  Bond Ellipticity = (HessRho_EigVal(1) / HessRho_EigVal(2)) - 1               
  V = Virial Field = Potential Energy Density = Trace of Stress Tensor         
  G = Lagrangian Form of Kinetic Energy Density                                
  K = Hamiltonian Form of Kinetic Energy Density                               
  L = K - G = Lagrangian Density = (-1/4)DelSqRho                              
  Vnuc = Electrostatic Potential from Nuclei                                   
  Ven = Electron-nuclear attractive contribution to Virial Field V             
  Vrep = V - Ven = Repulsive contribution to Virial Field V                    
  DelSqV = Laplacian of V                                                      
  DelSqVen = Laplacian of Ven                                                  
  DelSqVrep = Laplacian of Vrep                                                
  DelSqG = Laplacian of G                                                      
  DelSqK = Laplacian of K                                                      
  Stress_EigVals = Eigenvalues of Stress Tensor, Ascending Order               
  Stress_EigVecs = Eigenvectors of Stress Tensor                               
  -DivStress = Ehrenfest Force Density = Minus Divergence of Stress Tensor     
  ESP = Total Electrostatic Potential                                          
  ESPe = Electrostatic Potential from Electrons                                
  ESPn = Electrostatic Potential from Nuclei                                   
  BP = Bond Path                                                               
  BPL = Bond Path Length                                                       
  GBL = Geometric Bond Length                                                  
  GBL_I = Distance Between Nuclear Attractors                                  
  GBL_II = Distance Between Nuclei                                             
  GBL_III = Sum of Distances Between BCP and Nuclear Attractors                
  GBL_IV = Sum of Distances Between BCP and Nuclei                             

CP# 1      Coords = -9.51030155087730E-10  1.14572242313975E-09  1.14358093857522E-09
           Type = (3,-3) NACP As1
           Rho =  2.4533002833E+04     Rho at Nucleus =  2.4533002833E+04
           GradRho = -1.7416823539E-10  2.0983748072E-10  2.0965273961E-10
           HessRho_EigVals = -9.0399646026E+09 -9.0399645862E+09 -9.0399641572E+09
           HessRho_EigVec1 =  7.6950116822E-01  6.3864540060E-01  6.6340048937E-05
           HessRho_EigVec2 = -4.6715204755E-01  5.6294036942E-01 -6.8181163451E-01
           HessRho_EigVec3 = -4.3547320994E-01  5.2462385837E-01  7.3152777846E-01
           DelSqRho = -2.7119893346E+10
           Bond Ellipticity = NA
           V = -6.7814444816E+09
           G =  7.3557254509E+05
           K =  6.7807089091E+09
           L =  6.7799733365E+09
           Vnuc =  3.3000000071E+09
           Ven = -8.0958909521E+13
           Vrep =  8.0952128077E+13
           DelSqV =  4.0321246254E+17
           DelSqVen =  2.3431552840E+30
           DelSqVrep = -2.3431552840E+30
           DelSqG =  2.4988225125E+15
           DelSqK = -4.0571128505E+17
           Stress_EigVals = -2.2604815388E+09 -2.2604814726E+09 -2.2604814702E+09
           Stress_EigVec1 = -4.2737914657E-01  5.1487414872E-01  7.4313637783E-01
           Stress_EigVec2 = -4.7456133666E-01  5.7187692604E-01 -6.6913998476E-01
           Stress_EigVec3 =  7.6950542741E-01  6.3864026841E-01  6.8908364736E-05
           -DivStress =  1.2738767167E+08 -1.5346611965E+08 -1.5307443401E+08
           ESP =  -1.6195714940E+02     ESP at Nucleus =  -1.6195714940E+02
           ESPe = -1.6903439371E+02     ESPe at Nucleus = -1.6903439371E+02
           ESPn =  7.0772443012E+00     ESPn at Nucleus =  7.0772443026E+00

CP# 2      Coords = -2.83276712579447E+00  2.02243728947882E-04  3.76205071390683E-04
           Type = (3,-3) NACP H2
           Rho =  3.8196931695E-01     Rho at Nucleus =  3.8037260499E-01
           GradRho =  2.1860733709E-12  2.0450655058E-14  3.8516932699E-14
           HessRho_EigVals = -7.7967134863E+00 -7.7939571055E+00 -7.4628249355E+00
           HessRho_EigVec1 = -8.1210700019E-03  6.0429747185E-01  7.9671739892E-01
           HessRho_EigVec2 =  3.6815702098E-03  7.9675634145E-01 -6.0428948229E-01
           HessRho_EigVec3 =  9.9996024634E-01  1.9743061456E-03  8.6952775936E-03
           DelSqRho = -2.3053495527E+01
           Bond Ellipticity = NA
           V = -5.7696210800E+00
           G =  3.1235990701E-03
           K =  5.7664974809E+00
           L =  5.7633738818E+00
           Vnuc =  6.5060809317E+01
           Ven = -2.4851232895E+01
           Vrep =  1.9081611815E+01
           DelSqV =  1.5091351250E+03
           DelSqVen =  1.4998790766E+03
           DelSqVrep =  9.2560484170E+00
           DelSqG =  1.1614057245E+02
           DelSqK = -1.6252756975E+03
           Stress_EigVals = -1.9506924540E+00 -1.9498980919E+00 -1.8690305340E+00
           Stress_EigVec1 = -1.2010498730E-02  5.8076938914E-01  8.1397952343E-01
           Stress_EigVec2 =  3.1639659589E-03  8.1405623665E-01 -5.8077743834E-01
           Stress_EigVec3 =  9.9992286564E-01  4.4000231821E-03  1.1614755973E-02
           -DivStress = -9.8532738622E+00 -9.7868008703E-02 -1.8234149319E-01
           ESP =  -1.0402534634E+00     ESP at Nucleus =  -1.0406370102E+00
           ESPe = -1.7389778873E+01     ESPe at Nucleus = -1.7293274593E+01
           ESPn =  1.6349525410E+01     ESPn at Nucleus =  1.6252637583E+01

CP# 3      Coords =  5.21379166386325E-01  2.78437385347708E+00  3.76189747778642E-04
           Type = (3,-3) NACP H3
           Rho =  3.8196906564E-01     Rho at Nucleus =  3.8037234936E-01
           GradRho = -2.4841240176E-15 -1.1849028703E-14  1.8995222062E-16
           HessRho_EigVals = -7.7967059758E+00 -7.7939489620E+00 -7.4628161349E+00
           HessRho_EigVec1 = -5.9250160257E-01  1.1925491716E-01  7.9669323813E-01
           HessRho_EigVec2 =  7.8378794058E-01 -1.4308102580E-01  6.0432134189E-01
           HessRho_EigVec3 =  1.8605997733E-01  9.8249991592E-01 -8.6948288422E-03
           DelSqRho = -2.3053471073E+01
           Bond Ellipticity = NA
           V = -5.7696149569E+00
           G =  3.1235943620E-03
           K =  5.7664913625E+00
           L =  5.7633677682E+00
           Vnuc =  6.5060712199E+01
           Ven = -2.4851179448E+01
           Vrep =  1.9081564492E+01
           DelSqV =  1.5091333841E+03
           DelSqVen =  1.4998752467E+03
           DelSqVrep =  9.2581374031E+00
           DelSqG =  1.1614040191E+02
           DelSqK = -1.6252737860E+03
           Stress_EigVals = -1.9506905718E+00 -1.9498960492E+00 -1.8690283359E+00
           Stress_EigVec1 = -5.6866185504E-01  1.1874608826E-01  8.1395519603E-01
           Stress_EigVec2 =  8.0069660160E-01 -1.4677501112E-01  5.8081154284E-01
           Stress_EigVec3 =  1.8843738168E-01  9.8201652870E-01 -1.1614239228E-02
           -DivStress =  1.9104396807E+00  9.6667957896E+00 -1.8233444727E-01
           ESP =  -1.0402534923E+00     ESP at Nucleus =  -1.0406370338E+00
           ESPe = -1.7389775009E+01     ESPe at Nucleus = -1.7293270601E+01
           ESPn =  1.6349521517E+01     ESPn at Nucleus =  1.6252633567E+01

CP# 4      Coords =  1.70013735630331E+00 -2.04819087186152E+00 -2.85199338693500E+00
           Type = (3,-3) NACP S4
           Rho =  2.6279518871E+03     Rho at Nucleus =  2.6279518843E+03
           GradRho =  8.4999184358E-09 -1.5199017933E-08 -5.5047260916E-09
           HessRho_EigVals = -9.8076530697E+07 -9.8076245454E+07 -9.8076244200E+07
           HessRho_EigVec1 = -4.4515245019E-01  5.3629317591E-01  7.1709757046E-01
           HessRho_EigVec2 = -4.5850855707E-01  5.5136107582E-01 -6.9697264448E-01
           HessRho_EigVec3 =  7.6916136095E-01  6.3905445272E-01 -4.5527641386E-04
           DelSqRho = -2.9422902035E+08
           Bond Ellipticity = NA
           V = -7.3576631597E+07
           G =  9.6882544753E+03
           K =  7.3566943342E+07
           L =  7.3557255088E+07
           Vnuc =  6.6103335915E+07
           Ven = -1.7371638637E+11
           Vrep =  1.7364280973E+11
           DelSqV =  1.9506204860E+14
           DelSqVen =  1.9449517271E+16
           DelSqVrep = -1.9254455491E+16
           DelSqG =  2.7458943658E+12
           DelSqK = -1.9780794296E+14
           Stress_EigVals = -2.4525568378E+07 -2.4525568061E+07 -2.4525495158E+07
           Stress_EigVec1 =  7.6916169092E-01  6.3905405626E-01 -4.5431847140E-04
           Stress_EigVec2 = -4.5873125680E-01  5.5163099555E-01 -6.9661243083E-01
           Stress_EigVec3 = -4.4492238341E-01  5.3601600529E-01  7.1744749969E-01
           -DivStress =  6.7820034828E+06 -8.1706102395E+06 -1.1456432046E+07
           ESP =  -5.9258260549E+01     ESP at Nucleus =  -5.9258260556E+01
           ESPe = -6.9420596911E+01     ESPe at Nucleus = -6.9420596339E+01
           ESPn =  1.0162336362E+01     ESPn at Nucleus =  1.0162335783E+01

CP# 5      Coords =  8.30887481209676E-01 -1.00098615673483E+00  3.41575785573795E+00
           Type = (3,-3) NACP C5
           Rho =  1.2091261832E+02     Rho at Nucleus =  1.2091261796E+02
           GradRho = -1.8325141266E-09  2.2314610021E-09 -5.0947386865E-09
           HessRho_EigVals = -2.4819816321E+05 -2.4819698298E+05 -2.4819690098E+05
           HessRho_EigVec1 =  2.1338863296E-01 -2.5709752623E-01  9.4253177842E-01
           HessRho_EigVec2 = -6.0180754897E-01  7.2539219175E-01  3.3411650984E-01
           HessRho_EigVec3 =  7.6960572069E-01  6.3851940468E-01 -6.7216051908E-05
           DelSqRho = -7.4459204716E+05
           Bond Ellipticity = NA
           V = -1.8616339761E+05
           G =  7.6929106677E+00
           K =  1.8615570470E+05
           L =  1.8614801179E+05
           Vnuc =  3.5320201645E+06
           Ven = -4.2706580606E+08
           Vrep =  4.2687964266E+08
           DelSqV =  1.1199516347E+10
           DelSqVen =  2.6299141652E+12
           DelSqVrep = -2.6187146161E+12
           DelSqG =  3.8214084117E+08
           DelSqK = -1.1581657188E+10
           Stress_EigVals = -6.2054590975E+04 -6.2054567508E+04 -6.2054239129E+04
           Stress_EigVec1 =  7.6947868742E-01  6.3867249008E-01  3.9912320283E-06
           Stress_EigVec2 = -6.0147767091E-01  7.2466391418E-01  3.3628384274E-01
           Stress_EigVec3 =  2.1477234692E-01 -2.5876565055E-01  9.4176067931E-01
           -DivStress =  1.9414349715E+03 -2.3386142957E+03  5.4379535478E+03
           ESP =  -1.4727541730E+01     ESP at Nucleus =  -1.4727541732E+01
           ESPe = -2.8101097377E+01     ESPe at Nucleus = -2.8101093005E+01
           ESPn =  1.3373555647E+01     ESPn at Nucleus =  1.3373551274E+01

CP# 6      Coords = -1.42748493118108E-01  1.71973063786307E-01  4.74926486190313E+00
           Type = (3,-3) NACP H6
           Rho =  4.3280756945E-01     Rho at Nucleus =  4.2888758255E-01
           GradRho =  5.1326280032E-11 -6.1832856543E-11 -7.2683919647E-11
           HessRho_EigVals = -8.7624665924E+00 -8.7587857569E+00 -7.9856215236E+00
           HessRho_EigVec1 =  7.6953374474E-01  6.3860613449E-01  1.4387770655E-04
           HessRho_EigVec2 = -4.2661374736E-01  5.1424611095E-01 -7.4401051601E-01
           HessRho_EigVec3 = -4.7520366820E-01  5.7247981830E-01  6.6816789160E-01
           DelSqRho = -2.5506873873E+01
           Bond Ellipticity = NA
           V = -6.3942130043E+00
           G =  8.7472680558E-03
           K =  6.3854657363E+00
           L =  6.3767184682E+00
           Vnuc =  4.5322016484E+01
           Ven = -1.9615711797E+01
           Vrep =  1.3221498792E+01
           DelSqV =  1.6430830818E+03
           DelSqVen =  1.1560229583E+03
           DelSqVrep =  4.8706012350E+02
           DelSqG =  1.2584181215E+02
           DelSqK = -1.7689248940E+03
           Stress_EigVals = -2.1975891986E+00 -2.1973903052E+00 -1.9992335005E+00
           Stress_EigVec1 =  7.6979820020E-01  6.3828705298E-01  6.0742114684E-04
           Stress_EigVec2 = -4.2515374736E-01  5.1346075727E-01 -7.4538737704E-01
           Stress_EigVec3 = -4.7608299914E-01  5.7353961392E-01  6.6663129929E-01
           -DivStress = -7.7614555742E+00  9.3502634719E+00  1.1002901720E+01
           ESP =  -1.0696490915E+00     ESP at Nucleus =  -1.0707576997E+00
           ESPe = -1.3903112114E+01     ESPe at Nucleus = -1.3816447623E+01
           ESPn =  1.2833463023E+01     ESPn at Nucleus =  1.2745689923E+01

CP# 7      Coords =  2.92770127788434E-01 -2.93666416275108E+00  3.65091100974774E+00
           Type = (3,-3) NACP H7
           Rho =  4.3150377008E-01     Rho at Nucleus =  4.2748229307E-01
           GradRho =  4.6858350533E-14  1.7430674959E-13 -2.2747428940E-14
           HessRho_EigVals = -8.7301514787E+00 -8.7257780824E+00 -7.9381609636E+00
           HessRho_EigVec1 =  8.0803963729E-01 -2.8485298837E-01 -5.1568470947E-01
           HessRho_EigVec2 =  5.2953090067E-01 -3.2466079327E-02  8.4766914473E-01
           HessRho_EigVec3 =  2.5820334971E-01  9.5802125692E-01 -1.2460458052E-01
           DelSqRho = -2.5394090525E+01
           Bond Ellipticity = NA
           V = -6.3658221081E+00
           G =  8.6497384800E-03
           K =  6.3571723697E+00
           L =  6.3485226312E+00
           Vnuc =  4.5301160932E+01
           Ven = -1.9547621731E+01
           Vrep =  1.3181799623E+01
           DelSqV =  1.6340766940E+03
           DelSqVen =  1.1503817816E+03
           DelSqVrep =  4.8369491243E+02
           DelSqG =  1.2511614760E+02
           DelSqK = -1.7591928416E+03
           Stress_EigVals = -2.1893994520E+00 -2.1891672170E+00 -1.9872554392E+00
           Stress_EigVec1 =  7.6202952608E-01 -2.8065464986E-01 -5.8356145255E-01
           Stress_EigVec2 =  5.9361813940E-01 -5.7272802346E-02  8.0270625430E-01
           Stress_EigVec3 =  2.5870544247E-01  9.5809853023E-01 -1.2295812463E-01
           -DivStress = -4.2274625063E+00 -1.5885551651E+01  2.0822703298E+00
           ESP =  -1.0722136824E+00     ESP at Nucleus =  -1.0733559367E+00
           ESPe = -1.4374601566E+01     ESPe at Nucleus = -1.4289861188E+01
           ESPn =  1.3302387883E+01     ESPn at Nucleus =  1.3216505251E+01

CP# 8      Coords =  2.83254977663033E+00 -8.28472213917786E-01  3.65091131170349E+00
           Type = (3,-3) NACP H8
           Rho =  4.3150564012E-01     Rho at Nucleus =  4.2748408106E-01
           GradRho = -8.6945133818E-11 -6.5697169926E-12 -1.1033652290E-11
           HessRho_EigVals = -8.7301966386E+00 -8.7258280796E+00 -7.9381942505E+00
           HessRho_EigVec1 = -1.3119875609E-01  8.4666689555E-01  5.1569569940E-01
           HessRho_EigVec2 = -6.5576275140E-02 -5.2646478407E-01  8.4766419251E-01
           HessRho_EigVec3 =  9.8918483538E-01  7.7395084569E-02  1.2459278609E-01
           DelSqRho = -2.5394218969E+01
           Bond Ellipticity = NA
           V = -6.3658541725E+00
           G =  8.6497151421E-03
           K =  6.3572044573E+00
           L =  6.3485547422E+00
           Vnuc =  4.5300913606E+01
           Ven = -1.9547599724E+01
           Vrep =  1.3181745551E+01
           DelSqV =  1.6340840779E+03
           DelSqVen =  1.1503813198E+03
           DelSqVrep =  4.8370275817E+02
           DelSqG =  1.2511687429E+02
           DelSqK = -1.7592009522E+03
           Stress_EigVals = -2.1894107828E+00 -2.1891796382E+00 -1.9872637514E+00
           Stress_EigVec1 = -1.3556575682E-01  8.0041621088E-01  5.8391421882E-01
           Stress_EigVec2 = -5.2936887637E-02 -5.9436476902E-01  8.0245137378E-01
           Stress_EigVec3 =  9.8935312781E-01  7.7874326403E-02  1.2294705275E-01
           -DivStress =  1.6392555676E+01  1.2303008905E+00  2.0821258681E+00
           ESP =  -1.0722149940E+00     ESP at Nucleus =  -1.0733572378E+00
           ESPe = -1.4374605861E+01     ESPe at Nucleus = -1.4289865178E+01
           ESPn =  1.3302390867E+01     ESPn at Nucleus =  1.3216507940E+01

CP# 9      Coords = -1.69563319042039E+00 -3.64340426787433E-03  2.92262688672571E-05
           Type = (3,-1) BCP As1 H2
           Rho =  1.6074222635E-01
           GradRho = -1.0061396161E-16 -2.0816681712E-17 -9.5409791179E-18
           HessRho_EigVals = -2.6271259996E-01 -2.6116516841E-01  3.5756227933E-01
           HessRho_EigVec1 =  6.4975885131E-03  5.8125468785E-01  8.1369574731E-01
           HessRho_EigVec2 =  1.5304094367E-03  8.1370619124E-01 -5.8127436910E-01
           HessRho_EigVec3 =  9.9997771935E-01 -5.0221693140E-03 -4.3975703419E-03
           DelSqRho = -1.6631548905E-01
           Bond Ellipticity =  5.9251069324E-03
           V = -2.0692297128E-01
           G =  8.2672049508E-02
           K =  1.2425092177E-01
           L =  4.1578872263E-02
           Vnuc =  2.5820980030E+01
           Ven = -4.1505218166E+00
           Vrep =  3.9435988453E+00
           DelSqV = -1.2542687269E+00
           DelSqVen =  4.2944289214E+00
           DelSqVrep = -5.5486976484E+00
           DelSqG =  1.7844590005E+00
           DelSqK = -5.3019027353E-01
           Stress_EigVals = -9.0533792209E-02 -8.9841261027E-02 -2.6547918042E-02
           Stress_EigVec1 =  1.0023347622E-02  4.6468734747E-01  8.8541809424E-01
           Stress_EigVec2 =  5.0731130224E-03  8.8542754837E-01 -4.6474973923E-01
           Stress_EigVec3 =  9.9993689602E-01 -9.1501742575E-03 -6.5175366774E-03
           -DivStress =  1.3085110302E-01  1.3204475631E-03  8.7063155818E-04
           ESP =   7.7020710258E-01
           ESPe = -2.5050772927E+01
           ESPn =  2.5820980030E+01
           BPL =  2.8331536212E+00 =  1.6960000000E+00 +  1.1371536212E+00                
           GBL_I =  2.8331231544E+00                                                      
           GBL_II =  2.8532918063E+00                                                     
           GBL_III =  2.8331335942E+00 =  1.6959931032E+00 +  1.1371404911E+00            
           GBL_IV =  2.8533014545E+00 =  1.6956371050E+00 +  1.1576643495E+00             

CP# 10     Coords =  3.15785570007324E-01  1.66597311098036E+00  2.92243049851088E-05
           Type = (3,-1) BCP H3 As1
           Rho =  1.6074222311E-01
           GradRho =  0.0000000000E+00 -7.2858385991E-17 -2.4286128664E-17
           HessRho_EigVals = -2.6271292349E-01 -2.6116539351E-01  3.5756172744E-01
           HessRho_EigVec1 = -5.7253010060E-01  1.0063901258E-01  8.1368364434E-01
           HessRho_EigVec2 =  8.0006426919E-01 -1.4831580145E-01  5.8129131097E-01
           HessRho_EigVec3 =  1.7918272539E-01  9.8380598300E-01  4.3975826716E-03
           DelSqRho = -1.6631658956E-01
           Bond Ellipticity =  5.9254787141E-03
           V = -2.0692279020E-01
           G =  8.2671821405E-02
           K =  1.2425096880E-01
           L =  4.1579147391E-02
           Vnuc =  2.5820973055E+01
           Ven = -4.1505206118E+00
           Vrep =  3.9435978216E+00
           DelSqV = -1.2542656151E+00
           DelSqVen =  4.2944561778E+00
           DelSqVrep = -5.5487217929E+00
           DelSqG =  1.7844547694E+00
           DelSqK = -5.3018915428E-01
           Stress_EigVals = -9.0533785133E-02 -8.9841254391E-02 -2.6547750678E-02
           Stress_EigVec1 = -4.5859983641E-01  7.5709751169E-02  8.8541189489E-01
           Stress_EigVec2 =  8.7121753201E-01 -1.5804022949E-01  4.6476154938E-01
           Stress_EigVec3 =  1.7511768032E-01  9.8452593640E-01  6.5175608280E-03
           -DivStress = -2.5390630944E-02 -1.2837042728E-01  8.7062625831E-04
           ESP =   7.7020611955E-01
           ESPe = -2.5050766936E+01
           ESPn =  2.5820973055E+01
           BPL =  2.8331538742E+00 =  1.1371538742E+00 +  1.6960000000E+00                
           GBL_I =  2.8331234115E+00                                                      
           GBL_II =  2.8532926150E+00                                                     
           GBL_III =  2.8331338465E+00 =  1.1371407424E+00 +  1.6959931041E+00            
           GBL_IV =  2.8533022584E+00 =  1.1576646398E+00 +  1.6956376186E+00             

CP# 11     Coords =  8.38073555361641E-01 -1.00964500969657E+00 -1.40500590388037E+00
           Type = (3,-1) BCP As1 S4
           Rho =  1.4424198475E-01
           GradRho = -8.8453550040E-14  1.0659355343E-13  1.5450639899E-13
           HessRho_EigVals = -1.3762345197E-01 -1.3693770458E-01  1.7612393365E-01
           HessRho_EigVec1 = -4.6561733114E-01  5.6163530785E-01 -6.8393441346E-01
           HessRho_EigVec2 =  7.6966333360E-01  6.3844988913E-01  3.0326410614E-04
           HessRho_EigVec3 = -4.3682817428E-01  5.2625803561E-01  7.2954343675E-01
           DelSqRho = -9.8437222899E-02
           Bond Ellipticity =  5.0077324652E-03
           V = -1.5257163134E-01
           G =  6.3981162807E-02
           K =  8.8590468532E-02
           L =  2.4609305725E-02
           Vnuc =  2.7510482937E+01
           Ven = -3.9681666602E+00
           Vrep =  3.8155950288E+00
           DelSqV = -6.8135472400E-01
           DelSqVen =  2.7080555409E+00
           DelSqVrep = -3.3894102649E+00
           DelSqG =  5.3937184866E-01
           DelSqK =  1.4198287534E-01
           Stress_EigVals = -7.5182570073E-02 -7.4988351635E-02 -2.4007096311E-03
           Stress_EigVec1 = -4.6697725208E-01  5.6253681810E-01 -6.8226429946E-01
           Stress_EigVec2 = -7.6944369606E-01 -6.3871464542E-01  1.7879437179E-05
           Stress_EigVec3 = -4.3576214227E-01  5.2497231356E-01  7.3110561847E-01
           -DivStress = -2.1915794750E-02  2.6402502316E-02  3.6664230944E-02
           ESP =   6.2996080510E-01
           ESPe = -2.6880522132E+01
           ESPn =  2.7510482937E+01
           BPL =  3.9017929468E+00 =  1.9230000000E+00 +  1.9787929468E+00                
           GBL_I =  3.9017628910E+00                                                      
           GBL_II =  3.9012076394E+00                                                     
           GBL_III =  3.9017630713E+00 =  1.9229997503E+00 +  1.9787633211E+00            
           GBL_IV =  3.9012078197E+00 =  1.9224442566E+00 +  1.9787635631E+00             

CP# 12     Coords =  4.03430030442860E-01 -4.86019054738846E-01  1.67157540867718E+00
           Type = (3,-1) BCP C5 As1
           Rho =  1.4902610978E-01
           GradRho =  9.5409791179E-18  4.3368086899E-18 -3.8163916471E-17
           HessRho_EigVals = -1.9377250142E-01 -1.9013450121E-01  2.6002921052E-01
           HessRho_EigVec1 = -5.9882927279E-01  7.2138802675E-01  3.4785459162E-01
           HessRho_EigVec2 =  7.6944229153E-01  6.3871633763E-01  6.4665968820E-06
           HessRho_EigVec3 =  2.2217574586E-01 -2.6765790648E-01  9.3754849637E-01
           DelSqRho = -1.2387779211E-01
           Bond Ellipticity =  1.9133824683E-02
           V = -1.5906181002E-01
           G =  6.4046180998E-02
           K =  9.5015629025E-02
           L =  3.0969448027E-02
           Vnuc =  2.6387409410E+01
           Ven = -3.9324129715E+00
           Vrep =  3.7733511615E+00
           DelSqV = -9.8125583334E-01
           DelSqVen =  3.2688140171E+00
           DelSqVrep = -4.2500698505E+00
           DelSqG =  1.1250311333E+00
           DelSqK = -1.4377529994E-01
           Stress_EigVals = -7.3932553345E-02 -7.3221779329E-02 -1.1907477348E-02
           Stress_EigVec1 = -5.9833023695E-01  7.2080591924E-01  3.4991392419E-01
           Stress_EigVec2 =  7.6944955488E-01  6.3870758763E-01  2.0709751727E-06
           Stress_EigVec3 =  2.2349118563E-01 -2.6924235234E-01  9.3678185596E-01
           -DivStress = -3.3881414323E-02  4.0817609202E-02 -1.3815059630E-01
           ESP =   6.4541983128E-01
           ESPe = -2.5741989578E+01
           ESPn =  2.6387409410E+01
           BPL =  3.6551678791E+00 =  1.8682267750E+00 +  1.7869411041E+00                
           GBL_I =  3.6550990435E+00                                                      
           GBL_II =  3.6551007248E+00                                                     
           GBL_III =  3.6551109195E+00 =  1.8681764898E+00 +  1.7869344297E+00            
           GBL_IV =  3.6551126014E+00 =  1.8681781711E+00 +  1.7869344302E+00             

CP# 13     Coords =  1.99463792316712E-01 -2.40294859284937E-01  4.27028589964025E+00
           Type = (3,-1) BCP H6 C5
           Rho =  2.8420678584E-01
           GradRho = -1.2663481375E-16  1.3183898417E-16 -8.3266726847E-17
           HessRho_EigVals = -7.6492280152E-01 -7.5869780891E-01  4.3265558521E-01
           HessRho_EigVec1 =  7.6947075978E-01  6.3868204070E-01  2.6969957022E-05
           HessRho_EigVec2 = -4.2510823210E-01  5.1219301744E-01 -7.4628500178E-01
           HessRho_EigVec3 = -4.7665264171E-01  5.7423302218E-01  6.6562654348E-01
           DelSqRho = -1.0909650252E+00
           Bond Ellipticity =  8.2048379905E-03
           V = -3.6550614760E-01
           G =  4.6382445644E-02
           K =  3.1912370195E-01
           L =  2.7274125631E-01
           Vnuc =  1.6862364622E+01
           Ven = -4.7923984510E+00
           Vrep =  4.4268923034E+00
           DelSqV = -1.6026168733E+00
           DelSqVen =  1.8396250045E+01
           DelSqVrep = -1.9998866919E+01
           DelSqG =  1.7219258981E+00
           DelSqK = -1.1930902480E-01
           Stress_EigVals = -2.3401984299E-01 -2.3287896779E-01  1.0139266318E-01
           Stress_EigVec1 =  7.6948856598E-01  6.3866058545E-01  5.8414593874E-05
           Stress_EigVec2 = -4.2305274003E-01  5.0978252290E-01 -7.4909823020E-01
           Stress_EigVec3 = -4.7844929300E-01  5.7639781049E-01  6.6245893314E-01
           -DivStress =  6.2287603818E-02 -7.5036742437E-02 -7.7744587431E-02
           ESP =   8.6771877255E-01
           ESPe = -1.5994645850E+01
           ESPn =  1.6862364622E+01
           BPL =  2.0255559737E+00 =  7.1867641074E-01 +  1.3068795630E+00                
           GBL_I =  2.0253496683E+00                                                      
           GBL_II =  2.0561248686E+00                                                     
           GBL_III =  2.0254142422E+00 =  7.1867582050E-01 +  1.3067384217E+00            
           GBL_IV =  2.0561933481E+00 =  7.4945526922E-01 +  1.3067380789E+00             

CP# 14     Coords =  4.77693969598845E-01 -2.25654178618438E+00  3.56289371645705E+00
           Type = (3,-1) BCP C5 H7
           Rho =  2.8587964884E-01
           GradRho = -6.8001160258E-16 -2.4286128664E-15  1.8474805019E-16
           HessRho_EigVals = -7.7751893073E-01 -7.6939280549E-01  4.4238916026E-01
           HessRho_EigVec1 =  7.9316090436E-01 -2.8673489986E-01 -5.3728844860E-01
           HessRho_EigVec2 =  5.4976723901E-01 -4.2453077059E-02  8.3423840666E-01
           HessRho_EigVec3 =  2.6201481391E-01  9.5706887602E-01 -1.2396533323E-01
           DelSqRho = -1.1045225760E+00
           Bond Ellipticity =  1.0561738013E-02
           V = -3.6656473701E-01
           G =  4.5217046511E-02
           K =  3.2134769050E-01
           L =  2.7613064399E-01
           Vnuc =  1.7207693614E+01
           Ven = -4.9193294076E+00
           Vrep =  4.5527646706E+00
           DelSqV = -1.7333050019E+00
           DelSqVen =  1.9006286076E+01
           DelSqVrep = -2.0739591078E+01
           DelSqG =  1.7402393283E+00
           DelSqK = -6.9343263802E-03
           Stress_EigVals = -2.3588717751E-01 -2.3479784883E-01  1.0412028933E-01
           Stress_EigVec1 =  9.4354508695E-01 -2.8123998425E-01 -1.7500497178E-01
           Stress_EigVec2 =  2.0141837717E-01  6.7696307361E-02  9.7716316309E-01
           Stress_EigVec3 =  2.6297016224E-01  9.5724671910E-01 -1.2052141944E-01
           -DivStress =  3.0748064747E-02  1.0094676850E-01 -8.2709852272E-03
           ESP =   8.6595617376E-01
           ESPe = -1.6341737440E+01
           ESPn =  1.7207693614E+01
           BPL =  2.0229581372E+00 =  1.3126686235E+00 +  7.1028951369E-01                
           GBL_I =  2.0227992078E+00                                                      
           GBL_II =  2.0540464937E+00                                                     
           GBL_III =  2.0228492037E+00 =  1.3125603060E+00 +  7.1028889777E-01            
           GBL_IV =  2.0540992891E+00 =  1.3125596722E+00 +  7.4153961686E-01             

CP# 15     Coords =  2.13000325794991E+00 -8.85008325367294E-01  3.56289765477654E+00
           Type = (3,-1) BCP H8 C5
           Rho =  2.8588108381E-01
           GradRho =  1.2682780173E-14  7.4940054162E-16  1.6210990883E-15
           HessRho_EigVals = -7.7752244010E-01 -7.6940162552E-01  4.4238296686E-01
           HessRho_EigVec1 = -1.3579573673E-01  8.3236179564E-01  5.3733914714E-01
           HessRho_EigVec2 = -5.9487960884E-02 -5.4823487874E-01  8.3420602985E-01
           HessRho_EigVec3 =  9.8894929111E-01  8.1316412245E-02  1.2396346520E-01
           DelSqRho = -1.1045410988E+00
           Bond Ellipticity =  1.0554714615E-02
           V = -3.6656995550E-01
           G =  4.5217340404E-02
           K =  3.2135261509E-01
           L =  2.7613527469E-01
           Vnuc =  1.7207701196E+01
           Ven = -4.9193562680E+00
           Vrep =  4.5527863125E+00
           DelSqV = -1.7331999899E+00
           DelSqVen =  1.9006613186E+01
           DelSqVrep = -2.0739813176E+01
           DelSqG =  1.7402591614E+00
           DelSqK = -7.0591714607E-03
           Stress_EigVals = -2.3588871287E-01 -2.3479996622E-01  1.0411872360E-01
           Stress_EigVec1 = -1.0268357780E-01  9.7923083960E-01  1.7482289791E-01
           Stress_EigVec2 = -1.0364292927E-01 -1.8532774246E-01  9.7719587140E-01
           Stress_EigVec3 =  9.8929986660E-01  8.2222811043E-02  1.2052046831E-01
           -DivStress = -1.0488764908E-01 -1.1635977572E-02 -8.2682547273E-03
           ESP =   8.6595645053E-01
           ESPe = -1.6341744746E+01
           ESPn =  1.7207701196E+01
           BPL =  2.0229564492E+00 =  7.1029234888E-01 +  1.3126641003E+00                
           GBL_I =  2.0227976056E+00                                                      
           GBL_II =  2.0540451391E+00                                                     
           GBL_III =  2.0228475529E+00 =  7.1029173345E-01 +  1.3125558195E+00            
           GBL_IV =  2.0540978829E+00 =  7.4154269727E-01 +  1.3125551857E+00             

Number of NACPs  =      8
Number of NNACPs =      0
Number of BCPs   =      7
Number of RCPs   =      0
Number of CCPs   =      0
NumNACP + NumNNACP - NumBCP + NumRCP - NumCCP =      1
Poincare-Hopf Relationship is Satisfied

Bond Path Angles and Corresponding Geometric Bond Angles:
--------------------------------------------------------
  BPA     = A-B-C Bond Path Angle
  GBA_I   = A-B-C Geometric Bond Angle in Terms of Nuclear Attractors
  GBA_II  = A-B-C Geometric Bond Angle in Terms of Nuclei
  GBA_III = A-B-C Geometric Bond Angle in Terms of A|B and C|B BCPs and Nuclear Attractor B
  GBA_IV  = A-B-C Geometric Bond Angle in Terms of A|B and C|B BCPs and Nucleus B
-------------------------------------------------------------------------------------------------
Atom A    Atom B    Atom C        BPA          GBA_I         GBA_II       GBA_III       GBA_IV
-------------------------------------------------------------------------------------------------
H3        As1       H2        100.98101692  100.60187579  100.61001171  100.85623007  100.85620359
S4        As1       H2        115.70385462  115.84461476  115.83606600  115.77412964  115.77414551
S4        As1       H3        115.70389771  115.84463849  115.83608919  115.77418194  115.77419780
C5        As1       H2        103.05891168  103.13335267  103.13950935  103.01261222  103.01261025
C5        As1       H3        103.05890212  103.13334409  103.13950010  103.01258321  103.01258124
C5        As1       S4        116.21807068  116.12533258  116.12532805  116.25700381  116.25699735
H6        C5        As1       108.20279792  110.32909432  110.34385104  109.84695205  109.84687166
