AIMSum (Version 19.10.12, Professional)
Copyright (c) 1997-2019 by Todd A. Keith
AIMSum is a component of the AIMAll package ( http://aim.tkgristmill.com )

TP:  64-bit Mac OS X

Much of the Quantum Theory of Atoms in Molecules (QTAIM) is described in the book:
  "Atoms in Molecules - A Quantum Theory"
  R.F.W. Bader, Oxford University Press, Oxford, 1990

For additional references see:  http://aim.tkgristmill.com/references.html

Wfx File:  /Users/chemlab/Documents/SubstituentCoding/BCP Map Reference/BCPMapReference/SubH_BHCH3BH2_wb97xd_aug-cc-pvtz_reor.wfx
Sum File:  /Users/chemlab/Documents/SubstituentCoding/BCP Map Reference/BCPMapReference/SubH_BHCH3BH2_wb97xd_aug-cc-pvtz_reor.sum

SumViz File:  /Users/chemlab/Documents/SubstituentCoding/BCP Map Reference/BCPMapReference/SubH_BHCH3BH2_wb97xd_aug-cc-pvtz_reor.sumviz

Wfx Title:   Title Card Required                                                           
 
Total memory allocated for AIMSum =        0.568 Megabytes

Atomic units (a.u.) used throughout, except where stated otherwise

Model:  Unrestricted SCF
 
Unrestricted, single-determinant wavefunction.
  Number of electrons (from MO Occs)                   =          23.0000000000
  Number of Alpha electrons (from MO Occs)             =          12.0000000000
  Number of Beta electrons (from MO Occs)              =          11.0000000000
  Number of electron pairs (N*(N-1)/2)                 =         253.0000000000
  Number of electron pairs (from Muller 2EDM)          =         253.0000000000
 
Nuclear Charges and Cartesian Coordinates:
-------------------------------------------------------------------------------
Atom      Charge                X                  Y                  Z
-------------------------------------------------------------------------------
B1         5.0           0.0000000000E+00   0.0000000000E+00   0.0000000000E+00
H2         1.0          -2.2555071824E+00   0.0000000000E+00   0.0000000000E+00
H3         1.0           6.9523024123E-01   2.3816350629E+00   0.0000000000E+00
H4         1.0           1.1827172204E+00  -1.0046985944E+00   1.6368458092E+00
C5         6.0           1.0200136908E+00  -1.1204216428E+00  -2.8271814604E+00
H6         1.0           2.6027046736E+00  -2.4113321089E+00  -2.7999183816E+00
H7         1.0          -4.0403289406E-01  -1.5356086453E+00  -4.2314558409E+00
B8         5.0           1.6477032306E+00   1.9725225850E+00  -2.2540974467E+00
H9         1.0           4.4014178085E-01   3.2270569570E+00  -3.6877136047E+00
H10        1.0           3.8801236290E+00   2.2244608719E+00  -2.0532705823E+00
 
Some Atomic Properties:
----------------------
  q(A) = Net Charge of Atom A
  L(A) = Lagrangian of Atom A = -(1/4) Times Atomic Integral of the Laplacian of the Electron Density
  K(A) = Electronic Kinetic Energy of Atom A (Hamiltonian Form)
  K_Scaled(A) = K(A) * E(Mol)/K(Mol) = Approximation to Virial-Based Total Energy of Atom A.
  |Mu_Intra(A)| = Magnitude of Intraatomic Dipole Moment of Atom A
--------------------------------------------------------------------------------------------------
Atom A          q(A)              L(A)              K(A)          K_Scaled(A)      |Mu_Intra(A)|
--------------------------------------------------------------------------------------------------
B1        1.8213707246E+00 -3.5866975361E-04  2.3902642144E+01 -2.4079279561E+01  1.0805786718E-01
H2       -5.9284772600E-01  3.5565449018E-05  8.1355819383E-01 -8.1957028307E-01  2.6525641758E-01
H3       -6.6683012070E-01  5.6975243996E-06  9.0833940820E-01 -9.1505191829E-01  4.5626513694E-01
H4       -5.9272852200E-01  3.8483302373E-05  8.1349155068E-01 -8.1950314744E-01  2.6526041393E-01
C5       -7.3829643240E-01  8.6437534541E-05  3.8102625691E+01 -3.8384199140E+01  1.0562367145E+00
H6        6.6438931090E-02  2.5885154978E-05  5.9870739020E-01 -6.0313175994E-01  1.3299264522E-01
H7        6.6431910440E-02  1.9923224115E-05  5.9869262369E-01 -6.0311688431E-01  1.3301892679E-01
B8        1.8213787611E+00  2.5160585392E-05  2.3902930787E+01 -2.4079570336E+01  1.0807941331E-01
H9       -5.9285356900E-01  1.8491874264E-05  8.1354521339E-01 -8.1955720671E-01  2.6526779030E-01
H10      -5.9273637650E-01  2.3165285853E-05  8.1348363246E-01 -8.1949517070E-01  2.6527402933E-01
--------------------------------------------------------------------------------------------------
Total    -6.7241937000E-04 -7.9859818676E-05  9.1268016634E+01 -9.1942475407E+01
 
1st Largest |L(A)| = 3.5866975361E-04, atom B1      
2nd Largest |L(A)| = 8.6437534541E-05, atom C5      
 
Molecular charge q(Mol) from the wfx file:   0.0000000000E+00
Molecular energy E(Mol) from the wfx file:  -9.1942194565E+01
Molecular virial ratio (-V(Mol)/T(Mol)) from the wfx file:   2.0073898699E+00
Note.  K_Scaled(A) = (1+V(Mol)/T(Mol))*K(A) = (E(Mol)/T(Mol))*K(A)
       Only use K_Scaled(A) data with caution.
 
N_AIMInt(SumA)     =         23.000672
N_Analytic(Mol)    =         23.000000
 
G_AIMInt(SumA)     =         91.268096
G_Analytic(Mol)    =         91.267738
 
K_AIMInt(SumA)     =         91.268017
K_Analytic(Mol)    =         91.267738
 
L_AIMInt(SumA)     =         -0.000080
L_Analytic(Mol)    =          0.000000
 
VenT_AIMInt(SumA)  =       -339.201227
VenT_Analytic(Mol) =       -339.194694
 
Some Information About the Atomic Calculations:
----------------------------------------------
  Time(sec) = "Elapsed User Time", in Seconds, for Atom A by AIMInt and, if used, by TWOe
  NProc = Number of Processors Used for AIMInt Job
  BIM = Basin Integration Method
  OAQ = Angular Quadrature Outside of Beta Sphere
  ORQ = Multiple of Default for Radial Quadrature Outside of Beta Sphere
  IAQ = Multiple of Default for Angular Quadrature Inside of Beta Sphere
  IRQ = Multiple of Default for Radial Quadrature Inside of Beta Sphere
  MIR = Maximum Integration Radius
------------------------------------------------------------------------------------------------------
Atom A     Time(sec)   NProc      BIM          OAQ                     ORQ      IAQ      IRQ      MIR
------------------------------------------------------------------------------------------------------
B1             73        2     Proaim(5)    4500(GS4)                  1.00     1.00     1.00    13.00
H2             32        2     Proaim(5)    1800(GS4)                  1.00     1.00     1.00    13.00
H3             53        2     Proaim(5)    4500(GS4)                  1.00     1.00     1.00    13.00
H4             36        2     Proaim(5)    1800(GS4)                  1.00     1.00     1.00    13.00
C5             72        2     Proaim(5)    4500(GS4)                  1.00     1.00     1.00    13.00
H6             29        2     Proaim(5)    1800(GS4)                  1.00     1.00     1.00    13.00
H7             29        2     Proaim(5)    1800(GS4)                  1.00     1.00     1.00    13.00
B8             74        2     Proaim(5)    4500(GS4)                  1.00     1.00     1.00    13.00
H9             37        2     Proaim(5)    1800(GS4)                  1.00     1.00     1.00    13.00
H10            36        2     Proaim(5)    1800(GS4)                  1.00     1.00     1.00    13.00
------------------------------------------------------------------------------------------------------
Total         471
Note:  Total wall clock time is less than total of atomic times if more than one atom
       was calculated at a time
 
Electron Density Critical Point Analysis of Molecular Structure:               
---------------------------------------------------------------                
  NACP = Nuclear Attractor Critical Point                                      
  NNACP = Non-Nuclear Attractor Critical Point                                 
  BCP = Bond Critical Point                                                    
  RCP = Ring Critical Point                                                    
  CCP = Cage Critical Point                                                    
  Rho = Electron Density                                                       
  GradRho = Gradient of Electron Density                                       
  HessRho_EigVals = Eigenvalues of the Hessian of Rho, Ascending Order         
  HessRho_EigVecs = Eigenvectors of the Hessian of Rho                         
  DelSqRho = Laplacian of Rho = Trace of Hessian of Rho                        
  Bond Ellipticity = (HessRho_EigVal(1) / HessRho_EigVal(2)) - 1               
  V = Virial Field = Potential Energy Density = Trace of Stress Tensor         
  G = Lagrangian Form of Kinetic Energy Density                                
  K = Hamiltonian Form of Kinetic Energy Density                               
  L = K - G = Lagrangian Density = (-1/4)DelSqRho                              
  Vnuc = Electrostatic Potential from Nuclei                                   
  Ven = Electron-nuclear attractive contribution to Virial Field V             
  Vrep = V - Ven = Repulsive contribution to Virial Field V                    
  DelSqV = Laplacian of V                                                      
  DelSqVen = Laplacian of Ven                                                  
  DelSqVrep = Laplacian of Vrep                                                
  DelSqG = Laplacian of G                                                      
  DelSqK = Laplacian of K                                                      
  Stress_EigVals = Eigenvalues of Stress Tensor, Ascending Order               
  Stress_EigVecs = Eigenvectors of Stress Tensor                               
  -DivStress = Ehrenfest Force Density = Minus Divergence of Stress Tensor     
  ESP = Total Electrostatic Potential                                          
  ESPe = Electrostatic Potential from Electrons                                
  ESPn = Electrostatic Potential from Nuclei                                   
  BP = Bond Path                                                               
  BPL = Bond Path Length                                                       
  GBL = Geometric Bond Length                                                  
  GBL_I = Distance Between Nuclear Attractors                                  
  GBL_II = Distance Between Nuclei                                             
  GBL_III = Sum of Distances Between BCP and Nuclear Attractors                
  GBL_IV = Sum of Distances Between BCP and Nuclei                             

CP# 1      Coords =  3.13176863663558E-06  3.32704387431819E-06 -4.53173001211528E-06
           Type = (3,-3) NACP B1
           Rho =  6.8189146269E+01     Rho at Nucleus =  6.8189144300E+01
           GradRho =  2.7297500198E-16 -4.8057261295E-17 -5.1114711422E-16
           HessRho_EigVals = -9.5101165614E+04 -9.5100593784E+04 -9.5099714548E+04
           HessRho_EigVec1 = -4.1338226363E-02  8.1042192699E-01  5.8438638869E-01
           HessRho_EigVec2 = -4.8581083352E-01 -5.2739610068E-01  6.9702308930E-01
           HessRho_EigVec3 =  8.7308589788E-01 -2.5508754035E-01  4.1551337125E-01
           DelSqRho = -2.8530147395E+05
           Bond Ellipticity = NA
           V = -7.1328786013E+04
           G =  1.7087632840E+00
           K =  7.1327077250E+04
           L =  7.1325368487E+04
           Vnuc =  7.7696358656E+05
           Ven = -5.2980483650E+07
           Vrep =  5.2909154864E+07
           DelSqV =  2.8552534801E+09
           DelSqVen =  2.2166885504E+11
           DelSqVrep = -2.1881360156E+11
           DelSqG =  9.9479973904E+07
           DelSqK = -2.9547334540E+09
           Stress_EigVals = -2.3776492588E+04 -2.3776224518E+04 -2.3776068907E+04
           Stress_EigVec1 =  8.7308065169E-01 -2.5512687205E-01  4.1550024646E-01
           Stress_EigVec2 = -4.8721998812E-01 -4.8906203875E-01  7.2348808244E-01
           Stress_EigVec3 = -1.8624146192E-02  8.3410347165E-01  5.5129351508E-01
           -DivStress = -2.9261343444E+03 -3.1098224851E+03  4.2334209596E+03
           ESP =  -1.1448363525E+01     ESP at Nucleus =  -1.1448363600E+01
           ESPe = -1.6920242701E+01     ESPe at Nucleus = -1.6920237606E+01
           ESPn =  5.4718791760E+00     ESPn at Nucleus =  5.4718740056E+00

CP# 2      Coords = -2.23354876934229E+00  1.98033429588954E-04 -3.63166635901435E-04
           Type = (3,-3) NACP H2
           Rho =  4.2098970387E-01     Rho at Nucleus =  4.1897911259E-01
           GradRho =  5.2071333616E-10  4.5485681194E-12 -8.4403525835E-12
           HessRho_EigVals = -8.6190032576E+00 -8.6154728223E+00 -8.1916734014E+00
           HessRho_EigVec1 =  1.4926912111E-02 -5.4778719821E-01  8.3648453230E-01
           HessRho_EigVec2 =  1.6755787733E-03  8.3659026681E-01  5.4782654000E-01
           HessRho_EigVec3 =  9.9988718350E-01  6.7757628880E-03 -1.3405569987E-02
           DelSqRho = -2.5426149481E+01
           Bond Ellipticity = NA
           V = -6.3617311742E+00
           G =  2.5969019213E-03
           K =  6.3591342723E+00
           L =  6.3565373703E+00
           Vnuc =  5.1354266194E+01
           Ven = -2.1619617318E+01
           Vrep =  1.5257886144E+01
           DelSqV =  1.6632975767E+03
           DelSqVen =  1.3057412509E+03
           DelSqVrep =  3.5755632574E+02
           DelSqG =  1.2815783173E+02
           DelSqK = -1.7914554084E+03
           Stress_EigVals = -2.1570423940E+00 -2.1558641926E+00 -2.0488245876E+00
           Stress_EigVec1 =  1.4567937109E-02 -5.3464174198E-01  8.4495324305E-01
           Stress_EigVec2 =  4.3896077829E-04  8.4504625553E-01  5.3469302719E-01
           Stress_EigVec3 =  9.9989378562E-01  7.4184730595E-03 -1.2545267460E-02
           -DivStress = -1.1663325006E+01 -1.0527303509E-01  1.9117741355E-01
           ESP =  -1.1545672469E+00     ESP at Nucleus =  -1.1550701557E+00
           ESPe = -6.9762801512E+00     ESPe at Nucleus = -6.9423952528E+00
           ESPn =  5.8217129042E+00     ESPn at Nucleus =  5.7873250970E+00

CP# 3      Coords =  6.96689550506016E-01  2.36583254370119E+00 -1.27614897689290E-02
           Type = (3,-3) NACP H3
           Rho =  4.1668629839E-01     Rho at Nucleus =  4.1495622832E-01
           GradRho =  2.0122059744E-16 -4.8761270320E-17 -2.9754274780E-16
           HessRho_EigVals = -8.5584941364E+00 -8.4230858717E+00 -8.2211537752E+00
           HessRho_EigVec1 =  8.7324671020E-01 -2.5482184015E-01  4.1533843176E-01
           HessRho_EigVec2 = -4.8198778131E-01 -5.7696781251E-01  6.5939056863E-01
           HessRho_EigVec3 = -7.1609788347E-02  7.7599869402E-01  6.2665625753E-01
           DelSqRho = -2.5202733783E+01
           Bond Ellipticity = NA
           V = -6.3163910469E+00
           G =  7.8538005142E-03
           K =  6.3085372464E+00
           L =  6.3006834458E+00
           Vnuc =  5.5894897391E+01
           Ven = -2.3290637893E+01
           Vrep =  1.6974246846E+01
           DelSqV =  1.6544675305E+03
           DelSqVen =  1.4087042188E+03
           DelSqVrep =  2.4576331166E+02
           DelSqG =  1.2738547825E+02
           DelSqK = -1.7818530087E+03
           Stress_EigVals = -2.1452400040E+00 -2.1119362616E+00 -2.0592147814E+00
           Stress_EigVec1 =  8.7324459133E-01 -2.5480681309E-01  4.1535210571E-01
           Stress_EigVec2 = -4.8198884639E-01 -5.7696886351E-01  6.5938887047E-01
           Stress_EigVec3 = -7.1628455720E-02  7.7600284700E-01  6.2664898132E-01
           -DivStress = -7.6879263384E-01  8.3250616613E+00  6.7229824777E+00
           ESP =  -1.0649646544E+00     ESP at Nucleus =  -1.0653435675E+00
           ESPe = -7.8543255625E+00     ESPe at Nucleus = -7.8210484097E+00
           ESPn =  6.7893609080E+00     ESPn at Nucleus =  6.7557048422E+00

CP# 4      Coords =  1.17155547683721E+00 -9.94821520043375E-01  1.62071630919272E+00
           Type = (3,-3) NACP H4
           Rho =  4.2095829625E-01     Rho at Nucleus =  4.1894800949E-01
           GradRho = -8.5868812061E-16  8.6790383907E-16 -2.2522673830E-15
           HessRho_EigVals = -8.6184092965E+00 -8.6148891463E+00 -8.1911436997E+00
           HessRho_EigVec1 =  8.5887709824E-01  2.9164443277E-01 -4.2103878083E-01
           HessRho_EigVec2 =  2.4928448800E-02 -8.4487834184E-01 -5.3437735725E-01
           HessRho_EigVec3 =  5.1157472823E-01 -4.4846863026E-01  7.3291690191E-01
           DelSqRho = -2.5424442143E+01
           Bond Ellipticity = NA
           V = -6.3613059269E+00
           G =  2.5976956078E-03
           K =  6.3587082312E+00
           L =  6.3561105356E+00
           Vnuc =  5.1356161115E+01
           Ven = -2.1618802085E+01
           Vrep =  1.5257496158E+01
           DelSqV =  1.6631888833E+03
           DelSqVen =  1.3057017469E+03
           DelSqVrep =  3.5748713642E+02
           DelSqG =  1.2815020874E+02
           DelSqK = -1.7913390921E+03
           Stress_EigVals = -2.1568943052E+00 -2.1557192833E+00 -2.0486923384E+00
           Stress_EigVec1 =  8.5897303606E-01  2.7801250982E-01 -4.2997019396E-01
           Stress_EigVec2 =  1.0409792393E-02 -8.4906004681E-01 -5.2819378370E-01
           Stress_EigVec3 =  5.1191499249E-01 -4.4922831756E-01  7.3221373872E-01
           -DivStress =  5.9294202887E+00 -5.2463619268E+00  8.5655460862E+00
           ESP =  -1.1544900486E+00     ESP at Nucleus =  -1.1549928671E+00
           ESPe = -6.9761566646E+00     ESPe at Nucleus = -6.9422742672E+00
           ESPn =  5.8216666160E+00     ESPn at Nucleus =  5.7872814001E+00

CP# 5      Coords =  1.02001361453741E+00 -1.12042083243535E+00 -2.82718080666897E+00
           Type = (3,-3) NACP C5
           Rho =  1.2110628007E+02     Rho at Nucleus =  1.2110627994E+02
           GradRho = -8.7531002079E-11  1.0758854204E-09  8.4554152471E-10
           HessRho_EigVals = -2.4860599479E+05 -2.4860314663E+05 -2.4860251093E+05
           HessRho_EigVec1 =  4.8197969433E-01  5.7702275827E-01 -6.5934839856E-01
           HessRho_EigVec2 = -7.2374932119E-02  7.7617172439E-01  6.2635399213E-01
           HessRho_EigVec3 =  8.7318809168E-01 -2.5416961008E-01  4.1586099343E-01
           DelSqRho = -7.4581165236E+05
           Bond Ellipticity = NA
           V = -1.8646775590E+05
           G =  7.4214049447E+00
           K =  1.8646033449E+05
           L =  1.8645291309E+05
           Vnuc =  5.7470983085E+06
           Ven = -6.9600969737E+08
           Vrep =  6.9582322961E+08
           DelSqV =  1.1217777984E+10
           DelSqVen =  4.2862526464E+12
           DelSqVrep = -4.2750348684E+12
           DelSqG =  3.8277954346E+08
           DelSqK = -1.1600557528E+10
           Stress_EigVals = -6.2156293025E+04 -6.2156141689E+04 -6.2155321184E+04
           Stress_EigVec1 =  8.7320889966E-01 -2.5438277326E-01  4.1568692813E-01
           Stress_EigVec2 = -7.2134626688E-02  7.7610073045E-01  6.2646967350E-01
           Stress_EigVec3 =  4.8197802147E-01  5.7702431565E-01 -6.5934825848E-01
           -DivStress =  2.7989781453E+02 -2.9740668971E+03 -2.3993106021E+03
           ESP =  -1.4710513587E+01     ESP at Nucleus =  -1.4710513586E+01
           ESPe = -1.9923904345E+01     ESPe at Nucleus = -1.9923903568E+01
           ESPn =  5.2133907578E+00     ESPn at Nucleus =  5.2133899827E+00

CP# 6      Coords =  2.57775911374026E+00 -2.39102662219818E+00 -2.80038551474988E+00
           Type = (3,-3) NACP H6
           Rho =  4.3840217617E-01     Rho at Nucleus =  4.3409382407E-01
           GradRho = -6.9057423711E-15  3.9648941252E-15  1.0992533524E-15
           HessRho_EigVals = -8.8548560828E+00 -8.8496848861E+00 -8.0075901633E+00
           HessRho_EigVec1 =  4.1006921342E-01  5.1621519086E-01  7.5190765186E-01
           HessRho_EigVec2 =  4.8212424068E-01  5.7712273554E-01 -6.5915519013E-01
           HessRho_EigVec3 =  7.7420892319E-01 -6.3281215605E-01  1.2219590715E-02
           DelSqRho = -2.5712131132E+01
           Bond Ellipticity = NA
           V = -6.4443171765E+00
           G =  8.1421967433E-03
           K =  6.4361749798E+00
           L =  6.4280327831E+00
           Vnuc =  3.7500570258E+01
           Ven = -1.6440331609E+01
           Vrep =  9.9960144324E+00
           DelSqV =  1.6508658084E+03
           DelSqVen =  9.6421958002E+02
           DelSqVrep =  6.8664622843E+02
           DelSqG =  1.2625796112E+02
           DelSqK = -1.7771237696E+03
           Stress_EigVals = -2.2205498053E+00 -2.2191504907E+00 -2.0046168806E+00
           Stress_EigVec1 =  4.0957259610E-01  5.1664510221E-01  7.5188305399E-01
           Stress_EigVec2 =  4.8211343495E-01  5.7711037234E-01 -6.5917391786E-01
           Stress_EigVec3 =  7.7447848541E-01 -6.3247249466E-01  1.2712951441E-02
           -DivStress =  1.3391279105E+01 -1.0896664680E+01  2.5401029165E-01
           ESP =  -1.0785979794E+00     ESP at Nucleus =  -1.0798375554E+00
           ESPe = -7.4928505839E+00     ESPe at Nucleus = -7.4292734968E+00
           ESPn =  6.4142526045E+00     ESPn at Nucleus =  6.3494359415E+00

CP# 7      Coords = -3.81580714118089E-01 -1.52911056732247E+00 -4.20935737435656E+00
           Type = (3,-3) NACP H7
           Rho =  4.3838880191E-01     Rho at Nucleus =  4.3408114310E-01
           GradRho = -1.4253518223E-16  7.1554810392E-16  1.4944365905E-16
           HessRho_EigVals = -8.8546006900E+00 -8.8494289905E+00 -8.0074638408E+00
           HessRho_EigVec1 = -5.3241193689E-01  7.8994859850E-01  3.0416893527E-01
           HessRho_EigVec2 = -4.8125048507E-01 -5.7808341586E-01  6.5895184568E-01
           HessRho_EigVec3 =  6.9637310407E-01  2.0445238084E-01  6.8794165733E-01
           DelSqRho = -2.5711493521E+01
           Bond Ellipticity = NA
           V = -6.4441585340E+00
           G =  8.1425768270E-03
           K =  6.4360159571E+00
           L =  6.4278733803E+00
           Vnuc =  3.7502724779E+01
           Ven = -1.6440774585E+01
           Vrep =  9.9966160506E+00
           DelSqV =  1.6508336349E+03
           DelSqVen =  9.6425106519E+02
           DelSqVrep =  6.8658256972E+02
           DelSqG =  1.2625549356E+02
           DelSqK = -1.7770891285E+03
           Stress_EigVals = -2.2204859219E+00 -2.2190866860E+00 -2.0045859261E+00
           Stress_EigVec1 = -5.3186888611E-01  7.9018251211E-01  3.0451122400E-01
           Stress_EigVec2 = -4.8134202659E-01 -5.7794846178E-01  6.5900336036E-01
           Stress_EigVec3 =  6.9672472429E-01  2.0392933354E-01  6.8774085635E-01
           -DivStress = -1.2053213345E+01 -3.4842941658E+00 -1.1859706467E+01
           ESP =  -1.0785992025E+00     ESP at Nucleus =  -1.0798384635E+00
           ESPe = -7.4928381545E+00     ESPe at Nucleus = -7.4292677226E+00
           ESPn =  6.4142389519E+00     ESPn at Nucleus =  6.3494292591E+00

CP# 8      Coords =  1.64770017576860E+00  1.97251850660031E+00 -2.25409351538674E+00
           Type = (3,-3) NACP B8
           Rho =  6.8189081365E+01     Rho at Nucleus =  6.8189079396E+01
           GradRho =  1.0081883814E-11 -1.2721419919E-12  1.2797754393E-12
           HessRho_EigVals = -9.5101062122E+04 -9.5100490305E+04 -9.5099610959E+04
           HessRho_EigVec1 = -1.0137745303E-01  7.3848532901E-01  6.6660485361E-01
           HessRho_EigVec2 = -4.7631334772E-01 -6.2429625465E-01  6.1917669628E-01
           HessRho_EigVec3 =  8.7341181971E-01 -2.5474223298E-01  4.1503998354E-01
           DelSqRho = -2.8530116339E+05
           Bond Ellipticity = NA
           V = -7.1328708411E+04
           G =  1.7087821390E+00
           K =  7.1326999629E+04
           L =  7.1325290846E+04
           Vnuc =  7.7689824753E+05
           Ven = -5.2975977814E+07
           Vrep =  5.2904649105E+07
           DelSqV =  2.8552503607E+09
           DelSqVen =  2.2164997430E+11
           DelSqVrep = -2.1879472394E+11
           DelSqG =  9.9479852264E+07
           DelSqK = -2.9547302130E+09
           Stress_EigVals = -2.3776466751E+04 -2.3776198622E+04 -2.3776043037E+04
           Stress_EigVec1 =  8.7342280517E-01 -2.5475902230E-01  4.1500655895E-01
           Stress_EigVec2 =  4.7104400903E-01  6.5812492869E-01 -5.8735774431E-01
           Stress_EigVec3 = -1.2349147733E-01  7.0849800197E-01  6.9482403257E-01
           -DivStress =  2.8544630788E+03  3.8096083385E+03 -3.6742340119E+03
           ESP =  -1.1448358075E+01     ESP at Nucleus =  -1.1448358150E+01
           ESPe = -1.6920237403E+01     ESPe at Nucleus = -1.6920232307E+01
           ESPn =  5.4718793274E+00     ESPn at Nucleus =  5.4718741568E+00

CP# 9      Coords =  4.51556776647614E-01  3.21463376134725E+00 -3.67365288144343E+00
           Type = (3,-3) NACP H9
           Rho =  4.2098947286E-01     Rho at Nucleus =  4.1897888608E-01
           GradRho = -5.4643789493E-17 -1.8004261276E-15  1.4135827925E-15
           HessRho_EigVals = -8.6190109970E+00 -8.6154696235E+00 -8.1916750123E+00
           HessRho_EigVec1 =  8.4415653651E-01  4.4633473006E-01 -2.9695967842E-01
           HessRho_EigVec2 = -1.1769989766E-01  6.9471674963E-01  7.0958817061E-01
           HessRho_EigVec3 =  5.2301670715E-01 -5.6405136869E-01  6.3898323728E-01
           DelSqRho = -2.5426155633E+01
           Bond Ellipticity = NA
           V = -6.3617324938E+00
           G =  2.5967927763E-03
           K =  6.3591357010E+00
           L =  6.3565389082E+00
           Vnuc =  5.1354319574E+01
           Ven = -2.1619627927E+01
           Vrep =  1.5257895433E+01
           DelSqV =  1.6632982782E+03
           DelSqVen =  1.3057429219E+03
           DelSqVrep =  3.5755535632E+02
           DelSqG =  1.2815795649E+02
           DelSqK = -1.7914562347E+03
           Stress_EigVals = -2.1570442245E+00 -2.1558633759E+00 -2.0488248933E+00
           Stress_EigVec1 =  8.4208064327E-01  4.5699424537E-01 -2.8645497015E-01
           Stress_EigVec2 = -1.3096041810E-01  6.8846058078E-01  7.1335222548E-01
           Stress_EigVec3 =  5.2321081708E-01 -5.6318583825E-01  6.3958748618E-01
           -DivStress = -6.0641879493E+00  6.5973150604E+00 -7.4687141240E+00
           ESP =  -1.1545653446E+00     ESP at Nucleus =  -1.1550682475E+00
           ESPe = -6.9762771708E+00     ESPe at Nucleus = -6.9423923971E+00
           ESPn =  5.8217118263E+00     ESPn at Nucleus =  5.7873241496E+00

CP# 10     Coords =  3.85840197897100E+00  2.22169596873145E+00 -2.05495351852032E+00
           Type = (3,-3) NACP H10
           Rho =  4.2095796766E-01     Rho at Nucleus =  4.1894766130E-01
           GradRho = -3.2693969320E-10 -4.1528103005E-11 -2.5443964644E-11
           HessRho_EigVals = -8.6184138976E+00 -8.6148791497E+00 -8.1911344144E+00
           HessRho_EigVec1 =  2.9949584278E-02 -7.0012855581E-01  7.1338841296E-01
           HessRho_EigVec2 = -1.4364117490E-01  7.0328596817E-01  6.9624425301E-01
           HessRho_EigVec3 =  9.8917654404E-01  1.2332417573E-01  7.9504165964E-02
           DelSqRho = -2.5424427462E+01
           Bond Ellipticity = NA
           V = -6.3613021828E+00
           G =  2.5976586927E-03
           K =  6.3587045241E+00
           L =  6.3561068654E+00
           Vnuc =  5.1355917339E+01
           Ven = -2.1618682590E+01
           Vrep =  1.5257380407E+01
           DelSqV =  1.6631877399E+03
           DelSqVen =  1.3056947965E+03
           DelSqVrep =  3.5749294344E+02
           DelSqG =  1.2815016029E+02
           DelSqK = -1.7913379002E+03
           Stress_EigVals = -2.1568953220E+00 -2.1557168934E+00 -2.0486899673E+00
           Stress_EigVec1 = -3.1929341866E-02  7.1165772293E-01 -7.0180040078E-01
           Stress_EigVec2 = -1.4211950619E-01  6.9179120275E-01  7.0797385387E-01
           Stress_EigVec3 =  9.8933440408E-01  1.2234466561E-01  7.9052006347E-02
           -DivStress =  1.1536953317E+01  1.4667962751E+00  8.9411316580E-01
           ESP =  -1.1544882199E+00     ESP at Nucleus =  -1.1549910182E+00
           ESPe = -6.9761544375E+00     ESPe at Nucleus = -6.9422716668E+00
           ESPn =  5.8216662176E+00     ESPn at Nucleus =  5.7872806485E+00

CP# 11     Coords = -9.89566838688648E-01  6.97535009561462E-03 -2.10965656204604E-02
           Type = (3,-1) BCP B1 H2
           Rho =  1.8147498576E-01
           GradRho = -9.3675067703E-17  3.4694469520E-17 -1.0408340856E-17
           HessRho_EigVals = -3.8730608988E-01 -3.7412081313E-01  4.5985796546E-01
           HessRho_EigVec1 =  1.8564358745E-03  8.3860612847E-01  5.4473508694E-01
           HessRho_EigVec2 =  1.4189996833E-02 -5.4470327105E-01  8.3850878975E-01
           HessRho_EigVec3 =  9.9989759357E-01  6.1731513602E-03 -1.2911025001E-02
           DelSqRho = -3.0156893756E-01
           Bond Ellipticity =  3.5243366010E-02
           V = -3.1886846697E-01
           G =  1.2173811629E-01
           K =  1.9713035068E-01
           L =  7.5392234390E-02
           Vnuc =  1.0224890963E+01
           Ven = -1.8555619418E+00
           Vrep =  1.5366934748E+00
           DelSqV = -3.0306104043E+00
           DelSqVen =  3.0835095042E+00
           DelSqVrep = -6.1141199085E+00
           DelSqG =  5.4149180147E+00
           DelSqK = -2.3843076105E+00
           Stress_EigVals = -1.3947334829E-01 -1.3173414131E-01 -4.7660977371E-02
           Stress_EigVec1 = -1.5391694537E-02 -5.5925561593E-01  8.2885237033E-01
           Stress_EigVec2 =  1.1490814201E-02  8.2879689038E-01  5.5943156479E-01
           Stress_EigVec3 =  9.9981551145E-01 -1.8134788347E-02  6.3302861969E-03
           -DivStress =  4.5984559552E-01 -1.7165097779E-03  9.2624705933E-03
           ESP =   1.1633230590E+00
           ESPe = -9.0615679035E+00
           ESPn =  1.0224890963E+01
           BPL =  2.2341228527E+00 =  9.8994463117E-01 +  1.2441782215E+00                
           GBL_I =  2.2335519383E+00                                                      
           GBL_II =  2.2555071824E+00                                                     
           GBL_III =  2.2339924402E+00 =  9.8981928120E-01 +  1.2441731590E+00            
           GBL_IV =  2.2559516005E+00 =  9.8981627024E-01 +  1.2661353302E+00             

CP# 12     Coords =  3.58572385220671E-01  9.27422286393042E-01 -1.84773567425599E-01
           Type = (3,-1) BCP H3 B1
           Rho =  1.2300243683E-01
           GradRho = -1.4912076023E-14 -3.5029792499E-14  9.8971712953E-15
           HessRho_EigVals = -1.7214219218E-01 -1.4265466718E-01  4.2509227636E-01
           HessRho_EigVec1 =  8.7301827085E-01 -2.5483314182E-01  4.1581145798E-01
           HessRho_EigVec2 = -3.6002939516E-01  2.3835532935E-01  9.0197869797E-01
           HessRho_EigVec3 =  3.2896494247E-01  9.3714823096E-01 -1.1634113556E-01
           DelSqRho =  1.1029541700E-01
           Bond Ellipticity =  2.0670564506E-01
           V = -2.3579025344E-01
           G =  1.3168205384E-01
           K =  1.0410819959E-01
           L = -2.7573854250E-02
           Vnuc =  1.0867692351E+01
           Ven = -1.3367526419E+00
           Vrep =  1.1009623885E+00
           DelSqV = -2.6341349259E+00
           DelSqVen = -1.1986566597E+00
           DelSqVrep = -1.4354782662E+00
           DelSqG =  4.3431655218E+00
           DelSqK = -1.7090305959E+00
           Stress_EigVals = -1.1015838543E-01 -9.3376068201E-02 -3.2255799804E-02
           Stress_EigVec1 =  8.7324299602E-01 -2.5492245996E-01  4.1528449201E-01
           Stress_EigVec2 = -3.3794300766E-01  2.9715890219E-01  8.9302357775E-01
           Stress_EigVec3 =  3.5105725099E-01  9.2016907482E-01 -1.7334266721E-01
           -DivStress = -1.0716862287E-01 -2.7682883618E-01  5.5440560894E-02
           ESP =   1.1991029289E+00
           ESPe = -9.6685894220E+00
           ESPn =  1.0867692351E+01
           BPL =  2.5215556546E+00 =  1.5099016136E+00 +  1.0116540410E+00                
           GBL_I =  2.4663095078E+00                                                      
           GBL_II =  2.4810341918E+00                                                     
           GBL_III =  2.4989382114E+00 =  1.4875938426E+00 +  1.0113443688E+00            
           GBL_IV =  2.5154153747E+00 =  1.5040660167E+00 +  1.0113493580E+00             

CP# 13     Coords =  5.37315826402536E-01 -4.39197828163906E-01  7.05817135912724E-01
           Type = (3,-1) BCP H4 B1
           Rho =  1.8145419362E-01
           GradRho =  7.2858385991E-17 -6.5052130349E-18  1.9515639105E-17
           HessRho_EigVals = -3.8722702492E-01 -3.7404958811E-01  4.5979611296E-01
           HessRho_EigVec1 = -2.1102510994E-02  8.4636161382E-01  5.3219047593E-01
           HessRho_EigVec2 =  8.5862202556E-01  2.8803804825E-01 -4.2403101301E-01
           HessRho_EigVec3 =  5.1217467846E-01 -4.4800234531E-01  7.3278304930E-01
           DelSqRho = -3.0148050007E-01
           Bond Ellipticity =  3.5229117263E-02
           V = -3.1882116911E-01
           G =  1.2172552204E-01
           K =  1.9709564706E-01
           L =  7.5370125018E-02
           Vnuc =  1.0224757207E+01
           Ven = -1.8553250740E+00
           Vrep =  1.5365039049E+00
           DelSqV = -3.0302004437E+00
           DelSqVen =  3.0825649160E+00
           DelSqVrep = -6.1127653597E+00
           DelSqG =  5.4138054720E+00
           DelSqK = -2.3836050283E+00
           Stress_EigVals = -1.3945657931E-01 -1.3171749567E-01 -4.7647094125E-02
           Stress_EigVec1 =  8.4257034311E-01  3.1708227138E-01 -4.3535508506E-01
           Stress_EigVec2 =  4.2331708067E-02 -8.4481684436E-01 -5.3337840786E-01
           Stress_EigVec3 =  5.3692014621E-01 -4.3097950375E-01  7.2524025257E-01
           -DivStress = -2.4857012019E-01  2.0524974918E-01 -3.2794237489E-01
           ESP =   1.1633094341E+00
           ESPe = -9.0614477734E+00
           ESPn =  1.0224757207E+01
           BPL =  2.2341661405E+00 =  1.2441988713E+00 +  9.8996726920E-01                
           GBL_I =  2.2335951777E+00                                                      
           GBL_II =  2.2555494878E+00                                                     
           GBL_III =  2.2340355746E+00 =  1.2441937624E+00 +  9.8984181214E-01            
           GBL_IV =  2.2559937976E+00 =  1.2661549930E+00 +  9.8983880451E-01             

CP# 14     Coords =  3.79258572073182E-01 -2.22898730055369E-01 -9.32548264668007E-01
           Type = (3,-1) BCP B1 C5
           Rho =  1.2047147227E-01
           GradRho = -1.5600042959E-15  7.2954270121E-16  3.6986337387E-15
           HessRho_EigVals = -1.4773895803E-01 -1.1298066129E-01  3.3173067015E-01
           HessRho_EigVec1 = -8.7365717903E-01  2.5307876179E-01 -4.1554094126E-01
           HessRho_EigVec2 =  3.3666814086E-01  9.3103754441E-01 -1.4079649796E-01
           HessRho_EigVec3 = -3.5125161418E-01  2.6290726737E-01  8.9861119084E-01
           DelSqRho =  7.1011050836E-02
           Bond Ellipticity =  3.0764819702E-01
           V = -2.2525108014E-01
           G =  1.2150192142E-01
           K =  1.0374915871E-01
           L = -1.7752762709E-02
           Vnuc =  1.1410381975E+01
           Ven = -1.3746255158E+00
           Vrep =  1.1493744356E+00
           DelSqV = -2.2071764066E+00
           DelSqVen = -8.1026321451E-01
           DelSqVrep = -1.3969131921E+00
           DelSqG =  3.6762629221E+00
           DelSqK = -1.4690865155E+00
           Stress_EigVals = -1.0073113513E-01 -9.0730879507E-02 -3.3789065496E-02
           Stress_EigVec1 = -8.7291765470E-01  2.5500880970E-01 -4.1591498541E-01
           Stress_EigVec2 =  3.1619885486E-01  9.4494330423E-01 -8.4264084701E-02
           Stress_EigVec3 = -3.7152799665E-01  2.0506744930E-01  9.0549118656E-01
           -DivStress = -1.0229249704E-01  6.3939434534E-02  2.5385879822E-01
           ESP =   1.1441750725E+00
           ESPe = -1.0266206903E+01
           ESPn =  1.1410381975E+01
           BPL =  3.2407803074E+00 =  1.0312667693E+00 +  2.2095135381E+00                
           GBL_I =  3.2075999395E+00                                                      
           GBL_II =  3.2076046510E+00                                                     
           GBL_III =  3.2232964955E+00 =  1.0310954514E+00 +  2.1922010441E+00            
           GBL_IV =  3.2233019459E+00 =  1.0310999827E+00 +  2.1922019632E+00             

CP# 15     Coords =  8.38297530703434E-01  8.33093344605257E-01 -1.25055627477187E+00
           Type = (3,+1) RCP B1 H3 B8 C5
           Rho =  1.0263077349E-01
           GradRho = -1.6071385554E-17 -1.9440373773E-17 -3.5511572972E-17
           HessRho_EigVals = -1.4501456440E-01  3.5361845969E-02  9.2833072571E-02
           HessRho_EigVec1 =  8.7322606580E-01 -2.5454480003E-01  4.1555166079E-01
           HessRho_EigVec2 = -4.8197305887E-01 -5.7704147251E-01  6.5933687105E-01
           HessRho_EigVec3 = -7.1959770253E-02  7.7603484702E-01  6.2657139073E-01
           DelSqRho = -1.6819645864E-02
           Bond Ellipticity = NA
           V = -1.0110370867E-01
           G =  4.8449398600E-02
           K =  5.2654310066E-02
           L =  4.2049114659E-03
           Vnuc =  1.0359025287E+01
           Ven = -1.0631547778E+00
           Vrep =  9.6205106917E-01
           DelSqV = -1.6423479111E-01
           DelSqVen =  1.7423513682E-01
           DelSqVrep = -3.3846992793E-01
           DelSqG =  7.7777106398E-02
           DelSqK =  8.6457684713E-02
           Stress_EigVals = -5.4803430242E-02 -4.6479780901E-02  1.7950247693E-04
           Stress_EigVec1 =  8.7318642365E-01 -2.5413685694E-01  4.1588451221E-01
           Stress_EigVec2 = -7.2395957936E-02  7.7619888913E-01  6.2631789835E-01
           Stress_EigVec3 =  4.8197955852E-01  5.7700064338E-01 -6.5936785083E-01
           -DivStress = -4.6685851640E-04  4.8721621973E-03  3.9150560923E-03
           ESP =   4.8486763561E-01
           ESPe = -9.8741576512E+00
           ESPn =  1.0359025287E+01

CP# 16     Coords =  1.38199197730365E+00  9.77514033949592E-01 -2.30431205623526E+00
           Type = (3,-1) BCP B8 C5
           Rho =  1.2047070108E-01
           GradRho =  2.9720692053E-17  4.4121099190E-17  2.7684424848E-17
           HessRho_EigVals = -1.4773522431E-01 -1.1297645763E-01  3.3173382345E-01
           HessRho_EigVec1 =  8.7257331915E-01 -2.5432053625E-01  4.1705739119E-01
           HessRho_EigVec2 = -4.2720001485E-01  1.6740477549E-02  9.0400215914E-01
           HessRho_EigVec3 =  2.3688805378E-01  9.6697508823E-01  9.4038442801E-02
           DelSqRho =  7.1022141517E-02
           Bond Ellipticity =  3.0766380369E-01
           V = -2.2525057155E-01
           G =  1.2150305347E-01
           K =  1.0374751809E-01
           L = -1.7755535379E-02
           Vnuc =  1.1410386686E+01
           Ven = -1.3746172837E+00
           Vrep =  1.1493667122E+00
           DelSqV = -2.2071987253E+00
           DelSqVen = -8.1039009800E-01
           DelSqVrep = -1.3968086273E+00
           DelSqG =  3.6762762306E+00
           DelSqK = -1.4690775053E+00
           Stress_EigVals = -1.0073082555E-01 -9.0730354806E-02 -3.3789391201E-02
           Stress_EigVec1 =  8.7355969738E-01 -2.5426461326E-01  4.1502163986E-01
           Stress_EigVec2 = -4.0981891740E-01  7.5748429978E-02  9.0901629815E-01
           Stress_EigVec3 =  2.6256791512E-01  9.6416372147E-01  3.8031672970E-02
           -DivStress =  7.1025106094E-02  2.7142263914E-01  1.6754471127E-02
           ESP =   1.1441783617E+00
           ESPe = -1.0266208324E+01
           ESPn =  1.1410386686E+01
           BPL =  3.2407821777E+00 =  1.0312662272E+00 +  2.2095159506E+00                
           GBL_I =  3.2075992919E+00                                                      
           GBL_II =  3.2076040032E+00                                                     
           GBL_III =  3.2232971434E+00 =  1.0310948788E+00 +  2.1922022646E+00            
           GBL_IV =  3.2233025937E+00 =  1.0310994102E+00 +  2.1922031835E+00             

CP# 17     Coords =  2.04546844787039E+00 -1.95509571620483E+00 -2.80802526257727E+00
           Type = (3,-1) BCP H6 C5
           Rho =  2.9678268829E-01
