 AIMInt (Version 19.10.12, Professional)
 Portions Copyright (c) 1997-2019 by Todd A. Keith
 AIMInt is a component of the AIMAll package ( http://aim.tkgristmill.com )

 TP:  64-bit Mac OS X

 AIMInt is a heavily modified and extended version of the PROAIMV program
 developed by members of R.F.W. Bader's research group

 Much of the Quantum Theory of Atoms in Molecules (QTAIM) is described in the book:
   "Atoms in Molecules - A Quantum Theory"
   R.F.W. Bader, Oxford University Press, Oxford, 1990

 For additional references see:  http://aim.tkgristmill.com/references.html

 Current Directory:  /Users/chemlab/Documents/SubstituentCoding/New Reorientation Test

 Inp File:  SubC6H5_CF2H-ReorPosY-B3LYP-def2-TZVPPD-Field_atomicfiles/c10.inp
 Wfx File:  SubC6H5_CF2H-ReorPosY-B3LYP-def2-TZVPPD-Field.wfx
 Out File:  SubC6H5_CF2H-ReorPosY-B3LYP-def2-TZVPPD-Field_atomicfiles/c10.int

 Wfx Title:   SubC6H5_CF2H-ReorPosY-B3LYP-def2-TZVPPD-Field.chk                             
 Job Title:   SubC6H5_CF2H-ReorPosY-B3LYP-def2-TZVPPD-Field.chk                             
 
<Atom>
C10     
</Atom>
<Nuclei of Molecule>
    15
C1         6.0           0.0000000000E+00   0.0000000000E+00   0.0000000000E+00
C2         6.0          -2.8301851784E+00   0.0000000000E+00   0.0000000000E+00
H3         1.0           8.1164226432E-01   1.8946779837E+00   0.0000000000E+00
F4         9.0           9.3270337028E-01  -1.2536154179E+00   2.0739128106E+00
F5         9.0           9.3270467079E-01  -1.2536160689E+00  -2.0739103715E+00
C6         6.0          -4.1617202403E+00  -2.2753159313E+00   1.4361918547E-08
C7         6.0          -4.1351613681E+00   2.2807743107E+00   4.2216481623E-07
C8         6.0          -6.7824858549E+00  -2.2545809791E+00  -1.3369812331E-06
H9         1.0          -3.1422414206E+00  -4.0467829336E+00   6.6745126720E-07
C10        6.0          -6.7642167018E+00   2.2990517139E+00  -8.5699079749E-07
H11        1.0          -3.1006367074E+00   4.0466448713E+00  -7.9481880799E-07
C12        6.0          -8.0868290871E+00   3.2179479480E-02  -1.8099796821E-06
H13        1.0          -7.8132251627E+00  -4.0199599399E+00  -1.8931276316E-06
H14        1.0          -7.7718281599E+00   4.0775333856E+00  -1.7472407748E-06
H15        1.0          -1.0131388284E+01   4.1577766854E-02  -2.0344791457E-06
</Nuclei of Molecule>
<Total Number of CPs of DelSqRho>
    34
</Total Number of CPs of DelSqRho>
<Number of (3,+3) CPs of DelSqRho>
     4
</Number of (3,+3) CPs of DelSqRho>
<Number of (3,+1) CPs of DelSqRho>
    13
</Number of (3,+1) CPs of DelSqRho>
<Number of (3,-1) CPs of DelSqRho>
    12
</Number of (3,-1) CPs of DelSqRho>
<Number of (3,-3) CPs of DelSqRho>
     5
</Number of (3,-3) CPs of DelSqRho>
<Number of Degenerate CPs of DelSqRho>
     0
</Number of Degenerate CPs of DelSqRho>
<CP of DelSqRho>
CP# = 1       
Type = (3,+3)
Coords = -6.76421670245167E+00  2.29905173436441E+00 -8.56990749244286E-07
DistFromNuc =  2.0517802342E-08
Rho =  1.2206691901E+02
DelSqRho = -9.6830759751E+05
GradDelSqRho =  1.4714239569E-05 -6.0099409893E-08  3.1141235424E-13
HessDelSqRho_EigVals =  3.3374774379E+10  3.3374777929E+10  3.3374779317E+10
HessDelSqRho_EigVec1 = -7.3557724878E-07  1.0231820241E-08  1.0000000000E+00
HessDelSqRho_EigVec2 = -5.0057226245E-01  8.6569475571E-01 -3.7706720076E-07
HessDelSqRho_EigVec3 =  8.6569475571E-01  5.0057226245E-01  6.3166360128E-07
</CP of DelSqRho>
<CP of DelSqRho>
CP# = 2       
Type = (3,+1)
Coords = -7.42882977422648E+00  1.16806641123871E+00 -1.31629286346115E-06
DistFromNuc =  1.3118072613E+00
Rho =  3.2194395094E-01
DelSqRho = -9.6087817452E-01
GradDelSqRho =  1.3877787808E-15 -2.1094237468E-15  4.9974943888E-20
HessDelSqRho_EigVals = -6.4368580038E+00  4.7261970495E+00  6.6964834914E+00
HessDelSqRho_EigVec1 =  5.0372981249E-01  8.6386125970E-01  3.8805616398E-07
HessDelSqRho_EigVec2 = -5.2609402534E-07 -1.4243828840E-07  1.0000000000E+00
HessDelSqRho_EigVec3 =  8.6386125970E-01 -5.0372981249E-01  3.8272183515E-07
</CP of DelSqRho>
<CP of DelSqRho>
CP# = 3       
Type = (3,+1)
Coords = -7.38958429798706E+00  3.40365976543250E+00 -1.38922952797088E-06
DistFromNuc =  1.2693476978E+00
Rho =  2.9270128989E-01
DelSqRho = -1.0960293179E+00
GradDelSqRho = -4.2327252814E-15 -2.2759572005E-15  4.9763185651E-21
HessDelSqRho_EigVals = -9.5550365376E+00  7.8395145978E+00  8.2596541477E+00
HessDelSqRho_EigVec1 = -4.9317210668E-01  8.6993176353E-01 -4.5964674848E-07
HessDelSqRho_EigVec2 = -7.8047669932E-07  8.5911807803E-08  1.0000000000E+00
HessDelSqRho_EigVec3 =  8.6993176353E-01  4.9317210668E-01  6.3659216419E-07
</CP of DelSqRho>
<CP of DelSqRho>
CP# = 4       
Type = (3,-1)
Coords = -7.00084973301241E+00  2.27306536304952E+00 -8.47383377912513E-07
DistFromNuc =  2.3805562775E-01
Rho =  7.8929827451E+00
DelSqRho =  2.8951713673E+02
GradDelSqRho = -7.0996541979E-12 -1.6910917111E-12  2.3852447795E-18
HessDelSqRho_EigVals = -7.3976006149E+04 -2.7882476944E+01  1.0046966273E+02
HessDelSqRho_EigVec1 =  9.9400291392E-01  1.0935358760E-01 -4.0253812841E-08
HessDelSqRho_EigVec2 = -1.0935358760E-01  9.9400291392E-01 -8.2834332395E-08
HessDelSqRho_EigVec3 =  3.0954175836E-08  8.6739466621E-08  1.0000000000E+00
</CP of DelSqRho>
<CP of DelSqRho>
CP# = 5       
Type = (3,+1)
Coords = -6.85766588135158E+00  2.51801554481117E+00 -8.70748539368580E-07
DistFromNuc =  2.3807122554E-01
Rho =  7.8981560761E+00
DelSqRho =  2.8888143383E+02
GradDelSqRho = -7.3541173151E-13 -5.6843418861E-14  1.0554030523E-18
HessDelSqRho_EigVals = -7.3979224019E+04  3.2282686260E+01  1.2720035955E+02
HessDelSqRho_EigVec1 = -3.9266894923E-01  9.1967988796E-01 -5.8237971477E-08
HessDelSqRho_EigVec2 =  9.1967988796E-01  3.9266894923E-01  3.6656908798E-08
HessDelSqRho_EigVec3 = -5.6580864841E-08  3.9166261223E-08  1.0000000000E+00
</CP of DelSqRho>
<CP of DelSqRho>
CP# = 6       
Type = (3,-3)
Coords = -6.76233225693874E+00  2.28756614490210E+00  2.37585906343668E-01
DistFromNuc =  2.3787168713E-01
Rho =  7.8732869783E+00
DelSqRho =  2.9245411805E+02
GradDelSqRho = -4.0856207306E-14  1.7053025658E-13 -6.6844307867E-12
HessDelSqRho_EigVals = -7.4237739346E+04 -1.1234790379E+02 -1.0126982616E+02
HessDelSqRho_EigVec1 =  7.9335113751E-03 -4.8439880224E-02  9.9879459220E-01
HessDelSqRho_EigVec2 =  7.7200759213E-01  6.3513433809E-01  2.4670838671E-02
HessDelSqRho_EigVec3 = -6.3556379467E-01  7.7088128177E-01  4.2434800790E-02
</CP of DelSqRho>
<CP of DelSqRho>
CP# = 7       
Type = (3,-3)
Coords = -6.76233219780281E+00  2.28756611225068E+00 -2.37587618053076E-01
DistFromNuc =  2.3787168691E-01
Rho =  7.8732869851E+00
DelSqRho =  2.9245411953E+02
GradDelSqRho = -4.0856207306E-14  3.5171865420E-13  8.2067685980E-13
HessDelSqRho_EigVals = -7.4237739557E+04 -1.1234793043E+02 -1.0126986409E+02
HessDelSqRho_EigVec1 = -7.9337601061E-03  4.8440017525E-02  9.9879458356E-01
HessDelSqRho_EigVec2 =  7.7200674319E-01  6.3513537183E-01 -2.4670790818E-02
HessDelSqRho_EigVec3 = -6.3556482275E-01  7.7088042144E-01 -4.2435031845E-02
</CP of DelSqRho>
<CP of DelSqRho>
CP# = 8       
Type = (3,+1)
Coords = -6.92691158088394E+00  2.12533226582435E+00 -8.38376034623788E-07
DistFromNuc =  2.3800855093E-01
Rho =  7.9018707575E+00
DelSqRho =  2.8936799493E+02
GradDelSqRho =  4.2064129957E-12  5.0910387017E-12  1.0299920639E-18
HessDelSqRho_EigVals = -7.4043147810E+04  2.9983241274E+01  1.1384453538E+02
HessDelSqRho_EigVec1 =  6.8338214947E-01  7.3006084526E-01 -7.7938304380E-08
HessDelSqRho_EigVec2 =  7.3006084526E-01 -6.8338214947E-01  3.8238177032E-08
HessDelSqRho_EigVec3 =  2.5345450128E-08  8.3030991986E-08  1.0000000000E+00
</CP of DelSqRho>
<CP of DelSqRho>
CP# = 9       
Type = (3,+1)
Coords = -6.54204250988081E+00  2.38455783298223E+00 -8.05710557356359E-07
DistFromNuc =  2.3806021916E-01
Rho =  7.8987016152E+00
DelSqRho =  2.8918065420E+02
GradDelSqRho = -1.4672707493E-11 -4.6469494919E-12 -5.8004816228E-18
HessDelSqRho_EigVals = -7.3992271671E+04  2.1119508118E+01  1.1505371144E+02
HessDelSqRho_EigVec1 =  9.3340060504E-01  3.5883604964E-01  2.1512867496E-07
HessDelSqRho_EigVec2 = -3.5883604964E-01  9.3340060504E-01 -1.5099556200E-07
HessDelSqRho_EigVec3 = -2.5498388635E-07  6.3743425038E-08  1.0000000000E+00
</CP of DelSqRho>
<CP of DelSqRho>
CP# = 10      
Type = (3,-1)
Coords = -6.64840813292957E+00  2.09111746668094E+00 -7.98607895645795E-07
DistFromNuc =  2.3800898253E-01
Rho =  7.8920411004E+00
DelSqRho =  2.9013689905E+02
GradDelSqRho =  3.0553337638E-13 -2.4158453016E-12  2.7376104855E-18
HessDelSqRho_EigVals = -7.4032907620E+04 -4.8273657071E+01  8.0083536929E+01
HessDelSqRho_EigVec1 = -4.8650928272E-01  8.7367540759E-01 -2.4490427474E-07
HessDelSqRho_EigVec2 =  8.7367540759E-01  4.8650928272E-01  1.1907870603E-07
HessDelSqRho_EigVec3 = -2.2318434007E-07  1.5603394619E-07  1.0000000000E+00
</CP of DelSqRho>
<CP of DelSqRho>
CP# = 11      
Type = (3,-1)
Coords = -6.61441270413151E+00  2.48411764148451E+00 -8.28427127103066E-07
DistFromNuc =  2.3809795311E-01
Rho =  7.8923964465E+00
DelSqRho =  2.8923364147E+02
GradDelSqRho = -4.4266812438E-12 -1.7124079932E-12  3.3610267347E-18
HessDelSqRho_EigVals = -7.3936982312E+04 -1.8032236075E+01  1.0714698241E+02
HessDelSqRho_EigVec1 =  6.2930465197E-01  7.7715870645E-01  1.1962497513E-07
HessDelSqRho_EigVec2 =  7.7715870645E-01 -6.2930465197E-01  2.0499753291E-07
HessDelSqRho_EigVec3 = -2.3459617084E-07  3.6038310172E-08  1.0000000000E+00
</CP of DelSqRho>
<CP of DelSqRho>
CP# = 12      
Type = (3,+3)
Coords = -5.82376160427617E+00  2.29909039779919E+00 -4.39308285467158E-07
DistFromNuc =  9.4045509829E-01
Rho =  3.4006233242E-01
DelSqRho = -1.2627308817E+00
GradDelSqRho = -1.0325074129E-14 -1.5543122345E-15 -1.7787691892E-19
HessDelSqRho_EigVals =  5.2796819536E+00  8.0566025822E+00  3.0476028599E+01
HessDelSqRho_EigVec1 = -3.9633927117E-07  8.8923141665E-08  1.0000000000E+00
HessDelSqRho_EigVec2 = -7.1633998769E-03  9.9997434252E-01 -9.1759996808E-08
HessDelSqRho_EigVec3 =  9.9997434252E-01  7.1633998770E-03  3.9569211008E-07
</CP of DelSqRho>
<CP of DelSqRho>
CP# = 13      
Type = (3,-1)
Coords = -7.71064769297779E+00  2.30921274896873E+00 -1.95148308806476E-06
DistFromNuc =  9.4648553489E-01
Rho =  2.1755035385E-01
DelSqRho = -3.6647743483E-02
GradDelSqRho =  6.1617377867E-15  9.1593399532E-16 -5.9292306308E-21
HessDelSqRho_EigVals = -4.6036745655E+00 -2.5902382693E-01  2.4763893375E+01
HessDelSqRho_EigVec1 =  4.7660534814E-03  9.9998864230E-01  8.4145584187E-08
HessDelSqRho_EigVec2 = -1.0855464622E-06 -7.8972708639E-08  1.0000000000E+00
HessDelSqRho_EigVec3 =  9.9998864230E-01 -4.7660534815E-03  1.0851577448E-06
</CP of DelSqRho>
<CP of DelSqRho>
CP# = 14      
Type = (3,-1)
Coords = -6.28576844289857E+00  3.11563601232170E+00  1.50483209446450E-07
DistFromNuc =  9.4642625329E-01
Rho =  2.1767071146E-01
DelSqRho = -3.9688306550E-02
GradDelSqRho =  3.3306690739E-16  3.9968028887E-15 -2.1260526976E-19
HessDelSqRho_EigVals = -4.6003813970E+00 -2.2277300700E-01  2.4824510308E+01
HessDelSqRho_EigVec1 =  8.6047900398E-01 -5.0948590139E-01  6.3297786832E-07
HessDelSqRho_EigVec2 = -1.0390308476E-06 -5.1245060915E-07  1.0000000000E+00
HessDelSqRho_EigVec3 =  5.0948590139E-01  8.6047900398E-01  9.7032455771E-07
</CP of DelSqRho>
<CP of DelSqRho>
CP# = 15      
Type = (3,-1)
Coords = -6.29261489769809E+00  1.47443695558155E+00 -4.26282408433880E-07
DistFromNuc =  9.4994618857E-01
Rho =  2.2150668303E-01
DelSqRho =  2.8992449222E-02
GradDelSqRho = -1.8318679906E-15  5.7731597281E-15 -3.6589176343E-19
HessDelSqRho_EigVals = -4.9567315346E+00 -8.7423700959E-01  2.3728509546E+01
HessDelSqRho_EigVec1 =  8.6882673293E-01  4.9511625720E-01  3.6979549896E-07
HessDelSqRho_EigVec2 = -5.2967185905E-07  1.8257847639E-07  1.0000000000E+00
HessDelSqRho_EigVec3 = -4.9511625720E-01  8.6882673293E-01 -4.2087820954E-07
</CP of DelSqRho>
<CP of DelSqRho>
CP# = 16      
Type = (3,-1)
Coords = -6.84832893559368E+00  2.47850903500545E+00  9.73208076945741E-01
DistFromNuc =  9.9318448794E-01
Rho =  1.6351539920E-01
DelSqRho = -1.2030219504E-02
GradDelSqRho =  6.6613381478E-16 -6.1062266354E-16  8.8817841970E-16
HessDelSqRho_EigVals = -9.7192994784E-01 -4.5381208276E-01  1.3183064386E+01
HessDelSqRho_EigVec1 = -5.0439349171E-01  8.3590980704E-01 -2.1643012734E-01
HessDelSqRho_EigVec2 =  8.5846353616E-01  5.1242141042E-01 -2.1555863103E-02
HessDelSqRho_EigVec3 = -9.2884673741E-02  1.9667000950E-01  9.7606011329E-01
</CP of DelSqRho>
<CP of DelSqRho>
CP# = 17      
Type = (3,-1)
Coords = -6.84832848799689E+00  2.47850871447751E+00 -9.73209886021058E-01
DistFromNuc =  9.9318448530E-01
Rho =  1.6351541153E-01
DelSqRho = -1.2030177872E-02
GradDelSqRho = -3.6082248300E-16 -5.5511151231E-17 -6.6613381478E-16
HessDelSqRho_EigVals = -9.7193060922E-01 -4.5381221726E-01  1.3183064716E+01
HessDelSqRho_EigVec1 = -5.0439184992E-01  8.3591091822E-01  2.1642966186E-01
HessDelSqRho_EigVec2 =  8.5846454900E-01  5.1241972277E-01  2.1555645146E-02
HessDelSqRho_EigVec3 =  9.2884228200E-02 -1.9666968378E-01  9.7606022131E-01
</CP of DelSqRho>
<CP of DelSqRho>
CP# = 18      
Type = (3,+1)
Coords = -7.50997983417497E+00  2.34896333212602E+00  6.05555647607482E-01
DistFromNuc =  9.6195244142E-01
Rho =  1.9720147294E-01
DelSqRho = -5.9638043365E-02
GradDelSqRho = -2.5635049639E-12  3.5840774792E-13  2.6977309275E-12
HessDelSqRho_EigVals = -2.9440647195E+00  2.9761546962E-01  2.0367561058E+01
HessDelSqRho_EigVec1 = -2.2965307575E-02  9.9284081647E-01 -1.1721649965E-01
HessDelSqRho_EigVec2 =  5.9630769690E-01  1.0771088686E-01  7.9549701161E-01
HessDelSqRho_EigVec3 =  8.0242739564E-01 -5.1628267399E-02 -5.9451223430E-01
</CP of DelSqRho>
<CP of DelSqRho>
CP# = 19      
Type = (3,+1)
Coords = -6.48244330917441E+00  1.81714594800782E+00  7.88475108281613E-01
DistFromNuc =  9.6608682826E-01
Rho =  1.9561934882E-01
DelSqRho = -1.1082372123E-01
GradDelSqRho = -1.9428902931E-15  1.2212453271E-15 -1.5820678101E-15
HessDelSqRho_EigVals = -2.2362614051E+00  7.4783419130E-01  2.0149538318E+01
HessDelSqRho_EigVec1 =  8.7009461045E-01  4.9279716426E-01 -9.2910584986E-03
HessDelSqRho_EigVec2 = -3.8528990650E-01  6.9179149261E-01  6.1071778974E-01
HessDelSqRho_EigVec3 =  3.0738747017E-01 -5.2780250629E-01  7.9179382261E-01
</CP of DelSqRho>
<CP of DelSqRho>
CP# = 20      
Type = (3,+1)
Coords = -7.50997938177924E+00  2.34896323959094E+00 -6.05557949777368E-01
DistFromNuc =  9.6195245617E-01
Rho =  1.9720148103E-01
DelSqRho = -5.9637894446E-02
GradDelSqRho = -2.5732749265E-12  3.5779712526E-13 -2.7071955788E-12
HessDelSqRho_EigVals = -2.9440668298E+00  2.9761475844E-01  2.0367557370E+01
HessDelSqRho_EigVec1 = -2.2965397777E-02  9.9284083373E-01  1.1721633586E-01
HessDelSqRho_EigVec2 = -5.9630829910E-01 -1.0771077042E-01  7.9549657596E-01
HessDelSqRho_EigVec3 =  8.0242694554E-01 -5.1628178564E-02  5.9451284952E-01
</CP of DelSqRho>
<CP of DelSqRho>
CP# = 21      
Type = (3,+1)
Coords = -6.48244252533989E+00  1.81714571271801E+00 -7.88476357895564E-01
DistFromNuc =  9.6608679525E-01
Rho =  1.9561938948E-01
DelSqRho = -1.1082382076E-01
GradDelSqRho = -1.1102230246E-16  3.3306690739E-16  5.2735593670E-16
HessDelSqRho_EigVals = -2.2362626061E+00  7.4783479375E-01  2.0149547636E+01
HessDelSqRho_EigVec1 =  8.7009456853E-01  4.9279722519E-01  9.2917521729E-03
HessDelSqRho_EigVec2 = -3.8528934979E-01  6.9179126257E-01 -6.1071840153E-01
HessDelSqRho_EigVec3 = -3.0738828661E-01  5.2780275092E-01  7.9179334260E-01
</CP of DelSqRho>
<CP of DelSqRho>
CP# = 22      
Type = (3,+1)
Coords = -6.40804984432249E+00  2.97742645052295E+00  5.80062326017346E-01
DistFromNuc =  9.6099969301E-01
Rho =  1.9855865590E-01
DelSqRho = -5.7805078561E-02
GradDelSqRho =  1.1102230246E-15  1.1102230246E-15  1.7763568394E-15
HessDelSqRho_EigVals = -3.0457459498E+00  2.6792778844E-01  2.0617804899E+01
HessDelSqRho_EigVec1 =  8.4311924185E-01 -5.2715132046E-01  1.0611988201E-01
HessDelSqRho_EigVec2 = -3.7664702188E-01 -4.3809323053E-01  8.1621770519E-01
HessDelSqRho_EigVec3 =  3.8377983914E-01  7.2813859031E-01  5.6791480732E-01
</CP of DelSqRho>
<CP of DelSqRho>
CP# = 23      
Type = (3,+1)
Coords = -6.40804921996744E+00  2.97742643479496E+00 -5.80063615058974E-01
DistFromNuc =  9.6099965681E-01
Rho =  1.9855869388E-01
DelSqRho = -5.7805206252E-02
GradDelSqRho =  0.0000000000E+00 -2.6645352591E-15  7.7715611724E-16
HessDelSqRho_EigVals = -3.0457472873E+00  2.6792858932E-01  2.0617815562E+01
HessDelSqRho_EigVec1 =  8.4311932772E-01 -5.2715136279E-01 -1.0611898948E-01
HessDelSqRho_EigVec2 =  3.7664617825E-01  4.3809320864E-01  8.1621810624E-01
HessDelSqRho_EigVec3 =  3.8378047844E-01  7.2813857283E-01 -5.6791439770E-01
</CP of DelSqRho>
<CP of DelSqRho>
CP# = 24      
Type = (3,+3)
Coords = -7.23324027820791E+00  3.12820388737356E+00 -1.22795202462720E-06
DistFromNuc =  9.5261557939E-01
Rho =  3.1518471329E-01
DelSqRho = -1.3205385981E+00
GradDelSqRho =  8.2156503822E-14 -1.4917234115E-13  9.8891096592E-20
HessDelSqRho_EigVals =  7.8263421997E+00  8.7202756324E+00  2.5000486448E+01
HessDelSqRho_EigVec1 = -8.1702749298E-07 -8.6650793406E-08  1.0000000000E+00
HessDelSqRho_EigVec2 =  8.7086803479E-01  4.9151690304E-01  7.5411345681E-07
HessDelSqRho_EigVec3 = -4.9151690304E-01  8.7086803479E-01 -3.2612141688E-07
</CP of DelSqRho>
<CP of DelSqRho>
CP# = 25      
Type = (3,+3)
Coords = -7.24307494087756E+00  1.49182838438264E+00 -1.13930227059757E-06
DistFromNuc =  9.3857057103E-01
Rho =  3.4265834075E-01
DelSqRho = -1.2792719368E+00
GradDelSqRho = -1.4432899320E-15  1.4432899320E-15 -4.5739779152E-20
HessDelSqRho_EigVals =  5.2806560791E+00  8.1536618009E+00  3.1175705752E+01
HessDelSqRho_EigVec1 = -5.6120800248E-07  3.5789359892E-08  1.0000000000E+00
HessDelSqRho_EigVec2 =  8.5671126358E-01 -5.1579628814E-01  4.9925323592E-07
HessDelSqRho_EigVec3 =  5.1579628814E-01  8.5671126358E-01  2.5880785682E-07
</CP of DelSqRho>
<CP of DelSqRho>
CP# = 26      
Type = (3,+1)
Coords = -6.88417311026221E+00  1.98112527659079E+00  1.53379800870004E+00
DistFromNuc =  1.5709887714E+00
Rho =  6.7147349379E-02
DelSqRho =  1.0308576604E-01
GradDelSqRho = -3.6238503517E-13 -1.3034053004E-12 -3.2557914698E-12
HessDelSqRho_EigVals = -4.7558146597E-01  2.2082368797E-02  7.7557004677E-02
HessDelSqRho_EigVec1 = -2.5163558863E-02 -1.1423839437E-02  9.9961807266E-01
HessDelSqRho_EigVec2 =  9.3774410241E-01  3.4623155614E-01  2.7562799612E-02
HessDelSqRho_EigVec3 = -3.4641419384E-01  9.3807953044E-01  2.0002199158E-03
</CP of DelSqRho>
<CP of DelSqRho>
CP# = 27      
Type = (3,+1)
Coords = -6.88417038157504E+00  1.98112550043920E+00 -1.53379980344835E+00
DistFromNuc =  1.5709885966E+00
Rho =  6.7147367243E-02
DelSqRho =  1.0308579204E-01
GradDelSqRho = -3.6236638690E-13 -1.3030947849E-12  3.2561592311E-12
HessDelSqRho_EigVals = -4.7558148354E-01  2.2082164620E-02  7.7557066575E-02
HessDelSqRho_EigVec1 =  2.5162177638E-02  1.1423900935E-02  9.9961810673E-01
HessDelSqRho_EigVec2 =  9.3774381647E-01  3.4623243189E-01 -2.7561527053E-02
HessDelSqRho_EigVec3 = -3.4641506821E-01  9.3807920646E-01 -2.0007305062E-03
</CP of DelSqRho>
<CP of DelSqRho>
CP# = 28      
Type = (3,-3)
Coords = -8.49519456200338E+00  1.79768093649451E+00 -1.81498280597210E-06
DistFromNuc =  1.8021256918E+00
Rho =  8.3536619626E-02
DelSqRho =  2.3153400837E-01
GradDelSqRho =  8.6736173799E-16 -3.6082248300E-16  3.8844401565E-21
HessDelSqRho_EigVals = -1.2382169700E+00 -1.8235229166E-01 -2.0751090450E-02
HessDelSqRho_EigVec1 =  8.6265911814E-01 -5.0578577075E-01  4.0517186674E-07
HessDelSqRho_EigVec2 = -3.0915476919E-07  2.7378525493E-07  1.0000000000E+00
HessDelSqRho_EigVec3 =  5.0578577075E-01  8.6265911814E-01 -7.9817263360E-08
</CP of DelSqRho>
<CP of DelSqRho>
CP# = 29      
Type = (3,-1)
Coords = -7.39764229701766E+00  3.42517679780990E+00  1.23010914963476E+00
DistFromNuc =  1.7839720620E+00
Rho =  6.5926202385E-02
DelSqRho =  1.3201245360E-01
GradDelSqRho =  2.5921105540E-15  1.4571677198E-16  5.0914134020E-15
HessDelSqRho_EigVals = -1.0709053971E+00 -1.6509153935E-01  3.6711735504E-02
HessDelSqRho_EigVec1 = -4.9495012648E-02  9.3432055067E-02  9.9439463736E-01
HessDelSqRho_EigVec2 = -4.8955631487E-01  8.6554244301E-01 -1.0569244970E-01
HessDelSqRho_EigVec3 =  8.7056582651E-01  4.9204342333E-01 -2.9002184059E-03
</CP of DelSqRho>
<CP of DelSqRho>
CP# = 30      
Type = (3,-1)
Coords = -7.39764040726515E+00  3.42517639784914E+00 -1.23011194194403E+00
DistFromNuc =  1.7839718820E+00
Rho =  6.5926209202E-02
DelSqRho =  1.3201247437E-01
GradDelSqRho =  2.6062051822E-15  3.2265856653E-16 -5.1712106819E-15
HessDelSqRho_EigVals = -1.0709053597E+00 -1.6509147120E-01  3.6711734761E-02
HessDelSqRho_EigVec1 =  4.9493544914E-02 -9.3431806776E-02  9.9439473374E-01
HessDelSqRho_EigVec2 = -4.8955651340E-01  8.6554244536E-01  1.0569151085E-01
HessDelSqRho_EigVec3 =  8.7056579831E-01  4.9204346634E-01  2.9013856717E-03
</CP of DelSqRho>
<CP of DelSqRho>
CP# = 31      
Type = (3,-1)
Coords = -7.48374659360156E+00  1.19783949368110E+00  1.41758748341217E+00
DistFromNuc =  1.9338945995E+00
Rho =  7.2493363460E-02
DelSqRho =  1.2309801812E-01
GradDelSqRho =  1.9081958236E-17 -4.3368086899E-18 -1.4918621893E-16
HessDelSqRho_EigVals = -8.0562586932E-01 -1.5180080108E-01  9.0226138392E-02
HessDelSqRho_EigVec1 = -4.9077089548E-02  2.7516626693E-02  9.9841588255E-01
HessDelSqRho_EigVec2 =  5.0288962698E-01  8.6435017040E-01  8.9778047504E-04
HessDelSqRho_EigVec3 =  8.6295623432E-01 -5.0213705120E-01  5.6257616847E-02
</CP of DelSqRho>
<CP of DelSqRho>
CP# = 32      
Type = (3,-1)
Coords = -7.48374504023237E+00  1.19784011305023E+00 -1.41759018193632E+00
DistFromNuc =  1.9338943906E+00
Rho =  7.2493364004E-02
DelSqRho =  1.2309801997E-01
GradDelSqRho =  1.1275702594E-17  5.2041704279E-17 -2.7755575616E-17
HessDelSqRho_EigVals = -8.0562584755E-01 -1.5180081973E-01  9.0226145972E-02
HessDelSqRho_EigVec1 =  4.9076104151E-02 -2.7516902257E-02  9.9841592340E-01
HessDelSqRho_EigVec2 =  5.0288982912E-01  8.6435005354E-01 -8.9705870057E-04
HessDelSqRho_EigVec3 =  8.6295617257E-01 -5.0213723725E-01 -5.6256903525E-02
</CP of DelSqRho>
<CP of DelSqRho>
CP# = 33      
Type = (3,-3)
Coords = -5.48225511372440E+00  3.53286625840942E+00 -4.72880395156538E-07
DistFromNuc =  1.7792481119E+00
Rho =  8.3335410776E-02
DelSqRho =  2.3016380246E-01
GradDelSqRho = -2.0990154059E-16 -1.5959455979E-16  4.7897066189E-20
HessDelSqRho_EigVals = -1.2275126512E+00 -1.7911671733E-01 -1.9792061172E-02
HessDelSqRho_EigVec1 = -5.4384891695E-03  9.9998521131E-01 -1.5436317843E-07
HessDelSqRho_EigVec2 = -1.4618185815E-07  1.5357044108E-07  1.0000000000E+00
HessDelSqRho_EigVec3 =  9.9998521131E-01  5.4384891695E-03  1.4534450513E-07
</CP of DelSqRho>
<CP of DelSqRho>
CP# = 34      
Type = (3,-3)
Coords = -6.03637504911452E+00  1.00847415086160E+00 -5.42673675167984E-07
DistFromNuc =  1.4816693010E+00
Rho =  1.0036102330E-01
DelSqRho =  2.7772179037E-01
GradDelSqRho = -3.4694469520E-16  1.9428902931E-16  7.9475513254E-21
HessDelSqRho_EigVals = -8.4156699190E-01 -3.9476901767E-01 -3.0967605185E-01
HessDelSqRho_EigVec1 = -5.3460211121E-01  8.4510388870E-01 -4.5075619466E-07
HessDelSqRho_EigVec2 =  8.4510388870E-01  5.3460211121E-01 -4.2545447856E-07
HessDelSqRho_EigVec3 =  1.1857802098E-07  6.0838467542E-07  1.0000000000E+00
</CP of DelSqRho>
<Path of -GradDelSqRho>
Starting CP# =      2
Ending CP# =     25
Number of Points =     15
 -7.4288297742E+00  1.1680664112E+00 -1.3162928635E-06  3.2194395094E-01 -9.6087817452E-01
 -7.4162374586E+00  1.1896634848E+00 -1.3065962341E-06  3.2205359224E-01 -9.6289007637E-01
 -7.4036470780E+00  1.2112616865E+00 -1.2969075438E-06  3.2237491113E-01 -9.6893016035E-01
 -7.3910587404E+00  1.2328610790E+00 -1.2872233949E-06  3.2290564022E-01 -9.7900798010E-01
 -7.3784726561E+00  1.2544617845E+00 -1.2775394304E-06  3.2364198953E-01 -9.9312673243E-01
 -7.3658891692E+00  1.2760640034E+00 -1.2678499269E-06  3.2457861371E-01 -1.0112629575E+00
 -7.3533088093E+00  1.2976680434E+00 -1.2581472195E-06  3.2570858439E-01 -1.0333359672E+00
 -7.3407323741E+00  1.3192743682E+00 -1.2484208179E-06  3.2702338796E-01 -1.0591647806E+00
 -7.3281610667E+00  1.3408836770E+00 -1.2386559512E-06  3.2851297780E-01 -1.0884097034E+00
 -7.3155967361E+00  1.3624970430E+00 -1.2288309918E-06  3.3016592106E-01 -1.1204950786E+00
 -7.3030423302E+00  1.3841161752E+00 -1.2189125239E-06  3.3196969420E-01 -1.1545091984E+00
 -7.2905028437E+00  1.4057439638E+00 -1.2088448829E-06  3.3391119904E-01 -1.1890769852E+00
 -7.2779876033E+00  1.4273857902E+00 -1.1985245509E-06  3.3597759139E-01 -1.2222008781E+00
 -7.2655171357E+00  1.4490534390E+00 -1.1877218293E-06  3.3815753253E-01 -1.2510655406E+00
 -7.2430749409E+00  1.4918283844E+00 -1.1393022706E-06  3.4265834075E-01 -1.2792719368E+00
</Path of -GradDelSqRho>
<Path of -GradDelSqRho>
Starting CP# =      2
Ending CP# =      0
Number of Points =    400
 -7.4288297742E+00  1.1680664112E+00 -1.3162928635E-06  3.2194395094E-01 -9.6087817452E-01
 -7.4414239536E+00  1.1464704245E+00 -1.3259998374E-06  3.2204675695E-01 -9.6289014865E-01
 -7.4540200947E+00  1.1248755818E+00 -1.3357198046E-06  3.2236129149E-01 -9.6893079166E-01
 -7.4666183287E+00  1.1032819601E+00 -1.3454550356E-06  3.2288533882E-01 -9.7901041395E-01
 -7.4792188813E+00  1.0816896913E+00 -1.3552079518E-06  3.2361516196E-01 -9.9313353132E-01
 -7.4918220993E+00  1.0600989780E+00 -1.3649814411E-06  3.2454547014E-01 -1.0112789019E+00
 -7.5044284960E+00  1.0385101207E+00 -1.3747792617E-06  3.2566939077E-01 -1.0333693586E+00
 -7.5170388262E+00  1.0169235608E+00 -1.3846066078E-06  3.2697846617E-01 -1.0592292399E+00
 -7.5296542097E+00  9.9533995370E-01 -1.3944709854E-06  3.2846270342E-01 -1.0885265771E+00
 -7.5422763488E+00  9.7376029663E-01 -1.4043836964E-06  3.3011071730E-01 -1.1206965870E+00
 -7.5549079361E+00  9.5218616892E-01 -1.4143626104E-06  3.3191001986E-01 -1.1548424777E+00
 -7.5675535028E+00  9.3062023261E-01 -1.4244379493E-06  3.3384752794E-01 -1.1896091824E+00
 -7.5802214423E+00  9.0906743194E-01 -1.4346662601E-06  3.3591038020E-01 -1.2230254601E+00
 -7.5929299958E+00  8.8753856031E-01 -1.4451724547E-06  3.3808717565E-01 -1.2523099513E+00
 -7.6057334452E+00  8.6606604331E-01 -1.4563389884E-06  3.4036972120E-01 -1.2736374736E+00
 -7.6193892153E+00  8.4518873674E-01 -1.4744749913E-06  3.4274576959E-01 -1.2818718817E+00
 -7.6198605626E+00  8.4540146942E-01 -1.4813906367E-06  3.4274965368E-01 -1.2818722352E+00
 -7.6198605627E+00  8.4540146945E-01 -1.4813916846E-06  3.4274965368E-01 -1.2818722352E+00
 -7.6198605627E+00  8.4540146945E-01 -1.4813916847E-06  3.4274965368E-01 -1.2818722352E+00
 -7.6198605627E+00  8.4540146945E-01 -1.4813916847E-06  3.4274965368E-01 -1.2818722352E+00
 -7.6198605627E+00  8.4540146945E-01 -1.4813916847E-06  3.4274965368E-01 -1.2818722352E+00
 -7.6198605627E+00  8.4540146945E-01 -1.4813916847E-06  3.4274965368E-01 -1.2818722352E+00
 -7.6198605627E+00  8.4540146945E-01 -1.4813916847E-06  3.4274965368E-01 -1.2818722352E+00
 -7.6198605627E+00  8.4540146945E-01 -1.4813916847E-06  3.4274965368E-01 -1.2818722352E+00
 -7.6198605627E+00  8.4540146945E-01 -1.4813916847E-06  3.4274965368E-01 -1.2818722352E+00
 -7.6198605627E+00  8.4540146945E-01 -1.4813916847E-06  3.4274965368E-01 -1.2818722352E+00
 -7.6198605627E+00  8.4540146945E-01 -1.4813916847E-06  3.4274965368E-01 -1.2818722352E+00
 -7.6198605627E+00  8.4540146945E-01 -1.4813916847E-06  3.4274965368E-01 -1.2818722352E+00
 -7.6198605627E+00  8.4540146945E-01 -1.4813916847E-06  3.4274965368E-01 -1.2818722352E+00
 -7.6198605627E+00  8.4540146945E-01 -1.4813916847E-06  3.4274965368E-01 -1.2818722352E+00
 -7.6198605627E+00  8.4540146945E-01 -1.4813916847E-06  3.4274965368E-01 -1.2818722352E+00
 -7.6198605627E+00  8.4540146945E-01 -1.4813916847E-06  3.4274965368E-01 -1.2818722352E+00
 -7.6198605627E+00  8.4540146945E-01 -1.4813916847E-06  3.4274965368E-01 -1.2818722352E+00
 -7.6198605627E+00  8.4540146945E-01 -1.4813916847E-06  3.4274965368E-01 -1.2818722352E+00
 -7.6198605627E+00  8.4540146945E-01 -1.4813916847E-06  3.4274965368E-01 -1.2818722352E+00
 -7.6198605627E+00  8.4540146945E-01 -1.4813916847E-06  3.4274965368E-01 -1.2818722352E+00
 -7.6198605627E+00  8.4540146945E-01 -1.4813916847E-06  3.4274965368E-01 -1.2818722352E+00
 -7.6198605627E+00  8.4540146945E-01 -1.4813916847E-06  3.4274965368E-01 -1.2818722352E+00
 -7.6198605627E+00  8.4540146945E-01 -1.4813916847E-06  3.4274965368E-01 -1.2818722352E+00
 -7.6198605627E+00  8.4540146945E-01 -1.4813916847E-06  3.4274965368E-01 -1.2818722352E+00
 -7.6198605627E+00  8.4540146945E-01 -1.4813916847E-06  3.4274965368E-01 -1.2818722352E+00
 -7.6198605627E+00  8.4540146945E-01 -1.4813916847E-06  3.4274965368E-01 -1.2818722352E+00
 -7.6198605627E+00  8.4540146945E-01 -1.4813916847E-06  3.4274965368E-01 -1.2818722352E+00
 -7.6198605627E+00  8.4540146945E-01 -1.4813916847E-06  3.4274965368E-01 -1.2818722352E+00
 -7.6198605627E+00  8.4540146945E-01 -1.4813916847E-06  3.4274965368E-01 -1.2818722352E+00
 -7.6198605627E+00  8.4540146945E-01 -1.4813916847E-06  3.4274965368E-01 -1.2818722352E+00
 -7.6198605627E+00  8.4540146945E-01 -1.4813916847E-06  3.4274965368E-01 -1.2818722352E+00
 -7.6198605627E+00  8.4540146945E-01 -1.4813916847E-06  3.4274965368E-01 -1.2818722352E+00
 -7.6198605627E+00  8.4540146945E-01 -1.4813916847E-06  3.4274965368E-01 -1.2818722352E+00
 -7.6198605627E+00  8.4540146945E-01 -1.4813916847E-06  3.4274965368E-01 -1.2818722352E+00
 -7.6198605627E+00  8.4540146945E-01 -1.4813916847E-06  3.4274965368E-01 -1.2818722352E+00
 -7.6198605627E+00  8.4540146945E-01 -1.4813916847E-06  3.4274965368E-01 -1.2818722352E+00
 -7.6198605627E+00  8.4540146945E-01 -1.4813916847E-06  3.4274965368E-01 -1.2818722352E+00
 -7.6198605627E+00  8.4540146945E-01 -1.4813916847E-06  3.4274965368E-01 -1.2818722352E+00
 -7.6198605627E+00  8.4540146945E-01 -1.4813916847E-06  3.4274965368E-01 -1.2818722352E+00
 -7.6198605627E+00  8.4540146945E-01 -1.4813916847E-06  3.4274965368E-01 -1.2818722352E+00
 -7.6198605627E+00  8.4540146945E-01 -1.4813916847E-06  3.4274965368E-01 -1.2818722352E+00
 -7.6198605627E+00  8.4540146945E-01 -1.4813916847E-06  3.4274965368E-01 -1.2818722352E+00
 -7.6198605627E+00  8.4540146945E-01 -1.4813916847E-06  3.4274965368E-01 -1.2818722352E+00
 -7.6198605627E+00  8.4540146945E-01 -1.4813916847E-06  3.4274965368E-01 -1.2818722352E+00
 -7.6198605627E+00  8.4540146945E-01 -1.4813916847E-06  3.4274965368E-01 -1.2818722352E+00
 -7.6198605627E+00  8.4540146945E-01 -1.4813916847E-06  3.4274965368E-01 -1.2818722352E+00
 -7.6198605627E+00  8.4540146945E-01 -1.4813916847E-06  3.4274965368E-01 -1.2818722352E+00
 -7.6198605627E+00  8.4540146945E-01 -1.4813916847E-06  3.4274965368E-01 -1.2818722352E+00
 -7.6198605627E+00  8.4540146945E-01 -1.4813916847E-06  3.4274965368E-01 -1.2818722352E+00
 -7.6198605627E+00  8.4540146945E-01 -1.4813916847E-06  3.4274965368E-01 -1.2818722352E+00
 -7.6198605627E+00  8.4540146945E-01 -1.4813916847E-06  3.4274965368E-01 -1.2818722352E+00
 -7.6198605627E+00  8.4540146945E-01 -1.4813916847E-06  3.4274965368E-01 -1.2818722352E+00
 -7.6198605627E+00  8.4540146945E-01 -1.4813916847E-06  3.4274965368E-01 -1.2818722352E+00
 -7.6198605627E+00  8.4540146945E-01 -1.4813916847E-06  3.4274965368E-01 -1.2818722352E+00
 -7.6198605627E+00  8.4540146945E-01 -1.4813916847E-06  3.4274965368E-01 -1.2818722352E+00
 -7.6198605627E+00  8.4540146945E-01 -1.4813916847E-06  3.4274965368E-01 -1.2818722352E+00
 -7.6198605627E+00  8.4540146945E-01 -1.4813916847E-06  3.4274965368E-01 -1.2818722352E+00
 -7.6198605627E+00  8.4540146945E-01 -1.4813916847E-06  3.4274965368E-01 -1.2818722352E+00
 -7.6198605627E+00  8.4540146945E-01 -1.4813916847E-06  3.4274965368E-01 -1.2818722352E+00
 -7.6198605627E+00  8.4540146945E-01 -1.4813916847E-06  3.4274965368E-01 -1.2818722352E+00
 -7.6198605627E+00  8.4540146945E-01 -1.4813916847E-06  3.4274965368E-01 -1.2818722352E+00
 -7.6198605627E+00  8.4540146945E-01 -1.4813916847E-06  3.4274965368E-01 -1.2818722352E+00
 -7.6198605627E+00  8.4540146945E-01 -1.4813916847E-06  3.4274965368E-01 -1.2818722352E+00
 -7.6198605627E+00  8.4540146945E-01 -1.4813916847E-06  3.4274965368E-01 -1.2818722352E+00
 -7.6198605627E+00  8.4540146945E-01 -1.4813916847E-06  3.4274965368E-01 -1.2818722352E+00
 -7.6198605627E+00  8.4540146945E-01 -1.4813916847E-06  3.4274965368E-01 -1.2818722352E+00
 -7.6198605627E+00  8.4540146945E-01 -1.4813916847E-06  3.4274965368E-01 -1.2818722352E+00
 -7.6198605627E+00  8.4540146945E-01 -1.4813916847E-06  3.4274965368E-01 -1.2818722352E+00
 -7.6198605627E+00  8.4540146945E-01 -1.4813916847E-06  3.4274965368E-01 -1.2818722352E+00
 -7.6198605627E+00  8.4540146945E-01 -1.4813916847E-06  3.4274965368E-01 -1.2818722352E+00
 -7.6198605627E+00  8.4540146945E-01 -1.4813916847E-06  3.4274965368E-01 -1.2818722352E+00
 -7.6198605627E+00  8.4540146945E-01 -1.4813916847E-06  3.4274965368E-01 -1.2818722352E+00
 -7.6198605627E+00  8.4540146945E-01 -1.4813916847E-06  3.4274965368E-01 -1.2818722352E+00
 -7.6198605627E+00  8.4540146945E-01 -1.4813916847E-06  3.4274965368E-01 -1.2818722352E+00
 -7.6198605627E+00  8.4540146945E-01 -1.4813916847E-06  3.4274965368E-01 -1.2818722352E+00
 -7.6198605627E+00  8.4540146945E-01 -1.4813916847E-06  3.4274965368E-01 -1.2818722352E+00
 -7.6198605627E+00  8.4540146945E-01 -1.4813916847E-06  3.4274965368E-01 -1.2818722352E+00
 -7.6198605627E+00  8.4540146945E-01 -1.4813916847E-06  3.4274965368E-01 -1.2818722352E+00
 -7.6198605627E+00  8.4540146945E-01 -1.4813916847E-06  3.4274965368E-01 -1.2818722352E+00
 -7.6198605627E+00  8.4540146945E-01 -1.4813916847E-06  3.4274965368E-01 -1.2818722352E+00
 -7.6198605627E+00  8.4540146945E-01 -1.4813916847E-06  3.4274965368E-01 -1.2818722352E+00
 -7.6198605627E+00  8.4540146945E-01 -1.4813916847E-06  3.4274965368E-01 -1.2818722352E+00
 -7.6198605627E+00  8.4540146945E-01 -1.4813916847E-06  3.4274965368E-01 -1.2818722352E+00
 -7.6198605627E+00  8.4540146945E-01 -1.4813916847E-06  3.4274965368E-01 -1.2818722352E+00
 -7.6198605627E+00  8.4540146945E-01 -1.4813916847E-06  3.4274965368E-01 -1.2818722352E+00
 -7.6198605627E+00  8.4540146945E-01 -1.4813916847E-06  3.4274965368E-01 -1.2818722352E+00
 -7.6198605627E+00  8.4540146945E-01 -1.4813916847E-06  3.4274965368E-01 -1.2818722352E+00
 -7.6198605627E+00  8.4540146945E-01 -1.4813916847E-06  3.4274965368E-01 -1.2818722352E+00
 -7.6198605627E+00  8.4540146945E-01 -1.4813916847E-06  3.4274965368E-01 -1.2818722352E+00
 -7.6198605627E+00  8.4540146945E-01 -1.4813916847E-06  3.4274965368E-01 -1.2818722352E+00
 -7.6198605627E+00  8.4540146945E-01 -1.4813916847E-06  3.4274965368E-01 -1.2818722352E+00
 -7.6198605627E+00  8.4540146945E-01 -1.4813916847E-06  3.4274965368E-01 -1.2818722352E+00
 -7.6198605627E+00  8.4540146945E-01 -1.4813916847E-06  3.4274965368E-01 -1.2818722352E+00
 -7.6198605627E+00  8.4540146945E-01 -1.4813916847E-06  3.4274965368E-01 -1.2818722352E+00
 -7.6198605627E+00  8.4540146945E-01 -1.4813916847E-06  3.4274965368E-01 -1.2818722352E+00
 -7.6198605627E+00  8.4540146945E-01 -1.4813916847E-06  3.4274965368E-01 -1.2818722352E+00
 -7.6198605627E+00  8.4540146945E-01 -1.4813916847E-06  3.4274965368E-01 -1.2818722352E+00
 -7.6198605627E+00  8.4540146945E-01 -1.4813916847E-06  3.4274965368E-01 -1.2818722352E+00
 -7.6198605627E+00  8.4540146945E-01 -1.4813916847E-06  3.4274965368E-01 -1.2818722352E+00
 -7.6198605627E+00  8.4540146945E-01 -1.4813916847E-06  3.4274965368E-01 -1.2818722352E+00
 -7.6198605627E+00  8.4540146945E-01 -1.4813916847E-06  3.4274965368E-01 -1.2818722352E+00
 -7.6198605627E+00  8.4540146945E-01 -1.4813916847E-06  3.4274965368E-01 -1.2818722352E+00
 -7.6198605627E+00  8.4540146945E-01 -1.4813916847E-06  3.4274965368E-01 -1.2818722352E+00
 -7.6198605627E+00  8.4540146945E-01 -1.4813916847E-06  3.4274965368E-01 -1.2818722352E+00
 -7.6198605627E+00  8.4540146945E-01 -1.4813916847E-06  3.4274965368E-01 -1.2818722352E+00
 -7.6198605627E+00  8.4540146945E-01 -1.4813916847E-06  3.4274965368E-01 -1.2818722352E+00
 -7.6198605627E+00  8.4540146945E-01 -1.4813916847E-06  3.4274965368E-01 -1.2818722352E+00
 -7.6198605627E+00  8.4540146945E-01 -1.4813916847E-06  3.4274965368E-01 -1.2818722352E+00
 -7.6198605627E+00  8.4540146945E-01 -1.4813916847E-06  3.4274965368E-01 -1.2818722352E+00
 -7.6198605627E+00  8.4540146945E-01 -1.4813916847E-06  3.4274965368E-01 -1.2818722352E+00
 -7.6198605627E+00  8.4540146945E-01 -1.4813916847E-06  3.4274965368E-01 -1.2818722352E+00
 -7.6198605627E+00  8.4540146945E-01 -1.4813916847E-06  3.4274965368E-01 -1.2818722352E+00
 -7.6198605627E+00  8.4540146945E-01 -1.4813916847E-06  3.4274965368E-01 -1.2818722352E+00
 -7.6198605627E+00  8.4540146945E-01 -1.4813916847E-06  3.4274965368E-01 -1.2818722352E+00
 -7.6198605627E+00  8.4540146945E-01 -1.4813916847E-06  3.4274965368E-01 -1.2818722352E+00
 -7.6198605627E+00  8.4540146945E-01 -1.4813916847E-06  3.4274965368E-01 -1.2818722352E+00
 -7.6198605627E+00  8.4540146945E-01 -1.4813916847E-06  3.4274965368E-01 -1.2818722352E+00
 -7.6198605627E+00  8.4540146945E-01 -1.4813916847E-06  3.4274965368E-01 -1.2818722352E+00
 -7.6198605627E+00  8.4540146945E-01 -1.4813916847E-06  3.4274965368E-01 -1.2818722352E+00
 -7.6198605627E+00  8.4540146945E-01 -1.4813916847E-06  3.4274965368E-01 -1.2818722352E+00
 -7.6198605627E+00  8.4540146945E-01 -1.4813916847E-06  3.4274965368E-01 -1.2818722352E+00
 -7.6198605627E+00  8.4540146945E-01 -1.4813916847E-06  3.4274965368E-01 -1.2818722352E+00
 -7.6198605627E+00  8.4540146945E-01 -1.4813916847E-06  3.4274965368E-01 -1.2818722352E+00
 -7.6198605627E+00  8.4540146945E-01 -1.4813916847E-06  3.4274965368E-01 -1.2818722352E+00
 -7.6198605627E+00  8.4540146945E-01 -1.4813916847E-06  3.4274965368E-01 -1.2818722352E+00
 -7.6198605627E+00  8.4540146945E-01 -1.4813916847E-06  3.4274965368E-01 -1.2818722352E+00
 -7.6198605627E+00  8.4540146945E-01 -1.4813916847E-06  3.4274965368E-01 -1.2818722352E+00
 -7.6198605627E+00  8.4540146945E-01 -1.4813916847E-06  3.4274965368E-01 -1.2818722352E+00
 -7.6198605627E+00  8.4540146945E-01 -1.4813916847E-06  3.4274965368E-01 -1.2818722352E+00
 -7.6198605627E+00  8.4540146945E-01 -1.4813916847E-06  3.4274965368E-01 -1.2818722352E+00
 -7.6198605627E+00  8.4540146945E-01 -1.4813916847E-06  3.4274965368E-01 -1.2818722352E+00
 -7.6198605627E+00  8.4540146945E-01 -1.4813916847E-06  3.4274965368E-01 -1.2818722352E+00
 -7.6198605627E+00  8.4540146945E-01 -1.4813916847E-06  3.4274965368E-01 -1.2818722352E+00
 -7.6198605627E+00  8.4540146945E-01 -1.4813916847E-06  3.4274965368E-01 -1.2818722352E+00
 -7.6198605627E+00  8.4540146945E-01 -1.4813916847E-06  3.4274965368E-01 -1.2818722352E+00
 -7.6198605627E+00  8.4540146945E-01 -1.4813916847E-06  3.4274965368E-01 -1.2818722352E+00
 -7.6198605627E+00  8.4540146945E-01 -1.4813916847E-06  3.4274965368E-01 -1.2818722352E+00
 -7.6198605627E+00  8.4540146945E-01 -1.4813916847E-06  3.4274965368E-01 -1.2818722352E+00
 -7.6198605627E+00  8.4540146945E-01 -1.4813916847E-06  3.4274965368E-01 -1.2818722352E+00
 -7.6198605627E+00  8.4540146945E-01 -1.4813916847E-06  3.4274965368E-01 -1.2818722352E+00
 -7.6198605627E+00  8.4540146945E-01 -1.4813916847E-06  3.4274965368E-01 -1.2818722352E+00
 -7.6198605627E+00  8.4540146945E-01 -1.4813916847E-06  3.4274965368E-01 -1.2818722352E+00
 -7.6198605627E+00  8.4540146945E-01 -1.4813916847E-06  3.4274965368E-01 -1.2818722352E+00
 -7.6198605627E+00  8.4540146945E-01 -1.4813916847E-06  3.4274965368E-01 -1.2818722352E+00
 -7.6198605627E+00  8.4540146945E-01 -1.4813916847E-06  3.4274965368E-01 -1.2818722352E+00
 -7.6198605627E+00  8.4540146945E-01 -1.4813916847E-06  3.4274965368E-01 -1.2818722352E+00
 -7.6198605627E+00  8.4540146945E-01 -1.4813916847E-06  3.4274965368E-01 -1.2818722352E+00
 -7.6198605627E+00  8.4540146945E-01 -1.4813916847E-06  3.4274965368E-01 -1.2818722352E+00
 -7.6198605627E+00  8.4540146945E-01 -1.4813916847E-06  3.4274965368E-01 -1.2818722352E+00
 -7.6198605627E+00  8.4540146945E-01 -1.4813916847E-06  3.4274965368E-01 -1.2818722352E+00
