 AIMInt (Version 19.10.12, Professional)
 Portions Copyright (c) 1997-2019 by Todd A. Keith
 AIMInt is a component of the AIMAll package ( http://aim.tkgristmill.com )

 TP:  64-bit Mac OS X

 AIMInt is a heavily modified and extended version of the PROAIMV program
 developed by members of R.F.W. Bader's research group

 Much of the Quantum Theory of Atoms in Molecules (QTAIM) is described in the book:
   "Atoms in Molecules - A Quantum Theory"
   R.F.W. Bader, Oxford University Press, Oxford, 1990

 For additional references see:  http://aim.tkgristmill.com/references.html

 Current Directory:  /Users/chemlab/Documents/SubstituentCoding/New Reorientation Test

 Inp File:  SubC6H5_CF2H-ReorPosY-B3LYP-def2-TZVPPD-Field_atomicfiles/c2.inp
 Wfx File:  SubC6H5_CF2H-ReorPosY-B3LYP-def2-TZVPPD-Field.wfx
 Out File:  SubC6H5_CF2H-ReorPosY-B3LYP-def2-TZVPPD-Field_atomicfiles/c2.int

 Wfx Title:   SubC6H5_CF2H-ReorPosY-B3LYP-def2-TZVPPD-Field.chk                             
 Job Title:   SubC6H5_CF2H-ReorPosY-B3LYP-def2-TZVPPD-Field.chk                             
 
<Atom>
C2      
</Atom>
<Nuclei of Molecule>
    15
C1         6.0           0.0000000000E+00   0.0000000000E+00   0.0000000000E+00
C2         6.0          -2.8301851784E+00   0.0000000000E+00   0.0000000000E+00
H3         1.0           8.1164226432E-01   1.8946779837E+00   0.0000000000E+00
F4         9.0           9.3270337028E-01  -1.2536154179E+00   2.0739128106E+00
F5         9.0           9.3270467079E-01  -1.2536160689E+00  -2.0739103715E+00
C6         6.0          -4.1617202403E+00  -2.2753159313E+00   1.4361918547E-08
C7         6.0          -4.1351613681E+00   2.2807743107E+00   4.2216481623E-07
C8         6.0          -6.7824858549E+00  -2.2545809791E+00  -1.3369812331E-06
H9         1.0          -3.1422414206E+00  -4.0467829336E+00   6.6745126720E-07
C10        6.0          -6.7642167018E+00   2.2990517139E+00  -8.5699079749E-07
H11        1.0          -3.1006367074E+00   4.0466448713E+00  -7.9481880799E-07
C12        6.0          -8.0868290871E+00   3.2179479480E-02  -1.8099796821E-06
H13        1.0          -7.8132251627E+00  -4.0199599399E+00  -1.8931276316E-06
H14        1.0          -7.7718281599E+00   4.0775333856E+00  -1.7472407748E-06
H15        1.0          -1.0131388284E+01   4.1577766854E-02  -2.0344791457E-06
</Nuclei of Molecule>
<Total Number of CPs of DelSqRho>
    36
</Total Number of CPs of DelSqRho>
<Number of (3,+3) CPs of DelSqRho>
     4
</Number of (3,+3) CPs of DelSqRho>
<Number of (3,+1) CPs of DelSqRho>
    13
</Number of (3,+1) CPs of DelSqRho>
<Number of (3,-1) CPs of DelSqRho>
    14
</Number of (3,-1) CPs of DelSqRho>
<Number of (3,-3) CPs of DelSqRho>
     5
</Number of (3,-3) CPs of DelSqRho>
<Number of Degenerate CPs of DelSqRho>
     0
</Number of Degenerate CPs of DelSqRho>
<CP of DelSqRho>
CP# = 1       
Type = (3,+3)
Coords = -2.83018509968157E+00  5.62117382934590E-09  9.71832038245240E-14
DistFromNuc =  7.8932836165E-08
Rho =  1.2205634273E+02
DelSqRho = -9.6821845841E+05
GradDelSqRho =  9.7248357633E-07 -4.0500935938E-13  0.0000000000E+00
HessDelSqRho_EigVals =  3.3371696331E+10  3.3371700918E+10  3.3371701777E+10
HessDelSqRho_EigVec1 =  1.7044585946E-07 -1.7805558366E-07  1.0000000000E+00
HessDelSqRho_EigVec2 =  9.9437621918E-01  1.0590531022E-01 -1.5063027748E-07
HessDelSqRho_EigVec3 = -1.0590531022E-01  9.9437621918E-01  1.9510535971E-07
</CP of DelSqRho>
<CP of DelSqRho>
CP# = 2       
Type = (3,+1)
Coords = -3.48972859772819E+00 -1.14439559189653E+00  3.17591728894188E-08
DistFromNuc =  1.3208477553E+00
Rho =  3.1744425807E-01
DelSqRho = -9.3352031279E-01
GradDelSqRho = -1.0214051827E-13 -1.4252488079E-13  3.5990429929E-18
HessDelSqRho_EigVals = -6.1461324425E+00  4.6006182029E+00  6.4743756016E+00
HessDelSqRho_EigVec1 =  5.0690971981E-01  8.6199915079E-01 -1.8937359633E-08
HessDelSqRho_EigVec2 = -1.2311369638E-07  9.4367713583E-08  1.0000000000E+00
HessDelSqRho_EigVec3 =  8.6199915079E-01 -5.0690971981E-01  1.5395981298E-07
</CP of DelSqRho>
<CP of DelSqRho>
CP# = 3       
Type = (3,+1)
Coords = -3.47608842334966E+00  1.14621356889011E+00  2.01471213791622E-07
DistFromNuc =  1.3156734197E+00
Rho =  3.2041114799E-01
DelSqRho = -9.4668036865E-01
GradDelSqRho = -3.2656169435E-15  1.9428902931E-15 -1.0163336576E-18
HessDelSqRho_EigVals = -6.3027291945E+00  4.6184119963E+00  6.6053222981E+00
HessDelSqRho_EigVec1 = -4.9795966113E-01  8.6720019366E-01  2.1139182334E-07
HessDelSqRho_EigVec2 =  1.9174970968E-07 -1.3365795318E-07  1.0000000000E+00
HessDelSqRho_EigVec3 =  8.6720019366E-01  4.9795966113E-01 -9.9729116298E-08
</CP of DelSqRho>
<CP of DelSqRho>
CP# = 4       
Type = (3,+1)
Coords = -5.45493407293925E+00  1.45594758082585E-02 -6.30912435883772E-07
DistFromNuc =  2.6247892749E+00
Rho =  2.3824345727E-02
DelSqRho =  1.4681476688E-01
GradDelSqRho =  7.8496237288E-17 -2.4372864837E-16 -6.8523641944E-20
HessDelSqRho_EigVals = -1.3948978983E-01  3.7638241305E-01  3.7962975554E-01
HessDelSqRho_EigVec1 = -4.1470807362E-07 -1.2055767381E-07  1.0000000000E+00
HessDelSqRho_EigVec2 =  8.7632104496E-01 -4.8172754350E-01  3.0534146037E-07
HessDelSqRho_EigVec3 =  4.8172754350E-01  8.7632104496E-01  3.0542352827E-07
</CP of DelSqRho>
<CP of DelSqRho>
CP# = 5       
Type = (3,+1)
Coords = -2.59212606163253E+00 -7.09936172556768E-03  1.22771639565676E-07
DistFromNuc =  2.3816495128E-01
Rho =  7.8900443063E+00
DelSqRho =  2.8897010534E+02
GradDelSqRho = -7.4606987255E-14 -5.1514348343E-14 -6.5038577822E-17
HessDelSqRho_EigVals = -7.3923582030E+04  1.3871909453E+01  9.0767304063E+01
HessDelSqRho_EigVec1 =  9.9955449223E-01 -2.9846558490E-02  5.1491704787E-07
HessDelSqRho_EigVec2 =  2.9846558490E-02  9.9955449223E-01 -3.2205300235E-07
HessDelSqRho_EigVec3 = -5.0507547456E-07  3.3727802703E-07  1.0000000000E+00
</CP of DelSqRho>
<CP of DelSqRho>
CP# = 6       
Type = (3,-1)
Coords = -3.06795690096627E+00 -5.44350317276032E-03 -5.27875375884456E-08
DistFromNuc =  2.3783402568E-01
Rho =  7.8928488824E+00
DelSqRho =  2.9146067355E+02
GradDelSqRho = -1.2812861883E-11 -1.8829382498E-13  1.7889335846E-18
HessDelSqRho_EigVals = -7.4194113737E+04 -8.6975158357E+01  2.3964804093E+01
HessDelSqRho_EigVec1 =  9.9973674961E-01  2.2944094559E-02  2.2264074553E-07
HessDelSqRho_EigVec2 = -2.2944094559E-02  9.9973674961E-01 -2.5018613297E-07
HessDelSqRho_EigVec3 = -2.2832242956E-07  2.4501198105E-07  1.0000000000E+00
</CP of DelSqRho>
<CP of DelSqRho>
CP# = 7       
Type = (3,+1)
Coords = -2.77406637515443E+00  2.31407898979304E-01  3.59585494226180E-09
DistFromNuc =  2.3811538335E-01
Rho =  7.8935515595E+00
DelSqRho =  2.8907700057E+02
GradDelSqRho =  1.5987211555E-13 -5.7482907323E-12  2.3459424507E-17
HessDelSqRho_EigVals = -7.3921556537E+04  1.6358765388E+01  8.9397379234E+01
HessDelSqRho_EigVec1 =  2.3499169823E-01  9.7199737745E-01  1.4425755863E-08
HessDelSqRho_EigVec2 =  9.7199737745E-01 -2.3499169823E-01  4.3054733395E-07
HessDelSqRho_EigVec3 = -4.2188081233E-07  8.7153252307E-08  1.0000000000E+00
</CP of DelSqRho>
<CP of DelSqRho>
CP# = 8       
Type = (3,-3)
Coords = -2.90621955131503E+00 -3.83453211111127E-03  2.25342871047683E-01
DistFromNuc =  2.3785571053E-01
Rho =  7.8807368415E+00
DelSqRho =  2.9196780758E+02
GradDelSqRho = -8.7752027866E-13 -5.2402526762E-14  5.8975047068E-12
HessDelSqRho_EigVals = -7.4223228876E+04 -9.9386879908E+01 -4.1211012821E+01
HessDelSqRho_EigVec1 = -3.2010618418E-01 -1.6157285827E-02  9.4724388252E-01
HessDelSqRho_EigVec2 = -1.7617685416E-02  9.9978318189E-01  1.1099836881E-02
HessDelSqRho_EigVec3 =  9.4721784612E-01  1.3135118306E-02  3.2032143334E-01
</CP of DelSqRho>
<CP of DelSqRho>
CP# = 9       
Type = (3,-3)
Coords = -2.90621925501541E+00 -3.83464851547788E-03 -2.25342968790982E-01
DistFromNuc =  2.3785571029E-01
Rho =  7.8807368419E+00
DelSqRho =  2.9196780889E+02
GradDelSqRho = -5.4498627833E-12  1.9140244945E-13  7.1054273576E-14
HessDelSqRho_EigVals = -7.4223229097E+04 -9.9386882680E+01 -4.1211080482E+01
HessDelSqRho_EigVec1 =  3.2010493922E-01  1.6157775105E-02  9.4724429488E-01
HessDelSqRho_EigVec2 = -1.7617583619E-02  9.9978317736E-01 -1.1100405942E-02
HessDelSqRho_EigVec3 =  9.4721826874E-01  1.3134860803E-02 -3.2032019418E-01
</CP of DelSqRho>
<CP of DelSqRho>
CP# = 10      
Type = (3,-1)
Coords = -2.68252937576880E+00  1.86869676828568E-01  4.61088373191765E-08
DistFromNuc =  2.3816488442E-01
Rho =  7.8878216901E+00
DelSqRho =  2.8910136134E+02
GradDelSqRho = -3.4106051316E-12 -3.9737102497E-12 -5.6486933186E-17
HessDelSqRho_EigVals = -7.3884238794E+04 -1.0872868702E+01  8.2631734836E+01
HessDelSqRho_EigVec1 =  6.1977467727E-01  7.8477980951E-01  1.9304949658E-07
HessDelSqRho_EigVec2 =  7.8477980951E-01 -6.1977467727E-01  3.9430423500E-07
HessDelSqRho_EigVec3 = -4.2908919187E-07  9.2878432842E-08  1.0000000000E+00
</CP of DelSqRho>
<CP of DelSqRho>
CP# = 11      
Type = (3,+3)
Coords = -1.88234689837181E+00 -1.43249897450697E-02 -2.66233155036652E-09
DistFromNuc =  9.4794652299E-01
Rho =  3.0254756490E-01
DelSqRho = -1.0977544967E+00
GradDelSqRho = -5.3290705182E-15  6.6613381478E-16 -3.5385754284E-17
HessDelSqRho_EigVals =  5.6007276621E+00  6.7166966334E+00  2.7959315272E+01
HessDelSqRho_EigVec1 = -1.9105134981E-08 -2.4803771498E-07  1.0000000000E+00
HessDelSqRho_EigVec2 =  1.7144374136E-02  9.9985302442E-01  2.4832880507E-07
HessDelSqRho_EigVec3 =  9.9985302442E-01 -1.7144374136E-02  1.4849875607E-08
</CP of DelSqRho>
<CP of DelSqRho>
CP# = 12      
Type = (3,-1)
Coords = -3.78542814648234E+00  5.21522767824440E-03  1.53920758528731E-07
DistFromNuc =  9.5525720444E-01
Rho =  2.1674350070E-01
DelSqRho =  5.7875971561E-02
GradDelSqRho =  1.7763568394E-15  4.7184478547E-16  8.3178635420E-19
HessDelSqRho_EigVals = -4.8693508598E+00 -9.9911218047E-01  2.1951636516E+01
HessDelSqRho_EigVec1 =  6.0532317209E-03  9.9998167903E-01 -5.2407203846E-08
HessDelSqRho_EigVec2 =  1.3163914647E-07  5.1611307158E-08  1.0000000000E+00
HessDelSqRho_EigVec3 =  9.9998167903E-01 -6.0532317209E-03 -1.3132431951E-07
</CP of DelSqRho>
<CP of DelSqRho>
CP# = 13      
Type = (3,-1)
Coords = -2.33504473118226E+00  8.10897266302233E-01  1.55278417732317E-07
DistFromNuc =  9.5011496093E-01
Rho =  2.1581137265E-01
DelSqRho = -1.1394693465E-02
GradDelSqRho = -6.6058269965E-15 -8.6597395921E-15 -3.5705615100E-18
HessDelSqRho_EigVals = -4.5705289796E+00 -5.0567401588E-01  2.3764216038E+01
HessDelSqRho_EigVec1 =  8.6143490238E-01 -5.0786800347E-01 -6.9950585437E-08
HessDelSqRho_EigVec2 = -1.2591105698E-08 -1.5909055658E-07  1.0000000000E+00
HessDelSqRho_EigVec3 =  5.0786800347E-01  8.6143490238E-01  1.4344077779E-07
</CP of DelSqRho>
<CP of DelSqRho>
CP# = 14      
Type = (3,-1)
Coords = -2.35136974269693E+00 -8.17152506680505E-01 -4.51865951354338E-07
DistFromNuc =  9.4710212789E-01
Rho =  2.1916865882E-01
DelSqRho = -4.4119526219E-02
GradDelSqRho = -8.3266726847E-16  1.1102230246E-15 -3.1947965188E-18
HessDelSqRho_EigVals = -4.5819379983E+00 -2.5930717637E-01  2.4874228793E+01
HessDelSqRho_EigVec1 =  8.7021566982E-01  4.9267097338E-01  1.0923827348E-07
HessDelSqRho_EigVec2 =  1.1593539724E-07 -4.2650589176E-07  1.0000000000E+00
HessDelSqRho_EigVec3 = -4.9267097338E-01  8.7021566982E-01  4.2827011528E-07
</CP of DelSqRho>
<CP of DelSqRho>
CP# = 15      
Type = (3,-1)
Coords = -2.59842366910649E+00 -5.28116191018925E-02  9.51460828948579E-01
DistFromNuc =  9.8070391726E-01
Rho =  1.7249650684E-01
DelSqRho = -4.2680481649E-02
GradDelSqRho = -4.4408920985E-16 -1.1102230246E-16  0.0000000000E+00
HessDelSqRho_EigVals = -1.0917397434E+00 -3.9214861652E-01  1.5847102320E+01
HessDelSqRho_EigVec1 =  9.6225291283E-01  1.3021456268E-01 -2.3898430787E-01
HessDelSqRho_EigVec2 =  1.1165750832E-01 -9.8969285121E-01 -8.9669733483E-02
HessDelSqRho_EigVec3 =  2.4819736618E-01 -5.9600569894E-02  9.6687426250E-01
</CP of DelSqRho>
<CP of DelSqRho>
CP# = 16      
Type = (3,-1)
Coords = -2.59842352843640E+00 -5.28120351041927E-02 -9.51460754057670E-01
DistFromNuc =  9.8070390025E-01
Rho =  1.7249652565E-01
DelSqRho = -4.2680580518E-02
GradDelSqRho = -2.0816681712E-15 -3.4694469520E-16  7.3274719625E-15
HessDelSqRho_EigVals = -1.0917405081E+00 -3.9214790056E-01  1.5847106414E+01
HessDelSqRho_EigVec1 =  9.6225277838E-01  1.3021559577E-01  2.3898428635E-01
HessDelSqRho_EigVec2 =  1.1165840121E-01 -9.8969269011E-01  8.9670399702E-02
HessDelSqRho_EigVec3 = -2.4819748577E-01  5.9600987923E-02  9.6687420603E-01
</CP of DelSqRho>
<CP of DelSqRho>
CP# = 17      
Type = (3,+1)
Coords = -2.43760879969996E+00  5.03964883382484E-01  7.25001910134672E-01
DistFromNuc =  9.6629425462E-01
Rho =  1.9233272181E-01
DelSqRho = -7.5926690138E-02
GradDelSqRho =  1.0824674490E-15  1.2212453271E-15  1.1102230246E-15
HessDelSqRho_EigVals = -2.3976310080E+00  4.1560258250E-01  1.9477794026E+01
HessDelSqRho_EigVec1 =  8.7483697677E-01 -4.5876519016E-01 -1.5554666301E-01
HessDelSqRho_EigVec2 =  2.4938157338E-01  7.0180428752E-01 -6.6729271904E-01
HessDelSqRho_EigVec3 =  4.1529398615E-01  5.4498187339E-01  7.2837192611E-01
</CP of DelSqRho>
<CP of DelSqRho>
CP# = 18      
Type = (3,+1)
Coords = -2.42475278480100E+00 -5.90837157452889E-01  6.39989105247153E-01
DistFromNuc =  9.6075492570E-01
Rho =  1.9836988274E-01
DelSqRho = -6.9711433932E-02
GradDelSqRho = -3.5860203695E-14  4.9071857688E-14 -3.4527936066E-14
HessDelSqRho_EigVals = -2.8611636435E+00  2.6486707016E-01  2.0921752076E+01
HessDelSqRho_EigVec1 =  8.7916657246E-01  4.5848645007E-01 -1.2983186422E-01
HessDelSqRho_EigVec2 = -2.1074065984E-01  6.1847298578E-01  7.5702017156E-01
HessDelSqRho_EigVec3 = -4.2738099181E-01  6.3818597678E-01 -6.4036251208E-01
</CP of DelSqRho>
<CP of DelSqRho>
CP# = 19      
Type = (3,+1)
Coords = -2.43760884966302E+00  5.03964738486327E-01 -7.25002022637085E-01
DistFromNuc =  9.6629424316E-01
Rho =  1.9233272574E-01
DelSqRho = -7.5926801400E-02
GradDelSqRho =  1.4988010832E-15  0.0000000000E+00 -8.8817841970E-16
HessDelSqRho_EigVals = -2.3976301381E+00  4.1560277115E-01  1.9477796922E+01
HessDelSqRho_EigVec1 =  8.7483702418E-01 -4.5876507341E-01  1.5554674067E-01
HessDelSqRho_EigVec2 =  2.4938153319E-01  7.0180446869E-01  6.6729254352E-01
HessDelSqRho_EigVec3 = -4.1529391041E-01 -5.4498173836E-01  7.2837207033E-01
</CP of DelSqRho>
<CP of DelSqRho>
CP# = 20      
Type = (3,+1)
Coords = -2.42475289105839E+00 -5.90836789435952E-01 -6.39989571660138E-01
DistFromNuc =  9.6075496523E-01
Rho =  1.9836984594E-01
DelSqRho = -6.9711382511E-02
GradDelSqRho = -3.6526337510E-14  4.7295500849E-14  3.5582647939E-14
HessDelSqRho_EigVals = -2.8611615598E+00  2.6486651980E-01  2.0921741037E+01
HessDelSqRho_EigVec1 =  8.7916658820E-01  4.5848638726E-01  1.2983197948E-01
HessDelSqRho_EigVec2 =  2.1074081141E-01 -6.1847344136E-01  7.5701975716E-01
HessDelSqRho_EigVec3 = -4.2738088469E-01  6.3818558040E-01  6.4036297860E-01
</CP of DelSqRho>
<CP of DelSqRho>
CP# = 21      
Type = (3,+1)
Coords = -3.31070550882196E+00 -2.53497059470195E-03  8.34833844897398E-01
DistFromNuc =  9.6325166109E-01
Rho =  1.9586708342E-01
DelSqRho = -1.3260618760E-01
GradDelSqRho = -2.4424906542E-15  0.0000000000E+00  4.2188474936E-15
HessDelSqRho_EigVals = -1.9867645546E+00  8.0034253050E-01  2.0858731807E+01
HessDelSqRho_EigVec1 =  1.4162525034E-02  9.9983333584E-01  1.1520565770E-02
HessDelSqRho_EigVec2 =  8.5241962253E-01 -1.8095444863E-02  5.2254506217E-01
HessDelSqRho_EigVec3 = -5.2266644239E-01 -2.4197988003E-03  8.5253383192E-01
</CP of DelSqRho>
<CP of DelSqRho>
CP# = 22      
Type = (3,+1)
Coords = -3.31070550854145E+00 -2.53504366063585E-03 -8.34833801836285E-01
DistFromNuc =  9.6325162382E-01
Rho =  1.9586710518E-01
DelSqRho = -1.3260636304E-01
GradDelSqRho =  1.1102230246E-15  0.0000000000E+00  2.4424906542E-15
HessDelSqRho_EigVals = -1.9867640755E+00  8.0034297144E-01  2.0858741864E+01
HessDelSqRho_EigVec1 =  1.4162541068E-02  9.9983333465E-01 -1.1520649051E-02
HessDelSqRho_EigVec2 =  8.5241961113E-01 -1.8095502109E-02 -5.2254507879E-01
HessDelSqRho_EigVec3 =  5.2266646056E-01  2.4198610456E-03  8.5253382060E-01
</CP of DelSqRho>
<CP of DelSqRho>
CP# = 23      
Type = (3,+3)
Coords = -3.28360181834265E+00  8.21755296248977E-01  6.56441195500601E-08
DistFromNuc =  9.3854590526E-01
Rho =  3.4220525374E-01
DelSqRho = -1.2681407591E+00
GradDelSqRho =  2.3037127761E-15 -3.9968028887E-15 -2.3070001110E-18
HessDelSqRho_EigVals =  5.0638605874E+00  8.1416963802E+00  3.1197897596E+01
HessDelSqRho_EigVec1 =  6.6926195380E-08  3.9119728398E-08  1.0000000000E+00
HessDelSqRho_EigVec2 =  8.8216178042E-01  4.7094648652E-01 -7.7463030316E-08
HessDelSqRho_EigVec3 = -4.7094648652E-01  8.8216178042E-01 -2.9912726820E-09
</CP of DelSqRho>
<CP of DelSqRho>
CP# = 24      
Type = (3,+3)
Coords = -3.29048297671913E+00 -8.17503602107630E-01  2.17743529274828E-08
DistFromNuc =  9.3818239303E-01
Rho =  3.4034177672E-01
DelSqRho = -1.2607573910E+00
GradDelSqRho =  7.0776717820E-16 -1.1102230246E-15  4.0615229821E-19
HessDelSqRho_EigVals =  5.1020665855E+00  8.0124054335E+00  3.1333776054E+01
HessDelSqRho_EigVec1 =  5.3447107873E-09  2.0286195417E-08  1.0000000000E+00
HessDelSqRho_EigVec2 =  8.7883515214E-01 -4.7712553418E-01  4.9819421070E-09
HessDelSqRho_EigVec3 =  4.7712553418E-01  8.7883515214E-01 -2.0378319625E-08
</CP of DelSqRho>
<CP of DelSqRho>
CP# = 25      
Type = (3,+1)
Coords = -3.03560647281866E+00  3.38939131041728E-01  1.55835838525046E+00
DistFromNuc =  1.6079671948E+00
Rho =  6.5343421694E-02
DelSqRho =  1.0311213781E-01
GradDelSqRho = -5.2041704279E-18 -2.3245294578E-16 -2.6714741530E-16
HessDelSqRho_EigVals = -4.8817070444E-01  3.1210373799E-02  8.6553234487E-02
HessDelSqRho_EigVec1 = -7.9662512279E-03  6.0869073799E-02  9.9811396879E-01
HessDelSqRho_EigVec2 =  3.3118216410E-01  9.4197404253E-01 -5.4802165785E-02
HessDelSqRho_EigVec3 =  9.4353320717E-01 -3.3012097638E-01  2.7662753460E-02
</CP of DelSqRho>
<CP of DelSqRho>
CP# = 26      
Type = (3,+1)
Coords = -3.03560634568757E+00  3.38939509632215E-01 -1.55835846386623E+00
DistFromNuc =  1.6079673346E+00
Rho =  6.5343407366E-02
DelSqRho =  1.0311211094E-01
GradDelSqRho = -2.9490299092E-17  1.2143064332E-16  1.2836953722E-16
HessDelSqRho_EigVals = -4.8817067479E-01  3.1210432147E-02  8.6553169150E-02
HessDelSqRho_EigVec1 =  7.9661840648E-03 -6.0869395126E-02  9.9811394973E-01
HessDelSqRho_EigVec2 =  3.3118223798E-01  9.4197399775E-01  5.4802489050E-02
HessDelSqRho_EigVec3 =  9.4353318180E-01 -3.3012104492E-01 -2.7662800753E-02
</CP of DelSqRho>
<CP of DelSqRho>
CP# = 27      
Type = (3,-3)
Coords = -4.29201177141421E+00  1.29390514721071E-02  6.26214844202819E-08
DistFromNuc =  1.4618838555E+00
Rho =  1.0217134969E-01
DelSqRho =  2.7815947115E-01
GradDelSqRho = -8.3266726847E-16  1.7347234760E-16  2.5146290622E-20
HessDelSqRho_EigVals = -8.5988671115E-01 -4.4407735953E-01 -3.1642812177E-01
HessDelSqRho_EigVec1 =  9.9962871301E-01  2.7247681270E-02 -1.0729818187E-07
HessDelSqRho_EigVec2 = -2.7247681270E-02  9.9962871301E-01 -8.1528524717E-07
HessDelSqRho_EigVec3 =  8.5043710892E-08  8.1790616902E-07  1.0000000000E+00
</CP of DelSqRho>
<CP of DelSqRho>
CP# = 28      
Type = (3,-3)
Coords = -2.20143984117955E+00 -1.42128222362313E+00  6.90998393549195E-08
DistFromNuc =  1.5541440919E+00
Rho =  9.1773727804E-02
DelSqRho =  2.3440679615E-01
GradDelSqRho = -1.1102230246E-16  2.7755575616E-17  1.7728399586E-18
HessDelSqRho_EigVals = -9.5753320237E-01 -1.8940416957E-01 -1.5737368337E-01
HessDelSqRho_EigVec1 =  8.3738580841E-01 -5.4661230124E-01  2.3209361349E-08
HessDelSqRho_EigVec2 =  8.6228392113E-07  1.3634411045E-06  1.0000000000E+00
HessDelSqRho_EigVec3 =  5.4661230124E-01  8.3738580841E-01 -1.6130612299E-06
</CP of DelSqRho>
<CP of DelSqRho>
CP# = 29      
Type = (3,-1)
Coords = -3.39166326373103E+00  1.20163473703773E+00  1.41871441361180E+00
DistFromNuc =  1.9421468196E+00
Rho =  7.2619552932E-02
DelSqRho =  1.2295838774E-01
GradDelSqRho = -1.3270634591E-16 -6.6786853825E-17  1.2490009027E-16
HessDelSqRho_EigVals = -7.9949781624E-01 -1.5462305938E-01  8.9144886264E-02
HessDelSqRho_EigVec1 =  6.8094562493E-02  5.1625811611E-02  9.9634226355E-01
HessDelSqRho_EigVec2 = -4.9567181492E-01  8.6843868725E-01 -1.1121977951E-02
HessDelSqRho_EigVec3 =  8.6583634854E-01  4.9310143183E-01 -8.4725412198E-02
</CP of DelSqRho>
<CP of DelSqRho>
CP# = 30      
Type = (3,-1)
Coords = -3.44497158228607E+00 -1.17245828659208E+00  1.41455498738733E+00
DistFromNuc =  1.9374174998E+00
Rho =  7.2085759790E-02
DelSqRho =  1.2473294666E-01
GradDelSqRho =  2.2800971181E-12 -1.3650400255E-12  1.7325030299E-13
HessDelSqRho_EigVals = -8.0490738028E-01 -1.4876360635E-01  9.0281247519E-02
HessDelSqRho_EigVec1 =  3.3215609069E-02 -3.6836187819E-02  9.9876915180E-01
HessDelSqRho_EigVec2 =  4.9483763990E-01  8.6884563083E-01  1.5587813476E-02
HessDelSqRho_EigVec3 =  8.6835040937E-01 -4.9371081117E-01 -4.7087169059E-02
</CP of DelSqRho>
<CP of DelSqRho>
CP# = 31      
Type = (3,-1)
Coords = -3.39166392653791E+00  1.20163556615829E+00 -1.41871395520005E+00
DistFromNuc =  1.9421471894E+00
Rho =  7.2619557555E-02
DelSqRho =  1.2295840905E-01
GradDelSqRho =  2.9490299092E-17 -1.1275702594E-16  1.1796119637E-16
HessDelSqRho_EigVals = -7.9949793812E-01 -1.5462296683E-01  8.9144915723E-02
HessDelSqRho_EigVec1 = -6.8094342813E-02 -5.1626037556E-02  9.9634226686E-01
HessDelSqRho_EigVec2 = -4.9567190377E-01  8.6843863273E-01  1.1122275246E-02
HessDelSqRho_EigVec3 =  8.6583631495E-01  4.9310150419E-01  8.4725334288E-02
</CP of DelSqRho>
<CP of DelSqRho>
CP# = 32      
Type = (3,-1)
Coords = -3.44497115168755E+00 -1.17245874426319E+00 -1.41455491354921E+00
DistFromNuc =  1.9374175862E+00
Rho =  7.2085763160E-02
DelSqRho =  1.2473294877E-01
GradDelSqRho =  2.2800329333E-12 -1.3650669137E-12 -1.7350704207E-13
HessDelSqRho_EigVals = -8.0490736136E-01 -1.4876361883E-01  9.0281260213E-02
HessDelSqRho_EigVec1 = -3.3215996687E-02  3.6836427539E-02  9.9876913006E-01
HessDelSqRho_EigVec2 =  4.9483745840E-01  8.6884573372E-01 -1.5587840138E-02
HessDelSqRho_EigVec3 =  8.6835049797E-01 -4.9371061220E-01  4.7087621193E-02
</CP of DelSqRho>
<CP of DelSqRho>
CP# = 33      
Type = (3,-1)
Coords = -1.44742447227037E+00 -1.19794436614454E+00  4.81068616431837E-01
DistFromNuc =  1.8916989424E+00
Rho =  6.7814838865E-02
DelSqRho =  1.9512320099E-01
GradDelSqRho =  1.0499240366E-13  1.4393347625E-13 -1.0979758769E-13
HessDelSqRho_EigVals = -1.0070990013E+00 -7.8054855327E-02  1.7820820493E-01
HessDelSqRho_EigVec1 =  3.0074928679E-02  9.3687849185E-01 -3.4835928317E-01
HessDelSqRho_EigVec2 = -5.6427708291E-01  3.0358344646E-01  7.6774244688E-01
HessDelSqRho_EigVec3 =  8.2503749755E-01  1.7348136078E-01  5.3778931292E-01
</CP of DelSqRho>
<CP of DelSqRho>
CP# = 34      
Type = (3,-1)
Coords = -1.44742434820162E+00 -1.19794458980351E+00 -4.81068006498849E-01
DistFromNuc =  1.8916990196E+00
Rho =  6.7814838897E-02
DelSqRho =  1.9512320978E-01
GradDelSqRho =  1.0493515779E-13  1.4413470417E-13  1.0998840727E-13
HessDelSqRho_EigVals = -1.0070991460E+00 -7.8054840163E-02  1.7820830973E-01
HessDelSqRho_EigVec1 =  3.0074954962E-02  9.3687864245E-01  3.4835887589E-01
HessDelSqRho_EigVec2 =  5.6427640322E-01 -3.0358326967E-01  7.6774301634E-01
HessDelSqRho_EigVec3 =  8.2503796146E-01  1.7348085688E-01 -5.3778876378E-01
</CP of DelSqRho>
<CP of DelSqRho>
CP# = 35      
Type = (3,-3)
Coords = -2.15823968361503E+00  1.36103864304550E+00  8.51317803619828E-08
DistFromNuc =  1.5178725032E+00
Rho =  9.4593724546E-02
DelSqRho =  2.4518745846E-01
GradDelSqRho = -4.7479381537E-13  4.2647725629E-12  4.3362792943E-19
HessDelSqRho_EigVals = -9.1888230205E-01 -2.6197056456E-01 -2.2635277032E-01
HessDelSqRho_EigVec1 =  8.1691214463E-01  5.7676212423E-01 -2.6192459480E-08
HessDelSqRho_EigVec2 = -5.5618607344E-07  8.3318164865E-07  1.0000000000E+00
HessDelSqRho_EigVec3 = -5.7676212423E-01  8.1691214463E-01 -1.0014232687E-06
</CP of DelSqRho>
<CP of DelSqRho>
CP# = 36      
Type = (3,-1)
Coords = -4.58577913433585E+00 -4.99456987318363E-01 -2.70922996951094E-07
DistFromNuc =  1.8252581791E+00
Rho =  7.9731723937E-02
DelSqRho =  2.5986184401E-01
GradDelSqRho =  9.7144514655E-17  8.3266726847E-17 -2.3912798892E-19
HessDelSqRho_EigVals = -1.0810089141E+00 -2.1598218558E-01  1.6396361834E-01
HessDelSqRho_EigVec1 =  8.5946363906E-01 -5.1119688294E-01  2.0384428246E-07
HessDelSqRho_EigVec2 = -3.7490472130E-07 -2.3155988926E-07  1.0000000000E+00
HessDelSqRho_EigVec3 =  5.1119688294E-01  8.5946363906E-01  3.9066743001E-07
</CP of DelSqRho>
<Path of -GradDelSqRho>
Starting CP# =      2
Ending CP# =     24
Number of Points =     16
 -3.4897285977E+00 -1.1443955919E+00  3.1759172889E-08  3.1744425807E-01 -9.3352031279E-01
 -3.4770559364E+00 -1.1228455651E+00  3.1278530785E-08  3.1762634244E-01 -9.3544243285E-01
 -3.4643831281E+00 -1.1012956247E+00  3.0782896551E-08  3.1801980842E-01 -9.4121867748E-01
 -3.4517095417E+00 -1.0797461420E+00  3.0272345041E-08  3.1862269225E-01 -9.5087034214E-01
 -3.4390343078E+00 -1.0581976282E+00  2.9747265742E-08  3.1943158264E-01 -9.6441865868E-01
 -3.4263562586E+00 -1.0366507708E+00  2.9208250677E-08  3.2044157970E-01 -9.8186719801E-01
 -3.4136738324E+00 -1.0151064893E+00  2.8655986970E-08  3.2164625370E-01 -1.0031748930E+00
 -3.4009849198E+00 -9.9356602758E-01  2.8091151491E-08  3.2303762111E-01 -1.0282176233E+00
 -3.3882866070E+00 -9.7203110624E-01  2.7514300603E-08  3.2460616362E-01 -1.0567356746E+00
 -3.3755747291E+00 -9.5050418983E-01  2.6925739401E-08  3.2634092589E-01 -1.0882637670E+00
 -3.3628430435E+00 -9.2898898315E-01  2.6325334780E-08  3.2822974088E-01 -1.1220397961E+00
 -3.3500815637E+00 -9.0749143723E-01  2.5712185189E-08  3.3025964731E-01 -1.1568879929E+00
 -3.3372727720E+00 -8.8602205329E-01  2.5083902526E-08  3.3241758279E-01 -1.1910720047E+00
 -3.3243813133E+00 -8.6460222879E-01  2.4434655616E-08  3.3469145014E-01 -1.2221135890E+00
 -3.3113158088E+00 -8.4328827567E-01  2.3747744693E-08  3.3707159664E-01 -1.2465738531E+00
 -3.2904829767E+00 -8.1750360211E-01  2.1774352927E-08  3.4034177672E-01 -1.2607573910E+00
</Path of -GradDelSqRho>
<Path of -GradDelSqRho>
Starting CP# =      2
Ending CP# =      0
Number of Points =    400
 -3.4897285977E+00 -1.1443955919E+00  3.1759172889E-08  3.1744425807E-01 -9.3352031279E-01
 -3.5024015304E+00 -1.1659454591E+00  3.2225588901E-08  3.1747410076E-01 -9.3544061169E-01
 -3.5150749924E+00 -1.1874950150E+00  3.2678251633E-08  3.1771500923E-01 -9.4120375440E-01
 -3.5277490719E+00 -1.2090442078E+00  3.3118774033E-08  3.1816470762E-01 -9.5081796419E-01
 -3.5404236866E+00 -1.2305930858E+00  3.3549666094E-08  3.1881948104E-01 -9.6428771263E-01
 -3.5530985699E+00 -1.2521418058E+00  3.3974585438E-08  3.1967414204E-01 -9.8159401362E-01
 -3.5657732392E+00 -1.2736906516E+00  3.4398703390E-08  3.2072200062E-01 -1.0026650160E+00
 -3.5784469358E+00 -1.2952400696E+00  3.4829281212E-08  3.2195485735E-01 -1.0273347253E+00
 -3.5911185175E+00 -1.3167907312E+00  3.5276636285E-08  3.2336304728E-01 -1.0552870550E+00
 -3.6037862612E+00 -1.3383436490E+00  3.5755867520E-08  3.2493557291E-01 -1.0859817990E+00
 -3.6164474811E+00 -1.3599003998E+00  3.6290173463E-08  3.2666037827E-01 -1.1185585691E+00
 -3.6290977223E+00 -1.3814635948E+00  3.6917889056E-08  3.2852483273E-01 -1.1517143275E+00
 -3.6417288127E+00 -1.4030380121E+00  3.7709649164E-08  3.3051651360E-01 -1.1835499261E+00
 -3.6543230296E+00 -1.4246339699E+00  3.8820507450E-08  3.3262439605E-01 -1.2113811666E+00
 -3.6668270035E+00 -1.4462822528E+00  4.0728379470E-08  3.3484053761E-01 -1.2315105026E+00
 -3.6771503585E+00 -1.4680801553E+00  6.0680006004E-08  3.3706547683E-01 -1.2389849066E+00
 -3.6776784045E+00 -1.4679401715E+00  5.8889242973E-08  3.3708100949E-01 -1.2389844689E+00
 -3.6776784045E+00 -1.4679401715E+00  5.8889223384E-08  3.3708100949E-01 -1.2389844689E+00
 -3.6776784045E+00 -1.4679401715E+00  5.8889223384E-08  3.3708100949E-01 -1.2389844689E+00
 -3.6776784045E+00 -1.4679401715E+00  5.8889223384E-08  3.3708100949E-01 -1.2389844689E+00
 -3.6776784045E+00 -1.4679401715E+00  5.8889223384E-08  3.3708100949E-01 -1.2389844689E+00
 -3.6776784045E+00 -1.4679401715E+00  5.8889223384E-08  3.3708100949E-01 -1.2389844689E+00
 -3.6776784045E+00 -1.4679401715E+00  5.8889223384E-08  3.3708100949E-01 -1.2389844689E+00
 -3.6776784045E+00 -1.4679401715E+00  5.8889223384E-08  3.3708100949E-01 -1.2389844689E+00
 -3.6776784045E+00 -1.4679401715E+00  5.8889223384E-08  3.3708100949E-01 -1.2389844689E+00
 -3.6776784045E+00 -1.4679401715E+00  5.8889223384E-08  3.3708100949E-01 -1.2389844689E+00
 -3.6776784045E+00 -1.4679401715E+00  5.8889223384E-08  3.3708100949E-01 -1.2389844689E+00
 -3.6776784045E+00 -1.4679401715E+00  5.8889223384E-08  3.3708100949E-01 -1.2389844689E+00
 -3.6776784045E+00 -1.4679401715E+00  5.8889223384E-08  3.3708100949E-01 -1.2389844689E+00
 -3.6776784045E+00 -1.4679401715E+00  5.8889223384E-08  3.3708100949E-01 -1.2389844689E+00
 -3.6776784045E+00 -1.4679401715E+00  5.8889223384E-08  3.3708100949E-01 -1.2389844689E+00
 -3.6776784045E+00 -1.4679401715E+00  5.8889223384E-08  3.3708100949E-01 -1.2389844689E+00
 -3.6776784045E+00 -1.4679401715E+00  5.8889223384E-08  3.3708100949E-01 -1.2389844689E+00
 -3.6776784045E+00 -1.4679401715E+00  5.8889223384E-08  3.3708100949E-01 -1.2389844689E+00
 -3.6776784045E+00 -1.4679401715E+00  5.8889223384E-08  3.3708100949E-01 -1.2389844689E+00
 -3.6776784045E+00 -1.4679401715E+00  5.8889223384E-08  3.3708100949E-01 -1.2389844689E+00
 -3.6776784045E+00 -1.4679401715E+00  5.8889223384E-08  3.3708100949E-01 -1.2389844689E+00
 -3.6776784045E+00 -1.4679401715E+00  5.8889223384E-08  3.3708100949E-01 -1.2389844689E+00
 -3.6776784045E+00 -1.4679401715E+00  5.8889223384E-08  3.3708100949E-01 -1.2389844689E+00
 -3.6776784045E+00 -1.4679401715E+00  5.8889223384E-08  3.3708100949E-01 -1.2389844689E+00
 -3.6776784045E+00 -1.4679401715E+00  5.8889223384E-08  3.3708100949E-01 -1.2389844689E+00
 -3.6776784045E+00 -1.4679401715E+00  5.8889223384E-08  3.3708100949E-01 -1.2389844689E+00
 -3.6776784045E+00 -1.4679401715E+00  5.8889223384E-08  3.3708100949E-01 -1.2389844689E+00
 -3.6776784045E+00 -1.4679401715E+00  5.8889223384E-08  3.3708100949E-01 -1.2389844689E+00
 -3.6776784045E+00 -1.4679401715E+00  5.8889223384E-08  3.3708100949E-01 -1.2389844689E+00
 -3.6776784045E+00 -1.4679401715E+00  5.8889223384E-08  3.3708100949E-01 -1.2389844689E+00
 -3.6776784045E+00 -1.4679401715E+00  5.8889223384E-08  3.3708100949E-01 -1.2389844689E+00
 -3.6776784045E+00 -1.4679401715E+00  5.8889223384E-08  3.3708100949E-01 -1.2389844689E+00
 -3.6776784045E+00 -1.4679401715E+00  5.8889223384E-08  3.3708100949E-01 -1.2389844689E+00
 -3.6776784045E+00 -1.4679401715E+00  5.8889223384E-08  3.3708100949E-01 -1.2389844689E+00
 -3.6776784045E+00 -1.4679401715E+00  5.8889223384E-08  3.3708100949E-01 -1.2389844689E+00
 -3.6776784045E+00 -1.4679401715E+00  5.8889223384E-08  3.3708100949E-01 -1.2389844689E+00
 -3.6776784045E+00 -1.4679401715E+00  5.8889223384E-08  3.3708100949E-01 -1.2389844689E+00
 -3.6776784045E+00 -1.4679401715E+00  5.8889223384E-08  3.3708100949E-01 -1.2389844689E+00
 -3.6776784045E+00 -1.4679401715E+00  5.8889223384E-08  3.3708100949E-01 -1.2389844689E+00
 -3.6776784045E+00 -1.4679401715E+00  5.8889223384E-08  3.3708100949E-01 -1.2389844689E+00
 -3.6776784045E+00 -1.4679401715E+00  5.8889223384E-08  3.3708100949E-01 -1.2389844689E+00
 -3.6776784045E+00 -1.4679401715E+00  5.8889223384E-08  3.3708100949E-01 -1.2389844689E+00
 -3.6776784045E+00 -1.4679401715E+00  5.8889223384E-08  3.3708100949E-01 -1.2389844689E+00
 -3.6776784045E+00 -1.4679401715E+00  5.8889223384E-08  3.3708100949E-01 -1.2389844689E+00
 -3.6776784045E+00 -1.4679401715E+00  5.8889223384E-08  3.3708100949E-01 -1.2389844689E+00
 -3.6776784045E+00 -1.4679401715E+00  5.8889223384E-08  3.3708100949E-01 -1.2389844689E+00
 -3.6776784045E+00 -1.4679401715E+00  5.8889223384E-08  3.3708100949E-01 -1.2389844689E+00
 -3.6776784045E+00 -1.4679401715E+00  5.8889223384E-08  3.3708100949E-01 -1.2389844689E+00
 -3.6776784045E+00 -1.4679401715E+00  5.8889223384E-08  3.3708100949E-01 -1.2389844689E+00
 -3.6776784045E+00 -1.4679401715E+00  5.8889223384E-08  3.3708100949E-01 -1.2389844689E+00
 -3.6776784045E+00 -1.4679401715E+00  5.8889223384E-08  3.3708100949E-01 -1.2389844689E+00
 -3.6776784045E+00 -1.4679401715E+00  5.8889223384E-08  3.3708100949E-01 -1.2389844689E+00
 -3.6776784045E+00 -1.4679401715E+00  5.8889223384E-08  3.3708100949E-01 -1.2389844689E+00
 -3.6776784045E+00 -1.4679401715E+00  5.8889223384E-08  3.3708100949E-01 -1.2389844689E+00
 -3.6776784045E+00 -1.4679401715E+00  5.8889223384E-08  3.3708100949E-01 -1.2389844689E+00
 -3.6776784045E+00 -1.4679401715E+00  5.8889223384E-08  3.3708100949E-01 -1.2389844689E+00
 -3.6776784045E+00 -1.4679401715E+00  5.8889223384E-08  3.3708100949E-01 -1.2389844689E+00
 -3.6776784045E+00 -1.4679401715E+00  5.8889223384E-08  3.3708100949E-01 -1.2389844689E+00
 -3.6776784045E+00 -1.4679401715E+00  5.8889223384E-08  3.3708100949E-01 -1.2389844689E+00
 -3.6776784045E+00 -1.4679401715E+00  5.8889223384E-08  3.3708100949E-01 -1.2389844689E+00
 -3.6776784045E+00 -1.4679401715E+00  5.8889223384E-08  3.3708100949E-01 -1.2389844689E+00
 -3.6776784045E+00 -1.4679401715E+00  5.8889223384E-08  3.3708100949E-01 -1.2389844689E+00
 -3.6776784045E+00 -1.4679401715E+00  5.8889223384E-08  3.3708100949E-01 -1.2389844689E+00
 -3.6776784045E+00 -1.4679401715E+00  5.8889223384E-08  3.3708100949E-01 -1.2389844689E+00
 -3.6776784045E+00 -1.4679401715E+00  5.8889223384E-08  3.3708100949E-01 -1.2389844689E+00
 -3.6776784045E+00 -1.4679401715E+00  5.8889223384E-08  3.3708100949E-01 -1.2389844689E+00
 -3.6776784045E+00 -1.4679401715E+00  5.8889223384E-08  3.3708100949E-01 -1.2389844689E+00
 -3.6776784045E+00 -1.4679401715E+00  5.8889223384E-08  3.3708100949E-01 -1.2389844689E+00
 -3.6776784045E+00 -1.4679401715E+00  5.8889223384E-08  3.3708100949E-01 -1.2389844689E+00
 -3.6776784045E+00 -1.4679401715E+00  5.8889223384E-08  3.3708100949E-01 -1.2389844689E+00
 -3.6776784045E+00 -1.4679401715E+00  5.8889223384E-08  3.3708100949E-01 -1.2389844689E+00
 -3.6776784045E+00 -1.4679401715E+00  5.8889223384E-08  3.3708100949E-01 -1.2389844689E+00
 -3.6776784045E+00 -1.4679401715E+00  5.8889223384E-08  3.3708100949E-01 -1.2389844689E+00
 -3.6776784045E+00 -1.4679401715E+00  5.8889223384E-08  3.3708100949E-01 -1.2389844689E+00
 -3.6776784045E+00 -1.4679401715E+00  5.8889223384E-08  3.3708100949E-01 -1.2389844689E+00
 -3.6776784045E+00 -1.4679401715E+00  5.8889223384E-08  3.3708100949E-01 -1.2389844689E+00
 -3.6776784045E+00 -1.4679401715E+00  5.8889223384E-08  3.3708100949E-01 -1.2389844689E+00
 -3.6776784045E+00 -1.4679401715E+00  5.8889223384E-08  3.3708100949E-01 -1.2389844689E+00
 -3.6776784045E+00 -1.4679401715E+00  5.8889223384E-08  3.3708100949E-01 -1.2389844689E+00
 -3.6776784045E+00 -1.4679401715E+00  5.8889223384E-08  3.3708100949E-01 -1.2389844689E+00
 -3.6776784045E+00 -1.4679401715E+00  5.8889223384E-08  3.3708100949E-01 -1.2389844689E+00
 -3.6776784045E+00 -1.4679401715E+00  5.8889223384E-08  3.3708100949E-01 -1.2389844689E+00
 -3.6776784045E+00 -1.4679401715E+00  5.8889223384E-08  3.3708100949E-01 -1.2389844689E+00
 -3.6776784045E+00 -1.4679401715E+00  5.8889223384E-08  3.3708100949E-01 -1.2389844689E+00
 -3.6776784045E+00 -1.4679401715E+00  5.8889223384E-08  3.3708100949E-01 -1.2389844689E+00
 -3.6776784045E+00 -1.4679401715E+00  5.8889223384E-08  3.3708100949E-01 -1.2389844689E+00
 -3.6776784045E+00 -1.4679401715E+00  5.8889223384E-08  3.3708100949E-01 -1.2389844689E+00
 -3.6776784045E+00 -1.4679401715E+00  5.8889223384E-08  3.3708100949E-01 -1.2389844689E+00
 -3.6776784045E+00 -1.4679401715E+00  5.8889223384E-08  3.3708100949E-01 -1.2389844689E+00
 -3.6776784045E+00 -1.4679401715E+00  5.8889223384E-08  3.3708100949E-01 -1.2389844689E+00
 -3.6776784045E+00 -1.4679401715E+00  5.8889223384E-08  3.3708100949E-01 -1.2389844689E+00
 -3.6776784045E+00 -1.4679401715E+00  5.8889223384E-08  3.3708100949E-01 -1.2389844689E+00
 -3.6776784045E+00 -1.4679401715E+00  5.8889223384E-08  3.3708100949E-01 -1.2389844689E+00
 -3.6776784045E+00 -1.4679401715E+00  5.8889223384E-08  3.3708100949E-01 -1.2389844689E+00
 -3.6776784045E+00 -1.4679401715E+00  5.8889223384E-08  3.3708100949E-01 -1.2389844689E+00
 -3.6776784045E+00 -1.4679401715E+00  5.8889223384E-08  3.3708100949E-01 -1.2389844689E+00
 -3.6776784045E+00 -1.4679401715E+00  5.8889223384E-08  3.3708100949E-01 -1.2389844689E+00
 -3.6776784045E+00 -1.4679401715E+00  5.8889223384E-08  3.3708100949E-01 -1.2389844689E+00
 -3.6776784045E+00 -1.4679401715E+00  5.8889223384E-08  3.3708100949E-01 -1.2389844689E+00
 -3.6776784045E+00 -1.4679401715E+00  5.8889223384E-08  3.3708100949E-01 -1.2389844689E+00
 -3.6776784045E+00 -1.4679401715E+00  5.8889223384E-08  3.3708100949E-01 -1.2389844689E+00
 -3.6776784045E+00 -1.4679401715E+00  5.8889223384E-08  3.3708100949E-01 -1.2389844689E+00
 -3.6776784045E+00 -1.4679401715E+00  5.8889223384E-08  3.3708100949E-01 -1.2389844689E+00
 -3.6776784045E+00 -1.4679401715E+00  5.8889223384E-08  3.3708100949E-01 -1.2389844689E+00
 -3.6776784045E+00 -1.4679401715E+00  5.8889223384E-08  3.3708100949E-01 -1.2389844689E+00
 -3.6776784045E+00 -1.4679401715E+00  5.8889223384E-08  3.3708100949E-01 -1.2389844689E+00
 -3.6776784045E+00 -1.4679401715E+00  5.8889223384E-08  3.3708100949E-01 -1.2389844689E+00
 -3.6776784045E+00 -1.4679401715E+00  5.8889223384E-08  3.3708100949E-01 -1.2389844689E+00
 -3.6776784045E+00 -1.4679401715E+00  5.8889223384E-08  3.3708100949E-01 -1.2389844689E+00
 -3.6776784045E+00 -1.4679401715E+00  5.8889223384E-08  3.3708100949E-01 -1.2389844689E+00
 -3.6776784045E+00 -1.4679401715E+00  5.8889223384E-08  3.3708100949E-01 -1.2389844689E+00
 -3.6776784045E+00 -1.4679401715E+00  5.8889223384E-08  3.3708100949E-01 -1.2389844689E+00
 -3.6776784045E+00 -1.4679401715E+00  5.8889223384E-08  3.3708100949E-01 -1.2389844689E+00
 -3.6776784045E+00 -1.4679401715E+00  5.8889223384E-08  3.3708100949E-01 -1.2389844689E+00
 -3.6776784045E+00 -1.4679401715E+00  5.8889223384E-08  3.3708100949E-01 -1.2389844689E+00
 -3.6776784045E+00 -1.4679401715E+00  5.8889223384E-08  3.3708100949E-01 -1.2389844689E+00
 -3.6776784045E+00 -1.4679401715E+00  5.8889223384E-08  3.3708100949E-01 -1.2389844689E+00
 -3.6776784045E+00 -1.4679401715E+00  5.8889223384E-08  3.3708100949E-01 -1.2389844689E+00
 -3.6776784045E+00 -1.4679401715E+00  5.8889223384E-08  3.3708100949E-01 -1.2389844689E+00
 -3.6776784045E+00 -1.4679401715E+00  5.8889223384E-08  3.3708100949E-01 -1.2389844689E+00
 -3.6776784045E+00 -1.4679401715E+00  5.8889223384E-08  3.3708100949E-01 -1.2389844689E+00
 -3.6776784045E+00 -1.4679401715E+00  5.8889223384E-08  3.3708100949E-01 -1.2389844689E+00
 -3.6776784045E+00 -1.4679401715E+00  5.8889223384E-08  3.3708100949E-01 -1.2389844689E+00
 -3.6776784045E+00 -1.4679401715E+00  5.8889223384E-08  3.3708100949E-01 -1.2389844689E+00
 -3.6776784045E+00 -1.4679401715E+00  5.8889223384E-08  3.3708100949E-01 -1.2389844689E+00
 -3.6776784045E+00 -1.4679401715E+00  5.8889223384E-08  3.3708100949E-01 -1.2389844689E+00
 -3.6776784045E+00 -1.4679401715E+00  5.8889223384E-08  3.3708100949E-01 -1.2389844689E+00
 -3.6776784045E+00 -1.4679401715E+00  5.8889223384E-08  3.3708100949E-01 -1.2389844689E+00
 -3.6776784045E+00 -1.4679401715E+00  5.8889223384E-08  3.3708100949E-01 -1.2389844689E+00
 -3.6776784045E+00 -1.4679401715E+00  5.8889223384E-08  3.3708100949E-01 -1.2389844689E+00
 -3.6776784045E+00 -1.4679401715E+00  5.8889223384E-08  3.3708100949E-01 -1.2389844689E+00
 -3.6776784045E+00 -1.4679401715E+00  5.8889223384E-08  3.3708100949E-01 -1.2389844689E+00
 -3.6776784045E+00 -1.4679401715E+00  5.8889223384E-08  3.3708100949E-01 -1.2389844689E+00
 -3.6776784045E+00 -1.4679401715E+00  5.8889223384E-08  3.3708100949E-01 -1.2389844689E+00
 -3.6776784045E+00 -1.4679401715E+00  5.8889223384E-08  3.3708100949E-01 -1.2389844689E+00
 -3.6776784045E+00 -1.4679401715E+00  5.8889223384E-08  3.3708100949E-01 -1.2389844689E+00
