 AIMInt (Version 19.10.12, Professional)
 Portions Copyright (c) 1997-2019 by Todd A. Keith
 AIMInt is a component of the AIMAll package ( http://aim.tkgristmill.com )

 TP:  64-bit Mac OS X

 AIMInt is a heavily modified and extended version of the PROAIMV program
 developed by members of R.F.W. Bader's research group

 Much of the Quantum Theory of Atoms in Molecules (QTAIM) is described in the book:
   "Atoms in Molecules - A Quantum Theory"
   R.F.W. Bader, Oxford University Press, Oxford, 1990

 For additional references see:  http://aim.tkgristmill.com/references.html

 Current Directory:  /Users/chemlab/Documents/SubstituentCoding/New Reorientation Test

 Inp File:  SubC6H5_CF2H-ReorPosY-B3LYP-def2-TZVPPD-Field_atomicfiles/f4.inp
 Wfx File:  SubC6H5_CF2H-ReorPosY-B3LYP-def2-TZVPPD-Field.wfx
 Out File:  SubC6H5_CF2H-ReorPosY-B3LYP-def2-TZVPPD-Field_atomicfiles/f4.int

 Wfx Title:   SubC6H5_CF2H-ReorPosY-B3LYP-def2-TZVPPD-Field.chk                             
 Job Title:   SubC6H5_CF2H-ReorPosY-B3LYP-def2-TZVPPD-Field.chk                             
 
<Atom>
F4      
</Atom>
<Nuclei of Molecule>
    15
C1         6.0           0.0000000000E+00   0.0000000000E+00   0.0000000000E+00
C2         6.0          -2.8301851784E+00   0.0000000000E+00   0.0000000000E+00
H3         1.0           8.1164226432E-01   1.8946779837E+00   0.0000000000E+00
F4         9.0           9.3270337028E-01  -1.2536154179E+00   2.0739128106E+00
F5         9.0           9.3270467079E-01  -1.2536160689E+00  -2.0739103715E+00
C6         6.0          -4.1617202403E+00  -2.2753159313E+00   1.4361918547E-08
C7         6.0          -4.1351613681E+00   2.2807743107E+00   4.2216481623E-07
C8         6.0          -6.7824858549E+00  -2.2545809791E+00  -1.3369812331E-06
H9         1.0          -3.1422414206E+00  -4.0467829336E+00   6.6745126720E-07
C10        6.0          -6.7642167018E+00   2.2990517139E+00  -8.5699079749E-07
H11        1.0          -3.1006367074E+00   4.0466448713E+00  -7.9481880799E-07
C12        6.0          -8.0868290871E+00   3.2179479480E-02  -1.8099796821E-06
H13        1.0          -7.8132251627E+00  -4.0199599399E+00  -1.8931276316E-06
H14        1.0          -7.7718281599E+00   4.0775333856E+00  -1.7472407748E-06
H15        1.0          -1.0131388284E+01   4.1577766854E-02  -2.0344791457E-06
</Nuclei of Molecule>
<Total Number of CPs of DelSqRho>
    27
</Total Number of CPs of DelSqRho>
<Number of (3,+3) CPs of DelSqRho>
     4
</Number of (3,+3) CPs of DelSqRho>
<Number of (3,+1) CPs of DelSqRho>
     8
</Number of (3,+1) CPs of DelSqRho>
<Number of (3,-1) CPs of DelSqRho>
     9
</Number of (3,-1) CPs of DelSqRho>
<Number of (3,-3) CPs of DelSqRho>
     6
</Number of (3,-3) CPs of DelSqRho>
<Number of Degenerate CPs of DelSqRho>
     0
</Number of Degenerate CPs of DelSqRho>
<CP of DelSqRho>
CP# = 1       
Type = (3,+3)
Coords =  9.32703278149673E-01 -1.25361529696057E+00  2.07391261242100E+00
DistFromNuc =  2.4976126772E-07
Rho =  4.3514637151E+02
DelSqRho = -8.3851504640E+06
GradDelSqRho = -2.1081588784E-05 -4.8659370805E-05  6.2809995143E-05
HessDelSqRho_EigVals =  7.5043228061E+11  7.5043228460E+11  7.5043235438E+11
HessDelSqRho_EigVec1 =  8.6996520648E-01  4.8174342626E-01 -1.0527967882E-01
HessDelSqRho_EigVec2 = -3.3249218836E-01  7.3073408210E-01  5.9621862260E-01
HessDelSqRho_EigVec3 =  3.6415585151E-01 -4.8368478632E-01  7.9588915264E-01
</CP of DelSqRho>
<CP of DelSqRho>
CP# = 2       
Type = (3,+3)
Coords =  3.51610650902068E-01 -4.94471075172973E-01  7.57200739070037E-01
DistFromNuc =  1.6271753319E+00
Rho =  2.5903135858E-01
DelSqRho = -5.1372347410E-01
GradDelSqRho = -1.3322676296E-15  2.8865798640E-15 -2.3314683517E-15
HessDelSqRho_EigVals =  4.4522835651E+00  4.8500740489E+00  2.6663829350E+01
HessDelSqRho_EigVec1 =  7.7102249616E-01  6.3379433081E-01  6.1879371717E-02
HessDelSqRho_EigVec2 = -5.2395547616E-01  5.7615538932E-01  6.2730823872E-01
HessDelSqRho_EigVec3 =  3.6193227187E-01 -5.1609079975E-01  7.7630877684E-01
</CP of DelSqRho>
<CP of DelSqRho>
CP# = 3       
Type = (3,-1)
Coords =  6.97132421265886E-01 -9.29534761996066E-01  1.61800018638384E+00
DistFromNuc =  6.0694173069E-01
Rho =  1.1512082418E+00
DelSqRho = -3.6962306996E+00
GradDelSqRho = -1.3322676296E-14  4.6185277824E-14 -7.4606987255E-14
HessDelSqRho_EigVals = -1.1113363131E+01 -1.0798337976E+01  6.8405771923E+02
HessDelSqRho_EigVec1 = -6.1823051628E-01  4.4222479206E-01  6.4979093717E-01
HessDelSqRho_EigVec2 =  6.8098617941E-01  7.1418373337E-01  1.6186234413E-01
HessDelSqRho_EigVec3 =  3.9249057594E-01 -5.4256688829E-01  7.4267914978E-01
</CP of DelSqRho>
<CP of DelSqRho>
CP# = 4       
Type = (3,-1)
Coords =  9.70480276723726E-01 -1.33704595768611E+00  1.94889017788758E+00
DistFromNuc =  1.5497873506E-01
Rho =  2.9684249434E+01
DelSqRho =  2.4691739717E+03
GradDelSqRho =  7.2759576142E-12  5.8317795038E-12 -7.8443918028E-12
HessDelSqRho_EigVals = -1.6109664467E+06 -4.2630595017E+02  5.6374524426E+03
HessDelSqRho_EigVec1 = -2.4500329014E-01  5.4015458477E-01  8.0511267061E-01
HessDelSqRho_EigVec2 =  8.5718235891E-01  5.0869284204E-01 -8.0436285573E-02
HessDelSqRho_EigVec3 = -4.5300308101E-01  6.7042122356E-01 -5.8764240112E-01
</CP of DelSqRho>
<CP of DelSqRho>
CP# = 5       
Type = (3,+3)
Coords =  5.11151117285760E-01 -1.59342462127443E+00  2.18601191135313E+00
DistFromNuc =  5.5294014604E-01
Rho =  1.5693032854E+00
DelSqRho = -1.0489393006E+01
GradDelSqRho = -1.5504042494E-11 -1.2036593944E-11  4.2490455598E-12
HessDelSqRho_EigVals =  3.2054654876E+00  5.1032546848E+01  1.7813747494E+03
HessDelSqRho_EigVec1 = -3.8962320438E-01  6.8657652189E-01  6.1384561430E-01
HessDelSqRho_EigVec2 = -5.1622831387E-01  3.8915884150E-01 -7.6293100870E-01
HessDelSqRho_EigVec3 =  7.6269396652E-01  6.1414011078E-01 -2.0280492540E-01
</CP of DelSqRho>
<CP of DelSqRho>
CP# = 6       
Type = (3,+1)
Coords =  1.04830362246679E+00 -1.16283825618273E+00  2.02476585934060E+00
DistFromNuc =  1.5498172218E-01
Rho =  2.9700686695E+01
DelSqRho =  2.4647857435E+03
GradDelSqRho =  2.5011104299E-11 -4.6327386372E-12  3.2116531656E-11
HessDelSqRho_EigVals = -1.6103601863E+06  4.2377959438E+02  6.0886696524E+03
HessDelSqRho_EigVec1 =  7.4749868786E-01  5.8477852015E-01 -3.1508696263E-01
HessDelSqRho_EigVec2 = -3.1823219913E-01  7.3162114974E-01  6.0287541059E-01
HessDelSqRho_EigVec3 =  5.8307287630E-01 -3.5037776132E-01  7.3298120391E-01
</CP of DelSqRho>
<CP of DelSqRho>
CP# = 7       
Type = (3,-3)
Coords =  8.75989470342123E-01 -1.17696898887900E+00  1.95151635151879E+00
DistFromNuc =  1.5515165071E-01
Rho =  2.9450010845E+01
DelSqRho =  2.5067691412E+03
GradDelSqRho = -3.7516656448E-11  4.4167336455E-11 -5.6616045185E-11
HessDelSqRho_EigVals = -1.6091022882E+06 -4.7437980592E+03 -4.3220362190E+03
HessDelSqRho_EigVec1 =  3.6552815521E-01 -4.9403503517E-01  7.8887169538E-01
HessDelSqRho_EigVec2 =  8.6591361354E-01  4.9137732422E-01 -9.3498337568E-02
HessDelSqRho_EigVec3 = -3.4144220834E-01  7.1727101521E-01  6.0740390935E-01
</CP of DelSqRho>
<CP of DelSqRho>
CP# = 8       
Type = (3,-1)
Coords =  1.14278579242603E+00 -1.53632718797795E+00  2.53142268230480E+00
DistFromNuc =  5.7738709006E-01
Rho =  1.2949336484E+00
DelSqRho = -4.9898680396E+00
GradDelSqRho =  1.2967404928E-13 -1.2789769244E-13  1.6586731988E-13
HessDelSqRho_EigVals = -3.8828124334E+01 -3.5720254727E+01  1.1307090752E+03
HessDelSqRho_EigVec1 =  8.5672230328E-01  5.0980733736E-01 -7.8251989339E-02
HessDelSqRho_EigVec2 = -3.6572490426E-01  7.0742801692E-01  6.0480649408E-01
HessDelSqRho_EigVec3 =  3.6369243800E-01 -4.8953251134E-01  7.9251859971E-01
</CP of DelSqRho>
<CP of DelSqRho>
CP# = 9       
Type = (3,+1)
Coords =  1.17498661628584E+00 -1.68765089209658E+00  1.82725876576584E+00
DistFromNuc =  5.5491096764E-01
Rho =  1.5427293913E+00
DelSqRho = -9.9340677553E+00
GradDelSqRho =  1.4210854715E-14 -1.1368683772E-13 -5.2402526762E-14
HessDelSqRho_EigVals = -4.2915032324E+00  4.5332805250E+01  1.7213237625E+03
HessDelSqRho_EigVec1 =  8.5296420415E-01  5.1704081530E-01 -7.1560196726E-02
HessDelSqRho_EigVec2 =  2.8585155792E-01 -3.4799646403E-01  8.9285348622E-01
HessDelSqRho_EigVec3 = -4.3673899903E-01  7.8202765702E-01  4.4462544955E-01
</CP of DelSqRho>
<CP of DelSqRho>
CP# = 10      
Type = (3,+3)
Coords =  1.44438520006194E+00 -1.04503047628385E+00  2.09402908863934E+00
DistFromNuc =  5.5292914323E-01
Rho =  1.5693806700E+00
DelSqRho = -1.0500310257E+01
GradDelSqRho = -1.2789769244E-13 -1.2079226508E-13  1.1102230246E-14
HessDelSqRho_EigVals =  3.6252354518E+00  5.0897898825E+01  1.7816156416E+03
HessDelSqRho_EigVec1 = -3.2024216804E-01  7.2622153964E-01  6.0831507393E-01
HessDelSqRho_EigVec2 =  2.0318362129E-01 -5.7453554737E-01  7.9285895394E-01
HessDelSqRho_EigVec3 =  9.2528988422E-01  3.7750652997E-01  3.6434187021E-02
</CP of DelSqRho>
<CP of DelSqRho>
CP# = 11      
Type = (3,-3)
Coords =  9.89081976693988E-01 -1.32897873774132E+00  2.19576976214212E+00
DistFromNuc =  1.5397173079E-01
Rho =  2.9645335972E+01
DelSqRho =  2.5926742989E+03
GradDelSqRho = -1.3699263945E-11  8.5833562480E-12  1.7280399334E-11
HessDelSqRho_EigVals = -1.6603225295E+06 -8.6091881468E+03 -8.1612679225E+03
HessDelSqRho_EigVec1 =  3.6617027079E-01 -4.8944830158E-01  7.9142889312E-01
HessDelSqRho_EigVec2 =  8.6373057174E-01  4.9523205214E-01 -9.3352632408E-02
HessDelSqRho_EigVec3 = -3.4624966748E-01  7.1776428903E-01  6.0409071600E-01
</CP of DelSqRho>
<CP of DelSqRho>
CP# = 12      
Type = (3,+1)
Coords =  7.89937397987387E-01 -1.31018711459934E+00  2.05296960782213E+00
DistFromNuc =  1.5498741064E-01
Rho =  2.9700376023E+01
DelSqRho =  2.4644179233E+03
GradDelSqRho = -1.3500311979E-12  1.4892975742E-11 -2.2595258997E-12
HessDelSqRho_EigVals = -1.6101493285E+06  4.3614843963E+02  6.1077202013E+03
HessDelSqRho_EigVec1 =  9.2079964774E-01  3.6667027861E-01  1.3296960368E-01
HessDelSqRho_EigVec2 = -3.6793982522E-01  7.0348114130E-01  6.0805803082E-01
HessDelSqRho_EigVec3 =  1.2941519902E-01 -6.0882443333E-01  7.8267778533E-01
</CP of DelSqRho>
<CP of DelSqRho>
CP# = 13      
Type = (3,+1)
Coords =  7.88694373743483E-01 -9.07537787807319E-01  2.48275021996643E+00
DistFromNuc =  5.5466777843E-01
Rho =  1.5471025307E+00
DelSqRho = -1.0060097964E+01
GradDelSqRho =  1.5347723092E-12 -3.9435121835E-12 -4.8672177400E-12
HessDelSqRho_EigVals = -2.4669776425E+00  4.7156054429E+01  1.7298135464E+03
HessDelSqRho_EigVec1 =  8.7154731683E-01  4.8011161547E-01 -9.9489251759E-02
HessDelSqRho_EigVec2 = -4.1616868413E-01  6.1708026471E-01 -6.6784397374E-01
HessDelSqRho_EigVec3 = -2.5924679530E-01  6.2346193436E-01  7.3762206822E-01
</CP of DelSqRho>
<CP of DelSqRho>
CP# = 14      
Type = (3,-3)
Coords = -1.57105120149689E-01 -1.24151837568156E+00  1.95110120101899E+00
DistFromNuc =  1.0967732563E+00
Rho =  3.3346639843E-01
DelSqRho =  1.1972241163E+00
GradDelSqRho =  1.2212453271E-15 -6.1062266354E-16  8.4654505628E-16
HessDelSqRho_EigVals = -1.5669034492E+01 -8.2670739930E-01 -1.6902816025E-01
HessDelSqRho_EigVec1 =  9.9380333948E-01 -1.4143005099E-02  1.1024925325E-01
HessDelSqRho_EigVec2 = -9.9396766579E-02 -5.5703436704E-01  8.2451985830E-01
HessDelSqRho_EigVec3 = -4.9751434440E-02  8.3036900794E-01  5.5498838315E-01
</CP of DelSqRho>
<CP of DelSqRho>
CP# = 15      
Type = (3,-3)
Coords =  1.33491120967883E+00 -2.55374784240672E-01  1.86138537693590E+00
DistFromNuc =  1.0970065719E+00
Rho =  3.3293460285E-01
DelSqRho =  1.1931610309E+00
GradDelSqRho =  8.6042284408E-16  1.1102230246E-15 -3.8857805862E-16
HessDelSqRho_EigVals = -1.5591204753E+01 -8.3566326882E-01 -1.4635585467E-01
HessDelSqRho_EigVec1 =  3.6433972822E-01  9.1147009173E-01 -1.9099433061E-01
HessDelSqRho_EigVec2 =  6.0969301979E-01 -7.8432715940E-02  7.8874757096E-01
HessDelSqRho_EigVec3 =  7.0393961677E-01 -4.0381998583E-01 -5.8429310708E-01
</CP of DelSqRho>
<CP of DelSqRho>
CP# = 16      
Type = (3,-3)
Coords =  1.30813616966691E+00 -1.76226141600163E+00  2.90911573630801E+00
DistFromNuc =  1.0474896016E+00
Rho =  3.4317778445E-01
DelSqRho =  1.3024789139E+00
GradDelSqRho = -3.1696867353E-14  5.6066262744E-14 -5.8841820305E-14
HessDelSqRho_EigVals = -1.6193560997E+01 -4.7123367653E-01 -4.2411415089E-01
HessDelSqRho_EigVec1 =  3.5895478600E-01 -4.8660692492E-01  7.9647044027E-01
HessDelSqRho_EigVec2 =  8.5198751742E-01  5.1929475338E-01 -6.6710038730E-02
HessDelSqRho_EigVec3 = -3.8114135405E-01  7.0252876078E-01  6.0098636299E-01
</CP of DelSqRho>
<CP of DelSqRho>
CP# = 17      
Type = (3,+1)
Coords =  5.34395219512070E-01 -7.26314534934402E-01  1.17050459631286E+00
DistFromNuc =  1.1193042508E+00
Rho =  4.0978679125E-01
DelSqRho =  6.5976661152E-02
GradDelSqRho = -2.7894353494E-15  2.1302404285E-15 -6.6613381478E-16
HessDelSqRho_EigVals = -9.4373119257E+00  6.6532361445E+00  6.9278683195E+00
HessDelSqRho_EigVec1 =  3.5820120122E-01 -4.7464872646E-01  8.0399035188E-01
HessDelSqRho_EigVec2 = -3.9328959570E-01  7.0429230971E-01  5.9101238261E-01
HessDelSqRho_EigVec3 =  8.4676749664E-01  5.2790238583E-01 -6.5603945617E-02
</CP of DelSqRho>
<CP of DelSqRho>
CP# = 18      
Type = (3,-1)
Coords =  4.02637356508982E-03 -1.45957449460494E+00  2.64356786357269E+00
DistFromNuc =  1.1087682287E+00
Rho =  3.2542832079E-01
DelSqRho =  1.1551548623E+00
GradDelSqRho =  1.0119682869E-13  3.2279734441E-14 -5.6510351953E-14
HessDelSqRho_EigVals = -1.7505460731E+01 -5.0209092944E-02  2.4668128782E-01
HessDelSqRho_EigVec1 =  8.3793610615E-01  1.8310226777E-01 -5.1413679265E-01
HessDelSqRho_EigVec2 =  5.8075576396E-02  9.0677902453E-01  4.1758715029E-01
HessDelSqRho_EigVec3 =  5.4266961352E-01 -3.7977014127E-01  7.4918911521E-01
</CP of DelSqRho>
<CP of DelSqRho>
CP# = 19      
Type = (3,-3)
Coords =  1.26832073248253E+00 -1.68763238367345E+00  1.12357958321326E+00
DistFromNuc =  1.0973344902E+00
Rho =  3.3196923989E-01
DelSqRho =  1.1877910043E+00
GradDelSqRho = -7.0221606308E-15  5.8286708793E-15  9.4785290727E-15
HessDelSqRho_EigVals = -1.5894615109E+01 -5.8723026943E-01 -1.2793661398E-01
HessDelSqRho_EigVec1 = -3.0615262947E-01  3.9744064255E-01  8.6505000036E-01
HessDelSqRho_EigVec2 = -5.3895985760E-01  6.7667077433E-01 -5.0163625772E-01
HessDelSqRho_EigVec3 =  7.8472469017E-01  6.1980448435E-01 -7.0400152660E-03
</CP of DelSqRho>
<CP of DelSqRho>
CP# = 20      
Type = (3,-1)
Coords =  3.71884806443772E-01 -1.88623255291296E+00  1.36772462450657E+00
DistFromNuc =  1.1015551077E+00
Rho =  3.3072293583E-01
DelSqRho =  1.1609124141E+00
GradDelSqRho =  3.3306690739E-16 -4.1078251911E-15 -3.4416913763E-15
HessDelSqRho_EigVals = -1.5719383135E+01 -5.8650109024E-01  1.4308166304E-01
HessDelSqRho_EigVec1 =  5.0756947780E-01  5.7265798848E-01  6.4376708011E-01
HessDelSqRho_EigVec2 =  9.7824581204E-02 -7.8063710754E-01  6.1728118199E-01
HessDelSqRho_EigVec3 =  8.5603947135E-01 -2.5033684220E-01 -4.5224759692E-01
</CP of DelSqRho>
<CP of DelSqRho>
CP# = 21      
Type = (3,-1)
Coords =  1.54186201161932E+00 -4.47229166451249E-01  2.53090732100059E+00
DistFromNuc =  1.1091334543E+00
Rho =  3.2495417534E-01
DelSqRho =  1.1528601196E+00
GradDelSqRho = -1.0480505352E-13 -2.0716761640E-13 -1.2656542481E-13
HessDelSqRho_EigVals = -1.7446441952E+01 -4.3517697544E-02  2.3961971042E-01
HessDelSqRho_EigVec1 =  5.4612702206E-01  7.2976983059E-01  4.1131650848E-01
HessDelSqRho_EigVec2 = -8.1025432159E-01  3.3551382297E-01  4.8053970588E-01
HessDelSqRho_EigVec3 =  2.1268100554E-01 -5.9570669709E-01  7.7453232400E-01
</CP of DelSqRho>
<CP of DelSqRho>
CP# = 22      
Type = (3,+1)
Coords =  2.00675866767889E+00 -1.05232737523719E+00  1.87183612125954E+00
DistFromNuc =  1.1112815333E+00
Rho =  3.2439113496E-01
DelSqRho =  1.1427739964E+00
GradDelSqRho = -1.4988010832E-15 -1.4016565686E-15 -9.5756735874E-16
HessDelSqRho_EigVals = -1.7347762127E+01  5.6038310667E-02  2.2291710447E-01
HessDelSqRho_EigVec1 =  9.6548269991E-01  1.8168775025E-01 -1.8663525281E-01
HessDelSqRho_EigVec2 = -3.0465789121E-02  7.9039481940E-01  6.1183973813E-01
HessDelSqRho_EigVec3 =  2.5867932247E-01 -5.8503469203E-01  7.6864778491E-01
</CP of DelSqRho>
<CP of DelSqRho>
CP# = 23      
Type = (3,-1)
Coords =  1.68272290539473E+00 -9.46434279426234E-01  1.32836733379206E+00
DistFromNuc =  1.1012391261E+00
Rho =  3.3063719981E-01
DelSqRho =  1.1674339803E+00
GradDelSqRho =  7.2164496601E-16  1.5612511284E-15 -8.3266726847E-16
HessDelSqRho_EigVals = -1.5739600369E+01 -6.4374569678E-01  1.2323715970E-01
HessDelSqRho_EigVec1 =  6.7887005062E-01  2.7860049392E-01 -6.7935058634E-01
HessDelSqRho_EigVec2 =  7.3138975614E-01 -3.3828371954E-01  5.9214284570E-01
HessDelSqRho_EigVec3 =  6.4841953930E-02  8.9885810331E-01  4.3341623312E-01
</CP of DelSqRho>
<CP of DelSqRho>
CP# = 24      
Type = (3,-1)
Coords =  1.49507943831015E+00 -2.06401365424980E+00  1.57673110393440E+00
DistFromNuc =  1.1046274453E+00
Rho =  3.2640743498E-01
DelSqRho =  1.1639462040E+00
GradDelSqRho = -1.1435297154E-14  1.5654144647E-14  9.8254737679E-15
HessDelSqRho_EigVals = -1.7382068829E+01 -7.3148920198E-02  2.1006935001E-01
HessDelSqRho_EigVec1 = -5.0804348705E-01  7.3359148547E-01  4.5137052153E-01
HessDelSqRho_EigVec2 =  8.2141500041E-01  5.7032601116E-01 -2.3744674418E-03
HessDelSqRho_EigVec3 = -2.5917023820E-01  3.6955618441E-01 -8.9233346580E-01
</CP of DelSqRho>
<CP of DelSqRho>
CP# = 25      
Type = (3,+1)
Coords =  4.95027686173921E-01 -4.86992778616456E-01  2.74273996851618E+00
DistFromNuc =  1.1075197708E+00
Rho =  3.2603692593E-01
DelSqRho =  1.1393646644E+00
GradDelSqRho = -2.9004576518E-15  8.7430063189E-16 -1.6306400674E-15
HessDelSqRho_EigVals = -1.6977860431E+01  6.7473978853E-02  1.9676022159E-01
HessDelSqRho_EigVec1 = -3.9928541115E-01  6.9776342709E-01  5.9472460875E-01
HessDelSqRho_EigVec2 =  8.5106712658E-01  5.2332542541E-01 -4.2605694115E-02
HessDelSqRho_EigVec3 =  3.4096320402E-01 -4.8913873179E-01  8.0279972258E-01
</CP of DelSqRho>
<CP of DelSqRho>
CP# = 26      
Type = (3,+1)
Coords =  3.71780346031156E-01 -2.19449308923725E+00  1.89047934872453E+00
DistFromNuc =  1.1106454279E+00
Rho =  3.2507280007E-01
DelSqRho =  1.1405289554E+00
GradDelSqRho =  4.2188474936E-15  1.8873791419E-15 -1.0130785100E-15
HessDelSqRho_EigVals = -1.7271243976E+01  6.5532686874E-02  2.2313023427E-01
HessDelSqRho_EigVec1 =  5.0523495237E-01  8.4585519544E-01  1.7107492879E-01
HessDelSqRho_EigVec2 =  6.8512013400E-01 -2.7260704747E-01 -6.7549670588E-01
HessDelSqRho_EigVec3 =  5.2473616693E-01 -4.5849142416E-01  7.1724303349E-01
</CP of DelSqRho>
<CP of DelSqRho>
CP# = 27      
Type = (3,-1)
Coords =  3.53770482893040E-01 -3.46289179806061E-01  2.29728856382404E+00
DistFromNuc =  1.0992274185E+00
Rho =  3.3090895744E-01
DelSqRho =  1.1525238829E+00
GradDelSqRho =  2.6645352591E-14 -1.6320278462E-14 -9.9364960704E-15
HessDelSqRho_EigVals = -1.5468776414E+01 -5.1632046949E-01  1.5732463706E-01
HessDelSqRho_EigVec1 = -5.2750592660E-01  8.2635888071E-01  1.9715095148E-01
HessDelSqRho_EigVec2 = -1.5560156205E-01  1.3416010766E-01 -9.7866706259E-01
HessDelSqRho_EigVec3 =  8.3518001131E-01  5.4692967169E-01 -5.7812480753E-02
</CP of DelSqRho>
<Path of -GradDelSqRho>
Starting CP# =      6
Ending CP# =     10
Number of Points =     26
  1.0483036225E+00 -1.1628382562E+00  2.0247658593E+00  2.9700686695E+01  2.4647857435E+03
  1.0669980652E+00 -1.1482229515E+00  2.0168975297E+00  1.9721628356E+01  2.1366132750E+03
  1.0857149836E+00 -1.1336210846E+00  2.0090577435E+00  1.3347616772E+01  1.6126545582E+03
  1.1044647139E+00 -1.1190389518E+00  2.0012597506E+00  9.2657469322E+00  1.1649958183E+03
  1.1232519865E+00 -1.1044795756E+00  1.9935097455E+00  6.6494388943E+00  8.1603462657E+02
  1.1420790555E+00 -1.0899445408E+00  1.9858107974E+00  4.9723925757E+00  5.5212333787E+02
  1.1609514159E+00 -1.0754374901E+00  1.9781701908E+00  3.8938960219E+00  3.6159435225E+02
  1.1798790072E+00 -1.0609649699E+00  1.9706010772E+00  3.1936217529E+00  2.3060873560E+02
  1.1988749304E+00 -1.0465357888E+00  1.9631209599E+00  2.7308694206E+00  1.4351739214E+02
  1.2179542043E+00 -1.0321604080E+00  1.9557502381E+00  2.4167445457E+00  8.6433532313E+01
  1.2371341857E+00 -1.0178514272E+00  1.9485129668E+00  2.1952346869E+00  4.9122720618E+01
  1.2564382979E+00 -1.0036264346E+00  1.9414422164E+00  2.0309456217E+00  2.4831457875E+01
  1.2759045772E+00 -9.8951482042E-01  1.9345926763E+00  1.9014907865E+00  9.2845592327E+00
  1.2956030342E+00 -9.7557303763E-01  1.9280678501E+00  1.7928496513E+00 -2.7304156615E-01
  1.3156790980E+00 -9.6192801265E-01  1.9220942024E+00  1.6965373784E+00 -5.7122514712E+00
  1.3365052945E+00 -9.4896593608E-01  1.9173244039E+00  1.6081109911E+00 -8.3718792423E+00
  1.3592148253E+00 -9.3936859497E-01  1.9175423540E+00  1.5319262447E+00 -9.2686945977E+00
  1.3755656152E+00 -9.4617495049E-01  1.9340852120E+00  1.5239697247E+00 -9.5217891371E+00
  1.3873616507E+00 -9.5709803001E-01  1.9532272566E+00  1.5343384093E+00 -9.7395559873E+00
  1.3982735713E+00 -9.6855561647E-01  1.9725810766E+00  1.5436305030E+00 -9.9336746515E+00
  1.4083279294E+00 -9.8049950578E-01  1.9921046585E+00  1.5515817037E+00 -1.0101913669E+01
  1.4175082277E+00 -9.9290862986E-01  2.0117681426E+00  1.5581239111E+00 -1.0242349899E+01
  1.4257980299E+00 -1.0057597353E+00  2.0315430004E+00  1.5632044474E+00 -1.0353406898E+01
  1.4331799670E+00 -1.0190245643E+00  2.0514042136E+00  1.5667861551E+00 -1.0433882350E+01
  1.4396305319E+00 -1.0326578135E+00  2.0713401156E+00  1.5688480153E+00 -1.0482968319E+01
  1.4443852001E+00 -1.0450304763E+00  2.0940290886E+00  1.5693806700E+00 -1.0500310257E+01
</Path of -GradDelSqRho>
<Path of -GradDelSqRho>
Starting CP# =      6
Ending CP# =      1
Number of Points =      7
  1.0483036225E+00 -1.1628382562E+00  2.0247658593E+00  2.9700686695E+01  2.4647857435E+03
  1.0296198859E+00 -1.1774599405E+00  2.0326477578E+00  4.5314151859E+01  1.7502017496E+03
  1.0109410185E+00 -1.1920845236E+00  2.0405358165E+00  6.9638643848E+01 -1.4269819114E+03
  9.9227886473E-01 -1.2067190140E+00  2.0484450234E+00  1.0772787192E+02 -1.3206584681E+04
  9.7363655654E-01 -1.2213652251E+00  2.0563793036E+00  1.6740948678E+02 -5.4156418209E+04
  9.5501309524E-01 -1.2360225154E+00  2.0643373434E+00  2.6131111507E+02 -2.3392057909E+05
  9.3270327815E-01 -1.2536152970E+00  2.0739126124E+00  4.3514637151E+02 -8.3851504640E+06
</Path of -GradDelSqRho>
<Path of -GradDelSqRho>
Starting CP# =      9
Ending CP# =      0
Number of Points =     69
  1.1749866163E+00 -1.6876508921E+00  1.8272587658E+00  1.5427293913E+00 -9.9340677553E+00
  1.1769916944E+00 -1.6858900968E+00  1.8273049562E+00  1.5445233522E+00 -9.9338528112E+00
  1.1772319095E+00 -1.6857423475E+00  1.8272854202E+00  1.5445255549E+00 -9.9338556921E+00
  1.1774979815E+00 -1.6855786381E+00  1.8272641971E+00  1.5445282148E+00 -9.9338592306E+00
  1.1777925796E+00 -1.6853971565E+00  1.8272409403E+00  1.5445314294E+00 -9.9338635770E+00
  1.1781186845E+00 -1.6851959473E+00  1.8272154042E+00  1.5445353120E+00 -9.9338689162E+00
  1.1784795883E+00 -1.6849728636E+00  1.8271873684E+00  1.5445399952E+00 -9.9338754751E+00
  1.1788789122E+00 -1.6847255368E+00  1.8271566128E+00  1.5445456338E+00 -9.9338835330E+00
  1.1793206314E+00 -1.6844513513E+00  1.8271229105E+00  1.5445524060E+00 -9.9338934334E+00
  1.1798091023E+00 -1.6841474206E+00  1.8270860262E+00  1.5445605140E+00 -9.9339055990E+00
  1.1803490934E+00 -1.6838105609E+00  1.8270457164E+00  1.5445701825E+00 -9.9339205502E+00
  1.1809458184E+00 -1.6834372640E+00  1.8270017316E+00  1.5445816551E+00 -9.9339389279E+00
  1.1816049728E+00 -1.6830236661E+00  1.8269538176E+00  1.5445951862E+00 -9.9339615226E+00
  1.1823327770E+00 -1.6825655136E+00  1.8269017178E+00  1.5446110281E+00 -9.9339893091E+00
  1.1831360270E+00 -1.6820581224E+00  1.8268451761E+00  1.5446294116E+00 -9.9340234919E+00
  1.1840221577E+00 -1.6814963289E+00  1.8267839384E+00  1.5446505194E+00 -9.9340655597E+00
  1.1849993213E+00 -1.6808744297E+00  1.8267177563E+00  1.5446744520E+00 -9.9341173550E+00
  1.1860764843E+00 -1.6801861067E+00  1.8266463899E+00  1.5447011874E+00 -9.9341811588E+00
  1.1872635451E+00 -1.6794243334E+00  1.8265696134E+00  1.5447305391E+00 -9.9342597959E+00
  1.1885714674E+00 -1.6785812610E+00  1.8264872252E+00  1.5447621202E+00 -9.9343567600E+00
  1.1900124231E+00 -1.6776480840E+00  1.8263990647E+00  1.5447953256E+00 -9.9344763625E+00
  1.1915999264E+00 -1.6766148868E+00  1.8263050411E+00  1.5448293512E+00 -9.9346239009E+00
  1.1933489425E+00 -1.6754704753E+00  1.8262051798E+00  1.5448632676E+00 -9.9348058465E+00
  1.1952759541E+00 -1.6742021973E+00  1.8260996890E+00  1.5448961656E+00 -9.9350300472E+00
  1.1973989837E+00 -1.6727957500E+00  1.8259890493E+00  1.5449273675E+00 -9.9353059524E+00
  1.1997375902E+00 -1.6712349727E+00  1.8258741211E+00  1.5449566674E+00 -9.9356448811E+00
  1.2023128744E+00 -1.6695016209E+00  1.8257562626E+00  1.5449845225E+00 -9.9360603713E+00
  1.2051475223E+00 -1.6675751263E+00  1.8256374463E+00  1.5450121000E+00 -9.9365686640E+00
  1.2082658860E+00 -1.6654323507E+00  1.8255203750E+00  1.5450411308E+00 -9.9371893521E+00
  1.2116940665E+00 -1.6630473324E+00  1.8254086087E+00  1.5450736215E+00 -9.9379461931E+00
  1.2154599477E+00 -1.6603910043E+00  1.8253067292E+00  1.5451115778E+00 -9.9388680468E+00
  1.2195931411E+00 -1.6574308540E+00  1.8252205665E+00  1.5451568892E+00 -9.9399899017E+00
  1.2241248207E+00 -1.6541305228E+00  1.8251574999E+00  1.5452114080E+00 -9.9413539916E+00
  1.2290874353E+00 -1.6504493723E+00  1.8251268243E+00  1.5452771248E+00 -9.9430110371E+00
  1.2345142768E+00 -1.6463420629E+00  1.8251401748E+00  1.5453563285E+00 -9.9450216357E+00
  1.2404388658E+00 -1.6417581797E+00  1.8252120075E+00  1.5454517129E+00 -9.9474577779E+00
  1.2468941057E+00 -1.6366419414E+00  1.8253601371E+00  1.5455664482E+00 -9.9504044216E+00
  1.2539111456E+00 -1.6309320433E+00  1.8256063279E+00  1.5457042402E+00 -9.9539610047E+00
  1.2615178942E+00 -1.6245617090E+00  1.8259769201E+00  1.5458693772E+00 -9.9582427207E+00
  1.2697371293E+00 -1.6174590579E+00  1.8265034579E+00  1.5460667611E+00 -9.9633812979E+00
  1.2785841617E+00 -1.6095479163E+00  1.8272232652E+00  1.5463019067E+00 -9.9695249199E+00
  1.2880640387E+00 -1.6007492354E+00  1.8281798856E+00  1.5465808956E+00 -9.9768368095E+00
  1.2981683278E+00 -1.5909832913E+00  1.8294232719E+00  1.5469102615E+00 -9.9854918892E+00
  1.3088715963E+00 -1.5801728477E+00  1.8310095731E+00  1.5472967865E+00 -9.9956708625E+00
  1.3201278167E+00 -1.5682474262E+00  1.8330003403E+00  1.5477471867E+00 -1.0007551086E+01
  1.3318670615E+00 -1.5551487444E+00  1.8354609515E+00  1.5482676761E+00 -1.0021293799E+01
  1.3439929995E+00 -1.5408372321E+00  1.8384580803E+00  1.5488634172E+00 -1.0037027704E+01
  1.3563818209E+00 -1.5252993051E+00  1.8420560965E+00  1.5495379054E+00 -1.0054829646E+01
  1.3688832633E+00 -1.5085547901E+00  1.8463124247E+00  1.5502923988E+00 -1.0074704098E+01
  1.3813243143E+00 -1.4906635600E+00  1.8512721043E+00  1.5511256189E+00 -1.0096564324E+01
  1.3935159561E+00 -1.4717300221E+00  1.8569621128E+00  1.5520341405E+00 -1.0120219206E+01
  1.4052631933E+00 -1.4519032182E+00  1.8633865864E+00  1.5530140852E+00 -1.0145371045E+01
  1.4163791367E+00 -1.4313679993E+00  1.8705252646E+00  1.5540640465E+00 -1.0171632267E+01
  1.4267042192E+00 -1.4103206249E+00  1.8783389062E+00  1.5551855984E+00 -1.0198570064E+01
  1.4361242794E+00 -1.3889333347E+00  1.8867821911E+00  1.5563777178E+00 -1.0225768845E+01
  1.4445664782E+00 -1.3673410042E+00  1.8958129434E+00  1.5576423819E+00 -1.0252859114E+01
  1.4519535755E+00 -1.3457072741E+00  1.9053700371E+00  1.5590315979E+00 -1.0279438686E+01
  1.4581653960E+00 -1.3244978783E+00  1.9152331106E+00  1.5605266039E+00 -1.0304771965E+01
  1.4632420105E+00 -1.3041431164E+00  1.9251435677E+00  1.5618440419E+00 -1.0328285600E+01
  1.4672762555E+00 -1.2846729220E+00  1.9350367658E+00  1.5630351739E+00 -1.0349911753E+01
  1.4703566184E+00 -1.2661798732E+00  1.9448131007E+00  1.5641166933E+00 -1.0369556634E+01
  1.4725851176E+00 -1.2487387818E+00  1.9543772815E+00  1.5650894399E+00 -1.0387192320E+01
  1.4740701472E+00 -1.2323918987E+00  1.9636498323E+00  1.5659561725E+00 -1.0402860066E+01
  1.4749203145E+00 -1.2171519633E+00  1.9725684765E+00  1.5667219831E+00 -1.0416654339E+01
  1.4752396737E+00 -1.2030073359E+00  1.9810876198E+00  1.5673937361E+00 -1.0428705898E+01
  1.4751244690E+00 -1.1899275169E+00  1.9891768259E+00  1.5679793909E+00 -1.0439166674E+01
  1.4746612300E+00 -1.1778683355E+00  1.9968187724E+00  1.5684873992E+00 -1.0448197524E+01
  1.4739259492E+00 -1.1667764637E+00  2.0040070261E+00  1.5689262358E+00 -1.0455959055E+01
  1.4736623680E+00 -1.1636288295E+00  2.0060751803E+00  1.5690456310E+00 -1.0458063272E+01
</Path of -GradDelSqRho>
<Path of -GradDelSqRho>
Starting CP# =      9
Ending CP# =      0
Number of Points =     70
  1.1749866163E+00 -1.6876508921E+00  1.8272587658E+00  1.5427293913E+00 -9.9340677553E+00
  1.1725267160E+00 -1.6885965539E+00  1.8276795783E+00  1.5445197730E+00 -9.9338527446E+00
  1.1722847688E+00 -1.6887410778E+00  1.8277004927E+00  1.5445215587E+00 -9.9338556240E+00
  1.1720168022E+00 -1.6889010882E+00  1.8277240721E+00  1.5445237562E+00 -9.9338591600E+00
  1.1717199689E+00 -1.6890781169E+00  1.8277504325E+00  1.5445264577E+00 -9.9338635026E+00
  1.1713911682E+00 -1.6892738955E+00  1.8277798384E+00  1.5445297709E+00 -9.9338688358E+00
  1.1710269939E+00 -1.6894903376E+00  1.8278126310E+00  1.5445338222E+00 -9.9338753860E+00
  1.1706236974E+00 -1.6897295426E+00  1.8278492083E+00  1.5445387592E+00 -9.9338834311E+00
  1.1701771544E+00 -1.6899938054E+00  1.8278900225E+00  1.5445447522E+00 -9.9338933130E+00
  1.1696828309E+00 -1.6902856297E+00  1.8279355836E+00  1.5445519946E+00 -9.9339054521E+00
  1.1691357477E+00 -1.6906077420E+00  1.8279864655E+00  1.5445607014E+00 -9.9339203655E+00
  1.1685304424E+00 -1.6909631072E+00  1.8280433131E+00  1.5445711053E+00 -9.9339386899E+00
  1.1678609270E+00 -1.6913549465E+00  1.8281068515E+00  1.5445834487E+00 -9.9339612094E+00
  1.1671206401E+00 -1.6917867574E+00  1.8281778948E+00  1.5445979709E+00 -9.9339888907E+00
  1.1663023898E+00 -1.6922623387E+00  1.8282573585E+00  1.5446148888E+00 -9.9340229264E+00
  1.1653982854E+00 -1.6927858222E+00  1.8283462718E+00  1.5446343704E+00 -9.9340647893E+00
  1.1643996521E+00 -1.6933617112E+00  1.8284457946E+00  1.5446565010E+00 -9.9341162996E+00
  1.1632969248E+00 -1.6939949295E+00  1.8285572374E+00  1.5446812436E+00 -9.9341797080E+00
  1.1620795190E+00 -1.6946908777E+00  1.8286820874E+00  1.5447083973E+00 -9.9342577972E+00
  1.1607356767E+00 -1.6954554948E+00  1.8288220418E+00  1.5447375615E+00 -9.9343540035E+00
  1.1592522936E+00 -1.6962953162E+00  1.8289790507E+00  1.5447681192E+00 -9.9344725597E+00
  1.1576147357E+00 -1.6972175154E+00  1.8291553712E+00  1.5447992538E+00 -9.9346186572E+00
  1.1558066583E+00 -1.6982299146E+00  1.8293536367E+00  1.5448300220E+00 -9.9347986244E+00
  1.1538098384E+00 -1.6993409517E+00  1.8295769405E+00  1.5448594940E+00 -9.9350201184E+00
  1.1516040216E+00 -1.7005596011E+00  1.8298289373E+00  1.5448869589E+00 -9.9352923360E+00
  1.1491667727E+00 -1.7018952625E+00  1.8301139588E+00  1.5449121599E+00 -9.9356262608E+00
  1.1464733132E+00 -1.7033576476E+00  1.8304371409E+00  1.5449354816E+00 -9.9360349855E+00
  1.1434963328E+00 -1.7049566899E+00  1.8308045546E+00  1.5449580022E+00 -9.9365341541E+00
  1.1402057849E+00 -1.7067024850E+00  1.8312233389E+00  1.5449813565E+00 -9.9371425567E+00
  1.1365686802E+00 -1.7086052295E+00  1.8317018435E+00  1.5450074586E+00 -9.9378828705E+00
  1.1325488909E+00 -1.7106751048E+00  1.8322497982E+00  1.5450382266E+00 -9.9387825081E+00
  1.1281069596E+00 -1.7129220585E+00  1.8328785331E+00  1.5450754583E+00 -9.9398745320E+00
  1.1231999228E+00 -1.7153554603E+00  1.8336012551E+00  1.5451208954E+00 -9.9411986284E+00
  1.1177811757E+00 -1.7179836387E+00  1.8344333706E+00  1.5451763879E+00 -9.9428021648E+00
  1.1118004242E+00 -1.7208133033E+00  1.8353928400E+00  1.5452440508E+00 -9.9447413473E+00
  1.1052037701E+00 -1.7238488423E+00  1.8365005522E+00  1.5453263669E+00 -9.9470824526E+00
  1.0979339752E+00 -1.7270914742E+00  1.8377807111E+00  1.5454262556E+00 -9.9499030638E+00
  1.0899309679E+00 -1.7305382341E+00  1.8392612191E+00  1.5455471245E+00 -9.9532931971E+00
  1.0811326630E+00 -1.7341807877E+00  1.8409740301E+00  1.5456929132E+00 -9.9573561597E+00
  1.0714761883E+00 -1.7380040819E+00  1.8429554304E+00  1.5458681202E+00 -9.9622089188E+00
  1.0608996118E+00 -1.7419848649E+00  1.8452461877E+00  1.5460778062E+00 -9.9679816849E+00
  1.0493442670E+00 -1.7460901429E+00  1.8478914903E+00  1.5463275596E+00 -9.9748163403E+00
  1.0367577549E+00 -1.7502756836E+00  1.8509405788E+00  1.5466234085E+00 -9.9828632798E+00
  1.0230976599E+00 -1.7544847350E+00  1.8544459580E+00  1.5469716667E+00 -9.9922762146E+00
  1.0083359429E+00 -1.7586471822E+00  1.8584620710E+00  1.5473786973E+00 -1.0003204548E+01
  9.9246385831E-01 -1.7626794242E+00  1.8630433314E+00  1.5478505941E+00 -1.0015783117E+01
  9.7549709011E-01 -1.7664852753E+00  1.8682414567E+00  1.5483927880E+00 -1.0030119460E+01
  9.5748061106E-01 -1.7699581807E+00  1.8741021282E+00  1.5490096210E+00 -1.0046279285E+01
  9.3849258211E-01 -1.7729849366E+00  1.8806611374E+00  1.5497039581E+00 -1.0064271545E+01
  9.1864644607E-01 -1.7754509170E+00  1.8879403538E+00  1.5504769561E+00 -1.0084035235E+01
  8.9809028737E-01 -1.7772465244E+00  1.8959440582E+00  1.5513281315E+00 -1.0105430646E+01
  8.7700259584E-01 -1.7782742273E+00  1.9046563802E+00  1.5522558315E+00 -1.0128237970E+01
  8.5558402386E-01 -1.7784552150E+00  1.9140406156E+00  1.5532580073E+00 -1.0152165439E+01
  8.3404629123E-01 -1.7777346038E+00  1.9240406198E+00  1.5543327684E+00 -1.0176866435E+01
  8.1260294081E-01 -1.7760848133E+00  1.9345825209E+00  1.5554777118E+00 -1.0201959331E+01
  7.9146917574E-01 -1.7735089620E+00  1.9455725472E+00  1.5566859688E+00 -1.0227039200E+01
  7.7086666788E-01 -1.7700470754E+00  1.9568912458E+00  1.5579364101E+00 -1.0251684233E+01
  7.5100698502E-01 -1.7657777515E+00  1.9683997174E+00  1.5591898098E+00 -1.0275488965E+01
  7.3205827084E-01 -1.7608045291E+00  1.9799615581E+00  1.5604076281E+00 -1.0298118437E+01
  7.1413721195E-01 -1.7552418093E+00  1.9914544207E+00  1.5615649275E+00 -1.0319327795E+01
  6.9731731180E-01 -1.7492082563E+00  2.0027708496E+00  1.5626470313E+00 -1.0338956145E+01
  6.8163573323E-01 -1.7428215770E+00  2.0138189979E+00  1.5636457578E+00 -1.0356917612E+01
  6.6709897991E-01 -1.7361937620E+00  2.0245234778E+00  1.5645575722E+00 -1.0373190824E+01
  6.5368862932E-01 -1.7294274425E+00  2.0348254347E+00  1.5653824222E+00 -1.0387806659E+01
  6.4136704379E-01 -1.7226135529E+00  2.0446817567E+00  1.5661228207E+00 -1.0400835451E+01
  6.3008271733E-01 -1.7158301933E+00  2.0540636261E+00  1.5667830750E+00 -1.0412374907E+01
  6.1977498384E-01 -1.7091424658E+00  2.0629546790E+00  1.5673686466E+00 -1.0422539559E+01
  6.1037794395E-01 -1.7026030202E+00  2.0713490051E+00  1.5678856355E+00 -1.0431452156E+01
  6.0182358273E-01 -1.6962530622E+00  2.0792491682E+00  1.5683403853E+00 -1.0439237067E+01
  5.9757288096E-01 -1.6943280321E+00  2.0826639715E+00  1.5647085973E+00 -1.0442400450E+01
</Path of -GradDelSqRho>
<Path of -GradDelSqRho>
Starting CP# =     12
Ending CP# =      1
Number of Points =      7
  7.8993739799E-01 -1.3101871146E+00  2.0529696078E+00  2.9700376023E+01  2.4644179233E+03
  8.1295820492E-01 -1.3010242352E+00  2.0562988838E+00  4.5312703525E+01  1.7498988048E+03
  8.3598007462E-01 -1.2918664157E+00  2.0596347264E+00  6.9635153322E+01 -1.4269257626E+03
  8.5900555428E-01 -1.2827259227E+00  2.0629930772E+00  1.0772069330E+02 -1.3203417595E+04
  8.8203527951E-01 -1.2736059903E+00  2.0663781245E+00  1.6739609641E+02 -5.4144201614E+04
  9.0506898397E-01 -1.2645055581E+00  2.0697884707E+00  2.6128719417E+02 -2.3384622974E+05
  9.3270327815E-01 -1.2536152970E+00  2.0739126124E+00  4.3514637151E+02 -8.3851504640E+06
</Path of -GradDelSqRho>
<Path of -GradDelSqRho>
Starting CP# =     12
Ending CP# =      5
Number of Points =     26
  7.8993739799E-01 -1.3101871146E+00  2.0529696078E+00  2.9700376023E+01  2.4644179233E+03
  7.6691893786E-01 -1.3193611220E+00  2.0496547905E+00  1.9721931882E+01  2.1362977071E+03
  7.4390545237E-01 -1.3285585076E+00  2.0463703750E+00  1.3348222400E+01  1.6124303662E+03
  7.2089935016E-01 -1.3377900764E+00  2.0431304563E+00  9.2664764771E+00  1.1648452473E+03
  6.9790187657E-01 -1.3470608415E+00  2.0399416081E+00  6.6501930309E+00  8.1593540124E+02
  6.7491376981E-01 -1.3563732636E+00  2.0368070737E+00  4.9731166955E+00  5.5206044112E+02
  6.5193660509E-01 -1.3657332322E+00  2.0337345722E+00  3.8945615255E+00  3.6155714914E+02
  6.2897319118E-01 -1.3751513764E+00  2.0307380378E+00  3.1942153717E+00  2.3058905483E+02
  6.0602741394E-01 -1.3846417886E+00  2.0278359862E+00  2.7313866153E+00  1.4350922897E+02
  5.8310409885E-01 -1.3942207955E+00  2.0250499399E+00  2.4171854230E+00  8.6432848114E+01
  5.6020934551E-01 -1.4039075038E+00  2.0224051971E+00  2.1956016394E+00  4.9126992231E+01
  5.3735199465E-01 -1.4137279619E+00  2.0199364359E+00  2.0312420950E+00  2.4839172590E+01
  5.1454728049E-01 -1.4237248140E+00  2.0177008557E+00  1.9017207284E+00  9.2948107285E+00
  4.9182573688E-01 -1.4339775190E+00  2.0158063117E+00  1.7930173785E+00 -2.6082581403E-01
  4.6926097898E-01 -1.4446551099E+00  2.0144872372E+00  1.6966478701E+00 -5.6984805559E+00
  4.4710598410E-01 -1.4562155855E+00  2.0144099442E+00  1.6081719051E+00 -8.3569152161E+00
  4.2771933247E-01 -1.4706629846E+00  2.0192283646E+00  1.5319811132E+00 -9.2531128298E+00
  4.2815993492E-01 -1.4866170088E+00  2.0374717460E+00  1.5240461094E+00 -9.5066690495E+00
  4.3479053720E-01 -1.5005740019E+00  2.0571215618E+00  1.5344039472E+00 -9.7249943251E+00
  4.4235849759E-01 -1.5140474979E+00  2.0767711819E+00  1.5436849721E+00 -9.9196922321E+00
  4.5080492883E-01 -1.5270443647E+00  2.0963838346E+00  1.5516233798E+00 -1.0088510977E+01
  4.6011946651E-01 -1.5395506758E+00  2.1159222176E+00  1.5581509311E+00 -1.0229507142E+01
  4.7029375119E-01 -1.5515583095E+00  2.1353442993E+00  1.5632148570E+00 -1.0341085030E+01
  4.8132567342E-01 -1.5630735429E+00  2.1545955790E+00  1.5667779388E+00 -1.0422025316E+01
  4.9323878955E-01 -1.5741544256E+00  2.1735745143E+00  1.5688191045E+00 -1.0471508032E+01
  5.1115111729E-01 -1.5934246213E+00  2.1860119114E+00  1.5693032854E+00 -1.0489393006E+01
</Path of -GradDelSqRho>
<Path of -GradDelSqRho>
Starting CP# =     13
Ending CP# =      0
Number of Points =    110
  7.8869437374E-01 -9.0753778781E-01  2.4827502200E+00  1.5471025307E+00 -1.0060097964E+01
  7.9094696638E-01 -9.0689684152E-01  2.4819421842E+00  1.5498000039E+00 -1.0059581867E+01
  7.9107456156E-01 -9.0682621061E-01  2.4819267438E+00  1.5497993776E+00 -1.0059583036E+01
  7.9121039557E-01 -9.0675164540E-01  2.4819107978E+00  1.5497986663E+00 -1.0059584355E+01
  7.9135477357E-01 -9.0667260360E-01  2.4818939854E+00  1.5497978604E+00 -1.0059585842E+01
  7.9150816093E-01 -9.0658872175E-01  2.4818761517E+00  1.5497969480E+00 -1.0059587519E+01
  7.9167109379E-01 -9.0649967901E-01  2.4818572015E+00  1.5497959160E+00 -1.0059589410E+01
  7.9184415311E-01 -9.0640515542E-01  2.4818370541E+00  1.5497947496E+00 -1.0059591542E+01
  7.9202795814E-01 -9.0630481873E-01  2.4818156303E+00  1.5497934323E+00 -1.0059593945E+01
  7.9222316563E-01 -9.0619831980E-01  2.4817928475E+00  1.5497919456E+00 -1.0059596654E+01
  7.9243047094E-01 -9.0608529072E-01  2.4817686185E+00  1.5497902691E+00 -1.0059599705E+01
  7.9265060967E-01 -9.0596534362E-01  2.4817428506E+00  1.5497883804E+00 -1.0059603143E+01
  7.9288435952E-01 -9.0583806979E-01  2.4817154450E+00  1.5497862543E+00 -1.0059607014E+01
  7.9313254219E-01 -9.0570303890E-01  2.4816862967E+00  1.5497838634E+00 -1.0059611373E+01
  7.9339602539E-01 -9.0555979824E-01  2.4816552939E+00  1.5497811778E+00 -1.0059616279E+01
  7.9367572480E-01 -9.0540787199E-01  2.4816223175E+00  1.5497781645E+00 -1.0059621798E+01
