 AIMInt (Version 19.10.12, Professional)
 Portions Copyright (c) 1997-2019 by Todd A. Keith
 AIMInt is a component of the AIMAll package ( http://aim.tkgristmill.com )

 TP:  64-bit Mac OS X

 AIMInt is a heavily modified and extended version of the PROAIMV program
 developed by members of R.F.W. Bader's research group

 Much of the Quantum Theory of Atoms in Molecules (QTAIM) is described in the book:
   "Atoms in Molecules - A Quantum Theory"
   R.F.W. Bader, Oxford University Press, Oxford, 1990

 For additional references see:  http://aim.tkgristmill.com/references.html

 Current Directory:  /Users/chemlab/Documents/SubstituentCoding/New Reorientation Test

 Inp File:  SubC6H5_CF2H-ReorPosY-B3LYP-def2-TZVPPD-Field_atomicfiles/c1.inp
 Wfx File:  SubC6H5_CF2H-ReorPosY-B3LYP-def2-TZVPPD-Field.wfx
 Out File:  SubC6H5_CF2H-ReorPosY-B3LYP-def2-TZVPPD-Field_atomicfiles/c1.int

 Wfx Title:   SubC6H5_CF2H-ReorPosY-B3LYP-def2-TZVPPD-Field.chk                             
 Job Title:   SubC6H5_CF2H-ReorPosY-B3LYP-def2-TZVPPD-Field.chk                             
 
<Atom>
C1      
</Atom>
<Nuclei of Molecule>
    15
C1         6.0           0.0000000000E+00   0.0000000000E+00   0.0000000000E+00
C2         6.0          -2.8301851784E+00   0.0000000000E+00   0.0000000000E+00
H3         1.0           8.1164226432E-01   1.8946779837E+00   0.0000000000E+00
F4         9.0           9.3270337028E-01  -1.2536154179E+00   2.0739128106E+00
F5         9.0           9.3270467079E-01  -1.2536160689E+00  -2.0739103715E+00
C6         6.0          -4.1617202403E+00  -2.2753159313E+00   1.4361918547E-08
C7         6.0          -4.1351613681E+00   2.2807743107E+00   4.2216481623E-07
C8         6.0          -6.7824858549E+00  -2.2545809791E+00  -1.3369812331E-06
H9         1.0          -3.1422414206E+00  -4.0467829336E+00   6.6745126720E-07
C10        6.0          -6.7642167018E+00   2.2990517139E+00  -8.5699079749E-07
H11        1.0          -3.1006367074E+00   4.0466448713E+00  -7.9481880799E-07
C12        6.0          -8.0868290871E+00   3.2179479480E-02  -1.8099796821E-06
H13        1.0          -7.8132251627E+00  -4.0199599399E+00  -1.8931276316E-06
H14        1.0          -7.7718281599E+00   4.0775333856E+00  -1.7472407748E-06
H15        1.0          -1.0131388284E+01   4.1577766854E-02  -2.0344791457E-06
</Nuclei of Molecule>
<Total Number of CPs of DelSqRho>
    25
</Total Number of CPs of DelSqRho>
<Number of (3,+3) CPs of DelSqRho>
     3
</Number of (3,+3) CPs of DelSqRho>
<Number of (3,+1) CPs of DelSqRho>
    11
</Number of (3,+1) CPs of DelSqRho>
<Number of (3,-1) CPs of DelSqRho>
     9
</Number of (3,-1) CPs of DelSqRho>
<Number of (3,-3) CPs of DelSqRho>
     2
</Number of (3,-3) CPs of DelSqRho>
<Number of Degenerate CPs of DelSqRho>
     0
</Number of Degenerate CPs of DelSqRho>
<CP of DelSqRho>
CP# = 1       
Type = (3,+3)
Coords =  2.11821036517078E-07 -3.47233983256952E-07  1.66612280543853E-13
DistFromNuc =  4.0674265899E-07
Rho =  1.2201185230E+02
DelSqRho = -9.6789044326E+05
GradDelSqRho =  3.6379788071E-12  6.8212102633E-13  1.1741996264E-13
HessDelSqRho_EigVals =  3.3360352353E+10  3.3360352569E+10  3.3360353231E+10
HessDelSqRho_EigVec1 =  5.4419300223E-01  8.3896005645E-01 -2.4965898078E-06
HessDelSqRho_EigVec2 =  5.2473542168E-06 -4.2789121418E-07  9.9999999999E-01
HessDelSqRho_EigVec3 =  8.3896005644E-01 -5.4419300224E-01 -4.6351759944E-06
</CP of DelSqRho>
<CP of DelSqRho>
CP# = 2       
Type = (3,+1)
Coords = -1.45938710179322E+00 -1.97200315562707E-02 -2.50501877643332E-08
DistFromNuc =  1.4595203296E+00
Rho =  2.7618855004E-01
DelSqRho = -7.8457585388E-01
GradDelSqRho = -2.7755575616E-16 -2.9143354396E-16 -3.4683352212E-19
HessDelSqRho_EigVals = -4.2116685888E+00  4.6548026223E+00  5.0475162205E+00
HessDelSqRho_EigVec1 =  9.9991743723E-01 -1.2849853190E-02 -2.7486128118E-08
HessDelSqRho_EigVec2 =  2.1760327462E-08 -4.4573250480E-07  1.0000000000E+00
HessDelSqRho_EigVec3 =  1.2849853190E-02  9.9991743723E-01  4.4541608688E-07
</CP of DelSqRho>
<CP of DelSqRho>
CP# = 3       
Type = (3,+1)
Coords =  5.18628417370375E-01  1.19732099684835E+00 -3.15674642882514E-09
DistFromNuc =  1.3048191464E+00
Rho =  3.0607490301E-01
DelSqRho = -1.2057713543E+00
GradDelSqRho =  7.2858385991E-16 -1.0824674490E-15 -3.3710217235E-17
HessDelSqRho_EigVals = -1.1752014784E+01  9.0424629798E+00  9.1547917624E+00
HessDelSqRho_EigVec1 =  3.8654134055E-01  9.2227208136E-01 -4.8722526598E-09
HessDelSqRho_EigVec2 =  9.2227208135E-01 -3.8654134055E-01  2.3515598564E-06
HessDelSqRho_EigVec3 = -2.1668946762E-06  9.1346864189E-07  1.0000000000E+00
</CP of DelSqRho>
<CP of DelSqRho>
CP# = 4       
Type = (3,+1)
Coords =  2.38576817467690E-01 -5.29480508913767E-03  2.43928662100223E-08
DistFromNuc =  2.3863556481E-01
Rho =  7.8620684133E+00
DelSqRho =  2.8554083491E+02
GradDelSqRho =  8.0255802004E-12 -1.3811174426E-13  2.9987676838E-16
HessDelSqRho_EigVals = -7.3366162213E+04  5.1061251316E+01  2.0090023878E+02
HessDelSqRho_EigVec1 =  9.9980374281E-01 -1.9811003611E-02  1.0134872525E-07
HessDelSqRho_EigVec2 =  1.9811003610E-02  9.9980374281E-01  3.7130961136E-07
HessDelSqRho_EigVec3 = -1.0868485088E-07 -3.6922891922E-07  1.0000000000E+00
</CP of DelSqRho>
<CP of DelSqRho>
CP# = 5       
Type = (3,-1)
Coords = -1.36444161542478E-01  1.93850036530384E-01  1.16425120125330E-06
DistFromNuc =  2.3705452091E-01
Rho =  7.8967574634E+00
DelSqRho =  2.9557754995E+02
GradDelSqRho = -1.6697754290E-13 -3.8413716652E-12  1.4869626797E-13
HessDelSqRho_EigVals = -7.4867495834E+04 -2.6881563231E+02  1.7156561379E+01
HessDelSqRho_EigVec1 = -5.7543761184E-01  8.1784567912E-01  4.8939650381E-06
HessDelSqRho_EigVec2 =  8.1784567913E-01  5.7543761185E-01 -3.5926740512E-08
HessDelSqRho_EigVec3 =  2.8455540835E-06 -3.9818345624E-06  9.9999999999E-01
</CP of DelSqRho>
<CP of DelSqRho>
CP# = 6       
Type = (3,+1)
Coords = -8.08648070095006E-02 -2.24621788901247E-01 -7.94285571506388E-10
DistFromNuc =  2.3873429804E-01
Rho =  7.8611130155E+00
DelSqRho =  2.8475642658E+02
GradDelSqRho =  1.8651746814E-12  2.3518964554E-12  1.8352290174E-15
HessDelSqRho_EigVals = -7.3267798274E+04  8.5735069142E+01  2.2004492469E+02
HessDelSqRho_EigVec1 =  3.4078738614E-01  9.4014039241E-01  4.3604551027E-09
HessDelSqRho_EigVec2 =  9.4014039241E-01 -3.4078738614E-01 -3.2474245292E-07
HessDelSqRho_EigVec3 =  3.0381750903E-07 -1.1476757167E-07  1.0000000000E+00
</CP of DelSqRho>
<CP of DelSqRho>
CP# = 7       
Type = (3,-3)
Coords = -1.18680075298695E-01  1.69744112512070E-01  1.15501108415085E-01
DistFromNuc =  2.3714664250E-01
Rho =  7.8871739815E+00
DelSqRho =  2.9563821784E+02
GradDelSqRho = -1.6582291096E-12  8.9983576146E-14 -6.1444183075E-12
HessDelSqRho_EigVals = -7.4798772664E+04 -2.7981658415E+02 -3.1521880212E+01
HessDelSqRho_EigVec1 = -5.0073474617E-01  7.1647651551E-01  4.8572226293E-01
HessDelSqRho_EigVec2 =  8.1594502811E-01  5.7801604120E-01 -1.1452826028E-02
HessDelSqRho_EigVec3 = -2.8896094043E-01  3.9058783754E-01 -8.7403816626E-01
</CP of DelSqRho>
<CP of DelSqRho>
CP# = 8       
Type = (3,-3)
Coords = -1.18679787202849E-01  1.69743747659217E-01 -1.15501942495653E-01
DistFromNuc =  2.3714664341E-01
Rho =  7.8871738444E+00
DelSqRho =  2.9563822225E+02
GradDelSqRho = -1.8385293288E-13  1.5272505482E-12  7.6205708410E-12
HessDelSqRho_EigVals = -7.4798772156E+04 -2.7981682486E+02 -3.1522702191E+01
HessDelSqRho_EigVec1 = -5.0073353491E-01  7.1647498158E-01 -4.8572577427E-01
HessDelSqRho_EigVec2 = -8.1594499039E-01 -5.7801608974E-01 -1.1453063055E-02
HessDelSqRho_EigVec3 = -2.8896314587E-01  3.9059057947E-01  8.7403621181E-01
</CP of DelSqRho>
<CP of DelSqRho>
CP# = 9       
Type = (3,-1)
Coords =  1.88684382261993E-01 -1.46482666208172E-01 -2.13869214219537E-08
DistFromNuc =  2.3887018987E-01
Rho =  7.8397009389E+00
DelSqRho =  2.8570888007E+02
GradDelSqRho =  1.0516032489E-12  5.8086868648E-13  6.1864575962E-16
HessDelSqRho_EigVals = -7.3227325096E+04 -3.4502580457E+01  1.5404725245E+02
HessDelSqRho_EigVec1 =  7.9040994658E-01 -6.1257825325E-01 -9.1120480415E-08
HessDelSqRho_EigVec2 =  6.1257825325E-01  7.9040994658E-01  2.0449264173E-07
HessDelSqRho_EigVec3 = -5.3245211214E-08 -2.1745144275E-07  1.0000000000E+00
</CP of DelSqRho>
<CP of DelSqRho>
CP# = 10      
Type = (3,-1)
Coords =  9.58248196666469E-01 -2.81978601790938E-01  4.93015564930263E-07
DistFromNuc =  9.9887513648E-01
Rho =  1.5557310737E-01
DelSqRho =  2.2576307435E-01
GradDelSqRho =  8.3266726847E-16 -3.8857805862E-16  1.5778317983E-16
HessDelSqRho_EigVals = -2.1990068573E+00 -1.4882439778E+00  1.1012277046E+01
HessDelSqRho_EigVec1 =  1.1840629110E-07  1.8577573418E-06  1.0000000000E+00
HessDelSqRho_EigVec2 =  2.4701665285E-01  9.6901123482E-01 -1.8294360615E-06
HessDelSqRho_EigVec3 =  9.6901123482E-01 -2.4701665285E-01  3.4415997401E-07
</CP of DelSqRho>
<CP of DelSqRho>
CP# = 11      
Type = (3,+3)
Coords = -9.08547235302202E-01 -4.68627394711078E-02 -4.85410759720245E-08
DistFromNuc =  9.0975501929E-01
Rho =  3.2926630171E-01
DelSqRho = -1.4296615847E+00
GradDelSqRho =  6.6613381478E-16 -3.0531133177E-16 -7.0826777467E-17
HessDelSqRho_EigVals =  7.6726609130E+00  8.0696827297E+00  4.4401240091E+01
HessDelSqRho_EigVec1 = -7.7379887626E-02  9.9700168154E-01 -1.7357626993E-06
HessDelSqRho_EigVec2 = -1.9602335141E-07  1.7257688390E-06  1.0000000000E+00
HessDelSqRho_EigVec3 =  9.9700168154E-01  7.7379887626E-02  6.1895812152E-08
</CP of DelSqRho>
<CP of DelSqRho>
CP# = 12      
Type = (3,+1)
Coords = -5.23362904087658E-01  7.66561413618790E-01 -2.17795490829681E-07
DistFromNuc =  9.2818378041E-01
Rho =  2.3084876146E-01
DelSqRho = -2.5397578021E-01
GradDelSqRho =  1.7226914339E-12 -1.9504953208E-12 -5.0317145199E-17
HessDelSqRho_EigVals = -5.5021566984E+00  2.2656212693E+00  3.2743572659E+01
HessDelSqRho_EigVec1 =  8.2967756836E-01  5.5824289746E-01  5.9569235785E-08
HessDelSqRho_EigVec2 = -1.6277582877E-07  1.3521393351E-07  1.0000000000E+00
HessDelSqRho_EigVec3 = -5.5824289746E-01  8.2967756836E-01 -2.0305241786E-07
</CP of DelSqRho>
<CP of DelSqRho>
CP# = 13      
Type = (3,-1)
Coords = -7.85163661184484E-02 -9.91451779293648E-01  3.31786436793932E-07
DistFromNuc =  9.9455590613E-01
Rho =  1.5513554900E-01
DelSqRho =  2.0622571945E-01
GradDelSqRho =  3.1180613647E-13 -7.2755690361E-13 -2.9615659968E-17
HessDelSqRho_EigVals = -2.0317043895E+00 -1.4286956920E+00  1.1700291041E+01
HessDelSqRho_EigVec1 = -2.2367815404E-06  4.6332402226E-07  1.0000000000E+00
HessDelSqRho_EigVec2 =  9.9318157944E-01 -1.1657765761E-01  2.2755434523E-06
HessDelSqRho_EigVec3 =  1.1657765761E-01  9.9318157944E-01 -1.9940613167E-07
</CP of DelSqRho>
<CP of DelSqRho>
CP# = 14      
Type = (3,-1)
Coords = -2.13436325204997E-01  3.41313615235582E-01  9.66329299161015E-01
DistFromNuc =  1.0468248962E+00
Rho =  1.4057553963E-01
DelSqRho =  2.6439994661E-01
GradDelSqRho = -1.1102230246E-15  1.6098233857E-15  1.1102230246E-16
HessDelSqRho_EigVals = -1.7722781705E+00 -1.5518052303E+00  4.4512327604E+00
HessDelSqRho_EigVec1 = -5.5060332350E-01  7.4414983464E-01 -3.7825520983E-01
HessDelSqRho_EigVec2 =  8.1311512330E-01  5.8063555561E-01 -4.1305542339E-02
HessDelSqRho_EigVec3 = -1.8889091142E-01  3.3030800047E-01  9.2477935120E-01
</CP of DelSqRho>
<CP of DelSqRho>
CP# = 15      
Type = (3,-1)
Coords = -2.13435843338769E-01  3.41313196874220E-01 -9.66329715092046E-01
DistFromNuc =  1.0468250455E+00
Rho =  1.4057549838E-01
DelSqRho =  2.6440013200E-01
GradDelSqRho = -2.2204460493E-16  8.3266726847E-16  1.1102230246E-15
HessDelSqRho_EigVals = -1.7722777685E+00 -1.5518024302E+00  4.4512197052E+00
HessDelSqRho_EigVec1 = -5.5060306759E-01  7.4415054839E-01  3.7825417816E-01
HessDelSqRho_EigVec2 =  8.1311547539E-01  5.8063506672E-01  4.1305483568E-02
HessDelSqRho_EigVec3 =  1.8889014172E-01 -3.3030725185E-01  9.2477977580E-01
</CP of DelSqRho>
<CP of DelSqRho>
CP# = 16      
Type = (3,+1)
Coords = -3.71157988714916E-01 -5.56029347704265E-01  6.84217878180475E-01
DistFromNuc =  9.5659865822E-01
Rho =  1.9880306068E-01
DelSqRho = -5.4509666601E-02
GradDelSqRho = -4.4408920985E-16 -1.5543122345E-15 -1.3877787808E-15
HessDelSqRho_EigVals = -4.1145996276E+00  1.6695133729E+00  2.3843903924E+01
HessDelSqRho_EigVec1 =  8.9668708543E-01 -1.9624858121E-01  3.9678554056E-01
HessDelSqRho_EigVec2 = -9.8687943854E-02  7.8517086024E-01  6.1136520180E-01
HessDelSqRho_EigVec3 =  4.3152399767E-01  5.8736123008E-01 -6.8468520127E-01
</CP of DelSqRho>
<CP of DelSqRho>
CP# = 17      
Type = (3,+1)
Coords = -3.71157861286084E-01 -5.56029769402971E-01 -6.84217536317239E-01
DistFromNuc =  9.5659860938E-01
Rho =  1.9880311770E-01
DelSqRho = -5.4509408140E-02
GradDelSqRho =  2.5535129566E-15  9.9920072216E-16  3.9968028887E-15
HessDelSqRho_EigVals = -4.1146016914E+00  1.6695121538E+00  2.3843916255E+01
HessDelSqRho_EigVec1 =  8.9668723783E-01 -1.9624884407E-01 -3.9678506614E-01
HessDelSqRho_EigVec2 =  9.8687732724E-02 -7.8517042299E-01  6.1136579744E-01
HessDelSqRho_EigVec3 =  4.3152372927E-01  5.8736172676E-01  6.8468494434E-01
</CP of DelSqRho>
<CP of DelSqRho>
CP# = 18      
Type = (3,+1)
Coords =  6.57089229582406E-01  1.58411553890130E-01  6.75719123943630E-01
DistFromNuc =  9.5574934502E-01
Rho =  2.0185813616E-01
DelSqRho = -5.1714756536E-02
GradDelSqRho =  3.1530333899E-13 -2.9454216843E-13  4.4375614294E-13
HessDelSqRho_EigVals = -4.2541684674E+00  1.7609183094E+00  2.4112375627E+01
HessDelSqRho_EigVec1 =  1.2901194955E-01  8.9962581439E-01 -4.1716820463E-01
HessDelSqRho_EigVec2 = -6.9575216670E-01  3.8187816505E-01  6.0835679464E-01
HessDelSqRho_EigVec3 =  7.0660090532E-01  2.1176038615E-01  6.7518345615E-01
</CP of DelSqRho>
<CP of DelSqRho>
CP# = 19      
Type = (3,+1)
Coords =  6.57089760277372E-01  1.58411400241442E-01 -6.75718546066849E-01
DistFromNuc =  9.5574927585E-01
Rho =  2.0185823849E-01
DelSqRho = -5.1714549145E-02
GradDelSqRho =  3.1286084834E-13 -2.9432012383E-13 -4.4519943287E-13
HessDelSqRho_EigVals = -4.2541716981E+00  1.7609173228E+00  2.4112396839E+01
HessDelSqRho_EigVec1 =  1.2901160495E-01  8.9962601442E-01  4.1716787983E-01
HessDelSqRho_EigVec2 =  6.9575166158E-01 -3.8187787412E-01  6.0835755496E-01
HessDelSqRho_EigVec3 =  7.0660146561E-01  2.1176006100E-01 -6.7518297177E-01
</CP of DelSqRho>
<CP of DelSqRho>
CP# = 20      
Type = (3,+3)
Coords =  3.78078697008976E-01  8.36135776302463E-01  1.34886441416105E-08
DistFromNuc =  9.1764183511E-01
Rho =  3.4333086787E-01
DelSqRho = -1.6522600053E+00
GradDelSqRho = -2.3314683517E-15 -1.0144662888E-14  1.2021769214E-16
HessDelSqRho_EigVals =  1.0029186510E+01  1.0690032067E+01  3.8831546743E+01
HessDelSqRho_EigVec1 =  9.0006864146E-01 -4.3574813903E-01  1.2597301199E-06
HessDelSqRho_EigVec2 = -1.1538314492E-06  5.0763869126E-07  1.0000000000E+00
HessDelSqRho_EigVec3 =  4.3574813903E-01  9.0006864146E-01  4.5870239527E-08
</CP of DelSqRho>
<CP of DelSqRho>
CP# = 21      
Type = (3,+1)
Coords =  5.40753259524165E-01 -8.30382861685489E-01  6.49656634493684E-07
DistFromNuc =  9.9093379429E-01
Rho =  1.6728863067E-01
DelSqRho =  1.1574947311E-01
GradDelSqRho =  5.8980598183E-16 -1.7763568394E-15 -5.5609407053E-17
HessDelSqRho_EigVals = -3.6093731142E+00  9.6157169829E-01  1.5529150741E+01
HessDelSqRho_EigVec1 = -3.9421272012E-07  3.3731742663E-07  1.0000000000E+00
HessDelSqRho_EigVec2 =  8.3839780862E-01  5.4505881747E-01  1.4664924301E-07
HessDelSqRho_EigVec3 = -5.4505881747E-01  8.3839780862E-01 -4.9767531035E-07
</CP of DelSqRho>
<CP of DelSqRho>
CP# = 22      
Type = (3,+1)
Coords = -1.18834158832417E+00 -1.29268236069692E+00  7.01964030074226E-07
DistFromNuc =  1.7558996031E+00
Rho =  6.6706773503E-02
DelSqRho =  1.9059015586E-01
GradDelSqRho = -1.1874182193E-15 -1.0797526068E-13  2.0858901010E-17
HessDelSqRho_EigVals = -1.0456795811E+00  7.4560253232E-02  1.8077372955E-01
HessDelSqRho_EigVec1 =  3.4687509655E-02  9.9939820726E-01 -4.7542568527E-07
HessDelSqRho_EigVec2 = -2.1725675608E-07  4.8325259900E-07  1.0000000000E+00
HessDelSqRho_EigVec3 =  9.9939820726E-01 -3.4687509654E-02  2.3388884174E-07
</CP of DelSqRho>
<CP of DelSqRho>
CP# = 23      
Type = (3,-1)
Coords = -7.49627605906189E-01  1.09991638420082E+00  6.92092741877746E-01
DistFromNuc =  1.5002499669E+00
Rho =  8.4893190499E-02
DelSqRho =  1.9435948692E-01
GradDelSqRho =  5.6616170085E-14 -1.0091927294E-13 -2.6131874442E-14
HessDelSqRho_EigVals = -9.6602432419E-01 -2.0401255048E-01  1.4024974100E-01
HessDelSqRho_EigVec1 = -2.8294052037E-01  6.5674583826E-01  6.9902043308E-01
HessDelSqRho_EigVec2 =  8.1487725297E-01  5.4899444981E-01 -1.8595740553E-01
HessDelSqRho_EigVec3 =  5.0588509024E-01 -5.1700096518E-01  6.9050001989E-01
</CP of DelSqRho>
<CP of DelSqRho>
CP# = 24      
Type = (3,-1)
Coords = -7.49627111423712E-01  1.09991607321253E+00 -6.92093571335536E-01
DistFromNuc =  1.5002498744E+00
Rho =  8.4893182621E-02
DelSqRho =  1.9435941203E-01
GradDelSqRho =  5.6513821400E-14 -1.0062436995E-13  2.6201263381E-14
HessDelSqRho_EigVals = -9.6602426924E-01 -2.0401242757E-01  1.4025005456E-01
HessDelSqRho_EigVec1 =  2.8294062050E-01 -6.5674523050E-01  6.9902096355E-01
HessDelSqRho_EigVec2 =  8.1487717225E-01  5.4899472120E-01  1.8595695802E-01
HessDelSqRho_EigVec3 =  5.0588516425E-01 -5.1700144904E-01 -6.9049960339E-01
</CP of DelSqRho>
<CP of DelSqRho>
CP# = 25      
Type = (3,-1)
Coords =  9.76892868747498E-01 -1.27559033632053E+00  1.73551654957020E-06
DistFromNuc =  1.6066892615E+00
Rho =  7.6483573581E-02
DelSqRho =  3.3441005423E-01
GradDelSqRho =  1.9428902931E-16  2.2204460493E-16  3.9581007886E-16
HessDelSqRho_EigVals = -9.3094590119E-01 -2.2584602701E-01  5.8457359800E-01
HessDelSqRho_EigVec1 = -6.4951622898E-01  7.6034772853E-01  7.3483720184E-07
HessDelSqRho_EigVec2 =  7.6034772853E-01  6.4951622898E-01  2.8356950903E-07
HessDelSqRho_EigVec3 =  2.6167725618E-07 -7.4291479543E-07  1.0000000000E+00
</CP of DelSqRho>
<Path of -GradDelSqRho>
Starting CP# =      2
Ending CP# =     11
Number of Points =     23
 -1.4593871018E+00 -1.9720031556E-02 -2.5050187764E-08  2.7618855004E-01 -7.8457585388E-01
 -1.4343891013E+00 -2.0036198769E-02 -2.5730444530E-08  2.7642930370E-01 -7.8589055235E-01
 -1.4093909629E+00 -2.0341266489E-02 -2.6394910913E-08  2.7689899937E-01 -7.8984086210E-01
 -1.3843926812E+00 -2.0634354620E-02 -2.7040954761E-08  2.7759839540E-01 -7.9646415484E-01
 -1.3593942557E+00 -2.0914899162E-02 -2.7665919809E-08  2.7852765197E-01 -8.0583608448E-01
 -1.3343956906E+00 -2.1182725605E-02 -2.8267271447E-08  2.7968629776E-01 -8.1807016042E-01
 -1.3093969953E+00 -2.1438115426E-02 -2.8842739774E-08  2.8107316931E-01 -8.3331531400E-01
 -1.2843981839E+00 -2.1681865964E-02 -2.9390454573E-08  2.8268632428E-01 -8.5175106565E-01
 -1.2593992743E+00 -2.1915347684E-02 -2.9909070559E-08  2.8452293093E-01 -8.7357965319E-01
 -1.2344002889E+00 -2.2140567332E-02 -3.0397886058E-08  2.8657913829E-01 -8.9901418864E-01
 -1.2094012542E+00 -2.2360250892E-02 -3.0856964228E-08  2.8884993350E-01 -9.2826156045E-01
 -1.1844022022E+00 -2.2577967847E-02 -3.1287273349E-08  2.9132899638E-01 -9.6149838462E-01
 -1.1594031734E+00 -2.2798330040E-02 -3.1690872962E-08  2.9400856595E-01 -9.9883783157E-01
 -1.1344042224E+00 -2.3027319450E-02 -3.2071189395E-08  2.9687933958E-01 -1.0402846293E+00
 -1.1094054288E+00 -2.3272839592E-02 -3.2433455382E-08  2.9993043423E-01 -1.0856749934E+00
 -1.0844069195E+00 -2.3545668863E-02 -3.2785452230E-08  3.0314944931E-01 -1.1345977049E+00
 -1.0594089151E+00 -2.3861180341E-02 -3.3138834774E-08  3.0652268449E-01 -1.1862921224E+00
 -1.0344118367E+00 -2.4242647851E-02 -3.3511665349E-08  3.1003557956E-01 -1.2395186766E+00
 -1.0094165812E+00 -2.4728215878E-02 -3.3933736062E-08  3.1367345362E-01 -1.2923975545E+00
 -9.8442536762E-01 -2.5387724692E-02 -3.4459362069E-08  3.1742259329E-01 -1.3422122903E+00
 -9.5944513371E-01 -2.6372886565E-02 -3.5205305246E-08  3.2127147102E-01 -1.3851786964E+00
 -9.3451020740E-01 -2.8137187116E-02 -3.6515361271E-08  3.2520909436E-01 -1.4161992923E+00
 -9.0854723530E-01 -4.6862739471E-02 -4.8541075972E-08  3.2926630171E-01 -1.4296615847E+00
</Path of -GradDelSqRho>
<Path of -GradDelSqRho>
Starting CP# =      2
Ending CP# =      0
Number of Points =    400
 -1.4593871018E+00 -1.9720031556E-02 -2.5050187764E-08  2.7618855004E-01 -7.8457585388E-01
 -1.4843849768E+00 -1.9394090572E-02 -2.4356883648E-08  2.7617538710E-01 -7.8589627222E-01
 -1.5093827363E+00 -1.9059403647E-02 -2.3652363311E-08  2.7638785143E-01 -7.8988492602E-01
 -1.5343803959E+00 -1.8717333078E-02 -2.2938400190E-08  2.7682331958E-01 -7.9660318933E-01
 -1.5593779727E+00 -1.8369265471E-02 -2.2216258516E-08  2.7747844069E-01 -8.0613277837E-01
 -1.5843754845E+00 -1.8016559786E-02 -2.1486603522E-08  2.7834905058E-01 -8.1856455552E-01
 -1.6093729489E+00 -1.7660510593E-02 -2.0749411743E-08  2.7943007441E-01 -8.3398300674E-01
 -1.6343703829E+00 -1.7302327576E-02 -2.0003861974E-08  2.8071542708E-01 -8.5244497048E-01
 -1.6593678023E+00 -1.6943131943E-02 -1.9248175228E-08  2.8219792432E-01 -8.7395075071E-01
 -1.6843652223E+00 -1.6583970975E-02 -1.8479350340E-08  2.8386922279E-01 -8.9840523978E-01
 -1.7093626572E+00 -1.6225854444E-02 -1.7692698220E-08  2.8571981461E-01 -9.2556612112E-01
 -1.7343601219E+00 -1.5869823088E-02 -1.6880980458E-08  2.8773911130E-01 -9.5497564682E-01
 -1.7593576331E+00 -1.5517075345E-02 -1.6032717813E-08  2.8991566448E-01 -9.8587193622E-01
 -1.7843552129E+00 -1.5169222785E-02 -1.5128562279E-08  2.9223758681E-01 -1.0170752785E+00
 -1.8093528961E+00 -1.4828890113E-02 -1.4132390880E-08  2.9469325689E-01 -1.0468446241E+00
 -1.8343507518E+00 -1.4501499028E-02 -1.2964101153E-08  2.9727241669E-01 -1.0726993967E+00
 -1.8593489704E+00 -1.4203370784E-02 -1.1373604381E-08  2.9996779776E-01 -1.0912020249E+00
 -1.8818437392E+00 -1.4279074942E-02 -4.1856631553E-09  3.0249016355E-01 -1.0977509689E+00
 -1.8818442502E+00 -1.4333588602E-02 -2.6551435431E-09  3.0249010377E-01 -1.0977509729E+00
 -1.8818442502E+00 -1.4333588636E-02 -2.6551174913E-09  3.0249010377E-01 -1.0977509729E+00
 -1.8818442502E+00 -1.4333588636E-02 -2.6551174923E-09  3.0249010377E-01 -1.0977509729E+00
 -1.8818442502E+00 -1.4333588636E-02 -2.6551174922E-09  3.0249010377E-01 -1.0977509729E+00
 -1.8818442502E+00 -1.4333588636E-02 -2.6551174924E-09  3.0249010377E-01 -1.0977509729E+00
 -1.8818442502E+00 -1.4333588636E-02 -2.6551174923E-09  3.0249010377E-01 -1.0977509729E+00
 -1.8818442502E+00 -1.4333588636E-02 -2.6551174923E-09  3.0249010377E-01 -1.0977509729E+00
 -1.8818442502E+00 -1.4333588636E-02 -2.6551174923E-09  3.0249010377E-01 -1.0977509729E+00
 -1.8818442502E+00 -1.4333588636E-02 -2.6551174922E-09  3.0249010377E-01 -1.0977509729E+00
 -1.8818442502E+00 -1.4333588636E-02 -2.6551174922E-09  3.0249010377E-01 -1.0977509729E+00
 -1.8818442502E+00 -1.4333588636E-02 -2.6551174923E-09  3.0249010377E-01 -1.0977509729E+00
 -1.8818442502E+00 -1.4333588636E-02 -2.6551174923E-09  3.0249010377E-01 -1.0977509729E+00
 -1.8818442502E+00 -1.4333588636E-02 -2.6551174923E-09  3.0249010377E-01 -1.0977509729E+00
 -1.8818442502E+00 -1.4333588636E-02 -2.6551174923E-09  3.0249010377E-01 -1.0977509729E+00
 -1.8818442502E+00 -1.4333588636E-02 -2.6551174923E-09  3.0249010377E-01 -1.0977509729E+00
 -1.8818442502E+00 -1.4333588636E-02 -2.6551174922E-09  3.0249010377E-01 -1.0977509729E+00
 -1.8818442502E+00 -1.4333588636E-02 -2.6551174923E-09  3.0249010377E-01 -1.0977509729E+00
 -1.8818442502E+00 -1.4333588636E-02 -2.6551174923E-09  3.0249010377E-01 -1.0977509729E+00
 -1.8818442502E+00 -1.4333588636E-02 -2.6551174923E-09  3.0249010377E-01 -1.0977509729E+00
 -1.8818442502E+00 -1.4333588636E-02 -2.6551174923E-09  3.0249010377E-01 -1.0977509729E+00
 -1.8818442502E+00 -1.4333588636E-02 -2.6551174922E-09  3.0249010377E-01 -1.0977509729E+00
 -1.8818442502E+00 -1.4333588636E-02 -2.6551174922E-09  3.0249010377E-01 -1.0977509729E+00
 -1.8818442502E+00 -1.4333588636E-02 -2.6551174923E-09  3.0249010377E-01 -1.0977509729E+00
 -1.8818442502E+00 -1.4333588636E-02 -2.6551174923E-09  3.0249010377E-01 -1.0977509729E+00
 -1.8818442502E+00 -1.4333588636E-02 -2.6551174923E-09  3.0249010377E-01 -1.0977509729E+00
 -1.8818442502E+00 -1.4333588636E-02 -2.6551174922E-09  3.0249010377E-01 -1.0977509729E+00
 -1.8818442502E+00 -1.4333588636E-02 -2.6551174922E-09  3.0249010377E-01 -1.0977509729E+00
 -1.8818442502E+00 -1.4333588636E-02 -2.6551174922E-09  3.0249010377E-01 -1.0977509729E+00
 -1.8818442502E+00 -1.4333588636E-02 -2.6551174922E-09  3.0249010377E-01 -1.0977509729E+00
 -1.8818442502E+00 -1.4333588636E-02 -2.6551174923E-09  3.0249010377E-01 -1.0977509729E+00
 -1.8818442502E+00 -1.4333588636E-02 -2.6551174923E-09  3.0249010377E-01 -1.0977509729E+00
 -1.8818442502E+00 -1.4333588636E-02 -2.6551174923E-09  3.0249010377E-01 -1.0977509729E+00
 -1.8818442502E+00 -1.4333588636E-02 -2.6551174922E-09  3.0249010377E-01 -1.0977509729E+00
 -1.8818442502E+00 -1.4333588636E-02 -2.6551174923E-09  3.0249010377E-01 -1.0977509729E+00
 -1.8818442502E+00 -1.4333588636E-02 -2.6551174922E-09  3.0249010377E-01 -1.0977509729E+00
 -1.8818442502E+00 -1.4333588636E-02 -2.6551174922E-09  3.0249010377E-01 -1.0977509729E+00
 -1.8818442502E+00 -1.4333588636E-02 -2.6551174922E-09  3.0249010377E-01 -1.0977509729E+00
 -1.8818442502E+00 -1.4333588636E-02 -2.6551174922E-09  3.0249010377E-01 -1.0977509729E+00
 -1.8818442502E+00 -1.4333588636E-02 -2.6551174923E-09  3.0249010377E-01 -1.0977509729E+00
 -1.8818442502E+00 -1.4333588636E-02 -2.6551174923E-09  3.0249010377E-01 -1.0977509729E+00
 -1.8818442502E+00 -1.4333588636E-02 -2.6551174923E-09  3.0249010377E-01 -1.0977509729E+00
 -1.8818442502E+00 -1.4333588636E-02 -2.6551174923E-09  3.0249010377E-01 -1.0977509729E+00
 -1.8818442502E+00 -1.4333588636E-02 -2.6551174923E-09  3.0249010377E-01 -1.0977509729E+00
 -1.8818442502E+00 -1.4333588636E-02 -2.6551174922E-09  3.0249010377E-01 -1.0977509729E+00
 -1.8818442502E+00 -1.4333588636E-02 -2.6551174924E-09  3.0249010377E-01 -1.0977509729E+00
 -1.8818442502E+00 -1.4333588636E-02 -2.6551174922E-09  3.0249010377E-01 -1.0977509729E+00
 -1.8818442502E+00 -1.4333588636E-02 -2.6551174923E-09  3.0249010377E-01 -1.0977509729E+00
 -1.8818442502E+00 -1.4333588636E-02 -2.6551174922E-09  3.0249010377E-01 -1.0977509729E+00
 -1.8818442502E+00 -1.4333588636E-02 -2.6551174923E-09  3.0249010377E-01 -1.0977509729E+00
 -1.8818442502E+00 -1.4333588636E-02 -2.6551174923E-09  3.0249010377E-01 -1.0977509729E+00
 -1.8818442502E+00 -1.4333588636E-02 -2.6551174923E-09  3.0249010377E-01 -1.0977509729E+00
 -1.8818442502E+00 -1.4333588636E-02 -2.6551174924E-09  3.0249010377E-01 -1.0977509729E+00
 -1.8818442502E+00 -1.4333588636E-02 -2.6551174922E-09  3.0249010377E-01 -1.0977509729E+00
 -1.8818442502E+00 -1.4333588636E-02 -2.6551174924E-09  3.0249010377E-01 -1.0977509729E+00
 -1.8818442502E+00 -1.4333588636E-02 -2.6551174924E-09  3.0249010377E-01 -1.0977509729E+00
 -1.8818442502E+00 -1.4333588636E-02 -2.6551174922E-09  3.0249010377E-01 -1.0977509729E+00
 -1.8818442502E+00 -1.4333588636E-02 -2.6551174922E-09  3.0249010377E-01 -1.0977509729E+00
 -1.8818442502E+00 -1.4333588636E-02 -2.6551174924E-09  3.0249010377E-01 -1.0977509729E+00
 -1.8818442502E+00 -1.4333588636E-02 -2.6551174923E-09  3.0249010377E-01 -1.0977509729E+00
 -1.8818442502E+00 -1.4333588636E-02 -2.6551174923E-09  3.0249010377E-01 -1.0977509729E+00
 -1.8818442502E+00 -1.4333588636E-02 -2.6551174923E-09  3.0249010377E-01 -1.0977509729E+00
 -1.8818442502E+00 -1.4333588636E-02 -2.6551174922E-09  3.0249010377E-01 -1.0977509729E+00
 -1.8818442502E+00 -1.4333588636E-02 -2.6551174923E-09  3.0249010377E-01 -1.0977509729E+00
 -1.8818442502E+00 -1.4333588636E-02 -2.6551174923E-09  3.0249010377E-01 -1.0977509729E+00
 -1.8818442502E+00 -1.4333588636E-02 -2.6551174923E-09  3.0249010377E-01 -1.0977509729E+00
 -1.8818442502E+00 -1.4333588636E-02 -2.6551174923E-09  3.0249010377E-01 -1.0977509729E+00
 -1.8818442502E+00 -1.4333588636E-02 -2.6551174922E-09  3.0249010377E-01 -1.0977509729E+00
 -1.8818442502E+00 -1.4333588636E-02 -2.6551174924E-09  3.0249010377E-01 -1.0977509729E+00
 -1.8818442502E+00 -1.4333588636E-02 -2.6551174923E-09  3.0249010377E-01 -1.0977509729E+00
 -1.8818442502E+00 -1.4333588636E-02 -2.6551174922E-09  3.0249010377E-01 -1.0977509729E+00
 -1.8818442502E+00 -1.4333588636E-02 -2.6551174923E-09  3.0249010377E-01 -1.0977509729E+00
 -1.8818442502E+00 -1.4333588636E-02 -2.6551174923E-09  3.0249010377E-01 -1.0977509729E+00
 -1.8818442502E+00 -1.4333588636E-02 -2.6551174923E-09  3.0249010377E-01 -1.0977509729E+00
 -1.8818442502E+00 -1.4333588636E-02 -2.6551174923E-09  3.0249010377E-01 -1.0977509729E+00
 -1.8818442502E+00 -1.4333588636E-02 -2.6551174923E-09  3.0249010377E-01 -1.0977509729E+00
 -1.8818442502E+00 -1.4333588636E-02 -2.6551174923E-09  3.0249010377E-01 -1.0977509729E+00
 -1.8818442502E+00 -1.4333588636E-02 -2.6551174923E-09  3.0249010377E-01 -1.0977509729E+00
 -1.8818442502E+00 -1.4333588636E-02 -2.6551174923E-09  3.0249010377E-01 -1.0977509729E+00
 -1.8818442502E+00 -1.4333588636E-02 -2.6551174923E-09  3.0249010377E-01 -1.0977509729E+00
 -1.8818442502E+00 -1.4333588636E-02 -2.6551174924E-09  3.0249010377E-01 -1.0977509729E+00
 -1.8818442502E+00 -1.4333588636E-02 -2.6551174923E-09  3.0249010377E-01 -1.0977509729E+00
 -1.8818442502E+00 -1.4333588636E-02 -2.6551174923E-09  3.0249010377E-01 -1.0977509729E+00
 -1.8818442502E+00 -1.4333588636E-02 -2.6551174923E-09  3.0249010377E-01 -1.0977509729E+00
 -1.8818442502E+00 -1.4333588636E-02 -2.6551174923E-09  3.0249010377E-01 -1.0977509729E+00
 -1.8818442502E+00 -1.4333588636E-02 -2.6551174923E-09  3.0249010377E-01 -1.0977509729E+00
 -1.8818442502E+00 -1.4333588636E-02 -2.6551174923E-09  3.0249010377E-01 -1.0977509729E+00
 -1.8818442502E+00 -1.4333588636E-02 -2.6551174923E-09  3.0249010377E-01 -1.0977509729E+00
 -1.8818442502E+00 -1.4333588636E-02 -2.6551174923E-09  3.0249010377E-01 -1.0977509729E+00
 -1.8818442502E+00 -1.4333588636E-02 -2.6551174924E-09  3.0249010377E-01 -1.0977509729E+00
 -1.8818442502E+00 -1.4333588636E-02 -2.6551174923E-09  3.0249010377E-01 -1.0977509729E+00
 -1.8818442502E+00 -1.4333588636E-02 -2.6551174923E-09  3.0249010377E-01 -1.0977509729E+00
 -1.8818442502E+00 -1.4333588636E-02 -2.6551174922E-09  3.0249010377E-01 -1.0977509729E+00
 -1.8818442502E+00 -1.4333588636E-02 -2.6551174924E-09  3.0249010377E-01 -1.0977509729E+00
 -1.8818442502E+00 -1.4333588636E-02 -2.6551174922E-09  3.0249010377E-01 -1.0977509729E+00
 -1.8818442502E+00 -1.4333588636E-02 -2.6551174923E-09  3.0249010377E-01 -1.0977509729E+00
 -1.8818442502E+00 -1.4333588636E-02 -2.6551174923E-09  3.0249010377E-01 -1.0977509729E+00
 -1.8818442502E+00 -1.4333588636E-02 -2.6551174923E-09  3.0249010377E-01 -1.0977509729E+00
 -1.8818442502E+00 -1.4333588636E-02 -2.6551174922E-09  3.0249010377E-01 -1.0977509729E+00
 -1.8818442502E+00 -1.4333588636E-02 -2.6551174923E-09  3.0249010377E-01 -1.0977509729E+00
 -1.8818442502E+00 -1.4333588636E-02 -2.6551174923E-09  3.0249010377E-01 -1.0977509729E+00
 -1.8818442502E+00 -1.4333588636E-02 -2.6551174922E-09  3.0249010377E-01 -1.0977509729E+00
 -1.8818442502E+00 -1.4333588636E-02 -2.6551174923E-09  3.0249010377E-01 -1.0977509729E+00
 -1.8818442502E+00 -1.4333588636E-02 -2.6551174923E-09  3.0249010377E-01 -1.0977509729E+00
 -1.8818442502E+00 -1.4333588636E-02 -2.6551174924E-09  3.0249010377E-01 -1.0977509729E+00
 -1.8818442502E+00 -1.4333588636E-02 -2.6551174923E-09  3.0249010377E-01 -1.0977509729E+00
 -1.8818442502E+00 -1.4333588636E-02 -2.6551174923E-09  3.0249010377E-01 -1.0977509729E+00
 -1.8818442502E+00 -1.4333588636E-02 -2.6551174923E-09  3.0249010377E-01 -1.0977509729E+00
 -1.8818442502E+00 -1.4333588636E-02 -2.6551174922E-09  3.0249010377E-01 -1.0977509729E+00
 -1.8818442502E+00 -1.4333588636E-02 -2.6551174922E-09  3.0249010377E-01 -1.0977509729E+00
 -1.8818442502E+00 -1.4333588636E-02 -2.6551174922E-09  3.0249010377E-01 -1.0977509729E+00
 -1.8818442502E+00 -1.4333588636E-02 -2.6551174922E-09  3.0249010377E-01 -1.0977509729E+00
 -1.8818442502E+00 -1.4333588636E-02 -2.6551174923E-09  3.0249010377E-01 -1.0977509729E+00
 -1.8818442502E+00 -1.4333588636E-02 -2.6551174924E-09  3.0249010377E-01 -1.0977509729E+00
 -1.8818442502E+00 -1.4333588636E-02 -2.6551174923E-09  3.0249010377E-01 -1.0977509729E+00
 -1.8818442502E+00 -1.4333588636E-02 -2.6551174924E-09  3.0249010377E-01 -1.0977509729E+00
 -1.8818442502E+00 -1.4333588636E-02 -2.6551174922E-09  3.0249010377E-01 -1.0977509729E+00
 -1.8818442502E+00 -1.4333588636E-02 -2.6551174923E-09  3.0249010377E-01 -1.0977509729E+00
 -1.8818442502E+00 -1.4333588636E-02 -2.6551174923E-09  3.0249010377E-01 -1.0977509729E+00
 -1.8818442502E+00 -1.4333588636E-02 -2.6551174923E-09  3.0249010377E-01 -1.0977509729E+00
 -1.8818442502E+00 -1.4333588636E-02 -2.6551174923E-09  3.0249010377E-01 -1.0977509729E+00
 -1.8818442502E+00 -1.4333588636E-02 -2.6551174924E-09  3.0249010377E-01 -1.0977509729E+00
 -1.8818442502E+00 -1.4333588636E-02 -2.6551174921E-09  3.0249010377E-01 -1.0977509729E+00
 -1.8818442502E+00 -1.4333588636E-02 -2.6551174923E-09  3.0249010377E-01 -1.0977509729E+00
 -1.8818442502E+00 -1.4333588636E-02 -2.6551174923E-09  3.0249010377E-01 -1.0977509729E+00
 -1.8818442502E+00 -1.4333588636E-02 -2.6551174923E-09  3.0249010377E-01 -1.0977509729E+00
 -1.8818442502E+00 -1.4333588636E-02 -2.6551174923E-09  3.0249010377E-01 -1.0977509729E+00
 -1.8818442502E+00 -1.4333588636E-02 -2.6551174923E-09  3.0249010377E-01 -1.0977509729E+00
 -1.8818442502E+00 -1.4333588636E-02 -2.6551174922E-09  3.0249010377E-01 -1.0977509729E+00
 -1.8818442502E+00 -1.4333588636E-02 -2.6551174923E-09  3.0249010377E-01 -1.0977509729E+00
 -1.8818442502E+00 -1.4333588636E-02 -2.6551174923E-09  3.0249010377E-01 -1.0977509729E+00
 -1.8818442502E+00 -1.4333588636E-02 -2.6551174923E-09  3.0249010377E-01 -1.0977509729E+00
 -1.8818442502E+00 -1.4333588636E-02 -2.6551174923E-09  3.0249010377E-01 -1.0977509729E+00
 -1.8818442502E+00 -1.4333588636E-02 -2.6551174923E-09  3.0249010377E-01 -1.0977509729E+00
 -1.8818442502E+00 -1.4333588636E-02 -2.6551174923E-09  3.0249010377E-01 -1.0977509729E+00
 -1.8818442502E+00 -1.4333588636E-02 -2.6551174922E-09  3.0249010377E-01 -1.0977509729E+00
 -1.8818442502E+00 -1.4333588636E-02 -2.6551174924E-09  3.0249010377E-01 -1.0977509729E+00
 -1.8818442502E+00 -1.4333588636E-02 -2.6551174923E-09  3.0249010377E-01 -1.0977509729E+00
 -1.8818442502E+00 -1.4333588636E-02 -2.6551174923E-09  3.0249010377E-01 -1.0977509729E+00
 -1.8818442502E+00 -1.4333588636E-02 -2.6551174922E-09  3.0249010377E-01 -1.0977509729E+00
 -1.8818442502E+00 -1.4333588636E-02 -2.6551174923E-09  3.0249010377E-01 -1.0977509729E+00
 -1.8818442502E+00 -1.4333588636E-02 -2.6551174922E-09  3.0249010377E-01 -1.0977509729E+00
 -1.8818442502E+00 -1.4333588636E-02 -2.6551174924E-09  3.0249010377E-01 -1.0977509729E+00
 -1.8818442502E+00 -1.4333588636E-02 -2.6551174923E-09  3.0249010377E-01 -1.0977509729E+00
 -1.8818442502E+00 -1.4333588636E-02 -2.6551174923E-09  3.0249010377E-01 -1.0977509729E+00
 -1.8818442502E+00 -1.4333588636E-02 -2.6551174923E-09  3.0249010377E-01 -1.0977509729E+00
 -1.8818442502E+00 -1.4333588636E-02 -2.6551174923E-09  3.0249010377E-01 -1.0977509729E+00
 -1.8818442502E+00 -1.4333588636E-02 -2.6551174923E-09  3.0249010377E-01 -1.0977509729E+00
 -1.8818442502E+00 -1.4333588636E-02 -2.6551174923E-09  3.0249010377E-01 -1.0977509729E+00
 -1.8818442502E+00 -1.4333588636E-02 -2.6551174923E-09  3.0249010377E-01 -1.0977509729E+00
 -1.8818442502E+00 -1.4333588636E-02 -2.6551174923E-09  3.0249010377E-01 -1.0977509729E+00
 -1.8818442502E+00 -1.4333588636E-02 -2.6551174922E-09  3.0249010377E-01 -1.0977509729E+00
 -1.8818442502E+00 -1.4333588636E-02 -2.6551174924E-09  3.0249010377E-01 -1.0977509729E+00
 -1.8818442502E+00 -1.4333588636E-02 -2.6551174923E-09  3.0249010377E-01 -1.0977509729E+00
 -1.8818442502E+00 -1.4333588636E-02 -2.6551174922E-09  3.0249010377E-01 -1.0977509729E+00
 -1.8818442502E+00 -1.4333588636E-02 -2.6551174922E-09  3.0249010377E-01 -1.0977509729E+00
 -1.8818442502E+00 -1.4333588636E-02 -2.6551174923E-09  3.0249010377E-01 -1.0977509729E+00
 -1.8818442502E+00 -1.4333588636E-02 -2.6551174923E-09  3.0249010377E-01 -1.0977509729E+00
 -1.8818442502E+00 -1.4333588636E-02 -2.6551174923E-09  3.0249010377E-01 -1.0977509729E+00
 -1.8818442502E+00 -1.4333588636E-02 -2.6551174923E-09  3.0249010377E-01 -1.0977509729E+00
 -1.8818442502E+00 -1.4333588636E-02 -2.6551174924E-09  3.0249010377E-01 -1.0977509729E+00
 -1.8818442502E+00 -1.4333588636E-02 -2.6551174923E-09  3.0249010377E-01 -1.0977509729E+00
 -1.8818442502E+00 -1.4333588636E-02 -2.6551174923E-09  3.0249010377E-01 -1.0977509729E+00
 -1.8818442502E+00 -1.4333588636E-02 -2.6551174923E-09  3.0249010377E-01 -1.0977509729E+00
 -1.8818442502E+00 -1.4333588636E-02 -2.6551174922E-09  3.0249010377E-01 -1.0977509729E+00
 -1.8818442502E+00 -1.4333588636E-02 -2.6551174923E-09  3.0249010377E-01 -1.0977509729E+00
 -1.8818442502E+00 -1.4333588636E-02 -2.6551174923E-09  3.0249010377E-01 -1.0977509729E+00
 -1.8818442502E+00 -1.4333588636E-02 -2.6551174923E-09  3.0249010377E-01 -1.0977509729E+00
 -1.8818442502E+00 -1.4333588636E-02 -2.6551174923E-09  3.0249010377E-01 -1.0977509729E+00
 -1.8818442502E+00 -1.4333588636E-02 -2.6551174923E-09  3.0249010377E-01 -1.0977509729E+00
 -1.8818442502E+00 -1.4333588636E-02 -2.6551174923E-09  3.0249010377E-01 -1.0977509729E+00
 -1.8818442502E+00 -1.4333588636E-02 -2.6551174922E-09  3.0249010377E-01 -1.0977509729E+00
 -1.8818442502E+00 -1.4333588636E-02 -2.6551174923E-09  3.0249010377E-01 -1.0977509729E+00
 -1.8818442502E+00 -1.4333588636E-02 -2.6551174923E-09  3.0249010377E-01 -1.0977509729E+00
 -1.8818442502E+00 -1.4333588636E-02 -2.6551174923E-09  3.0249010377E-01 -1.0977509729E+00
 -1.8818442502E+00 -1.4333588636E-02 -2.6551174922E-09  3.0249010377E-01 -1.0977509729E+00
 -1.8818442502E+00 -1.4333588636E-02 -2.6551174923E-09  3.0249010377E-01 -1.0977509729E+00
 -1.8818442502E+00 -1.4333588636E-02 -2.6551174922E-09  3.0249010377E-01 -1.0977509729E+00
 -1.8818442502E+00 -1.4333588636E-02 -2.6551174923E-09  3.0249010377E-01 -1.0977509729E+00
 -1.8818442502E+00 -1.4333588636E-02 -2.6551174922E-09  3.0249010377E-01 -1.0977509729E+00
 -1.8818442502E+00 -1.4333588636E-02 -2.6551174923E-09  3.0249010377E-01 -1.0977509729E+00
 -1.8818442502E+00 -1.4333588636E-02 -2.6551174923E-09  3.0249010377E-01 -1.0977509729E+00
 -1.8818442502E+00 -1.4333588636E-02 -2.6551174922E-09  3.0249010377E-01 -1.0977509729E+00
 -1.8818442502E+00 -1.4333588636E-02 -2.6551174924E-09  3.0249010377E-01 -1.0977509729E+00
 -1.8818442502E+00 -1.4333588636E-02 -2.6551174923E-09  3.0249010377E-01 -1.0977509729E+00
 -1.8818442502E+00 -1.4333588636E-02 -2.6551174922E-09  3.0249010377E-01 -1.0977509729E+00
 -1.8818442502E+00 -1.4333588636E-02 -2.6551174922E-09  3.0249010377E-01 -1.0977509729E+00
 -1.8818442502E+00 -1.4333588636E-02 -2.6551174923E-09  3.0249010377E-01 -1.0977509729E+00
 -1.8818442502E+00 -1.4333588636E-02 -2.6551174922E-09  3.0249010377E-01 -1.0977509729E+00
 -1.8818442502E+00 -1.4333588636E-02 -2.6551174923E-09  3.0249010377E-01 -1.0977509729E+00
 -1.8818442502E+00 -1.4333588636E-02 -2.6551174923E-09  3.0249010377E-01 -1.0977509729E+00
 -1.8818442502E+00 -1.4333588636E-02 -2.6551174924E-09  3.0249010377E-01 -1.0977509729E+00
 -1.8818442502E+00 -1.4333588636E-02 -2.6551174923E-09  3.0249010377E-01 -1.0977509729E+00
 -1.8818442502E+00 -1.4333588636E-02 -2.6551174923E-09  3.0249010377E-01 -1.0977509729E+00
 -1.8818442502E+00 -1.4333588636E-02 -2.6551174924E-09  3.0249010377E-01 -1.0977509729E+00
 -1.8818442502E+00 -1.4333588636E-02 -2.6551174922E-09  3.0249010377E-01 -1.0977509729E+00
 -1.8818442502E+00 -1.4333588636E-02 -2.6551174924E-09  3.0249010377E-01 -1.0977509729E+00
 -1.8818442502E+00 -1.4333588636E-02 -2.6551174922E-09  3.0249010377E-01 -1.0977509729E+00
 -1.8818442502E+00 -1.4333588636E-02 -2.6551174922E-09  3.0249010377E-01 -1.0977509729E+00
 -1.8818442502E+00 -1.4333588636E-02 -2.6551174924E-09  3.0249010377E-01 -1.0977509729E+00
 -1.8818442502E+00 -1.4333588636E-02 -2.6551174922E-09  3.0249010377E-01 -1.0977509729E+00
