 AIMInt (Version 19.10.12, Professional)
 Portions Copyright (c) 1997-2019 by Todd A. Keith
 AIMInt is a component of the AIMAll package ( http://aim.tkgristmill.com )

 TP:  64-bit Mac OS X

 AIMInt is a heavily modified and extended version of the PROAIMV program
 developed by members of R.F.W. Bader's research group

 Much of the Quantum Theory of Atoms in Molecules (QTAIM) is described in the book:
   "Atoms in Molecules - A Quantum Theory"
   R.F.W. Bader, Oxford University Press, Oxford, 1990

 For additional references see:  http://aim.tkgristmill.com/references.html

 Current Directory:  /Users/chemlab/Documents/SubstituentCoding/New Reorientation Test

 Inp File:  SubC6H5_CF2H-ReorPosY-B3LYP-def2-TZVPPD-Field_atomicfiles/c12.inp
 Wfx File:  SubC6H5_CF2H-ReorPosY-B3LYP-def2-TZVPPD-Field.wfx
 Out File:  SubC6H5_CF2H-ReorPosY-B3LYP-def2-TZVPPD-Field_atomicfiles/c12.int

 Wfx Title:   SubC6H5_CF2H-ReorPosY-B3LYP-def2-TZVPPD-Field.chk                             
 Job Title:   SubC6H5_CF2H-ReorPosY-B3LYP-def2-TZVPPD-Field.chk                             
 
<Atom>
C12     
</Atom>
<Nuclei of Molecule>
    15
C1         6.0           0.0000000000E+00   0.0000000000E+00   0.0000000000E+00
C2         6.0          -2.8301851784E+00   0.0000000000E+00   0.0000000000E+00
H3         1.0           8.1164226432E-01   1.8946779837E+00   0.0000000000E+00
F4         9.0           9.3270337028E-01  -1.2536154179E+00   2.0739128106E+00
F5         9.0           9.3270467079E-01  -1.2536160689E+00  -2.0739103715E+00
C6         6.0          -4.1617202403E+00  -2.2753159313E+00   1.4361918547E-08
C7         6.0          -4.1351613681E+00   2.2807743107E+00   4.2216481623E-07
C8         6.0          -6.7824858549E+00  -2.2545809791E+00  -1.3369812331E-06
H9         1.0          -3.1422414206E+00  -4.0467829336E+00   6.6745126720E-07
C10        6.0          -6.7642167018E+00   2.2990517139E+00  -8.5699079749E-07
H11        1.0          -3.1006367074E+00   4.0466448713E+00  -7.9481880799E-07
C12        6.0          -8.0868290871E+00   3.2179479480E-02  -1.8099796821E-06
H13        1.0          -7.8132251627E+00  -4.0199599399E+00  -1.8931276316E-06
H14        1.0          -7.7718281599E+00   4.0775333856E+00  -1.7472407748E-06
H15        1.0          -1.0131388284E+01   4.1577766854E-02  -2.0344791457E-06
</Nuclei of Molecule>
<Total Number of CPs of DelSqRho>
    34
</Total Number of CPs of DelSqRho>
<Number of (3,+3) CPs of DelSqRho>
     4
</Number of (3,+3) CPs of DelSqRho>
<Number of (3,+1) CPs of DelSqRho>
    13
</Number of (3,+1) CPs of DelSqRho>
<Number of (3,-1) CPs of DelSqRho>
    14
</Number of (3,-1) CPs of DelSqRho>
<Number of (3,-3) CPs of DelSqRho>
     3
</Number of (3,-3) CPs of DelSqRho>
<Number of Degenerate CPs of DelSqRho>
     0
</Number of Degenerate CPs of DelSqRho>
<CP of DelSqRho>
CP# = 1       
Type = (3,+3)
Coords = -8.08682910890969E+00  3.21794781931547E-02 -1.80997965440219E-06
DistFromNuc =  2.1844614922E-08
Rho =  1.2207697531E+02
DelSqRho = -9.6839114278E+05
GradDelSqRho =  2.4160544854E-07  3.5216828564E-08  2.5325366804E-12
HessDelSqRho_EigVals =  3.3377657193E+10  3.3377660635E+10  3.3377662036E+10
HessDelSqRho_EigVec1 = -2.0677806503E-07 -1.7346361556E-07  1.0000000000E+00
HessDelSqRho_EigVec2 =  9.9988351580E-01 -1.5262858043E-02  2.0410642811E-07
HessDelSqRho_EigVec3 =  1.5262858043E-02  9.9988351580E-01  1.7659943404E-07
</CP of DelSqRho>
<CP of DelSqRho>
CP# = 2       
Type = (3,+1)
Coords = -7.43783464482825E+00 -1.11378396221029E+00 -1.57528165977858E-06
DistFromNuc =  1.3169760802E+00
Rho =  3.1954507798E-01
DelSqRho = -9.5117917850E-01
GradDelSqRho = -3.9551695252E-16 -3.4694469520E-17 -1.7067713887E-19
HessDelSqRho_EigVals = -6.3025028374E+00  4.7205312158E+00  6.6044866042E+00
HessDelSqRho_EigVec1 = -4.9540680607E-01  8.6866109416E-01 -1.7948827472E-07
HessDelSqRho_EigVec2 = -4.4950377704E-07 -4.9730506033E-08  1.0000000000E+00
HessDelSqRho_EigVec3 =  8.6866109416E-01  4.9540680607E-01  4.1510327395E-07
</CP of DelSqRho>
<CP of DelSqRho>
CP# = 3       
Type = (3,+1)
Coords = -9.35700625284985E+00  3.78688509315094E-02 -1.98130475155897E-06
DistFromNuc =  1.2701899076E+00
Rho =  2.9283626326E-01
DelSqRho = -1.0979170426E+00
GradDelSqRho = -1.9428902931E-15  2.2204460493E-16 -1.6940658945E-21
HessDelSqRho_EigVals = -9.5896202332E+00  7.8607353224E+00  8.2711023819E+00
HessDelSqRho_EigVec1 =  9.9998833670E-01 -4.8297472451E-03  7.3102887139E-08
HessDelSqRho_EigVec2 = -7.3945206013E-08 -1.7422369879E-07  1.0000000000E+00
HessDelSqRho_EigVec3 =  4.8297472451E-03  9.9998833670E-01  1.7457880342E-07
</CP of DelSqRho>
<CP of DelSqRho>
CP# = 4       
Type = (3,-1)
Coords = -7.84882832924347E+00  3.09971651190177E-02 -1.69359512065383E-06
DistFromNuc =  2.3800369453E-01
Rho =  7.8926722301E+00
DelSqRho =  2.9015497163E+02
GradDelSqRho =  2.4876101179E-11  6.2172489379E-14  1.5314355686E-17
HessDelSqRho_EigVals = -7.4042888880E+04 -5.0201113256E+01  8.6479047550E+01
HessDelSqRho_EigVec1 =  9.9998769637E-01 -4.9605551366E-03  4.8881231239E-07
HessDelSqRho_EigVec2 =  4.9605551366E-03  9.9998769637E-01  2.0317639407E-08
HessDelSqRho_EigVec3 = -4.8890708499E-07 -1.7892608999E-08  1.0000000000E+00
</CP of DelSqRho>
<CP of DelSqRho>
CP# = 5       
Type = (3,+1)
Coords = -8.32486067025867E+00  2.74352133051553E-02 -1.89403832972515E-06
DistFromNuc =  2.3807885803E-01
Rho =  7.8985124652E+00
DelSqRho =  2.8882975602E+02
GradDelSqRho = -9.4386720662E-12 -5.0448534239E-13 -4.8246996676E-18
HessDelSqRho_EigVals = -7.3979300988E+04  3.2682891028E+01  1.3513872287E+02
HessDelSqRho_EigVec1 =  9.9980198775E-01  1.9899378953E-02  3.5332354361E-07
HessDelSqRho_EigVec2 = -1.9899378953E-02  9.9980198775E-01 -1.5991184039E-08
HessDelSqRho_EigVec3 = -3.5357179585E-07  8.9570985016E-09  1.0000000000E+00
</CP of DelSqRho>
<CP of DelSqRho>
CP# = 6       
Type = (3,+1)
Coords = -8.03536827160909E+00  2.64584670431305E-01 -1.77512877250046E-06
DistFromNuc =  2.3803442674E-01
Rho =  7.9009838324E+00
DelSqRho =  2.8925122795E+02
GradDelSqRho = -1.3145040612E-12 -3.7800873542E-12 -2.0599841277E-18
HessDelSqRho_EigVals = -7.4022195685E+04  2.5725388406E+01  1.2193578356E+02
HessDelSqRho_EigVec1 =  2.1653394916E-01  9.7627508872E-01  1.4627736188E-07
HessDelSqRho_EigVec2 =  9.7627508872E-01 -2.1653394916E-01  4.1243266010E-07
HessDelSqRho_EigVec3 = -4.3432174667E-07 -5.3501271798E-08  1.0000000000E+00
</CP of DelSqRho>
<CP of DelSqRho>
CP# = 7       
Type = (3,+1)
Coords = -8.04621841641169E+00 -2.02373957840506E-01 -1.78397733145488E-06
DistFromNuc =  2.3804315057E-01
Rho =  7.9002967297E+00
DelSqRho =  2.8921662621E+02
GradDelSqRho =  3.0730973322E-13 -2.3971935548E-12 -9.5545316450E-19
HessDelSqRho_EigVals = -7.4012998559E+04  2.3203539419E+01  1.2231923409E+02
HessDelSqRho_EigVec1 = -1.7097056040E-01  9.8527613768E-01 -1.0912555317E-07
HessDelSqRho_EigVec2 =  9.8527613768E-01  1.7097056040E-01  3.8779150927E-07
HessDelSqRho_EigVec3 = -4.0073897745E-07  4.1217871896E-08  1.0000000000E+00
</CP of DelSqRho>
<CP of DelSqRho>
CP# = 8       
Type = (3,-3)
Coords = -8.07505443394866E+00  3.26599501324755E-02  2.37570240758379E-01
DistFromNuc =  2.3786414736E-01
Rho =  7.8724513163E+00
DelSqRho =  2.9263544501E+02
GradDelSqRho =  1.7763568394E-14  3.4194869158E-14 -5.0448534239E-13
HessDelSqRho_EigVals = -7.4256079947E+04 -1.2044002004E+02 -1.0858179125E+02
HessDelSqRho_EigVec1 =  4.9668252281E-02  2.0295599124E-03  9.9876370859E-01
HessDelSqRho_EigVec2 =  4.1847267402E-02  9.9911556048E-01 -4.1113283239E-03
HessDelSqRho_EigVec3 =  9.9788870668E-01 -4.1999734477E-02 -4.9539392179E-02
</CP of DelSqRho>
<CP of DelSqRho>
CP# = 9       
Type = (3,-3)
Coords = -8.07505423997255E+00  3.26599538609673E-02 -2.37573850923318E-01
DistFromNuc =  2.3786414719E-01
Rho =  7.8724513229E+00
DelSqRho =  2.9263544551E+02
GradDelSqRho =  1.8118839762E-13  2.7533531011E-14 -8.3311135768E-12
HessDelSqRho_EigVals = -7.4256080092E+04 -1.2044002322E+02 -1.0858178984E+02
HessDelSqRho_EigVec1 = -4.9669067719E-02 -2.0295756115E-03  9.9876366801E-01
HessDelSqRho_EigVec2 =  4.1846989200E-02  9.9911557198E-01  4.1113645499E-03
HessDelSqRho_EigVec3 =  9.9788867776E-01 -4.1999460073E-02  4.9540207375E-02
</CP of DelSqRho>
<CP of DelSqRho>
CP# = 10      
Type = (3,-1)
Coords = -8.17614607684317E+00  2.52871469672472E-01 -1.83328149643104E-06
DistFromNuc =  2.3808082491E-01
Rho =  7.8931998696E+00
DelSqRho =  2.8933959897E+02
GradDelSqRho = -2.1653789872E-12  7.3256956057E-12  1.4094628242E-18
HessDelSqRho_EigVals = -7.3958176158E+04 -2.2812478157E+01  1.1139305255E+02
HessDelSqRho_EigVec1 = -3.7495855229E-01  9.2704157623E-01 -9.8080064281E-08
HessDelSqRho_EigVec2 =  9.2704157623E-01  3.7495855229E-01  3.7991045718E-07
HessDelSqRho_EigVec3 = -3.8896874797E-07 -5.1526377636E-08  1.0000000000E+00
</CP of DelSqRho>
<CP of DelSqRho>
CP# = 11      
Type = (3,-1)
Coords = -8.17508897151645E+00 -1.88943773192341E-01 -1.83373842340793E-06
DistFromNuc =  2.3808674904E-01
Rho =  7.8932544228E+00
DelSqRho =  2.8928236605E+02
GradDelSqRho = -3.2365221614E-12 -8.1437079302E-12 -2.3039296165E-18
HessDelSqRho_EigVals = -7.3952563063E+04 -2.0338187925E+01  1.1313059836E+02
HessDelSqRho_EigVec1 =  3.7050225125E-01  9.2883156806E-01  9.9932161662E-08
HessDelSqRho_EigVec2 =  9.2883156806E-01 -3.7050225125E-01  3.5848863760E-07
HessDelSqRho_EigVec3 = -3.7000065426E-07  4.0000700862E-08  1.0000000000E+00
</CP of DelSqRho>
<CP of DelSqRho>
CP# = 12      
Type = (3,-1)
Coords = -7.13808860706006E+00  2.77767321873609E-02 -1.51704651872554E-06
DistFromNuc =  9.4875069573E-01
Rho =  2.2204984680E-01
DelSqRho =  2.2854922669E-02
GradDelSqRho = -5.5511151231E-16  2.2204460493E-16 -6.0986372202E-20
HessDelSqRho_EigVals = -4.9637494772E+00 -8.4221200629E-01  2.4103758701E+01
HessDelSqRho_EigVec1 =  4.2015946894E-03  9.9999117326E-01  8.4826395930E-08
HessDelSqRho_EigVec2 = -3.2143150088E-07 -8.3476607869E-08  1.0000000000E+00
HessDelSqRho_EigVec3 =  9.9999117326E-01 -4.2015946894E-03  3.2107792882E-07
</CP of DelSqRho>
<CP of DelSqRho>
CP# = 13      
Type = (3,+3)
Coords = -9.03881254417773E+00  3.61719482045304E-02 -1.98156053551586E-06
DistFromNuc =  9.5199182893E-01
Rho =  3.1551148651E-01
DelSqRho = -1.3256651230E+00
GradDelSqRho = -1.1102230246E-14  3.8857805862E-16  8.4703294725E-21
HessDelSqRho_EigVals =  7.8830873130E+00  8.7301663439E+00  2.5210289170E+01
HessDelSqRho_EigVec1 = -2.7516130479E-07 -1.9796332228E-07  1.0000000000E+00
HessDelSqRho_EigVec2 =  3.4261708134E-03  9.9999413066E-01  1.9890490999E-07
HessDelSqRho_EigVec3 =  9.9999413066E-01 -3.4261708135E-03  2.7448143362E-07
</CP of DelSqRho>
<CP of DelSqRho>
CP# = 14      
Type = (3,-1)
Coords = -8.55878441244339E+00  8.51461149035186E-01 -2.00586213047490E-06
DistFromNuc =  9.4549684462E-01
Rho =  2.1844898182E-01
DelSqRho = -4.3063264937E-02
GradDelSqRho =  2.6645352591E-15 -9.5479180118E-15  1.9058241313E-20
HessDelSqRho_EigVals = -4.6339153789E+00 -2.0738690819E-01  2.5123398888E+01
HessDelSqRho_EigVec1 =  8.6934950779E-01  4.9419776740E-01  3.2261817924E-07
HessDelSqRho_EigVec2 = -3.7794932735E-07  1.2043523564E-08  1.0000000000E+00
HessDelSqRho_EigVec3 = -4.9419776740E-01  8.6934950779E-01 -1.9725174505E-07
</CP of DelSqRho>
<CP of DelSqRho>
CP# = 15      
Type = (3,-1)
Coords = -8.56631567918984E+00 -7.82330397770096E-01 -2.65261381235446E-06
DistFromNuc =  9.4516333622E-01
Rho =  2.1847725923E-01
DelSqRho = -4.7456083076E-02
GradDelSqRho =  2.6645352591E-15  9.1315843775E-15  5.0821976835E-20
HessDelSqRho_EigVals = -4.6218302024E+00 -1.6847345105E-01  2.5246319757E+01
HessDelSqRho_EigVec1 =  8.6440749655E-01 -5.0279188528E-01  1.1748314894E-07
HessDelSqRho_EigVec2 = -5.1643193030E-07 -6.5419608530E-07  1.0000000000E+00
HessDelSqRho_EigVec3 =  5.0279188528E-01  8.6440749655E-01  8.2514978420E-07
</CP of DelSqRho>
<CP of DelSqRho>
CP# = 16      
Type = (3,-1)
Coords = -8.28311840662588E+00  2.20166029228192E-02  9.76984246520246E-01
DistFromNuc =  9.9656135567E-01
Rho =  1.6126744907E-01
DelSqRho = -2.2870191313E-03
GradDelSqRho = -6.6613381478E-16  1.1102230246E-16 -2.6645352591E-15
HessDelSqRho_EigVals = -9.7728517841E-01 -4.7751256213E-01  1.2541742663E+01
HessDelSqRho_EigVec1 =  9.7611467359E-01 -2.6816851285E-02  2.1559452795E-01
HessDelSqRho_EigVec2 =  2.3781491189E-02  9.9957833230E-01  1.6661280831E-02
HessDelSqRho_EigVec3 = -2.1595042179E-01 -1.1136161333E-02  9.7634082227E-01
</CP of DelSqRho>
<CP of DelSqRho>
CP# = 17      
Type = (3,-1)
Coords = -8.28311778351590E+00  2.20166317518566E-02 -9.76987961565306E-01
DistFromNuc =  9.9656132586E-01
Rho =  1.6126745446E-01
DelSqRho = -2.2871860719E-03
GradDelSqRho = -3.3306690739E-16 -8.3266726847E-17 -1.5543122345E-15
HessDelSqRho_EigVals = -9.7728460419E-01 -4.7751186471E-01  1.2541748542E+01
HessDelSqRho_EigVec1 =  9.7611479882E-01 -2.6817422010E-02 -2.1559388997E-01
HessDelSqRho_EigVec2 =  2.3782064818E-02  9.9957831727E-01 -1.6661363417E-02
HessDelSqRho_EigVec3 =  2.1594979257E-01  1.1136135535E-02  9.7634096174E-01
</CP of DelSqRho>
<CP of DelSqRho>
CP# = 18      
Type = (3,+1)
Coords = -8.50769088006579E+00  6.95357869460547E-01  5.50748111646114E-01
DistFromNuc =  9.5929958922E-01
Rho =  2.0054762874E-01
DelSqRho = -5.8310249630E-02
GradDelSqRho = -1.4432899320E-15  6.6613381478E-15  4.8849813084E-15
HessDelSqRho_EigVals = -3.2098313271E+00  2.6470610761E-01  2.1090170682E+01
HessDelSqRho_EigVec1 =  8.7530908702E-01  4.7175834525E-01  1.0619823851E-01
HessDelSqRho_EigVec2 =  1.7750295431E-01 -5.1774260009E-01  8.3692012837E-01
HessDelSqRho_EigVec3 = -4.4980740700E-01  7.1371329239E-01  5.3692330260E-01
</CP of DelSqRho>
<CP of DelSqRho>
CP# = 19      
Type = (3,+1)
Coords = -8.52013307018785E+00 -6.49344938969089E-01  5.14169776272282E-01
DistFromNuc =  9.5739244556E-01
Rho =  2.0260236118E-01
DelSqRho = -5.8275379067E-02
GradDelSqRho = -1.0008660567E-12 -1.3621048733E-12  1.5513285101E-12
HessDelSqRho_EigVals = -3.3601274949E+00  2.2877268069E-01  2.1603861088E+01
HessDelSqRho_EigVec1 =  8.6980558886E-01 -4.8412065096E-01  9.5212566907E-02
HessDelSqRho_EigVec2 =  1.7245178757E-01  4.7910429186E-01  8.6065060187E-01
HessDelSqRho_EigVec3 =  4.6227547907E-01  7.3217912620E-01 -5.0021506236E-01
</CP of DelSqRho>
<CP of DelSqRho>
CP# = 20      
Type = (3,+1)
Coords = -8.50769036866483E+00  6.95357564105817E-01 -5.50752540441341E-01
DistFromNuc =  9.5929961813E-01
Rho =  2.0054757456E-01
DelSqRho = -5.8310283643E-02
GradDelSqRho = -8.8817841970E-16  3.3306690739E-16 -2.1094237468E-15
HessDelSqRho_EigVals = -3.2098267835E+00  2.6470612654E-01  2.1090161694E+01
HessDelSqRho_EigVec1 =  8.7530918038E-01  4.7175829699E-01 -1.0619768344E-01
HessDelSqRho_EigVec2 = -1.7750374925E-01  5.1774307441E-01  8.3691966634E-01
HessDelSqRho_EigVec3 = -4.4980691163E-01  7.1371298021E-01 -5.3692413256E-01
</CP of DelSqRho>
<CP of DelSqRho>
CP# = 21      
Type = (3,+1)
Coords = -8.52013262932873E+00 -6.49344554651579E-01 -5.14174340535739E-01
DistFromNuc =  9.5739247959E-01
Rho =  2.0260230915E-01
DelSqRho = -5.8275340566E-02
GradDelSqRho = -1.0048628596E-12 -1.3739287485E-12 -1.5560885913E-12
HessDelSqRho_EigVals = -3.3601237877E+00  2.2877223337E-01  2.1603850302E+01
HessDelSqRho_EigVec1 =  8.6980566161E-01 -4.8412059717E-01 -9.5212175875E-02
HessDelSqRho_EigVec2 = -1.7245255009E-01 -4.7910494436E-01  8.6065008584E-01
HessDelSqRho_EigVec3 =  4.6227505773E-01  7.3217873479E-01  5.0021602465E-01
</CP of DelSqRho>
<CP of DelSqRho>
CP# = 22      
Type = (3,+1)
Coords = -7.51166163266759E+00  2.63256432680693E-02  7.76357767582217E-01
DistFromNuc =  9.6622257359E-01
Rho =  1.9572104210E-01
DelSqRho = -1.0663476390E-01
GradDelSqRho =  0.0000000000E+00 -1.6653345369E-16 -1.2212453271E-15
HessDelSqRho_EigVals = -2.3191571546E+00  7.4140476894E-01  2.0096306232E+01
HessDelSqRho_EigVec1 =  2.4266248862E-03  9.9997903503E-01  6.0034158200E-03
HessDelSqRho_EigVec2 =  7.7660023682E-01  1.8976193582E-03 -6.2999085010E-01
HessDelSqRho_EigVec3 =  6.2998903456E-01 -6.1910056224E-03  7.7657935060E-01
</CP of DelSqRho>
<CP of DelSqRho>
CP# = 23      
Type = (3,+1)
Coords = -7.51166132038932E+00  2.63257690676141E-02 -7.76361170836434E-01
DistFromNuc =  9.6622258460E-01
Rho =  1.9572101614E-01
DelSqRho = -1.0663480844E-01
GradDelSqRho = -2.3314683517E-15 -1.6653345369E-16  2.0816681712E-15
HessDelSqRho_EigVals = -2.3191551543E+00  7.4140443103E-01  2.0096303042E+01
HessDelSqRho_EigVec1 =  2.4266127722E-03  9.9997903601E-01 -6.0032570443E-03
HessDelSqRho_EigVec2 =  7.7660000222E-01  1.8975310420E-03  6.2999113957E-01
HessDelSqRho_EigVec3 = -6.2998932380E-01  6.1908739796E-03  7.7657911701E-01
</CP of DelSqRho>
<CP of DelSqRho>
CP# = 24      
Type = (3,+3)
Coords = -7.61960708840774E+00  8.45849461017214E-01 -1.48122636234251E-06
DistFromNuc =  9.3827247371E-01
Rho =  3.4269941932E-01
DelSqRho = -1.2818763931E+00
GradDelSqRho = -3.9968028887E-15 -8.4376949872E-15  7.7927031147E-20
HessDelSqRho_EigVals =  5.3211506434E+00  8.1492160890E+00  3.1302453416E+01
HessDelSqRho_EigVec1 = -4.1746718777E-07 -1.3377691477E-07  1.0000000000E+00
HessDelSqRho_EigVec2 =  8.7027846758E-01 -4.9256003580E-01  2.9741954251E-07
HessDelSqRho_EigVec3 =  4.9256003580E-01  8.7027846758E-01  3.2205082133E-07
</CP of DelSqRho>
<CP of DelSqRho>
CP# = 25      
Type = (3,+3)
Coords = -7.62781845800926E+00 -7.86059247295366E-01 -1.64605492477499E-06
DistFromNuc =  9.3819260902E-01
Rho =  3.4100126122E-01
DelSqRho = -1.2761643177E+00
GradDelSqRho = -7.1054273576E-15  6.2172489379E-15  1.0672615135E-19
HessDelSqRho_EigVals =  5.3582816803E+00  8.0856168088E+00  3.1346753044E+01
HessDelSqRho_EigVec1 = -4.1249834116E-07 -3.5544944154E-08  1.0000000000E+00
HessDelSqRho_EigVec2 =  8.7534050695E-01  4.8350697709E-01  3.7826273556E-07
HessDelSqRho_EigVec3 = -4.8350697709E-01  8.7534050695E-01 -1.6833189655E-07
</CP of DelSqRho>
<CP of DelSqRho>
CP# = 26      
Type = (3,+1)
Coords = -7.85861424365068E+00  3.10830824449057E-01  1.52621176476542E+00
DistFromNuc =  1.5681378965E+00
Rho =  6.7403982698E-02
DelSqRho =  1.0377931500E-01
GradDelSqRho =  3.4694469520E-18  5.2041704279E-17  2.7755575616E-17
HessDelSqRho_EigVals = -4.8085536410E-01  2.4039107843E-02  8.0635748497E-02
HessDelSqRho_EigVec1 = -2.3155593873E-03  2.5964009917E-02  9.9966019645E-01
HessDelSqRho_EigVec2 = -1.8302098555E-01  9.8276648259E-01 -2.5949172282E-02
HessDelSqRho_EigVec3 =  9.8310627962E-01  1.8301888122E-01 -2.4763045297E-03
</CP of DelSqRho>
<CP of DelSqRho>
CP# = 27      
Type = (3,+1)
Coords = -7.85861351854891E+00  3.10830842017756E-01 -1.52621534160845E+00
DistFromNuc =  1.5681379632E+00
Rho =  6.7403960037E-02
DelSqRho =  1.0377927417E-01
GradDelSqRho = -8.3266726847E-17  9.7144514655E-17  4.1633363423E-16
HessDelSqRho_EigVals = -4.8085514933E-01  2.4039079457E-02  8.0635604526E-02
HessDelSqRho_EigVec1 =  2.3149225319E-03 -2.5964383042E-02  9.9966018824E-01
HessDelSqRho_EigVec2 = -1.8302047324E-01  9.8276657136E-01  2.5949423837E-02
HessDelSqRho_EigVec3 =  9.8310637650E-01  1.8301835164E-01  2.4769851921E-03
</CP of DelSqRho>
<CP of DelSqRho>
CP# = 28      
Type = (3,-3)
Coords = -6.60247925773679E+00  3.13513445345301E-02 -1.15878680181185E-06
DistFromNuc =  1.4843500604E+00
Rho =  9.9740577827E-02
DelSqRho =  2.7721721591E-01
GradDelSqRho = -6.6613381478E-16  1.0061396161E-16  1.0619675576E-19
HessDelSqRho_EigVals = -8.4073952505E-01 -3.7783624530E-01 -3.0861244756E-01
HessDelSqRho_EigVec1 =  9.9918643593E-01 -4.0329471374E-02  3.1225561530E-07
HessDelSqRho_EigVec2 =  4.0329471374E-02  9.9918643593E-01 -1.5283516464E-07
HessDelSqRho_EigVec3 = -3.0583781395E-07  1.6530392734E-07  1.0000000000E+00
</CP of DelSqRho>
<CP of DelSqRho>
CP# = 29      
Type = (3,-1)
Coords = -7.49010737548616E+00 -1.14162159497170E+00  1.41188391619054E+00
DistFromNuc =  1.9306234918E+00
Rho =  7.2369323869E-02
DelSqRho =  1.2394073151E-01
GradDelSqRho =  3.9837057264E-14  2.2648549702E-14 -6.6585625902E-14
HessDelSqRho_EigVals = -8.0746148568E-01 -1.5099073728E-01  8.9528022653E-02
HessDelSqRho_EigVec1 = -4.6699734524E-02 -2.6686625057E-02  9.9855243169E-01
HessDelSqRho_EigVec2 = -4.9514439049E-01  8.6881069782E-01  6.2604375427E-05
HessDelSqRho_EigVec3 =  8.6755470569E-01  4.9442471156E-01  5.3786961639E-02
</CP of DelSqRho>
<CP of DelSqRho>
CP# = 30      
Type = (3,-1)
Coords = -7.49010608681048E+00 -1.14162153946634E+00 -1.41188714514674E+00
DistFromNuc =  1.9306235705E+00
Rho =  7.2369322413E-02
DelSqRho =  1.2394071888E-01
GradDelSqRho =  3.9679197428E-14  2.2662427490E-14  6.6710525992E-14
HessDelSqRho_EigVals = -8.0746141428E-01 -1.5099077564E-01  8.9528026756E-02
HessDelSqRho_EigVec1 =  4.6698864006E-02  2.6686530603E-02  9.9855247493E-01
HessDelSqRho_EigVec2 = -4.9514447993E-01  8.6881064682E-01 -6.2948302162E-05
HessDelSqRho_EigVec3 =  8.6755470150E-01  4.9442480627E-01 -5.3786158560E-02
</CP of DelSqRho>
<CP of DelSqRho>
CP# = 31      
Type = (3,-1)
Coords = -9.37476785996099E+00  3.83731329345869E-02  1.22983564215511E+00
DistFromNuc =  1.7808213843E+00
Rho =  6.5885592643E-02
DelSqRho =  1.3225480869E-01
GradDelSqRho =  2.7408630920E-16  3.3415110956E-16 -1.1102230246E-15
HessDelSqRho_EigVals = -1.0710776378E+00 -1.6219265029E-01  3.7031519904E-02
HessDelSqRho_EigVec1 = -1.0440195851E-01  7.8528981964E-04  9.9453487339E-01
HessDelSqRho_EigVec2 =  9.9452567561E-01 -4.2902063567E-03  1.0440438054E-01
HessDelSqRho_EigVec3 =  4.3487475329E-03  9.9999048868E-01 -3.3308494238E-04
</CP of DelSqRho>
<CP of DelSqRho>
CP# = 32      
Type = (3,-1)
Coords = -9.37476795752824E+00  3.83735189456018E-02 -1.22983961216796E+00
DistFromNuc =  1.7808216979E+00
Rho =  6.5885582532E-02
DelSqRho =  1.3225477320E-01
GradDelSqRho =  1.1102230246E-16  3.7101398342E-16  1.0356299152E-15
HessDelSqRho_EigVals = -1.0710777030E+00 -1.6219278389E-01  3.7031532014E-02
HessDelSqRho_EigVec1 =  1.0440185666E-01 -7.8559597473E-04  9.9453488384E-01
HessDelSqRho_EigVec2 =  9.9452568635E-01 -4.2901640417E-03 -1.0440428000E-01
HessDelSqRho_EigVec3 =  4.3487373790E-03  9.9999048862E-01  3.3339428463E-04
</CP of DelSqRho>
<CP of DelSqRho>
CP# = 33      
Type = (3,-1)
Coords = -6.33343282129843E+00  5.25008162961801E-01 -8.98134210402260E-07
DistFromNuc =  1.8213397751E+00
Rho =  8.0482237060E-02
DelSqRho =  2.6285964955E-01
GradDelSqRho =  1.4752088440E-14 -8.9789287117E-15 -4.6899155498E-19
HessDelSqRho_EigVals = -1.1065535545E+00 -2.2482408804E-01  1.5122626333E-01
HessDelSqRho_EigVec1 =  8.6420130533E-01 -5.0314620526E-01  3.5209748049E-07
HessDelSqRho_EigVec2 = -5.3185144609E-07 -2.1371369264E-07  1.0000000000E+00
HessDelSqRho_EigVec3 =  5.0314620526E-01  8.6420130533E-01  4.5229068900E-07
</CP of DelSqRho>
<CP of DelSqRho>
CP# = 34      
Type = (3,-1)
Coords = -6.33415242526934E+00 -4.82498344697974E-01 -1.06600582925205E-06
DistFromNuc =  1.8266824419E+00
Rho =  7.9880361889E-02
DelSqRho =  2.6131083198E-01
GradDelSqRho =  9.2842400434E-15  5.2943760487E-15 -1.4108392528E-19
HessDelSqRho_EigVals = -1.0985515603E+00 -2.2147999231E-01  1.5612556531E-01
HessDelSqRho_EigVec1 =  8.6962108976E-01  4.9371971831E-01  4.0206059529E-07
HessDelSqRho_EigVec2 = -4.3337328624E-07 -5.1020943475E-08  1.0000000000E+00
HessDelSqRho_EigVec3 = -4.9371971831E-01  8.6962108976E-01 -1.6959604834E-07
</CP of DelSqRho>
<Path of -GradDelSqRho>
Starting CP# =      2
Ending CP# =     25
Number of Points =     16
 -7.4378346448E+00 -1.1137839622E+00 -1.5752816598E-06  3.1954507798E-01 -9.5117917850E-01
 -7.4502207841E+00 -1.0920679876E+00 -1.5797683989E-06  3.1965859885E-01 -9.5314944615E-01
 -7.4626089553E+00 -1.0703531721E+00 -1.5842546085E-06  3.1998421483E-01 -9.5906693742E-01
 -7.4749992889E+00 -1.0486395903E+00 -1.5887410051E-06  3.2051980652E-01 -9.6894702583E-01
 -7.4873920111E+00 -1.0269273717E+00 -1.5932283857E-06  3.2126178024E-01 -9.8280267164E-01
 -7.4997874713E+00 -1.0052167162E+00 -1.5977176537E-06  3.2220503119E-01 -1.0006255230E+00
 -7.5121861875E+00 -9.8350791990E-01 -1.6022098602E-06  3.2334290875E-01 -1.0223572888E+00
 -7.5245889195E+00 -9.6180141772E-01 -1.6067062739E-06  3.2466720268E-01 -1.0478492555E+00
 -7.5369967904E+00 -9.4009785264E-01 -1.6112084993E-06  3.2616817728E-01 -1.0768071843E+00
 -7.5494114960E+00 -9.1839819650E-01 -1.6157186862E-06  3.2783469132E-01 -1.1087182127E+00
 -7.5618356943E+00 -8.9670397413E-01 -1.6202399241E-06  3.2965445473E-01 -1.1427558356E+00
 -7.5742737969E+00 -8.7501772107E-01 -1.6247770563E-06  3.3161448989E-01 -1.1776586175E+00
 -7.5867338095E+00 -8.5334405044E-01 -1.6293385866E-06  3.3370188542E-01 -1.2115780705E+00
 -7.5992325337E+00 -8.3169268597E-01 -1.6339421311E-06  3.3590495074E-01 -1.2418912257E+00
 -7.6118163422E+00 -8.1009070022E-01 -1.6386365303E-06  3.3821486973E-01 -1.2649740091E+00
 -7.6278184580E+00 -7.8605924730E-01 -1.6460549248E-06  3.4100126122E-01 -1.2761643177E+00
</Path of -GradDelSqRho>
<Path of -GradDelSqRho>
Starting CP# =      2
Ending CP# =      0
Number of Points =    400
 -7.4378346448E+00 -1.1137839622E+00 -1.5752816598E-06  3.1954507798E-01 -9.5117917850E-01
 -7.4254504401E+00 -1.1355010401E+00 -1.5707937891E-06  3.1964432401E-01 -9.5314901770E-01
 -7.4130682446E+00 -1.1572192637E+00 -1.5663041643E-06  3.1995557059E-01 -9.5906342901E-01
 -7.4006881673E+00 -1.1789386947E+00 -1.5618122388E-06  3.2047660393E-01 -9.6893472400E-01
 -7.3883104165E+00 -1.2006594517E+00 -1.5573175094E-06  3.2120373658E-01 -9.8277195127E-01
 -7.3759353290E+00 -1.2223817262E+00 -1.5528195086E-06  3.2213177161E-01 -1.0005614998E+00
 -7.3635634176E+00 -1.2441058098E+00 -1.5483177916E-06  3.2325396980E-01 -1.0222378855E+00
 -7.3511954486E+00 -1.2658321380E+00 -1.5438119147E-06  3.2456203897E-01 -1.0476425621E+00
 -7.3388325682E+00 -1.2875613623E+00 -1.5393013995E-06  3.2604617319E-01 -1.0764679628E+00
 -7.3264765231E+00 -1.3092944739E+00 -1.5347856680E-06  3.2769518006E-01 -1.1081833674E+00
 -7.3141300721E+00 -1.3310330372E+00 -1.5302639202E-06  3.2949674809E-01 -1.1419386468E+00
 -7.3017978333E+00 -1.3527796657E+00 -1.5257348784E-06  3.3143792273E-01 -1.1764415183E+00
 -7.2894882820E+00 -1.3745391430E+00 -1.5211961720E-06  3.3350588011E-01 -1.2098037461E+00
 -7.2772195344E+00 -1.3963216472E+00 -1.5166424913E-06  3.3568910698E-01 -1.2393518241E+00
 -7.2650435755E+00 -1.4181561068E+00 -1.5120574114E-06  3.3797907671E-01 -1.2613983207E+00
 -7.2533977369E+00 -1.4402708838E+00 -1.5072760929E-06  3.4037024672E-01 -1.2709753123E+00
 -7.2531721035E+00 -1.4428724313E+00 -1.5059705833E-06  3.4060019624E-01 -1.2710184499E+00
 -7.2531721040E+00 -1.4428724316E+00 -1.5059702220E-06  3.4060019624E-01 -1.2710184499E+00
 -7.2531721040E+00 -1.4428724316E+00 -1.5059702219E-06  3.4060019624E-01 -1.2710184499E+00
 -7.2531721040E+00 -1.4428724316E+00 -1.5059702219E-06  3.4060019624E-01 -1.2710184499E+00
 -7.2531721040E+00 -1.4428724316E+00 -1.5059702219E-06  3.4060019624E-01 -1.2710184499E+00
 -7.2531721040E+00 -1.4428724316E+00 -1.5059702219E-06  3.4060019624E-01 -1.2710184499E+00
 -7.2531721040E+00 -1.4428724316E+00 -1.5059702219E-06  3.4060019624E-01 -1.2710184499E+00
 -7.2531721040E+00 -1.4428724316E+00 -1.5059702219E-06  3.4060019624E-01 -1.2710184499E+00
 -7.2531721040E+00 -1.4428724316E+00 -1.5059702219E-06  3.4060019624E-01 -1.2710184499E+00
 -7.2531721040E+00 -1.4428724316E+00 -1.5059702219E-06  3.4060019624E-01 -1.2710184499E+00
 -7.2531721040E+00 -1.4428724316E+00 -1.5059702219E-06  3.4060019624E-01 -1.2710184499E+00
 -7.2531721040E+00 -1.4428724316E+00 -1.5059702219E-06  3.4060019624E-01 -1.2710184499E+00
 -7.2531721040E+00 -1.4428724316E+00 -1.5059702219E-06  3.4060019624E-01 -1.2710184499E+00
 -7.2531721040E+00 -1.4428724316E+00 -1.5059702219E-06  3.4060019624E-01 -1.2710184499E+00
 -7.2531721040E+00 -1.4428724316E+00 -1.5059702219E-06  3.4060019624E-01 -1.2710184499E+00
 -7.2531721040E+00 -1.4428724316E+00 -1.5059702219E-06  3.4060019624E-01 -1.2710184499E+00
 -7.2531721040E+00 -1.4428724316E+00 -1.5059702219E-06  3.4060019624E-01 -1.2710184499E+00
 -7.2531721040E+00 -1.4428724316E+00 -1.5059702219E-06  3.4060019624E-01 -1.2710184499E+00
 -7.2531721040E+00 -1.4428724316E+00 -1.5059702219E-06  3.4060019624E-01 -1.2710184499E+00
 -7.2531721040E+00 -1.4428724316E+00 -1.5059702219E-06  3.4060019624E-01 -1.2710184499E+00
 -7.2531721040E+00 -1.4428724316E+00 -1.5059702219E-06  3.4060019624E-01 -1.2710184499E+00
 -7.2531721040E+00 -1.4428724316E+00 -1.5059702219E-06  3.4060019624E-01 -1.2710184499E+00
 -7.2531721040E+00 -1.4428724316E+00 -1.5059702219E-06  3.4060019624E-01 -1.2710184499E+00
 -7.2531721040E+00 -1.4428724316E+00 -1.5059702219E-06  3.4060019624E-01 -1.2710184499E+00
 -7.2531721040E+00 -1.4428724316E+00 -1.5059702219E-06  3.4060019624E-01 -1.2710184499E+00
 -7.2531721040E+00 -1.4428724316E+00 -1.5059702219E-06  3.4060019624E-01 -1.2710184499E+00
 -7.2531721040E+00 -1.4428724316E+00 -1.5059702219E-06  3.4060019624E-01 -1.2710184499E+00
 -7.2531721040E+00 -1.4428724316E+00 -1.5059702219E-06  3.4060019624E-01 -1.2710184499E+00
 -7.2531721040E+00 -1.4428724316E+00 -1.5059702219E-06  3.4060019624E-01 -1.2710184499E+00
 -7.2531721040E+00 -1.4428724316E+00 -1.5059702219E-06  3.4060019624E-01 -1.2710184499E+00
 -7.2531721040E+00 -1.4428724316E+00 -1.5059702219E-06  3.4060019624E-01 -1.2710184499E+00
 -7.2531721040E+00 -1.4428724316E+00 -1.5059702219E-06  3.4060019624E-01 -1.2710184499E+00
 -7.2531721040E+00 -1.4428724316E+00 -1.5059702219E-06  3.4060019624E-01 -1.2710184499E+00
 -7.2531721040E+00 -1.4428724316E+00 -1.5059702219E-06  3.4060019624E-01 -1.2710184499E+00
 -7.2531721040E+00 -1.4428724316E+00 -1.5059702219E-06  3.4060019624E-01 -1.2710184499E+00
 -7.2531721040E+00 -1.4428724316E+00 -1.5059702219E-06  3.4060019624E-01 -1.2710184499E+00
 -7.2531721040E+00 -1.4428724316E+00 -1.5059702219E-06  3.4060019624E-01 -1.2710184499E+00
 -7.2531721040E+00 -1.4428724316E+00 -1.5059702219E-06  3.4060019624E-01 -1.2710184499E+00
 -7.2531721040E+00 -1.4428724316E+00 -1.5059702219E-06  3.4060019624E-01 -1.2710184499E+00
 -7.2531721040E+00 -1.4428724316E+00 -1.5059702219E-06  3.4060019624E-01 -1.2710184499E+00
 -7.2531721040E+00 -1.4428724316E+00 -1.5059702219E-06  3.4060019624E-01 -1.2710184499E+00
 -7.2531721040E+00 -1.4428724316E+00 -1.5059702219E-06  3.4060019624E-01 -1.2710184499E+00
 -7.2531721040E+00 -1.4428724316E+00 -1.5059702219E-06  3.4060019624E-01 -1.2710184499E+00
 -7.2531721040E+00 -1.4428724316E+00 -1.5059702219E-06  3.4060019624E-01 -1.2710184499E+00
 -7.2531721040E+00 -1.4428724316E+00 -1.5059702219E-06  3.4060019624E-01 -1.2710184499E+00
 -7.2531721040E+00 -1.4428724316E+00 -1.5059702219E-06  3.4060019624E-01 -1.2710184499E+00
 -7.2531721040E+00 -1.4428724316E+00 -1.5059702219E-06  3.4060019624E-01 -1.2710184499E+00
 -7.2531721040E+00 -1.4428724316E+00 -1.5059702219E-06  3.4060019624E-01 -1.2710184499E+00
 -7.2531721040E+00 -1.4428724316E+00 -1.5059702219E-06  3.4060019624E-01 -1.2710184499E+00
 -7.2531721040E+00 -1.4428724316E+00 -1.5059702219E-06  3.4060019624E-01 -1.2710184499E+00
 -7.2531721040E+00 -1.4428724316E+00 -1.5059702219E-06  3.4060019624E-01 -1.2710184499E+00
 -7.2531721040E+00 -1.4428724316E+00 -1.5059702219E-06  3.4060019624E-01 -1.2710184499E+00
 -7.2531721040E+00 -1.4428724316E+00 -1.5059702219E-06  3.4060019624E-01 -1.2710184499E+00
 -7.2531721040E+00 -1.4428724316E+00 -1.5059702219E-06  3.4060019624E-01 -1.2710184499E+00
 -7.2531721040E+00 -1.4428724316E+00 -1.5059702219E-06  3.4060019624E-01 -1.2710184499E+00
 -7.2531721040E+00 -1.4428724316E+00 -1.5059702219E-06  3.4060019624E-01 -1.2710184499E+00
 -7.2531721040E+00 -1.4428724316E+00 -1.5059702219E-06  3.4060019624E-01 -1.2710184499E+00
 -7.2531721040E+00 -1.4428724316E+00 -1.5059702219E-06  3.4060019624E-01 -1.2710184499E+00
 -7.2531721040E+00 -1.4428724316E+00 -1.5059702219E-06  3.4060019624E-01 -1.2710184499E+00
 -7.2531721040E+00 -1.4428724316E+00 -1.5059702219E-06  3.4060019624E-01 -1.2710184499E+00
 -7.2531721040E+00 -1.4428724316E+00 -1.5059702219E-06  3.4060019624E-01 -1.2710184499E+00
 -7.2531721040E+00 -1.4428724316E+00 -1.5059702219E-06  3.4060019624E-01 -1.2710184499E+00
 -7.2531721040E+00 -1.4428724316E+00 -1.5059702219E-06  3.4060019624E-01 -1.2710184499E+00
 -7.2531721040E+00 -1.4428724316E+00 -1.5059702219E-06  3.4060019624E-01 -1.2710184499E+00
 -7.2531721040E+00 -1.4428724316E+00 -1.5059702219E-06  3.4060019624E-01 -1.2710184499E+00
 -7.2531721040E+00 -1.4428724316E+00 -1.5059702219E-06  3.4060019624E-01 -1.2710184499E+00
 -7.2531721040E+00 -1.4428724316E+00 -1.5059702219E-06  3.4060019624E-01 -1.2710184499E+00
 -7.2531721040E+00 -1.4428724316E+00 -1.5059702219E-06  3.4060019624E-01 -1.2710184499E+00
 -7.2531721040E+00 -1.4428724316E+00 -1.5059702219E-06  3.4060019624E-01 -1.2710184499E+00
 -7.2531721040E+00 -1.4428724316E+00 -1.5059702219E-06  3.4060019624E-01 -1.2710184499E+00
 -7.2531721040E+00 -1.4428724316E+00 -1.5059702219E-06  3.4060019624E-01 -1.2710184499E+00
 -7.2531721040E+00 -1.4428724316E+00 -1.5059702219E-06  3.4060019624E-01 -1.2710184499E+00
 -7.2531721040E+00 -1.4428724316E+00 -1.5059702219E-06  3.4060019624E-01 -1.2710184499E+00
 -7.2531721040E+00 -1.4428724316E+00 -1.5059702219E-06  3.4060019624E-01 -1.2710184499E+00
 -7.2531721040E+00 -1.4428724316E+00 -1.5059702219E-06  3.4060019624E-01 -1.2710184499E+00
 -7.2531721040E+00 -1.4428724316E+00 -1.5059702219E-06  3.4060019624E-01 -1.2710184499E+00
 -7.2531721040E+00 -1.4428724316E+00 -1.5059702219E-06  3.4060019624E-01 -1.2710184499E+00
 -7.2531721040E+00 -1.4428724316E+00 -1.5059702219E-06  3.4060019624E-01 -1.2710184499E+00
 -7.2531721040E+00 -1.4428724316E+00 -1.5059702219E-06  3.4060019624E-01 -1.2710184499E+00
 -7.2531721040E+00 -1.4428724316E+00 -1.5059702219E-06  3.4060019624E-01 -1.2710184499E+00
 -7.2531721040E+00 -1.4428724316E+00 -1.5059702219E-06  3.4060019624E-01 -1.2710184499E+00
 -7.2531721040E+00 -1.4428724316E+00 -1.5059702219E-06  3.4060019624E-01 -1.2710184499E+00
 -7.2531721040E+00 -1.4428724316E+00 -1.5059702219E-06  3.4060019624E-01 -1.2710184499E+00
 -7.2531721040E+00 -1.4428724316E+00 -1.5059702219E-06  3.4060019624E-01 -1.2710184499E+00
 -7.2531721040E+00 -1.4428724316E+00 -1.5059702219E-06  3.4060019624E-01 -1.2710184499E+00
 -7.2531721040E+00 -1.4428724316E+00 -1.5059702219E-06  3.4060019624E-01 -1.2710184499E+00
 -7.2531721040E+00 -1.4428724316E+00 -1.5059702219E-06  3.4060019624E-01 -1.2710184499E+00
 -7.2531721040E+00 -1.4428724316E+00 -1.5059702219E-06  3.4060019624E-01 -1.2710184499E+00
 -7.2531721040E+00 -1.4428724316E+00 -1.5059702219E-06  3.4060019624E-01 -1.2710184499E+00
 -7.2531721040E+00 -1.4428724316E+00 -1.5059702219E-06  3.4060019624E-01 -1.2710184499E+00
 -7.2531721040E+00 -1.4428724316E+00 -1.5059702219E-06  3.4060019624E-01 -1.2710184499E+00
 -7.2531721040E+00 -1.4428724316E+00 -1.5059702219E-06  3.4060019624E-01 -1.2710184499E+00
 -7.2531721040E+00 -1.4428724316E+00 -1.5059702219E-06  3.4060019624E-01 -1.2710184499E+00
 -7.2531721040E+00 -1.4428724316E+00 -1.5059702219E-06  3.4060019624E-01 -1.2710184499E+00
 -7.2531721040E+00 -1.4428724316E+00 -1.5059702219E-06  3.4060019624E-01 -1.2710184499E+00
 -7.2531721040E+00 -1.4428724316E+00 -1.5059702219E-06  3.4060019624E-01 -1.2710184499E+00
 -7.2531721040E+00 -1.4428724316E+00 -1.5059702219E-06  3.4060019624E-01 -1.2710184499E+00
 -7.2531721040E+00 -1.4428724316E+00 -1.5059702219E-06  3.4060019624E-01 -1.2710184499E+00
 -7.2531721040E+00 -1.4428724316E+00 -1.5059702219E-06  3.4060019624E-01 -1.2710184499E+00
 -7.2531721040E+00 -1.4428724316E+00 -1.5059702219E-06  3.4060019624E-01 -1.2710184499E+00
 -7.2531721040E+00 -1.4428724316E+00 -1.5059702219E-06  3.4060019624E-01 -1.2710184499E+00
 -7.2531721040E+00 -1.4428724316E+00 -1.5059702219E-06  3.4060019624E-01 -1.2710184499E+00
 -7.2531721040E+00 -1.4428724316E+00 -1.5059702219E-06  3.4060019624E-01 -1.2710184499E+00
 -7.2531721040E+00 -1.4428724316E+00 -1.5059702219E-06  3.4060019624E-01 -1.2710184499E+00
 -7.2531721040E+00 -1.4428724316E+00 -1.5059702219E-06  3.4060019624E-01 -1.2710184499E+00
 -7.2531721040E+00 -1.4428724316E+00 -1.5059702219E-06  3.4060019624E-01 -1.2710184499E+00
 -7.2531721040E+00 -1.4428724316E+00 -1.5059702219E-06  3.4060019624E-01 -1.2710184499E+00
 -7.2531721040E+00 -1.4428724316E+00 -1.5059702219E-06  3.4060019624E-01 -1.2710184499E+00
 -7.2531721040E+00 -1.4428724316E+00 -1.5059702219E-06  3.4060019624E-01 -1.2710184499E+00
 -7.2531721040E+00 -1.4428724316E+00 -1.5059702219E-06  3.4060019624E-01 -1.2710184499E+00
 -7.2531721040E+00 -1.4428724316E+00 -1.5059702219E-06  3.4060019624E-01 -1.2710184499E+00
 -7.2531721040E+00 -1.4428724316E+00 -1.5059702219E-06  3.4060019624E-01 -1.2710184499E+00
 -7.2531721040E+00 -1.4428724316E+00 -1.5059702219E-06  3.4060019624E-01 -1.2710184499E+00
 -7.2531721040E+00 -1.4428724316E+00 -1.5059702219E-06  3.4060019624E-01 -1.2710184499E+00
 -7.2531721040E+00 -1.4428724316E+00 -1.5059702219E-06  3.4060019624E-01 -1.2710184499E+00
 -7.2531721040E+00 -1.4428724316E+00 -1.5059702219E-06  3.4060019624E-01 -1.2710184499E+00
 -7.2531721040E+00 -1.4428724316E+00 -1.5059702219E-06  3.4060019624E-01 -1.2710184499E+00
 -7.2531721040E+00 -1.4428724316E+00 -1.5059702219E-06  3.4060019624E-01 -1.2710184499E+00
 -7.2531721040E+00 -1.4428724316E+00 -1.5059702219E-06  3.4060019624E-01 -1.2710184499E+00
 -7.2531721040E+00 -1.4428724316E+00 -1.5059702219E-06  3.4060019624E-01 -1.2710184499E+00
 -7.2531721040E+00 -1.4428724316E+00 -1.5059702219E-06  3.4060019624E-01 -1.2710184499E+00
 -7.2531721040E+00 -1.4428724316E+00 -1.5059702219E-06  3.4060019624E-01 -1.2710184499E+00
 -7.2531721040E+00 -1.4428724316E+00 -1.5059702219E-06  3.4060019624E-01 -1.2710184499E+00
 -7.2531721040E+00 -1.4428724316E+00 -1.5059702219E-06  3.4060019624E-01 -1.2710184499E+00
 -7.2531721040E+00 -1.4428724316E+00 -1.5059702219E-06  3.4060019624E-01 -1.2710184499E+00
 -7.2531721040E+00 -1.4428724316E+00 -1.5059702219E-06  3.4060019624E-01 -1.2710184499E+00
 -7.2531721040E+00 -1.4428724316E+00 -1.5059702219E-06  3.4060019624E-01 -1.2710184499E+00
 -7.2531721040E+00 -1.4428724316E+00 -1.5059702219E-06  3.4060019624E-01 -1.2710184499E+00
 -7.2531721040E+00 -1.4428724316E+00 -1.5059702219E-06  3.4060019624E-01 -1.2710184499E+00
 -7.2531721040E+00 -1.4428724316E+00 -1.5059702219E-06  3.4060019624E-01 -1.2710184499E+00
 -7.2531721040E+00 -1.4428724316E+00 -1.5059702219E-06  3.4060019624E-01 -1.2710184499E+00
 -7.2531721040E+00 -1.4428724316E+00 -1.5059702219E-06  3.4060019624E-01 -1.2710184499E+00
 -7.2531721040E+00 -1.4428724316E+00 -1.5059702219E-06  3.4060019624E-01 -1.2710184499E+00
 -7.2531721040E+00 -1.4428724316E+00 -1.5059702219E-06  3.4060019624E-01 -1.2710184499E+00
 -7.2531721040E+00 -1.4428724316E+00 -1.5059702219E-06  3.4060019624E-01 -1.2710184499E+00
 -7.2531721040E+00 -1.4428724316E+00 -1.5059702219E-06  3.4060019624E-01 -1.2710184499E+00
 -7.2531721040E+00 -1.4428724316E+00 -1.5059702219E-06  3.4060019624E-01 -1.2710184499E+00
 -7.2531721040E+00 -1.4428724316E+00 -1.5059702219E-06  3.4060019624E-01 -1.2710184499E+00
 -7.2531721040E+00 -1.4428724316E+00 -1.5059702219E-06  3.4060019624E-01 -1.2710184499E+00
 -7.2531721040E+00 -1.4428724316E+00 -1.5059702219E-06  3.4060019624E-01 -1.2710184499E+00
 -7.2531721040E+00 -1.4428724316E+00 -1.5059702219E-06  3.4060019624E-01 -1.2710184499E+00
 -7.2531721040E+00 -1.4428724316E+00 -1.5059702219E-06  3.4060019624E-01 -1.2710184499E+00
 -7.2531721040E+00 -1.4428724316E+00 -1.5059702219E-06  3.4060019624E-01 -1.2710184499E+00
 -7.2531721040E+00 -1.4428724316E+00 -1.5059702219E-06  3.4060019624E-01 -1.2710184499E+00
 -7.2531721040E+00 -1.4428724316E+00 -1.5059702219E-06  3.4060019624E-01 -1.2710184499E+00
 -7.2531721040E+00 -1.4428724316E+00 -1.5059702219E-06  3.4060019624E-01 -1.2710184499E+00
 -7.2531721040E+00 -1.4428724316E+00 -1.5059702219E-06  3.4060019624E-01 -1.2710184499E+00
 -7.2531721040E+00 -1.4428724316E+00 -1.5059702219E-06  3.4060019624E-01 -1.2710184499E+00
 -7.2531721040E+00 -1.4428724316E+00 -1.5059702219E-06  3.4060019624E-01 -1.2710184499E+00
