 AIMInt (Version 19.10.12, Professional)
 Portions Copyright (c) 1997-2019 by Todd A. Keith
 AIMInt is a component of the AIMAll package ( http://aim.tkgristmill.com )

 TP:  64-bit Mac OS X

 AIMInt is a heavily modified and extended version of the PROAIMV program
 developed by members of R.F.W. Bader's research group

 Much of the Quantum Theory of Atoms in Molecules (QTAIM) is described in the book:
   "Atoms in Molecules - A Quantum Theory"
   R.F.W. Bader, Oxford University Press, Oxford, 1990

 For additional references see:  http://aim.tkgristmill.com/references.html

 Current Directory:  /Users/chemlab/Documents/SubstituentCoding/New Reorientation Test

 Inp File:  SubC6H5_CF2H-ReorPosY-B3LYP-def2-TZVPPD-Field_atomicfiles/c6.inp
 Wfx File:  SubC6H5_CF2H-ReorPosY-B3LYP-def2-TZVPPD-Field.wfx
 Out File:  SubC6H5_CF2H-ReorPosY-B3LYP-def2-TZVPPD-Field_atomicfiles/c6.int

 Wfx Title:   SubC6H5_CF2H-ReorPosY-B3LYP-def2-TZVPPD-Field.chk                             
 Job Title:   SubC6H5_CF2H-ReorPosY-B3LYP-def2-TZVPPD-Field.chk                             
 
<Atom>
C6      
</Atom>
<Nuclei of Molecule>
    15
C1         6.0           0.0000000000E+00   0.0000000000E+00   0.0000000000E+00
C2         6.0          -2.8301851784E+00   0.0000000000E+00   0.0000000000E+00
H3         1.0           8.1164226432E-01   1.8946779837E+00   0.0000000000E+00
F4         9.0           9.3270337028E-01  -1.2536154179E+00   2.0739128106E+00
F5         9.0           9.3270467079E-01  -1.2536160689E+00  -2.0739103715E+00
C6         6.0          -4.1617202403E+00  -2.2753159313E+00   1.4361918547E-08
C7         6.0          -4.1351613681E+00   2.2807743107E+00   4.2216481623E-07
C8         6.0          -6.7824858549E+00  -2.2545809791E+00  -1.3369812331E-06
H9         1.0          -3.1422414206E+00  -4.0467829336E+00   6.6745126720E-07
C10        6.0          -6.7642167018E+00   2.2990517139E+00  -8.5699079749E-07
H11        1.0          -3.1006367074E+00   4.0466448713E+00  -7.9481880799E-07
C12        6.0          -8.0868290871E+00   3.2179479480E-02  -1.8099796821E-06
H13        1.0          -7.8132251627E+00  -4.0199599399E+00  -1.8931276316E-06
H14        1.0          -7.7718281599E+00   4.0775333856E+00  -1.7472407748E-06
H15        1.0          -1.0131388284E+01   4.1577766854E-02  -2.0344791457E-06
</Nuclei of Molecule>
<Total Number of CPs of DelSqRho>
    33
</Total Number of CPs of DelSqRho>
<Number of (3,+3) CPs of DelSqRho>
     4
</Number of (3,+3) CPs of DelSqRho>
<Number of (3,+1) CPs of DelSqRho>
    13
</Number of (3,+1) CPs of DelSqRho>
<Number of (3,-1) CPs of DelSqRho>
    13
</Number of (3,-1) CPs of DelSqRho>
<Number of (3,-3) CPs of DelSqRho>
     3
</Number of (3,-3) CPs of DelSqRho>
<Number of Degenerate CPs of DelSqRho>
     0
</Number of Degenerate CPs of DelSqRho>
<CP of DelSqRho>
CP# = 1       
Type = (3,+3)
Coords = -4.16172021593650E+00 -2.27531592625888E+00  1.43618904279417E-08
DistFromNuc =  2.4901091612E-08
Rho =  1.2207284208E+02
DelSqRho = -9.6836513399E+05
GradDelSqRho = -2.7871753900E-06  2.1706218831E-06 -1.5768636397E-14
HessDelSqRho_EigVals =  3.3376782929E+10  3.3376786395E+10  3.3376787863E+10
HessDelSqRho_EigVec1 = -4.8812026815E-07  2.2037134522E-07  1.0000000000E+00
HessDelSqRho_EigVec2 = -4.3438421008E-01  9.0072768250E-01 -4.1052630818E-07
HessDelSqRho_EigVec3 =  9.0072768250E-01  4.3438421008E-01  3.4393760519E-07
</CP of DelSqRho>
<CP of DelSqRho>
CP# = 2       
Type = (3,+1)
Coords = -5.47347229131398E+00 -2.26698768749019E+00 -6.43964016022186E-07
DistFromNuc =  1.3117784885E+00
Rho =  3.2282655776E-01
DelSqRho = -9.6399056570E-01
GradDelSqRho = -6.3490879221E-15  4.3853809473E-15 -1.3552527156E-20
HessDelSqRho_EigVals = -6.4788577537E+00  4.7206438012E+00  6.7173099823E+00
HessDelSqRho_EigVec1 =  9.9997185472E-01 -7.5026504989E-03  5.4063867429E-07
HessDelSqRho_EigVec2 = -5.4008665352E-07  7.5602835865E-08  1.0000000000E+00
HessDelSqRho_EigVec3 =  7.5026504989E-03  9.9997185472E-01 -7.1548626602E-08
</CP of DelSqRho>
<CP of DelSqRho>
CP# = 3       
Type = (3,+1)
Coords = -3.52739926699824E+00 -3.37697146354865E+00  4.08293240840311E-07
DistFromNuc =  1.2712230366E+00
Rho =  2.9381121833E-01
DelSqRho = -1.1036232611E+00
GradDelSqRho = -6.8695049649E-16 -1.6098233857E-15 -7.0981360980E-19
HessDelSqRho_EigVals = -9.7612764798E+00  7.9240088838E+00  8.3062486448E+00
HessDelSqRho_EigVec1 = -4.9867485727E-01  8.6678912472E-01 -3.2839126326E-07
HessDelSqRho_EigVec2 = -5.0558505237E-07  8.7989924251E-08  1.0000000000E+00
HessDelSqRho_EigVec3 =  8.6678912472E-01  4.9867485727E-01  3.9435726210E-07
</CP of DelSqRho>
<CP of DelSqRho>
CP# = 4       
Type = (3,+1)
Coords = -4.39970047161621E+00 -2.27487418879164E+00 -8.28176346842934E-08
DistFromNuc =  2.3798064128E-01
Rho =  7.9037659246E+00
DelSqRho =  2.8949165267E+02
GradDelSqRho = -2.4567015089E-11  3.0642155480E-14 -8.5651971626E-18
HessDelSqRho_EigVals = -7.4075346576E+04  3.2192366813E+01  1.1631153516E+02
HessDelSqRho_EigVec1 =  9.9999837720E-01 -1.8015522465E-03  4.0804715887E-07
HessDelSqRho_EigVec2 =  1.8015522465E-03  9.9999837720E-01 -6.6332063577E-08
HessDelSqRho_EigVec3 = -4.0792699602E-07  6.7067074209E-08  1.0000000000E+00
</CP of DelSqRho>
<CP of DelSqRho>
CP# = 5       
Type = (3,-3)
Coords = -4.17285030856910E+00 -2.27615876352903E+00  2.37601447559432E-01
DistFromNuc =  2.3786346891E-01
Rho =  7.8728940781E+00
DelSqRho =  2.9258088323E+02
GradDelSqRho =  3.8635761257E-13 -3.5527136788E-15 -6.4162009039E-12
HessDelSqRho_EigVals = -7.4251642844E+04 -1.1617405601E+02 -1.0831600090E+02
HessDelSqRho_EigVec1 = -4.6972857016E-02 -3.5603045972E-03  9.9888982122E-01
HessDelSqRho_EigVec2 =  9.8384215368E-01 -1.7312093834E-01  4.5648191192E-02
HessDelSqRho_EigVec3 =  1.7276622168E-01  9.8489413895E-01  1.1634762826E-02
</CP of DelSqRho>
<CP of DelSqRho>
CP# = 6       
Type = (3,-3)
Coords = -4.17285013991774E+00 -2.27615879984686E+00 -2.37601426773250E-01
DistFromNuc =  2.3786346908E-01
Rho =  7.8728940731E+00
DelSqRho =  2.9258088254E+02
GradDelSqRho = -2.4336088700E-13 -5.6843418861E-14 -5.6097348988E-12
HessDelSqRho_EigVals = -7.4251642703E+04 -1.1617404190E+02 -1.0831598757E+02
HessDelSqRho_EigVec1 =  4.6972147966E-02  3.5604573036E-03  9.9888985402E-01
HessDelSqRho_EigVec2 =  9.8384221922E-01 -1.7312075637E-01 -4.5647468589E-02
HessDelSqRho_EigVec3 =  1.7276604120E-01  9.8489417038E-01 -1.1634781999E-02
</CP of DelSqRho>
<CP of DelSqRho>
CP# = 7       
Type = (3,+1)
Coords = -3.98462325303905E+00 -2.11619013397827E+00  5.32574088795912E-08
DistFromNuc =  2.3808477961E-01
Rho =  7.8981970399E+00
DelSqRho =  2.8907982348E+02
GradDelSqRho = -1.2718714970E-12 -2.0623502905E-12 -2.3581397252E-17
HessDelSqRho_EigVals = -7.3979785509E+04  2.1080647759E+01  1.2067078360E+02
HessDelSqRho_EigVec1 =  7.4364579645E-01  6.6857380252E-01  1.6354417219E-07
HessDelSqRho_EigVec2 = -6.6857380252E-01  7.4364579645E-01 -2.9284624654E-07
HessDelSqRho_EigVec3 = -3.1740826478E-07  1.0843253117E-07  1.0000000000E+00
</CP of DelSqRho>
<CP of DelSqRho>
CP# = 8       
Type = (3,+1)
Coords = -4.00116672454944E+00 -2.45109243630023E+00  7.53444743146244E-08
DistFromNuc =  2.3806472046E-01
Rho =  7.8994088153E+00
DelSqRho =  2.8884764512E+02
GradDelSqRho =  8.3772988546E-12 -6.8354211180E-12 -9.3783487920E-18
HessDelSqRho_EigVals = -7.3982991296E+04  3.4531578388E+01  1.3384830187E+02
HessDelSqRho_EigVec1 = -6.7415821387E-01  7.3858696351E-01 -2.5636742657E-07
HessDelSqRho_EigVec2 =  7.3858696351E-01  6.7415821387E-01  2.0748477001E-07
HessDelSqRho_EigVec3 = -3.2607775265E-07  4.9472077178E-08  1.0000000000E+00
</CP of DelSqRho>
<CP of DelSqRho>
CP# = 9       
Type = (3,-1)
Coords = -3.92687956199789E+00 -2.23595809667619E+00  8.28159039919619E-08
DistFromNuc =  2.3811590317E-01
Rho =  7.8923431485E+00
DelSqRho =  2.8914280543E+02
GradDelSqRho =  7.9269923958E-12  1.3216094885E-12  8.7576430483E-17
HessDelSqRho_EigVals = -7.3926713009E+04 -1.8197461908E+01  1.1321953686E+02
HessDelSqRho_EigVec1 =  9.8623004466E-01  1.6537925811E-01  2.8771048405E-07
HessDelSqRho_EigVec2 = -1.6537925811E-01  9.8623004466E-01 -1.3778012048E-07
HessDelSqRho_EigVec3 = -3.0653469764E-07  8.8301547970E-08  1.0000000000E+00
</CP of DelSqRho>
<CP of DelSqRho>
CP# = 10      
Type = (3,-1)
Coords = -4.30843822980725E+00 -2.46272578573886E+00 -3.87697708214836E-08
DistFromNuc =  2.3800970983E-01
Rho =  7.8942793145E+00
DelSqRho =  2.8980460791E+02
GradDelSqRho = -1.7763568394E-13  3.0055957723E-12  8.9582204502E-18
HessDelSqRho_EigVals = -7.4022357922E+04 -3.7843753820E+01  9.8447071966E+01
HessDelSqRho_EigVec1 =  6.1657622258E-01  7.8729521893E-01  2.2303656815E-07
HessDelSqRho_EigVec2 =  7.8729521893E-01 -6.1657622258E-01  3.2845133889E-07
HessDelSqRho_EigVec3 = -3.9610721345E-07  2.6919662085E-08  1.0000000000E+00
</CP of DelSqRho>
<CP of DelSqRho>
CP# = 11      
Type = (3,-1)
Coords = -4.28933537186093E+00 -2.07438048881446E+00 -6.07924003706542E-08
DistFromNuc =  2.3803502653E-01
Rho =  7.8926699231E+00
DelSqRho =  2.8988757012E+02
GradDelSqRho = -4.6043169277E-12  9.9831254374E-13 -2.9015960641E-17
HessDelSqRho_EigVals = -7.4009291634E+04 -3.7828341310E+01  9.1188566797E+01
HessDelSqRho_EigVec1 = -5.3629182808E-01  8.4403262682E-01 -3.1550294153E-07
HessDelSqRho_EigVec2 =  8.4403262682E-01  5.3629182808E-01  2.5462271461E-07
HessDelSqRho_EigVec3 = -3.8411152793E-07  1.2974269542E-07  1.0000000000E+00
</CP of DelSqRho>
<CP of DelSqRho>
CP# = 12      
Type = (3,-1)
Coords = -3.21602600575413E+00 -2.27807003640071E+00 -5.77554533290643E-08
DistFromNuc =  9.4569824489E-01
Rho =  2.1931848281E-01
DelSqRho = -5.4496117479E-02
GradDelSqRho = -4.9960036108E-15  3.0531133177E-16  5.3638361385E-18
HessDelSqRho_EigVals = -4.5972525457E+00 -1.2598604321E-01  2.5181649583E+01
HessDelSqRho_EigVec1 =  1.8949796454E-03  9.9999820452E-01 -1.6658671505E-07
HessDelSqRho_EigVec2 =  3.7360735187E-08  1.6651621619E-07  1.0000000000E+00
HessDelSqRho_EigVec3 =  9.9999820452E-01 -1.8949796454E-03 -3.7045123266E-08
</CP of DelSqRho>
<CP of DelSqRho>
CP# = 13      
Type = (3,+3)
Coords = -5.09947138192210E+00 -2.27127413563546E+00 -4.14212076878662E-07
DistFromNuc =  9.3775985182E-01
Rho =  3.4399422439E-01
DelSqRho = -1.2864824158E+00
GradDelSqRho = -7.1054273576E-15 -6.6613381478E-16  1.8973538018E-19
HessDelSqRho_EigVals =  5.2768711425E+00  8.1482391626E+00  3.1481143866E+01
HessDelSqRho_EigVec1 = -4.2178507373E-07  1.0533968129E-07  1.0000000000E+00
HessDelSqRho_EigVec2 =  9.7129631211E-04  9.9999952829E-01 -1.0492995331E-07
HessDelSqRho_EigVec3 =  9.9999952829E-01 -9.7129631207E-04  4.2188719082E-07
</CP of DelSqRho>
<CP of DelSqRho>
CP# = 14      
Type = (3,-1)
Coords = -4.62265713027009E+00 -1.44643124706054E+00 -2.74982261652255E-07
DistFromNuc =  9.4842640006E-01
Rho =  2.2239332465E-01
DelSqRho =  1.8286615704E-02
GradDelSqRho =  8.8817841970E-16 -1.5543122345E-15 -1.4611318340E-19
HessDelSqRho_EigVals = -4.8961488149E+00 -8.2718863925E-01  2.4242023734E+01
HessDelSqRho_EigVec1 =  8.7249773900E-01  4.8861814891E-01  2.5097741286E-07
HessDelSqRho_EigVec2 = -3.6673432485E-07  1.4120936061E-07  1.0000000000E+00
HessDelSqRho_EigVec3 = -4.8861814891E-01  8.7249773900E-01 -3.0239789481E-07
</CP of DelSqRho>
<CP of DelSqRho>
CP# = 15      
Type = (3,-1)
Coords = -4.63861846360322E+00 -3.09194824365879E+00 -2.01134656916144E-07
DistFromNuc =  9.4568506857E-01
Rho =  2.1837463659E-01
DelSqRho = -3.9967700883E-02
GradDelSqRho = -6.6613381478E-16 -1.5543122345E-15  5.9673471134E-19
HessDelSqRho_EigVals = -4.6275462266E+00 -2.5040457973E-01  2.5016071960E+01
HessDelSqRho_EigVec1 =  8.6124218385E-01 -5.0819474688E-01  4.2455816545E-07
HessDelSqRho_EigVec2 = -4.7747483166E-07  2.6243283271E-08  1.0000000000E+00
HessDelSqRho_EigVec3 =  5.0819474688E-01  8.6124218385E-01  2.2004837862E-07
</CP of DelSqRho>
<CP of DelSqRho>
CP# = 16      
Type = (3,-1)
Coords = -4.03413447179565E+00 -2.42491482193259E+00  9.75669736522715E-01
DistFromNuc =  9.9528355916E-01
Rho =  1.6203242345E-01
DelSqRho = -3.7616360751E-03
GradDelSqRho =  5.5511151231E-16 -2.7755575616E-16  2.2204460493E-16
HessDelSqRho_EigVals = -9.9081652818E-01 -4.7824707897E-01  1.2765873121E+01
HessDelSqRho_EigVec1 =  4.2507338145E-01 -8.8021656820E-01 -2.1102467499E-01
HessDelSqRho_EigVec2 =  8.9428776108E-01  4.4441951193E-01 -5.2351674254E-02
HessDelSqRho_EigVec3 =  1.3986429411E-01 -1.6646348093E-01  9.7607780876E-01
</CP of DelSqRho>
<CP of DelSqRho>
CP# = 17      
Type = (3,-1)
Coords = -4.03413374113365E+00 -2.42491501454157E+00 -9.75669594882979E-01
DistFromNuc =  9.9528357109E-01
Rho =  1.6203242311E-01
DelSqRho = -3.7616033265E-03
GradDelSqRho = -2.2204460493E-16  0.0000000000E+00 -1.7763568394E-15
HessDelSqRho_EigVals = -9.9081653863E-01 -4.7824705272E-01  1.2765871119E+01
HessDelSqRho_EigVec1 =  4.2507326300E-01 -8.8021650773E-01  2.1102516580E-01
HessDelSqRho_EigVec2 =  8.9428770360E-01  4.4441956037E-01  5.2352244920E-02
HessDelSqRho_EigVec3 = -1.3986502161E-01  1.6646367135E-01  9.7607767204E-01
</CP of DelSqRho>
<CP of DelSqRho>
CP# = 18      
Type = (3,+1)
Coords = -4.43233815258209E+00 -1.76496387044329E+00  7.73867012217603E-01
DistFromNuc =  9.6569322813E-01
Rho =  1.9616058648E-01
DelSqRho = -1.0823417982E-01
GradDelSqRho =  4.4408920985E-16  2.2204460493E-16 -1.9428902931E-16
HessDelSqRho_EigVals = -2.2999624487E+00  7.3572166776E-01  2.0252410301E+01
HessDelSqRho_EigVec1 =  8.6897406596E-01  4.9440799123E-01 -2.1090540334E-02
HessDelSqRho_EigVec2 = -3.9474944547E-01  6.6685177890E-01 -6.3204555237E-01
HessDelSqRho_EigVec3 = -2.9842410758E-01  5.5755667262E-01  7.7464418208E-01
</CP of DelSqRho>
<CP of DelSqRho>
CP# = 19      
Type = (3,+1)
Coords = -4.43233760011739E+00 -1.76496402321706E+00 -7.73867283868261E-01
DistFromNuc =  9.6569323328E-01
Rho =  1.9616060003E-01
DelSqRho = -1.0823415577E-01
GradDelSqRho =  8.3266726847E-16 -3.7747582837E-15  4.1633363423E-15
HessDelSqRho_EigVals = -2.2999631729E+00  7.3572168359E-01  2.0252409679E+01
HessDelSqRho_EigVec1 =  8.6897403729E-01  4.9440801876E-01  2.1091076333E-02
HessDelSqRho_EigVec2 = -3.9474992115E-01  6.6685188728E-01  6.3204514094E-01
HessDelSqRho_EigVec3 =  2.9842356184E-01 -5.5755651859E-01  7.7464450319E-01
</CP of DelSqRho>
<CP of DelSqRho>
CP# = 20      
Type = (3,+1)
Coords = -3.32549252974599E+00 -2.29830732236778E+00  4.61302404139898E-01
DistFromNuc =  9.5530376468E-01
Rho =  2.0628784896E-01
DelSqRho = -6.1032577012E-02
GradDelSqRho =  5.2491344604E-13 -4.0911718457E-14  3.5593750169E-13
HessDelSqRho_EigVals = -3.5683627152E+00  1.8499104955E-01  2.2259973725E+01
HessDelSqRho_EigVec1 = -1.2735458205E-02  9.9656340903E-01  8.1848517927E-02
HessDelSqRho_EigVec2 = -4.4909192685E-01 -7.8835562163E-02  8.9000078392E-01
HessDelSqRho_EigVec3 =  8.9339478919E-01 -2.5422940840E-02  4.4855258859E-01
</CP of DelSqRho>
<CP of DelSqRho>
CP# = 21      
Type = (3,+1)
Coords = -4.51175902212717E+00 -2.95249687050852E+00  5.84228870059216E-01
DistFromNuc =  9.6042934618E-01
Rho =  1.9896024017E-01
DelSqRho = -6.0697678719E-02
GradDelSqRho =  7.7715611724E-16  4.4408920985E-16  0.0000000000E+00
HessDelSqRho_EigVals = -3.0699062575E+00  3.0181263364E-01  2.0774971504E+01
HessDelSqRho_EigVec1 =  8.4178258808E-01 -5.2729678290E-01 -1.1558623248E-01
HessDelSqRho_EigVec2 =  3.8587944535E-01  4.3804529558E-01  8.1191956047E-01
HessDelSqRho_EigVec3 =  3.7749056684E-01  7.2806210021E-01 -5.7221189273E-01
</CP of DelSqRho>
<CP of DelSqRho>
CP# = 22      
Type = (3,+1)
Coords = -3.32549211863838E+00 -2.29830739250265E+00 -4.61301621993747E-01
DistFromNuc =  9.5530376241E-01
Rho =  2.0628785562E-01
DelSqRho = -6.1032541051E-02
GradDelSqRho =  5.2935433814E-13 -4.0939474033E-14 -3.5754732508E-13
HessDelSqRho_EigVals = -3.5683633528E+00  1.8499075075E-01  2.2259974475E+01
HessDelSqRho_EigVec1 = -1.2735400560E-02  9.9656339608E-01 -8.1848684588E-02
HessDelSqRho_EigVec2 =  4.4909112961E-01  7.8835707843E-02  8.9000117330E-01
HessDelSqRho_EigVec3 =  8.9339519076E-01 -2.5422996778E-02 -4.4855178559E-01
</CP of DelSqRho>
<CP of DelSqRho>
CP# = 23      
Type = (3,+1)
Coords = -4.51175859808653E+00 -2.95249703286645E+00 -5.84228905136163E-01
DistFromNuc =  9.6042934492E-01
Rho =  1.9896024708E-01
DelSqRho = -6.0697650974E-02
GradDelSqRho = -2.9976021665E-15 -2.2204460493E-15 -2.8865798640E-15
HessDelSqRho_EigVals = -3.0699068647E+00  3.0181253260E-01  2.0774972146E+01
HessDelSqRho_EigVec1 =  8.4178251192E-01 -5.2729674278E-01  1.1558697016E-01
HessDelSqRho_EigVec2 = -3.8588001326E-01 -4.3804507727E-01  8.1191940834E-01
HessDelSqRho_EigVec3 =  3.7749015615E-01  7.2806226061E-01  5.7221195958E-01
</CP of DelSqRho>
<CP of DelSqRho>
CP# = 24      
Type = (3,+3)
Coords = -3.67746887849678E+00 -1.46759495276783E+00  5.89202400103480E-08
DistFromNuc =  9.4176035201E-01
Rho =  3.3704266938E-01
DelSqRho = -1.2389869193E+00
GradDelSqRho = -1.7208456882E-15  3.7747582837E-15 -3.8895752938E-18
HessDelSqRho_EigVals =  5.2139810936E+00  7.8523727841E+00  2.9989252310E+01
HessDelSqRho_EigVec1 = -2.5784988724E-07  6.7919326162E-08  1.0000000000E+00
HessDelSqRho_EigVec2 =  8.5494311048E-01 -5.1872177306E-01  2.5567821793E-07
HessDelSqRho_EigVec3 =  5.1872177306E-01  8.5494311048E-01  7.5685190723E-08
</CP of DelSqRho>
<CP of DelSqRho>
CP# = 25      
Type = (3,+3)
Coords = -3.68776487136538E+00 -3.09825923966692E+00  3.00044602103864E-07
DistFromNuc =  9.4966803700E-01
Rho =  3.1775747316E-01
DelSqRho = -1.3416065580E+00
GradDelSqRho = -1.8873791419E-15  4.4408920985E-15 -3.0395777312E-18
HessDelSqRho_EigVals =  7.9547658285E+00  8.7933608486E+00  2.5981188937E+01
HessDelSqRho_EigVec1 = -4.3307908955E-07  8.3152372888E-08  1.0000000000E+00
HessDelSqRho_EigVec2 =  8.6638655036E-01  4.9937395343E-01  3.3368976924E-07
HessDelSqRho_EigVec3 = -4.9937395343E-01  8.6638655036E-01 -2.8831051459E-07
</CP of DelSqRho>
<CP of DelSqRho>
CP# = 26      
Type = (3,+1)
Coords = -4.55531531143418E+00 -2.23995919236709E+00  1.52890868864911E+00
DistFromNuc =  1.5791544932E+00
Rho =  6.6938005336E-02
DelSqRho =  1.0364740098E-01
GradDelSqRho =  3.4694469520E-17 -2.0816681712E-17  1.3877787808E-16
HessDelSqRho_EigVals = -4.8830007901E-01  3.5602490856E-02  8.3423919664E-02
HessDelSqRho_EigVec1 = -2.5794353982E-02 -2.2514961553E-02  9.9941369203E-01
HessDelSqRho_EigVec2 =  7.0191838232E-01  7.1143854392E-01  3.4143561326E-02
HessDelSqRho_EigVec3 =  7.1179016280E-01 -7.0238755309E-01  2.5474322473E-03
</CP of DelSqRho>
<CP of DelSqRho>
CP# = 27      
Type = (3,+1)
Coords = -4.55531357790747E+00 -2.23995928791868E+00 -1.52890896412004E+00
DistFromNuc =  1.5791543535E+00
Rho =  6.6938020359E-02
DelSqRho =  1.0364741827E-01
GradDelSqRho =  4.1633363423E-17  1.9515639105E-18  2.2204460493E-16
HessDelSqRho_EigVals = -4.8830007357E-01  3.5602419361E-02  8.3423908834E-02
HessDelSqRho_EigVec1 =  2.5793349260E-02  2.2515105805E-02  9.9941371471E-01
HessDelSqRho_EigVec2 =  7.0191882730E-01  7.1143813376E-01 -3.4142959835E-02
HessDelSqRho_EigVec3 =  7.1178976040E-01 -7.0238796391E-01 -2.5465955982E-03
</CP of DelSqRho>
<CP of DelSqRho>
CP# = 28      
Type = (3,-3)
Coords = -4.89457221723941E+00 -9.80569483085023E-01 -5.14094386147973E-07
DistFromNuc =  1.4877635515E+00
Rho =  9.9375794778E-02
DelSqRho =  2.7535999354E-01
GradDelSqRho = -3.2251978865E-14  1.3045120539E-14 -3.1996669583E-19
HessDelSqRho_EigVals = -8.2850582269E-01 -3.6637477855E-01 -3.0058894059E-01
HessDelSqRho_EigVec1 = -4.5999422198E-01  8.8792190858E-01 -2.4197464264E-07
HessDelSqRho_EigVec2 =  8.8792190858E-01  4.5999422198E-01 -5.9941383887E-07
HessDelSqRho_EigVec3 =  4.2092574236E-07  4.9058148898E-07  1.0000000000E+00
</CP of DelSqRho>
<CP of DelSqRho>
CP# = 29      
Type = (3,-1)
Coords = -5.47534636947422E+00 -2.32549352833974E+00  1.42025120848307E+00
DistFromNuc =  1.9352635099E+00
Rho =  7.2450631592E-02
DelSqRho =  1.2284134671E-01
GradDelSqRho =  4.9005938196E-17  1.7567544641E-14 -2.8612529013E-14
HessDelSqRho_EigVals = -8.0543464250E-01 -1.5138265191E-01  9.0154330110E-02
HessDelSqRho_EigVec1 = -1.0821190372E-03 -5.2453155194E-02  9.9862279942E-01
HessDelSqRho_EigVec2 =  9.9995402507E-01 -9.5713316742E-03  5.8082265046E-04
HessDelSqRho_EigVec3 =  9.5276840501E-03  9.9857751633E-01  5.2461100984E-02
</CP of DelSqRho>
<CP of DelSqRho>
CP# = 30      
Type = (3,-1)
Coords = -5.47534471418246E+00 -2.32549371013547E+00 -1.42025249441106E+00
DistFromNuc =  1.9352633559E+00
Rho =  7.2450633426E-02
DelSqRho =  1.2284135196E-01
GradDelSqRho =  4.8138576458E-17  1.7792191331E-14  2.8789470807E-14
HessDelSqRho_EigVals = -8.0543465253E-01 -1.5138266039E-01  9.0154341923E-02
HessDelSqRho_EigVec1 =  1.0810706321E-03  5.2453276567E-02  9.9862279418E-01
HessDelSqRho_EigVec2 =  9.9995402507E-01 -9.5713960105E-03 -5.7976830811E-04
HessDelSqRho_EigVec3 =  9.5278034809E-03  9.9857750934E-01 -5.2461212386E-02
</CP of DelSqRho>
<CP of DelSqRho>
CP# = 31      
Type = (3,-1)
Coords = -3.52620974985075E+00 -3.39477905800783E+00  1.22932617866506E+00
DistFromNuc =  1.7799758689E+00
Rho =  6.5896723246E-02
DelSqRho =  1.3337816498E-01
GradDelSqRho = -1.4338595415E-13  2.0863692718E-13 -1.7648903172E-12
HessDelSqRho_EigVals = -1.0791918678E+00 -1.6214210971E-01  3.4776088384E-02
HessDelSqRho_EigVec1 =  4.7286590494E-02 -9.6829166602E-02  9.9417709230E-01
HessDelSqRho_EigVec2 = -4.9853663006E-01  8.6017849811E-01  1.0749037108E-01
HessDelSqRho_EigVec3 =  8.6557796116E-01  5.0071655044E-01  7.5979780170E-03
</CP of DelSqRho>
<CP of DelSqRho>
CP# = 32      
Type = (3,-1)
Coords = -3.52620854213549E+00 -3.39477925294485E+00 -1.22932537391208E+00
DistFromNuc =  1.7799758867E+00
Rho =  6.5896724245E-02
DelSqRho =  1.3337815163E-01
GradDelSqRho = -1.4351931102E-13  2.0865080497E-13  1.7644219419E-12
HessDelSqRho_EigVals = -1.0791917699E+00 -1.6214206609E-01  3.4776109300E-02
HessDelSqRho_EigVec1 = -4.7287585175E-02  9.6829369353E-02  9.9417702524E-01
HessDelSqRho_EigVec2 = -4.9853654264E-01  8.6017846455E-01 -1.0749104512E-01
HessDelSqRho_EigVec3 =  8.6557795717E-01  5.0071656888E-01 -7.5972166149E-03
</CP of DelSqRho>
<CP of DelSqRho>
CP# = 33      
Type = (3,-1)
Coords = -5.44787243792389E+00 -9.95864805825791E-01 -7.86524056908682E-07
DistFromNuc =  1.8141616956E+00
Rho =  8.0504360310E-02
DelSqRho =  2.6175826527E-01
GradDelSqRho =  1.0269562978E-15  2.7949864645E-14  4.0759564235E-15
HessDelSqRho_EigVals = -1.1031286265E+00 -2.2309839250E-01  1.4890635401E-01
HessDelSqRho_EigVec1 =  3.6021142691E-03  9.9999351237E-01 -1.1328470416E-07
HessDelSqRho_EigVec2 = -3.8284410391E-07  1.1466449627E-07  1.0000000000E+00
HessDelSqRho_EigVec3 =  9.9999351237E-01 -3.6021142691E-03  3.8325465478E-07
</CP of DelSqRho>
<Path of -GradDelSqRho>
Starting CP# =      2
Ending CP# =     13
Number of Points =     15
 -5.4734722913E+00 -2.2669876875E+00 -6.4396401602E-07  3.2282655776E-01 -9.6399056570E-01
 -5.4484730059E+00 -2.2671767013E+00 -6.3045430499E-07  3.2296397829E-01 -9.6601613311E-01
 -5.4234737426E+00 -2.2673686263E+00 -6.1695624179E-07  3.2331261160E-01 -9.7209905229E-01
 -5.3984745014E+00 -2.2675634064E+00 -6.0346746857E-07  3.2387027210E-01 -9.8225110708E-01
 -5.3734752826E+00 -2.2677610344E+00 -5.8998474552E-07  3.2463323117E-01 -9.9647731435E-01
 -5.3484760869E+00 -2.2679615711E+00 -5.7650357264E-07  3.2559618454E-01 -1.0147559029E+00
 -5.3234769160E+00 -2.2681651774E+00 -5.6301766832E-07  3.2675222479E-01 -1.0370079290E+00
 -5.2984777730E+00 -2.2683721661E+00 -5.4951818436E-07  3.2809283901E-01 -1.0630543181E+00
 -5.2734786627E+00 -2.2685830854E+00 -5.3599242772E-07  3.2960796068E-01 -1.0925574748E+00
 -5.2484795940E+00 -2.2687988614E+00 -5.2242161692E-07  3.3128611590E-01 -1.1249439906E+00
 -5.2234805816E+00 -2.2690210625E+00 -5.0877660651E-07  3.3311471837E-01 -1.1593044387E+00
 -5.1984816526E+00 -2.2692524439E+00 -4.9500885974E-07  3.3508058533E-01 -1.1942658587E+00
 -5.1734828616E+00 -2.2694982489E+00 -4.8102847942E-07  3.3717076808E-01 -1.2278323590E+00
 -5.1484843415E+00 -2.2697700750E+00 -4.6663762357E-07  3.3937381483E-01 -1.2571893984E+00
 -5.0994713819E+00 -2.2712741356E+00 -4.1421207688E-07  3.4399422439E-01 -1.2864824158E+00
</Path of -GradDelSqRho>
<Path of -GradDelSqRho>
Starting CP# =      2
Ending CP# =      0
Number of Points =    400
 -5.4734722913E+00 -2.2669876875E+00 -6.4396401602E-07  3.2282655776E-01 -9.6399056570E-01
 -5.4984715988E+00 -2.2668016053E+00 -6.5748673446E-07  3.2290101735E-01 -9.6601501603E-01
 -5.5234709294E+00 -2.2666186626E+00 -6.7102428738E-07  3.2318651540E-01 -9.7208992964E-01
 -5.5484702841E+00 -2.2664390472E+00 -6.8457807018E-07  3.2368069374E-01 -9.8221925956E-01
 -5.5734696644E+00 -2.2662630195E+00 -6.9814967346E-07  3.2437965531E-01 -9.9639824980E-01
 -5.5984690722E+00 -2.2660909494E+00 -7.1174119014E-07  3.2527793518E-01 -1.0145922991E+00
 -5.6234685105E+00 -2.2659233727E+00 -7.2535560579E-07  3.2636847886E-01 -1.0367052869E+00
 -5.6484679836E+00 -2.2657610801E+00 -7.3899734797E-07  3.2764264876E-01 -1.0625350930E+00
 -5.6734674980E+00 -2.2656052639E+00 -7.5267314194E-07  3.2909028898E-01 -1.0917133957E+00
 -5.6984670627E+00 -2.2654577732E+00 -7.6639348234E-07  3.3069988999E-01 -1.1236262260E+00
 -5.7234666916E+00 -2.2653215979E+00 -7.8017543422E-07  3.3245890912E-01 -1.1573112301E+00
 -5.7484664043E+00 -2.2652018949E+00 -7.9404862930E-07  3.3435432113E-01 -1.1913272176E+00
 -5.7734662280E+00 -2.2651085184E+00 -8.0807028188E-07  3.3637349379E-01 -1.2235914346E+00
 -5.7984661804E+00 -2.2650639416E+00 -8.2237311144E-07  3.3850550373E-01 -1.2511801928E+00
 -5.8234659817E+00 -2.2651425773E+00 -8.3741074576E-07  3.4074296525E-01 -1.2700892738E+00
 -5.8434988751E+00 -2.2665012421E+00 -8.6076917227E-07  3.4260780869E-01 -1.2754204495E+00
 -5.8434990150E+00 -2.2665082028E+00 -8.6162332687E-07  3.4260779943E-01 -1.2754204495E+00
 -5.8434990150E+00 -2.2665082028E+00 -8.6162338114E-07  3.4260779943E-01 -1.2754204495E+00
 -5.8434990150E+00 -2.2665082028E+00 -8.6162338114E-07  3.4260779943E-01 -1.2754204495E+00
 -5.8434990150E+00 -2.2665082028E+00 -8.6162338114E-07  3.4260779943E-01 -1.2754204495E+00
 -5.8434990150E+00 -2.2665082028E+00 -8.6162338114E-07  3.4260779943E-01 -1.2754204495E+00
 -5.8434990150E+00 -2.2665082028E+00 -8.6162338114E-07  3.4260779943E-01 -1.2754204495E+00
 -5.8434990150E+00 -2.2665082028E+00 -8.6162338114E-07  3.4260779943E-01 -1.2754204495E+00
 -5.8434990150E+00 -2.2665082028E+00 -8.6162338114E-07  3.4260779943E-01 -1.2754204495E+00
 -5.8434990150E+00 -2.2665082028E+00 -8.6162338114E-07  3.4260779943E-01 -1.2754204495E+00
 -5.8434990150E+00 -2.2665082028E+00 -8.6162338114E-07  3.4260779943E-01 -1.2754204495E+00
 -5.8434990150E+00 -2.2665082028E+00 -8.6162338114E-07  3.4260779943E-01 -1.2754204495E+00
 -5.8434990150E+00 -2.2665082028E+00 -8.6162338114E-07  3.4260779943E-01 -1.2754204495E+00
 -5.8434990150E+00 -2.2665082028E+00 -8.6162338114E-07  3.4260779943E-01 -1.2754204495E+00
 -5.8434990150E+00 -2.2665082028E+00 -8.6162338114E-07  3.4260779943E-01 -1.2754204495E+00
 -5.8434990150E+00 -2.2665082028E+00 -8.6162338114E-07  3.4260779943E-01 -1.2754204495E+00
 -5.8434990150E+00 -2.2665082028E+00 -8.6162338114E-07  3.4260779943E-01 -1.2754204495E+00
 -5.8434990150E+00 -2.2665082028E+00 -8.6162338114E-07  3.4260779943E-01 -1.2754204495E+00
 -5.8434990150E+00 -2.2665082028E+00 -8.6162338114E-07  3.4260779943E-01 -1.2754204495E+00
 -5.8434990150E+00 -2.2665082028E+00 -8.6162338114E-07  3.4260779943E-01 -1.2754204495E+00
 -5.8434990150E+00 -2.2665082028E+00 -8.6162338114E-07  3.4260779943E-01 -1.2754204495E+00
 -5.8434990150E+00 -2.2665082028E+00 -8.6162338114E-07  3.4260779943E-01 -1.2754204495E+00
 -5.8434990150E+00 -2.2665082028E+00 -8.6162338114E-07  3.4260779943E-01 -1.2754204495E+00
 -5.8434990150E+00 -2.2665082028E+00 -8.6162338114E-07  3.4260779943E-01 -1.2754204495E+00
 -5.8434990150E+00 -2.2665082028E+00 -8.6162338114E-07  3.4260779943E-01 -1.2754204495E+00
 -5.8434990150E+00 -2.2665082028E+00 -8.6162338114E-07  3.4260779943E-01 -1.2754204495E+00
 -5.8434990150E+00 -2.2665082028E+00 -8.6162338114E-07  3.4260779943E-01 -1.2754204495E+00
 -5.8434990150E+00 -2.2665082028E+00 -8.6162338114E-07  3.4260779943E-01 -1.2754204495E+00
 -5.8434990150E+00 -2.2665082028E+00 -8.6162338114E-07  3.4260779943E-01 -1.2754204495E+00
 -5.8434990150E+00 -2.2665082028E+00 -8.6162338114E-07  3.4260779943E-01 -1.2754204495E+00
 -5.8434990150E+00 -2.2665082028E+00 -8.6162338114E-07  3.4260779943E-01 -1.2754204495E+00
 -5.8434990150E+00 -2.2665082028E+00 -8.6162338114E-07  3.4260779943E-01 -1.2754204495E+00
 -5.8434990150E+00 -2.2665082028E+00 -8.6162338114E-07  3.4260779943E-01 -1.2754204495E+00
 -5.8434990150E+00 -2.2665082028E+00 -8.6162338114E-07  3.4260779943E-01 -1.2754204495E+00
 -5.8434990150E+00 -2.2665082028E+00 -8.6162338114E-07  3.4260779943E-01 -1.2754204495E+00
 -5.8434990150E+00 -2.2665082028E+00 -8.6162338114E-07  3.4260779943E-01 -1.2754204495E+00
 -5.8434990150E+00 -2.2665082028E+00 -8.6162338114E-07  3.4260779943E-01 -1.2754204495E+00
 -5.8434990150E+00 -2.2665082028E+00 -8.6162338114E-07  3.4260779943E-01 -1.2754204495E+00
 -5.8434990150E+00 -2.2665082028E+00 -8.6162338114E-07  3.4260779943E-01 -1.2754204495E+00
 -5.8434990150E+00 -2.2665082028E+00 -8.6162338114E-07  3.4260779943E-01 -1.2754204495E+00
 -5.8434990150E+00 -2.2665082028E+00 -8.6162338114E-07  3.4260779943E-01 -1.2754204495E+00
 -5.8434990150E+00 -2.2665082028E+00 -8.6162338114E-07  3.4260779943E-01 -1.2754204495E+00
 -5.8434990150E+00 -2.2665082028E+00 -8.6162338114E-07  3.4260779943E-01 -1.2754204495E+00
 -5.8434990150E+00 -2.2665082028E+00 -8.6162338114E-07  3.4260779943E-01 -1.2754204495E+00
 -5.8434990150E+00 -2.2665082028E+00 -8.6162338114E-07  3.4260779943E-01 -1.2754204495E+00
 -5.8434990150E+00 -2.2665082028E+00 -8.6162338114E-07  3.4260779943E-01 -1.2754204495E+00
 -5.8434990150E+00 -2.2665082028E+00 -8.6162338114E-07  3.4260779943E-01 -1.2754204495E+00
 -5.8434990150E+00 -2.2665082028E+00 -8.6162338114E-07  3.4260779943E-01 -1.2754204495E+00
 -5.8434990150E+00 -2.2665082028E+00 -8.6162338114E-07  3.4260779943E-01 -1.2754204495E+00
 -5.8434990150E+00 -2.2665082028E+00 -8.6162338114E-07  3.4260779943E-01 -1.2754204495E+00
 -5.8434990150E+00 -2.2665082028E+00 -8.6162338114E-07  3.4260779943E-01 -1.2754204495E+00
 -5.8434990150E+00 -2.2665082028E+00 -8.6162338114E-07  3.4260779943E-01 -1.2754204495E+00
 -5.8434990150E+00 -2.2665082028E+00 -8.6162338114E-07  3.4260779943E-01 -1.2754204495E+00
 -5.8434990150E+00 -2.2665082028E+00 -8.6162338114E-07  3.4260779943E-01 -1.2754204495E+00
 -5.8434990150E+00 -2.2665082028E+00 -8.6162338114E-07  3.4260779943E-01 -1.2754204495E+00
 -5.8434990150E+00 -2.2665082028E+00 -8.6162338114E-07  3.4260779943E-01 -1.2754204495E+00
 -5.8434990150E+00 -2.2665082028E+00 -8.6162338114E-07  3.4260779943E-01 -1.2754204495E+00
 -5.8434990150E+00 -2.2665082028E+00 -8.6162338114E-07  3.4260779943E-01 -1.2754204495E+00
 -5.8434990150E+00 -2.2665082028E+00 -8.6162338114E-07  3.4260779943E-01 -1.2754204495E+00
 -5.8434990150E+00 -2.2665082028E+00 -8.6162338114E-07  3.4260779943E-01 -1.2754204495E+00
 -5.8434990150E+00 -2.2665082028E+00 -8.6162338114E-07  3.4260779943E-01 -1.2754204495E+00
 -5.8434990150E+00 -2.2665082028E+00 -8.6162338114E-07  3.4260779943E-01 -1.2754204495E+00
 -5.8434990150E+00 -2.2665082028E+00 -8.6162338114E-07  3.4260779943E-01 -1.2754204495E+00
 -5.8434990150E+00 -2.2665082028E+00 -8.6162338114E-07  3.4260779943E-01 -1.2754204495E+00
 -5.8434990150E+00 -2.2665082028E+00 -8.6162338114E-07  3.4260779943E-01 -1.2754204495E+00
 -5.8434990150E+00 -2.2665082028E+00 -8.6162338114E-07  3.4260779943E-01 -1.2754204495E+00
 -5.8434990150E+00 -2.2665082028E+00 -8.6162338114E-07  3.4260779943E-01 -1.2754204495E+00
 -5.8434990150E+00 -2.2665082028E+00 -8.6162338114E-07  3.4260779943E-01 -1.2754204495E+00
 -5.8434990150E+00 -2.2665082028E+00 -8.6162338114E-07  3.4260779943E-01 -1.2754204495E+00
 -5.8434990150E+00 -2.2665082028E+00 -8.6162338114E-07  3.4260779943E-01 -1.2754204495E+00
 -5.8434990150E+00 -2.2665082028E+00 -8.6162338114E-07  3.4260779943E-01 -1.2754204495E+00
 -5.8434990150E+00 -2.2665082028E+00 -8.6162338114E-07  3.4260779943E-01 -1.2754204495E+00
 -5.8434990150E+00 -2.2665082028E+00 -8.6162338114E-07  3.4260779943E-01 -1.2754204495E+00
 -5.8434990150E+00 -2.2665082028E+00 -8.6162338114E-07  3.4260779943E-01 -1.2754204495E+00
 -5.8434990150E+00 -2.2665082028E+00 -8.6162338114E-07  3.4260779943E-01 -1.2754204495E+00
 -5.8434990150E+00 -2.2665082028E+00 -8.6162338114E-07  3.4260779943E-01 -1.2754204495E+00
 -5.8434990150E+00 -2.2665082028E+00 -8.6162338114E-07  3.4260779943E-01 -1.2754204495E+00
 -5.8434990150E+00 -2.2665082028E+00 -8.6162338114E-07  3.4260779943E-01 -1.2754204495E+00
 -5.8434990150E+00 -2.2665082028E+00 -8.6162338114E-07  3.4260779943E-01 -1.2754204495E+00
 -5.8434990150E+00 -2.2665082028E+00 -8.6162338114E-07  3.4260779943E-01 -1.2754204495E+00
 -5.8434990150E+00 -2.2665082028E+00 -8.6162338114E-07  3.4260779943E-01 -1.2754204495E+00
 -5.8434990150E+00 -2.2665082028E+00 -8.6162338114E-07  3.4260779943E-01 -1.2754204495E+00
 -5.8434990150E+00 -2.2665082028E+00 -8.6162338114E-07  3.4260779943E-01 -1.2754204495E+00
 -5.8434990150E+00 -2.2665082028E+00 -8.6162338114E-07  3.4260779943E-01 -1.2754204495E+00
 -5.8434990150E+00 -2.2665082028E+00 -8.6162338114E-07  3.4260779943E-01 -1.2754204495E+00
 -5.8434990150E+00 -2.2665082028E+00 -8.6162338114E-07  3.4260779943E-01 -1.2754204495E+00
 -5.8434990150E+00 -2.2665082028E+00 -8.6162338114E-07  3.4260779943E-01 -1.2754204495E+00
 -5.8434990150E+00 -2.2665082028E+00 -8.6162338114E-07  3.4260779943E-01 -1.2754204495E+00
 -5.8434990150E+00 -2.2665082028E+00 -8.6162338114E-07  3.4260779943E-01 -1.2754204495E+00
 -5.8434990150E+00 -2.2665082028E+00 -8.6162338114E-07  3.4260779943E-01 -1.2754204495E+00
 -5.8434990150E+00 -2.2665082028E+00 -8.6162338114E-07  3.4260779943E-01 -1.2754204495E+00
 -5.8434990150E+00 -2.2665082028E+00 -8.6162338114E-07  3.4260779943E-01 -1.2754204495E+00
 -5.8434990150E+00 -2.2665082028E+00 -8.6162338114E-07  3.4260779943E-01 -1.2754204495E+00
 -5.8434990150E+00 -2.2665082028E+00 -8.6162338114E-07  3.4260779943E-01 -1.2754204495E+00
 -5.8434990150E+00 -2.2665082028E+00 -8.6162338114E-07  3.4260779943E-01 -1.2754204495E+00
 -5.8434990150E+00 -2.2665082028E+00 -8.6162338114E-07  3.4260779943E-01 -1.2754204495E+00
 -5.8434990150E+00 -2.2665082028E+00 -8.6162338114E-07  3.4260779943E-01 -1.2754204495E+00
 -5.8434990150E+00 -2.2665082028E+00 -8.6162338114E-07  3.4260779943E-01 -1.2754204495E+00
 -5.8434990150E+00 -2.2665082028E+00 -8.6162338114E-07  3.4260779943E-01 -1.2754204495E+00
 -5.8434990150E+00 -2.2665082028E+00 -8.6162338114E-07  3.4260779943E-01 -1.2754204495E+00
 -5.8434990150E+00 -2.2665082028E+00 -8.6162338114E-07  3.4260779943E-01 -1.2754204495E+00
 -5.8434990150E+00 -2.2665082028E+00 -8.6162338114E-07  3.4260779943E-01 -1.2754204495E+00
 -5.8434990150E+00 -2.2665082028E+00 -8.6162338114E-07  3.4260779943E-01 -1.2754204495E+00
 -5.8434990150E+00 -2.2665082028E+00 -8.6162338114E-07  3.4260779943E-01 -1.2754204495E+00
 -5.8434990150E+00 -2.2665082028E+00 -8.6162338114E-07  3.4260779943E-01 -1.2754204495E+00
 -5.8434990150E+00 -2.2665082028E+00 -8.6162338114E-07  3.4260779943E-01 -1.2754204495E+00
 -5.8434990150E+00 -2.2665082028E+00 -8.6162338114E-07  3.4260779943E-01 -1.2754204495E+00
 -5.8434990150E+00 -2.2665082028E+00 -8.6162338114E-07  3.4260779943E-01 -1.2754204495E+00
 -5.8434990150E+00 -2.2665082028E+00 -8.6162338114E-07  3.4260779943E-01 -1.2754204495E+00
 -5.8434990150E+00 -2.2665082028E+00 -8.6162338114E-07  3.4260779943E-01 -1.2754204495E+00
 -5.8434990150E+00 -2.2665082028E+00 -8.6162338114E-07  3.4260779943E-01 -1.2754204495E+00
 -5.8434990150E+00 -2.2665082028E+00 -8.6162338114E-07  3.4260779943E-01 -1.2754204495E+00
 -5.8434990150E+00 -2.2665082028E+00 -8.6162338114E-07  3.4260779943E-01 -1.2754204495E+00
 -5.8434990150E+00 -2.2665082028E+00 -8.6162338114E-07  3.4260779943E-01 -1.2754204495E+00
 -5.8434990150E+00 -2.2665082028E+00 -8.6162338114E-07  3.4260779943E-01 -1.2754204495E+00
 -5.8434990150E+00 -2.2665082028E+00 -8.6162338114E-07  3.4260779943E-01 -1.2754204495E+00
 -5.8434990150E+00 -2.2665082028E+00 -8.6162338114E-07  3.4260779943E-01 -1.2754204495E+00
 -5.8434990150E+00 -2.2665082028E+00 -8.6162338114E-07  3.4260779943E-01 -1.2754204495E+00
 -5.8434990150E+00 -2.2665082028E+00 -8.6162338114E-07  3.4260779943E-01 -1.2754204495E+00
 -5.8434990150E+00 -2.2665082028E+00 -8.6162338114E-07  3.4260779943E-01 -1.2754204495E+00
 -5.8434990150E+00 -2.2665082028E+00 -8.6162338114E-07  3.4260779943E-01 -1.2754204495E+00
 -5.8434990150E+00 -2.2665082028E+00 -8.6162338114E-07  3.4260779943E-01 -1.2754204495E+00
 -5.8434990150E+00 -2.2665082028E+00 -8.6162338114E-07  3.4260779943E-01 -1.2754204495E+00
 -5.8434990150E+00 -2.2665082028E+00 -8.6162338114E-07  3.4260779943E-01 -1.2754204495E+00
 -5.8434990150E+00 -2.2665082028E+00 -8.6162338114E-07  3.4260779943E-01 -1.2754204495E+00
 -5.8434990150E+00 -2.2665082028E+00 -8.6162338114E-07  3.4260779943E-01 -1.2754204495E+00
 -5.8434990150E+00 -2.2665082028E+00 -8.6162338114E-07  3.4260779943E-01 -1.2754204495E+00
 -5.8434990150E+00 -2.2665082028E+00 -8.6162338114E-07  3.4260779943E-01 -1.2754204495E+00
 -5.8434990150E+00 -2.2665082028E+00 -8.6162338114E-07  3.4260779943E-01 -1.2754204495E+00
 -5.8434990150E+00 -2.2665082028E+00 -8.6162338114E-07  3.4260779943E-01 -1.2754204495E+00
 -5.8434990150E+00 -2.2665082028E+00 -8.6162338114E-07  3.4260779943E-01 -1.2754204495E+00
 -5.8434990150E+00 -2.2665082028E+00 -8.6162338114E-07  3.4260779943E-01 -1.2754204495E+00
 -5.8434990150E+00 -2.2665082028E+00 -8.6162338114E-07  3.4260779943E-01 -1.2754204495E+00
 -5.8434990150E+00 -2.2665082028E+00 -8.6162338114E-07  3.4260779943E-01 -1.2754204495E+00
 -5.8434990150E+00 -2.2665082028E+00 -8.6162338114E-07  3.4260779943E-01 -1.2754204495E+00
 -5.8434990150E+00 -2.2665082028E+00 -8.6162338114E-07  3.4260779943E-01 -1.2754204495E+00
 -5.8434990150E+00 -2.2665082028E+00 -8.6162338114E-07  3.4260779943E-01 -1.2754204495E+00
 -5.8434990150E+00 -2.2665082028E+00 -8.6162338114E-07  3.4260779943E-01 -1.2754204495E+00
 -5.8434990150E+00 -2.2665082028E+00 -8.6162338114E-07  3.4260779943E-01 -1.2754204495E+00
 -5.8434990150E+00 -2.2665082028E+00 -8.6162338114E-07  3.4260779943E-01 -1.2754204495E+00
 -5.8434990150E+00 -2.2665082028E+00 -8.6162338114E-07  3.4260779943E-01 -1.2754204495E+00
 -5.8434990150E+00 -2.2665082028E+00 -8.6162338114E-07  3.4260779943E-01 -1.2754204495E+00
 -5.8434990150E+00 -2.2665082028E+00 -8.6162338114E-07  3.4260779943E-01 -1.2754204495E+00
 -5.8434990150E+00 -2.2665082028E+00 -8.6162338114E-07  3.4260779943E-01 -1.2754204495E+00
 -5.8434990150E+00 -2.2665082028E+00 -8.6162338114E-07  3.4260779943E-01 -1.2754204495E+00
 -5.8434990150E+00 -2.2665082028E+00 -8.6162338114E-07  3.4260779943E-01 -1.2754204495E+00
 -5.8434990150E+00 -2.2665082028E+00 -8.6162338114E-07  3.4260779943E-01 -1.2754204495E+00
 -5.8434990150E+00 -2.2665082028E+00 -8.6162338114E-07  3.4260779943E-01 -1.2754204495E+00
 -5.8434990150E+00 -2.2665082028E+00 -8.6162338114E-07  3.4260779943E-01 -1.2754204495E+00
 -5.8434990150E+00 -2.2665082028E+00 -8.6162338114E-07  3.4260779943E-01 -1.2754204495E+00
 -5.8434990150E+00 -2.2665082028E+00 -8.6162338114E-07  3.4260779943E-01 -1.2754204495E+00
 -5.8434990150E+00 -2.2665082028E+00 -8.6162338114E-07  3.4260779943E-01 -1.2754204495E+00
 -5.8434990150E+00 -2.2665082028E+00 -8.6162338114E-07  3.4260779943E-01 -1.2754204495E+00
 -5.8434990150E+00 -2.2665082028E+00 -8.6162338114E-07  3.4260779943E-01 -1.2754204495E+00
 -5.8434990150E+00 -2.2665082028E+00 -8.6162338114E-07  3.4260779943E-01 -1.2754204495E+00
 -5.8434990150E+00 -2.2665082028E+00 -8.6162338114E-07  3.4260779943E-01 -1.2754204495E+00
 -5.8434990150E+00 -2.2665082028E+00 -8.6162338114E-07  3.4260779943E-01 -1.2754204495E+00
 -5.8434990150E+00 -2.2665082028E+00 -8.6162338114E-07  3.4260779943E-01 -1.2754204495E+00
