 AIMInt (Version 19.10.12, Professional)
 Portions Copyright (c) 1997-2019 by Todd A. Keith
 AIMInt is a component of the AIMAll package ( http://aim.tkgristmill.com )

 TP:  64-bit Mac OS X

 AIMInt is a heavily modified and extended version of the PROAIMV program
 developed by members of R.F.W. Bader's research group

 Much of the Quantum Theory of Atoms in Molecules (QTAIM) is described in the book:
   "Atoms in Molecules - A Quantum Theory"
   R.F.W. Bader, Oxford University Press, Oxford, 1990

 For additional references see:  http://aim.tkgristmill.com/references.html

 Current Directory:  /Users/chemlab/Documents/SubstituentCoding/New Reorientation Test

 Inp File:  SubC6H5_CF2H-ReorPosY-B3LYP-def2-TZVPPD-Field_atomicfiles/c7.inp
 Wfx File:  SubC6H5_CF2H-ReorPosY-B3LYP-def2-TZVPPD-Field.wfx
 Out File:  SubC6H5_CF2H-ReorPosY-B3LYP-def2-TZVPPD-Field_atomicfiles/c7.int

 Wfx Title:   SubC6H5_CF2H-ReorPosY-B3LYP-def2-TZVPPD-Field.chk                             
 Job Title:   SubC6H5_CF2H-ReorPosY-B3LYP-def2-TZVPPD-Field.chk                             
 
<Atom>
C7      
</Atom>
<Nuclei of Molecule>
    15
C1         6.0           0.0000000000E+00   0.0000000000E+00   0.0000000000E+00
C2         6.0          -2.8301851784E+00   0.0000000000E+00   0.0000000000E+00
H3         1.0           8.1164226432E-01   1.8946779837E+00   0.0000000000E+00
F4         9.0           9.3270337028E-01  -1.2536154179E+00   2.0739128106E+00
F5         9.0           9.3270467079E-01  -1.2536160689E+00  -2.0739103715E+00
C6         6.0          -4.1617202403E+00  -2.2753159313E+00   1.4361918547E-08
C7         6.0          -4.1351613681E+00   2.2807743107E+00   4.2216481623E-07
C8         6.0          -6.7824858549E+00  -2.2545809791E+00  -1.3369812331E-06
H9         1.0          -3.1422414206E+00  -4.0467829336E+00   6.6745126720E-07
C10        6.0          -6.7642167018E+00   2.2990517139E+00  -8.5699079749E-07
H11        1.0          -3.1006367074E+00   4.0466448713E+00  -7.9481880799E-07
C12        6.0          -8.0868290871E+00   3.2179479480E-02  -1.8099796821E-06
H13        1.0          -7.8132251627E+00  -4.0199599399E+00  -1.8931276316E-06
H14        1.0          -7.7718281599E+00   4.0775333856E+00  -1.7472407748E-06
H15        1.0          -1.0131388284E+01   4.1577766854E-02  -2.0344791457E-06
</Nuclei of Molecule>
<Total Number of CPs of DelSqRho>
    38
</Total Number of CPs of DelSqRho>
<Number of (3,+3) CPs of DelSqRho>
     4
</Number of (3,+3) CPs of DelSqRho>
<Number of (3,+1) CPs of DelSqRho>
    15
</Number of (3,+1) CPs of DelSqRho>
<Number of (3,-1) CPs of DelSqRho>
    16
</Number of (3,-1) CPs of DelSqRho>
<Number of (3,-3) CPs of DelSqRho>
     3
</Number of (3,-3) CPs of DelSqRho>
<Number of Degenerate CPs of DelSqRho>
     0
</Number of Degenerate CPs of DelSqRho>
<CP of DelSqRho>
CP# = 1       
Type = (3,+3)
Coords = -4.13516134614061E+00  2.28077432508015E+00  4.22164776454735E-07
DistFromNuc =  2.6261439227E-08
Rho =  1.2207511072E+02
DelSqRho = -9.6838072184E+05
GradDelSqRho =  6.4396735979E-06 -6.9793131843E-06 -7.2366071469E-13
HessDelSqRho_EigVals =  3.3377311746E+10  3.3377315240E+10  3.3377316768E+10
HessDelSqRho_EigVec1 = -2.2328104491E-08  2.9493580345E-07  1.0000000000E+00
HessDelSqRho_EigVec2 =  4.8170719413E-01  8.7633223102E-01 -2.4770614208E-07
HessDelSqRho_EigVec3 =  8.7633223102E-01 -4.8170719413E-01  1.6163953595E-07
</CP of DelSqRho>
<CP of DelSqRho>
CP# = 2       
Type = (3,+1)
Coords = -5.45219329193669E+00  2.29347595451965E+00 -2.09794861676321E-07
DistFromNuc =  1.3170931706E+00
Rho =  3.2028872590E-01
DelSqRho = -9.5337414887E-01
GradDelSqRho = -1.2519152381E-13 -7.7715611724E-15  2.2446373102E-19
HessDelSqRho_EigVals = -6.3407456861E+00  4.7105585486E+00  6.6231563010E+00
HessDelSqRho_EigVec1 =  9.9997118975E-01 -7.5907618990E-03  5.2489315056E-07
HessDelSqRho_EigVec2 = -5.2395878916E-07  1.2508056427E-07  1.0000000000E+00
HessDelSqRho_EigVec3 =  7.5907618991E-03  9.9997118975E-01 -1.2109971425E-07
</CP of DelSqRho>
<CP of DelSqRho>
CP# = 3       
Type = (3,+1)
Coords = -3.49144512432193E+00  3.37603237486404E+00 -2.79402824626633E-07
DistFromNuc =  1.2704175808E+00
Rho =  2.9150248379E-01
DelSqRho = -1.0866150759E+00
GradDelSqRho =  3.8857805862E-16  2.0261570199E-15  7.4115382885E-20
HessDelSqRho_EigVals = -9.3872037981E+00  7.7681238590E+00  8.1684484176E+00
HessDelSqRho_EigVec1 =  5.0491340836E-01  8.6317000067E-01 -6.6360565368E-07
HessDelSqRho_EigVec2 =  2.1584589047E-07  6.4254106261E-07  1.0000000000E+00
HessDelSqRho_EigVec3 =  8.6317000067E-01 -5.0491340836E-01  1.3811590051E-07
</CP of DelSqRho>
<CP of DelSqRho>
CP# = 4       
Type = (3,+1)
Coords = -4.36582651230359E+00  2.33941558959376E+00  3.54424404650286E-07
DistFromNuc =  2.3800253846E-01
Rho =  7.9025098801E+00
DelSqRho =  2.8937840228E+02
GradDelSqRho = -6.5156768869E-12  2.8350655157E-12 -3.1685808491E-17
HessDelSqRho_EigVals = -7.4051258603E+04  3.1803235290E+01  1.1544207646E+02
HessDelSqRho_EigVec1 =  9.6924511147E-01 -2.4609736670E-01  2.8424609597E-07
HessDelSqRho_EigVec2 =  2.4609736670E-01  9.6924511147E-01  3.7416606290E-08
HessDelSqRho_EigVec3 = -2.8471226725E-07  3.3686352979E-08  1.0000000000E+00
</CP of DelSqRho>
<CP of DelSqRho>
CP# = 5       
Type = (3,+1)
Coords = -3.98180165759481E+00  2.46288532603490E+00  4.40015914590680E-07
DistFromNuc =  2.3808322643E-01
Rho =  7.8974921540E+00
DelSqRho =  2.8888504817E+02
GradDelSqRho =  9.3436369752E-12  6.1390892370E-12  1.2685165418E-17
HessDelSqRho_EigVals = -7.3974871493E+04  2.9689896666E+01  1.2692495266E+02
HessDelSqRho_EigVec1 =  6.4398452874E-01  7.6503851324E-01  7.5208949093E-08
HessDelSqRho_EigVec2 =  7.6503851324E-01 -6.4398452874E-01  2.7041922042E-07
HessDelSqRho_EigVec3 = -2.5531451798E-07  1.1660805163E-07  1.0000000000E+00
</CP of DelSqRho>
<CP of DelSqRho>
CP# = 6       
Type = (3,-1)
Coords = -4.25290308935299E+00  2.07394716870118E+00  3.78621667610381E-07
DistFromNuc =  2.3799281418E-01
Rho =  7.8923715063E+00
DelSqRho =  2.9026241909E+02
GradDelSqRho =  3.5598191062E-12  4.1353587221E-12  1.4853569763E-17
HessDelSqRho_EigVals = -7.4053759259E+04 -5.1823186686E+01  7.8090764747E+01
HessDelSqRho_EigVec1 =  4.9479460663E-01  8.6900995233E-01  1.8277941398E-07
HessDelSqRho_EigVec2 =  8.6900995233E-01 -4.9479460663E-01  2.3518811789E-07
HessDelSqRho_EigVec3 = -2.9481908336E-07 -4.2467317550E-08  1.0000000000E+00
</CP of DelSqRho>
<CP of DelSqRho>
CP# = 7       
Type = (3,-3)
Coords = -4.14591246321567E+00  2.27155158310049E+00  2.37446710026248E-01
DistFromNuc =  2.3786841818E-01
Rho =  7.8735583220E+00
DelSqRho =  2.9249638893E+02
GradDelSqRho =  7.0166095156E-13 -6.2705396431E-13  1.1596057448E-11
HessDelSqRho_EigVals = -7.4246668442E+04 -1.1454862631E+02 -9.9294283843E+01
HessDelSqRho_EigVec1 = -4.5357845113E-02 -3.8884400228E-02  9.9821373929E-01
HessDelSqRho_EigVec2 = -9.4990165104E-01  3.1100303602E-01 -3.1047784874E-02
HessDelSqRho_EigVec3 =  3.0924022902E-01  9.4961313966E-01  5.1042783514E-02
</CP of DelSqRho>
<CP of DelSqRho>
CP# = 8       
Type = (3,-3)
Coords = -4.14591233586952E+00  2.27155156490166E+00 -2.37445870973418E-01
DistFromNuc =  2.3786841840E-01
Rho =  7.8735583126E+00
DelSqRho =  2.9249638897E+02
GradDelSqRho = -2.2826185386E-13  1.4210854715E-14 -6.0609295360E-12
HessDelSqRho_EigVals = -7.4246668278E+04 -1.1454863486E+02 -9.9294316781E+01
HessDelSqRho_EigVec1 =  4.5357309826E-02  3.8884476828E-02  9.9821376063E-01
HessDelSqRho_EigVec2 = -9.4990169112E-01  3.1100296645E-01  3.1047255497E-02
HessDelSqRho_EigVec3 =  3.0924018442E-01  9.4961315930E-01 -5.1042688203E-02
</CP of DelSqRho>
<CP of DelSqRho>
CP# = 9       
Type = (3,+1)
Coords = -3.92864094738191E+00  2.16232102628459E+00  4.78569341422990E-07
DistFromNuc =  2.3807953460E-01
Rho =  7.8970589432E+00
DelSqRho =  2.8916874534E+02
GradDelSqRho = -9.8765440271E-13 -3.5171865420E-13  2.7918205942E-18
HessDelSqRho_EigVals = -7.3973346270E+04  1.1332507914E+01  1.1412726874E+02
HessDelSqRho_EigVec1 =  8.6723532824E-01 -4.9789846902E-01  2.3728766055E-07
HessDelSqRho_EigVec2 =  4.9789846902E-01  8.6723532824E-01  1.1451025506E-07
HessDelSqRho_EigVec3 = -2.6279872286E-07  1.8837824276E-08  1.0000000000E+00
</CP of DelSqRho>
<CP of DelSqRho>
CP# = 10      
Type = (3,-1)
Coords = -4.27013465523358E+00  2.47686786337872E+00  3.69108791601753E-07
DistFromNuc =  2.3805560193E-01
Rho =  7.8929727609E+00
DelSqRho =  2.8953894603E+02
GradDelSqRho =  4.9524828682E-12 -5.7127635955E-12 -1.4365678785E-18
HessDelSqRho_EigVals = -7.3981122898E+04 -2.8737128023E+01  1.0095035062E+02
HessDelSqRho_EigVec1 = -5.6715573764E-01  8.2361056894E-01 -2.2255712286E-07
HessDelSqRho_EigVec2 =  8.2361056894E-01  5.6715573764E-01  1.4710982522E-07
HessDelSqRho_EigVec3 = -2.4738575603E-07  9.9866217138E-08  1.0000000000E+00
</CP of DelSqRho>
<CP of DelSqRho>
CP# = 11      
Type = (3,-1)
Coords = -3.90314349630356E+00  2.22728316989580E+00  4.82569880281469E-07
DistFromNuc =  2.3810416839E-01
Rho =  7.8934154232E+00
DelSqRho =  2.8917761024E+02
GradDelSqRho = -9.0700780220E-12  1.6946444248E-12  2.1412992907E-17
HessDelSqRho_EigVals = -7.3939070468E+04 -1.0036712861E+01  1.1016251363E+02
HessDelSqRho_EigVec1 =  9.7437892377E-01 -2.2491267840E-01  2.5411247983E-07
HessDelSqRho_EigVec2 =  2.2491267840E-01  9.7437892377E-01  1.4400651535E-09
HessDelSqRho_EigVec3 = -2.4792573352E-07  5.5749949319E-08  1.0000000000E+00
</CP of DelSqRho>
<CP of DelSqRho>
CP# = 12      
Type = (3,-1)
Coords = -3.18963524820102E+00  2.28045283272623E+00  5.21517485252732E-07
DistFromNuc =  9.4552617460E-01
Rho =  2.1937849911E-01
DelSqRho = -4.8172449542E-02
GradDelSqRho =  2.2204460493E-15 -3.3306690739E-16 -2.1260526976E-19
HessDelSqRho_EigVals = -4.5963889261E+00 -2.3415023149E-01  2.5214168835E+01
HessDelSqRho_EigVec1 =  5.1106896433E-03  9.9998694034E-01 -2.3201056974E-07
HessDelSqRho_EigVec2 = -9.6729709401E-08  2.3250796174E-07  1.0000000000E+00
HessDelSqRho_EigVec3 =  9.9998694034E-01 -5.1106896432E-03  9.7916722176E-08
</CP of DelSqRho>
<CP of DelSqRho>
CP# = 13      
Type = (3,+3)
Coords = -5.07222767774049E+00  2.29289618343212E+00  2.91002936781467E-08
DistFromNuc =  9.3714471048E-01
Rho =  3.4245572171E-01
DelSqRho = -1.2836494090E+00
GradDelSqRho =  3.6659564273E-13  3.4694469520E-15 -7.3912094977E-18
HessDelSqRho_EigVals =  5.3149169608E+00  8.1131376618E+00  3.1739448932E+01
HessDelSqRho_EigVec1 = -3.6453729647E-07  1.9488998778E-07  1.0000000000E+00
HessDelSqRho_EigVec2 =  1.8447181045E-02  9.9982983628E-01 -1.8813213907E-07
HessDelSqRho_EigVec3 =  9.9982983628E-01 -1.8447181045E-02  3.6807043633E-07
</CP of DelSqRho>
<CP of DelSqRho>
CP# = 14      
Type = (3,-1)
Coords = -4.59568762106192E+00  3.10753936350148E+00  8.73467989640246E-07
DistFromNuc =  9.4637459923E-01
Rho =  2.1739645007E-01
DelSqRho = -3.9965058295E-02
GradDelSqRho =  3.3306690739E-15 -4.8849813084E-15 -2.9508510300E-19
HessDelSqRho_EigVals = -4.5918606234E+00 -2.3156132782E-01  2.4821399919E+01
HessDelSqRho_EigVec1 =  8.7025844396E-01  4.9259541281E-01 -1.6370017203E-07
HessDelSqRho_EigVec2 =  3.4040650103E-07 -2.6906758857E-07  1.0000000000E+00
HessDelSqRho_EigVec3 = -4.9259541281E-01  8.7025844396E-01  4.0184102185E-07
</CP of DelSqRho>
<CP of DelSqRho>
CP# = 15      
Type = (3,-1)
Coords = -4.60774783690870E+00  1.45673997039704E+00  7.44158230525673E-07
DistFromNuc =  9.4993187363E-01
Rho =  2.2065010614E-01
DelSqRho =  2.7131178921E-02
GradDelSqRho = -2.2204460493E-16 -1.3322676296E-15  1.3044307388E-19
HessDelSqRho_EigVals = -4.8795327840E+00 -8.4631166792E-01  2.3711277540E+01
HessDelSqRho_EigVec1 =  8.6651962521E-01 -4.9914300469E-01  1.4411203467E-07
HessDelSqRho_EigVec2 =  1.9162258754E-08  3.2198489497E-07  1.0000000000E+00
HessDelSqRho_EigVec3 =  4.9914300469E-01  8.6651962521E-01 -2.8857093792E-07
</CP of DelSqRho>
<CP of DelSqRho>
CP# = 16      
Type = (3,-1)
Coords = -4.04166375079254E+00  2.45574228527173E+00  9.73269404038140E-01
DistFromNuc =  9.9328148459E-01
Rho =  1.6345515759E-01
DelSqRho = -1.1513047000E-02
GradDelSqRho = -3.3306690739E-16 -1.1102230246E-16  2.4424906542E-15
HessDelSqRho_EigVals = -9.5957203526E-01 -4.7941835797E-01  1.3165880719E+01
HessDelSqRho_EigVec1 =  5.3943669156E-01  8.1388318758E-01 -2.1587545663E-01
HessDelSqRho_EigVec2 =  8.3588811307E-01 -5.4850583136E-01  2.0794600121E-02
HessDelSqRho_EigVec3 =  1.0148457138E-01  1.9166509839E-01  9.7619945289E-01
</CP of DelSqRho>
<CP of DelSqRho>
CP# = 17      
Type = (3,-1)
Coords = -4.04166343433723E+00  2.45574173490521E+00 -9.73268688924110E-01
DistFromNuc =  9.9328154405E-01
Rho =  1.6345515961E-01
DelSqRho = -1.1512672721E-02
GradDelSqRho =  1.6653345369E-16 -2.2204460493E-16 -1.5543122345E-15
HessDelSqRho_EigVals = -9.5957366203E-01 -4.7941984630E-01  1.3165868607E+01
HessDelSqRho_EigVec1 =  5.3943591094E-01  8.1388377678E-01  2.1587518590E-01
HessDelSqRho_EigVec2 =  8.3588857806E-01 -5.4850515194E-01 -2.0793829922E-02
HessDelSqRho_EigVec3 = -1.0148489081E-01 -1.9166454077E-01  9.7619952917E-01
</CP of DelSqRho>
<CP of DelSqRho>
CP# = 18      
Type = (3,+1)
Coords = -4.47261148951736E+00  2.96644285404538E+00  5.82498811910168E-01
DistFromNuc =  9.6089453622E-01
Rho =  1.9832671886E-01
DelSqRho = -5.8980449200E-02
GradDelSqRho = -3.0775382243E-13  7.3185901783E-13  7.2897243797E-13
HessDelSqRho_EigVals = -3.0434192622E+00  2.7750293535E-01  2.0644593868E+01
HessDelSqRho_EigVec1 =  8.5192790482E-01  5.1126431734E-01 -1.1325918416E-01
HessDelSqRho_EigVec2 =  3.7521384434E-01 -4.4510560131E-01  8.1307784049E-01
HessDelSqRho_EigVec3 = -3.6528538980E-01  7.3518011500E-01  5.7103133233E-01
</CP of DelSqRho>
<CP of DelSqRho>
CP# = 19      
Type = (3,+1)
Coords = -4.41046614722465E+00  1.79533703482249E+00  7.88394750203433E-01
DistFromNuc =  9.6592323024E-01
Rho =  1.9517131026E-01
DelSqRho = -1.0857276431E-01
GradDelSqRho = -1.2212453271E-15 -1.3322676296E-15  2.6645352591E-15
HessDelSqRho_EigVals = -2.2452108706E+00  7.2985107421E-01  2.0172633568E+01
HessDelSqRho_EigVec1 =  8.6675025942E-01 -4.9873417461E-01 -2.8654621500E-03
HessDelSqRho_EigVec2 =  3.9646409321E-01  6.8550656895E-01  6.1065290200E-01
HessDelSqRho_EigVec3 = -3.0258917793E-01 -5.3041961407E-01  7.9189318876E-01
</CP of DelSqRho>
<CP of DelSqRho>
CP# = 20      
Type = (3,+1)
Coords = -4.47261198499833E+00  2.96644330513026E+00 -5.82497019501358E-01
DistFromNuc =  9.6089445738E-01
Rho =  1.9832685215E-01
DelSqRho = -5.8980451760E-02
GradDelSqRho = -3.1008529078E-13  7.2875039336E-13 -7.2786221494E-13
HessDelSqRho_EigVals = -3.0434289583E+00  2.7750354786E-01  2.0644618074E+01
HessDelSqRho_EigVec1 =  8.5192796852E-01  5.1126428120E-01  1.1325886816E-01
HessDelSqRho_EigVec2 = -3.7521316610E-01  4.4510489718E-01  8.1307853894E-01
HessDelSqRho_EigVec3 = -3.6528593791E-01  7.3518056644E-01 -5.7103040050E-01
</CP of DelSqRho>
<CP of DelSqRho>
CP# = 21      
Type = (3,+1)
Coords = -4.41046632488502E+00  1.79533620223004E+00 -7.88393273977933E-01
DistFromNuc =  9.6592318355E-01
Rho =  1.9517141248E-01
DelSqRho = -1.0857274086E-01
GradDelSqRho =  2.2204460493E-16 -1.9984014443E-15 -4.4408920985E-15
HessDelSqRho_EigVals = -2.2452167452E+00  7.2985222738E-01  2.0172647755E+01
HessDelSqRho_EigVec1 =  8.6675023009E-01 -4.9873422352E-01  2.8658209463E-03
HessDelSqRho_EigVec2 =  3.9646398680E-01  6.8550584915E-01 -6.1065377912E-01
HessDelSqRho_EigVec3 =  3.0258940134E-01  5.3042049835E-01  7.9189251109E-01
</CP of DelSqRho>
<CP of DelSqRho>
CP# = 22      
Type = (3,+1)
Coords = -3.36114565289482E+00  2.31697800916913E+00  5.66010190290345E-01
DistFromNuc =  9.5957182787E-01
Rho =  2.0082562385E-01
DelSqRho = -6.6288743872E-02
GradDelSqRho = -8.8817841970E-16  3.8857805862E-16 -1.6653345369E-15
HessDelSqRho_EigVals = -3.0985365996E+00  2.8751298189E-01  2.1089166566E+01
HessDelSqRho_EigVec1 =  2.8961410341E-02  9.9341606474E-01 -1.1084114317E-01
HessDelSqRho_EigVec2 = -5.5446544677E-01  1.0823002817E-01  8.2513897577E-01
HessDelSqRho_EigVec3 =  8.3170265423E-01  3.7560395504E-02  5.5394937643E-01
</CP of DelSqRho>
<CP of DelSqRho>
CP# = 23      
Type = (3,+1)
Coords = -3.36114475049108E+00  2.31697758709023E+00 -5.66008041475397E-01
DistFromNuc =  9.5957177039E-01
Rho =  2.0082573655E-01
DelSqRho = -6.6288645350E-02
GradDelSqRho = -6.6613381478E-16 -8.3266726847E-16 -6.1062266354E-16
HessDelSqRho_EigVals = -3.0985459829E+00  2.8751297132E-01  2.1089184814E+01
HessDelSqRho_EigVec1 =  2.8961301520E-02  9.9341614235E-01  1.1084047602E-01
HessDelSqRho_EigVec2 =  5.5446408252E-01 -1.0822947544E-01  8.2513996500E-01
HessDelSqRho_EigVec3 =  8.3170356751E-01  3.7559935520E-02 -5.5394803640E-01
</CP of DelSqRho>
<CP of DelSqRho>
CP# = 24      
Type = (3,+3)
Coords = -3.65124921438125E+00  3.10244072993912E+00 -2.12081227867639E-08
DistFromNuc =  9.5357573217E-01
Rho =  3.1383693821E-01
DelSqRho = -1.3076454089E+00
GradDelSqRho = -7.9936057773E-15 -1.7763568394E-14  2.0244087439E-19
HessDelSqRho_EigVals =  7.7614699624E+00  8.6330985803E+00  2.4670203334E+01
HessDelSqRho_EigVec1 =  7.6492718742E-08  2.7127209711E-07  1.0000000000E+00
HessDelSqRho_EigVec2 =  8.6052090819E-01 -5.0941512205E-01  7.2366524656E-08
HessDelSqRho_EigVec3 =  5.0941512205E-01  8.6052090819E-01 -2.7240185902E-07
</CP of DelSqRho>
<CP of DelSqRho>
CP# = 25      
Type = (3,+3)
Coords = -3.65844007446073E+00  1.46995530267867E+00  3.25671163835388E-07
DistFromNuc =  9.4057995710E-01
Rho =  3.4009403911E-01
DelSqRho = -1.2548146717E+00
GradDelSqRho = -1.5543122345E-15  1.7763568394E-15  2.2446373102E-20
HessDelSqRho_EigVals =  5.1797301660E+00  7.9805924569E+00  3.0400727371E+01
HessDelSqRho_EigVec1 =  1.5084154042E-07  4.3727660721E-08  1.0000000000E+00
HessDelSqRho_EigVec2 =  8.5785504923E-01  5.1389173423E-01 -1.5187146049E-07
HessDelSqRho_EigVec3 = -5.1389173423E-01  8.5785504923E-01  4.0004226260E-08
</CP of DelSqRho>
<CP of DelSqRho>
CP# = 26      
Type = (3,+1)
Coords = -4.45927726622188E+00  2.23443966846953E+00  1.52914507730231E+00
DistFromNuc =  1.5638035013E+00
Rho =  6.7457056989E-02
DelSqRho =  1.0439190295E-01
GradDelSqRho = -1.1449174941E-16 -6.4184768611E-17  1.5265566589E-16
HessDelSqRho_EigVals = -4.8178198490E-01  1.6065487394E-02  7.5504234102E-02
HessDelSqRho_EigVec1 = -2.0203687261E-02  2.4425667953E-02  9.9949747262E-01
HessDelSqRho_EigVec2 =  8.0110219332E-01 -5.9773454720E-01  3.0800761978E-02
HessDelSqRho_EigVec3 =  5.9818649840E-01  8.0132190650E-01 -7.4910143137E-03
</CP of DelSqRho>
<CP of DelSqRho>
CP# = 27      
Type = (3,+1)
Coords = -4.45927711638934E+00  2.23443859633971E+00 -1.52914393291973E+00
DistFromNuc =  1.5638032086E+00
Rho =  6.7457123063E-02
DelSqRho =  1.0439201864E-01
GradDelSqRho =  2.7755575616E-17  8.3266726847E-17 -1.8735013541E-16
HessDelSqRho_EigVals = -4.8178250446E-01  1.6065488100E-02  7.5504487024E-02
HessDelSqRho_EigVec1 =  2.0203002323E-02 -2.4425055765E-02  9.9949750142E-01
HessDelSqRho_EigVec2 =  8.0110145385E-01 -5.9773558493E-01 -3.0799856412E-02
HessDelSqRho_EigVec3 =  5.9818751186E-01  8.0132115107E-01  7.4908942726E-03
</CP of DelSqRho>
<CP of DelSqRho>
CP# = 28      
Type = (3,+1)
Coords = -3.94969748735608E+00  1.96167032942545E+00  1.52824999236980E+00
DistFromNuc =  1.5721866781E+00
Rho =  6.7277723074E-02
DelSqRho =  1.0402310692E-01
GradDelSqRho =  4.7704895589E-18 -8.6736173799E-18 -2.4980018054E-16
HessDelSqRho_EigVals = -4.8190878059E-01  2.6470634706E-02  7.7856890377E-02
HessDelSqRho_EigVec1 =  5.0765555559E-02  2.1157777090E-03  9.9870835676E-01
HessDelSqRho_EigVec2 =  9.5203348529E-01 -3.0224480478E-01 -4.7752705430E-02
HessDelSqRho_EigVec3 =  3.0175337821E-01  9.5322799029E-01 -1.7357916656E-02
</CP of DelSqRho>
<CP of DelSqRho>
CP# = 29      
Type = (3,+1)
Coords = -3.94969741841335E+00  1.96166918694948E+00 -1.52824866314625E+00
DistFromNuc =  1.5721864468E+00
Rho =  6.7277787277E-02
DelSqRho =  1.0402322021E-01
GradDelSqRho = -5.4210108624E-17 -6.7654215563E-17  1.9428902931E-16
HessDelSqRho_EigVals = -4.8190932138E-01  2.6470700840E-02  7.7857153984E-02
HessDelSqRho_EigVec1 = -5.0765311240E-02 -2.1157261759E-03  9.9870836928E-01
HessDelSqRho_EigVec2 =  9.5203378711E-01 -3.0224388576E-01  4.7752504815E-02
HessDelSqRho_EigVec3 =  3.0175246705E-01  9.5322828180E-01  1.7357747735E-02
</CP of DelSqRho>
<CP of DelSqRho>
CP# = 30      
Type = (3,-1)
Coords = -3.44849290322308E+00  3.37651565326146E+00  1.22870874888535E+00
DistFromNuc =  1.7837844103E+00
Rho =  6.5991662150E-02
DelSqRho =  1.3192114681E-01
GradDelSqRho = -7.6761513812E-17  1.5959455979E-16  9.6710833786E-17
HessDelSqRho_EigVals = -1.0671303631E+00 -1.6440573694E-01  3.6343876136E-02
HessDelSqRho_EigVec1 =  7.8573727376E-02  7.6751652704E-02  9.9394937153E-01
HessDelSqRho_EigVec2 =  5.0765076843E-01  8.5499840397E-01 -1.0615284507E-01
HessDelSqRho_EigVec3 =  8.5797253259E-01 -5.1291998695E-01 -2.8217376028E-02
</CP of DelSqRho>
<CP of DelSqRho>
CP# = 31      
Type = (3,-1)
Coords = -3.44849375592251E+00  3.37651352061839E+00 -1.22870933673128E+00
DistFromNuc =  1.7837837586E+00
Rho =  6.5991685783E-02
DelSqRho =  1.3192120709E-01
GradDelSqRho = -6.4618449480E-17 -1.6219664500E-16  1.7780915629E-17
HessDelSqRho_EigVals = -1.0671301048E+00 -1.6440540261E-01  3.6343886747E-02
HessDelSqRho_EigVec1 = -7.8573264836E-02 -7.6750318360E-02  9.9394951113E-01
HessDelSqRho_EigVec2 =  5.0765081985E-01  8.5499854527E-01  1.0615146109E-01
HessDelSqRho_EigVec3 =  8.5797254452E-01 -5.1291995109E-01  2.8217665092E-02
</CP of DelSqRho>
<CP of DelSqRho>
CP# = 32      
Type = (3,-3)
Coords = -4.87135046721013E+00  9.95420961198079E-01  1.30299685184611E-07
DistFromNuc =  1.4812520457E+00
Rho =  9.9620783022E-02
DelSqRho =  2.7552460076E-01
GradDelSqRho =  8.2183218564E-13 -7.3765715758E-12  9.6032360395E-19
HessDelSqRho_EigVals = -8.4063651353E-01 -3.7542663215E-01 -2.9680841872E-01
HessDelSqRho_EigVec1 =  5.2751755134E-01  8.4954413248E-01 -3.7643729518E-07
HessDelSqRho_EigVec2 =  8.4954413248E-01 -5.2751755134E-01 -4.6995212070E-07
HessDelSqRho_EigVec3 =  5.9782234687E-07  7.1892103405E-08  1.0000000000E+00
</CP of DelSqRho>
<CP of DelSqRho>
CP# = 33      
Type = (3,-1)
Coords = -4.28380002329067E+00  2.12171190737439E+00  1.53189203202502E+00
DistFromNuc =  1.5472834913E+00
Rho =  6.7947170471E-02
DelSqRho =  1.0449419072E-01
GradDelSqRho =  4.6108949991E-15 -1.2195106036E-15 -1.5304424394E-13
HessDelSqRho_EigVals = -4.7152409793E-01 -1.1465474662E-02  7.2685441070E-02
HessDelSqRho_EigVec1 = -7.0171083916E-03 -4.0170290458E-03  9.9996731130E-01
HessDelSqRho_EigVec2 =  8.6588726953E-01 -5.0022264844E-01  4.0667488538E-03
HessDelSqRho_EigVec3 =  5.0018996056E-01  8.6588750162E-01  6.9884108562E-03
</CP of DelSqRho>
<CP of DelSqRho>
CP# = 34      
Type = (3,-1)
Coords = -4.28380027854828E+00  2.12171086020822E+00 -1.53189073459754E+00
DistFromNuc =  1.5472831748E+00
Rho =  6.7947240342E-02
DelSqRho =  1.0449430613E-01
GradDelSqRho =  4.2917058796E-15 -1.2941037131E-15  1.5275281040E-13
HessDelSqRho_EigVals = -4.7152459748E-01 -1.1465491957E-02  7.2685715466E-02
HessDelSqRho_EigVec1 =  7.0168371806E-03  4.0175324655E-03  9.9996731118E-01
HessDelSqRho_EigVec2 =  8.6588697439E-01 -5.0022316332E-01 -4.0662580386E-03
HessDelSqRho_EigVec3 =  5.0019047530E-01  8.6588720184E-01 -6.9887135221E-03
</CP of DelSqRho>
<CP of DelSqRho>
CP# = 35      
Type = (3,-1)
Coords = -5.44905165169403E+00  2.36334934266212E+00  1.41360039419797E+00
DistFromNuc =  1.9316809245E+00
Rho =  7.2425021443E-02
DelSqRho =  1.2399130803E-01
GradDelSqRho =  1.2143064332E-17 -2.3548871186E-16 -1.4779844015E-15
HessDelSqRho_EigVals = -8.0878920598E-01 -1.5152146648E-01  8.9650772812E-02
HessDelSqRho_EigVec1 = -3.7085433520E-03  6.1911798588E-02  9.9807473463E-01
HessDelSqRho_EigVec2 =  9.9998549654E-01 -3.6684946743E-03  3.9432043835E-03
HessDelSqRho_EigVec3 =  3.9055627241E-03  9.9807488263E-01 -6.1897295881E-02
</CP of DelSqRho>
<CP of DelSqRho>
CP# = 36      
Type = (3,-1)
Coords = -5.44904982290353E+00  2.36334903688485E+00 -1.41360075641184E+00
DistFromNuc =  1.9316805505E+00
Rho =  7.2425026998E-02
DelSqRho =  1.2399134406E-01
GradDelSqRho =  1.4918621893E-16 -3.5084782302E-16  1.5092094241E-15
HessDelSqRho_EigVals = -8.0878938958E-01 -1.5152136275E-01  8.9650798380E-02
HessDelSqRho_EigVec1 =  3.7075663631E-03 -6.1911598151E-02  9.9807475069E-01
HessDelSqRho_EigVec2 =  9.9998549991E-01 -3.6686187195E-03 -3.9422324313E-03
HessDelSqRho_EigVec3 =  3.9056256239E-03  9.9807489461E-01  6.1897098780E-02
</CP of DelSqRho>
<CP of DelSqRho>
CP# = 37      
Type = (3,-1)
Coords = -4.57937889228069E+00  5.18565231980386E-01  1.19888462341377E-07
DistFromNuc =  1.8173359750E+00
Rho =  8.0190484916E-02
DelSqRho =  2.6100989354E-01
GradDelSqRho = -1.1796119637E-16  3.4694469520E-17 -5.1457251546E-20
HessDelSqRho_EigVals = -1.0919987558E+00 -2.1426183421E-01  1.5998110097E-01
HessDelSqRho_EigVec1 =  8.6535538333E-01  5.0115871792E-01 -5.6100088220E-08
HessDelSqRho_EigVec2 =  3.2335776881E-08  5.6106276549E-08  1.0000000000E+00
HessDelSqRho_EigVec3 = -5.0115871792E-01  8.6535538333E-01 -3.2346511966E-08
</CP of DelSqRho>
<CP of DelSqRho>
CP# = 38      
Type = (3,-1)
Coords = -5.43694523034517E+00  1.02126187073998E+00 -2.54421190564626E-07
DistFromNuc =  1.8113566215E+00
Rho =  7.9878896964E-02
DelSqRho =  2.6030709632E-01
GradDelSqRho =  3.1918911958E-16 -3.7886360715E-15  7.2384762225E-16
HessDelSqRho_EigVals = -1.0935995444E+00 -2.1570196293E-01  1.5761123777E-01
HessDelSqRho_EigVec1 =  9.1045042525E-03  9.9995855314E-01 -6.4411195032E-08
HessDelSqRho_EigVec2 = -4.6158179925E-07  6.8616512425E-08  1.0000000000E+00
HessDelSqRho_EigVec3 =  9.9995855314E-01 -9.1045042525E-03  4.6218738747E-07
</CP of DelSqRho>
<Path of -GradDelSqRho>
Starting CP# =      2
Ending CP# =     13
Number of Points =     16
 -5.4521932919E+00  2.2934759545E+00 -2.0979486168E-07  3.2028872590E-01 -9.5337414887E-01
 -5.4271940024E+00  2.2932874833E+00 -1.9667626843E-07  3.2044193590E-01 -9.5535713467E-01
 -5.4021946927E+00  2.2931017027E+00 -1.8356334666E-07  3.2080696896E-01 -9.6131556243E-01
 -5.3771953624E+00  2.2929187187E+00 -1.7045260575E-07  3.2138182129E-01 -9.7126854663E-01
 -5.3521960103E+00  2.2927387278E+00 -1.5733963964E-07  3.2216299408E-01 -9.8523253419E-01
 -5.3271966347E+00  2.2925620403E+00 -1.4421860286E-07  3.2314545605E-01 -1.0032027298E+00
 -5.3021972328E+00  2.2923891204E+00 -1.3108151767E-07  3.2432260786E-01 -1.0251247143E+00
 -5.2771978005E+00  2.2922206549E+00 -1.1791726972E-07  3.2568626701E-01 -1.0508541378E+00
 -5.2521983318E+00  2.2920576656E+00 -1.0471002317E-07  3.2722670014E-01 -1.0801017337E+00
 -5.2271988184E+00  2.2919017049E+00 -9.1436511759E-08  3.2893274058E-01 -1.1123602782E+00
 -5.2021992478E+00  2.2917552169E+00 -7.8061005075E-08  3.3079204198E-01 -1.1468095742E+00
 -5.1771996018E+00  2.2916222686E+00 -6.4524984214E-08  3.3279153616E-01 -1.1821951102E+00
 -5.1521998539E+00  2.2915102372E+00 -5.0722986062E-08  3.3491818362E-01 -1.2166758307E+00
 -5.1271999726E+00  2.2914345321E+00 -3.6433835713E-08  3.3716012761E-01 -1.2476365326E+00
 -5.1021999972E+00  2.2914370933E+00 -2.1044765614E-08  3.3950836853E-01 -1.2714609192E+00
 -5.0722276777E+00  2.2928961834E+00  2.9100293678E-08  3.4245572171E-01 -1.2836494090E+00
</Path of -GradDelSqRho>
<Path of -GradDelSqRho>
Starting CP# =      2
Ending CP# =      0
Number of Points =    400
 -5.4521932919E+00  2.2934759545E+00 -2.0979486168E-07  3.2028872590E-01 -9.5337414887E-01
 -5.4771925617E+00  2.2936670258E+00 -2.2292183754E-07  3.2034787501E-01 -9.5535507192E-01
 -5.5021918106E+00  2.2938608180E+00 -2.3606031382E-07  3.2061846185E-01 -9.6129873480E-01
 -5.5271910371E+00  2.2940574824E+00 -2.4921351497E-07  3.2109809968E-01 -9.7120989927E-01
 -5.5521902385E+00  2.2942572922E+00 -2.6238540171E-07  3.2178291263E-01 -9.8508725281E-01
 -5.5771894111E+00  2.2944606842E+00 -2.7558119682E-07  3.2266750404E-01 -1.0029028654E+00
 -5.6021885488E+00  2.2946683258E+00 -2.8880808611E-07  3.2374493022E-01 -1.0245715175E+00
 -5.6271876422E+00  2.2948812202E+00 -3.0207624567E-07  3.2500669990E-01 -1.0499076709E+00
 -5.6521866771E+00  2.2951008809E+00 -3.1540048720E-07  3.2644282843E-01 -1.0785672191E+00
 -5.6771856303E+00  2.2953296377E+00 -3.2880312638E-07  3.2804198666E-01 -1.1099705429E+00
 -5.7021844627E+00  2.2955712159E+00 -3.4231945482E-07  3.2979179866E-01 -1.1432028660E+00
 -5.7271831020E+00  2.2958319568E+00 -3.5600938198E-07  3.3167935947E-01 -1.1768875098E+00
 -5.7521813959E+00  2.2961237916E+00 -3.6998618885E-07  3.3369206442E-01 -1.2090274816E+00
 -5.7771789413E+00  2.2964733306E+00 -3.8450601417E-07  3.3581885826E-01 -1.2368109979E+00
 -5.8021740194E+00  2.2969645832E+00 -4.0040049797E-07  3.3805195329E-01 -1.2563773999E+00
 -5.8244351007E+00  2.2990316759E+00 -4.3589026036E-07  3.4012658300E-01 -1.2627239254E+00
 -5.8244356674E+00  2.2990855004E+00 -4.3957359602E-07  3.4012651722E-01 -1.2627239333E+00
 -5.8244356674E+00  2.2990855004E+00 -4.3957427652E-07  3.4012651722E-01 -1.2627239333E+00
 -5.8244356674E+00  2.2990855004E+00 -4.3957427665E-07  3.4012651722E-01 -1.2627239333E+00
 -5.8244356674E+00  2.2990855004E+00 -4.3957427665E-07  3.4012651722E-01 -1.2627239333E+00
 -5.8244356674E+00  2.2990855004E+00 -4.3957427665E-07  3.4012651722E-01 -1.2627239333E+00
 -5.8244356674E+00  2.2990855004E+00 -4.3957427665E-07  3.4012651722E-01 -1.2627239333E+00
 -5.8244356674E+00  2.2990855004E+00 -4.3957427665E-07  3.4012651722E-01 -1.2627239333E+00
 -5.8244356674E+00  2.2990855004E+00 -4.3957427665E-07  3.4012651722E-01 -1.2627239333E+00
 -5.8244356674E+00  2.2990855004E+00 -4.3957427665E-07  3.4012651722E-01 -1.2627239333E+00
 -5.8244356674E+00  2.2990855004E+00 -4.3957427665E-07  3.4012651722E-01 -1.2627239333E+00
 -5.8244356674E+00  2.2990855004E+00 -4.3957427665E-07  3.4012651722E-01 -1.2627239333E+00
 -5.8244356674E+00  2.2990855004E+00 -4.3957427665E-07  3.4012651722E-01 -1.2627239333E+00
 -5.8244356674E+00  2.2990855004E+00 -4.3957427665E-07  3.4012651722E-01 -1.2627239333E+00
 -5.8244356674E+00  2.2990855004E+00 -4.3957427665E-07  3.4012651722E-01 -1.2627239333E+00
 -5.8244356674E+00  2.2990855004E+00 -4.3957427665E-07  3.4012651722E-01 -1.2627239333E+00
 -5.8244356674E+00  2.2990855004E+00 -4.3957427665E-07  3.4012651722E-01 -1.2627239333E+00
 -5.8244356674E+00  2.2990855004E+00 -4.3957427665E-07  3.4012651722E-01 -1.2627239333E+00
 -5.8244356674E+00  2.2990855004E+00 -4.3957427665E-07  3.4012651722E-01 -1.2627239333E+00
 -5.8244356674E+00  2.2990855004E+00 -4.3957427665E-07  3.4012651722E-01 -1.2627239333E+00
 -5.8244356674E+00  2.2990855004E+00 -4.3957427665E-07  3.4012651722E-01 -1.2627239333E+00
 -5.8244356674E+00  2.2990855004E+00 -4.3957427665E-07  3.4012651722E-01 -1.2627239333E+00
 -5.8244356674E+00  2.2990855004E+00 -4.3957427665E-07  3.4012651722E-01 -1.2627239333E+00
 -5.8244356674E+00  2.2990855004E+00 -4.3957427665E-07  3.4012651722E-01 -1.2627239333E+00
 -5.8244356674E+00  2.2990855004E+00 -4.3957427665E-07  3.4012651722E-01 -1.2627239333E+00
 -5.8244356674E+00  2.2990855004E+00 -4.3957427665E-07  3.4012651722E-01 -1.2627239333E+00
 -5.8244356674E+00  2.2990855004E+00 -4.3957427665E-07  3.4012651722E-01 -1.2627239333E+00
 -5.8244356674E+00  2.2990855004E+00 -4.3957427665E-07  3.4012651722E-01 -1.2627239333E+00
 -5.8244356674E+00  2.2990855004E+00 -4.3957427665E-07  3.4012651722E-01 -1.2627239333E+00
 -5.8244356674E+00  2.2990855004E+00 -4.3957427665E-07  3.4012651722E-01 -1.2627239333E+00
 -5.8244356674E+00  2.2990855004E+00 -4.3957427665E-07  3.4012651722E-01 -1.2627239333E+00
 -5.8244356674E+00  2.2990855004E+00 -4.3957427665E-07  3.4012651722E-01 -1.2627239333E+00
 -5.8244356674E+00  2.2990855004E+00 -4.3957427665E-07  3.4012651722E-01 -1.2627239333E+00
 -5.8244356674E+00  2.2990855004E+00 -4.3957427665E-07  3.4012651722E-01 -1.2627239333E+00
 -5.8244356674E+00  2.2990855004E+00 -4.3957427665E-07  3.4012651722E-01 -1.2627239333E+00
 -5.8244356674E+00  2.2990855004E+00 -4.3957427665E-07  3.4012651722E-01 -1.2627239333E+00
 -5.8244356674E+00  2.2990855004E+00 -4.3957427665E-07  3.4012651722E-01 -1.2627239333E+00
 -5.8244356674E+00  2.2990855004E+00 -4.3957427665E-07  3.4012651722E-01 -1.2627239333E+00
 -5.8244356674E+00  2.2990855004E+00 -4.3957427665E-07  3.4012651722E-01 -1.2627239333E+00
 -5.8244356674E+00  2.2990855004E+00 -4.3957427665E-07  3.4012651722E-01 -1.2627239333E+00
 -5.8244356674E+00  2.2990855004E+00 -4.3957427665E-07  3.4012651722E-01 -1.2627239333E+00
 -5.8244356674E+00  2.2990855004E+00 -4.3957427665E-07  3.4012651722E-01 -1.2627239333E+00
 -5.8244356674E+00  2.2990855004E+00 -4.3957427665E-07  3.4012651722E-01 -1.2627239333E+00
 -5.8244356674E+00  2.2990855004E+00 -4.3957427665E-07  3.4012651722E-01 -1.2627239333E+00
 -5.8244356674E+00  2.2990855004E+00 -4.3957427665E-07  3.4012651722E-01 -1.2627239333E+00
 -5.8244356674E+00  2.2990855004E+00 -4.3957427665E-07  3.4012651722E-01 -1.2627239333E+00
 -5.8244356674E+00  2.2990855004E+00 -4.3957427665E-07  3.4012651722E-01 -1.2627239333E+00
 -5.8244356674E+00  2.2990855004E+00 -4.3957427665E-07  3.4012651722E-01 -1.2627239333E+00
 -5.8244356674E+00  2.2990855004E+00 -4.3957427665E-07  3.4012651722E-01 -1.2627239333E+00
 -5.8244356674E+00  2.2990855004E+00 -4.3957427665E-07  3.4012651722E-01 -1.2627239333E+00
 -5.8244356674E+00  2.2990855004E+00 -4.3957427665E-07  3.4012651722E-01 -1.2627239333E+00
 -5.8244356674E+00  2.2990855004E+00 -4.3957427665E-07  3.4012651722E-01 -1.2627239333E+00
 -5.8244356674E+00  2.2990855004E+00 -4.3957427665E-07  3.4012651722E-01 -1.2627239333E+00
 -5.8244356674E+00  2.2990855004E+00 -4.3957427665E-07  3.4012651722E-01 -1.2627239333E+00
 -5.8244356674E+00  2.2990855004E+00 -4.3957427665E-07  3.4012651722E-01 -1.2627239333E+00
 -5.8244356674E+00  2.2990855004E+00 -4.3957427665E-07  3.4012651722E-01 -1.2627239333E+00
 -5.8244356674E+00  2.2990855004E+00 -4.3957427665E-07  3.4012651722E-01 -1.2627239333E+00
 -5.8244356674E+00  2.2990855004E+00 -4.3957427665E-07  3.4012651722E-01 -1.2627239333E+00
 -5.8244356674E+00  2.2990855004E+00 -4.3957427665E-07  3.4012651722E-01 -1.2627239333E+00
 -5.8244356674E+00  2.2990855004E+00 -4.3957427665E-07  3.4012651722E-01 -1.2627239333E+00
 -5.8244356674E+00  2.2990855004E+00 -4.3957427665E-07  3.4012651722E-01 -1.2627239333E+00
 -5.8244356674E+00  2.2990855004E+00 -4.3957427665E-07  3.4012651722E-01 -1.2627239333E+00
 -5.8244356674E+00  2.2990855004E+00 -4.3957427665E-07  3.4012651722E-01 -1.2627239333E+00
 -5.8244356674E+00  2.2990855004E+00 -4.3957427665E-07  3.4012651722E-01 -1.2627239333E+00
 -5.8244356674E+00  2.2990855004E+00 -4.3957427665E-07  3.4012651722E-01 -1.2627239333E+00
 -5.8244356674E+00  2.2990855004E+00 -4.3957427665E-07  3.4012651722E-01 -1.2627239333E+00
 -5.8244356674E+00  2.2990855004E+00 -4.3957427665E-07  3.4012651722E-01 -1.2627239333E+00
 -5.8244356674E+00  2.2990855004E+00 -4.3957427665E-07  3.4012651722E-01 -1.2627239333E+00
 -5.8244356674E+00  2.2990855004E+00 -4.3957427665E-07  3.4012651722E-01 -1.2627239333E+00
 -5.8244356674E+00  2.2990855004E+00 -4.3957427665E-07  3.4012651722E-01 -1.2627239333E+00
 -5.8244356674E+00  2.2990855004E+00 -4.3957427665E-07  3.4012651722E-01 -1.2627239333E+00
 -5.8244356674E+00  2.2990855004E+00 -4.3957427665E-07  3.4012651722E-01 -1.2627239333E+00
 -5.8244356674E+00  2.2990855004E+00 -4.3957427665E-07  3.4012651722E-01 -1.2627239333E+00
 -5.8244356674E+00  2.2990855004E+00 -4.3957427665E-07  3.4012651722E-01 -1.2627239333E+00
 -5.8244356674E+00  2.2990855004E+00 -4.3957427665E-07  3.4012651722E-01 -1.2627239333E+00
 -5.8244356674E+00  2.2990855004E+00 -4.3957427665E-07  3.4012651722E-01 -1.2627239333E+00
 -5.8244356674E+00  2.2990855004E+00 -4.3957427665E-07  3.4012651722E-01 -1.2627239333E+00
 -5.8244356674E+00  2.2990855004E+00 -4.3957427665E-07  3.4012651722E-01 -1.2627239333E+00
 -5.8244356674E+00  2.2990855004E+00 -4.3957427665E-07  3.4012651722E-01 -1.2627239333E+00
 -5.8244356674E+00  2.2990855004E+00 -4.3957427665E-07  3.4012651722E-01 -1.2627239333E+00
 -5.8244356674E+00  2.2990855004E+00 -4.3957427665E-07  3.4012651722E-01 -1.2627239333E+00
 -5.8244356674E+00  2.2990855004E+00 -4.3957427665E-07  3.4012651722E-01 -1.2627239333E+00
 -5.8244356674E+00  2.2990855004E+00 -4.3957427665E-07  3.4012651722E-01 -1.2627239333E+00
 -5.8244356674E+00  2.2990855004E+00 -4.3957427665E-07  3.4012651722E-01 -1.2627239333E+00
 -5.8244356674E+00  2.2990855004E+00 -4.3957427665E-07  3.4012651722E-01 -1.2627239333E+00
 -5.8244356674E+00  2.2990855004E+00 -4.3957427665E-07  3.4012651722E-01 -1.2627239333E+00
 -5.8244356674E+00  2.2990855004E+00 -4.3957427665E-07  3.4012651722E-01 -1.2627239333E+00
 -5.8244356674E+00  2.2990855004E+00 -4.3957427665E-07  3.4012651722E-01 -1.2627239333E+00
 -5.8244356674E+00  2.2990855004E+00 -4.3957427665E-07  3.4012651722E-01 -1.2627239333E+00
 -5.8244356674E+00  2.2990855004E+00 -4.3957427665E-07  3.4012651722E-01 -1.2627239333E+00
 -5.8244356674E+00  2.2990855004E+00 -4.3957427665E-07  3.4012651722E-01 -1.2627239333E+00
 -5.8244356674E+00  2.2990855004E+00 -4.3957427665E-07  3.4012651722E-01 -1.2627239333E+00
 -5.8244356674E+00  2.2990855004E+00 -4.3957427665E-07  3.4012651722E-01 -1.2627239333E+00
 -5.8244356674E+00  2.2990855004E+00 -4.3957427665E-07  3.4012651722E-01 -1.2627239333E+00
 -5.8244356674E+00  2.2990855004E+00 -4.3957427665E-07  3.4012651722E-01 -1.2627239333E+00
 -5.8244356674E+00  2.2990855004E+00 -4.3957427665E-07  3.4012651722E-01 -1.2627239333E+00
 -5.8244356674E+00  2.2990855004E+00 -4.3957427665E-07  3.4012651722E-01 -1.2627239333E+00
 -5.8244356674E+00  2.2990855004E+00 -4.3957427665E-07  3.4012651722E-01 -1.2627239333E+00
 -5.8244356674E+00  2.2990855004E+00 -4.3957427665E-07  3.4012651722E-01 -1.2627239333E+00
 -5.8244356674E+00  2.2990855004E+00 -4.3957427665E-07  3.4012651722E-01 -1.2627239333E+00
 -5.8244356674E+00  2.2990855004E+00 -4.3957427665E-07  3.4012651722E-01 -1.2627239333E+00
 -5.8244356674E+00  2.2990855004E+00 -4.3957427665E-07  3.4012651722E-01 -1.2627239333E+00
 -5.8244356674E+00  2.2990855004E+00 -4.3957427665E-07  3.4012651722E-01 -1.2627239333E+00
 -5.8244356674E+00  2.2990855004E+00 -4.3957427665E-07  3.4012651722E-01 -1.2627239333E+00
 -5.8244356674E+00  2.2990855004E+00 -4.3957427665E-07  3.4012651722E-01 -1.2627239333E+00
 -5.8244356674E+00  2.2990855004E+00 -4.3957427665E-07  3.4012651722E-01 -1.2627239333E+00
 -5.8244356674E+00  2.2990855004E+00 -4.3957427665E-07  3.4012651722E-01 -1.2627239333E+00
 -5.8244356674E+00  2.2990855004E+00 -4.3957427665E-07  3.4012651722E-01 -1.2627239333E+00
 -5.8244356674E+00  2.2990855004E+00 -4.3957427665E-07  3.4012651722E-01 -1.2627239333E+00
 -5.8244356674E+00  2.2990855004E+00 -4.3957427665E-07  3.4012651722E-01 -1.2627239333E+00
 -5.8244356674E+00  2.2990855004E+00 -4.3957427665E-07  3.4012651722E-01 -1.2627239333E+00
 -5.8244356674E+00  2.2990855004E+00 -4.3957427665E-07  3.4012651722E-01 -1.2627239333E+00
 -5.8244356674E+00  2.2990855004E+00 -4.3957427665E-07  3.4012651722E-01 -1.2627239333E+00
 -5.8244356674E+00  2.2990855004E+00 -4.3957427665E-07  3.4012651722E-01 -1.2627239333E+00
 -5.8244356674E+00  2.2990855004E+00 -4.3957427665E-07  3.4012651722E-01 -1.2627239333E+00
 -5.8244356674E+00  2.2990855004E+00 -4.3957427665E-07  3.4012651722E-01 -1.2627239333E+00
 -5.8244356674E+00  2.2990855004E+00 -4.3957427665E-07  3.4012651722E-01 -1.2627239333E+00
 -5.8244356674E+00  2.2990855004E+00 -4.3957427665E-07  3.4012651722E-01 -1.2627239333E+00
 -5.8244356674E+00  2.2990855004E+00 -4.3957427665E-07  3.4012651722E-01 -1.2627239333E+00
 -5.8244356674E+00  2.2990855004E+00 -4.3957427665E-07  3.4012651722E-01 -1.2627239333E+00
 -5.8244356674E+00  2.2990855004E+00 -4.3957427665E-07  3.4012651722E-01 -1.2627239333E+00
 -5.8244356674E+00  2.2990855004E+00 -4.3957427665E-07  3.4012651722E-01 -1.2627239333E+00
 -5.8244356674E+00  2.2990855004E+00 -4.3957427665E-07  3.4012651722E-01 -1.2627239333E+00
 -5.8244356674E+00  2.2990855004E+00 -4.3957427665E-07  3.4012651722E-01 -1.2627239333E+00
