 AIMInt (Version 19.10.12, Professional)
 Portions Copyright (c) 1997-2019 by Todd A. Keith
 AIMInt is a component of the AIMAll package ( http://aim.tkgristmill.com )

 TP:  64-bit Mac OS X

 AIMInt is a heavily modified and extended version of the PROAIMV program
 developed by members of R.F.W. Bader's research group

 Much of the Quantum Theory of Atoms in Molecules (QTAIM) is described in the book:
   "Atoms in Molecules - A Quantum Theory"
   R.F.W. Bader, Oxford University Press, Oxford, 1990

 For additional references see:  http://aim.tkgristmill.com/references.html

 Current Directory:  /Users/chemlab/Documents/SubstituentCoding/New Reorientation Test

 Inp File:  SubC6H5_CF2H-ReorPosY-B3LYP-def2-TZVPPD-Field_atomicfiles/c8.inp
 Wfx File:  SubC6H5_CF2H-ReorPosY-B3LYP-def2-TZVPPD-Field.wfx
 Out File:  SubC6H5_CF2H-ReorPosY-B3LYP-def2-TZVPPD-Field_atomicfiles/c8.int

 Wfx Title:   SubC6H5_CF2H-ReorPosY-B3LYP-def2-TZVPPD-Field.chk                             
 Job Title:   SubC6H5_CF2H-ReorPosY-B3LYP-def2-TZVPPD-Field.chk                             
 
<Atom>
C8      
</Atom>
<Nuclei of Molecule>
    15
C1         6.0           0.0000000000E+00   0.0000000000E+00   0.0000000000E+00
C2         6.0          -2.8301851784E+00   0.0000000000E+00   0.0000000000E+00
H3         1.0           8.1164226432E-01   1.8946779837E+00   0.0000000000E+00
F4         9.0           9.3270337028E-01  -1.2536154179E+00   2.0739128106E+00
F5         9.0           9.3270467079E-01  -1.2536160689E+00  -2.0739103715E+00
C6         6.0          -4.1617202403E+00  -2.2753159313E+00   1.4361918547E-08
C7         6.0          -4.1351613681E+00   2.2807743107E+00   4.2216481623E-07
C8         6.0          -6.7824858549E+00  -2.2545809791E+00  -1.3369812331E-06
H9         1.0          -3.1422414206E+00  -4.0467829336E+00   6.6745126720E-07
C10        6.0          -6.7642167018E+00   2.2990517139E+00  -8.5699079749E-07
H11        1.0          -3.1006367074E+00   4.0466448713E+00  -7.9481880799E-07
C12        6.0          -8.0868290871E+00   3.2179479480E-02  -1.8099796821E-06
H13        1.0          -7.8132251627E+00  -4.0199599399E+00  -1.8931276316E-06
H14        1.0          -7.7718281599E+00   4.0775333856E+00  -1.7472407748E-06
H15        1.0          -1.0131388284E+01   4.1577766854E-02  -2.0344791457E-06
</Nuclei of Molecule>
<Total Number of CPs of DelSqRho>
    31
</Total Number of CPs of DelSqRho>
<Number of (3,+3) CPs of DelSqRho>
     4
</Number of (3,+3) CPs of DelSqRho>
<Number of (3,+1) CPs of DelSqRho>
    12
</Number of (3,+1) CPs of DelSqRho>
<Number of (3,-1) CPs of DelSqRho>
    10
</Number of (3,-1) CPs of DelSqRho>
<Number of (3,-3) CPs of DelSqRho>
     5
</Number of (3,-3) CPs of DelSqRho>
<Number of Degenerate CPs of DelSqRho>
     0
</Number of Degenerate CPs of DelSqRho>
<CP of DelSqRho>
CP# = 1       
Type = (3,+3)
Coords = -6.78248586390026E+00 -2.25458099364472E+00 -1.33698122912930E-06
DistFromNuc =  1.7125989026E-08
Rho =  1.2207034996E+02
DelSqRho = -9.6833783717E+05
GradDelSqRho =  2.1360810933E-06  2.4604001396E-06 -3.2563396424E-12
HessDelSqRho_EigVals =  3.3375822362E+10  3.3375825890E+10  3.3375827288E+10
HessDelSqRho_EigVec1 = -5.4863002945E-07 -3.8510633048E-08  1.0000000000E+00
HessDelSqRho_EigVec2 =  4.8638674164E-01  8.7374363377E-01  3.0049479285E-07
HessDelSqRho_EigVec3 =  8.7374363377E-01 -4.8638674164E-01  4.6063093420E-07
</CP of DelSqRho>
<CP of DelSqRho>
CP# = 2       
Type = (3,+1)
Coords = -7.42307916202236E+00 -3.35098473632144E+00 -1.67718416935272E-06
DistFromNuc =  1.2698271473E+00
Rho =  2.9289169157E-01
DelSqRho = -1.0977638739E+00
GradDelSqRho =  3.3306690739E-16  3.1918911958E-15 -2.6681537839E-20
HessDelSqRho_EigVals = -9.5884143539E+00  7.8570672852E+00  8.2735514045E+00
HessDelSqRho_EigVec1 =  5.0385318346E-01  8.6378930852E-01  2.7626881525E-07
HessDelSqRho_EigVec2 = -5.5900596435E-07  6.2377704985E-09  1.0000000000E+00
HessDelSqRho_EigVec3 =  8.6378930852E-01 -5.0385318346E-01  4.8600629593E-07
</CP of DelSqRho>
<CP of DelSqRho>
CP# = 3       
Type = (3,+1)
Coords = -6.55372151221088E+00 -2.32035582728084E+00 -1.25744888947874E-06
DistFromNuc =  2.3803246657E-01
Rho =  7.9008197198E+00
DelSqRho =  2.8927262463E+02
GradDelSqRho = -8.4696694103E-12 -9.4502183856E-13 -2.6834003769E-18
HessDelSqRho_EigVals = -7.4022356960E+04  2.7124762904E+01  1.1707690628E+02
HessDelSqRho_EigVec1 =  9.6114644413E-01 -2.7603896995E-01  3.3411154897E-07
HessDelSqRho_EigVec2 =  2.7603896995E-01  9.6114644413E-01  1.9466158410E-07
HessDelSqRho_EigVec3 = -3.7486431040E-07 -9.4870481534E-08  1.0000000000E+00
</CP of DelSqRho>
<CP of DelSqRho>
CP# = 4       
Type = (3,+1)
Coords = -6.90516986447512E+00 -2.45860075094855E+00 -1.39339645709099E-06
DistFromNuc =  2.3806602765E-01
Rho =  7.8986549324E+00
DelSqRho =  2.8889090364E+02
GradDelSqRho =  3.2904790004E-12  5.7234217365E-12 -2.2497195079E-18
HessDelSqRho_EigVals = -7.3986420738E+04  3.2958475975E+01  1.2993259192E+02
HessDelSqRho_EigVec1 =  5.1532601469E-01  8.5699422319E-01  2.3703387590E-07
HessDelSqRho_EigVec2 =  8.5699422319E-01 -5.1532601469E-01  2.3391797879E-07
HessDelSqRho_EigVec3 = -3.2261607913E-07 -8.2592642572E-08  1.0000000000E+00
</CP of DelSqRho>
<CP of DelSqRho>
CP# = 5       
Type = (3,-3)
Coords = -6.77726949679675E+00 -2.24596136238606E+00  2.37654142494829E-01
DistFromNuc =  2.3786894524E-01
Rho =  7.8729508884E+00
DelSqRho =  2.9251872532E+02
GradDelSqRho = -1.5631940187E-13 -1.1146639167E-13 -3.9221959014E-12
HessDelSqRho_EigVals = -7.4244130520E+04 -1.1476503654E+02 -1.0464946384E+02
HessDelSqRho_EigVec1 =  2.2001050554E-02  3.6350975738E-02  9.9909687235E-01
HessDelSqRho_EigVec2 =  8.7348791275E-01 -4.8684345577E-01 -1.5217914494E-03
HessDelSqRho_EigVec3 =  4.8634845538E-01  8.7273252268E-01 -4.2463205406E-02
</CP of DelSqRho>
<CP of DelSqRho>
CP# = 6       
Type = (3,-3)
Coords = -6.77726932954222E+00 -2.24596132739021E+00 -2.37656811478100E-01
DistFromNuc =  2.3786894520E-01
Rho =  7.8729508897E+00
DelSqRho =  2.9251872544E+02
GradDelSqRho =  5.5067062021E-14  2.8155255904E-13 -5.3361759456E-12
HessDelSqRho_EigVals = -7.4244130552E+04 -1.1476503648E+02 -1.0464946613E+02
HessDelSqRho_EigVec1 = -2.2001753723E-02 -3.6351122855E-02  9.9909685151E-01
HessDelSqRho_EigVec2 =  8.7348764267E-01 -4.8684393872E-01  1.5223110395E-03
HessDelSqRho_EigVec3 =  4.8634890864E-01  8.7273224714E-01  4.2463677052E-02
</CP of DelSqRho>
<CP of DelSqRho>
CP# = 7       
Type = (3,-1)
Coords = -6.66221805454131E+00 -2.04918969353143E+00 -1.27658798775631E-06
DistFromNuc =  2.3801244501E-01
Rho =  7.8921429084E+00
DelSqRho =  2.9010767416E+02
GradDelSqRho = -7.0750072467E-12 -1.0295764241E-11  8.1586213480E-18
HessDelSqRho_EigVals = -7.4031394014E+04 -4.7939373311E+01  8.3136144187E+01
HessDelSqRho_EigVec1 =  5.0530057337E-01  8.6294341098E-01  2.5367046622E-07
HessDelSqRho_EigVec2 =  8.6294341098E-01 -5.0530057337E-01  2.8765254711E-07
HessDelSqRho_EigVec3 = -3.7640770221E-07 -7.3552260401E-08  1.0000000000E+00
</CP of DelSqRho>
<CP of DelSqRho>
CP# = 8       
Type = (3,+1)
Coords = -6.95468291786596E+00 -2.09023756726275E+00 -1.38332111148672E-06
DistFromNuc =  2.3803484094E-01
Rho =  7.9005238833E+00
DelSqRho =  2.8925421391E+02
GradDelSqRho = -2.0485835250E-12  1.8083312625E-12 -1.6398557859E-18
HessDelSqRho_EigVals = -7.4019672388E+04  2.6137809280E+01  1.1767666843E+02
HessDelSqRho_EigVec1 =  7.2319609308E-01 -6.9064275205E-01  1.9463557111E-07
HessDelSqRho_EigVec2 =  6.9064275205E-01  7.2319609308E-01  2.6462329907E-07
HessDelSqRho_EigVec3 = -3.2351984813E-07 -5.6950889554E-08  1.0000000000E+00
</CP of DelSqRho>
<CP of DelSqRho>
CP# = 9       
Type = (3,-1)
Coords = -7.01855079128259E+00 -2.22368691333511E+00 -1.41205488021550E-06
DistFromNuc =  2.3807792314E-01
Rho =  7.8928512843E+00
DelSqRho =  2.8935335249E+02
GradDelSqRho =  6.4375171860E-12 -1.4228618284E-12  5.3939058081E-18
HessDelSqRho_EigVals = -7.3956803871E+04 -2.3005298958E+01  1.0703161804E+02
HessDelSqRho_EigVec1 =  9.9152288990E-01 -1.2993213150E-01  3.1531067232E-07
HessDelSqRho_EigVec2 =  1.2993213150E-01  9.9152288990E-01  1.0753928775E-07
HessDelSqRho_EigVec3 = -3.2661055791E-07 -6.5658677632E-08  1.0000000000E+00
</CP of DelSqRho>
<CP of DelSqRho>
CP# = 10      
Type = (3,-1)
Coords = -6.64061863505680E+00 -2.44577171384113E+00 -1.30091786687801E-06
DistFromNuc =  2.3807604904E-01
Rho =  7.8928217879E+00
DelSqRho =  2.8938323644E+02
GradDelSqRho = -5.8975047068E-13  6.3948846218E-13 -3.7269449679E-18
HessDelSqRho_EigVals = -7.3958675040E+04 -2.4097950182E+01  1.0589307086E+02
HessDelSqRho_EigVec1 = -5.9602247908E-01  8.0296774806E-01 -1.5142696718E-07
HessDelSqRho_EigVec2 =  8.0296774806E-01  5.9602247908E-01  3.4289748034E-07
HessDelSqRho_EigVec3 = -3.6558949398E-07 -8.2783635467E-08  1.0000000000E+00
</CP of DelSqRho>
<CP of DelSqRho>
CP# = 11      
Type = (3,+3)
Coords = -5.84305788766710E+00 -2.26651643832665E+00 -8.61410924764276E-07
DistFromNuc =  9.3950378435E-01
Rho =  3.4256588742E-01
DelSqRho = -1.2754234555E+00
GradDelSqRho = -9.2681418096E-13 -3.4416913763E-15  2.1421463236E-17
HessDelSqRho_EigVals =  5.2629162899E+00  8.1436005157E+00  3.0812989438E+01
HessDelSqRho_EigVec1 = -4.8154803017E-07  5.0647082933E-08  1.0000000000E+00
HessDelSqRho_EigVec2 =  1.8523226554E-02  9.9982843032E-01 -4.1718570170E-08
HessDelSqRho_EigVec3 =  9.9982843032E-01 -1.8523226554E-02  4.8240355852E-07
</CP of DelSqRho>
<CP of DelSqRho>
CP# = 12      
Type = (3,-1)
Coords = -7.72827911177940E+00 -2.25211051130528E+00 -2.29140893049048E-06
DistFromNuc =  9.4579648338E-01
Rho =  2.1799680562E-01
DelSqRho = -4.3540467311E-02
GradDelSqRho = -2.9976021665E-15 -9.9920072216E-16  1.4272505161E-19
HessDelSqRho_EigVals = -4.6120563157E+00 -1.9464786858E-01  2.5025754075E+01
HessDelSqRho_EigVec1 =  7.4783568176E-03  9.9997203670E-01 -5.8029206700E-08
HessDelSqRho_EigVec2 = -9.5227714014E-07  6.5152496822E-08  1.0000000000E+00
HessDelSqRho_EigVec3 =  9.9997203670E-01 -7.4783568176E-03  9.5273774494E-07
</CP of DelSqRho>
<CP of DelSqRho>
CP# = 13      
Type = (3,-1)
Coords = -6.30272839670490E+00 -1.43500481534389E+00 -1.12691694046120E-06
DistFromNuc =  9.4966957772E-01
Rho =  2.2145253414E-01
DelSqRho =  2.8165039776E-02
GradDelSqRho =  2.2204460493E-16 -4.2188474936E-15  3.7883548566E-19
HessDelSqRho_EigVals = -4.9455897149E+00 -8.7237910328E-01  2.3801470754E+01
HessDelSqRho_EigVec1 =  8.6290971843E-01 -5.0535810851E-01  4.0937624438E-07
HessDelSqRho_EigVec2 = -4.6536849716E-07  1.5444979321E-08  1.0000000000E+00
HessDelSqRho_EigVec3 =  5.0535810851E-01  8.6290971843E-01  2.2185012073E-07
</CP of DelSqRho>
<CP of DelSqRho>
CP# = 14      
Type = (3,-1)
Coords = -6.31559262352442E+00 -3.07753663085864E+00 -7.87261858798651E-07
DistFromNuc =  9.4617402961E-01
Rho =  2.1808722908E-01
DelSqRho = -3.7431617270E-02
GradDelSqRho =  3.5527136788E-15 -7.9936057773E-15 -4.3643372607E-19
HessDelSqRho_EigVals = -4.6366750316E+00 -2.4652586177E-01  2.4891199943E+01
HessDelSqRho_EigVec1 =  8.6716904907E-01  4.9801389572E-01  4.9164176685E-07
HessDelSqRho_EigVec2 = -6.9765341906E-07  2.2758739488E-07  1.0000000000E+00
HessDelSqRho_EigVec3 = -4.9801389572E-01  8.6716904907E-01 -5.4479784189E-07
</CP of DelSqRho>
<CP of DelSqRho>
CP# = 15      
Type = (3,-1)
Coords = -6.89516200611134E+00 -2.41792746779244E+00  9.74393197076421E-01
DistFromNuc =  9.9439564482E-01
Rho =  1.6269548674E-01
DelSqRho = -8.0712524605E-03
GradDelSqRho = -4.9960036108E-16 -5.5511151231E-17  3.3306690739E-15
HessDelSqRho_EigVals = -9.8107778020E-01 -4.6076465982E-01  1.2946215809E+01
HessDelSqRho_EigVec1 =  4.6561126846E-01  8.5795467637E-01  2.1707123248E-01
HessDelSqRho_EigVec2 = -8.7628623567E-01  4.8126321215E-01 -2.2542267111E-02
HessDelSqRho_EigVec3 = -1.2380864209E-01 -1.7972059960E-01  9.7589544841E-01
</CP of DelSqRho>
<CP of DelSqRho>
CP# = 16      
Type = (3,-1)
Coords = -6.89516134641348E+00 -2.41792732038992E+00 -9.74395965454143E-01
DistFromNuc =  9.9439563837E-01
Rho =  1.6269548884E-01
DelSqRho = -8.0712801709E-03
GradDelSqRho =  9.9920072216E-16  5.5511151231E-16  4.6629367034E-15
HessDelSqRho_EigVals = -9.8107784565E-01 -4.6076447392E-01  1.2946217084E+01
HessDelSqRho_EigVec1 =  4.6561057232E-01  8.5795517054E-01 -2.1707077252E-01
HessDelSqRho_EigVec2 = -8.7628669762E-01  4.8126238532E-01  2.2541961889E-02
HessDelSqRho_EigVec3 =  1.2380799052E-01  1.7972045463E-01  9.7589555777E-01
</CP of DelSqRho>
<CP of DelSqRho>
CP# = 17      
Type = (3,+1)
Coords = -6.50129395200147E+00 -1.76600872931732E+00  7.84777598231942E-01
DistFromNuc =  9.6625550795E-01
Rho =  1.9554890632E-01
DelSqRho = -1.0962592208E-01
GradDelSqRho =  0.0000000000E+00  0.0000000000E+00  0.0000000000E+00
HessDelSqRho_EigVals = -2.2573935886E+00  7.5243200206E-01  2.0103449251E+01
HessDelSqRho_EigVec1 =  8.6163831330E-01 -5.0746332938E-01  7.7708677523E-03
HessDelSqRho_EigVec2 =  4.0351523173E-01  6.7569421950E-01 -6.1693822989E-01
HessDelSqRho_EigVec3 =  3.0782279774E-01  5.3471327932E-01  7.8697321054E-01
</CP of DelSqRho>
<CP of DelSqRho>
CP# = 18      
Type = (3,+1)
Coords = -6.44320350567351E+00 -2.93257008053575E+00  5.91125631962807E-01
DistFromNuc =  9.6135988454E-01
Rho =  1.9816163634E-01
DelSqRho = -5.8265599662E-02
GradDelSqRho =  1.1990408666E-13 -2.7733371155E-13  2.6356694605E-13
HessDelSqRho_EigVals = -3.0247867384E+00  2.9112405881E-01  2.0537221703E+01
HessDelSqRho_EigVec1 =  8.4804487020E-01  5.1745117050E-01  1.1429866257E-01
HessDelSqRho_EigVec2 = -3.8277148821E-01  4.4897306186E-01  8.0740892832E-01
HessDelSqRho_EigVec3 = -3.6647767453E-01  7.2846926899E-01 -5.7881485658E-01
</CP of DelSqRho>
<CP of DelSqRho>
CP# = 19      
Type = (3,+1)
Coords = -6.50129326121445E+00 -1.76600875826865E+00 -7.84780044717919E-01
DistFromNuc =  9.6625550959E-01
Rho =  1.9554889567E-01
DelSqRho = -1.0962593233E-01
GradDelSqRho = -1.1102230246E-15  6.6613381478E-16  2.2204460493E-16
HessDelSqRho_EigVals = -2.2573929068E+00  7.5243198754E-01  2.0103448630E+01
HessDelSqRho_EigVec1 =  8.6163829180E-01 -5.0746337740E-01 -7.7701154903E-03
HessDelSqRho_EigVec2 =  4.0351474002E-01  6.7569421308E-01  6.1693855853E-01
HessDelSqRho_EigVec3 = -3.0782350249E-01 -5.3471324185E-01  7.8697296034E-01
</CP of DelSqRho>
<CP of DelSqRho>
CP# = 20      
Type = (3,+1)
Coords = -6.44320299968382E+00 -2.93257000533647E+00 -5.91128089552945E-01
DistFromNuc =  9.6135987704E-01
Rho =  1.9816163899E-01
DelSqRho = -5.8265673350E-02
GradDelSqRho =  1.2190248810E-13 -2.7799984537E-13 -2.6423307986E-13
HessDelSqRho_EigVals = -3.0247861497E+00  2.9112440549E-01  2.0537223876E+01
HessDelSqRho_EigVec1 =  8.4804496389E-01  5.1745118933E-01 -1.1429788224E-01
HessDelSqRho_EigVec2 =  3.8277080732E-01 -4.4897315688E-01  8.0740919828E-01
HessDelSqRho_EigVec3 = -3.6647816891E-01  7.2846919706E-01  5.7881463410E-01
</CP of DelSqRho>
<CP of DelSqRho>
CP# = 21      
Type = (3,+1)
Coords = -7.56785231577494E+00 -2.28425019683212E+00  5.49969493411780E-01
DistFromNuc =  9.5924379312E-01
Rho =  2.0042723376E-01
DelSqRho = -5.7805717483E-02
GradDelSqRho =  5.9952043330E-15  2.0816681712E-15 -4.2188474936E-15
HessDelSqRho_EigVals = -3.1961832216E+00  2.4828339998E-01  2.1080675054E+01
HessDelSqRho_EigVec1 =  2.9102331016E-02  9.9446729563E-01  1.0093489111E-01
HessDelSqRho_EigVec2 =  5.3716271885E-01 -1.0071723279E-01  8.3744388021E-01
HessDelSqRho_EigVec3 =  8.4297643372E-01  2.9846891526E-02 -5.3712186258E-01
</CP of DelSqRho>
<CP of DelSqRho>
CP# = 22      
Type = (3,+1)
Coords = -7.56785179440722E+00 -2.28425016038690E+00 -5.49972937478361E-01
DistFromNuc =  9.5924380666E-01
Rho =  2.0042722120E-01
DelSqRho = -5.7805647408E-02
GradDelSqRho =  5.3290705182E-15 -1.0269562978E-15  2.2759572005E-15
HessDelSqRho_EigVals = -3.1961830463E+00  2.4828292298E-01  2.1080670864E+01
HessDelSqRho_EigVec1 =  2.9102433172E-02  9.9446730051E-01 -1.0093481360E-01
HessDelSqRho_EigVec2 = -5.3716352117E-01  1.0071719392E-01  8.3744337025E-01
HessDelSqRho_EigVec3 =  8.4297591894E-01  2.9846860164E-02  5.3712267223E-01
</CP of DelSqRho>
<CP of DelSqRho>
CP# = 23      
Type = (3,+3)
Coords = -7.25350341891624E+00 -1.44230974439000E+00 -1.50608679914830E-06
DistFromNuc =  9.3895798858E-01
Rho =  3.4053600399E-01
DelSqRho = -1.2710250919E+00
GradDelSqRho = -5.5511151231E-15 -2.2204460493E-16 -4.7433845046E-20
HessDelSqRho_EigVals =  5.3284454598E+00  8.0773163840E+00  3.1048439270E+01
HessDelSqRho_EigVec1 = -4.8025513260E-07 -7.5487986367E-08  1.0000000000E+00
HessDelSqRho_EigVec2 =  8.6176959909E-01  5.0729986999E-01  4.5216431875E-07
HessDelSqRho_EigVec3 = -5.0729986999E-01  8.6176959909E-01 -1.7858011458E-07
</CP of DelSqRho>
<CP of DelSqRho>
CP# = 24      
Type = (3,+3)
Coords = -7.26315737356176E+00 -3.07643779904491E+00 -1.58778578052471E-06
DistFromNuc =  9.5209964887E-01
Rho =  3.1556294652E-01
DelSqRho = -1.3247344442E+00
GradDelSqRho =  2.2204460493E-15  8.2156503822E-15  2.0582900618E-19
HessDelSqRho_EigVals =  7.8617905883E+00  8.7380900407E+00  2.5171283999E+01
HessDelSqRho_EigVec1 = -6.0044532894E-07  5.4878892855E-08  1.0000000000E+00
HessDelSqRho_EigVec2 =  8.6269389132E-01 -5.0572645757E-01  5.4575422542E-07
HessDelSqRho_EigVec3 =  5.0572645757E-01  8.6269389132E-01  2.5631740354E-07
</CP of DelSqRho>
<CP of DelSqRho>
CP# = 25      
Type = (3,+1)
Coords = -6.44318709765855E+00 -2.19058079716319E+00  1.53178671072461E+00
DistFromNuc =  1.5702210969E+00
Rho =  6.7210188907E-02
DelSqRho =  1.0332716023E-01
GradDelSqRho =  9.0205620751E-17  8.6736173799E-18 -1.1796119637E-16
HessDelSqRho_EigVals = -4.7693499858E-01  2.2125311453E-02  7.9043050556E-02
HessDelSqRho_EigVec1 =  2.2139933181E-02 -1.1125856063E-02  9.9969297221E-01
HessDelSqRho_EigVec2 =  7.6405688550E-01 -6.4469872004E-01 -2.4096391817E-02
HessDelSqRho_EigVec3 =  6.4476887260E-01  7.6435579131E-01 -5.7727996516E-03
</CP of DelSqRho>
<CP of DelSqRho>
CP# = 26      
Type = (3,+1)
Coords = -6.44318551712010E+00 -2.19058091028534E+00 -1.53178910288940E+00
DistFromNuc =  1.5702211589E+00
Rho =  6.7210180720E-02
DelSqRho =  1.0332714741E-01
GradDelSqRho =  1.4918621893E-16 -9.1940344227E-17  1.9428902931E-16
HessDelSqRho_EigVals = -4.7693496257E-01  2.2125340825E-02  7.9043064902E-02
HessDelSqRho_EigVec1 = -2.2140947406E-02  1.1125867383E-02  9.9969294962E-01
HessDelSqRho_EigVec2 =  7.6405661248E-01 -6.4469901444E-01  2.4097172055E-02
HessDelSqRho_EigVec3 =  6.4476916131E-01  7.6435554283E-01  5.7734544276E-03
</CP of DelSqRho>
<CP of DelSqRho>
CP# = 27      
Type = (3,-3)
Coords = -8.50773748486416E+00 -1.74013361376188E+00 -2.06678092170416E-06
DistFromNuc =  1.8003192157E+00
Rho =  8.3000687211E-02
DelSqRho =  2.2965388448E-01
GradDelSqRho = -5.5511151231E-16 -2.2204460493E-16  2.1440521477E-21
HessDelSqRho_EigVals = -1.2275677182E+00 -1.7578861163E-01 -2.2064468462E-02
HessDelSqRho_EigVec1 =  8.6656275404E-01  4.9906812492E-01  4.1480513879E-07
HessDelSqRho_EigVec2 = -3.5514519857E-07 -2.1449884713E-07  1.0000000000E+00
HessDelSqRho_EigVec3 = -4.9906812492E-01  8.6656275404E-01  8.6350633885E-09
</CP of DelSqRho>
<CP of DelSqRho>
CP# = 28      
Type = (3,-3)
Coords = -6.03150699751767E+00 -9.78594361415099E-01 -9.79001841456044E-07
DistFromNuc =  1.4805779590E+00
Rho =  1.0032643686E-01
DelSqRho =  2.7745683778E-01
GradDelSqRho = -1.7694179455E-16 -2.7755575616E-16 -2.1440521477E-21
HessDelSqRho_EigVals = -8.4528812953E-01 -3.9104775516E-01 -3.1216087021E-01
HessDelSqRho_EigVec1 =  4.8733919609E-01  8.7321275068E-01  1.9692870716E-07
HessDelSqRho_EigVec2 =  8.7321275068E-01 -4.8733919609E-01  8.2731378406E-07
HessDelSqRho_EigVec3 = -8.1839202289E-07  2.3122177637E-07  1.0000000000E+00
</CP of DelSqRho>
<CP of DelSqRho>
CP# = 29      
Type = (3,-1)
Coords = -7.43666559825612E+00 -3.36576762047386E+00  1.23008550036550E+00
DistFromNuc =  1.7820775842E+00
Rho =  6.5916938382E-02
DelSqRho =  1.3223360114E-01
GradDelSqRho =  3.7296554734E-16  8.8991314318E-16 -7.6553346995E-15
HessDelSqRho_EigVals = -1.0709803945E+00 -1.6337090826E-01  3.6921405402E-02
HessDelSqRho_EigVec1 = -5.6141313336E-02 -8.9279992331E-02  9.9442306686E-01
HessDelSqRho_EigVec2 =  5.0208704211E-01  8.5836889043E-01  1.0541086324E-01
HessDelSqRho_EigVec3 =  8.6299290558E-01 -5.0520484055E-01  3.3636295661E-03
</CP of DelSqRho>
<CP of DelSqRho>
CP# = 30      
Type = (3,-1)
Coords = -7.43666430065590E+00 -3.36576760591710E+00 -1.23008886469190E+00
DistFromNuc =  1.7820775753E+00
Rho =  6.5916938309E-02
DelSqRho =  1.3223360629E-01
GradDelSqRho =  2.9750507613E-16  9.3479911312E-16  7.2719608113E-15
HessDelSqRho_EigVals = -1.0709804254E+00 -1.6337093080E-01  3.6921396756E-02
HessDelSqRho_EigVec1 =  5.6140261478E-02  8.9279960770E-02  9.9442312908E-01
HessDelSqRho_EigVec2 =  5.0208717254E-01  8.5836888269E-01 -1.0541030499E-01
HessDelSqRho_EigVec3 =  8.6299289812E-01 -5.0520485927E-01 -3.3627304513E-03
</CP of DelSqRho>
<CP of DelSqRho>
CP# = 31      
Type = (3,-3)
Coords = -5.56229051442631E+00 -3.50369628218039E+00 -6.58442403267127E-07
DistFromNuc =  1.7461860466E+00
Rho =  8.4325906429E-02
DelSqRho =  2.3266843516E-01
GradDelSqRho = -2.1163626407E-16  4.1633363423E-17 -9.9908528745E-20
HessDelSqRho_EigVals = -1.2338208563E+00 -1.8641851479E-01 -1.8821519536E-02
HessDelSqRho_EigVec1 =  2.8963214124E-02  9.9958047811E-01 -2.5268711470E-08
HessDelSqRho_EigVec2 = -5.5697917243E-07  4.1417994259E-08  1.0000000000E+00
HessDelSqRho_EigVec3 =  9.9958047811E-01 -2.8963214124E-02  5.5794510571E-07
</CP of DelSqRho>
<Path of -GradDelSqRho>
Starting CP# =      2
Ending CP# =     24
Number of Points =     13
 -7.4230791620E+00 -3.3509847363E+00 -1.6771841694E-06  2.9289169157E-01 -1.0977638739E+00
 -7.4104826985E+00 -3.3293900817E+00 -1.6702809156E-06  2.9340336176E-01 -1.1006134777E+00
 -7.3978859693E+00 -3.3077955821E+00 -1.6633846353E-06  2.9419207224E-01 -1.1086350929E+00
 -7.3852890095E+00 -3.2862012170E+00 -1.6564948188E-06  2.9524050831E-01 -1.1211550583E+00
 -7.3726918891E+00 -3.2646069456E+00 -1.6496105288E-06  2.9653145779E-01 -1.1376178291E+00
 -7.3600947235E+00 -3.2430127006E+00 -1.6427303066E-06  2.9804783609E-01 -1.1575272906E+00
 -7.3474976898E+00 -3.2214183786E+00 -1.6358520291E-06  2.9977269647E-01 -1.1803732416E+00
 -7.3349010545E+00 -3.1998238242E+00 -1.6289726403E-06  3.0168927393E-01 -1.2055406274E+00
 -7.3223052291E+00 -3.1782287974E+00 -1.6220875927E-06  3.0378112343E-01 -1.2321983787E+00
 -7.3097108904E+00 -3.1566329035E+00 -1.6151895896E-06  3.0603242885E-01 -1.2591640849E+00
 -7.2971192857E+00 -3.1350354155E+00 -1.6082653683E-06  3.0842857823E-01 -1.2847402828E+00
 -7.2845332007E+00 -3.1134347105E+00 -1.6012853837E-06  3.1095712531E-01 -1.3065179576E+00
 -7.2631573736E+00 -3.0764377990E+00 -1.5877857805E-06  3.1556294652E-01 -1.3247344442E+00
</Path of -GradDelSqRho>
<Path of -GradDelSqRho>
Starting CP# =      2
Ending CP# =      0
Number of Points =     32
 -7.4230791620E+00 -3.3509847363E+00 -1.6771841694E-06  2.9289169157E-01 -1.0977638739E+00
 -7.4356753583E+00 -3.3725795468E+00 -1.6840943572E-06  2.9267440026E-01 -1.1009235632E+00
 -7.4482712895E+00 -3.3941745119E+00 -1.6910115642E-06  2.9276868773E-01 -1.1111265988E+00
 -7.4608669777E+00 -3.4157696187E+00 -1.6979354782E-06  2.9319134479E-01 -1.1296244865E+00
 -7.4734624524E+00 -3.4373648501E+00 -1.7048656512E-06  2.9395835824E-01 -1.1578929835E+00
 -7.4860577460E+00 -3.4589601871E+00 -1.7118015569E-06  2.9508438129E-01 -1.1976215363E+00
 -7.4986528909E+00 -3.4805556107E+00 -1.7187426369E-06  2.9658206922E-01 -1.2506783371E+00
 -7.5112479178E+00 -3.5021511033E+00 -1.7256883296E-06  2.9846129370E-01 -1.3190380580E+00
 -7.5238428543E+00 -3.5237466485E+00 -1.7326380858E-06  3.0072827329E-01 -1.4046504044E+00
 -7.5364377251E+00 -3.5453422321E+00 -1.7395913702E-06  3.0338469702E-01 -1.5092166055E+00
 -7.5490325518E+00 -3.5669378413E+00 -1.7465476502E-06  3.0642698428E-01 -1.6338327253E+00
 -7.5616273547E+00 -3.5885334645E+00 -1.7535063723E-06  3.0984592585E-01 -1.7784655680E+00
 -7.5742221538E+00 -3.6101290899E+00 -1.7604669227E-06  3.1362709145E-01 -1.9412714738E+00
 -7.5868169715E+00 -3.6317247045E+00 -1.7674285669E-06  3.1775255025E-01 -2.1178808062E+00
 -7.5994118364E+00 -3.6533202914E+00 -1.7743903543E-06  3.2220457483E-01 -2.3009756278E+00
 -7.6120067894E+00 -3.6749158271E+00 -1.7813509894E-06  3.2697196781E-01 -2.4807721520E+00
 -7.6246018883E+00 -3.6965112776E+00 -1.7883087695E-06  3.3205928817E-01 -2.6472908637E+00
 -7.6371971924E+00 -3.7181066085E+00 -1.7952622574E-06  3.3749837025E-01 -2.7953565730E+00
 -7.6497926544E+00 -3.7397018472E+00 -1.8022137602E-06  3.4336002451E-01 -2.9328462133E+00
 -7.6623879461E+00 -3.7612971853E+00 -1.8091738124E-06  3.4976183747E-01 -3.0915831442E+00
 -7.6749827280E+00 -3.7828928207E+00 -1.8161515528E-06  3.5686608164E-01 -3.3385144968E+00
 -7.6875770351E+00 -3.8044887330E+00 -1.8231443358E-06  3.6486082174E-01 -3.7828469278E+00
 -7.7001710464E+00 -3.8260848178E+00 -1.8301460779E-06  3.7391845219E-01 -4.5733997454E+00
 -7.7127648893E+00 -3.8476810009E+00 -1.8371528288E-06  3.8413001108E-01 -5.8803403434E+00
 -7.7253586334E+00 -3.8692772415E+00 -1.8441625306E-06  3.9542096803E-01 -7.8574052771E+00
 -7.7379523162E+00 -3.8908735179E+00 -1.8511741239E-06  4.0746405911E-01 -1.0585559493E+01
 -7.7505459585E+00 -3.9124698179E+00 -1.8581870419E-06  4.1961493405E-01 -1.4007720453E+01
 -7.7631395730E+00 -3.9340661341E+00 -1.8652009682E-06  4.3090264341E-01 -1.7875873632E+01
 -7.7757331687E+00 -3.9556624613E+00 -1.8722157197E-06  4.4010334851E-01 -2.1741196701E+01
 -7.7883267548E+00 -3.9772587940E+00 -1.8792311891E-06  4.4590702282E-01 -2.5014474459E+01
 -7.8009203481E+00 -3.9988551226E+00 -1.8862473134E-06  4.4715431891E-01 -2.7100088078E+01
 -7.8103655980E+00 -4.0150523370E+00 -1.8915098070E-06  4.4462170282E-01 -2.7615318079E+01
</Path of -GradDelSqRho>
<Path of -GradDelSqRho>
Starting CP# =      3
Ending CP# =     11
Number of Points =     35
 -6.5537215122E+00 -2.3203558273E+00 -1.2574488895E-06  7.9008197198E+00  2.8927262463E+02
 -6.5296925670E+00 -2.3272558120E+00 -1.2490959614E-06  5.9846425526E+00  2.7090611498E+02
 -6.5056627680E+00 -2.3341528232E+00 -1.2407426042E-06  4.5555749019E+00  2.3244605676E+02
 -6.4816316044E+00 -2.3410450775E+00 -1.2323884632E-06  3.4890078806E+00  1.9110917284E+02
 -6.4575984131E+00 -2.3479302581E+00 -1.2240329480E-06  2.6917154149E+00  1.5430953550E+02
 -6.4335624479E+00 -2.3548057484E+00 -1.2156752470E-06  2.0950304094E+00  1.2359102391E+02
 -6.4095229662E+00 -2.3616689329E+00 -1.2073144086E-06  1.6484817801E+00  9.8308514019E+01
 -6.3854792217E+00 -2.3685171681E+00 -1.1989493846E-06  1.3146621792E+00  7.7500455525E+01
 -6.3614303336E+00 -2.3753473177E+00 -1.1905789450E-06  1.0655379018E+00  6.0434077716E+01
 -6.3373751103E+00 -2.3821551203E+00 -1.1822014848E-06  8.7993979735E-01  4.6587488990E+01
 -6.3133118916E+00 -2.3889346053E+00 -1.1738147914E-06  7.4185120575E-01  3.5525138602E+01
 -6.2892384144E+00 -2.3956775676E+00 -1.1654157944E-06  6.3918541935E-01  2.6826574909E+01
 -6.2651516871E+00 -2.4023730366E+00 -1.1570002927E-06  5.6286473195E-01  2.0077476165E+01
 -6.2410478666E+00 -2.4090066932E+00 -1.1485626471E-06  5.0610324775E-01  1.4889646983E+01
 -6.2169221322E+00 -2.4155601810E+00 -1.1400954216E-06  4.6384458145E-01  1.0922531278E+01
 -6.1927685372E+00 -2.4220101908E+00 -1.1315889338E-06  4.3232589218E-01  7.8945169752E+00
 -6.1685798020E+00 -2.4283270791E+00 -1.1230306272E-06  4.0874609230E-01  5.5832658007E+00
 -6.1443469953E+00 -2.4344726264E+00 -1.1144041113E-06  3.9101801327E-01  3.8187883632E+00
 -6.1200590626E+00 -2.4403963686E+00 -1.1056876413E-06  3.7758598895E-01  2.4734237777E+00
 -6.0957022107E+00 -2.4460296696E+00 -1.0968517073E-06  3.6729280927E-01  1.4517032756E+00
 -6.0712592803E+00 -2.4512761701E+00 -1.0878552334E-06  3.5928309847E-01  6.8167988213E-01
 -6.0467095518E+00 -2.4559961436E+00 -1.0786395654E-06  3.5293341910E-01  1.0824608035E-01
 -6.0220303383E+00 -2.4599800438E+00 -1.0691188744E-06  3.4780250242E-01 -3.1166573561E-01
 -5.9972044728E+00 -2.4629021239E+00 -1.0591648632E-06  3.4359797133E-01 -6.1238698272E-01
 -5.9722464631E+00 -2.4642373371E+00 -1.0485837178E-06  3.4015903593E-01 -8.2177345133E-01
 -5.9472869410E+00 -2.4631190216E+00 -1.0370904550E-06  3.3745753223E-01 -9.6283446995E-01
 -5.9228212323E+00 -2.4581679463E+00 -1.0243292133E-06  3.3561384120E-01 -1.0550365763E+00
 -5.9002109775E+00 -2.4476873314E+00 -1.0101175927E-06  3.3486290513E-01 -1.1152305781E+00
 -5.8816257025E+00 -2.4311063305E+00 -9.9494237714E-07  3.3528665610E-01 -1.1572050318E+00
 -5.8681325059E+00 -2.4101280712E+00 -9.7965936126E-07  3.3652591589E-01 -1.1896512979E+00
 -5.8588973721E+00 -2.3869230188E+00 -9.6453253035E-07  3.3806840781E-01 -1.2161790096E+00
 -5.8526284939E+00 -2.3627324695E+00 -9.4925483824E-07  3.3956929642E-01 -1.2377823194E+00
 -5.8483724460E+00 -2.3381022238E+00 -9.3326657875E-07  3.4084460910E-01 -1.2545943857E+00
 -5.8455407888E+00 -2.3132656351E+00 -9.1570796343E-07  3.4179828804E-01 -1.2665315825E+00
 -5.8430578877E+00 -2.2665164383E+00 -8.6141092476E-07  3.4256588742E-01 -1.2754234555E+00
</Path of -GradDelSqRho>
<Path of -GradDelSqRho>
Starting CP# =      3
Ending CP# =      1
Number of Points =     10
 -6.5537215122E+00 -2.3203558273E+00 -1.2574488895E-06  7.9008197198E+00  2.8927262463E+02
 -6.5777499759E+00 -2.3134541657E+00 -1.2658015715E-06  1.0467461494E+01  2.6126407747E+02
 -6.6017781186E+00 -2.3065513867E+00 -1.2741540751E-06  1.3899503444E+01  1.5668562144E+02
 -6.6258058375E+00 -2.2996471326E+00 -1.2825065485E-06  1.8493459942E+01 -8.6385285353E+01
 -6.6498328400E+00 -2.2927403859E+00 -1.2908592588E-06  2.4674859444E+01 -7.1018918271E+02
 -6.6738592341E+00 -2.2858315229E+00 -1.2992122518E-06  3.3012720907E+01 -2.3045547204E+03
 -6.6978853065E+00 -2.2789215416E+00 -1.3075654004E-06  4.4202735482E+01 -5.5155884247E+03
 -6.7219110300E+00 -2.2720103469E+00 -1.3159187827E-06  5.9347941663E+01 -1.3789706327E+04
 -6.7459364633E+00 -2.2650981437E+00 -1.3242724009E-06  7.9775111388E+01 -3.6966660269E+04
 -6.7824858639E+00 -2.2545809936E+00 -1.3369812291E-06  1.2207034996E+02 -9.6833783717E+05
</Path of -GradDelSqRho>
<Path of -GradDelSqRho>
Starting CP# =      4
Ending CP# =      1
Number of Points =     10
 -6.9051698645E+00 -2.4586007509E+00 -1.3933964571E-06  7.8986549324E+00  2.8889090364E+02
 -6.8922866890E+00 -2.4371759105E+00 -1.3874706768E-06  1.0465147776E+01  2.6089244822E+02
 -6.8794034706E+00 -2.4157510958E+00 -1.3815449702E-06  1.3896665228E+01  1.5634630828E+02
 -6.8665201942E+00 -2.3943263160E+00 -1.3756194457E-06  1.8489548858E+01 -8.6578984340E+01
 -6.8536368264E+00 -2.3729015912E+00 -1.3696944679E-06  2.4669079231E+01 -7.0975197304E+02
 -6.8407533856E+00 -2.3514769103E+00 -1.3637700568E-06  3.3004029298E+01 -2.3026401417E+03
 -6.8278699073E+00 -2.3300522518E+00 -1.3578459698E-06  4.4189719010E+01 -5.5111334387E+03
 -6.8149863980E+00 -2.3086276121E+00 -1.3519223560E-06  5.9328256185E+01 -1.3771925639E+04
 -6.8021028685E+00 -2.2872029845E+00 -1.3459992061E-06  7.9746459505E+01 -3.6919495897E+04
 -6.7824858639E+00 -2.2545809936E+00 -1.3369812291E-06  1.2207034996E+02 -9.6833783717E+05
</Path of -GradDelSqRho>
<Path of -GradDelSqRho>
Starting CP# =      4
Ending CP# =     24
Number of Points =     29
 -6.9051698645E+00 -2.4586007509E+00 -1.3933964571E-06  7.8986549324E+00  2.8889090364E+02
 -6.9180529796E+00 -2.4800256277E+00 -1.3993224236E-06  5.9823592368E+00  2.7053570161E+02
 -6.9309359901E+00 -2.5014505674E+00 -1.4052487756E-06  4.5529819915E+00  2.3210566370E+02
 -6.9438188337E+00 -2.5228756074E+00 -1.4111757508E-06  3.4859753845E+00  1.9080757198E+02
 -6.9567014282E+00 -2.5443007973E+00 -1.4171036175E-06  2.6881632030E+00  1.5404693322E+02
 -6.9695836769E+00 -2.5657261950E+00 -1.4230326334E-06  2.0909178751E+00  1.2336294487E+02
 -6.9824654775E+00 -2.5871518622E+00 -1.4289630055E-06  1.6437985234E+00  9.8108614509E+01
 -6.9953467200E+00 -2.6085778649E+00 -1.4348949026E-06  1.3094200627E+00  7.7322041377E+01
 -7.0082272699E+00 -2.6300042839E+00 -1.4408285198E-06  1.0597644966E+00  6.0270903168E+01
 -7.0211069440E+00 -2.6514312295E+00 -1.4467641497E-06  8.7367310298E-01  4.6434197163E+01
 -7.0339854866E+00 -2.6728588551E+00 -1.4527022360E-06  7.3513551820E-01  3.5377461127E+01
 -7.0468625458E+00 -2.6942873723E+00 -1.4586434167E-06  6.3206820461E-01  2.6681330645E+01
 -7.0597376471E+00 -2.7157170658E+00 -1.4645885703E-06  5.5539432106E-01  1.9932420745E+01
 -7.0726101650E+00 -2.7371483112E+00 -1.4705388714E-06  4.9832713470E-01  1.4743244372E+01
 -7.0854792871E+00 -2.7585815960E+00 -1.4764958645E-06  4.5580809408E-01  1.0773715673E+01
 -7.0983439679E+00 -2.7800175468E+00 -1.4824615647E-06  4.2407101258E-01  7.7424928118E+00
 -7.1112028613E+00 -2.8014569697E+00 -1.4884386074E-06  4.0031021070E-01  5.4273688735E+00
 -7.1240542145E+00 -2.8229009132E+00 -1.4944304823E-06  3.8243238801E-01  3.6584113543E+00
 -7.1368956990E+00 -2.8443507678E+00 -1.5004419027E-06  3.6887363955E-01  2.3079979912E+00
 -7.1497241423E+00 -2.8658084241E+00 -1.5064793931E-06  3.5846546898E-01  1.2807242767E+00
 -7.1625351031E+00 -2.8872765222E+00 -1.5125522277E-06  3.5033665164E-01  5.0476621003E-01
 -7.1753221873E+00 -2.9087588496E+00 -1.5186739576E-06  3.4384085295E-01 -7.4774260497E-02
 -7.1880759069E+00 -2.9302609998E+00 -1.5248649924E-06  3.3850261679E-01 -5.0063698370E-01
 -7.2007816729E+00 -2.9517915162E+00 -1.5311571935E-06  3.3397651748E-01 -8.0665673383E-01
 -7.2134159993E+00 -2.9733640205E+00 -1.5376026556E-06  3.3001589519E-01 -1.0199294304E+00
 -7.2259385595E+00 -2.9950015640E+00 -1.5442922625E-06  3.2644874663E-01 -1.1622621100E+00
 -7.2382728615E+00 -3.0167468683E+00 -1.5514011988E-06  3.2315916299E-01 -1.2511816028E+00
 -7.2502458332E+00 -3.0386926944E+00 -1.5593321083E-06  3.2007352115E-01 -1.3006846428E+00
 -7.2631573736E+00 -3.0764377990E+00 -1.5877857805E-06  3.1556294652E-01 -1.3247344442E+00
</Path of -GradDelSqRho>
<Path of -GradDelSqRho>
Starting CP# =      8
Ending CP# =      1
Number of Points =     10
 -6.9546829179E+00 -2.0902375673E+00 -1.3833211115E-06  7.9005238833E+00  2.8925421391E+02
 -6.9366025017E+00 -2.1075030980E+00 -1.3784550644E-06  1.0467173537E+01  2.6124642438E+02
 -6.9185212483E+00 -2.1247677520E+00 -1.3735887089E-06  1.3899190909E+01  1.5667047262E+02
 -6.9004388895E+00 -2.1420312481E+00 -1.3687219803E-06  1.8493078996E+01 -8.6389226228E+01
 -6.8823546682E+00 -2.1592927931E+00 -1.3638548599E-06  2.4674349890E+01 -7.1014574969E+02
 -6.8642688690E+00 -2.1765526850E+00 -1.3589875301E-06  3.3012007190E+01 -2.3044013723E+03
 -6.8461822370E+00 -2.1938117042E+00 -1.3541201250E-06  4.4201719094E+01 -5.5152480088E+03
 -6.8280947077E+00 -2.2110697831E+00 -1.3492528093E-06  5.9346462538E+01 -1.3788412209E+04
 -6.8100064365E+00 -2.2283270842E+00 -1.3443856648E-06  7.9773018198E+01 -3.6963274386E+04
 -6.7824858639E+00 -2.2545809936E+00 -1.3369812291E-06  1.2207034996E+02 -9.6833783717E+05
</Path of -GradDelSqRho>
<Path of -GradDelSqRho>
Starting CP# =      8
Ending CP# =     23
Number of Points =     36
 -6.9546829179E+00 -2.0902375673E+00 -1.3833211115E-06  7.9005238833E+00  2.8925421391E+02
 -6.9727620813E+00 -2.0729707248E+00 -1.3881868036E-06  5.9843132739E+00  2.7088855755E+02
 -6.9908390253E+00 -2.0557015588E+00 -1.3930519457E-06  4.5551913507E+00  2.3243082449E+02
 -7.0089124208E+00 -2.0384286792E+00 -1.3979162543E-06  3.4885529965E+00  1.9109709020E+02
 -7.0269805400E+00 -2.0211502805E+00 -1.4027793464E-06  2.6911752681E+00  1.5430085667E+02
 -7.0450414306E+00 -2.0038643260E+00 -1.4076407676E-06  2.0943936359E+00  1.2358568007E+02
 -7.0630931380E+00 -1.9865687820E+00 -1.4125000235E-06  1.6477390849E+00  9.8306280748E+01
 -7.0811336831E+00 -1.9692615955E+00 -1.4173565653E-06  1.3138059177E+00  7.7501033590E+01
 -7.0991607148E+00 -1.9519403343E+00 -1.4222097127E-06  1.0645617318E+00  6.0437136992E+01
 -7.1171710362E+00 -1.9346016993E+00 -1.4270585505E-06  8.7883839399E-01  4.6592703233E+01
 -7.1351601648E+00 -1.9172410785E+00 -1.4319018285E-06  7.4062003183E-01  3.5532215051E+01
 -7.1531219331E+00 -1.8998521535E+00 -1.4367378685E-06  6.3782055311E-01  2.6835274319E+01
 -7.1710480798E+00 -1.8824265120E+00 -1.4415644702E-06  5.6136275103E-01  2.0087620459E+01
 -7.1889277923E+00 -1.8649532351E+00 -1.4463788118E-06  5.0446116647E-01  1.4901115660E+01
 -7.2067471561E+00 -1.8474184273E+00 -1.4511773338E-06  4.6205983524E-01  1.0935250203E+01
 -7.2244884112E+00 -1.8298046102E+00 -1.4559555785E-06  4.3039636167E-01  7.9084436075E+00
 -7.2421288187E+00 -1.8120898179E+00 -1.4607079374E-06  4.0667016216E-01  5.5983741173E+00
 -7.2596388101E+00 -1.7942461460E+00 -1.4654272248E-06  3.8879466666E-01  3.8350555288E+00
 -7.2769789293E+00 -1.7762374190E+00 -1.4701039683E-06  3.7521494773E-01  2.4908195059E+00
 -7.2940948070E+00 -1.7580155551E+00 -1.4747252513E-06  3.6477474432E-01  1.4701819728E+00
 -7.3109088578E+00 -1.7395150415E+00 -1.4792728263E-06  3.5661995812E-01  7.0117502099E-01
 -7.3273062133E+00 -1.7206446529E+00 -1.4837199679E-06  3.5012896626E-01  1.2866569401E-01
 -7.3431098754E+00 -1.7012752372E+00 -1.4880259943E-06  3.4486323466E-01 -2.9044419426E-01
 -7.3580346333E+00 -1.6812227352E+00 -1.4921262431E-06  3.4053476273E-01 -5.9052520484E-01
 -7.3715979874E+00 -1.6602299906E+00 -1.4959129565E-06  3.3699013093E-01 -7.9948880621E-01
 -7.3829489198E+00 -1.6379740700E+00 -1.4991991796E-06  3.3421372981E-01 -9.4043086737E-01
 -7.3905999495E+00 -1.6142162607E+00 -1.5016645111E-06  3.3234465676E-01 -1.0329484370E+00
 -7.3924150837E+00 -1.5893623609E+00 -1.5028647771E-06  3.3163106408E-01 -1.0940226773E+00
 -7.3869998148E+00 -1.5650473168E+00 -1.5025584169E-06  3.3213721285E-01 -1.1374061500E+00
 -7.3754466695E+00 -1.5429364796E+00 -1.5010949036E-06  3.3347863195E-01 -1.1715822628E+00
 -7.3599951292E+00 -1.5233125059E+00 -1.4990952033E-06  3.3514062220E-01 -1.2000229863E+00
 -7.3422760091E+00 -1.5056903089E+00 -1.4970586815E-06  3.3678047650E-01 -1.2236842848E+00
 -7.3231896105E+00 -1.4895509522E+00 -1.4953663024E-06  3.3821328525E-01 -1.2426872479E+00
 -7.3032106880E+00 -1.4745270639E+00 -1.4944192272E-06  3.3934066426E-01 -1.2569343289E+00
 -7.2825887745E+00 -1.4603971650E+00 -1.4948912271E-06  3.4010968609E-01 -1.2662982175E+00
 -7.2535034189E+00 -1.4423097444E+00 -1.5060867991E-06  3.4053600399E-01 -1.2710250919E+00
</Path of -GradDelSqRho>
<Path of -GradDelSqRho>
Starting CP# =     17
Ending CP# =     11
Number of Points =     50
 -6.5012939520E+00 -1.7660087293E+00  7.8477759823E-01  1.9554890632E-01 -1.0962592208E-01
 -6.4798050543E+00 -1.7787551021E+00  7.8454479155E-01  1.9566527197E-01 -1.1033055799E-01
 -6.4583995298E+00 -1.7916209550E+00  7.8344517142E-01  1.9602883894E-01 -1.1244674222E-01
 -6.4371140324E+00 -1.8045827544E+00  7.8148161958E-01  1.9663874917E-01 -1.1597827688E-01
 -6.4159733822E+00 -1.8176228770E+00  7.7865941228E-01  1.9749355837E-01 -1.2093224489E-01
 -6.3950014407E+00 -1.8307233231E+00  7.7498606661E-01  1.9859123590E-01 -1.2731877924E-01
 -6.3742209818E+00 -1.8438658924E+00  7.7047122439E-01  1.9992916309E-01 -1.3515073240E-01
 -6.3536535917E+00 -1.8570323624E+00  7.6512650812E-01  2.0150413024E-01 -1.4444324380E-01
 -6.3333195991E+00 -1.8702046653E+00  7.5896535250E-01  2.0331233226E-01 -1.5521320341E-01
 -6.3132380360E+00 -1.8833650554E+00  7.5200281663E-01  2.0534936255E-01 -1.6747860996E-01
 -6.2934266259E+00 -1.8964962636E+00  7.4425538192E-01  2.0761020497E-01 -1.8125782357E-01
 -6.2739018003E+00 -1.9095816322E+00  7.3574074156E-01  2.1008922377E-01 -1.9656871390E-01
 -6.2546787372E+00 -1.9226052294E+00  7.2647758664E-01  2.1278015117E-01 -2.1342770773E-01
 -6.2357714207E+00 -1.9355519380E+00  7.1648539431E-01  2.1567607284E-01 -2.3184874229E-01
 -6.2171927164E+00 -1.9484075191E+00  7.0578422248E-01  2.1876941130E-01 -2.5184213417E-01
 -6.1989544594E+00 -1.9611586497E+00  6.9439451515E-01  2.2205190760E-01 -2.7341337704E-01
 -6.1810675503E+00 -1.9737929350E+00  6.8233692177E-01  2.2551460167E-01 -2.9656188543E-01
