 AIMInt (Version 19.10.12, Professional)
 Portions Copyright (c) 1997-2019 by Todd A. Keith
 AIMInt is a component of the AIMAll package ( http://aim.tkgristmill.com )

 TP:  64-bit Mac OS X

 AIMInt is a heavily modified and extended version of the PROAIMV program
 developed by members of R.F.W. Bader's research group

 Much of the Quantum Theory of Atoms in Molecules (QTAIM) is described in the book:
   "Atoms in Molecules - A Quantum Theory"
   R.F.W. Bader, Oxford University Press, Oxford, 1990

 For additional references see:  http://aim.tkgristmill.com/references.html

 Current Directory:  /Users/chemlab/Documents/SubstituentCoding/New Reorientation Test

 Inp File:  SubC6H5_CF2H-ReorPosY-B3LYP-def2-TZVPPD-Field_atomicfiles/f5.inp
 Wfx File:  SubC6H5_CF2H-ReorPosY-B3LYP-def2-TZVPPD-Field.wfx
 Out File:  SubC6H5_CF2H-ReorPosY-B3LYP-def2-TZVPPD-Field_atomicfiles/f5.int

 Wfx Title:   SubC6H5_CF2H-ReorPosY-B3LYP-def2-TZVPPD-Field.chk                             
 Job Title:   SubC6H5_CF2H-ReorPosY-B3LYP-def2-TZVPPD-Field.chk                             
 
<Atom>
F5      
</Atom>
<Nuclei of Molecule>
    15
C1         6.0           0.0000000000E+00   0.0000000000E+00   0.0000000000E+00
C2         6.0          -2.8301851784E+00   0.0000000000E+00   0.0000000000E+00
H3         1.0           8.1164226432E-01   1.8946779837E+00   0.0000000000E+00
F4         9.0           9.3270337028E-01  -1.2536154179E+00   2.0739128106E+00
F5         9.0           9.3270467079E-01  -1.2536160689E+00  -2.0739103715E+00
C6         6.0          -4.1617202403E+00  -2.2753159313E+00   1.4361918547E-08
C7         6.0          -4.1351613681E+00   2.2807743107E+00   4.2216481623E-07
C8         6.0          -6.7824858549E+00  -2.2545809791E+00  -1.3369812331E-06
H9         1.0          -3.1422414206E+00  -4.0467829336E+00   6.6745126720E-07
C10        6.0          -6.7642167018E+00   2.2990517139E+00  -8.5699079749E-07
H11        1.0          -3.1006367074E+00   4.0466448713E+00  -7.9481880799E-07
C12        6.0          -8.0868290871E+00   3.2179479480E-02  -1.8099796821E-06
H13        1.0          -7.8132251627E+00  -4.0199599399E+00  -1.8931276316E-06
H14        1.0          -7.7718281599E+00   4.0775333856E+00  -1.7472407748E-06
H15        1.0          -1.0131388284E+01   4.1577766854E-02  -2.0344791457E-06
</Nuclei of Molecule>
<Total Number of CPs of DelSqRho>
    26
</Total Number of CPs of DelSqRho>
<Number of (3,+3) CPs of DelSqRho>
     4
</Number of (3,+3) CPs of DelSqRho>
<Number of (3,+1) CPs of DelSqRho>
     7
</Number of (3,+1) CPs of DelSqRho>
<Number of (3,-1) CPs of DelSqRho>
     9
</Number of (3,-1) CPs of DelSqRho>
<Number of (3,-3) CPs of DelSqRho>
     6
</Number of (3,-3) CPs of DelSqRho>
<Number of Degenerate CPs of DelSqRho>
     0
</Number of Degenerate CPs of DelSqRho>
<CP of DelSqRho>
CP# = 1       
Type = (3,+3)
Coords =  9.32704578659001E-01 -1.25361594797136E+00 -2.07391017335200E+00
DistFromNuc =  2.4976146569E-07
Rho =  4.3514637077E+02
DelSqRho = -8.3851504489E+06
GradDelSqRho = -1.7619393475E-05  1.6426874936E-05  5.8812322095E-05
HessDelSqRho_EigVals =  7.5043227925E+11  7.5043228325E+11  7.5043235303E+11
HessDelSqRho_EigVec1 =  8.6996455457E-01  4.8174468846E-01  1.0527929010E-01
HessDelSqRho_EigVec2 = -3.3249306799E-01  7.3073300601E-01 -5.9621945093E-01
HessDelSqRho_EigVec3 = -3.6415660577E-01  4.8368515490E-01  7.9588858354E-01
</CP of DelSqRho>
<CP of DelSqRho>
CP# = 2       
Type = (3,+3)
Coords =  3.51611169800105E-01 -4.94471483364248E-01 -7.57200045125713E-01
DistFromNuc =  1.6271743122E+00
Rho =  2.5903171709E-01
DelSqRho = -5.1372431390E-01
GradDelSqRho = -2.9976021665E-15  4.6629367034E-15  8.1046280798E-15
HessDelSqRho_EigVals =  4.4522941045E+00  4.8500823689E+00  2.6663875151E+01
HessDelSqRho_EigVec1 =  7.7102230196E-01  6.3379455560E-01 -6.1879489180E-02
HessDelSqRho_EigVec2 = -5.2395533960E-01  5.7615466605E-01 -6.2730901706E-01
HessDelSqRho_EigVec3 = -3.6193288327E-01  5.1609133114E-01  7.7630813852E-01
</CP of DelSqRho>
<CP of DelSqRho>
CP# = 3       
Type = (3,-1)
Coords =  6.97133168852736E-01 -9.29535159947848E-01 -1.61799820762313E+00
DistFromNuc =  6.0694173465E-01
Rho =  1.1512084032E+00
DelSqRho = -3.6962329231E+00
GradDelSqRho = -5.3290705182E-15 -1.1546319456E-14 -5.3290705182E-15
HessDelSqRho_EigVals = -1.1113331360E+01 -1.0798301877E+01  6.8405771247E+02
HessDelSqRho_EigVec1 = -6.1822906598E-01  4.4222508405E-01 -6.4979211831E-01
HessDelSqRho_EigVec2 =  6.8098695412E-01  7.1418323456E-01 -1.6186128563E-01
HessDelSqRho_EigVec3 = -3.9249151621E-01  5.4256730689E-01  7.4267834706E-01
</CP of DelSqRho>
<CP of DelSqRho>
CP# = 4       
Type = (3,-1)
Coords =  9.70481622993170E-01 -1.33704640637660E+00 -1.94888761742677E+00
DistFromNuc =  1.5497873523E-01
Rho =  2.9684249352E+01
DelSqRho =  2.4691739722E+03
GradDelSqRho =  3.5811353882E-12 -1.8863133278E-11 -1.5234036255E-11
HessDelSqRho_EigVals = -1.6109664384E+06 -4.2630738582E+02  5.6374492181E+03
HessDelSqRho_EigVec1 =  2.4500358880E-01 -5.4015328063E-01  8.0511345468E-01
HessDelSqRho_EigVec2 =  8.5718175607E-01  5.0869390866E-01  8.0435964313E-02
HessDelSqRho_EigVec3 = -4.5300406018E-01  6.7042146499E-01  5.8764137086E-01
</CP of DelSqRho>
<CP of DelSqRho>
CP# = 5       
Type = (3,+3)
Coords =  5.11152912945878E-01 -1.59342595973183E+00 -2.18600924074808E+00
DistFromNuc =  5.5294014408E-01
Rho =  1.5693033208E+00
DelSqRho = -1.0489393308E+01
GradDelSqRho = -1.5674572751E-11 -1.2192913346E-11 -4.3129944061E-12
HessDelSqRho_EigVals =  3.2054784220E+00  5.1032545381E+01  1.7813748067E+03
HessDelSqRho_EigVec1 =  3.8962398366E-01 -6.8657537447E-01  6.1384640304E-01
HessDelSqRho_EigVec2 = -5.1622904423E-01  3.8915889959E-01  7.6293048488E-01
HessDelSqRho_EigVec3 =  7.6269307408E-01  6.1414135672E-01  2.0280450862E-01
</CP of DelSqRho>
<CP of DelSqRho>
CP# = 6       
Type = (3,-3)
Coords =  8.75990659770667E-01 -1.17696958627238E+00 -1.95151399686193E+00
DistFromNuc =  1.5515165121E-01
Rho =  2.9450010827E+01
DelSqRho =  2.5067690924E+03
GradDelSqRho = -5.9969806898E-12 -1.0800249584E-12 -4.3200998334E-12
HessDelSqRho_EigVals = -1.6091022628E+06 -4.7437958675E+03 -4.3220328342E+03
HessDelSqRho_EigVec1 = -3.6552886973E-01  4.9403537894E-01  7.8887114902E-01
HessDelSqRho_EigVec2 =  8.6591306638E-01  4.9137833648E-01  9.3498085034E-02
HessDelSqRho_EigVec3 = -3.4144283103E-01  7.1727008497E-01 -6.0740465782E-01
</CP of DelSqRho>
<CP of DelSqRho>
CP# = 7       
Type = (3,-1)
Coords =  1.14278749963837E+00 -1.53632804206647E+00 -2.53141991246388E+00
DistFromNuc =  5.7738707537E-01
Rho =  1.2949337961E+00
DelSqRho = -4.9898697040E+00
GradDelSqRho = -1.4210854715E-14 -7.4606987255E-14 -4.9515946898E-14
HessDelSqRho_EigVals = -3.8828129460E+01 -3.5720250617E+01  1.1307093627E+03
HessDelSqRho_EigVec1 =  8.5672178116E-01  5.0980824713E-01  7.8251778592E-02
HessDelSqRho_EigVec2 = -3.6572541811E-01  7.0742710877E-01 -6.0480724560E-01
HessDelSqRho_EigVec3 = -3.6369315121E-01  4.8953287626E-01  7.9251804700E-01
</CP of DelSqRho>
<CP of DelSqRho>
CP# = 8       
Type = (3,+1)
Coords =  1.17498816805769E+00 -1.68765119960179E+00 -1.82725596476048E+00
DistFromNuc =  5.5491096954E-01
Rho =  1.5427293718E+00
DelSqRho = -9.9340667833E+00
GradDelSqRho = -1.2789769244E-13  1.2789769244E-13 -9.1260332624E-14
HessDelSqRho_EigVals = -4.2915144921E+00  4.5332790383E+01  1.7213236988E+03
HessDelSqRho_EigVec1 =  8.5296377315E-01  5.1704152822E-01  7.1560183047E-02
HessDelSqRho_EigVec2 = -2.8585215655E-01  3.4799680185E-01  8.9285316290E-01
HessDelSqRho_EigVec3 = -4.3673944898E-01  7.8202703534E-01 -4.4462610102E-01
</CP of DelSqRho>
<CP of DelSqRho>
CP# = 9       
Type = (3,+3)
Coords =  1.44438636036668E+00 -1.04503079334740E+00 -2.09402667658850E+00
DistFromNuc =  5.5292914044E-01
Rho =  1.5693807196E+00
DelSqRho = -1.0500310665E+01
GradDelSqRho = -8.5265128291E-14 -6.3948846218E-14  2.1316282073E-14
HessDelSqRho_EigVals =  3.6252444126E+00  5.0897896835E+01  1.7816157238E+03
HessDelSqRho_EigVec1 = -3.2024247721E-01  7.2622076696E-01 -6.0831583361E-01
HessDelSqRho_EigVec2 = -2.0318427028E-01  5.7453612527E-01  7.9285836886E-01
HessDelSqRho_EigVec3 =  9.2528963471E-01  3.7750713687E-01 -3.6434235405E-02
</CP of DelSqRho>
<CP of DelSqRho>
CP# = 10      
Type = (3,+1)
Coords =  7.89938720662952E-01 -1.31018782317174E+00 -2.05296717131026E+00
DistFromNuc =  1.5498741088E-01
Rho =  2.9700375980E+01
DelSqRho =  2.4644179049E+03
GradDelSqRho = -2.1493917757E-11 -1.0572875908E-11 -1.0658141036E-13
HessDelSqRho_EigVals = -1.6101493152E+06  4.3614976579E+02  6.1077186965E+03
HessDelSqRho_EigVec1 =  9.2079950124E-01  3.6667065252E-01 -1.3296958714E-01
HessDelSqRho_EigVec2 = -3.6793998061E-01  7.0348043043E-01 -6.0805875923E-01
HessDelSqRho_EigVec3 = -1.2941579962E-01  6.0882502953E-01  7.8267722225E-01
</CP of DelSqRho>
<CP of DelSqRho>
CP# = 11      
Type = (3,-3)
Coords =  9.89083393242346E-01 -1.32897944691535E+00 -2.19576723287903E+00
DistFromNuc =  1.5397173037E-01
Rho =  2.9645336100E+01
DelSqRho =  2.5926743139E+03
GradDelSqRho =  1.1368683772E-13  3.8653524825E-12  2.6147972676E-11
HessDelSqRho_EigVals = -1.6603225433E+06 -8.6091888710E+03 -8.1612673622E+03
HessDelSqRho_EigVec1 = -3.6617102558E-01  4.8944868081E-01  7.9142830937E-01
HessDelSqRho_EigVec2 =  8.6373001290E-01  4.9523307077E-01  9.3352399188E-02
HessDelSqRho_EigVec3 = -3.4625026331E-01  7.1776332761E-01 -6.0409151682E-01
</CP of DelSqRho>
<CP of DelSqRho>
CP# = 12      
Type = (3,+1)
Coords =  7.88695186105626E-01 -9.07539192268784E-01 -2.48274825198827E+00
DistFromNuc =  5.5466778229E-01
Rho =  1.5471024934E+00
DelSqRho = -1.0060096702E+01
GradDelSqRho =  1.4566126083E-12 -3.8014036363E-12  4.5830006457E-12
HessDelSqRho_EigVals = -2.4669857789E+00  4.7156036913E+01  1.7298134297E+03
HessDelSqRho_EigVec1 =  8.7154657447E-01  4.8011307605E-01  9.9488706620E-02
HessDelSqRho_EigVec2 = -4.1616969162E-01  6.1708050779E-01  6.6784312132E-01
HessDelSqRho_EigVec3 =  2.5924767369E-01 -6.2346056902E-01  7.3762291353E-01
</CP of DelSqRho>
<CP of DelSqRho>
CP# = 13      
Type = (3,-3)
Coords = -1.57103868899987E-01 -1.24151948295645E+00 -1.95109931809328E+00
DistFromNuc =  1.0967732379E+00
Rho =  3.3346642831E-01
DelSqRho =  1.1972242989E+00
GradDelSqRho = -9.4091401337E-15 -1.7763568394E-15  1.3877787808E-17
HessDelSqRho_EigVals = -1.5669033943E+01 -8.2670965877E-01 -1.6902829126E-01
HessDelSqRho_EigVec1 =  9.9380341136E-01 -1.4142539314E-02 -1.1024866504E-01
HessDelSqRho_EigVec2 =  9.9395969069E-02  5.5703522175E-01  8.2451937701E-01
HessDelSqRho_EigVec3 = -4.9751591873E-02  8.3036844251E-01 -5.5498921503E-01
</CP of DelSqRho>
<CP of DelSqRho>
CP# = 14      
Type = (3,-3)
Coords =  1.33491229744711E+00 -2.55375383012567E-01 -1.86138282279717E+00
DistFromNuc =  1.0970065637E+00
Rho =  3.3293463203E-01
DelSqRho =  1.1931613147E+00
GradDelSqRho = -2.3592239273E-16  2.5535129566E-15 -1.1102230246E-15
HessDelSqRho_EigVals = -1.5591204401E+01 -8.3566681103E-01 -1.4635631870E-01
HessDelSqRho_EigVec1 =  3.6433961817E-01  9.1147013703E-01  1.9099432436E-01
HessDelSqRho_EigVec2 = -6.0969382743E-01  7.8433105615E-02  7.8874690791E-01
HessDelSqRho_EigVec3 =  7.0393897421E-01 -4.0381980790E-01  5.8429400419E-01
</CP of DelSqRho>
<CP of DelSqRho>
CP# = 15      
Type = (3,-3)
Coords =  1.30813824822335E+00 -1.76226247428759E+00 -2.90911270999942E+00
DistFromNuc =  1.0474896100E+00
Rho =  3.4317779016E-01
DelSqRho =  1.3024789902E+00
GradDelSqRho = -3.1308289294E-14  5.6399329651E-14  5.6621374256E-14
HessDelSqRho_EigVals = -1.6193561143E+01 -4.7123389536E-01 -4.2411427628E-01
HessDelSqRho_EigVec1 = -3.5895551983E-01  4.8660730677E-01  7.9646987625E-01
HessDelSqRho_EigVec2 =  8.5198699257E-01  5.1929563949E-01  6.6709844081E-02
HessDelSqRho_EigVec3 = -3.8114183616E-01  7.0252784130E-01 -6.0098713208E-01
</CP of DelSqRho>
<CP of DelSqRho>
CP# = 16      
Type = (3,+1)
Coords =  5.34395698152270E-01 -7.26314641219835E-01 -1.17050276422803E+00
DistFromNuc =  1.1193043099E+00
Rho =  4.0978702752E-01
DelSqRho =  6.5974581022E-02
GradDelSqRho = -2.5257573810E-15 -1.1449174941E-15 -2.2204460493E-15
HessDelSqRho_EigVals = -9.4373154952E+00  6.6532500812E+00  6.9278839894E+00
HessDelSqRho_EigVec1 = -3.5820191353E-01  4.7464918311E-01  8.0398976493E-01
HessDelSqRho_EigVec2 = -3.9329052393E-01  7.0429106889E-01 -5.9101324357E-01
HessDelSqRho_EigVec3 =  8.4676676418E-01  5.2790363066E-01  6.5603382651E-02
</CP of DelSqRho>
<CP of DelSqRho>
CP# = 17      
Type = (3,-3)
Coords =  1.26832104985564E+00 -1.68763248887212E+00 -1.12357658164086E+00
DistFromNuc =  1.0973344608E+00
Rho =  3.3196926848E-01
DelSqRho =  1.1877912347E+00
GradDelSqRho = -3.1918911958E-15 -1.7208456882E-15 -2.0955459590E-15
HessDelSqRho_EigVals = -1.5894614647E+01 -5.8723219297E-01 -1.2793682734E-01
HessDelSqRho_EigVec1 =  3.0615178944E-01 -3.9744022417E-01  8.6505048988E-01
HessDelSqRho_EigVec2 = -5.3896014189E-01  6.7667117715E-01  5.0163540890E-01
HessDelSqRho_EigVec3 =  7.8472482265E-01  6.1980431285E-01  7.0403478629E-03
</CP of DelSqRho>
<CP of DelSqRho>
CP# = 18      
Type = (3,-1)
Coords =  3.71885514408059E-01 -1.88623260769077E+00 -1.36772216103587E+00
DistFromNuc =  1.1015550826E+00
Rho =  3.3072296609E-01
DelSqRho =  1.1609126225E+00
GradDelSqRho =  3.2196467714E-15  1.2212453271E-15 -6.6613381478E-16
HessDelSqRho_EigVals = -1.5719382239E+01 -5.8650365986E-01  1.4308180018E-01
HessDelSqRho_EigVec1 = -5.0757001396E-01 -5.7265752777E-01  6.4376706721E-01
HessDelSqRho_EigVec2 =  9.7825084284E-02 -7.8063754608E-01 -6.1728054767E-01
HessDelSqRho_EigVec3 =  8.5603909596E-01 -2.5033652859E-01  4.5224848108E-01
</CP of DelSqRho>
<CP of DelSqRho>
CP# = 19      
Type = (3,-1)
Coords =  4.02829756567589E-03 -1.45957536136636E+00 -2.64356633027663E+00
DistFromNuc =  1.1087682119E+00
Rho =  3.2542832667E-01
DelSqRho =  1.1551549356E+00
GradDelSqRho =  9.7755137318E-14  3.1849523019E-14  5.4067861299E-14
HessDelSqRho_EigVals = -1.7505460817E+01 -5.0209127708E-02  2.4668143589E-01
HessDelSqRho_EigVec1 =  8.3793556612E-01  1.8310244378E-01  5.1413761010E-01
HessDelSqRho_EigVec2 =  5.8075925463E-02  9.0677894424E-01 -4.1758727610E-01
HessDelSqRho_EigVec3 = -5.4267041003E-01  3.7977024812E-01  7.4918848411E-01
</CP of DelSqRho>
<CP of DelSqRho>
CP# = 20      
Type = (3,+1)
Coords =  2.00675984412813E+00 -1.05232750390952E+00 -1.87183359931884E+00
DistFromNuc =  1.1112815231E+00
Rho =  3.2439114050E-01
DelSqRho =  1.1427740787E+00
GradDelSqRho =  3.7747582837E-15  9.1593399532E-16  3.3306690739E-16
HessDelSqRho_EigVals = -1.7347763108E+01  5.6038332256E-02  2.2291754386E-01
HessDelSqRho_EigVec1 =  9.6548259761E-01  1.8168821690E-01  1.8663532770E-01
HessDelSqRho_EigVec2 = -3.0465804376E-02  7.9039408251E-01 -6.1184068931E-01
HessDelSqRho_EigVec3 = -2.5867970246E-01  5.8503554266E-01  7.6864700959E-01
</CP of DelSqRho>
<CP of DelSqRho>
CP# = 21      
Type = (3,-1)
Coords =  1.54186364904573E+00 -4.47230282929241E-01 -2.53090523692226E+00
DistFromNuc =  1.1091334472E+00
Rho =  3.2495417827E-01
DelSqRho =  1.1528601879E+00
GradDelSqRho = -1.0458300892E-13 -2.0117241206E-13  1.2478906797E-13
HessDelSqRho_EigVals = -1.7446442663E+01 -4.3517680346E-02  2.3962015114E-01
HessDelSqRho_EigVec1 =  5.4612732602E-01  7.2976941239E-01 -4.1131684687E-01
HessDelSqRho_EigVec2 =  8.1025400662E-01 -3.3551344684E-01  4.8054049958E-01
HessDelSqRho_EigVec3 =  2.1268142497E-01 -5.9570742125E-01 -7.7453165186E-01
</CP of DelSqRho>
<CP of DelSqRho>
CP# = 22      
Type = (3,-1)
Coords =  1.68272338287652E+00 -9.46434789607870E-01 -1.32836414715026E+00
DistFromNuc =  1.1012391110E+00
Rho =  3.3063722713E-01
DelSqRho =  1.1674341848E+00
GradDelSqRho = -4.3853809473E-15 -3.6637359813E-15 -6.8278716014E-15
HessDelSqRho_EigVals = -1.5739599997E+01 -6.4374810631E-01  1.2323746522E-01
HessDelSqRho_EigVec1 =  6.7886938693E-01  2.7860056978E-01  6.7935121845E-01
HessDelSqRho_EigVec2 = -7.3139031731E-01  3.3828402582E-01  5.9214197759E-01
HessDelSqRho_EigVec3 =  6.4842572772E-02  8.9885796453E-01 -4.3341642835E-01
</CP of DelSqRho>
<CP of DelSqRho>
CP# = 23      
Type = (3,-1)
Coords =  1.49508061923196E+00 -2.06401407590306E+00 -1.57672821244537E+00
DistFromNuc =  1.1046274197E+00
Rho =  3.2640744148E-01
DelSqRho =  1.1639463334E+00
GradDelSqRho = -1.2656542481E-14  3.0198066270E-14 -1.4377388169E-14
HessDelSqRho_EigVals = -1.7382069614E+01 -7.3149040717E-02  2.1006956305E-01
HessDelSqRho_EigVec1 = -5.0804339187E-01  7.3359129128E-01 -4.5137094428E-01
HessDelSqRho_EigVec2 = -8.2141483983E-01 -5.7032624044E-01 -2.3749464382E-03
HessDelSqRho_EigVec3 = -2.5917093372E-01  3.6955621606E-01  8.9233325069E-01
</CP of DelSqRho>
<CP of DelSqRho>
CP# = 24      
Type = (3,+1)
Coords =  4.95029494567822E-01 -4.86993999689060E-01 -2.74273848121515E+00
DistFromNuc =  1.1075197502E+00
Rho =  3.2603693766E-01
DelSqRho =  1.1393647324E+00
GradDelSqRho =  1.7000290065E-15 -4.1910919180E-15  1.6792123247E-15
HessDelSqRho_EigVals = -1.6977860290E+01  6.7474031644E-02  1.9676059004E-01
HessDelSqRho_EigVec1 = -3.9928497612E-01  6.9776292602E-01 -5.9472548871E-01
HessDelSqRho_EigVec2 =  8.5106723800E-01  5.2332525677E-01  4.2605540038E-02
HessDelSqRho_EigVec3 = -3.4096343536E-01  4.8913962700E-01  8.0279907887E-01
</CP of DelSqRho>
<CP of DelSqRho>
CP# = 25      
Type = (3,+1)
Coords =  3.71781356666091E-01 -2.19449371027160E+00 -1.89047767945238E+00
DistFromNuc =  1.1106454218E+00
Rho =  3.2507280188E-01
DelSqRho =  1.1405290340E+00
GradDelSqRho =  7.5495165675E-15  9.1038288019E-15  1.0963452368E-15
HessDelSqRho_EigVals = -1.7271245353E+01  6.5532713343E-02  2.2313063407E-01
HessDelSqRho_EigVec1 =  5.0523522352E-01  8.4585517335E-01 -1.7107423719E-01
HessDelSqRho_EigVec2 =  6.8511936878E-01 -2.7260722713E-01  6.7549740950E-01
HessDelSqRho_EigVec3 = -5.2473690498E-01  4.5849135807E-01  7.1724253578E-01
</CP of DelSqRho>
<CP of DelSqRho>
CP# = 26      
Type = (3,-1)
Coords =  3.53771475282925E-01 -3.46290286938797E-01 -2.29728713136692E+00
DistFromNuc =  1.0992274088E+00
Rho =  3.3090898127E-01
DelSqRho =  1.1525239975E+00
GradDelSqRho =  2.5590640718E-14 -1.5987211555E-14  8.7707618945E-15
HessDelSqRho_EigVals = -1.5468775646E+01 -5.1632206160E-01  1.5732498784E-01
HessDelSqRho_EigVec1 = -5.2750621117E-01  8.2635845699E-01 -1.9715196609E-01
HessDelSqRho_EigVec2 = -1.5560237574E-01  1.3416075309E-01  9.7866684474E-01
HessDelSqRho_EigVec3 = -8.3517967997E-01 -5.4693015358E-01 -5.7812708570E-02
</CP of DelSqRho>
<Path of -GradDelSqRho>
Starting CP# =      8
Ending CP# =      0
Number of Points =     69
  1.1749881681E+00 -1.6876511996E+00 -1.8272559648E+00  1.5427293718E+00 -9.9340667833E+00
  1.1769932465E+00 -1.6858904029E+00 -1.8273021550E+00  1.5445233288E+00 -9.9338518403E+00
  1.1772334624E+00 -1.6857426528E+00 -1.8272826189E+00  1.5445255315E+00 -9.9338547212E+00
  1.1774995354E+00 -1.6855789425E+00 -1.8272613958E+00  1.5445281915E+00 -9.9338582597E+00
  1.1777941347E+00 -1.6853974598E+00 -1.8272381388E+00  1.5445314062E+00 -9.9338626062E+00
  1.1781202410E+00 -1.6851962493E+00 -1.8272126026E+00  1.5445352888E+00 -9.9338679454E+00
  1.1784811465E+00 -1.6849731641E+00 -1.8271845667E+00  1.5445399721E+00 -9.9338745043E+00
  1.1788804725E+00 -1.6847258356E+00 -1.8271538110E+00  1.5445456108E+00 -9.9338825623E+00
  1.1793221940E+00 -1.6844516481E+00 -1.8271201085E+00  1.5445523832E+00 -9.9338924628E+00
  1.1798106676E+00 -1.6841477150E+00 -1.8270832240E+00  1.5445604913E+00 -9.9339046286E+00
  1.1803506620E+00 -1.6838108527E+00 -1.8270429140E+00  1.5445701600E+00 -9.9339195799E+00
  1.1809473906E+00 -1.6834375527E+00 -1.8269989290E+00  1.5445816329E+00 -9.9339379579E+00
  1.1816065493E+00 -1.6830239513E+00 -1.8269510147E+00  1.5445951643E+00 -9.9339605528E+00
  1.1823343583E+00 -1.6825657948E+00 -1.8268989146E+00  1.5446110065E+00 -9.9339883397E+00
  1.1831376138E+00 -1.6820583991E+00 -1.8268423725E+00  1.5446293903E+00 -9.9340225229E+00
  1.1840237508E+00 -1.6814966003E+00 -1.8267811346E+00  1.5446504986E+00 -9.9340645914E+00
  1.1850009215E+00 -1.6808746953E+00 -1.8267149521E+00  1.5446744317E+00 -9.9341163874E+00
  1.1860780927E+00 -1.6801863656E+00 -1.8266435852E+00  1.5447011676E+00 -9.9341801923E+00
  1.1872651626E+00 -1.6794245847E+00 -1.8265668083E+00  1.5447305198E+00 -9.9342588307E+00
  1.1885730954E+00 -1.6785815038E+00 -1.8264844196E+00  1.5447621014E+00 -9.9343557965E+00
  1.1900140629E+00 -1.6776483172E+00 -1.8263962586E+00  1.5447953073E+00 -9.9344754010E+00
  1.1916015795E+00 -1.6766151089E+00 -1.8263022345E+00  1.5448293333E+00 -9.9346229422E+00
  1.1933506108E+00 -1.6754706850E+00 -1.8262023727E+00  1.5448632500E+00 -9.9348048913E+00
  1.1952776396E+00 -1.6742023928E+00 -1.8260968813E+00  1.5448961482E+00 -9.9350290964E+00
  1.1974006887E+00 -1.6727959294E+00 -1.8259862411E+00  1.5449273502E+00 -9.9353050073E+00
  1.1997393171E+00 -1.6712351337E+00 -1.8258713125E+00  1.5449566502E+00 -9.9356439429E+00
  1.2023146260E+00 -1.6695017610E+00 -1.8257534537E+00  1.5449845054E+00 -9.9360594419E+00
  1.2051493018E+00 -1.6675752425E+00 -1.8256346372E+00  1.5450120830E+00 -9.9365677455E+00
  1.2082676967E+00 -1.6654324397E+00 -1.8255175662E+00  1.5450411141E+00 -9.9371884471E+00
  1.2116959122E+00 -1.6630473904E+00 -1.8254058006E+00  1.5450736054E+00 -9.9379453050E+00
  1.2154618325E+00 -1.6603910268E+00 -1.8253039222E+00  1.5451115625E+00 -9.9388671796E+00
  1.2195950693E+00 -1.6574308361E+00 -1.8252177614E+00  1.5451568748E+00 -9.9399890604E+00
  1.2241267971E+00 -1.6541304589E+00 -1.8251546977E+00  1.5452113948E+00 -9.9413531825E+00
  1.2290894651E+00 -1.6504492560E+00 -1.8251240262E+00  1.5452771131E+00 -9.9430102677E+00
  1.2345163652E+00 -1.6463418870E+00 -1.8251373825E+00  1.5453563186E+00 -9.9450209152E+00
  1.2404410185E+00 -1.6417579360E+00 -1.8252092230E+00  1.5454517052E+00 -9.9474571175E+00
  1.2468963285E+00 -1.6366416209E+00 -1.8253573630E+00  1.5455664433E+00 -9.9504038347E+00
  1.2539134440E+00 -1.6309316356E+00 -1.8256035674E+00  1.5457042386E+00 -9.9539605074E+00
  1.2615202734E+00 -1.6245612030E+00 -1.8259741772E+00  1.5458693796E+00 -9.9582423319E+00
  1.2697395942E+00 -1.6174584411E+00 -1.8265007375E+00  1.5460667682E+00 -9.9633810397E+00
  1.2785867161E+00 -1.6095471755E+00 -1.8272205732E+00  1.5463019196E+00 -9.9695248177E+00
  1.2880666851E+00 -1.6007483565E+00 -1.8281772291E+00  1.5465809152E+00 -9.9768368919E+00
  1.2981710668E+00 -1.5909822598E+00 -1.8294206590E+00  1.5469102890E+00 -9.9854921876E+00
  1.3088744258E+00 -1.5801716492E+00 -1.8310070134E+00  1.5472968231E+00 -9.9956714103E+00
  1.3201307316E+00 -1.5682460469E+00 -1.8329978441E+00  1.5477472336E+00 -1.0007551917E+01
  1.3318700529E+00 -1.5551471722E+00 -1.8354585303E+00  1.5482677344E+00 -1.0021294946E+01
  1.3439960542E+00 -1.5408354578E+00 -1.8384557460E+00  1.5488634879E+00 -1.0037029195E+01
  1.3563849213E+00 -1.5252973235E+00 -1.8420538609E+00  1.5495379892E+00 -1.0054831502E+01
  1.3688863871E+00 -1.5085526015E+00 -1.8463102988E+00  1.5502924958E+00 -1.0074706327E+01
  1.3813274353E+00 -1.4906611715E+00 -1.8512700971E+00  1.5511257290E+00 -1.0096566922E+01
  1.3935190449E+00 -1.4717274489E+00 -1.8569602304E+00  1.5520342629E+00 -1.0120222148E+01
  1.4052662184E+00 -1.4519004841E+00 -1.8633848309E+00  1.5530142191E+00 -1.0145374290E+01
  1.4163820675E+00 -1.4313651357E+00 -1.8705236336E+00  1.5540641919E+00 -1.0171635754E+01
  1.4267070289E+00 -1.4103176655E+00 -1.8783373938E+00  1.5551857559E+00 -1.0198573725E+01
  1.4361269499E+00 -1.3889303077E+00 -1.8867807912E+00  1.5563778859E+00 -1.0225772618E+01
  1.4445690007E+00 -1.3673379260E+00 -1.8958116528E+00  1.5576425572E+00 -1.0252862948E+01
  1.4519559442E+00 -1.3457041502E+00 -1.9053688571E+00  1.5590317877E+00 -1.0279442546E+01
  1.4581675926E+00 -1.3244947585E+00 -1.9152320201E+00  1.5605268251E+00 -1.0304775760E+01
  1.4632440347E+00 -1.3041400747E+00 -1.9251425256E+00  1.5618442584E+00 -1.0328289228E+01
  1.4672781158E+00 -1.2846699866E+00 -1.9350357522E+00  1.5630353812E+00 -1.0349915172E+01
  1.4703583267E+00 -1.2661770657E+00 -1.9448120972E+00  1.5641168895E+00 -1.0369559819E+01
  1.4725866882E+00 -1.2487361181E+00 -1.9543762719E+00  1.5650896239E+00 -1.0387195256E+01
  1.4740715956E+00 -1.2323893894E+00 -1.9636488026E+00  1.5659563440E+00 -1.0402862750E+01
  1.4749216568E+00 -1.2171496139E+00 -1.9725674150E+00  1.5667221421E+00 -1.0416656778E+01
  1.4752409253E+00 -1.2030051480E+00 -1.9810865176E+00  1.5673938832E+00 -1.0428708104E+01
  1.4751256447E+00 -1.1899254891E+00 -1.9891756761E+00  1.5679795267E+00 -1.0439168663E+01
  1.4746623432E+00 -1.1778664637E+00 -1.9968175701E+00  1.5684875247E+00 -1.0448199315E+01
  1.4739270119E+00 -1.1667747422E+00 -2.0040057682E+00  1.5689263518E+00 -1.0455960667E+01
  1.4736634177E+00 -1.1636271518E+00 -2.0060739053E+00  1.5690457444E+00 -1.0458064835E+01
</Path of -GradDelSqRho>
<Path of -GradDelSqRho>
Starting CP# =      8
Ending CP# =      0
Number of Points =     70
  1.1749881681E+00 -1.6876511996E+00 -1.8272559648E+00  1.5427293718E+00 -9.9340667833E+00
  1.1725282680E+00 -1.6885968651E+00 -1.8276767772E+00  1.5445197496E+00 -9.9338517737E+00
  1.1722863199E+00 -1.6887413899E+00 -1.8276976917E+00  1.5445215353E+00 -9.9338546531E+00
  1.1720183523E+00 -1.6889014012E+00 -1.8277212712E+00  1.5445237329E+00 -9.9338581891E+00
  1.1717215178E+00 -1.6890784310E+00 -1.8277476318E+00  1.5445264345E+00 -9.9338625317E+00
  1.1713927156E+00 -1.6892742108E+00 -1.8277770378E+00  1.5445297477E+00 -9.9338678650E+00
  1.1710285395E+00 -1.6894906543E+00 -1.8278098306E+00  1.5445337991E+00 -9.9338744152E+00
  1.1706252410E+00 -1.6897298609E+00 -1.8278464081E+00  1.5445387362E+00 -9.9338824604E+00
  1.1701786956E+00 -1.6899941256E+00 -1.8278872226E+00  1.5445447293E+00 -9.9338923424E+00
  1.1696843693E+00 -1.6902859521E+00 -1.8279327840E+00  1.5445519719E+00 -9.9339044817E+00
  1.1691372828E+00 -1.6906080669E+00 -1.8279836662E+00  1.5445606789E+00 -9.9339193953E+00
  1.1685319736E+00 -1.6909634350E+00 -1.8280405142E+00  1.5445710830E+00 -9.9339377199E+00
  1.1678624539E+00 -1.6913552775E+00 -1.8281040531E+00  1.5445834267E+00 -9.9339602397E+00
  1.1671221619E+00 -1.6917870920E+00 -1.8281750970E+00  1.5445979492E+00 -9.9339879213E+00
  1.1663039058E+00 -1.6922626775E+00 -1.8282545614E+00  1.5446148675E+00 -9.9340219574E+00
  1.1653997949E+00 -1.6927861657E+00 -1.8283434755E+00  1.5446343495E+00 -9.9340638209E+00
  1.1644011540E+00 -1.6933620600E+00 -1.8284429991E+00  1.5446564806E+00 -9.9341153320E+00
  1.1632984182E+00 -1.6939952842E+00 -1.8285544429E+00  1.5446812237E+00 -9.9341787415E+00
  1.1620810027E+00 -1.6946912390E+00 -1.8286792942E+00  1.5447083778E+00 -9.9342568320E+00
  1.1607371493E+00 -1.6954558636E+00 -1.8288192500E+00  1.5447375426E+00 -9.9343530399E+00
  1.1592537537E+00 -1.6962956934E+00 -1.8289762605E+00  1.5447681007E+00 -9.9344715982E+00
  1.1576161815E+00 -1.6972179020E+00 -1.8291525829E+00  1.5447992357E+00 -9.9346176985E+00
  1.1558080880E+00 -1.6982303118E+00 -1.8293508506E+00  1.5448300042E+00 -9.9347976691E+00
  1.1538112497E+00 -1.6993413609E+00 -1.8295741569E+00  1.5448594763E+00 -9.9350191675E+00
  1.1516054119E+00 -1.7005600235E+00 -1.8298261567E+00  1.5448869414E+00 -9.9352913906E+00
  1.1491681393E+00 -1.7018956998E+00 -1.8301111817E+00  1.5449121423E+00 -9.9356253223E+00
  1.1464746526E+00 -1.7033581014E+00 -1.8304343680E+00  1.5449354641E+00 -9.9360340556E+00
  1.1434976415E+00 -1.7049571621E+00 -1.8308017866E+00  1.5449579848E+00 -9.9365332349E+00
  1.1402070587E+00 -1.7067029775E+00 -1.8312205768E+00  1.5449813394E+00 -9.9371416508E+00
  1.1365699145E+00 -1.7086057442E+00 -1.8316990884E+00  1.5450074419E+00 -9.9378819811E+00
  1.1325500804E+00 -1.7106756440E+00 -1.8322470514E+00  1.5450382105E+00 -9.9387816391E+00
  1.1281080985E+00 -1.7129226243E+00 -1.8328757963E+00  1.5450754431E+00 -9.9398736882E+00
  1.1232010047E+00 -1.7153560549E+00 -1.8335985301E+00  1.5451208812E+00 -9.9411978157E+00
  1.1177821932E+00 -1.7179842645E+00 -1.8344306596E+00  1.5451763751E+00 -9.9428013904E+00
  1.1118013696E+00 -1.7208139623E+00 -1.8353901458E+00  1.5452440396E+00 -9.9447406199E+00
  1.1052046344E+00 -1.7238495367E+00 -1.8364978780E+00  1.5453263578E+00 -9.9470817828E+00
  1.0979347491E+00 -1.7270922056E+00 -1.8377780606E+00  1.5454262490E+00 -9.9499024642E+00
  1.0899316409E+00 -1.7305390037E+00 -1.8392585967E+00  1.5455471210E+00 -9.9532926825E+00
  1.0811332243E+00 -1.7341815962E+00 -1.8409714410E+00  1.5456929133E+00 -9.9573557476E+00
  1.0714766265E+00 -1.7380049289E+00 -1.8429528806E+00  1.5458681248E+00 -9.9622086296E+00
  1.0608999152E+00 -1.7419857491E+00 -1.8452436841E+00  1.5460778161E+00 -9.9679815417E+00
  1.0493444239E+00 -1.7460910614E+00 -1.8478890407E+00  1.5463275757E+00 -9.9748163690E+00
  1.0367577540E+00 -1.7502766320E+00 -1.8509381918E+00  1.5466234320E+00 -9.9828635086E+00
  1.0230974913E+00 -1.7544857067E+00 -1.8544436433E+00  1.5469716987E+00 -9.9922766735E+00
  1.0083355982E+00 -1.7586481686E+00 -1.8584598386E+00  1.5473787390E+00 -1.0003205267E+01
  9.9246333211E-01 -1.7626804142E+00 -1.8630411918E+00  1.5478506466E+00 -1.0015784127E+01
  9.7549638043E-01 -1.7664862557E+00 -1.8682394203E+00  1.5483928525E+00 -1.0030120785E+01
  9.5747972048E-01 -1.7699591362E+00 -1.8741002047E+00  1.5490096983E+00 -1.0046280946E+01
  9.3849151857E-01 -1.7729858503E+00 -1.8806593352E+00  1.5497040489E+00 -1.0064273554E+01
  9.1864522338E-01 -1.7754517713E+00 -1.8879386793E+00  1.5504770609E+00 -1.0084037592E+01
  8.9808892533E-01 -1.7772473021E+00 -1.8959425152E+00  1.5513282503E+00 -1.0105433337E+01
  8.7700111966E-01 -1.7782749122E+00 -1.9046549690E+00  1.5522559644E+00 -1.0128240970E+01
  8.5558246283E-01 -1.7784557937E+00 -1.9140393331E+00  1.5532581543E+00 -1.0152168706E+01
  8.3404467666E-01 -1.7777350657E+00 -1.9240394602E+00  1.5543329296E+00 -1.0176869921E+01
  8.1260130438E-01 -1.7760851519E+00 -1.9345814754E+00  1.5554778878E+00 -1.0201962979E+01
  7.9146755006E-01 -1.7735091750E+00 -1.9455716037E+00  1.5566861597E+00 -1.0227042949E+01
  7.7086508831E-01 -1.7700471663E+00 -1.9568903872E+00  1.5579366136E+00 -1.0251688015E+01
  7.5100548676E-01 -1.7657777302E+00 -1.9683989222E+00  1.5591900199E+00 -1.0275492711E+01
  7.3205688333E-01 -1.7608044096E+00 -1.9799608046E+00  1.5604078386E+00 -1.0298122087E+01
  7.1413595749E-01 -1.7552416078E+00 -1.9914536883E+00  1.5615651341E+00 -1.0319331302E+01
  6.9731620631E-01 -1.7492079901E+00 -2.0027701196E+00  1.5626472308E+00 -1.0338959473E+01
  6.8163478695E-01 -1.7428212638E+00 -2.0138182535E+00  1.5636459481E+00 -1.0356920736E+01
  6.6709819814E-01 -1.7361934188E+00 -2.0245227045E+00  1.5645577522E+00 -1.0373193732E+01
  6.5368801323E-01 -1.7294270854E+00 -2.0348246205E+00  1.5653825912E+00 -1.0387809345E+01
  6.4136659121E-01 -1.7226131962E+00 -2.0446808917E+00  1.5661229783E+00 -1.0400837918E+01
  6.3008242352E-01 -1.7158298498E+00 -2.0540627029E+00  1.5667832216E+00 -1.0412377162E+01
  6.1977484225E-01 -1.7091421463E+00 -2.0629536921E+00  1.5673687825E+00 -1.0422541612E+01
  6.1037794677E-01 -1.7026027337E+00 -2.0713479508E+00  1.5678857613E+00 -1.0431454021E+01
  6.0182372141E-01 -1.6962528160E+00 -2.0792480443E+00  1.5683405018E+00 -1.0439238759E+01
  5.9757307321E-01 -1.6943278076E+00 -2.0826628185E+00  1.5647086948E+00 -1.0442402069E+01
</Path of -GradDelSqRho>
<Path of -GradDelSqRho>
Starting CP# =     10
Ending CP# =      1
Number of Points =      7
  7.8993872066E-01 -1.3101878232E+00 -2.0529671713E+00  2.9700375980E+01  2.4644179049E+03
  8.1295952394E-01 -1.3010249344E+00 -2.0562964468E+00  4.5312703415E+01  1.7498987909E+03
  8.3598138998E-01 -1.2918671056E+00 -2.0596322891E+00  6.9635153087E+01 -1.4269257532E+03
  8.5900686601E-01 -1.2827266033E+00 -2.0629906395E+00  1.0772069284E+02 -1.3203417426E+04
  8.8203658764E-01 -1.2736066616E+00 -2.0663756864E+00  1.6739609557E+02 -5.4144200974E+04
  9.0507028852E-01 -1.2645062202E+00 -2.0697860321E+00  2.6128719271E+02 -2.3384622607E+05
  9.3270457866E-01 -1.2536159480E+00 -2.0739101734E+00  4.3514637077E+02 -8.3851504489E+06
</Path of -GradDelSqRho>
<Path of -GradDelSqRho>
Starting CP# =     10
Ending CP# =      5
Number of Points =     26
  7.8993872066E-01 -1.3101878232E+00 -2.0529671713E+00  2.9700375980E+01  2.4644179049E+03
  7.6692026420E-01 -1.3193618400E+00 -2.0496523544E+00  1.9721931872E+01  2.1362976919E+03
  7.4390678241E-01 -1.3285592349E+00 -2.0463679393E+00  1.3348222403E+01  1.6124303566E+03
  7.2090068395E-01 -1.3377908132E+00 -2.0431280210E+00  9.2664764812E+00  1.1648452425E+03
  6.9790321415E-01 -1.3470615878E+00 -2.0399391732E+00  6.6501930302E+00  8.1593540010E+02
  6.7491511123E-01 -1.3563740195E+00 -2.0368046392E+00  4.9731166876E+00  5.5206044251E+02
  6.5193795041E-01 -1.3657339979E+00 -2.0337321380E+00  3.8945615099E+00  3.6155715216E+02
  6.2897454047E-01 -1.3751521519E+00 -2.0307356041E+00  3.1942153491E+00  2.3058905872E+02
  6.0602876730E-01 -1.3846425740E+00 -2.0278335528E+00  2.7313865871E+00  1.4350923320E+02
  5.8310545638E-01 -1.3942215910E+00 -2.0250475069E+00  2.4171853906E+00  8.6432852340E+01
  5.6021070735E-01 -1.4039083096E+00 -2.0224027643E+00  2.1956016043E+00  4.9126996249E+01
  5.3735336097E-01 -1.4137287781E+00 -2.0199340034E+00  2.0312420585E+00  2.4839176288E+01
  5.1454865153E-01 -1.4237256411E+00 -2.0176984234E+00  1.9017206916E+00  9.2948140537E+00
  4.9182711297E-01 -1.4339783573E+00 -2.0158038796E+00  1.7930173426E+00 -2.6082287919E-01
  4.6926236071E-01 -1.4446559601E+00 -2.0144848049E+00  1.6966478360E+00 -5.6984780064E+00
  4.4710737271E-01 -1.4562164488E+00 -2.0144075114E+00  1.6081718741E+00 -8.3569130375E+00
  4.2772073141E-01 -1.4706638640E+00 -2.0192259266E+00  1.5319810853E+00 -9.2531110089E+00
  4.2816134475E-01 -1.4866179073E+00 -2.0374692902E+00  1.5240460648E+00 -9.5066674280E+00
  4.3479196379E-01 -1.5005749161E+00 -2.0571190892E+00  1.5344039095E+00 -9.7249928888E+00
  4.4235994114E-01 -1.5140484274E+00 -2.0767686922E+00  1.5436849432E+00 -9.9196910016E+00
  4.5080638930E-01 -1.5270453094E+00 -2.0963813276E+00  1.5516233605E+00 -1.0088509970E+01
  4.6012094393E-01 -1.5395516358E+00 -2.1159196927E+00  1.5581509222E+00 -1.0229506373E+01
  4.7029524572E-01 -1.5515592851E+00 -2.1353417558E+00  1.5632148592E+00 -1.0341084512E+01
  4.8132718552E-01 -1.5630745350E+00 -2.1545930156E+00  1.5667779525E+00 -1.0422025057E+01
  4.9324032047E-01 -1.5741554365E+00 -2.1735719281E+00  1.5688191300E+00 -1.0471508038E+01
  5.1115291295E-01 -1.5934259597E+00 -2.1860092407E+00  1.5693033208E+00 -1.0489393308E+01
</Path of -GradDelSqRho>
<Path of -GradDelSqRho>
Starting CP# =     12
Ending CP# =      0
Number of Points =    110
  7.8869518611E-01 -9.0753919227E-01 -2.4827482520E+00  1.5471024934E+00 -1.0060096702E+01
  7.9094777868E-01 -9.0689823972E-01 -2.4819402178E+00  1.5497999609E+00 -1.0059580607E+01
  7.9107537411E-01 -9.0682760840E-01 -2.4819247775E+00  1.5497993346E+00 -1.0059581776E+01
  7.9121120840E-01 -9.0675304275E-01 -2.4819088316E+00  1.5497986234E+00 -1.0059583095E+01
  7.9135558671E-01 -9.0667400047E-01 -2.4818920192E+00  1.5497978174E+00 -1.0059584582E+01
  7.9150897444E-01 -9.0659011809E-01 -2.4818741855E+00  1.5497969050E+00 -1.0059586259E+01
  7.9167190769E-01 -9.0650107479E-01 -2.4818552353E+00  1.5497958731E+00 -1.0059588150E+01
  7.9184496747E-01 -9.0640655059E-01 -2.4818350880E+00  1.5497947067E+00 -1.0059590282E+01
  7.9202877299E-01 -9.0630621323E-01 -2.4818136642E+00  1.5497933893E+00 -1.0059592685E+01
  7.9222398104E-01 -9.0619971359E-01 -2.4817908815E+00  1.5497919026E+00 -1.0059595394E+01
  7.9243128698E-01 -9.0608668373E-01 -2.4817666525E+00  1.5497902262E+00 -1.0059598445E+01
  7.9265142640E-01 -9.0596673579E-01 -2.4817408846E+00  1.5497883374E+00 -1.0059601883E+01
  7.9288517701E-01 -9.0583946105E-01 -2.4817134790E+00  1.5497862113E+00 -1.0059605754E+01
  7.9313336052E-01 -9.0570442918E-01 -2.4816843308E+00  1.5497838205E+00 -1.0059610113E+01
  7.9339684466E-01 -9.0556118746E-01 -2.4816533280E+00  1.5497811349E+00 -1.0059615019E+01
  7.9367654509E-01 -9.0540926007E-01 -2.4816203515E+00  1.5497781216E+00 -1.0059620538E+01
  7.9397342751E-01 -9.0524814746E-01 -2.4815852746E+00  1.5497747449E+00 -1.0059626746E+01
  7.9428850960E-01 -9.0507732572E-01 -2.4815479621E+00  1.5497709663E+00 -1.0059633726E+01
  7.9462286315E-01 -9.0489624604E-01 -2.4815082699E+00  1.5497667443E+00 -1.0059641569E+01
  7.9497761605E-01 -9.0470433425E-01 -2.4814660445E+00  1.5497620348E+00 -1.0059650377E+01
  7.9535395450E-01 -9.0450099036E-01 -2.4814211223E+00  1.5497567911E+00 -1.0059660265E+01
  7.9575312519E-01 -9.0428558825E-01 -2.4813733284E+00  1.5497509645E+00 -1.0059671357E+01
  7.9617643768E-01 -9.0405747531E-01 -2.4813224762E+00  1.5497445045E+00 -1.0059683793E+01
  7.9662526691E-01 -9.0381597220E-01 -2.4812683661E+00  1.5497373599E+00 -1.0059697724E+01
  7.9710105609E-01 -9.0356037251E-01 -2.4812107846E+00  1.5497294794E+00 -1.0059713320E+01
  7.9760531992E-01 -9.0328994244E-01 -2.4811495024E+00  1.5497208133E+00 -1.0059730765E+01
  7.9813964841E-01 -9.0300392039E-01 -2.4810842739E+00  1.5497113145E+00 -1.0059750263E+01
  7.9870571136E-01 -9.0270151627E-01 -2.4810148342E+00  1.5497009406E+00 -1.0059772035E+01
  7.9930526379E-01 -9.0238191072E-01 -2.4809408980E+00  1.5496896564E+00 -1.0059796325E+01
  7.9994015250E-01 -9.0204425386E-01 -2.4808621570E+00  1.5496774361E+00 -1.0059823401E+01
  8.0061232389E-01 -9.0168766372E-01 -2.4807782768E+00  1.5496642663E+00 -1.0059853552E+01
  8.0132383345E-01 -9.0131122407E-01 -2.4806888942E+00  1.5496501494E+00 -1.0059887098E+01
  8.0207685687E-01 -9.0091398178E-01 -2.4805936134E+00  1.5496351075E+00 -1.0059924387E+01
  8.0287370313E-01 -9.0049494352E-01 -2.4804920020E+00  1.5496191857E+00 -1.0059965804E+01
  8.0371682944E-01 -9.0005307182E-01 -2.4803835861E+00  1.5496024562E+00 -1.0060011767E+01
  8.0460885814E-01 -8.9958728072E-01 -2.4802678456E+00  1.5495850227E+00 -1.0060062742E+01
  8.0555259518E-01 -8.9909643086E-01 -2.4801442086E+00  1.5495670236E+00 -1.0060119240E+01
  8.0655105004E-01 -8.9857932452E-01 -2.4800120450E+00  1.5495486353E+00 -1.0060181831E+01
  8.0760745630E-01 -8.9803470069E-01 -2.4798706604E+00  1.5495300747E+00 -1.0060251150E+01
  8.0872529236E-01 -8.9746123058E-01 -2.4797192894E+00  1.5495116001E+00 -1.0060327907E+01
  8.0990830125E-01 -8.9685751418E-01 -2.4795570892E+00  1.5494935106E+00 -1.0060412903E+01
  8.1116050876E-01 -8.9622207797E-01 -2.4793831327E+00  1.5494761426E+00 -1.0060507039E+01
  8.1248623883E-01 -8.9555337453E-01 -2.4791964028E+00  1.5494598642E+00 -1.0060611339E+01
  8.1389012573E-01 -8.9484978406E-01 -2.4789957865E+00  1.5494450656E+00 -1.0060726964E+01
  8.1537712257E-01 -8.9410961819E-01 -2.4787800697E+00  1.5494321456E+00 -1.0060855237E+01
  8.1695250665E-01 -8.9333112575E-01 -2.4785479329E+00  1.5494214956E+00 -1.0060997665E+01
  8.1862188263E-01 -8.9251250044E-01 -2.4782979462E+00  1.5494134801E+00 -1.0061155964E+01
  8.2039118536E-01 -8.9165188975E-01 -2.4780285642E+00  1.5494084170E+00 -1.0061332090E+01
  8.2226668462E-01 -8.9074740497E-01 -2.4777381193E+00  1.5494065594E+00 -1.0061528266E+01
  8.2425499395E-01 -8.8979713170E-01 -2.4774248121E+00  1.5494080822E+00 -1.0061747014E+01
  8.2636308545E-01 -8.8879914138E-01 -2.4770866985E+00  1.5494130770E+00 -1.0061991187E+01
  8.2859831095E-01 -8.8775150413E-01 -2.4767216719E+00  1.5494215579E+00 -1.0062264002E+01
  8.3096842922E-01 -8.8665230388E-01 -2.4763274409E+00  1.5494334786E+00 -1.0062569074E+01
  8.3348163714E-01 -8.8549965671E-01 -2.4759015021E+00  1.5494487595E+00 -1.0062910453E+01
  8.3614660269E-01 -8.8429173310E-01 -2.4754411096E+00  1.5494673219E+00 -1.0063292661E+01
  8.3897249733E-01 -8.8302678428E-01 -2.4749432422E+00  1.5494891223E+00 -1.0063720742E+01
  8.4196902605E-01 -8.8170317261E-01 -2.4744045692E+00  1.5495141822E+00 -1.0064200311E+01
  8.4514645407E-01 -8.8031940566E-01 -2.4738214162E+00  1.5495426077E+00 -1.0064737613E+01
