 AIMInt (Version 19.10.12, Professional)
 Portions Copyright (c) 1997-2019 by Todd A. Keith
 AIMInt is a component of the AIMAll package ( http://aim.tkgristmill.com )

 TP:  64-bit Mac OS X

 AIMInt is a heavily modified and extended version of the PROAIMV program
 developed by members of R.F.W. Bader's research group

 Much of the Quantum Theory of Atoms in Molecules (QTAIM) is described in the book:
   "Atoms in Molecules - A Quantum Theory"
   R.F.W. Bader, Oxford University Press, Oxford, 1990

 For additional references see:  http://aim.tkgristmill.com/references.html

 Current Directory:  /Users/chemlab/Documents/SubstituentCoding/BCP Map Reference/BCPMapReference

 Inp File:  SubH_NHCHO_wb97xd_aug-cc-pvtz_reor_atomicfiles/n1.inp
 Wfx File:  SubH_NHCHO_wb97xd_aug-cc-pvtz_reor.wfx
 Out File:  SubH_NHCHO_wb97xd_aug-cc-pvtz_reor_atomicfiles/n1.int

 Wfx Title:   single point on SubH_NHCHO_wb97xd_aug-cc-pvtz reoriented by subproptools      
 Job Title:   single point on SubH_NHCHO_wb97xd_aug-cc-pvtz reoriented by subproptools      
 
<Atom>
N1      
</Atom>
<Nuclei of Molecule>
     6
N1         7.0           0.0000000000E+00   0.0000000000E+00   0.0000000000E+00
H2         1.0          -1.8931333008E+00   0.0000000000E+00   0.0000000000E+00
C3         6.0           1.3291728848E+00  -2.1859236871E+00  -2.4413522981E-04
O4         8.0           3.6047168333E+00  -2.3243328976E+00  -3.0363476863E-04
H5         1.0           1.0124018740E-01  -3.8710416052E+00  -2.3143249080E-04
H6         1.0           9.3163308968E-01   1.6544387814E+00   0.0000000000E+00
</Nuclei of Molecule>
<Total Number of CPs of DelSqRho>
    31
</Total Number of CPs of DelSqRho>
<Number of (3,+3) CPs of DelSqRho>
     5
</Number of (3,+3) CPs of DelSqRho>
<Number of (3,+1) CPs of DelSqRho>
    11
</Number of (3,+1) CPs of DelSqRho>
<Number of (3,-1) CPs of DelSqRho>
    10
</Number of (3,-1) CPs of DelSqRho>
<Number of (3,-3) CPs of DelSqRho>
     5
</Number of (3,-3) CPs of DelSqRho>
<Number of Degenerate CPs of DelSqRho>
     0
</Number of Degenerate CPs of DelSqRho>
<CP of DelSqRho>
CP# = 1       
Type = (3,+3)
Coords = -2.56934284350258E-08  1.46021989015140E-08 -5.59846448739275E-11
DistFromNuc =  2.9552996663E-08
Rho =  1.9584956384E+02
DelSqRho = -1.6569298566E+06
GradDelSqRho = -1.8673290469E-08  1.0608346201E-08 -4.0694558834E-11
HessDelSqRho_EigVals =  4.9172059301E+10  4.9172068259E+10  4.9172070601E+10
HessDelSqRho_EigVec1 =  3.6126299502E-05 -6.0703613202E-05  9.9999999750E-01
HessDelSqRho_EigVec2 =  8.0355107163E-01  5.9523581481E-01  7.1036380046E-06
HessDelSqRho_EigVec3 = -5.9523581375E-01  8.0355106937E-01  7.0282120760E-05
</CP of DelSqRho>
<CP of DelSqRho>
CP# = 2       
Type = (3,+1)
Coords = -1.20932628019184E+00 -2.31872326674371E-03 -9.36746998496745E-07
DistFromNuc =  1.2093285031E+00
Rho =  3.7119786104E-01
DelSqRho = -1.3541732640E+00
GradDelSqRho =  2.0248247523E-12 -1.0991207944E-14 -1.0923336888E-17
HessDelSqRho_EigVals = -2.4976249066E+01  1.4179552445E+01  1.5291195849E+01
HessDelSqRho_EigVec1 =  9.9999561761E-01 -2.9605354228E-03 -6.2248388074E-07
HessDelSqRho_EigVec2 =  4.5501198296E-07 -5.6568784664E-05  9.9999999840E-01
HessDelSqRho_EigVec3 =  2.9605354532E-03  9.9999561601E-01  5.6567189679E-05
</CP of DelSqRho>
<CP of DelSqRho>
CP# = 3       
Type = (3,+3)
Coords =  8.16181405591629E-01 -1.30863513955314E+00 -1.58526067570273E-04
DistFromNuc =  1.5422963530E+00
Rho =  3.2883874977E-01
DelSqRho = -1.0005067259E+00
GradDelSqRho =  3.4694469520E-16 -6.6613381478E-16 -3.5236570606E-19
HessDelSqRho_EigVals =  4.8420738954E+00  7.4673400956E+00  1.1037553837E+01
HessDelSqRho_EigVec1 =  3.2039316449E-05 -4.9810565875E-05  9.9999999825E-01
HessDelSqRho_EigVec2 =  8.9805241039E-01  4.3988847240E-01 -6.8618916442E-06
HessDelSqRho_EigVec3 = -4.3988847129E-01  8.9805240903E-01  5.8826224717E-05
</CP of DelSqRho>
<CP of DelSqRho>
CP# = 4       
Type = (3,+1)
Coords =  5.94380909981550E-01  1.05903941455919E+00 -4.79980212635337E-07
DistFromNuc =  1.2144353205E+00
Rho =  3.6890278506E-01
DelSqRho = -1.3428041709E+00
GradDelSqRho = -2.0816681712E-13 -3.6418090765E-13 -1.4297916150E-18
HessDelSqRho_EigVals = -2.4851079273E+01  1.4102261175E+01  1.5144936099E+01
HessDelSqRho_EigVec1 =  4.9112075111E-01  8.7109150371E-01  2.3342865355E-07
HessDelSqRho_EigVec2 =  4.8310210874E-05 -2.7505234068E-05  9.9999999845E-01
HessDelSqRho_EigVec3 =  8.7109150237E-01 -4.9112075034E-01 -5.5591005449E-05
</CP of DelSqRho>
<CP of DelSqRho>
CP# = 5       
Type = (3,-1)
Coords =  5.60782067273394E-02  1.83349144269482E-01  2.18668776064235E-05
DistFromNuc =  1.9173334205E-01
Rho =  1.4906841562E+01
DelSqRho =  6.3442740507E+02
GradDelSqRho =  1.9895196601E-13  8.0433437688E-12  8.6458618043E-15
HessDelSqRho_EigVals = -1.7390293190E+05 -7.4108025110E+02  1.0361084571E+02
HessDelSqRho_EigVec1 =  2.9296758738E-01  9.5612236643E-01  1.1467139299E-04
HessDelSqRho_EigVec2 =  1.4782601939E-05 -1.2446337361E-04  9.9999999215E-01
HessDelSqRho_EigVec3 =  9.5612237320E-01 -2.9296758338E-01 -5.0597710632E-05
</CP of DelSqRho>
<CP of DelSqRho>
CP# = 6       
Type = (3,+1)
Coords = -5.49004914942264E-03  3.71395176628848E-03  1.91826229765365E-01
DistFromNuc =  1.9194071091E-01
Rho =  1.4949872309E+01
DelSqRho =  6.2070339089E+02
GradDelSqRho = -3.9079850467E-13 -1.3500311979E-13  1.3514522834E-11
HessDelSqRho_EigVals = -1.7060788393E+05  7.7908453716E+02  8.0965315214E+02
HessDelSqRho_EigVec1 = -2.8286307960E-02  1.9118586068E-02  9.9941701229E-01
HessDelSqRho_EigVec2 =  7.4229145162E-01  6.7002708927E-01  8.1914895596E-03
HessDelSqRho_EigVec3 =  6.6947986201E-01 -7.4209041182E-01  3.3144155594E-02
</CP of DelSqRho>
<CP of DelSqRho>
CP# = 7       
Type = (3,+1)
Coords = -5.50351737658811E-03  3.73903261943937E-03 -1.91825670660016E-01
DistFromNuc =  1.9194102478E-01
Rho =  1.4949833342E+01
DelSqRho =  6.2070017759E+02
GradDelSqRho = -8.4376949872E-13 -5.6132876125E-13  3.0865976441E-11
HessDelSqRho_EigVals = -1.7060512550E+05  7.7916250412E+02  8.0973304692E+02
HessDelSqRho_EigVec1 =  2.8356467064E-02 -1.9249247503E-02  9.9941251605E-01
HessDelSqRho_EigVec2 =  7.4229051295E-01  6.7002856232E-01 -8.1559823609E-03
HessDelSqRho_EigVec3 =  6.6947793478E-01 -7.4208570404E-01 -3.3288176663E-02
</CP of DelSqRho>
<CP of DelSqRho>
CP# = 8       
Type = (3,-1)
Coords = -1.91580866072443E-01  8.69196669720732E-03  1.93804985818700E-05
DistFromNuc =  1.9177794166E-01
Rho =  1.4901078105E+01
DelSqRho =  6.3407089246E+02
GradDelSqRho =  2.6190605240E-11  3.1477043194E-12  5.8807125836E-15
HessDelSqRho_EigVals = -1.7353225972E+05 -7.3714363552E+02  1.1337787547E+02
HessDelSqRho_EigVec1 =  9.9898132990E-01 -4.5125294010E-02 -1.0170876831E-04
HessDelSqRho_EigVec2 =  9.8767017526E-05 -6.7420304433E-05  9.9999999285E-01
HessDelSqRho_EigVec3 =  4.5125300544E-02  9.9898133281E-01  6.2894734681E-05
</CP of DelSqRho>
<CP of DelSqRho>
CP# = 9       
Type = (3,-3)
Coords =  1.82418230382341E-01 -5.87614671793715E-02 -5.56144046821599E-07
DistFromNuc =  1.9164895200E-01
Rho =  1.4908782622E+01
DelSqRho =  6.3689317868E+02
GradDelSqRho = -7.6454398368E-12 -2.2168933356E-12 -3.1225022568E-17
HessDelSqRho_EigVals = -1.7472128035E+05 -8.6430889198E+02 -1.0014581640E+02
HessDelSqRho_EigVec1 =  9.5171803552E-01 -3.0697358331E-01 -2.2541385749E-06
HessDelSqRho_EigVec2 = -1.3344490812E-05 -4.8715368245E-05  9.9999999872E-01
HessDelSqRho_EigVec3 =  3.0697358303E-01  9.5171803428E-01  5.0459700728E-05
</CP of DelSqRho>
<CP of DelSqRho>
CP# = 10      
Type = (3,-3)
Coords = -9.18757893432333E-02  1.68368458891145E-01  2.53423706318106E-05
DistFromNuc =  1.9180484681E-01
Rho =  1.4889001444E+01
DelSqRho =  6.3482938023E+02
GradDelSqRho = -6.0538241087E-12  3.4248159864E-12 -5.8425486671E-15
HessDelSqRho_EigVals = -1.7326925776E+05 -7.9641873363E+02 -8.3885857862E+01
HessDelSqRho_EigVec1 = -4.7881942365E-01  8.7791340227E-01  1.3283156520E-04
HessDelSqRho_EigVec2 =  6.2470660854E-05 -1.1723183396E-04  9.9999999118E-01
HessDelSqRho_EigVec3 =  8.7791341010E-01  4.7881942772E-01  1.2890487553E-06
</CP of DelSqRho>
<CP of DelSqRho>
CP# = 11      
Type = (3,-1)
Coords =  8.52772864412166E-01  2.89994418767207E-02 -3.02096113991081E-05
DistFromNuc =  8.5326580080E-01
Rho =  3.6620788377E-01
DelSqRho = -1.2868055349E-01
GradDelSqRho = -8.8817841970E-16  6.6613381478E-16 -2.7105054312E-19
HessDelSqRho_EigVals = -9.0178348631E+00 -4.0026956843E+00  4.3490050490E+01
HessDelSqRho_EigVec1 = -3.3861180639E-02  9.9942654455E-01  4.9883820350E-05
HessDelSqRho_EigVec2 =  3.4708542683E-05 -4.8736496236E-05  9.9999999821E-01
HessDelSqRho_EigVec3 =  9.9942654520E-01  3.3861182310E-02 -3.3038363578E-05
</CP of DelSqRho>
<CP of DelSqRho>
CP# = 12      
Type = (3,+3)
Coords = -8.54297314965116E-01 -5.69967054444088E-03 -1.09225603569419E-06
DistFromNuc =  8.5431632818E-01
Rho =  4.8055113727E-01
DelSqRho = -2.0192631951E+00
GradDelSqRho =  4.2010839252E-13 -2.6645352591E-15  2.0003530082E-17
HessDelSqRho_EigVals =  9.7526399102E+00  1.5347293266E+01  4.4697069720E+01
HessDelSqRho_EigVec1 = -3.6315032494E-07 -5.9016490604E-05  9.9999999826E-01
HessDelSqRho_EigVec2 = -1.4362365418E-02  9.9989685417E-01  5.9005187704E-05
HessDelSqRho_EigVec3 =  9.9989685591E-01  1.4362365372E-02  1.2107292713E-06
</CP of DelSqRho>
<CP of DelSqRho>
CP# = 13      
Type = (3,-1)
Coords = -4.40412793231027E-01  7.36293301444478E-01  5.83011948639591E-05
DistFromNuc =  8.5795760827E-01
Rho =  3.5545181538E-01
DelSqRho = -1.5523829631E-01
GradDelSqRho = -1.8984813721E-13  6.5392136150E-13 -3.0532488430E-16
HessDelSqRho_EigVals = -8.1995910992E+00 -2.9160772129E+00  4.1618859155E+01
HessDelSqRho_EigVec1 =  8.5918772303E-01  5.1166048957E-01  1.3590142581E-06
HessDelSqRho_EigVec2 =  3.4465416779E-05 -6.0530914253E-05  9.9999999757E-01
HessDelSqRho_EigVec3 = -5.1166048841E-01  8.5918772090E-01  6.9642010413E-05
</CP of DelSqRho>
<CP of DelSqRho>
CP# = 14      
Type = (3,-1)
Coords = -4.26803267134719E-01 -7.41871516976545E-01 -3.46224860391829E-05
DistFromNuc =  8.5588222188E-01
Rho =  3.6134953952E-01
DelSqRho = -9.1725569501E-02
GradDelSqRho =  5.3512749787E-14  1.9984014443E-14  3.2187251996E-17
HessDelSqRho_EigVals = -8.5918797465E+00 -4.4141936635E+00  4.2149298127E+01
HessDelSqRho_EigVec1 =  8.6824167868E-01 -4.9614149695E-01 -4.9079889346E-05
HessDelSqRho_EigVec2 =  2.3553946630E-05 -5.7704044643E-05  9.9999999806E-01
HessDelSqRho_EigVec3 =  4.9614149882E-01  8.6824167815E-01  3.8414966247E-05
</CP of DelSqRho>
<CP of DelSqRho>
CP# = 15      
Type = (3,+1)
Coords = -4.83616469953471E-01 -3.60433674813250E-02  6.33962648276170E-01
DistFromNuc =  7.9818084026E-01
Rho =  4.5242756350E-01
DelSqRho = -1.1450465906E+00
GradDelSqRho = -5.3441695513E-12 -9.4302343712E-13  4.8814285947E-12
HessDelSqRho_EigVals = -4.1555390418E+00  5.0365189387E+00  6.9956986251E+01
HessDelSqRho_EigVec1 =  8.2576971192E-01 -6.0078654087E-02  5.6079848270E-01
HessDelSqRho_EigVec2 =  2.4206018557E-02  9.9716943196E-01  7.1184216131E-02
HessDelSqRho_EigVec3 = -5.6348775634E-01 -4.5207071169E-02  8.2488657958E-01
</CP of DelSqRho>
<CP of DelSqRho>
CP# = 16      
Type = (3,+1)
Coords = -4.83582421264137E-01 -3.59754642015176E-02 -6.33993114696925E-01
DistFromNuc =  7.9818134635E-01
Rho =  4.5242338894E-01
DelSqRho = -1.1449905100E+00
GradDelSqRho = -5.1212367680E-12 -9.2004182051E-13 -4.5776715751E-12
HessDelSqRho_EigVals = -4.1547246323E+00  5.0356874742E+00  6.9955278509E+01
HessDelSqRho_EigVec1 =  8.2579398264E-01 -6.0031602023E-02 -5.6076778170E-01
HessDelSqRho_EigVec2 =  2.4221130563E-02  9.9717636479E-01 -7.1081884707E-02
HessDelSqRho_EigVec3 =  5.6345153746E-01  4.5116563010E-02  8.2491627495E-01
</CP of DelSqRho>
<CP of DelSqRho>
CP# = 17      
Type = (3,+1)
Coords =  2.50508083912537E-01  4.02815018210391E-01  6.40750179150027E-01
DistFromNuc =  7.9722959747E-01
Rho =  4.5227818554E-01
DelSqRho = -1.1285645127E+00
GradDelSqRho =  1.7763568394E-15  8.8817841970E-16  1.2434497876E-14
HessDelSqRho_EigVals = -4.2154692035E+00  4.8484406307E+00  7.0035554014E+01
HessDelSqRho_EigVec1 =  3.5880388984E-01  7.5255815876E-01 -5.5219198321E-01
HessDelSqRho_EigVec2 = -8.8506894298E-01  4.6221851198E-01  5.4836241230E-02
HessDelSqRho_EigVec3 =  2.9650081754E-01  4.6905251825E-01  8.3191165416E-01
</CP of DelSqRho>
<CP of DelSqRho>
CP# = 18      
Type = (3,+1)
Coords =  2.50433470206852E-01  4.02821061589614E-01 -6.40776389497178E-01
DistFromNuc =  7.9723027539E-01
Rho =  4.5227427151E-01
DelSqRho = -1.1285093851E+00
GradDelSqRho =  6.8833827527E-15  9.7699626167E-15 -7.9936057773E-15
HessDelSqRho_EigVals = -4.2147289525E+00  4.8476165202E+00  7.0033787736E+01
HessDelSqRho_EigVec1 =  3.5885284373E-01  7.5255526989E-01  5.5216410813E-01
HessDelSqRho_EigVec2 = -8.8508077487E-01  4.6220776284E-01 -5.4735782835E-02
HessDelSqRho_EigVec3 = -2.9640623897E-01 -4.6906774536E-01  8.3193677150E-01
</CP of DelSqRho>
<CP of DelSqRho>
CP# = 19      
Type = (3,+3)
Coords =  4.37113862822760E-01 -7.11535648533009E-01 -8.27485046701877E-05
DistFromNuc =  8.3507575408E-01
Rho =  5.0009917197E-01
DelSqRho = -1.8815371601E+00
GradDelSqRho =  3.7747582837E-15  8.8817841970E-15 -1.8973538018E-18
HessDelSqRho_EigVals =  4.5254766904E+00  1.3538691020E+01  5.3905929894E+01
HessDelSqRho_EigVec1 =  4.9508566324E-05 -8.3841512377E-05  9.9999999526E-01
HessDelSqRho_EigVec2 =  8.5365006061E-01  5.2084697755E-01  1.4056076785E-06
HessDelSqRho_EigVec3 = -5.2084697520E-01  8.5365005649E-01  9.7357699255E-05
</CP of DelSqRho>
<CP of DelSqRho>
CP# = 20      
Type = (3,+3)
Coords =  4.16192568314366E-01  7.42549314981225E-01 -2.69307014490629E-07
DistFromNuc =  8.5123189502E-01
Rho =  4.8298506859E-01
DelSqRho = -2.0424615293E+00
GradDelSqRho =  1.3322676296E-15  6.8833827527E-15  2.7105054312E-20
HessDelSqRho_EigVals =  9.9828702356E+00  1.5463510123E+01  4.5623773919E+01
HessDelSqRho_EigVec1 =  5.0673178770E-05 -2.8751017180E-05  9.9999999830E-01
HessDelSqRho_EigVec2 =  8.7196353462E-01 -4.8957082317E-01 -5.8260823317E-05
HessDelSqRho_EigVec3 =  4.8957082402E-01  8.7196353609E-01  2.6172872169E-07
</CP of DelSqRho>
<CP of DelSqRho>
CP# = 21      
Type = (3,-3)
Coords =  1.29340461806393E+00  1.98965402200567E-02 -5.56779295172859E-05
DistFromNuc =  1.2935576452E+00
Rho =  1.5553243037E-01
DelSqRho =  5.0766885510E-01
GradDelSqRho =  1.1102230246E-16  1.3877787808E-16  0.0000000000E+00
HessDelSqRho_EigVals = -6.3723186337E+00 -9.9637600083E-01 -5.0476782247E-01
HessDelSqRho_EigVec1 =  9.9824547473E-01  5.9211241106E-02 -3.3140595980E-05
HessDelSqRho_EigVec2 = -5.9211239412E-02  9.9824547414E-01  4.9961849870E-05
HessDelSqRho_EigVec3 =  3.6040753086E-05 -4.7911894780E-05  9.9999999820E-01
</CP of DelSqRho>
<CP of DelSqRho>
CP# = 22      
Type = (3,-3)
Coords = -6.65387213983773E-01  1.11134579612493E+00  6.77705033785389E-05
DistFromNuc =  1.2953106298E+00
Rho =  1.5143681689E-01
DelSqRho =  4.4708714813E-01
GradDelSqRho =  2.2204460493E-16 -1.3322676296E-15  6.4238978720E-18
HessDelSqRho_EigVals = -6.1293976978E+00 -8.8779735610E-01 -3.0652789350E-01
HessDelSqRho_EigVec1 = -5.0822709080E-01  8.6122309575E-01  5.9436902576E-05
HessDelSqRho_EigVec2 =  8.6122309736E-01  5.0822709153E-01  3.1905070042E-06
HessDelSqRho_EigVec3 =  2.7459705806E-05 -5.2809935427E-05  9.9999999823E-01
</CP of DelSqRho>
<CP of DelSqRho>
CP# = 23      
Type = (3,-3)
Coords = -6.00780511135020E-01 -1.14058053970691E+00 -6.14771918994153E-05
DistFromNuc =  1.2891319536E+00
Rho =  1.5599922563E-01
DelSqRho =  5.1136833074E-01
GradDelSqRho = -1.2878587086E-14 -2.3481216971E-14  5.9478822963E-16
HessDelSqRho_EigVals = -6.4052921994E+00 -8.4574683071E-01 -6.3195038363E-01
HessDelSqRho_EigVec1 =  5.2384234043E-01  8.5181523878E-01  3.6924666784E-05
HessDelSqRho_EigVec2 =  8.5181523914E-01 -5.2384233828E-01 -5.4679538000E-05
HessDelSqRho_EigVec3 =  2.7234159930E-05 -6.0096451026E-05  9.9999999782E-01
</CP of DelSqRho>
<CP of DelSqRho>
CP# = 24      
Type = (3,-1)
Coords =  3.44176739597178E-01  7.34633554260643E-01  1.12267153030963E+00
DistFromNuc =  1.3851120720E+00
Rho =  1.4420290677E-01
DelSqRho =  3.0640056756E-01
GradDelSqRho =  2.8796409701E-16  1.5265566589E-16 -9.7144514655E-17
HessDelSqRho_EigVals = -5.1426891903E+00 -5.2194035845E-01  1.6910657061E-01
HessDelSqRho_EigVec1 =  1.9722546416E-01  4.5837131821E-01  8.6660132179E-01
HessDelSqRho_EigVec2 =  4.4437286110E-01  7.4614089051E-01 -4.9578879761E-01
HessDelSqRho_EigVec3 =  8.7386204667E-01 -4.8287628453E-01  5.6529790655E-02
</CP of DelSqRho>
<CP of DelSqRho>
CP# = 25      
Type = (3,-1)
Coords =  3.44053211780068E-01  7.34680220141707E-01 -1.12267099783765E+00
DistFromNuc =  1.3851057027E+00
Rho =  1.4420345495E-01
DelSqRho =  3.0640574124E-01
GradDelSqRho =  1.7347234760E-17 -7.0776717820E-16  7.6327832943E-16
HessDelSqRho_EigVals = -5.1428534731E+00 -5.2189625514E-01  1.6909663816E-01
HessDelSqRho_EigVec1 = -1.9713434160E-01 -4.5841497141E-01  8.6659896455E-01
HessDelSqRho_EigVec2 =  4.4442005451E-01  7.4611864503E-01  4.9577997407E-01
HessDelSqRho_EigVec3 =  8.7385860785E-01 -4.8286921783E-01 -5.6643198740E-02
</CP of DelSqRho>
<CP of DelSqRho>
CP# = 26      
Type = (3,-1)
Coords = -8.17010318869590E-01 -3.86571018836454E-02  1.12305985298979E+00
DistFromNuc =  1.3893392912E+00
Rho =  1.4474810674E-01
DelSqRho =  3.0129368859E-01
GradDelSqRho =  9.9920072216E-16 -6.2450045135E-17  3.3306690739E-16
HessDelSqRho_EigVals = -5.0594428668E+00 -5.3460912276E-01  1.6249792175E-01
HessDelSqRho_EigVec1 = -4.9855336737E-01 -2.6403705870E-02  8.6645679881E-01
HessDelSqRho_EigVec2 =  8.6681309269E-01 -2.5472224990E-02  4.9798215640E-01
HessDelSqRho_EigVec3 =  8.9220081368E-03  9.9932677842E-01  3.5586341487E-02
</CP of DelSqRho>
<CP of DelSqRho>
CP# = 27      
Type = (3,-1)
Coords = -8.16988834154584E-01 -3.85362563161578E-02 -1.12307164139101E+00
DistFromNuc =  1.3893328291E+00
Rho =  1.4474860203E-01
DelSqRho =  3.0129799996E-01
GradDelSqRho = -4.7184478547E-16 -1.3357370765E-16 -1.2490009027E-15
HessDelSqRho_EigVals = -5.0596024643E+00 -5.3455562655E-01  1.6248987255E-01
HessDelSqRho_EigVec1 =  4.9854607798E-01  2.6309692873E-02  8.6646385279E-01
HessDelSqRho_EigVec2 =  8.6681721575E-01 -2.5425623442E-02 -4.9797736109E-01
HessDelSqRho_EigVec3 =  8.9287522196E-03  9.9933044471E-01 -3.5481539571E-02
</CP of DelSqRho>
<CP of DelSqRho>
CP# = 28      
Type = (3,+1)
Coords =  6.93131922566839E-01 -1.11851877794289E+00 -1.31822515619472E-04
DistFromNuc =  1.3158708660E+00
Rho =  3.5048181927E-01
DelSqRho = -9.2081337836E-01
GradDelSqRho =  5.2210458179E-12 -7.8284323468E-12 -7.2131970535E-16
HessDelSqRho_EigVals = -8.2328558000E+00  6.1223937139E+00  8.8399031604E+00
HessDelSqRho_EigVec1 = -5.3041326117E-01  8.4773920645E-01  1.0104587304E-04
HessDelSqRho_EigVec2 =  5.5164659228E-05 -8.4679114961E-05  9.9999999489E-01
HessDelSqRho_EigVec3 =  8.4773921068E-01  5.3041326404E-01 -1.8503189184E-06
</CP of DelSqRho>
<CP of DelSqRho>
CP# = 29      
Type = (3,-1)
Coords =  1.72734927933745E+00 -6.65922437182627E-01 -1.25614111061258E-04
DistFromNuc =  1.8512666585E+00
Rho =  9.6174927975E-02
DelSqRho =  3.5357183226E-01
GradDelSqRho = -6.1062266354E-16  3.6082248300E-16  1.3552527156E-20
HessDelSqRho_EigVals = -2.3264683834E+00 -3.4399123755E-01  8.3060483757E-01
HessDelSqRho_EigVec1 =  6.4833869626E-01  7.6135204287E-01  4.1905925959E-05
HessDelSqRho_EigVec2 =  3.5612249819E-05 -8.5367506407E-05  9.9999999572E-01
HessDelSqRho_EigVec3 =  7.6135204319E-01 -6.4833869199E-01 -8.2460516957E-05
</CP of DelSqRho>
<CP of DelSqRho>
CP# = 30      
Type = (3,+1)
Coords =  7.70643817023668E-01 -1.36842080315066E+00  1.31851966623825E+00
DistFromNuc =  2.0506002774E+00
Rho =  7.9975244550E-02
DelSqRho =  1.6092445366E-01
GradDelSqRho =  6.2450045135E-17  7.2858385991E-17  3.3306690739E-16
HessDelSqRho_EigVals = -1.2012910461E+00  1.5340844748E-01  1.6806490978E-01
HessDelSqRho_EigVec1 = -1.7970212669E-01  1.8848885399E-01  9.6549422452E-01
HessDelSqRho_EigVec2 =  7.2150494367E-01  6.9240871702E-01 -8.8592220118E-04
HessDelSqRho_EigVec3 = -6.6868360375E-01  6.9644965397E-01 -2.6042295897E-01
</CP of DelSqRho>
<CP of DelSqRho>
CP# = 31      
Type = (3,+1)
Coords =  7.70516811784802E-01 -1.36821855735229E+00 -1.31884248021099E+00
DistFromNuc =  2.0506251889E+00
Rho =  7.9973401800E-02
DelSqRho =  1.6091572702E-01
GradDelSqRho =  7.6327832943E-17 -1.6306400674E-16  1.8041124150E-16
HessDelSqRho_EigVals = -1.2012471547E+00  1.5340253118E-01  1.6803695543E-01
HessDelSqRho_EigVec1 =  1.7979636268E-01 -1.8864181949E-01  9.6544680429E-01
HessDelSqRho_EigVec2 =  7.2132944431E-01  6.9259139865E-01  9.9362411585E-04
HessDelSqRho_EigVec3 = -6.6884759157E-01  6.9622655684E-01  2.6059831313E-01
</CP of DelSqRho>
<Path of -GradDelSqRho>
Starting CP# =      2
Ending CP# =     12
Number of Points =     15
 -1.2093262802E+00 -2.3187232667E-03 -9.3674699850E-07  3.7119786104E-01 -1.3541732640E+00
 -1.1843263889E+00 -2.3924435991E-03 -9.5168104211E-07  3.7603824042E-01 -1.3617173087E+00
 -1.1593264966E+00 -2.4658237387E-03 -9.6530984533E-07  3.8142469517E-01 -1.3833029725E+00
 -1.1343266048E+00 -2.5393951874E-03 -9.7762744647E-07  3.8733585097E-01 -1.4173469048E+00
 -1.1093267159E+00 -2.6138976887E-03 -9.8863337650E-07  3.9374667961E-01 -1.4622234904E+00
 -1.0843268327E+00 -2.6903408482E-03 -9.9833081380E-07  4.0062901222E-01 -1.5162240334E+00
 -1.0593269600E+00 -2.7700990349E-03 -1.0067258577E-06  4.0795210413E-01 -1.5775070647E+00
 -1.0343271044E+00 -2.8550666356E-03 -1.0138294163E-06  4.1568329430E-01 -1.6440433996E+00
 -1.0093272771E+00 -2.9479272225E-03 -1.0196643396E-06  4.2378880693E-01 -1.7135586320E+00
 -9.8432749676E-01 -3.0526522398E-03 -1.0242832109E-06  4.3223474698E-01 -1.7834744883E+00
 -9.5932779947E-01 -3.1755084370E-03 -1.0278094420E-06  4.4098834397E-01 -1.8508481351E+00
 -9.3432826291E-01 -3.3273580502E-03 -1.0305363922E-06  4.5001950229E-01 -1.9123041561E+00
 -9.0932909194E-01 -3.5299890148E-03 -1.0332034675E-06  4.5930271418E-01 -1.9639461024E+00
 -8.8433106253E-01 -3.8402668023E-03 -1.0380371255E-06  4.6881931791E-01 -2.0012215545E+00
 -8.5429731497E-01 -5.6996705444E-03 -1.0922560357E-06  4.8055113727E-01 -2.0192631951E+00
</Path of -GradDelSqRho>
<Path of -GradDelSqRho>
Starting CP# =      2
Ending CP# =      0
Number of Points =     29
 -1.2093262802E+00 -2.3187232667E-03 -9.3674699850E-07  3.7119786104E-01 -1.3541732640E+00
 -1.2343261695E+00 -2.2443238127E-03 -9.2056268332E-07  3.6692077934E-01 -1.3622389508E+00
 -1.2593260560E+00 -2.1689924838E-03 -9.0311048194E-07  3.6321955554E-01 -1.3874731756E+00
 -1.2843259393E+00 -2.0926013764E-03 -8.8442801818E-07  3.6010155233E-01 -1.4313986006E+00
 -1.3093258192E+00 -2.0151108986E-03 -8.6457027393E-07  3.5756838251E-01 -1.4954234134E+00
 -1.3343256957E+00 -1.9365521748E-03 -8.4361511032E-07  3.5561538354E-01 -1.5806834427E+00
 -1.3593255692E+00 -1.8570125753E-03 -8.2167136724E-07  3.5423121981E-01 -1.6877684590E+00
 -1.3843254400E+00 -1.7766247892E-03 -7.9889122678E-07  3.5339780154E-01 -1.8162987253E+00
 -1.4093253085E+00 -1.6955604060E-03 -7.7548938600E-07  3.5309083168E-01 -1.9643488287E+00
 -1.4343251756E+00 -1.6140297317E-03 -7.5177342801E-07  3.5328143966E-01 -2.1278016417E+00
 -1.4593250420E+00 -1.5322902091E-03 -7.2819223353E-07  3.5393948969E-01 -2.2998806265E+00
 -1.4843249087E+00 -1.4506640159E-03 -7.0540710393E-07  3.5503916786E-01 -2.4713528902E+00
 -1.5093247771E+00 -1.3695481073E-03 -6.8435050058E-07  3.5656720889E-01 -2.6321556306E+00
 -1.5343246483E+00 -1.2893082685E-03 -6.6600156901E-07  3.5853344318E-01 -2.7753186210E+00
 -1.5593245215E+00 -1.2096665980E-03 -6.4981548555E-07  3.6098210769E-01 -2.9037980038E+00
 -1.5843243898E+00 -1.1285421068E-03 -6.3041611619E-07  3.6400064021E-01 -3.0399810158E+00
 -1.6093242450E+00 -1.0434480822E-03 -6.0074961271E-07  3.6772085905E-01 -3.2361389518E+00
 -1.6343240873E+00 -9.5465078806E-04 -5.6084434385E-07  3.7230628026E-01 -3.5823158091E+00
 -1.6593239219E+00 -8.6372147748E-04 -5.1458526273E-07  3.7791981937E-01 -4.2066866418E+00
 -1.6843237528E+00 -7.7175605907E-04 -4.6484201447E-07  3.8466914346E-01 -5.2630338432E+00
 -1.7093235819E+00 -6.7932258962E-04 -4.1313476028E-07  3.9253287197E-01 -6.9012798222E+00
 -1.7343234103E+00 -5.8671092474E-04 -3.6023928408E-07  4.0127924890E-01 -9.2205878601E+00
 -1.7593232387E+00 -4.9407951365E-04 -3.0656641625E-07  4.1039824010E-01 -1.2211161300E+01
 -1.7843230674E+00 -4.0152590430E-04 -2.5234519818E-07  4.1907505693E-01 -1.5700548565E+01
 -1.8093228966E+00 -3.0912426942E-04 -1.9771104654E-07  4.2623298304E-01 -1.9329852121E+01
 -1.8343227267E+00 -2.1695554470E-04 -1.4275218253E-07  4.3066100092E-01 -2.2586906051E+01
 -1.8593225582E+00 -1.2516239971E-04 -8.7543252511E-08  4.3121570735E-01 -2.4908424202E+01
 -1.8843223931E+00 -3.4297292002E-05 -3.2242219479E-08  4.2705420642E-01 -2.5831059208E+01
 -1.8855723855E+00 -2.9932235563E-05 -2.9513968597E-08  4.2671365225E-01 -2.5835240365E+01
</Path of -GradDelSqRho>
<Path of -GradDelSqRho>
Starting CP# =      4
Ending CP# =      0
Number of Points =     29
  5.9438090998E-01  1.0590394146E+00 -4.7998021264E-07  3.6890278506E-01 -1.3428041709E+00
  6.0666030978E-01  1.0808159235E+00 -4.7378385772E-07  3.6456600236E-01 -1.3508215226E+00
  6.1894255470E-01  1.1025908278E+00 -4.6686357677E-07  3.6080637978E-01 -1.3758763306E+00
  6.3122760496E-01  1.1243641495E+00 -4.5925201107E-07  3.5763048393E-01 -1.4194454665E+00
  6.4351537464E-01  1.1461359367E+00 -4.5098599892E-07  3.5503923248E-01 -1.4829001313E+00
  6.5580572164E-01  1.1679062690E+00 -4.4211262690E-07  3.5302738240E-01 -1.5673504651E+00
  6.6809843140E-01  1.1896752673E+00 -4.3269674755E-07  3.5158313932E-01 -1.6733762476E+00
  6.8039319088E-01  1.2114431080E+00 -4.2283120454E-07  3.5068807355E-01 -1.8006099622E+00
  6.9268954787E-01  1.2332100463E+00 -4.1265162183E-07  3.5031764907E-01 -1.9471684243E+00
  7.0498684649E-01  1.2549764527E+00 -4.0235891918E-07  3.5044281736E-01 -2.1090128605E+00
  7.1728412469E-01  1.2767428706E+00 -3.9225451636E-07  3.5103325587E-01 -2.2794793919E+00
  7.2957996360E-01  1.2985101016E+00 -3.8279200418E-07  3.5206285072E-01 -2.4494623334E+00
  7.4187236176E-01  1.3202792758E+00 -3.7462243690E-07  3.5351778780E-01 -2.6089908443E+00
  7.5415920125E-01  1.3420515878E+00 -3.6844876340E-07  3.5540695209E-01 -2.7510623959E+00
  7.6644155445E-01  1.3638264311E+00 -3.6394623993E-07  3.5777312033E-01 -2.8783504619E+00
  7.7873080614E-01  1.3855973811E+00 -3.5739046347E-07  3.6070173699E-01 -3.0125687767E+00
  7.9104224092E-01  1.4073557933E+00 -3.4369327437E-07  3.6432226954E-01 -3.2048178068E+00
  8.0337601165E-01  1.4291015530E+00 -3.2271809937E-07  3.6879596244E-01 -3.5434689397E+00
  8.1572374845E-01  1.4508393860E+00 -2.9718882040E-07  3.7428426092E-01 -4.1546916821E+00
  8.2807921782E-01  1.4725728251E+00 -2.6915851031E-07  3.8089513570E-01 -5.1903264410E+00
  8.4043911818E-01  1.4943037446E+00 -2.3972148032E-07  3.8861035354E-01 -6.7990508473E+00
  8.5280177009E-01  1.5160330988E+00 -2.0943773256E-07  3.9720502804E-01 -9.0802769118E+00
  8.6516628917E-01  1.5377613907E+00 -1.7860442056E-07  4.0618001602E-01 -1.2026700554E+01
  8.7753218685E-01  1.5594888980E+00 -1.4738750515E-07  4.1473476721E-01 -1.5470946925E+01
  8.8989917908E-01  1.5812157824E+00 -1.1588520091E-07  4.2180828088E-01 -1.9061285816E+01
  9.0226708786E-01  1.6029421450E+00 -8.4161336299E-08  4.2620382575E-01 -2.2293261595E+01
  9.1463577674E-01  1.6246680635E+00 -5.2269179652E-08  4.2678757902E-01 -2.4609535489E+01
  9.2700500607E-01  1.6463936743E+00 -2.0315841691E-08  4.2271891964E-01 -2.5548764418E+01
  9.2762334266E-01  1.6474800260E+00 -1.8780855135E-08  4.2238460931E-01 -2.5554316647E+01
</Path of -GradDelSqRho>
<Path of -GradDelSqRho>
Starting CP# =      4
Ending CP# =     20
Number of Points =     15
  5.9438090998E-01  1.0590394146E+00 -4.7998021264E-07  3.6890278506E-01 -1.3428041709E+00
  5.8210426652E-01  1.0372613516E+00 -4.8544408232E-07  3.7380504602E-01 -1.3503189284E+00
  5.6983043228E-01  1.0154817054E+00 -4.9011199896E-07  3.7925650053E-01 -1.3718584972E+00
  5.5755933557E-01  9.9370051658E-01 -4.9393252042E-07  3.8523674357E-01 -1.4059078016E+00
  5.4529087129E-01  9.7191784494E-01 -4.9683598998E-07  3.9172171548E-01 -1.4509172099E+00
  5.3302490258E-01  9.5013376794E-01 -4.9872701344E-07  3.9868417743E-01 -1.5052619477E+00
  5.2076126242E-01  9.2834837996E-01 -4.9947519653E-07  4.0609423247E-01 -1.5671925394E+00
  5.0849975446E-01  9.0656179183E-01 -4.9890320233E-07  4.1391993438E-01 -1.6347799089E+00
  4.9624015182E-01  8.8477413150E-01 -4.9677002140E-07  4.2212803173E-01 -1.7058579450E+00
  4.8398219164E-01  8.6298554706E-01 -4.9274475778E-07  4.3068489785E-01 -1.7779652536E+00
  4.7172556038E-01  8.4119621503E-01 -4.8635955984E-07  4.3955770116E-01 -1.8482857907E+00
  4.5946985702E-01  8.1940636109E-01 -4.7691045983E-07  4.4871587524E-01 -1.9135841932E+00
  4.4721449215E-01  7.9761631676E-01 -4.6320240327E-07  4.5813295643E-01 -1.9701245797E+00
  4.3495833880E-01  7.7582671592E-01 -4.4267079072E-07  4.6778887450E-01 -2.0135495509E+00
  4.1619256831E-01  7.4254931498E-01 -2.6930701449E-07  4.8298506859E-01 -2.0424615293E+00
</Path of -GradDelSqRho>
<Path of -GradDelSqRho>
Starting CP# =      6
Ending CP# =     19
Number of Points =     75
 -5.4900491494E-03  3.7139517663E-03  1.9182622977E-01  1.4949872309E+01  6.2070339089E+02
 -6.1952614370E-03  4.1903348028E-03  2.1681174022E-01  1.0825677634E+01  5.8638930257E+02
 -6.8978464183E-03  4.6643563603E-03  2.4179736964E-01  7.8849541157E+00  5.1719962090E+02
 -7.5995394599E-03  5.1372346287E-03  2.6678304580E-01  5.7904086204E+00  4.3061405593E+02
 -8.3002828410E-03  5.6088355982E-03  2.9176877274E-01  4.3031252366E+00  3.4017590603E+02
 -8.9991999784E-03  6.0782745993E-03  3.1675459153E-01  3.2489964130E+00  2.5854602262E+02
 -9.6951480410E-03  6.5442980437E-03  3.4174055711E-01  2.5015178987E+00  1.9201708423E+02
 -1.0386809850E-02  7.0053326832E-03  3.6672673421E-01  1.9702792265E+00  1.4091986064E+02
 -1.1072766735E-02  7.4595398876E-03  3.9171319355E-01  1.5915200331E+00  1.0268001901E+02
 -1.1751599558E-02  7.9049100204E-03  4.1670000644E-01  1.3204445895E+00  7.4214383091E+01
 -1.2421901757E-02  8.3392636536E-03  4.4168724343E-01  1.1254504739E+00  5.2981167370E+01
 -1.3082117401E-02  8.7600351987E-03  4.6667498118E-01  9.8409019483E-01  3.7151735303E+01
 -1.3730237137E-02  9.1638403492E-03  4.9166331520E-01  8.8034970871E-01  2.5442123934E+01
 -1.4363423472E-02  9.5458823377E-03  5.1665237370E-01  8.0281554956E-01  1.6909054260E+01
 -1.4977570088E-02  9.8991777324E-03  5.4164232920E-01  7.4340518489E-01  1.0814357328E+01
 -1.5566718359E-02  1.0213468203E-02  5.6663340529E-01  6.9645367640E-01  6.5589281093E+00
 -1.6122189644E-02  1.0473566660E-02  5.9162587082E-01  6.5803827991E-01  3.6567773342E+00
 -1.6631197774E-02  1.0656697867E-02  6.1661999864E-01  6.2547478969E-01  1.7235081113E+00
 -1.7074477295E-02  1.0727957303E-02  6.4161592635E-01  5.9694526493E-01  4.6586272067E-01
 -1.7421825945E-02  1.0631825588E-02  6.6661323586E-01  5.7122839624E-01 -3.3144638909E-01
 -1.7622464853E-02  1.0273975399E-02  6.9160963312E-01  5.4750980829E-01 -8.2077142056E-01
 -1.7579655447E-02  9.4737464405E-03  7.1659604531E-01  5.2525564041E-01 -1.1064304540E+00
 -1.7061194231E-02  7.7974675996E-03  7.4153082511E-01  5.0415091418E-01 -1.2579458913E+00
 -1.5147344844E-02  3.5364784808E-03  7.6603559864E-01  4.8432354453E-01 -1.3212252543E+00
 -6.3197704824E-03 -1.3241731332E-02  7.7887151663E-01  4.7469015172E-01 -1.3363762103E+00
  5.6386516362E-03 -3.5180121431E-02  7.7817318327E-01  4.7544619516E-01 -1.3455251143E+00
  1.7774371135E-02 -5.6978682793E-02  7.7659104662E-01  4.7621973439E-01 -1.3535355860E+00
  3.0118434821E-02 -7.8599388092E-02  7.7432757198E-01  4.7685748082E-01 -1.3604925362E+00
  4.2687858282E-02 -1.0000702559E-01  7.7138217443E-01  4.7736827535E-01 -1.3664884867E+00
  5.5475600673E-02 -1.2117921870E-01  7.6775385463E-01  4.7776227109E-01 -1.3716232245E+00
  6.8444385707E-02 -1.4211167262E-01  7.6344137996E-01  4.7805044712E-01 -1.3760023316E+00
  8.1528337649E-02 -1.6281878389E-01  7.5844315198E-01  4.7824444658E-01 -1.3797358447E+00
  9.4645608666E-02 -1.8332651379E-01  7.5275738499E-01  4.7835648054E-01 -1.3829372195E+00
  1.0771884017E-01 -2.0365903591E-01  7.4638268077E-01  4.7839928844E-01 -1.3857225547E+00
  1.2069258674E-01 -2.2382680092E-01  7.3931866994E-01  4.7838608790E-01 -1.3882098836E+00
  1.3353708692E-01 -2.4382369306E-01  7.3156627589E-01  4.7833044839E-01 -1.3905184179E+00
  1.4623944105E-01 -2.6363264678E-01  7.2312758418E-01  4.7824609406E-01 -1.3927677775E+00
  1.5879282831E-01 -2.8323260047E-01  7.1400564650E-01  4.7814669093E-01 -1.3950772596E+00
  1.7119073540E-01 -3.0260223633E-01  7.0420441785E-01  4.7804565377E-01 -1.3975651636E+00
  1.8342549048E-01 -3.2172098831E-01  6.9372879819E-01  4.7795597211E-01 -1.4003481531E+00
  1.9548838689E-01 -3.4056905913E-01  6.8258470318E-01  4.7789004585E-01 -1.4035406317E+00
  2.0737004385E-01 -3.5912730103E-01  6.7077912760E-01  4.7785952741E-01 -1.4072541009E+00
  2.1906069365E-01 -3.7737715145E-01  6.5832019148E-01  4.7787517141E-01 -1.4115964668E+00
  2.3055038699E-01 -3.9530062360E-01  6.4521716601E-01  4.7794669413E-01 -1.4166712585E+00
  2.4182914476E-01 -4.1288032904E-01  6.3148047801E-01  4.7808264516E-01 -1.4225767246E+00
  2.5288707495E-01 -4.3009951479E-01  6.1712169156E-01  4.7829029309E-01 -1.4294047745E+00
  2.6371446449E-01 -4.4694210334E-01  6.0215346666E-01  4.7857552716E-01 -1.4372397418E+00
  2.7430185022E-01 -4.6339272722E-01  5.8658949536E-01  4.7894277608E-01 -1.4461569538E+00
  2.8464007077E-01 -4.7943675192E-01  5.7044441709E-01  4.7939494501E-01 -1.4562211049E+00
  2.9472029972E-01 -4.9506028229E-01  5.5373371561E-01  4.7993337131E-01 -1.4674844481E+00
  3.0453405980E-01 -5.1025014900E-01  5.3647360144E-01  4.8055779947E-01 -1.4799848325E+00
  3.1407321795E-01 -5.2499387242E-01  5.1868088363E-01  4.8126637534E-01 -1.4937436340E+00
  3.2332996091E-01 -5.3927960233E-01  5.0037283588E-01  4.8205565969E-01 -1.5087636427E+00
  3.3229675147E-01 -5.5309603276E-01  4.8156706166E-01  4.8292066136E-01 -1.5250269842E+00
  3.4096626565E-01 -5.6643229176E-01  4.6228136331E-01  4.8385489038E-01 -1.5424931688E+00
  3.4933131093E-01 -5.7927780631E-01  4.4253361987E-01  4.8485043149E-01 -1.5610973659E+00
  3.5738472631E-01 -5.9162214324E-01  4.2234167794E-01  4.8589803911E-01 -1.5807490133E+00
  3.6511926437E-01 -6.0345482678E-01  4.0172326004E-01  4.8698725492E-01 -1.6013308651E+00
  3.7252745600E-01 -6.1476513376E-01  3.8069589429E-01  4.8810654953E-01 -1.6226985830E+00
  3.7960145803E-01 -6.2554186772E-01  3.5927686991E-01  4.8924348983E-01 -1.6446809630E+00
  3.8633288446E-01 -6.3577311347E-01  3.3748322290E-01  4.9038493372E-01 -1.6670808776E+00
  3.9271262201E-01 -6.4544597476E-01  3.1533175727E-01  4.9151725348E-01 -1.6896769953E+00
  3.9873063189E-01 -6.5454629946E-01  2.9283910818E-01  4.9262658886E-01 -1.7122263166E+00
  4.0437574098E-01 -6.6305839982E-01  2.7002185481E-01  4.9369912946E-01 -1.7344675422E+00
  4.0963542851E-01 -6.7096478077E-01  2.4689669237E-01  4.9472142461E-01 -1.7561252618E+00
  4.1449561893E-01 -6.7824589730E-01  2.2348067429E-01  4.9568071592E-01 -1.7769149216E+00
  4.1894049842E-01 -6.8487997493E-01  1.9979153594E-01  4.9656528330E-01 -1.7965484985E+00
  4.2295238305E-01 -6.9084294519E-01  1.7584810984E-01  4.9736478859E-01 -1.8147407752E+00
  4.2651168022E-01 -6.9610857280E-01  1.5167083566E-01  4.9807059112E-01 -1.8312160706E+00
  4.2959700211E-01 -7.0064888102E-01  1.2728235385E-01  4.9867599698E-01 -1.8457152422E+00
  4.3218550541E-01 -7.0443501013E-01  1.0270814359E-01  4.9917638871E-01 -1.8580027290E+00
  4.3425353665E-01 -7.0743865591E-01  7.7977121162E-02  4.9956917071E-01 -1.8678733571E+00
  4.3577763468E-01 -7.0963419590E-01  5.3122054674E-02  4.9985346872E-01 -1.8751585927E+00
  4.3673584919E-01 -7.1100147224E-01  2.8179594352E-02  5.0002956216E-01 -1.8797319063E+00
  4.3711386282E-01 -7.1153564853E-01 -8.2748504670E-05  5.0009917197E-01 -1.8815371601E+00
</Path of -GradDelSqRho>
<Path of -GradDelSqRho>
Starting CP# =      6
Ending CP# =      1
Number of Points =      8
 -5.4900491494E-03  3.7139517663E-03  1.9182622977E-01  1.4949872309E+01  6.2070339089E+02
 -4.7809019546E-03  3.2344521608E-03  1.6684089030E-01  2.0755495612E+01  5.2454199751E+02
 -4.0686219490E-03  2.7526009711E-03  1.4185568516E-01  2.8975411648E+01 -8.5730678019E+01
 -3.3547967741E-03  2.2696164101E-03  1.1687054599E-01  4.0600615105E+01 -1.9444825650E+03
 -2.6401750299E-03  1.7860510923E-03  9.1885440818E-02  5.6964670491E+01 -5.8683898866E+03
 -1.9239385674E-03  1.3014268521E-03  6.6900402410E-02  8.0291221552E+01 -1.7670704519E+04
 -1.2064259104E-03  8.1599370580E-04  4.1915416315E-02  1.1329118980E+02 -5.0648567149E+04
 -2.5693428435E-08  1.4602198902E-08 -5.5984644874E-11  1.9584956384E+02 -1.6569298566E+06
</Path of -GradDelSqRho>
<Path of -GradDelSqRho>
Starting CP# =      7
Ending CP# =      1
Number of Points =      8
 -5.5035173766E-03  3.7390326194E-03 -1.9182567066E-01  1.4949833342E+01  6.2070017759E+02
 -4.7926164369E-03  3.2562666146E-03 -1.6684044393E-01  2.0755436018E+01  5.2454039074E+02
 -4.0785830449E-03  2.7711492421E-03 -1.4185535204E-01  2.8975320003E+01 -8.5723703671E+01
 -3.3630046572E-03  2.2848986079E-03 -1.1687032637E-01  4.0600476104E+01 -1.9444580769E+03
 -2.6466297994E-03  1.7980672817E-03 -9.1885334830E-02  5.6964461152E+01 -5.8683293392E+03
 -1.9286404442E-03  1.3101771875E-03 -6.6900410293E-02  8.0290904134E+01 -1.7670453712E+04
 -1.2093750489E-03  8.2147829897E-04 -4.1915538258E-02  1.1329072472E+02 -5.0647939387E+04
 -2.5693428435E-08  1.4602198902E-08 -5.5984644874E-11  1.9584956384E+02 -1.6569298566E+06
</Path of -GradDelSqRho>
<Path of -GradDelSqRho>
Starting CP# =      7
Ending CP# =     19
Number of Points =     75
 -5.5035173766E-03  3.7390326194E-03 -1.9182567066E-01  1.4949833342E+01  6.2070017759E+02
 -6.2104838836E-03  4.2186823289E-03 -2.1681106904E-01  1.0825651580E+01  5.8638653557E+02
 -6.9148234317E-03  4.6959707470E-03 -2.4179658687E-01  7.8849360589E+00  5.1719740527E+02
 -7.6182711499E-03  5.1721159216E-03 -2.6678215165E-01  5.7903953813E+00  4.3061228868E+02
 -8.3207692925E-03  5.6469838296E-03 -2.9176776744E-01  4.3031146970E+00  3.4017456941E+02
 -9.0214413624E-03  6.1196898537E-03 -3.1675347548E-01  3.2489871653E+00  2.5854510307E+02
 -9.7191446424E-03  6.5889804747E-03 -3.4173933096E-01  2.5015090428E+00  1.9201653098E+02
 -1.0412562079E-02  7.0532825232E-03 -3.6672539890E-01  1.9702702255E+00  1.4091960044E+02
 -1.1100275129E-02  7.5107574530E-03 -3.9171175035E-01  1.5915106017E+00  1.0267997857E+02
 -1.1780864778E-02  7.9593957098E-03 -4.1669845698E-01  1.3204346106E+00  7.4214500276E+01
 -1.2452924573E-02  8.3970179437E-03 -4.4168558973E-01  1.1254399388E+00  5.2981392961E+01
 -1.3114898707E-02  8.8210586462E-03 -4.6667322568E-01  9.8407916212E-01  3.7152030976E+01
 -1.3764777984E-02  9.2281336112E-03 -4.9166146095E-01  8.8033827500E-01  2.5442459947E+01
 -1.4399725139E-02  9.6134462161E-03 -5.1665042456E-01  8.0280382954E-01  1.6909407856E+01
 -1.5015634193E-02  9.9700132545E-03 -5.4164029021E-01  7.4339329749E-01  1.0814711708E+01
 -1.5606547028E-02  1.0287576762E-02 -5.6663128328E-01  6.9644173567E-01  6.5592716018E+00
 -1.6163785788E-02  1.0550950267E-02 -5.9162367516E-01  6.5802638940E-01  3.6571025277E+00
 -1.6674565555E-02  1.0737359651E-02 -6.1661774260E-01  6.2546303954E-01  1.7238109310E+00
 -1.7119622996E-02  1.0811902549E-02 -6.4161362915E-01  5.9693373083E-01  4.6614152415E-01
 -1.7468759766E-02  1.0719064119E-02 -6.6661092621E-01  5.7121713949E-01 -3.3119161093E-01
 -1.7671205178E-02  1.0364527750E-02 -6.9160735618E-01  5.4749887602E-01 -8.2053968212E-01
 -1.7630241377E-02  9.5676632188E-03 -7.1659387921E-01  5.2524506404E-01 -1.1062202365E+00
