 AIMInt (Version 19.10.12, Professional)
 Portions Copyright (c) 1997-2019 by Todd A. Keith
 AIMInt is a component of the AIMAll package ( http://aim.tkgristmill.com )

 TP:  64-bit Mac OS X

 AIMInt is a heavily modified and extended version of the PROAIMV program
 developed by members of R.F.W. Bader's research group

 Much of the Quantum Theory of Atoms in Molecules (QTAIM) is described in the book:
   "Atoms in Molecules - A Quantum Theory"
   R.F.W. Bader, Oxford University Press, Oxford, 1990

 For additional references see:  http://aim.tkgristmill.com/references.html

 Current Directory:  /Users/chemlab/Documents/SubstituentCoding/BCP Map Reference/BCPMapReference

 Inp File:  SubH_SMeONH_wb97xd_aug-cc-pvtz_reor_atomicfiles/c6.inp
 Wfx File:  SubH_SMeONH_wb97xd_aug-cc-pvtz_reor.wfx
 Out File:  SubH_SMeONH_wb97xd_aug-cc-pvtz_reor_atomicfiles/c6.int

 Wfx Title:   Title Card Required                                                           
 Job Title:   Title Card Required                                                           
 
<Atom>
C6      
</Atom>
<Nuclei of Molecule>
     9
S1        16.0           0.0000000000E+00   0.0000000000E+00   0.0000000000E+00
H2         1.0          -2.5939193368E+00   0.0000000000E+00   0.0000000000E+00
N3         7.0           1.0860539497E+00  -8.7289378769E-01   2.5229109879E+00
H4         1.0           8.9558845358E-01  -2.7673735183E+00   2.7432587232E+00
O5         8.0           6.8529217154E-01  -1.1012076635E+00  -2.4254710398E+00
C6         6.0           5.6008080825E-01   3.3020582972E+00   0.0000000000E+00
H7         1.0          -2.6956187276E-01   4.0807501824E+00  -1.7092398942E+00
H8         1.0          -2.5569128301E-01   4.1176092905E+00   1.6971360094E+00
H9         1.0           2.6019827982E+00   3.5323686686E+00  -5.7640615224E-03
</Nuclei of Molecule>
<Total Number of CPs of DelSqRho>
    38
</Total Number of CPs of DelSqRho>
<Number of (3,+3) CPs of DelSqRho>
     5
</Number of (3,+3) CPs of DelSqRho>
<Number of (3,+1) CPs of DelSqRho>
    13
</Number of (3,+1) CPs of DelSqRho>
<Number of (3,-1) CPs of DelSqRho>
    14
</Number of (3,-1) CPs of DelSqRho>
<Number of (3,-3) CPs of DelSqRho>
     6
</Number of (3,-3) CPs of DelSqRho>
<Number of Degenerate CPs of DelSqRho>
     0
</Number of Degenerate CPs of DelSqRho>
<CP of DelSqRho>
CP# = 1       
Type = (3,+3)
Coords =  5.60080764348695E-01  3.30205812849177E+00 -5.57303329550562E-09
DistFromNuc =  1.7440239518E-07
Rho =  1.2094616019E+02
DelSqRho = -7.4478967318E+05
GradDelSqRho =  8.1075768321E-07 -1.6440681065E-06 -1.5916157281E-12
HessDelSqRho_EigVals =  1.5955926236E+10  1.5955926286E+10  1.5955926646E+10
HessDelSqRho_EigVec1 =  5.4719256687E-01 -7.6392918753E-02  8.3351329727E-01
HessDelSqRho_EigVec2 =  8.2309774546E-01 -1.3167638846E-01 -5.5242323461E-01
HessDelSqRho_EigVec3 =  1.5195524400E-01  9.8834480354E-01 -9.1735018046E-03
</CP of DelSqRho>
<CP of DelSqRho>
CP# = 2       
Type = (3,+1)
Coords =  3.03146109906477E-01  1.82595511409308E+00  5.84570332458119E-03
DistFromNuc =  1.4983091198E+00
Rho =  2.1355122578E-01
DelSqRho = -4.4541798434E-01
GradDelSqRho =  3.1918911958E-16 -4.0245584643E-16 -9.7144514655E-17
HessDelSqRho_EigVals = -4.2633871397E+00  2.7161432971E+00  2.8294378057E+00
HessDelSqRho_EigVec1 =  1.6641084146E-01  9.8605576923E-01  1.2049074572E-03
HessDelSqRho_EigVec2 =  9.6877627988E-01 -1.6326667827E-01 -1.8659183075E-01
HessDelSqRho_EigVec3 =  1.8379322997E-01 -3.2218189330E-02  9.8243678519E-01
</CP of DelSqRho>
<CP of DelSqRho>
CP# = 3       
Type = (3,+1)
Coords =  3.21776182986762E-02  3.78987149500615E+00 -1.08105463466631E+00
DistFromNuc =  1.2981997601E+00
Rho =  2.8850130528E-01
DelSqRho = -1.1258800953E+00
GradDelSqRho = -1.6653345369E-16  6.8001160258E-16  5.8286708793E-16
HessDelSqRho_EigVals = -8.9814128500E+00  8.4970424422E+00  8.5679627806E+00
HessDelSqRho_EigVec1 =  4.0058917278E-01 -3.8511961456E-01  8.3139112164E-01
HessDelSqRho_EigVec2 =  5.8846435324E-01  8.0364020764E-01  8.8724977471E-02
HessDelSqRho_EigVec3 =  7.0230906275E-01 -4.5370177336E-01 -5.4855873089E-01
</CP of DelSqRho>
<CP of DelSqRho>
CP# = 4       
Type = (3,+1)
Coords =  4.05769638450680E-02  3.81458330208845E+00  1.07317852885350E+00
DistFromNuc =  1.2977974726E+00
Rho =  2.8869614438E-01
DelSqRho = -1.1288855199E+00
GradDelSqRho =  5.5511151231E-16 -7.7715611724E-16 -8.3266726847E-17
HessDelSqRho_EigVals = -9.0592982650E+00  8.5255368576E+00  8.6122401161E+00
HessDelSqRho_EigVec1 = -3.9406258851E-01  4.0228450174E-01  8.2636665954E-01
HessDelSqRho_EigVec2 = -6.0444546278E-01 -7.9075446490E-01  9.6711213255E-02
HessDelSqRho_EigVec3 = -6.9235854791E-01  4.6138330691E-01 -5.5476579314E-01
</CP of DelSqRho>
<CP of DelSqRho>
CP# = 5       
Type = (3,+1)
Coords =  1.85241146176439E+00  3.44469916515915E+00 -4.56694529340951E-03
DistFromNuc =  1.3001868297E+00
Rho =  2.8747396603E-01
DelSqRho = -1.1203251174E+00
GradDelSqRho = -2.5535129566E-15 -1.1934897515E-15 -2.2204460493E-16
HessDelSqRho_EigVals = -9.0190509326E+00  8.4643904539E+00  8.5545672770E+00
HessDelSqRho_EigVec1 =  9.9319666508E-01  1.1642940249E-01 -2.1397918702E-03
HessDelSqRho_EigVec2 = -1.1551020493E-01  9.8735143332E-01  1.0860266885E-01
HessDelSqRho_EigVec3 =  1.4757270413E-02 -1.0761664073E-01  9.9408293498E-01
</CP of DelSqRho>
<CP of DelSqRho>
CP# = 6       
Type = (3,-1)
Coords =  3.39672192206414E-01  3.26424190637733E+00  1.48613770921007E-02
DistFromNuc =  2.2412250661E-01
Rho =  9.2228395739E+00
DelSqRho =  2.7984963040E+02
GradDelSqRho = -3.5242919694E-12 -7.7804429566E-13  2.1316282073E-13
HessDelSqRho_EigVals = -5.8166654612E+04 -2.1645504698E+01  7.3925311807E+01
HessDelSqRho_EigVec1 =  9.8366770648E-01  1.6727472240E-01 -6.6460593327E-02
HessDelSqRho_EigVec2 =  6.4036129584E-02  1.9852317130E-02  9.9775009878E-01
HessDelSqRho_EigVec3 = -1.6821776758E-01  9.8571043048E-01 -8.8164574597E-03
</CP of DelSqRho>
<CP of DelSqRho>
CP# = 7       
Type = (3,-3)
Coords =  6.03555110915929E-01  3.52122790098003E+00 -1.13288471526724E-03
DistFromNuc =  2.2344264062E-01
Rho =  9.2475150851E+00
DelSqRho =  2.8474254860E+02
GradDelSqRho =  2.4868995752E-14 -2.6929569685E-12  4.2188474936E-14
HessDelSqRho_EigVals = -6.0174132019E+04 -1.6466520804E+02 -1.6318068557E+02
HessDelSqRho_EigVec1 =  1.9466387870E-01  9.8085725603E-01 -5.0017619426E-03
HessDelSqRho_EigVec2 = -5.2513104782E-01  1.0852333572E-01  8.4407349693E-01
HessDelSqRho_EigVec3 =  8.2845842198E-01 -1.6168404033E-01  5.3620417208E-01
</CP of DelSqRho>
<CP of DelSqRho>
CP# = 8       
Type = (3,-3)
Coords =  5.36014536436408E-01  3.07956069808217E+00  1.42173101527147E-02
DistFromNuc =  2.2424651381E-01
Rho =  9.2037799878E+00
DelSqRho =  2.8075724773E+02
GradDelSqRho =  7.7093886830E-13  2.1955770535E-12 -7.1054273576E-15
HessDelSqRho_EigVals = -5.8036119062E+04 -4.8965627904E+01 -4.4047014646E+01
HessDelSqRho_EigVec1 =  1.0714194636E-01  9.9221281501E-01 -6.3516399945E-02
HessDelSqRho_EigVec2 =  9.2085835748E-01 -1.2311907767E-01 -3.6994807498E-01
HessDelSqRho_EigVec3 =  3.7488730146E-01  1.8852650920E-02  9.2687868071E-01
</CP of DelSqRho>
<CP of DelSqRho>
CP# = 9       
Type = (3,+1)
Coords =  4.17247213080522E-01  3.26577676930715E+00  1.68757948890987E-01
DistFromNuc =  2.2404693814E-01
Rho =  9.2328727333E+00
DelSqRho =  2.7971295578E+02
GradDelSqRho =  6.1106675275E-12 -3.2107649872E-13 -2.6574298317E-12
HessDelSqRho_EigVals = -5.8365762276E+04  2.4856711989E+01  9.0204276674E+01
HessDelSqRho_EigVec1 = -6.3731644086E-01 -1.6024691811E-01  7.5375637938E-01
HessDelSqRho_EigVec2 =  7.6945648678E-01 -7.9014614331E-02  6.3379287285E-01
HessDelSqRho_EigVec3 = -4.2005584978E-02  9.8390935353E-01  1.7366034341E-01
</CP of DelSqRho>
<CP of DelSqRho>
CP# = 10      
Type = (3,+1)
Coords =  4.33206453399731E-01  3.25872729123964E+00 -1.79538909135516E-01
DistFromNuc =  2.2407342075E-01
Rho =  9.2313585456E+00
DelSqRho =  2.7959247681E+02
GradDelSqRho = -4.9524828682E-12 -9.8765440271E-13 -4.5190517994E-12
HessDelSqRho_EigVals = -5.8296482749E+04  2.7988651954E+01  9.3022298444E+01
HessDelSqRho_EigVec1 =  5.6609926858E-01  1.9170178779E-01  8.0173689118E-01
HessDelSqRho_EigVec2 =  8.2433296284E-01 -1.3472036767E-01 -5.4984142160E-01
HessDelSqRho_EigVec3 =  2.6047052279E-03  9.7216297352E-01 -2.3429120431E-01
</CP of DelSqRho>
<CP of DelSqRho>
CP# = 11      
Type = (3,+1)
Coords =  7.57944665285276E-01  3.19963275287290E+00 -2.32803900518678E-02
DistFromNuc =  2.2401579098E-01
Rho =  9.2348876971E+00
DelSqRho =  2.7985701055E+02
GradDelSqRho = -2.7071678232E-12  1.8651746814E-14 -8.5975671027E-13
HessDelSqRho_EigVals = -5.8450452176E+04  2.2478540155E+01  8.6956451343E+01
HessDelSqRho_EigVec1 =  8.8409565207E-01 -4.5562676848E-01 -1.0382256900E-01
HessDelSqRho_EigVec2 =  1.2770459158E-01  2.1850275410E-02  9.9157153184E-01
HessDelSqRho_EigVec3 =  4.4951798104E-01  8.8990269879E-01 -7.7503363867E-02
</CP of DelSqRho>
<CP of DelSqRho>
CP# = 12      
Type = (3,-1)
Coords =  6.60289930370854E-01  3.20524620007544E+00  1.75473424403235E-01
DistFromNuc =  2.2406555508E-01
Rho =  9.2259670121E+00
DelSqRho =  2.8015176824E+02
GradDelSqRho = -3.4567904095E-12  3.0233593407E-12 -6.4552807544E-12
HessDelSqRho_EigVals = -5.8321640580E+04 -2.9753154096E+01  6.4779405504E+01
HessDelSqRho_EigVec1 =  4.4788640663E-01 -4.3070201379E-01  7.8351358768E-01
HessDelSqRho_EigVec2 =  8.2152890238E-01 -1.4757172113E-01 -5.5073845850E-01
HessDelSqRho_EigVec3 =  3.5282861181E-01  8.9034732686E-01  2.8773878475E-01
</CP of DelSqRho>
<CP of DelSqRho>
CP# = 13      
Type = (3,-1)
Coords =  6.72478628597232E-01  3.20116144130218E+00 -1.65538862963099E-01
DistFromNuc =  2.2409051898E-01
Rho =  9.2250850137E+00
DelSqRho =  2.7997942927E+02
GradDelSqRho = -3.1619151741E-12  3.0260238759E-12  5.9721116941E-12
HessDelSqRho_EigVals = -5.8250375470E+04 -2.2775862120E+01  7.1224280476E+01
HessDelSqRho_EigVec1 = -5.0234809335E-01  4.4892502378E-01  7.3899439520E-01
HessDelSqRho_EigVec2 =  7.9041748451E-01 -1.0807723991E-01  6.0295896245E-01
HessDelSqRho_EigVec3 =  3.5055184110E-01  8.8700937607E-01 -3.0054579263E-01
</CP of DelSqRho>
<CP of DelSqRho>
CP# = 14      
Type = (3,+1)
Coords =  1.21774559295375E+00  2.54552835377229E+00 -7.65059294281710E-04
DistFromNuc =  1.0024276082E+00
Rho =  2.0945245706E-01
DelSqRho = -2.1713974600E-01
GradDelSqRho = -3.6637359813E-15  3.6637359813E-15  6.6613381478E-16
HessDelSqRho_EigVals = -3.0085428273E+00  1.5277590838E+00  1.4262239447E+01
HessDelSqRho_EigVec1 = -7.2689994315E-01 -6.8669471489E-01  8.1756466258E-03
HessDelSqRho_EigVec2 =  5.6485159058E-03  5.9261658129E-03  9.9996648685E-01
HessDelSqRho_EigVec3 = -6.8672015182E-01  7.2692176271E-01 -4.2892357301E-04
</CP of DelSqRho>
<CP of DelSqRho>
CP# = 15      
Type = (3,-1)
Coords = -4.60119660937648E-01  3.11386957224005E+00  1.75577656617412E-03
DistFromNuc =  1.0374136476E+00
Rho =  1.7271990311E-01
DelSqRho =  3.9269975149E-02
GradDelSqRho = -2.4424906542E-15  5.0653925499E-16 -7.7715611724E-16
HessDelSqRho_EigVals = -1.4156848523E+00 -1.3363737491E+00  9.2484231411E+00
HessDelSqRho_EigVec1 =  4.0701928158E-02 -2.4505303305E-01  9.6865492516E-01
HessDelSqRho_EigVec2 = -1.5307367601E-01  9.5648462037E-01  2.4840616075E-01
HessDelSqRho_EigVec3 =  9.8737622149E-01  1.5838617989E-01 -1.4195997161E-03
</CP of DelSqRho>
<CP of DelSqRho>
CP# = 16      
Type = (3,-1)
Coords =  7.52974077106549E-01  4.34896943960596E+00 -1.73473631727830E-02
DistFromNuc =  1.0646744499E+00
Rho =  1.5390396391E-01
DelSqRho =  9.7551298814E-02
GradDelSqRho =  4.6671000398E-13  9.9520391927E-13 -7.2414296781E-14
HessDelSqRho_EigVals = -1.1871831161E+00 -1.1258950735E+00  7.1730197612E+00
HessDelSqRho_EigVec1 =  5.5331494848E-02  6.6194882141E-03  9.9844609672E-01
HessDelSqRho_EigVec2 =  9.8196966475E-01 -1.8139364718E-01 -5.3215808555E-02
HessDelSqRho_EigVec3 =  1.8075951758E-01  9.8338828910E-01 -1.6536918277E-02
</CP of DelSqRho>
<CP of DelSqRho>
CP# = 17      
Type = (3,-1)
Coords =  9.60768025095046E-01  2.84515070579247E+00  8.39953189672805E-01
DistFromNuc =  1.0367430509E+00
Rho =  1.7221778333E-01
DelSqRho =  5.3531246957E-02
GradDelSqRho = -7.2164496601E-16  1.1657341759E-15 -3.0253577421E-15
HessDelSqRho_EigVals = -1.4837008857E+00 -1.4357193985E+00  9.2863491676E+00
HessDelSqRho_EigVec1 = -3.8621828841E-01  7.3148376807E-01  5.6193142886E-01
HessDelSqRho_EigVec2 =  8.3382559625E-01  5.3736047380E-01 -1.2640647226E-01
HessDelSqRho_EigVec3 =  3.9442402150E-01 -4.1973231737E-01  8.1746833151E-01
</CP of DelSqRho>
<CP of DelSqRho>
CP# = 18      
Type = (3,-1)
Coords =  9.48910179166640E-01  2.82705479134562E+00 -8.35892807596328E-01
DistFromNuc =  1.0370792622E+00
Rho =  1.7291393488E-01
DelSqRho =  5.1040431626E-02
GradDelSqRho =  1.6653345369E-15  5.5511151231E-16 -1.5543122345E-15
HessDelSqRho_EigVals = -1.5162453216E+00 -1.3987335464E+00  9.2794697878E+00
HessDelSqRho_EigVec1 = -3.7070335091E-01  7.3437191534E-01 -5.6857445914E-01
HessDelSqRho_EigVec2 =  8.4686090325E-01  5.1862352061E-01  1.1771259244E-01
HessDelSqRho_EigVec3 = -3.8132090970E-01  4.3786702757E-01  8.1416634049E-01
</CP of DelSqRho>
<CP of DelSqRho>
CP# = 19      
Type = (3,+1)
Coords =  4.48004092460737E-02  2.75669327824923E+00 -6.67894599661249E-01
DistFromNuc =  1.0044999202E+00
Rho =  2.0639361965E-01
DelSqRho = -1.9736473596E-01
GradDelSqRho = -8.8817841970E-16 -8.6042284408E-16 -2.4424906542E-15
HessDelSqRho_EigVals = -2.9733798003E+00  1.3870066576E+00  1.3949692604E+01
HessDelSqRho_EigVec1 = -1.3958271109E-01  8.4212006488E-01 -5.2091310512E-01
HessDelSqRho_EigVec2 = -8.4436305249E-01  1.7358343437E-01  5.0687259435E-01
HessDelSqRho_EigVec3 =  5.1726946784E-01  5.1059043042E-01  6.8682582217E-01
</CP of DelSqRho>
<CP of DelSqRho>
CP# = 20      
Type = (3,+1)
Coords =  4.76611687978691E-02  2.77322275537274E+00  6.81866053916696E-01
DistFromNuc =  1.0035846913E+00
Rho =  2.0669846522E-01
DelSqRho = -2.0559252880E-01
GradDelSqRho = -7.7715611724E-16 -3.3306690739E-16  8.8817841970E-16
HessDelSqRho_EigVals = -2.9098838225E+00  1.4258236508E+00  1.4051250293E+01
HessDelSqRho_EigVec1 = -1.3442486326E-01  8.5410442683E-01  5.0242968086E-01
HessDelSqRho_EigVec2 = -8.4681330513E-01  1.6430599052E-01 -5.0587623757E-01
HessDelSqRho_EigVec3 = -5.1462334032E-01 -4.9346648271E-01  7.0118018230E-01
</CP of DelSqRho>
<CP of DelSqRho>
CP# = 21      
Type = (3,+1)
Coords =  1.07949157077902E+00  3.73524888699096E+00  7.23328661074679E-01
DistFromNuc =  9.9027570871E-01
Rho =  2.1274884294E-01
DelSqRho = -1.8548441276E-01
GradDelSqRho = -2.7755575616E-17  1.7763568394E-15  6.6613381478E-16
HessDelSqRho_EigVals = -3.4438874141E+00  1.4071256223E+00  1.4980379547E+01
HessDelSqRho_EigVec1 =  8.4600150141E-01 -1.7276323166E-01 -5.0441483464E-01
HessDelSqRho_EigVec2 = -8.8001111427E-02  8.8783000937E-01 -4.5167873412E-01
HessDelSqRho_EigVec3 =  5.2586810514E-01  4.2650995329E-01  7.3590216452E-01
</CP of DelSqRho>
<CP of DelSqRho>
CP# = 22      
Type = (3,+1)
Coords =  1.07454765801917E+00  3.71453594012195E+00 -7.40228571491833E-01
DistFromNuc =  9.9133863210E-01
Rho =  2.1211177060E-01
DelSqRho = -1.8202691401E-01
GradDelSqRho =  7.3385741928E-13  8.3355544689E-13 -1.6056045382E-12
HessDelSqRho_EigVals = -3.4224870970E+00  1.3830931456E+00  1.4859882221E+01
HessDelSqRho_EigVec1 =  8.4956200933E-01 -1.6003406452E-01  5.0262659152E-01
HessDelSqRho_EigVec2 = -8.3689404858E-02  8.9990454706E-01  4.2798117913E-01
HessDelSqRho_EigVec3 = -5.2080752282E-01 -4.0566107081E-01  7.5113155959E-01
</CP of DelSqRho>
<CP of DelSqRho>
CP# = 23      
Type = (3,+1)
Coords = -1.84854757253529E-01  3.95945465591656E+00 -6.23950550516144E-03
DistFromNuc =  9.9354813706E-01
Rho =  2.0980852203E-01
DelSqRho = -1.7009580244E-01
GradDelSqRho = -1.6653345369E-15  1.1102230246E-16 -1.9984014443E-15
HessDelSqRho_EigVals = -3.3437856387E+00  1.2905314298E+00  1.4552830542E+01
HessDelSqRho_EigVec1 =  3.8573526264E-03  1.2920895240E-02  9.9990908152E-01
HessDelSqRho_EigVec2 =  6.5401250172E-01  7.5638378528E-01 -1.2297030519E-02
HessDelSqRho_EigVec3 =  7.5647390465E-01 -6.5400047388E-01  5.5327880394E-03
</CP of DelSqRho>
<CP of DelSqRho>
CP# = 24      
Type = (3,+3)
Coords =  1.37131885892273E-01  3.71338951859802E+00  8.69682312624037E-01
DistFromNuc =  1.0509169756E+00
Rho =  3.0073436520E-01
DelSqRho = -1.2125751396E+00
GradDelSqRho =  1.2898015989E-13 -1.2068124278E-13 -2.6234570072E-13
HessDelSqRho_EigVals =  7.2968428877E+00  7.3987999504E+00  8.3164629459E+00
HessDelSqRho_EigVec1 =  6.6007182942E-01  7.3507329660E-01  1.5483032209E-01
HessDelSqRho_EigVec2 =  5.9249376111E-01 -6.3614305861E-01  4.9423997413E-01
HessDelSqRho_EigVec3 = -4.6179684175E-01  2.3449788403E-01  8.5542645466E-01
</CP of DelSqRho>
<CP of DelSqRho>
CP# = 25      
Type = (3,+3)
Coords =  1.29736191411388E-01  3.69341596394065E+00 -8.77390011089966E-01
DistFromNuc =  1.0526967959E+00
Rho =  3.0007406563E-01
DelSqRho = -1.2078851423E+00
GradDelSqRho =  1.1179945858E-13 -9.8421271133E-14  2.3083618350E-13
HessDelSqRho_EigVals =  7.2837433389E+00  7.3656963170E+00  8.2331697475E+00
HessDelSqRho_EigVec1 =  6.6532566184E-01  7.1719304869E-01 -2.0730628214E-01
HessDelSqRho_EigVec2 =  5.7599744875E-01 -6.6979573842E-01 -4.6861562909E-01
HessDelSqRho_EigVec3 =  4.7494073602E-01 -1.9237411395E-01  8.5873365926E-01
</CP of DelSqRho>
<CP of DelSqRho>
CP# = 26      
Type = (3,+3)
Coords =  3.77930830532636E-01  2.28831217558941E+00  9.16357437456992E-03
DistFromNuc =  1.0300212544E+00
Rho =  2.4556445116E-01
DelSqRho = -7.0247711376E-01
GradDelSqRho = -3.2612801348E-16  3.5527136788E-15 -2.2204460493E-16
HessDelSqRho_EigVals =  3.2049305007E+00  3.3513645887E+00  1.1974186881E+01
HessDelSqRho_EigVec1 =  9.6895271893E-01 -1.8102687482E-01 -1.6840397583E-01
HessDelSqRho_EigVec2 =  1.6810018202E-01 -1.7132108778E-02  9.8562103247E-01
HessDelSqRho_EigVec3 =  1.8130901049E-01  9.8332891824E-01 -1.3830447226E-02
</CP of DelSqRho>
<CP of DelSqRho>
CP# = 27      
Type = (3,+3)
Coords =  1.60471796287891E+00  3.41401721155410E+00 -4.02967027006620E-03
DistFromNuc =  1.0506273467E+00
Rho =  3.0012665398E-01
DelSqRho = -1.2054478401E+00
GradDelSqRho = -7.5232042818E-12 -7.5933703769E-13  2.6312285684E-14
HessDelSqRho_EigVals =  7.2683514176E+00  7.3407095584E+00  8.2888079102E+00
HessDelSqRho_EigVec1 =  2.0836216209E-02  9.8291960917E-01  1.8285210964E-01
HessDelSqRho_EigVec2 =  2.9443814537E-03 -1.8295134995E-01  9.8311755867E-01
HessDelSqRho_EigVec3 =  9.9977856684E-01 -1.9946063651E-02 -6.7061041511E-03
</CP of DelSqRho>
<CP of DelSqRho>
CP# = 28      
Type = (3,-3)
Coords = -9.14502669619416E-01  3.08669886388802E+00 -1.03524024981156E-02
DistFromNuc =  1.4902628261E+00
Rho =  8.0914610927E-02
DelSqRho =  1.9363427189E-01
GradDelSqRho = -2.6367796835E-16 -1.0408340856E-17 -1.6306400674E-16
HessDelSqRho_EigVals = -1.7302090986E+00 -1.1278837418E-01 -7.2951388540E-02
HessDelSqRho_EigVec1 =  9.9184898420E-01  1.2741833591E-01 -4.0027979085E-04
HessDelSqRho_EigVec2 = -1.2655172636E-01  9.8472751102E-01 -1.1956751060E-01
HessDelSqRho_EigVec3 = -1.4840926707E-02  1.1864357003E-01  9.9282599190E-01
</CP of DelSqRho>
<CP of DelSqRho>
CP# = 29      
Type = (3,-1)
Coords = -4.46117556815480E-01  4.52602117612614E+00 -2.07827474627927E-02
DistFromNuc =  1.5845984354E+00
Rho =  8.3686359338E-02
DelSqRho =  1.7680878242E-01
GradDelSqRho =  2.6931581965E-16 -9.8445557262E-17  6.6570013391E-17
HessDelSqRho_EigVals = -1.6671835779E+00 -8.4532973461E-02  1.5516580101E-02
HessDelSqRho_EigVec1 = -6.0228763897E-01  7.9827562865E-01 -2.3707908656E-03
HessDelSqRho_EigVec2 =  2.0736781194E-02  1.8614344056E-02  9.9961167065E-01
HessDelSqRho_EigVec3 =  7.9800976551E-01  6.0200459043E-01 -2.7764856377E-02
</CP of DelSqRho>
<CP of DelSqRho>
CP# = 30      
Type = (3,-1)
Coords =  1.79916053609863E+00  2.18845805712026E+00 -5.58147807387111E-02
DistFromNuc =  1.6668951246E+00
Rho =  8.4614301658E-02
DelSqRho =  1.6800600805E-01
GradDelSqRho = -4.1459891076E-15  5.5927484865E-15 -3.2179120479E-15
HessDelSqRho_EigVals = -1.2957473875E+00 -3.7778741548E-01  7.2304721428E-02
HessDelSqRho_EigVec1 = -6.0976582133E-01  7.9098074398E-01  5.0349834107E-02
HessDelSqRho_EigVec2 =  7.9180312704E-01  6.1075141805E-01 -5.5238898747E-03
HessDelSqRho_EigVec3 =  3.5120523102E-02 -3.6498876846E-02  9.9871636657E-01
</CP of DelSqRho>
<CP of DelSqRho>
CP# = 31      
Type = (3,-1)
Coords =  1.31553136201520E+00  4.33664590298168E+00  9.22469160324176E-01
DistFromNuc =  1.5786153442E+00
Rho =  8.3035952402E-02
DelSqRho =  1.7630361443E-01
GradDelSqRho = -6.4177829717E-14 -2.7429447602E-14 -9.6207763978E-14
HessDelSqRho_EigVals = -1.6713588744E+00 -7.4234702098E-02  2.6138575664E-02
HessDelSqRho_EigVec1 =  4.6382277383E-01  7.1039430478E-01  5.2934711317E-01
HessDelSqRho_EigVec2 = -8.4352088021E-01  1.7147118253E-01  5.0898934979E-01
HessDelSqRho_EigVec3 =  2.7081535982E-01 -6.8259619491E-01  6.7876466878E-01
</CP of DelSqRho>
<CP of DelSqRho>
CP# = 32      
Type = (3,-3)
Coords =  8.02082407951699E-01  4.73073654926267E+00 -3.58223755107796E-02
DistFromNuc =  1.4494721677E+00
Rho =  7.9146067697E-02
DelSqRho =  1.8985429388E-01
GradDelSqRho =  1.8023776915E-15 -5.4810461725E-12 -8.2552020775E-14
HessDelSqRho_EigVals = -1.6354697101E+00 -7.1337539906E-02 -6.7768586471E-02
HessDelSqRho_EigVec1 =  1.7907152896E-01  9.8369223264E-01 -1.6821978706E-02
HessDelSqRho_EigVec2 = -6.7517929468E-01  1.3531024024E-01  7.2513726902E-01
HessDelSqRho_EigVec3 =  7.1558808511E-01 -1.1849358775E-01  6.8839883942E-01
</CP of DelSqRho>
<CP of DelSqRho>
CP# = 33      
Type = (3,-1)
Coords =  1.30902172526357E+00  4.28430109113190E+00 -9.87208050650063E-01
DistFromNuc =  1.5812315260E+00
Rho =  8.3240576058E-02
DelSqRho =  1.7662632024E-01
GradDelSqRho = -2.8024804699E-12 -4.6499332162E-12  3.0458829903E-12
HessDelSqRho_EigVals = -1.6684748000E+00 -8.0898590417E-02  2.3015778232E-02
HessDelSqRho_EigVec1 =  4.7469639192E-01  6.7133088474E-01 -5.6919081044E-01
HessDelSqRho_EigVec2 =  8.3657203542E-01 -1.4317839892E-01  5.2881676944E-01
HessDelSqRho_EigVec3 =  2.7351520078E-01 -7.2719652727E-01 -6.2958291405E-01
</CP of DelSqRho>
<CP of DelSqRho>
CP# = 34      
Type = (3,-1)
Coords = -4.07635114729328E-01  2.64514526841787E+00  1.17240828705470E+00
DistFromNuc =  1.6560646203E+00
Rho =  8.3919387305E-02
DelSqRho =  1.6557193968E-01
GradDelSqRho = -2.8102520311E-16 -6.9388939039E-18  3.1918911958E-16
HessDelSqRho_EigVals = -1.3489188361E+00 -3.3656550625E-01  6.5342469571E-02
HessDelSqRho_EigVec1 =  5.8826218426E-01  5.5686005064E-01 -5.8639106965E-01
HessDelSqRho_EigVec2 = -1.8172851399E-01  7.9761540390E-01  5.7513860473E-01
HessDelSqRho_EigVec3 =  7.8798626243E-01 -2.3176831417E-01  5.7040432920E-01
</CP of DelSqRho>
<CP of DelSqRho>
CP# = 35      
Type = (3,-1)
Coords = -4.22375769111585E-01  2.59982462972812E+00 -1.12588200811312E+00
DistFromNuc =  1.6510491653E+00
Rho =  8.3995555179E-02
DelSqRho =  1.6943626851E-01
GradDelSqRho =  5.0690007747E-13  4.9292687987E-13  5.5033581858E-13
HessDelSqRho_EigVals = -1.3410512433E+00 -3.1848467065E-01  5.8904494994E-02
HessDelSqRho_EigVec1 =  6.1030055442E-01  5.3666826667E-01  5.8268379489E-01
HessDelSqRho_EigVec2 = -1.6054426879E-01  8.0408306770E-01 -5.7242987169E-01
HessDelSqRho_EigVec3 = -7.7573112032E-01  2.5580772428E-01  5.7689135647E-01
</CP of DelSqRho>
<CP of DelSqRho>
CP# = 36      
Type = (3,-3)
Coords =  1.13484044948669E+00  2.67195837505742E+00  1.21572258318550E+00
DistFromNuc =  1.4850440924E+00
Rho =  8.0368913510E-02
DelSqRho =  2.0630196136E-01
GradDelSqRho =  2.0878160312E-12 -1.9220319780E-12  3.4392627635E-12
HessDelSqRho_EigVals = -1.7722001192E+00 -1.4343313621E-01 -8.0523095361E-02
HessDelSqRho_EigVec1 =  4.0420244612E-01 -3.9073081302E-01  8.2701258413E-01
HessDelSqRho_EigVec2 =  3.8476748895E-01  8.9290939079E-01  2.3380932251E-01
HessDelSqRho_EigVec3 = -8.2980380934E-01  2.2370125524E-01  5.1125667370E-01
</CP of DelSqRho>
<CP of DelSqRho>
CP# = 37      
Type = (3,-3)
Coords =  1.07249946685638E+00  2.63305369619124E+00 -1.22759993823781E+00
DistFromNuc =  1.4890069329E+00
Rho =  8.0861535480E-02
DelSqRho =  2.0485685759E-01
GradDelSqRho =  2.7269931105E-12  8.8799384512E-12 -4.7162759809E-12
HessDelSqRho_EigVals = -1.7560170075E+00 -1.5008981075E-01 -8.5854753803E-02
HessDelSqRho_EigVec1 = -3.8566185292E-01  4.0861094027E-01  8.2722550414E-01
HessDelSqRho_EigVec2 =  2.5333730556E-01  9.0902223257E-01 -3.3090601430E-01
HessDelSqRho_EigVec3 = -8.8717819226E-01  8.1949253689E-02 -4.5409159319E-01
</CP of DelSqRho>
<CP of DelSqRho>
CP# = 38      
Type = (3,-1)
Coords =  9.25979681718794E-01  1.71537215549270E+00  1.12751397139081E+00
DistFromNuc =  1.9805914908E+00
Rho =  6.2223904280E-02
DelSqRho =  1.6148048013E-01
GradDelSqRho = -7.1123662515E-17  1.6653345369E-16  2.0816681712E-17
HessDelSqRho_EigVals = -6.3834344146E-01 -8.1904248934E-02  3.3470144641E-01
HessDelSqRho_EigVec1 =  5.0552807309E-01  1.6084555719E-01  8.4768512671E-01
HessDelSqRho_EigVec2 =  8.6053257897E-01 -1.6533098173E-01 -4.8181879064E-01
HessDelSqRho_EigVec3 =  6.2650202351E-02  9.7303359305E-01 -2.2199229476E-01
</CP of DelSqRho>
<Path of -GradDelSqRho>
Starting CP# =      2
Ending CP# =     26
Number of Points =     19
  3.0314610991E-01  1.8259551141E+00  5.8457033246E-03  2.1355122578E-01 -4.4541798434E-01
  3.0730666360E-01  1.8506064625E+00  5.8742405120E-03  2.1389587745E-01 -4.4674237842E-01
  3.1146765855E-01  1.8752577396E+00  5.8998644848E-03  2.1442195477E-01 -4.5067829706E-01
  3.1562884698E-01  1.8999089864E+00  5.9231347692E-03  2.1512859099E-01 -4.5715621041E-01
  3.1978993107E-01  1.9245602524E+00  5.9446418848E-03  2.1601366390E-01 -4.6608601959E-01
  3.2395054967E-01  1.9492115980E+00  5.9650211710E-03  2.1707382939E-01 -4.7735323057E-01
  3.2811025960E-01  1.9738630972E+00  5.9849712114E-03  2.1830456469E-01 -4.9081420078E-01
  3.3226850941E-01  1.9985148425E+00  6.0052795280E-03  2.1970022485E-01 -5.0629054288E-01
  3.3642460147E-01  2.0231669506E+00  6.0268593859E-03  2.2125411666E-01 -5.2356275746E-01
  3.4057763612E-01  2.0478195717E+00  6.0508040013E-03  2.2295859506E-01 -5.4236314764E-01
  3.4472642654E-01  2.0724729035E+00  6.0784690046E-03  2.2480518743E-01 -5.6236803852E-01
  3.4886936386E-01  2.0971272128E+00  6.1116029079E-03  2.2678475231E-01 -5.8318927420E-01
  3.5300419266E-01  2.1217828713E+00  6.1525638480E-03  2.2888767955E-01 -6.0436487964E-01
  3.5712761345E-01  2.1464404189E+00  6.2047025476E-03  2.3110413996E-01 -6.2534862607E-01
  3.6123452047E-01  2.1711006819E+00  6.2730951000E-03  2.3342439308E-01 -6.4549798361E-01
  3.6531637450E-01  2.1957650217E+00  6.3661034565E-03  2.3583916218E-01 -6.6405951572E-01
  3.6935715504E-01  2.2204359336E+00  6.4992463611E-03  2.3834008177E-01 -6.8015007498E-01
  3.7332052599E-01  2.2451188505E+00  6.7074248831E-03  2.4092019367E-01 -6.9273110805E-01
  3.7793083053E-01  2.2883121756E+00  9.1635743746E-03  2.4556445116E-01 -7.0247711376E-01
</Path of -GradDelSqRho>
<Path of -GradDelSqRho>
Starting CP# =      2
Ending CP# =      0
Number of Points =     22
  3.0314610991E-01  1.8259551141E+00  5.8457033246E-03  2.1355122578E-01 -4.4541798434E-01
  2.9898618118E-01  1.8013036643E+00  5.8138283168E-03  2.1338758425E-01 -4.4675688080E-01
  2.9482706860E-01  1.7766520823E+00  5.7779945960E-03  2.1340323364E-01 -4.5079475269E-01
  2.9066891800E-01  1.7520003449E+00  5.7376787836E-03  2.1359513220E-01 -4.5755165593E-01
  2.8651184922E-01  1.7273484338E+00  5.6923531064E-03  2.1395890049E-01 -4.6703112340E-01
  2.8235595756E-01  1.7026963350E+00  5.6414761444E-03  2.1448880950E-01 -4.7921780271E-01
  2.7820131409E-01  1.6780440393E+00  5.5844810221E-03  2.1517777381E-01 -4.9407349801E-01
  2.7404796453E-01  1.6533915420E+00  5.5207597271E-03  2.1601735223E-01 -5.1153148501E-01
  2.6989592670E-01  1.6287388440E+00  5.4496414555E-03  2.1699775973E-01 -5.3148896994E-01
  2.6574518632E-01  1.6040859524E+00  5.3703618726E-03  2.1810789565E-01 -5.5379757122E-01
  2.6159569026E-01  1.5794328822E+00  5.2820183925E-03  2.1933539473E-01 -5.7825171977E-01
  2.5744733642E-01  1.5547796584E+00  5.1835033569E-03  2.2066670903E-01 -6.0457490079E-01
  2.5329995774E-01  1.5301263196E+00  5.0734009015E-03  2.2208723040E-01 -6.3240369575E-01
  2.4915329665E-01  1.5054729240E+00  4.9498211788E-03  2.2358146517E-01 -6.6126962406E-01
  2.4500696151E-01  1.4808195599E+00  4.8101198311E-03  2.2513327452E-01 -6.9057882093E-01
  2.4086034769E-01  1.4561663646E+00  4.6503909904E-03  2.2672619623E-01 -7.1958960447E-01
  2.3671248176E-01  1.4315135643E+00  4.4644685652E-03  2.2834386587E-01 -7.4738795973E-01
  2.3256167622E-01  1.4068615658E+00  4.2417141317E-03  2.2997055846E-01 -7.7286086709E-01
  2.2840462389E-01  1.3822112157E+00  3.9612041110E-03  2.3159187633E-01 -7.9466719786E-01
  2.2423326611E-01  1.3575648004E+00  3.5715013399E-03  2.3319561870E-01 -8.1120560907E-01
  2.2001494769E-01  1.3329342021E+00  2.8601928034E-03  2.3477285393E-01 -8.2057925995E-01
  2.1737668352E-01  1.3199596021E+00 -1.5375245153E-04  2.3560052223E-01 -8.2190803536E-01
</Path of -GradDelSqRho>
<Path of -GradDelSqRho>
Starting CP# =      3
Ending CP# =     25
Number of Points =     10
  3.2177618299E-02  3.7898714950E+00 -1.0810546347E+00  2.8850130528E-01 -1.1258800953E+00
  4.2191899025E-02  3.7802401024E+00 -1.0602712169E+00  2.8882352030E-01 -1.1284470406E+00
  5.2204501955E-02  3.7706000855E+00 -1.0394909896E+00  2.8938988014E-01 -1.1352365092E+00
  6.2213925539E-02  3.7609482906E+00 -1.0187146984E+00  2.9017901494E-01 -1.1449814590E+00
  7.2218011117E-02  3.7512803094E+00 -9.9794336301E-01  2.9117034183E-01 -1.1565328354E+00
  8.2213560183E-02  3.7415897122E+00 -9.7717845869E-01  2.9234447689E-01 -1.1688368923E+00
  9.2195578341E-02  3.7318665286E+00 -9.5642228244E-01  2.9368362660E-01 -1.1809089528E+00
  1.0215556889E-01  3.7220938297E+00 -9.3567878848E-01  2.9517198084E-01 -1.1918037196E+00
  1.1207682429E-01  3.7122383780E+00 -9.1495591527E-01  2.9679613115E-01 -1.2005813565E+00
  1.2973619141E-01  3.6934159639E+00 -8.7739001109E-01  3.0007406563E-01 -1.2078851423E+00
</Path of -GradDelSqRho>
<Path of -GradDelSqRho>
Starting CP# =      3
Ending CP# =      0
Number of Points =     32
  3.2177618299E-02  3.7898714950E+00 -1.0810546347E+00  2.8850130528E-01 -1.1258800953E+00
  2.2162721292E-02  3.7994967213E+00 -1.1018406120E+00  2.8844493915E-01 -1.1289390211E+00
  1.2147930156E-02  3.8091173458E+00 -1.1226287707E+00  2.8867595085E-01 -1.1391759583E+00
  2.1337690434E-03  3.8187347031E+00 -1.1434187446E+00  2.8921511010E-01 -1.1582961040E+00
 -7.8794099682E-03  3.8283498110E+00 -1.1642102319E+00  2.9008176192E-01 -1.1881497803E+00
 -1.7891386319E-02  3.8379634420E+00 -1.1850029813E+00  2.9129307384E-01 -1.2307054471E+00
 -2.7902043087E-02  3.8475761744E+00 -1.2057967815E+00  2.9286320369E-01 -1.2879917864E+00
 -3.7911349624E-02  3.8571884249E+00 -1.2265914545E+00  2.9480241483E-01 -1.3619891747E+00
 -4.7919354094E-02  3.8668004686E+00 -1.2473868497E+00  2.9711620012E-01 -1.4544407764E+00
 -5.7926186564E-02  3.8764124444E+00 -1.2681828403E+00  2.9980453328E-01 -1.5665449293E+00
 -6.7932074651E-02  3.8860243453E+00 -1.2889793199E+00  3.0286145613E-01 -1.6984936320E+00
 -7.7937376104E-02  3.8956359894E+00 -1.3097762005E+00  3.0627533757E-01 -1.8488561709E+00
 -8.7942636863E-02  3.9052469613E+00 -1.3305734112E+00  3.1003029082E-01 -2.0138998109E+00
 -9.7948688647E-02  3.9148565102E+00 -1.3513708990E+00  3.1410936506E-01 -2.1871160095E+00
 -1.0795679622E-01  3.9244633899E+00 -1.3721686307E+00  3.1850013319E-01 -2.3594773522E+00
 -1.1796878162E-01  3.9340657125E+00 -1.3929666004E+00  3.2320302447E-01 -2.5212168807E+00
 -1.2798655881E-01  3.9436614070E+00 -1.4137648402E+00  3.2824201507E-01 -2.6660295603E+00
 -1.3800893456E-01  3.9532515836E+00 -1.4345634098E+00  3.3367597643E-01 -2.7982976677E+00
 -1.4802539166E-01  3.9628473040E+00 -1.4553622728E+00  3.3960718791E-01 -2.9430179845E+00
 -1.5802289767E-01  3.9724626803E+00 -1.4761611750E+00  3.4618167366E-01 -3.1565491039E+00
 -1.6800158911E-01  3.9820979591E+00 -1.4969599028E+00  3.5357486961E-01 -3.5344463827E+00
 -1.7796839716E-01  3.9917459477E+00 -1.5177584373E+00  3.6195675453E-01 -4.2111712203E+00
 -1.8792851407E-01  4.0014011547E+00 -1.5385568277E+00  3.7143392876E-01 -5.3460951297E+00
 -1.9788475738E-01  4.0110605709E+00 -1.5593551185E+00  3.8197246618E-01 -7.0916279009E+00
 -2.0783859636E-01  4.0207226151E+00 -1.5801533393E+00  3.9331427426E-01 -9.5432390375E+00
 -2.1779082298E-01  4.0303864293E+00 -1.6009515094E+00  4.0490945431E-01 -1.2678499089E+01
 -2.2774188676E-01  4.0400515243E+00 -1.6217496408E+00  4.1589417202E-01 -1.6302812812E+01
 -2.3769206159E-01  4.0497176026E+00 -1.6425477405E+00  4.2514247511E-01 -2.0029263197E+01
 -2.4764153968E-01  4.0593844599E+00 -1.6633458114E+00  4.3140612528E-01 -2.3320133082E+01
 -2.5759051615E-01  4.0690519020E+00 -1.6841438505E+00  4.3352818217E-01 -2.5599529126E+01
 -2.6753961687E-01  4.0787193526E+00 -1.7049418263E+00  4.3068212338E-01 -2.6411780458E+01
 -2.6704232734E-01  4.0782358269E+00 -1.7039019195E+00  4.3094952272E-01 -2.6410270911E+01
</Path of -GradDelSqRho>
<Path of -GradDelSqRho>
Starting CP# =      4
Ending CP# =      0
Number of Points =     32
  4.0576963845E-02  3.8145833021E+00  1.0731785289E+00  2.8869614438E-01 -1.1288855199E+00
  3.0725586153E-02  3.8246371724E+00  1.0938393624E+00  2.8860446397E-01 -1.1319693662E+00
  2.0874996617E-02  3.8346854343E+00  1.1145033000E+00  2.8880030190E-01 -1.1422830227E+00
  1.1025654993E-02  3.8447294134E+00  1.1351699144E+00  2.8930433919E-01 -1.1615335539E+00
  1.1778540446E-03  3.8547701483E+00  1.1558388394E+00  2.9013580306E-01 -1.1915711947E+00
 -8.6682412640E-03  3.8648084553E+00  1.1765097561E+00  2.9131171236E-01 -1.2343614652E+00
 -1.8512566997E-02  3.8748449730E+00  1.1971823845E+00  2.9284604487E-01 -1.2919259020E+00
 -2.8355144088E-02  3.8848801940E+00  1.2178564749E+00  2.9474885440E-01 -1.3662314581E+00
 -3.8196072529E-02  3.8949144853E+00  1.2385318014E+00  2.9702540034E-01 -1.4589985328E+00
 -4.8035536842E-02  3.9049480986E+00  1.2592081537E+00  2.9967541067E-01 -1.5713892694E+00
 -5.7873825266E-02  3.9149811709E+00  1.2798853281E+00  3.0269269022E-01 -1.7035416358E+00
 -6.7711367736E-02  3.9250137127E+00  1.3005631148E+00  3.0606541417E-01 -1.8539505685E+00
 -7.7548802394E-02  3.9350455783E+00  1.3212412809E+00  3.0977759731E-01 -2.0187927507E+00
 -8.7387086397E-02  3.9450764113E+00  1.3419195438E+00  3.1381235590E-01 -2.1914708314E+00
 -9.7227661111E-02  3.9551055566E+00  1.3625975353E+00  3.1815757767E-01 -2.3629108528E+00
 -1.0707258161E-01  3.9651319838E+00  1.3832747763E+00  3.2281432939E-01 -2.5234099024E+00
 -1.1692393704E-01  3.9751545741E+00  1.4039508125E+00  3.2780757828E-01 -2.6669282831E+00
 -1.2678009960E-01  3.9851741081E+00  1.4246260392E+00  3.3319747384E-01 -2.7984035364E+00
 -1.3662891693E-01  3.9951970318E+00  1.4453031223E+00  3.3908763642E-01 -2.9437176658E+00
 -1.4645625666E-01  4.0052311140E+00  1.4659850112E+00  3.4562506576E-01 -3.1603754251E+00
 -1.5626290236E-01  4.0152762129E+00  1.4866713752E+00  3.5298518793E-01 -3.5451082422E+00
 -1.6605663231E-01  4.0253282845E+00  1.5073604714E+00  3.6133627423E-01 -4.2331723192E+00
 -1.7584311057E-01  4.0353843163E+00  1.5280510746E+00  3.7078090168E-01 -5.3837998691E+00
 -1.8562538917E-01  4.0454426664E+00  1.5487425371E+00  3.8127855415E-01 -7.1477455241E+00
 -1.9540505748E-01  4.0555024729E+00  1.5694345254E+00  3.9256241479E-01 -9.6169052803E+00
 -2.0518297229E-01  4.0655632692E+00  1.5901268612E+00  4.0407309418E-01 -1.2763447063E+01
 -2.1495962020E-01  4.0756247918E+00  1.6108194424E+00  4.1493883440E-01 -1.6386466253E+01
 -2.2473529842E-01  4.0856868872E+00  1.6315122033E+00  4.2403025318E-01 -2.0093717881E+01
 -2.3451021732E-01  4.0957494632E+00  1.6522050891E+00  4.3010283579E-01 -2.3345586114E+01
 -2.4428459590E-01  4.1058124640E+00  1.6728980236E+00  4.3201174441E-01 -2.5569654398E+01
 -2.5405951196E-01  4.1158758330E+00  1.6935905250E+00  4.2894975974E-01 -2.6319257375E+01
 -2.5357043095E-01  4.1153726641E+00  1.6925560586E+00  4.2922767072E-01 -2.6320869171E+01
</Path of -GradDelSqRho>
<Path of -GradDelSqRho>
Starting CP# =      4
Ending CP# =     24
Number of Points =     10
  4.0576963845E-02  3.8145833021E+00  1.0731785289E+00  2.8869614438E-01 -1.1288855199E+00
  5.0428459402E-02  3.8045223322E+00  1.0525212078E+00  2.8905387640E-01 -1.1314761538E+00
  6.0279112689E-02  3.7944518845E+00  1.0318681039E+00  2.8965599487E-01 -1.1383338868E+00
  7.0127523298E-02  3.7843689929E+00  1.0112200026E+00  2.9048114887E-01 -1.1481871841E+00
  7.9971665197E-02  3.7742695583E+00  9.9057795197E-01  2.9150875782E-01 -1.1598823546E+00
  8.9808530133E-02  3.7641476523E+00  9.6994344119E-01  2.9271942685E-01 -1.1723611331E+00
  9.9633427554E-02  3.7539941422E+00  9.4931875996E-01  2.9409534152E-01 -1.1846346486E+00
  1.0943841624E-01  3.7437936204E+00  9.2870781157E-01  2.9562066402E-01 -1.1957538859E+00
  1.1920802856E-01  3.7335161037E+00  9.0811834289E-01  2.9728195592E-01 -1.2047758445E+00
  1.3713188589E-01  3.7133895186E+00  8.6968231262E-01  3.0073436520E-01 -1.2125751396E+00
</Path of -GradDelSqRho>
<Path of -GradDelSqRho>
Starting CP# =      5
Ending CP# =      0
Number of Points =     32
  1.8524114618E+00  3.4446991652E+00 -4.5669452934E-03  2.8747396603E-01 -1.1203251174E+00
  1.8772416943E+00  3.4476072133E+00 -4.6198924913E-03  2.8734070759E-01 -1.1233932883E+00
  1.9020724728E+00  3.4505106173E+00 -4.6717246728E-03  2.8749413291E-01 -1.1336472123E+00
  1.9269036669E+00  3.4534104832E+00 -4.7224718895E-03  2.8795469206E-01 -1.1527742664E+00
  1.9517351747E+00  3.4563076802E+00 -4.7721817131E-03  2.8874138764E-01 -1.1826043921E+00
  1.9765669158E+00  3.4592028928E+00 -4.8209147499E-03  2.8987102983E-01 -1.2250827356E+00
  2.0013988276E+00  3.4620966563E+00 -4.8687417773E-03  2.9135741355E-01 -1.2822113534E+00
  2.0262308621E+00  3.4649893806E+00 -4.9157427263E-03  2.9321044483E-01 -1.3559403273E+00
  2.0510629844E+00  3.4678813632E+00 -4.9620078620E-03  2.9543527809E-01 -1.4479786382E+00
  2.0758951722E+00  3.4707727928E+00 -5.0076417004E-03  2.9803158333E-01 -1.5594868015E+00
  2.1007274171E+00  3.4736637407E+00 -5.0527705456E-03  3.0099315202E-01 -1.6906168107E+00
  2.1255597266E+00  3.4765541382E+00 -5.0975552587E-03  3.0430817675E-01 -1.8398997563E+00
  2.1503921300E+00  3.4794437313E+00 -5.1422122266E-03  3.0796068955E-01 -2.0035749456E+00
  2.1752246869E+00  3.4823320018E+00 -5.1870472501E-03  3.1193376973E-01 -2.1751308927E+00
  2.2000575018E+00  3.4852180432E+00 -5.2325053867E-03  3.1621513397E-01 -2.3455837155E+00
  2.2248907371E+00  3.4881004459E+00 -5.2792103964E-03  3.2080544323E-01 -2.5052807229E+00
  2.2497245720E+00  3.4909776455E+00 -5.3277961501E-03  3.2572892193E-01 -2.6481178155E+00
  2.2745589063E+00  3.4938505082E+00 -5.3778013853E-03  3.3104457370E-01 -2.7787529464E+00
  2.2993927706E+00  3.4967274657E+00 -5.4256228254E-03  3.3685449355E-01 -2.9224691814E+00
  2.3242249383E+00  3.4996191277E+00 -5.4669946955E-03  3.4330395170E-01 -3.1357865478E+00
  2.3490553819E+00  3.5025256411E+00 -5.5021164843E-03  3.5056682514E-01 -3.5140921444E+00
  2.3738847161E+00  3.5054416629E+00 -5.5333343517E-03  3.5881062794E-01 -4.1911119139E+00
  2.3987134139E+00  3.5083631222E+00 -5.5623641414E-03  3.6813875191E-01 -5.3247183379E+00
  2.4235417363E+00  3.5112877817E+00 -5.5901293384E-03  3.7851386262E-01 -7.0650090124E+00
  2.4483698215E+00  3.5142144615E+00 -5.6171096068E-03  3.8967525487E-01 -9.5045498229E+00
  2.4731977449E+00  3.5171425195E+00 -5.6435629048E-03  4.0107260214E-01 -1.2618022342E+01
  2.4980255492E+00  3.5200715895E+00 -5.6696357990E-03  4.1184535836E-01 -1.6208975165E+01
  2.5228532605E+00  3.5230014506E+00 -5.6954187608E-03  4.2087577789E-01 -1.9890917710E+01
  2.5476808961E+00  3.5259319553E+00 -5.7209783926E-03  4.2692900742E-01 -2.3129843832E+01
