 AIMInt (Version 19.10.12, Professional)
 Portions Copyright (c) 1997-2019 by Todd A. Keith
 AIMInt is a component of the AIMAll package ( http://aim.tkgristmill.com )

 TP:  64-bit Mac OS X

 AIMInt is a heavily modified and extended version of the PROAIMV program
 developed by members of R.F.W. Bader's research group

 Much of the Quantum Theory of Atoms in Molecules (QTAIM) is described in the book:
   "Atoms in Molecules - A Quantum Theory"
   R.F.W. Bader, Oxford University Press, Oxford, 1990

 For additional references see:  http://aim.tkgristmill.com/references.html

 Current Directory:  /Users/chemlab/Documents/SubstituentCoding/BCP Map Reference/BCPMapReference

 Inp File:  SubH_SMeONH_wb97xd_aug-cc-pvtz_reor_atomicfiles/n3.inp
 Wfx File:  SubH_SMeONH_wb97xd_aug-cc-pvtz_reor.wfx
 Out File:  SubH_SMeONH_wb97xd_aug-cc-pvtz_reor_atomicfiles/n3.int

 Wfx Title:   Title Card Required                                                           
 Job Title:   Title Card Required                                                           
 
<Atom>
N3      
</Atom>
<Nuclei of Molecule>
     9
S1        16.0           0.0000000000E+00   0.0000000000E+00   0.0000000000E+00
H2         1.0          -2.5939193368E+00   0.0000000000E+00   0.0000000000E+00
N3         7.0           1.0860539497E+00  -8.7289378769E-01   2.5229109879E+00
H4         1.0           8.9558845358E-01  -2.7673735183E+00   2.7432587232E+00
O5         8.0           6.8529217154E-01  -1.1012076635E+00  -2.4254710398E+00
C6         6.0           5.6008080825E-01   3.3020582972E+00   0.0000000000E+00
H7         1.0          -2.6956187276E-01   4.0807501824E+00  -1.7092398942E+00
H8         1.0          -2.5569128301E-01   4.1176092905E+00   1.6971360094E+00
H9         1.0           2.6019827982E+00   3.5323686686E+00  -5.7640615224E-03
</Nuclei of Molecule>
<Total Number of CPs of DelSqRho>
    30
</Total Number of CPs of DelSqRho>
<Number of (3,+3) CPs of DelSqRho>
     6
</Number of (3,+3) CPs of DelSqRho>
<Number of (3,+1) CPs of DelSqRho>
    11
</Number of (3,+1) CPs of DelSqRho>
<Number of (3,-1) CPs of DelSqRho>
     9
</Number of (3,-1) CPs of DelSqRho>
<Number of (3,-3) CPs of DelSqRho>
     4
</Number of (3,-3) CPs of DelSqRho>
<Number of Degenerate CPs of DelSqRho>
     0
</Number of Degenerate CPs of DelSqRho>
<CP of DelSqRho>
CP# = 1       
Type = (3,+3)
Coords =  1.08605363663618E+00 -8.72894100713190E-01  2.52291048249752E+00
DistFromNuc =  6.7190441582E-07
Rho =  1.9631524040E+02
DelSqRho = -1.6603647113E+06
GradDelSqRho = -2.2288604669E-06 -9.0714092948E-07 -6.5238764364E-06
HessDelSqRho_EigVals =  4.9271484529E+10  4.9271485688E+10  4.9271494283E+10
HessDelSqRho_EigVec1 =  9.0190783366E-01 -1.1473939490E-01 -4.1640981117E-01
HessDelSqRho_EigVec2 =  3.8348762939E-01  6.5631847900E-01  6.4975633297E-01
HessDelSqRho_EigVec3 = -1.9874480543E-01  7.4570833801E-01 -6.3593991613E-01
</CP of DelSqRho>
<CP of DelSqRho>
CP# = 2       
Type = (3,+3)
Coords =  4.91250540410966E-01 -4.96180367432054E-01  1.14702960484519E+00
DistFromNuc =  1.5455593412E+00
Rho =  2.9933047055E-01
DelSqRho = -7.3208705750E-01
GradDelSqRho = -7.2963857178E-13  1.2735437704E-12 -2.9831692672E-12
HessDelSqRho_EigVals =  1.6822046110E+00  2.7602441225E+00  1.5226561207E+01
HessDelSqRho_EigVec1 =  9.1708412038E-01 -2.4637778828E-02 -3.9793177305E-01
HessDelSqRho_EigVec2 =  1.9315397379E-01  9.0059347210E-01  3.8938790482E-01
HessDelSqRho_EigVec3 =  3.4878110407E-01 -4.3396356744E-01  8.3067885707E-01
</CP of DelSqRho>
<CP of DelSqRho>
CP# = 3       
Type = (3,+1)
Coords =  9.61542133459022E-01 -2.07813783155671E+00  2.65979645889419E+00
DistFromNuc =  1.2193662410E+00
Rho =  3.5111722541E-01
DelSqRho = -1.1771995364E+00
GradDelSqRho =  6.9243222267E-14  1.1476375406E-12 -1.9684254227E-13
HessDelSqRho_EigVals = -2.2230927454E+01  1.2671976266E+01  1.2951423959E+01
HessDelSqRho_EigVec1 =  1.0008466483E-01  9.8871724256E-01 -1.1145077000E-01
HessDelSqRho_EigVec2 =  9.1622742357E-01 -1.3525862799E-01 -3.7713712607E-01
HessDelSqRho_EigVec3 =  3.8795665759E-01  6.4368608995E-02  9.1942716623E-01
</CP of DelSqRho>
<CP of DelSqRho>
CP# = 4       
Type = (3,+1)
Coords =  9.93615055845277E-01 -9.96717113140073E-01  2.40597535036438E+00
DistFromNuc =  1.9378108358E-01
Rho =  1.4676575940E+01
DelSqRho =  6.1373378392E+02
GradDelSqRho = -9.8054897535E-12  3.7800873542E-12  2.3590018827E-12
HessDelSqRho_EigVals = -1.5722614505E+05  1.9443486098E+02  9.2995842391E+02
HessDelSqRho_EigVec1 =  4.7702727764E-01  6.4024115637E-01  6.0210982227E-01
HessDelSqRho_EigVec2 = -8.5777752472E-01  1.8989956739E-01  4.7765664697E-01
HessDelSqRho_EigVec3 =  1.9147504923E-01 -7.4433152290E-01  6.3977174799E-01
</CP of DelSqRho>
<CP of DelSqRho>
CP# = 5       
Type = (3,-3)
Coords =  1.17142562067465E+00 -8.76434471584532E-01  2.69301537061639E+00
DistFromNuc =  1.9035850298E-01
Rho =  1.5064657444E+01
DelSqRho =  6.5429807071E+02
GradDelSqRho =  1.2931877791E-11  1.4122036873E-13 -6.8212102633E-12
HessDelSqRho_EigVals = -1.8777400958E+05 -1.0916950201E+03 -6.1760110138E+02
HessDelSqRho_EigVec1 =  4.4906982397E-01 -1.4796993415E-02  8.9337413337E-01
HessDelSqRho_EigVec2 =  8.8407792055E-01 -1.3743791913E-01 -4.4667331327E-01
HessDelSqRho_EigVec3 =  1.2939290397E-01  9.9039985227E-01 -4.8637526982E-02
</CP of DelSqRho>
<CP of DelSqRho>
CP# = 6       
Type = (3,+1)
Coords =  1.63333180411045E+00 -1.46791606196135E+00  2.45709457907593E+00
DistFromNuc =  8.1110810408E-01
Rho =  4.2235082337E-01
DelSqRho = -9.6100576414E-01
GradDelSqRho = -4.1908698734E-12  4.6203041393E-12 -2.5246471580E-13
HessDelSqRho_EigVals = -5.3785603437E+00  2.3830710020E+00  6.6005752483E+01
HessDelSqRho_EigVec1 = -6.7020414100E-01 -7.1363829916E-01  2.0383029057E-01
HessDelSqRho_EigVec2 =  2.0737605462E-01  8.3634726665E-02  9.7467964197E-01
HessDelSqRho_EigVec3 =  7.1261601256E-01 -6.9550385367E-01 -9.1939154760E-02
</CP of DelSqRho>
<CP of DelSqRho>
CP# = 7       
Type = (3,-1)
Coords =  1.02877298872467E+00 -1.22254078856776E-01  2.15931830178018E+00
DistFromNuc =  8.3602674742E-01
Rho =  4.0223106804E-01
DelSqRho = -6.6432888545E-01
GradDelSqRho = -5.1736392948E-14  5.5866422599E-13 -1.1368683772E-13
HessDelSqRho_EigVals = -4.4517734786E+00 -3.6516636638E+00  5.5630800119E+01
HessDelSqRho_EigVec1 =  3.7439904971E-01  3.6482466221E-01  8.5248361710E-01
HessDelSqRho_EigVec2 =  9.2661329131E-01 -1.1266675430E-01 -3.5873947488E-01
HessDelSqRho_EigVec3 = -3.4830445510E-02  9.2423436872E-01 -3.8023370674E-01
</CP of DelSqRho>
<CP of DelSqRho>
CP# = 8       
Type = (3,-1)
Coords =  1.33706075605438E+00 -1.29231380760648E+00  3.18928914713669E+00
DistFromNuc =  8.2642447991E-01
Rho =  3.8499640265E-01
DelSqRho = -6.2350329188E-01
GradDelSqRho =  6.6613381478E-16 -4.4408920985E-16 -3.5527136788E-15
HessDelSqRho_EigVals = -5.6645622869E+00 -2.1309921072E+00  5.8167016490E+01
HessDelSqRho_EigVec1 =  3.2698182811E-01  8.6427033207E-01  3.8225603616E-01
HessDelSqRho_EigVec2 = -8.9137771121E-01  1.4770920155E-01  4.2851810666E-01
HessDelSqRho_EigVec3 =  3.1389275246E-01 -4.8085214450E-01  8.1868953522E-01
</CP of DelSqRho>
<CP of DelSqRho>
CP# = 9       
Type = (3,-1)
Coords =  7.28733292541857E-01 -1.38541094108115E+00  1.92696910839471E+00
DistFromNuc =  8.6342261282E-01
Rho =  3.6806813298E-01
DelSqRho = -3.7847556536E-01
GradDelSqRho = -1.6431300764E-14 -1.9095836024E-13 -2.2559731860E-13
HessDelSqRho_EigVals = -6.0889487159E+00 -1.2433769131E+00  4.2545375119E+01
HessDelSqRho_EigVec1 =  1.5989507386E-01 -7.7279641757E-01  6.1418178282E-01
HessDelSqRho_EigVec2 =  9.0011302146E-01 -1.4128765052E-01 -4.1210963155E-01
HessDelSqRho_EigVec3 =  4.0525314799E-01  6.1872732023E-01  6.7301291907E-01
</CP of DelSqRho>
<CP of DelSqRho>
CP# = 10      
Type = (3,+3)
Coords =  1.00033241321299E+00 -3.63957580071996E-01  3.08827980928664E+00
DistFromNuc =  7.6551038490E-01
Rho =  4.9327508190E-01
DelSqRho = -1.7022114658E+00
GradDelSqRho =  4.4408920985E-15 -1.7763568394E-14 -8.8817841970E-15
HessDelSqRho_EigVals =  3.9639413419E-01  5.3688272721E+00  1.0042308696E+02
HessDelSqRho_EigVec1 =  9.8807221364E-01  1.5376890106E-01  8.2719828319E-03
HessDelSqRho_EigVec2 = -1.0831999467E-01  7.3220394494E-01 -6.7241665786E-01
HessDelSqRho_EigVec3 = -1.0945354899E-01  6.6350019448E-01  7.4012661926E-01
</CP of DelSqRho>
<CP of DelSqRho>
CP# = 11      
Type = (3,+1)
Coords =  5.61301286379927E-01 -1.29251170672680E+00  2.97769985286435E+00
DistFromNuc =  8.1134300223E-01
Rho =  4.2186204510E-01
DelSqRho = -9.6134059166E-01
GradDelSqRho =  6.6613381478E-16  1.5543122345E-15  5.1070259133E-15
HessDelSqRho_EigVals = -5.2006680695E+00  2.4109375653E+00  6.5743642953E+01
HessDelSqRho_EigVec1 = -3.5973944551E-01  8.8188049086E-01  3.0475290186E-01
HessDelSqRho_EigVec2 =  6.5323809403E-01  4.8257763474E-03  7.5713717673E-01
HessDelSqRho_EigVec3 =  6.6623383572E-01  4.7144831289E-01 -5.7781395312E-01
</CP of DelSqRho>
<CP of DelSqRho>
CP# = 12      
Type = (3,+3)
Coords =  1.72125228809200E+00 -4.95684386532987E-01  2.72010163317044E+00
DistFromNuc =  7.6462279067E-01
Rho =  4.9518840428E-01
DelSqRho = -1.7148032970E+00
GradDelSqRho =  1.7763568394E-15  3.5527136788E-15  8.5487172896E-15
HessDelSqRho_EigVals =  5.4444396778E-01  5.4042015472E+00  1.0116141347E+02
HessDelSqRho_EigVec1 = -4.8706025717E-01  4.1644024549E-01  7.6769123209E-01
HessDelSqRho_EigVec2 = -2.6999975797E-01  7.6414524098E-01 -5.8581753249E-01
HessDelSqRho_EigVec3 =  8.3058559859E-01  4.9260488489E-01  2.5974601209E-01
</CP of DelSqRho>
<CP of DelSqRho>
CP# = 13      
Type = (3,+1)
Coords =  1.20449695348117E+00 -6.45331390106059E-01  1.71440845201993E+00
DistFromNuc =  8.4822741086E-01
Rho =  4.2633968874E-01
DelSqRho = -1.1064267983E+00
GradDelSqRho =  2.9709568139E-13  1.3267165144E-13 -5.5822013678E-13
HessDelSqRho_EigVals = -1.5151889597E+00  4.2250298300E+00  5.1971718891E+01
HessDelSqRho_EigVec1 =  9.7087797011E-01 -6.7133109828E-02  2.2997633077E-01
HessDelSqRho_EigVec2 =  1.3035614988E-03  9.6140247698E-01  2.7514283196E-01
HessDelSqRho_EigVec3 = -2.3957100801E-01 -2.6683032590E-01  9.3349199745E-01
</CP of DelSqRho>
<CP of DelSqRho>
CP# = 14      
Type = (3,+3)
Coords =  7.90748925597917E-01 -6.12483185056875E-01  1.73560032386459E+00
DistFromNuc =  8.8027087932E-01
Rho =  4.2694951038E-01
DelSqRho = -1.1519396344E+00
GradDelSqRho =  2.1094237468E-15  8.8817841970E-16  3.5527136788E-15
HessDelSqRho_EigVals =  1.2845077723E+00  5.3860717084E+00  3.8555103628E+01
HessDelSqRho_EigVec1 =  9.2204968185E-01 -1.2644094396E-01 -3.6583749383E-01
HessDelSqRho_EigVec2 =  2.3074142442E-01  9.3839922087E-01  2.5722615987E-01
HessDelSqRho_EigVec3 =  3.1077770071E-01 -3.2158916331E-01  8.9442586657E-01
</CP of DelSqRho>
<CP of DelSqRho>
CP# = 15      
Type = (3,+1)
Coords =  1.33447359233779E+00 -3.53185859286641E-01  3.02690219683587E+00
DistFromNuc =  7.6538603877E-01
Rho =  4.9256535185E-01
DelSqRho = -1.6957942505E+00
GradDelSqRho =  1.0658141036E-14  2.4868995752E-14  1.2434497876E-14
HessDelSqRho_EigVals = -2.4855749498E-01  5.5606100520E+00  1.0097777885E+02
HessDelSqRho_EigVec1 =  9.2819370018E-01 -9.5567107526E-02 -3.5961560437E-01
HessDelSqRho_EigVec2 =  1.8182040426E-01 -7.2673362593E-01  6.6241948758E-01
HessDelSqRho_EigVec3 =  3.2465026650E-01  6.8023904982E-01  6.5717352318E-01
</CP of DelSqRho>
<CP of DelSqRho>
CP# = 16      
Type = (3,+1)
Coords =  4.45216643348134E-01 -5.14984053868279E-01  2.09777783222573E+00
DistFromNuc =  8.4823937119E-01
Rho =  4.2295172800E-01
DelSqRho = -1.0688475481E+00
GradDelSqRho = -3.5527136788E-15  8.8817841970E-16 -3.9968028887E-15
HessDelSqRho_EigVals = -1.8331839262E+00  3.7966568051E+00  5.2047879487E+01
HessDelSqRho_EigVec1 = -3.8216280721E-01  1.6443129874E-01  9.0934808340E-01
HessDelSqRho_EigVec2 =  4.7080296380E-01  8.8139870561E-01  3.8482346917E-02
HessDelSqRho_EigVec3 =  7.9517052137E-01 -4.4283029452E-01  4.1425254639E-01
</CP of DelSqRho>
<CP of DelSqRho>
CP# = 17      
Type = (3,+3)
Coords =  1.00268122447707E+00 -1.72435391199652E+00  2.63248734587568E+00
DistFromNuc =  8.6252091732E-01
Rho =  4.5429238189E-01
DelSqRho = -1.7883278248E+00
GradDelSqRho =  9.0466523162E-13  1.7790213747E-12 -9.6056496091E-13
HessDelSqRho_EigVals =  9.4391251243E+00  1.1632822369E+01  4.2245185438E+01
HessDelSqRho_EigVec1 =  8.9509314867E-01 -1.4308225854E-01 -4.2229814409E-01
HessDelSqRho_EigVec2 =  4.3835236696E-01  1.0909578328E-01  8.9215767242E-01
HessDelSqRho_EigVec3 =  8.1580987940E-02  9.8367961113E-01 -1.6037133486E-01
</CP of DelSqRho>
<CP of DelSqRho>
CP# = 18      
Type = (3,-1)
Coords =  2.33625414193009E+00 -2.76562544735757E-01  2.73556544465924E+00
DistFromNuc =  1.4013683991E+00
Rho =  1.3486140718E-01
DelSqRho =  2.4651009291E-01
GradDelSqRho =  7.0776717820E-16  6.4531713306E-16  4.0592529338E-16
HessDelSqRho_EigVals = -4.6173576325E+00 -2.0853347545E-02  5.9381016994E-02
HessDelSqRho_EigVec1 =  8.9338254324E-01  4.2230086372E-01  1.5339365026E-01
HessDelSqRho_EigVec2 = -2.2806078813E-01  1.3207341807E-01  9.6464754660E-01
HessDelSqRho_EigVec3 = -3.8711226842E-01  8.9678235528E-01 -2.1430235393E-01
</CP of DelSqRho>
<CP of DelSqRho>
CP# = 19      
Type = (3,-1)
Coords =  9.15584085841315E-01  1.42198775054300E-03  3.60515935808626E+00
DistFromNuc =  1.4016952537E+00
Rho =  1.3391031533E-01
DelSqRho =  2.4558640770E-01
GradDelSqRho =  1.6375789613E-15 -2.0955459590E-15 -2.6090241079E-15
HessDelSqRho_EigVals = -4.5559994383E+00 -1.6788903806E-02  5.1905180770E-02
HessDelSqRho_EigVec1 = -1.2071124070E-01  6.1992183116E-01  7.7532297761E-01
HessDelSqRho_EigVec2 = -9.5914227403E-01  1.2848827017E-01 -2.5206519512E-01
HessDelSqRho_EigVec3 =  2.5588062555E-01  7.7407214630E-01 -5.7908325636E-01
</CP of DelSqRho>
<CP of DelSqRho>
CP# = 20      
Type = (3,-3)
Coords =  1.47134917155507E+00 -1.62671964296064E+00  3.57851307125011E+00
DistFromNuc =  1.3531450722E+00
Rho =  1.3989530125E-01
DelSqRho =  3.4122014881E-01
GradDelSqRho = -7.9485029669E-14  1.1100842467E-13 -3.3173463976E-13
HessDelSqRho_EigVals = -4.9094406912E+00 -7.9788382403E-01 -8.1327282953E-02
HessDelSqRho_EigVec1 =  3.3138953421E-01 -4.3545863886E-01  8.3699268244E-01
HessDelSqRho_EigVec2 =  3.0688739538E-01  8.8862990824E-01  3.4081815202E-01
HessDelSqRho_EigVec3 =  8.9218893917E-01 -1.4391893561E-01 -4.2811941885E-01
</CP of DelSqRho>
<CP of DelSqRho>
CP# = 21      
Type = (3,+1)
Coords =  6.00006716193274E-01 -5.20662090953228E-01  1.38815446607889E+00
DistFromNuc =  1.2837372961E+00
Rho =  3.2639866863E-01
DelSqRho = -6.0497056873E-01
GradDelSqRho =  1.6098233857E-15 -4.9960036108E-16 -9.9920072216E-16
HessDelSqRho_EigVals = -8.9026278979E+00  3.2593454836E+00  4.7546788567E+00
HessDelSqRho_EigVec1 =  3.8391316886E-01 -2.6738374035E-01  8.8380801884E-01
HessDelSqRho_EigVec2 =  9.0170865408E-01 -9.7538759743E-02 -4.2119792675E-01
HessDelSqRho_EigVec3 =  1.9882701509E-01  9.5864076992E-01  2.0365581829E-01
</CP of DelSqRho>
<CP of DelSqRho>
CP# = 22      
Type = (3,-1)
Coords =  2.07608358271518E+00 -1.83569804679123E+00  2.50680142546137E+00
DistFromNuc =  1.3810902337E+00
Rho =  1.4140628391E-01
DelSqRho =  3.1952990584E-01
GradDelSqRho = -7.5738582073E-12  4.8599041458E-12  5.9255378382E-13
HessDelSqRho_EigVals = -4.9104562679E+00 -7.2024824159E-01  4.2098583473E-02
HessDelSqRho_EigVec1 =  7.9317602646E-01 -6.0845852070E-01 -2.5495482526E-02
HessDelSqRho_EigVec2 =  6.0073290503E-01  7.8860415774E-01 -1.3123817743E-01
HessDelSqRho_EigVec3 =  9.9958830824E-02  8.8779000813E-02  9.9102296702E-01
</CP of DelSqRho>
<CP of DelSqRho>
CP# = 23      
Type = (3,+1)
Coords =  1.76715610959310E+00 -1.31046670892027E-01  3.49725311973169E+00
DistFromNuc =  1.4012779477E+00
Rho =  1.3199553856E-01
DelSqRho =  2.4384331002E-01
GradDelSqRho = -6.3837823916E-16 -3.6082248300E-16  0.0000000000E+00
HessDelSqRho_EigVals = -4.4319901132E+00  9.5843529060E-03  6.4199807508E-02
HessDelSqRho_EigVec1 =  4.8694882403E-01  5.2068203611E-01  7.0126390186E-01
HessDelSqRho_EigVec2 =  8.6516519967E-01 -1.7734712530E-01 -4.6908120238E-01
HessDelSqRho_EigVec3 = -1.1987501848E-01  8.3512766354E-01 -5.3683495185E-01
</CP of DelSqRho>
<CP of DelSqRho>
CP# = 24      
Type = (3,-1)
Coords =  2.17280673421729E-01 -1.54483407536499E+00  3.36227936823528E+00
DistFromNuc =  1.3823205249E+00
Rho =  1.4174110822E-01
DelSqRho =  3.1630640131E-01
GradDelSqRho = -4.9960036108E-16 -3.8857805862E-16 -5.5511151231E-16
HessDelSqRho_EigVals = -4.8963069522E+00 -6.9889755480E-01  4.9427326733E-02
HessDelSqRho_EigVec1 =  6.6407379933E-01  3.8189545806E-01 -6.4277667051E-01
HessDelSqRho_EigVec2 = -2.6537041784E-01  9.2412794179E-01  2.7489286737E-01
HessDelSqRho_EigVec3 =  6.9898821905E-01 -1.1975237216E-02  7.1503291065E-01
</CP of DelSqRho>
<CP of DelSqRho>
CP# = 25      
Type = (3,-3)
Coords =  8.21440778550667E-01 -1.78935570147697E+00  1.54611731858023E+00
DistFromNuc =  1.3653015939E+00
Rho =  1.6011739773E-01
DelSqRho =  3.7052584723E-01
GradDelSqRho =  6.2450045135E-16  8.2711615335E-15  1.1102230246E-14
HessDelSqRho_EigVals = -4.8463969047E+00 -1.1812254407E+00 -8.1583886305E-02
HessDelSqRho_EigVec1 =  1.9083591939E-01  6.4726553658E-01  7.3798982176E-01
HessDelSqRho_EigVec2 = -8.7034144262E-02  7.6000257120E-01 -6.4406610647E-01
HessDelSqRho_EigVec3 =  9.7775595606E-01 -5.8680634965E-02 -2.0136999150E-01
</CP of DelSqRho>
<CP of DelSqRho>
CP# = 26      
Type = (3,-3)
Coords =  1.09602252786792E+00  4.15416242812824E-01  2.02775524564937E+00
DistFromNuc =  1.3802250963E+00
Rho =  1.5176098867E-01
DelSqRho =  3.5049952231E-01
GradDelSqRho = -6.2450045135E-17  9.4368957093E-16  4.3021142204E-16
HessDelSqRho_EigVals = -4.2087670667E+00 -6.0602506836E-01 -3.4826542534E-01
HessDelSqRho_EigVec1 =  6.4410401939E-02  9.6754249581E-01 -2.4436206524E-01
HessDelSqRho_EigVec2 =  4.2945306728E-01  1.9416081897E-01  8.8197031661E-01
HessDelSqRho_EigVec3 =  9.0078930007E-01 -1.6175010104E-01 -4.0300811615E-01
</CP of DelSqRho>
<CP of DelSqRho>
CP# = 27      
Type = (3,-1)
Coords = -8.96403660877324E-01 -9.53673743486016E-01  1.55389165167439E+00
DistFromNuc =  2.2080901370E+00
Rho =  6.9418203802E-02
DelSqRho =  1.5201177816E-01
GradDelSqRho =  3.8857805862E-16  1.4571677198E-16  1.6479873022E-16
HessDelSqRho_EigVals = -8.6767377289E-01 -4.9434282393E-02  7.9494441615E-02
HessDelSqRho_EigVec1 =  7.1295550956E-01  4.5124933050E-01 -5.3672011618E-01
HessDelSqRho_EigVec2 =  1.2338739862E-02  7.5722886387E-01  6.5303307973E-01
HessDelSqRho_EigVec3 =  7.0110070382E-01 -4.7220598201E-01  5.3430264239E-01
</CP of DelSqRho>
<CP of DelSqRho>
CP# = 28      
Type = (3,+1)
Coords = -6.56928395455502E-01  8.96201523024399E-02  1.96875203568730E+00
DistFromNuc =  2.0667638192E+00
Rho =  7.4296069646E-02
DelSqRho =  1.3828306256E-01
GradDelSqRho =  1.0103029524E-14 -4.8572257327E-15  6.5225602697E-16
HessDelSqRho_EigVals = -7.1159423114E-01  5.9813961863E-02  2.3398923574E-01
HessDelSqRho_EigVec1 = -5.9096904387E-01  2.7283776685E-01  7.5915422818E-01
HessDelSqRho_EigVec2 =  4.1450714403E-01  9.1003547906E-01 -4.3879848758E-03
HessDelSqRho_EigVec3 =  6.9205448971E-01 -3.1208168777E-01  6.5089600047E-01
</CP of DelSqRho>
<CP of DelSqRho>
CP# = 29      
Type = (3,-1)
Coords =  1.08252077058041E+00 -1.60830652156876E+00  5.01357779849969E-01
DistFromNuc =  2.1511675308E+00
Rho =  7.0571751022E-02
DelSqRho =  1.7117157156E-01
GradDelSqRho = -5.7245874707E-17  7.6327832943E-17 -8.3266726847E-17
HessDelSqRho_EigVals = -9.6586966010E-01 -9.3384338692E-02  2.6332580329E-01
HessDelSqRho_EigVec1 = -4.7392580323E-01  8.7254283637E-01  1.1858891913E-01
HessDelSqRho_EigVec2 =  8.7920621297E-01  4.7636189243E-01  8.7053152185E-03
HessDelSqRho_EigVec3 =  4.8895481507E-02 -1.0838978800E-01  9.9290527531E-01
</CP of DelSqRho>
<CP of DelSqRho>
CP# = 30      
Type = (3,+1)
Coords =  1.94897632450513E+00 -3.26395779474935E-01  5.70893515668858E-01
DistFromNuc =  2.2031040171E+00
Rho =  6.4668076556E-02
DelSqRho =  1.2771358814E-01
GradDelSqRho = -2.0630025466E-12 -8.5867164074E-13  3.5685898681E-12
HessDelSqRho_EigVals = -7.4854773486E-01  6.2018620991E-02  1.1296586222E-01
HessDelSqRho_EigVec1 =  9.9321123877E-01 -5.8132707484E-03 -1.1617934866E-01
HessDelSqRho_EigVec2 = -4.3791140465E-02  9.0659138302E-01 -4.1973134295E-01
HessDelSqRho_EigVec3 =  1.0776720832E-01  4.2196951326E-01  9.0018218083E-01
</CP of DelSqRho>
<Path of -GradDelSqRho>
Starting CP# =      3
Ending CP# =     17
Number of Points =     15
  9.6154213346E-01 -2.0781378316E+00  2.6597964589E+00  3.5111722541E-01 -1.1771995364E+00
  9.6404908022E-01 -2.0534195436E+00  2.6570177132E+00  3.5559520097E-01 -1.1839135279E+00
  9.6656648867E-01 -2.0287004456E+00  2.6542556825E+00  3.6059664049E-01 -1.2031335070E+00
  9.6909525207E-01 -2.0039803994E+00  2.6515125768E+00  3.6610108570E-01 -1.2334889189E+00
  9.7163654996E-01 -1.9792592220E+00  2.6487913404E+00  3.7208484025E-01 -1.2735971767E+00
  9.7419197111E-01 -1.9545366717E+00  2.6460959288E+00  3.7852134407E-01 -1.3220180322E+00
  9.7676369061E-01 -1.9298124306E+00  2.6434317145E+00  3.8538158324E-01 -1.3771990310E+00
  9.7935473958E-01 -1.9050860780E+00  2.6408061178E+00  3.9263457748E-01 -1.4374148155E+00
  9.8196944639E-01 -1.8803570498E+00  2.6382296560E+00  4.0024799040E-01 -1.5007024921E+00
  9.8461422230E-01 -1.8556245738E+00  2.6357178377E+00  4.0818890669E-01 -1.5647944973E+00
  9.8729910978E-01 -1.8308875611E+00  2.6332949319E+00  4.1642480810E-01 -1.6270488768E+00
  9.9004126253E-01 -1.8061444246E+00  2.6310025012E+00  4.2492472728E-01 -1.6843739524E+00
  9.9287438425E-01 -1.7813928536E+00  2.6289227168E+00  4.3366030291E-01 -1.7331393396E+00
  9.9588377496E-01 -1.7566307918E+00  2.6272658543E+00  4.4260464559E-01 -1.7690596781E+00
  1.0026812245E+00 -1.7243539120E+00  2.6324873459E+00  4.5429238189E-01 -1.7883278248E+00
</Path of -GradDelSqRho>
<Path of -GradDelSqRho>
Starting CP# =      3
Ending CP# =      0
Number of Points =     29
  9.6154213346E-01 -2.0781378316E+00  2.6597964589E+00  3.5111722541E-01 -1.1771995364E+00
  9.5904464954E-01 -2.1028554338E+00  2.6625897885E+00  3.4717956109E-01 -1.1843832060E+00
  9.5655637369E-01 -2.1275724041E+00  2.6653968939E+00  3.4379503152E-01 -1.2068928505E+00
  9.5407679497E-01 -2.1522888014E+00  2.6682167118E+00  3.4097199091E-01 -1.2461830469E+00
  9.5160541402E-01 -2.1770046726E+00  2.6710483142E+00  3.3871381933E-01 -1.3036846486E+00
  9.4914168330E-01 -2.2017200596E+00  2.6738907891E+00  3.3701839645E-01 -1.3806933514E+00
  9.4668493567E-01 -2.2264350077E+00  2.6767431079E+00  3.3587761853E-01 -1.4781655613E+00
  9.4423429044E-01 -2.2511495754E+00  2.6796039598E+00  3.3527709441E-01 -1.5963851286E+00
  9.4178852198E-01 -2.2758638474E+00  2.6824715317E+00  3.3519625619E-01 -1.7344762617E+00
  9.3934586691E-01 -2.3005779523E+00  2.6853431960E+00  3.3560925367E-01 -1.8897882494E+00
  9.3690372932E-01 -2.3252920873E+00  2.6882150410E+00  3.3648714509E-01 -2.0572934063E+00
  9.3445823019E-01 -2.3500065543E+00  2.6910811612E+00  3.3780198805E-01 -2.2293379330E+00
  9.3200362843E-01 -2.3747217998E+00  2.6939327441E+00  3.3953335766E-01 -2.3963435089E+00
  9.2953231991E-01 -2.3994383982E+00  2.6967580357E+00  3.4167740363E-01 -2.5492759663E+00
  9.2703937707E-01 -2.4241566888E+00  2.6995493128E+00  3.4425763409E-01 -2.6846826213E+00
  9.2454160227E-01 -2.4488754153E+00  2.7023324015E+00  3.4733518659E-01 -2.8126097646E+00
  9.2209275644E-01 -2.4735904433E+00  2.7051905202E+00  3.5101484542E-01 -2.9665990051E+00
  9.1972763372E-01 -2.4982983517E+00  2.7081777624E+00  3.5544139897E-01 -3.2133357170E+00
  9.1742812013E-01 -2.5230000163E+00  2.7112663359E+00  3.6077948274E-01 -3.6577963711E+00
  9.1516675094E-01 -2.5476977656E+00  2.7144139015E+00  3.6717218396E-01 -4.4386831911E+00
  9.1292669930E-01 -2.5723932283E+00  2.7175945020E+00  3.7467842837E-01 -5.7092294020E+00
  9.1069925259E-01 -2.5970873014E+00  2.7207946904E+00  3.8319565891E-01 -7.6005970387E+00
  9.0847989458E-01 -2.6217804651E+00  2.7240074938E+00  3.9238312741E-01 -1.0169822721E+01
  9.0626618767E-01 -2.6464729827E+00  2.7272291497E+00  4.0160986770E-01 -1.3342239557E+01
  9.0405675653E-01 -2.6711650038E+00  2.7304575402E+00  4.0995591279E-01 -1.6868452192E+01
  9.0185078934E-01 -2.6958566154E+00  2.7336914268E+00  4.1629037108E-01 -2.0323055102E+01
  8.9964777110E-01 -2.7205478695E+00  2.7369300502E+00  4.1943165617E-01 -2.3167362434E+01
  8.9744728004E-01 -2.7452387989E+00  2.7401728640E+00  4.1836532256E-01 -2.4875323631E+01
  8.9612768879E-01 -2.7600532213E+00  2.7421200589E+00  4.1542358069E-01 -2.5193874043E+01
</Path of -GradDelSqRho>
<Path of -GradDelSqRho>
Starting CP# =      4
Ending CP# =      1
Number of Points =      8
  9.9361505585E-01 -9.9671711314E-01  2.4059753504E+00  1.4676575940E+01  6.1373378392E+02
  1.0055407264E+00 -9.8071869458E-01  2.4210361918E+00  2.0386141028E+01  5.2581187463E+02
  1.0174663864E+00 -9.6473275245E-01  2.4361102845E+00  2.8452911757E+01 -3.8852722396E+01
  1.0293920447E+00 -9.4875315871E-01  2.4511911086E+00  3.9847253586E+01 -1.8037806222E+03
  1.0413177021E+00 -9.3277664334E-01  2.4662751946E+00  5.5861474770E+01 -5.5415357916E+03
  1.0532433759E+00 -9.1680618932E-01  2.4813656847E+00  7.8634819768E+01 -1.6310401052E+04
  1.0651690688E+00 -9.0084110891E-01  2.4964618450E+00  1.1087369371E+02 -4.7325826476E+04
  1.0860536366E+00 -8.7289410071E-01  2.5229104825E+00  1.9631524040E+02 -1.6603647113E+06
</Path of -GradDelSqRho>
<Path of -GradDelSqRho>
Starting CP# =      4
Ending CP# =     17
Number of Points =     57
  9.9361505585E-01 -9.9671711314E-01  2.4059753504E+00  1.4676575940E+01  6.1373378392E+02
  9.8168935289E-01 -1.0127299377E+00  2.3909298517E+00  1.0611055887E+01  5.8139520382E+02
  9.6976359221E-01 -1.0287507415E+00  2.3758928948E+00  7.7061598467E+00  5.1415409769E+02
  9.5783776979E-01 -1.0447733097E+00  2.3608578667E+00  5.6332212353E+00  4.2880089087E+02
  9.4591187806E-01 -1.0607981446E+00  2.3458253098E+00  4.1583545334E+00  3.3961034058E+02
  9.3398589438E-01 -1.0768280945E+00  2.3307982804E+00  3.1107378580E+00  2.5935761163E+02
  9.2205978447E-01 -1.0928664816E+00  2.3157803569E+00  2.3662205615E+00  1.9412055140E+02
  9.1013350975E-01 -1.1089167945E+00  2.3007753114E+00  1.8360926948E+00  1.4405509138E+02
  8.9820703914E-01 -1.1249824322E+00  2.2857868314E+00  1.4577736432E+00  1.0653179888E+02
  8.8628036197E-01 -1.1410663973E+00  2.2708181852E+00  1.1872385458E+00  7.8487768138E+01
  8.7435349586E-01 -1.1571712763E+00  2.2558721942E+00  9.9334956372E-01  5.7429187919E+01
  8.6242648845E-01 -1.1732996665E+00  2.2409516911E+00  8.5390253000E-01  4.1579613320E+01
  8.5049942035E-01 -1.1894548523E+00  2.2260602550E+00  7.5297113019E-01  2.9704271647E+01
  8.3857241860E-01 -1.2056414687E+00  2.2112029381E+00  6.7912386961E-01  2.0904633082E+01
  8.2664568785E-01 -1.2218660806E+00  2.1963869083E+00  6.2419268367E-01  1.4482031299E+01
  8.1471956717E-01 -1.2381377650E+00  2.1816221046E+00  5.8238910374E-01  9.8704409394E+00
  8.0279462576E-01 -1.2544688069E+00  2.1669220355E+00  5.4965106613E-01  6.6095589703E+00
  7.9087182107E-01 -1.2708756035E+00  2.1523048396E+00  5.2315498858E-01  4.3330885687E+00
  7.7895275983E-01 -1.2873798840E+00  2.1377947584E+00  5.0095350971E-01  2.7589585767E+00
  7.6704013577E-01 -1.3040104751E+00  2.1234243375E+00  4.8171096896E-01  1.6774204408E+00
  7.5513849795E-01 -1.3208061871E+00  2.1092381340E+00  4.6451441219E-01  9.3750312439E-01
  7.4325572007E-01 -1.3378212201E+00  2.0952998444E+00  4.4874182229E-01  4.3353729000E-01
  7.3140618505E-01 -1.3551363776E+00  2.0817075995E+00  4.3397310879E-01  9.3150893708E-02
  7.1961885573E-01 -1.3728842006E+00  2.0686302884E+00  4.1993425176E-01 -1.3256593742E-01
  7.0796222126E-01 -1.3913107071E+00  2.0564067418E+00  4.0647496769E-01 -2.7663459239E-01
  6.9664712487E-01 -1.4109447363E+00  2.0458852967E+00  3.9362392194E-01 -3.6185382539E-01
  6.8667136217E-01 -1.4329504312E+00  2.0399982538E+00  3.8213032310E-01 -4.0572060615E-01
  6.8254248196E-01 -1.4560410128E+00  2.0468719556E+00  3.7606431915E-01 -4.2860048139E-01
  6.8491409142E-01 -1.4747971247E+00  2.0631256469E+00  3.7601922492E-01 -4.5076803928E-01
  6.8949723711E-01 -1.4913818840E+00  2.0812537962E+00  3.7774625606E-01 -4.7691498746E-01
  6.9508715064E-01 -1.5071030591E+00  2.0998683701E+00  3.8007136113E-01 -5.0734973435E-01
  7.0138485143E-01 -1.5222568716E+00  2.1187268368E+00  3.8273820588E-01 -5.4208588289E-01
  7.0827665376E-01 -1.5369121123E+00  2.1377709663E+00  3.8566654607E-01 -5.8107449207E-01
  7.1570081869E-01 -1.5510826998E+00  2.1569812006E+00  3.8881691142E-01 -6.2421584809E-01
  7.2361529681E-01 -1.5647680301E+00  2.1763469580E+00  3.9216007478E-01 -6.7135725395E-01
  7.3198771978E-01 -1.5779636512E+00  2.1958595157E+00  3.9566885729E-01 -7.2228973252E-01
  7.4079154183E-01 -1.5906642613E+00  2.2155102284E+00  3.9931567412E-01 -7.7674528223E-01
  7.5000424974E-01 -1.6028644866E+00  2.2352901419E+00  4.0307178848E-01 -8.3439517493E-01
  7.5960640096E-01 -1.6145589661E+00  2.2551899713E+00  4.0690714295E-01 -8.9484956111E-01
  7.6958104796E-01 -1.6257422147E+00  2.2752001542E+00  4.1079041363E-01 -9.5765855033E-01
  7.7991336826E-01 -1.6364084177E+00  2.2953108924E+00  4.1468916697E-01 -1.0223148595E+00
  7.9059041777E-01 -1.6465512019E+00  2.3155121626E+00  4.1857007770E-01 -1.0882580513E+00
  8.0160096769E-01 -1.6561633914E+00  2.3357936917E+00  4.2239919506E-01 -1.1548803197E+00
  8.1293540623E-01 -1.6652367389E+00  2.3561448954E+00  4.2614225712E-01 -1.2215337215E+00
  8.2458569814E-01 -1.6737616129E+00  2.3765547799E+00  4.2976505834E-01 -1.2875387097E+00
  8.3654540285E-01 -1.6817266140E+00  2.3970117985E+00  4.3323387929E-01 -1.3521937948E+00
  8.4880975869E-01 -1.6891180881E+00  2.4175036485E+00  4.3651599035E-01 -1.4147861497E+00
  8.6137584740E-01 -1.6959194965E+00  2.4380169818E+00  4.3958024305E-01 -1.4746029769E+00
  8.7424286346E-01 -1.7021105991E+00  2.4585369833E+00  4.4239776628E-01 -1.5309434721E+00
  8.8741252982E-01 -1.7076664041E+00  2.4790467396E+00  4.4494278723E-01 -1.5831312357E+00
  9.0088973717E-01 -1.7125558459E+00  2.4995262693E+00  4.4719360114E-01 -1.6305269965E+00
  9.1468356087E-01 -1.7167401823E+00  2.5199509779E+00  4.4913371617E-01 -1.6725415083E+00
  9.2880899891E-01 -1.7201711965E+00  2.5402890905E+00  4.5075319492E-01 -1.7086484482E+00
  9.4329029241E-01 -1.7227895576E+00  2.5604970899E+00  4.5205018373E-01 -1.7383970707E+00
  9.5816834973E-01 -1.7245244758E+00  2.5805106617E+00  4.5303250940E-01 -1.7614242399E+00
  9.7352152362E-01 -1.7252984463E+00  2.6002226408E+00  4.5371885846E-01 -1.7774653259E+00
  1.0026812245E+00 -1.7243539120E+00  2.6324873459E+00  4.5429238189E-01 -1.7883278248E+00
</Path of -GradDelSqRho>
<Path of -GradDelSqRho>
Starting CP# =      6
Ending CP# =     17
Number of Points =     30
  1.6333318041E+00 -1.4679160620E+00  2.4570945791E+00  4.2235082337E-01 -9.6100576414E-01
  1.6166972566E+00 -1.4850990623E+00  2.4621299939E+00  4.2216507824E-01 -9.6263607673E-01
  1.5991689190E+00 -1.5021302716E+00  2.4673880571E+00  4.2219679685E-01 -9.6776904411E-01
  1.5811431397E+00 -1.5186016439E+00  2.4727470019E+00  4.2244921591E-01 -9.7652651072E-01
  1.5626419833E+00 -1.5345055511E+00  2.4781992738E+00  4.2291672331E-01 -9.8899756869E-01
  1.5436874989E+00 -1.5498355650E+00  2.4837376586E+00  4.2359162423E-01 -1.0052335346E+00
  1.5243015397E+00 -1.5645862736E+00  2.4893552971E+00  4.2446414862E-01 -1.0252422026E+00
  1.5045056082E+00 -1.5787530745E+00  2.4950456960E+00  4.2552247020E-01 -1.0489824609E+00
  1.4843207286E+00 -1.5923319540E+00  2.5008027353E+00  4.2675273819E-01 -1.0763595306E+00
  1.4637673493E+00 -1.6053192553E+00  2.5066206712E+00  4.2813912317E-01 -1.1072210868E+00
  1.4428652745E+00 -1.6177114411E+00  2.5124941365E+00  4.2966387939E-01 -1.1413545031E+00
  1.4216336258E+00 -1.6295048533E+00  2.5184181394E+00  4.3130742637E-01 -1.1784854306E+00
  1.4000908316E+00 -1.6406954692E+00  2.5243880607E+00  4.3304845331E-01 -1.2182778727E+00
  1.3782546423E+00 -1.6512786535E+00  2.5303996532E+00  4.3486405105E-01 -1.2603358597E+00
  1.3561421691E+00 -1.6612488988E+00  2.5364490432E+00  4.3672987719E-01 -1.3042067583E+00
  1.3337699445E+00 -1.6705995436E+00  2.5425327388E+00  4.3862036162E-01 -1.3493861843E+00
  1.3111540024E+00 -1.6793224511E+00  2.5486476479E+00  4.4050896130E-01 -1.3953244214E+00
  1.2883099807E+00 -1.6874076242E+00  2.5547911106E+00  4.4236847520E-01 -1.4414341989E+00
  1.2652532486E+00 -1.6948427229E+00  2.5609609540E+00  4.4417143252E-01 -1.4870996490E+00
  1.2419990726E+00 -1.7016124406E+00  2.5671555808E+00  4.4589057033E-01 -1.5316862462E+00
  1.2185628417E+00 -1.7076976822E+00  2.5733741128E+00  4.4749941987E-01 -1.5745515465E+00
  1.1949603903E+00 -1.7130744726E+00  2.5796166218E+00  4.4897302553E-01 -1.6150565630E+00
  1.1712084887E+00 -1.7177125101E+00  2.5858845182E+00  4.5028882554E-01 -1.6525776547E+00
  1.1473256154E+00 -1.7215732614E+00  2.5921812240E+00  4.5142773019E-01 -1.6865188399E+00
  1.1233332182E+00 -1.7246074922E+00  2.5985134113E+00  4.5237543805E-01 -1.7163244657E+00
  1.0992578432E+00 -1.7267521472E+00  2.6048934419E+00  4.5312402539E-01 -1.7414921601E+00
  1.0751349112E+00 -1.7279265857E+00  2.6113446543E+00  4.5367380099E-01 -1.7615859194E+00
  1.0510160915E+00 -1.7280283761E+00  2.6179145486E+00  4.5403525552E-01 -1.7762490346E+00
  1.0269875712E+00 -1.7269285885E+00  2.6247170349E+00  4.5423041894E-01 -1.7852163357E+00
  1.0026812245E+00 -1.7243539120E+00  2.6324873459E+00  4.5429238189E-01 -1.7883278248E+00
</Path of -GradDelSqRho>
<Path of -GradDelSqRho>
Starting CP# =      6
Ending CP# =      0
Number of Points =     48
  1.6333318041E+00 -1.4679160620E+00  2.4570945791E+00  4.2235082337E-01 -9.6100576414E-01
  1.6494102118E+00 -1.4502652219E+00  2.4521815723E+00  4.2274917657E-01 -9.6257865203E-01
  1.6653454256E+00 -1.4316410697E+00  2.4472664194E+00  4.2338013274E-01 -9.6734727081E-01
  1.6806998047E+00 -1.4125013918E+00  2.4424848165E+00  4.2423386739E-01 -9.7512974165E-01
  1.6954543193E+00 -1.3928613746E+00  2.4378457161E+00  4.2530596295E-01 -9.8573173544E-01
  1.7095911930E+00 -1.3727377910E+00  2.4333583073E+00  4.2659010753E-01 -9.9895138222E-01
  1.7230940817E+00 -1.3521489248E+00  2.4290320145E+00  4.2807817067E-01 -1.0145824814E+00
  1.7359482227E+00 -1.3311144586E+00  2.4248765069E+00  4.2976029360E-01 -1.0324170588E+00
  1.7481405489E+00 -1.3096553322E+00  2.4209017236E+00  4.3162499406E-01 -1.0522473017E+00
  1.7596597661E+00 -1.2877935787E+00  2.4171179154E+00  4.3365928517E-01 -1.0738669287E+00
  1.7704963912E+00 -1.2655521462E+00  2.4135357070E+00  4.3584880769E-01 -1.0970720669E+00
  1.7806427532E+00 -1.2429547158E+00  2.4101661830E+00  4.3817797432E-01 -1.1216617223E+00
  1.7900929610E+00 -1.2200255218E+00  2.4070209999E+00  4.4063012438E-01 -1.1474379335E+00
  1.7988428410E+00 -1.1967891859E+00  2.4041125285E+00  4.4318768735E-01 -1.1742057020E+00
  1.8068898527E+00 -1.1732705701E+00  2.4014540302E+00  4.4583235319E-01 -1.2017727882E+00
  1.8142329883E+00 -1.1494946567E+00  2.3990598731E+00  4.4854524810E-01 -1.2299494561E+00
  1.8208726628E+00 -1.1254864623E+00  2.3969457948E+00  4.5130711394E-01 -1.2585482434E+00
  1.8268106043E+00 -1.1012709891E+00  2.3951292210E+00  4.5409849054E-01 -1.2873838223E+00
  1.8320497487E+00 -1.0768732235E+00  2.3936296513E+00  4.5689989972E-01 -1.3162730064E+00
  1.8365941483E+00 -1.0523181876E+00  2.3924691297E+00  4.5969203097E-01 -1.3450349520E+00
  1.8404489007E+00 -1.0276310552E+00  2.3916728190E+00  4.6245592844E-01 -1.3734915896E+00
  1.8436201038E+00 -1.0028373490E+00  2.3912697071E+00  4.6517317976E-01 -1.4014683161E+00
  1.8461148486E+00 -9.7796324178E-01  2.3912934804E+00  4.6782610741E-01 -1.4287949729E+00
  1.8479412560E+00 -9.5303599911E-01  2.3917836066E+00  4.7039796377E-01 -1.4553071302E+00
  1.8491085746E+00 -9.2808461645E-01  2.3927866814E+00  4.7287313173E-01 -1.4808476993E+00
  1.8496273557E+00 -9.0314073435E-01  2.3943581001E+00  4.7523733302E-01 -1.5052688995E+00
  1.8495097320E+00 -8.7823995397E-01  2.3965641134E+00  4.7747784729E-01 -1.5284346109E+00
  1.8487698370E+00 -8.5342373401E-01  2.3994843108E+00  4.7958374516E-01 -1.5502231591E+00
  1.8474244158E+00 -8.2874212672E-01  2.4032145000E+00  4.8154613814E-01 -1.5705305842E+00
  1.8454936901E+00 -8.0425769638E-01  2.4078697822E+00  4.8335844576E-01 -1.5892744513E+00
  1.8430025464E+00 -7.8005101059E-01  2.4135872348E+00  4.8501667405E-01 -1.6063982223E+00
  1.8399820720E+00 -7.5622796259E-01  2.4205268523E+00  4.8651968403E-01 -1.6218760937E+00
  1.8364713070E+00 -7.3292852392E-01  2.4288680722E+00  4.8786940012E-01 -1.6357179100E+00
  1.8325186465E+00 -7.1033469114E-01  2.4387974188E+00  4.8907086201E-01 -1.6479731538E+00
  1.8281814648E+00 -6.8867168937E-01  2.4504817625E+00  4.9013197168E-01 -1.6587320514E+00
  1.8235214108E+00 -6.6819184563E-01  2.4640249020E+00  4.9106278381E-01 -1.6681208882E+00
  1.8185927691E+00 -6.4913076963E-01  2.4794170590E+00  4.9187432599E-01 -1.6762890682E+00
  1.8134247018E+00 -6.3164027272E-01  2.4965035872E+00  4.9257724284E-01 -1.6833890003E+00
  1.8080048497E+00 -6.1572880468E-01  2.5150001118E+00  4.9318081218E-01 -1.6895556061E+00
  1.8022747246E+00 -6.0124834308E-01  2.5345516964E+00  4.9369273315E-01 -1.6948944191E+00
  1.7961406773E+00 -5.8793673954E-01  2.5548013270E+00  4.9411958705E-01 -1.6994819371E+00
  1.7894945175E+00 -5.7548819661E-01  2.5754359643E+00  4.9446750835E-01 -1.7033741618E+00
  1.7822348189E+00 -5.6361880167E-01  2.5962051917E+00  4.9474263964E-01 -1.7066165403E+00
  1.7742828014E+00 -5.5210999234E-01  2.6169238222E+00  4.9495121254E-01 -1.7092510305E+00
  1.7655899231E+00 -5.4082627791E-01  2.6374678585E+00  4.9509935562E-01 -1.7113195217E+00
  1.7561365683E+00 -5.2970926828E-01  2.6577653890E+00  4.9519286491E-01 -1.7128647830E+00
  1.7459238036E+00 -5.1875443566E-01  2.6777812384E+00  4.9523713775E-01 -1.7139303599E+00
  1.7388401778E+00 -5.1104948221E-01  2.6915631165E+00  4.9485187381E-01 -1.7143976689E+00
</Path of -GradDelSqRho>
<Path of -GradDelSqRho>
Starting CP# =     11
Ending CP# =      0
Number of Points =     49
  5.6130128638E-01 -1.2925117067E+00  2.9776998529E+00  4.2186204510E-01 -9.6134059166E-01
  5.5285689895E-01 -1.2710027727E+00  2.9848868508E+00  4.2220544909E-01 -9.6283868481E-01
  5.4469552369E-01 -1.2484416270E+00  2.9919107582E+00  4.2277609357E-01 -9.6742197932E-01
  5.3712024047E-01 -1.2255529939E+00  2.9985193382E+00  4.2356363461E-01 -9.7491110708E-01
  5.3014509606E-01 -1.2023576085E+00  3.0047054926E+00  4.2456366777E-01 -9.8511537800E-01
  5.2378312930E-01 -1.1788774363E+00  3.0104633884E+00  4.2576996261E-01 -9.9783810029E-01
  5.1804628895E-01 -1.1551355512E+00  3.0157885742E+00  4.2717454172E-01 -1.0128795775E+00
  5.1294538804E-01 -1.1311559904E+00  3.0206780777E+00  4.2876777402E-01 -1.0300394584E+00
  5.0849009773E-01 -1.1069635922E+00  3.0251304817E+00  4.3053848211E-01 -1.0491184794E+00
  5.0468898212E-01 -1.0825838277E+00  3.0291459820E+00  4.3247406315E-01 -1.0699196578E+00
  5.0154957421E-01 -1.0580426317E+00  3.0327264263E+00  4.3456062207E-01 -1.0922490135E+00
  4.9907849138E-01 -1.0333662449E+00  3.0358753407E+00  4.3678311574E-01 -1.1159159043E+00
  4.9728158820E-01 -1.0085810716E+00  3.0385979475E+00  4.3912550626E-01 -1.1407330647E+00
  4.9616414367E-01 -9.8371356206E-01  3.0409011824E+00  4.4157092157E-01 -1.1665164376E+00
  4.9573107991E-01 -9.5879012494E-01  3.0427937173E+00  4.4410182148E-01 -1.1930848871E+00
  4.9598721014E-01 -9.3383707352E-01  3.0442859979E+00  4.4670016750E-01 -1.2202598698E+00
  4.9693751468E-01 -9.0888061190E-01  3.0453903063E+00  4.4934759506E-01 -1.2478651374E+00
  4.9858744517E-01 -8.8394686470E-01  3.0461208577E+00  4.5202558715E-01 -1.2757265325E+00
  5.0094325937E-01 -8.5906195569E-01  3.0464939440E+00  4.5471564854E-01 -1.3036719285E+00
  5.0401239076E-01 -8.3425214246E-01  3.0465281377E+00  4.5739948052E-01 -1.3315313568E+00
