 AIMInt (Version 19.10.12, Professional)
 Portions Copyright (c) 1997-2019 by Todd A. Keith
 AIMInt is a component of the AIMAll package ( http://aim.tkgristmill.com )

 TP:  64-bit Mac OS X

 AIMInt is a heavily modified and extended version of the PROAIMV program
 developed by members of R.F.W. Bader's research group

 Much of the Quantum Theory of Atoms in Molecules (QTAIM) is described in the book:
   "Atoms in Molecules - A Quantum Theory"
   R.F.W. Bader, Oxford University Press, Oxford, 1990

 For additional references see:  http://aim.tkgristmill.com/references.html

 Current Directory:  /Users/chemlab/Documents/SubstituentCoding/BCP Map Reference/BCPMapReference

 Inp File:  SubH_SMeONH_wb97xd_aug-cc-pvtz_reor_atomicfiles/s1.inp
 Wfx File:  SubH_SMeONH_wb97xd_aug-cc-pvtz_reor.wfx
 Out File:  SubH_SMeONH_wb97xd_aug-cc-pvtz_reor_atomicfiles/s1.int

 Wfx Title:   Title Card Required                                                           
 Job Title:   Title Card Required                                                           
 
<Atom>
S1      
</Atom>
<Nuclei of Molecule>
     9
S1        16.0           0.0000000000E+00   0.0000000000E+00   0.0000000000E+00
H2         1.0          -2.5939193368E+00   0.0000000000E+00   0.0000000000E+00
N3         7.0           1.0860539497E+00  -8.7289378769E-01   2.5229109879E+00
H4         1.0           8.9558845358E-01  -2.7673735183E+00   2.7432587232E+00
O5         8.0           6.8529217154E-01  -1.1012076635E+00  -2.4254710398E+00
C6         6.0           5.6008080825E-01   3.3020582972E+00   0.0000000000E+00
H7         1.0          -2.6956187276E-01   4.0807501824E+00  -1.7092398942E+00
H8         1.0          -2.5569128301E-01   4.1176092905E+00   1.6971360094E+00
H9         1.0           2.6019827982E+00   3.5323686686E+00  -5.7640615224E-03
</Nuclei of Molecule>
<Total Number of CPs of DelSqRho>
    50
</Total Number of CPs of DelSqRho>
<Number of (3,+3) CPs of DelSqRho>
     6
</Number of (3,+3) CPs of DelSqRho>
<Number of (3,+1) CPs of DelSqRho>
    19
</Number of (3,+1) CPs of DelSqRho>
<Number of (3,-1) CPs of DelSqRho>
    20
</Number of (3,-1) CPs of DelSqRho>
<Number of (3,-3) CPs of DelSqRho>
     5
</Number of (3,-3) CPs of DelSqRho>
<Number of Degenerate CPs of DelSqRho>
     0
</Number of Degenerate CPs of DelSqRho>
<CP of DelSqRho>
CP# = 1       
Type = (3,+3)
Coords = -1.55893136784065E-10  5.97383398470478E-10 -6.79916976320144E-10
DistFromNuc =  9.1839898168E-10
Rho =  2.6267237317E+03
DelSqRho = -2.9413147639E+08
GradDelSqRho =  0.0000000000E+00 -3.4924596548E-10  2.3283064365E-09
HessDelSqRho_EigVals =  2.6731855467E+14  2.6731855487E+14  2.6731855492E+14
HessDelSqRho_EigVec1 =  1.9931685130E-01 -4.5567292568E-01  8.6754537494E-01
HessDelSqRho_EigVec2 = -1.6692834730E-01  8.5658135999E-01  4.8826560455E-01
HessDelSqRho_EigVec3 =  9.6561261366E-01  2.4213747854E-01 -9.4666371160E-02
</CP of DelSqRho>
<CP of DelSqRho>
CP# = 2       
Type = (3,-1)
Coords = -2.78318846621993E-01 -1.63401831229460E-02 -2.82582079096678E-03
DistFromNuc =  2.7881242302E-01
Rho =  1.6854994357E+01
DelSqRho = -3.4403337062E+02
GradDelSqRho =  0.0000000000E+00  0.0000000000E+00  4.5474735089E-13
HessDelSqRho_EigVals = -1.9536870561E+02 -1.0722319248E+02  1.8952543219E+05
HessDelSqRho_EigVec1 =  2.3332852875E-02 -5.4187191458E-01  8.4013713534E-01
HessDelSqRho_EigVec2 = -5.4716681505E-02  8.3841411920E-01  5.4228023152E-01
HessDelSqRho_EigVec3 =  9.9822926362E-01  5.8622460914E-02  1.0086839675E-02
</CP of DelSqRho>
<CP of DelSqRho>
CP# = 3       
Type = (3,-1)
Coords =  9.30822381929541E-02 -1.36855355965309E-01 -2.24363228697368E-01
DistFromNuc =  2.7880557727E-01
Rho =  1.6851880196E+01
DelSqRho = -3.4353200502E+02
GradDelSqRho = -2.5011104299E-12  4.5474735089E-12  3.6379788071E-12
HessDelSqRho_EigVals = -2.0958116645E+02 -1.2407448038E+02  1.8945569654E+05
HessDelSqRho_EigVec1 = -2.1845478952E-01  7.9039609620E-01 -5.7232116513E-01
HessDelSqRho_EigVec2 = -9.1702540428E-01 -3.6681607304E-01 -1.5655790129E-01
HessDelSqRho_EigVec3 = -3.3367935632E-01  4.9063222446E-01  8.0494602769E-01
</CP of DelSqRho>
<CP of DelSqRho>
CP# = 4       
Type = (3,-1)
Coords =  7.84491175377953E-02  2.66933409445729E-01  1.73552163461797E-02
DistFromNuc =  2.7876318382E-01
Rho =  1.6862518177E+01
DelSqRho = -3.4433529902E+02
GradDelSqRho =  6.3664629124E-12  9.5361496477E-12 -4.0927261580E-12
HessDelSqRho_EigVals = -1.7627073623E+02 -1.0093026946E+02  1.8976122123E+05
HessDelSqRho_EigVec1 =  1.7486985927E-01 -1.1451047497E-01  9.7790995671E-01
HessDelSqRho_EigVec2 =  9.4358312339E-01 -2.6416817757E-01 -1.9966487727E-01
HessDelSqRho_EigVec3 =  2.8119641102E-01  9.5765470034E-01  6.1855099599E-02
</CP of DelSqRho>
<CP of DelSqRho>
CP# = 5       
Type = (3,+1)
Coords = -1.67229791400766E-01 -1.43742207141399E-01 -1.70584918829370E-01
DistFromNuc =  2.7879533672E-01
Rho =  1.6863513449E+01
DelSqRho = -3.4530037048E+02
GradDelSqRho = -2.2737367544E-13  2.7284841053E-12 -3.8653524825E-12
HessDelSqRho_EigVals = -1.7078497446E+02  1.0443848610E+02  1.8956772126E+05
HessDelSqRho_EigVec1 = -1.0626095079E-01  8.0947187677E-01 -5.7746332442E-01
HessDelSqRho_EigVec2 = -7.9306669958E-01  2.8132017221E-01  5.4028156615E-01
HessDelSqRho_EigVec3 =  5.9979481521E-01  5.1537776574E-01  6.1207184074E-01
</CP of DelSqRho>
<CP of DelSqRho>
CP# = 6       
Type = (3,+1)
Coords = -1.67261920586630E-01  2.19972839246978E-01  3.66819203464119E-02
DistFromNuc =  2.7876542713E-01
Rho =  1.6869695503E+01
DelSqRho = -3.4565889069E+02
GradDelSqRho =  2.7284841053E-12  7.2759576142E-12 -3.6379788071E-12
HessDelSqRho_EigVals = -1.5787786539E+02  9.8362219856E+01  1.8979326977E+05
HessDelSqRho_EigVec1 =  7.2129506080E-02 -1.0989737186E-01  9.9132229976E-01
HessDelSqRho_EigVec2 =  7.9683431674E-01  6.0413091148E-01  8.9951913126E-03
HessDelSqRho_EigVec3 = -5.9987699241E-01  7.8927080869E-01  1.3114566147E-01
</CP of DelSqRho>
<CP of DelSqRho>
CP# = 7       
Type = (3,+1)
Coords =  2.09813041682271E-01  1.13738310804650E-01 -1.44070459446417E-01
DistFromNuc =  2.7877269072E-01
Rho =  1.6870344104E+01
DelSqRho = -3.4603482630E+02
GradDelSqRho = -5.0022208598E-12  3.6379788071E-12  1.3642420527E-12
HessDelSqRho_EigVals = -9.4674713854E+01  1.2406671150E+02  1.8971763793E+05
HessDelSqRho_EigVec1 =  6.5383791100E-01 -3.6468663303E-01  6.6294769464E-01
HessDelSqRho_EigVec2 = -8.2095308436E-02  8.3681388827E-01  5.4129740138E-01
HessDelSqRho_EigVec3 =  7.5216776484E-01  4.0834565762E-01 -5.1720158298E-01
</CP of DelSqRho>
<CP of DelSqRho>
CP# = 8       
Type = (3,+3)
Coords = -8.67545851366343E-02  1.37473297822553E-01 -2.26235012946341E-01
DistFromNuc =  2.7858131082E-01
Rho =  1.6909061498E+01
DelSqRho = -3.4879440983E+02
GradDelSqRho = -7.2759576142E-12 -2.8421709430E-12 -2.9558577808E-12
HessDelSqRho_EigVals =  1.5975821349E+02  1.9889922534E+02  1.9070538148E+05
HessDelSqRho_EigVec1 =  9.4375717811E-01  2.6101037609E-01 -2.0296790964E-01
HessDelSqRho_EigVec2 = -1.1177696852E-01  8.2958386966E-01  5.4707998730E-01
HessDelSqRho_EigVec3 =  3.1117245713E-01 -4.9362352737E-01  8.1210068043E-01
</CP of DelSqRho>
<CP of DelSqRho>
CP# = 9       
Type = (3,+3)
Coords = -3.04320226669943E-02 -2.51773814358173E-01  1.15063134610818E-01
DistFromNuc =  2.7848821617E-01
Rho =  1.6923670783E+01
DelSqRho = -3.4930427405E+02
GradDelSqRho = -1.1368683772E-12  9.0949470177E-12  7.3896444519E-13
HessDelSqRho_EigVals =  8.5929522679E+01  1.3456388704E+02  1.9141662212E+05
HessDelSqRho_EigVec1 = -3.2419388567E-01  4.2612408539E-01  8.4458071748E-01
HessDelSqRho_EigVec2 =  9.3972051774E-01  4.2443337821E-02  3.3929914767E-01
HessDelSqRho_EigVec3 =  1.0873671426E-01  9.0366853820E-01 -4.1419741675E-01
</CP of DelSqRho>
<CP of DelSqRho>
CP# = 10      
Type = (3,+3)
Coords = -5.30336459876199E-02  2.18909311345330E-02  2.72553612047651E-01
DistFromNuc =  2.7852693211E-01
Rho =  1.6918611862E+01
DelSqRho = -3.4897209541E+02
GradDelSqRho =  1.8189894035E-12 -4.0927261580E-12  1.0913936421E-11
HessDelSqRho_EigVals =  5.7285274250E+01  1.2799365753E+02  1.9120782436E+05
HessDelSqRho_EigVec1 =  1.6126868915E-01  9.8580109668E-01 -4.6782557548E-02
HessDelSqRho_EigVec2 =  9.6849437154E-01 -1.4896665587E-01  1.9956850385E-01
HessDelSqRho_EigVec3 = -1.8976580880E-01  7.7492794683E-02  9.7876647091E-01
</CP of DelSqRho>
<CP of DelSqRho>
CP# = 11      
Type = (3,+1)
Coords = -6.06436808245928E-02 -1.08160859498052E-01  2.49290006762634E-01
DistFromNuc =  2.7842761182E-01
Rho =  1.6929123396E+01
DelSqRho = -3.4881724412E+02
GradDelSqRho = -9.5496943686E-12 -4.5474735089E-13  2.9558577808E-12
HessDelSqRho_EigVals = -4.2232158704E+01  1.2155710209E+02  1.9172986629E+05
HessDelSqRho_EigVec1 = -2.8068477737E-02  9.1933248429E-01  3.9247922733E-01
HessDelSqRho_EigVec2 =  9.7578763777E-01 -6.0001091109E-02  2.1032915881E-01
HessDelSqRho_EigVec3 = -2.1691160997E-01 -3.8887999742E-01  8.9538913388E-01
</CP of DelSqRho>
<CP of DelSqRho>
CP# = 12      
Type = (3,+1)
Coords =  4.96930872216288E-01  5.13103944877857E-02 -5.52874053971099E-02
DistFromNuc =  5.0262286611E-01
Rho =  4.0753073635E+00
DelSqRho =  8.2598607013E+01
GradDelSqRho = -2.3305801733E-12 -1.4566126083E-13 -3.7481129311E-13
HessDelSqRho_EigVals = -8.7205226295E+03  1.7292281652E+01  1.9974265748E+01
HessDelSqRho_EigVec1 =  9.8865984656E-01  1.0210203227E-01 -1.1012212678E-01
HessDelSqRho_EigVec2 = -5.7918310066E-02  9.3582110132E-01  3.4768424711E-01
HessDelSqRho_EigVec3 =  1.3855387818E-01 -3.3736336691E-01  9.3112232360E-01
</CP of DelSqRho>
<CP of DelSqRho>
CP# = 13      
Type = (3,-3)
Coords = -4.99084837894702E-01 -4.15142915112432E-02  3.09808209592285E-02
DistFromNuc =  5.0176580502E-01
Rho =  4.0918084514E+00
DelSqRho =  8.4042187015E+01
GradDelSqRho =  3.9790393203E-13  1.5631940187E-13  2.3403501359E-13
HessDelSqRho_EigVals = -8.8812817357E+03 -1.7201460471E+01 -1.3576218309E+01
HessDelSqRho_EigVec1 =  9.9466952818E-01  8.2675876556E-02 -6.1621661374E-02
HessDelSqRho_EigVec2 = -1.1511969089E-02  6.8290722704E-01  7.3041439870E-01
HessDelSqRho_EigVec3 = -1.0246952856E-01  7.2581155866E-01 -6.8021877145E-01
</CP of DelSqRho>
<CP of DelSqRho>
CP# = 14      
Type = (3,-3)
Coords =  9.19913535974732E-02  4.92055255441126E-01 -3.30181142769944E-02
DistFromNuc =  5.0166819653E-01
Rho =  4.0937681907E+00
DelSqRho =  8.4219396676E+01
GradDelSqRho =  1.4122036873E-13  8.8817841970E-13 -4.3387515802E-13
HessDelSqRho_EigVals = -8.9041881808E+03 -2.0720356477E+01 -1.7806605264E+01
HessDelSqRho_EigVec1 =  1.8345392111E-01  9.8083142349E-01 -6.5683921358E-02
HessDelSqRho_EigVec2 = -1.3935355940E-02  6.9406041382E-02  9.9749115649E-01
HessDelSqRho_EigVec3 =  9.8292953190E-01 -1.8207833511E-01  2.6401045443E-02
</CP of DelSqRho>
<CP of DelSqRho>
CP# = 15      
Type = (3,+1)
Coords = -2.14813064376685E-01  2.03281389659479E-01 -4.06403030621764E-01
DistFromNuc =  5.0262451125E-01
Rho =  4.0753916209E+00
DelSqRho =  8.2820578115E+01
GradDelSqRho = -1.2789769244E-13  3.5527136788E-13 -3.1263880373E-13
HessDelSqRho_EigVals = -8.7348682970E+03  1.4083989587E+01  1.8874015334E+01
HessDelSqRho_EigVec1 =  4.2748777327E-01 -4.0437186850E-01  8.0854041066E-01
HessDelSqRho_EigVec2 =  8.3245758793E-01  5.2483865205E-01 -1.7764783593E-01
HessDelSqRho_EigVec3 =  3.5251747191E-01 -7.4901787782E-01 -5.6098453696E-01
</CP of DelSqRho>
<CP of DelSqRho>
CP# = 16      
Type = (3,-1)
Coords =  2.76895188404708E-01  2.85571811379911E-01  3.06656098583219E-01
DistFromNuc =  5.0225508222E-01
Rho =  4.0812402930E+00
DelSqRho =  8.3392576690E+01
GradDelSqRho = -9.0238927442E-13 -7.0343730840E-13 -7.7449158198E-13
HessDelSqRho_EigVals = -8.7969098482E+03 -1.4024771357E+01  2.2162082083E+01
HessDelSqRho_EigVec1 =  5.5137600702E-01  5.6893535350E-01  6.1016150520E-01
HessDelSqRho_EigVec2 =  8.1866844080E-01 -2.2826846581E-01 -5.2694923054E-01
HessDelSqRho_EigVec3 =  1.6051941606E-01 -7.9006713073E-01  5.9163117396E-01
</CP of DelSqRho>
<CP of DelSqRho>
CP# = 17      
Type = (3,+1)
Coords = -1.74088920703156E-01  2.59389687015056E-01  3.93829761221060E-01
DistFromNuc =  5.0268463560E-01
Rho =  4.0741434122E+00
DelSqRho =  8.2743735271E+01
GradDelSqRho = -5.1159076975E-13  4.8316906032E-13  5.6843418861E-14
HessDelSqRho_EigVals = -8.7227867832E+03  1.5259568915E+01  2.2124236100E+01
HessDelSqRho_EigVec1 = -3.4642902434E-01  5.1626662033E-01  7.8323413347E-01
HessDelSqRho_EigVec2 =  9.2320202057E-01  3.3572679173E-01  1.8704424753E-01
HessDelSqRho_EigVec3 = -1.6638798128E-01  7.8788089077E-01 -5.9292389194E-01
</CP of DelSqRho>
<CP of DelSqRho>
CP# = 18      
Type = (3,-3)
Coords =  1.38568840859129E-01 -2.11676965952721E-01 -4.33330230830745E-01
DistFromNuc =  5.0178038077E-01
Rho =  4.0892410124E+00
DelSqRho =  8.4409858486E+01
GradDelSqRho =  3.2684965845E-13 -4.8316906032E-13 -8.5265128291E-13
HessDelSqRho_EigVals = -8.8721104322E+03 -2.5034718422E+01 -2.4177044288E+01
HessDelSqRho_EigVec1 = -2.7624784094E-01  4.2195129930E-01  8.6350693767E-01
HessDelSqRho_EigVec2 = -2.3216331494E-01  8.4256399405E-01 -4.8598982616E-01
HessDelSqRho_EigVec3 =  9.3262389288E-01  3.3472827332E-01  1.3479487182E-01
</CP of DelSqRho>
<CP of DelSqRho>
CP# = 19      
Type = (3,+1)
Coords = -1.33348292056518E-01 -4.82834502250638E-01 -4.11884656958928E-02
DistFromNuc =  5.0260064988E-01
Rho =  4.0759713642E+00
DelSqRho =  8.2763862155E+01
GradDelSqRho =  5.9596771962E-13  2.4158453016E-13  1.4432899320E-14
HessDelSqRho_EigVals = -8.7382287360E+03  1.5009897503E+01  2.1460555281E+01
HessDelSqRho_EigVec1 =  2.6536542722E-01  9.6063216182E-01  8.2262018642E-02
HessDelSqRho_EigVec2 =  9.5645580495E-01 -2.7304444233E-01  1.0314565275E-01
HessDelSqRho_EigVec3 = -1.2154621839E-01 -5.1308695049E-02  9.9125876269E-01
</CP of DelSqRho>
<CP of DelSqRho>
CP# = 20      
Type = (3,-3)
Coords =  1.77455962640060E-01 -2.20831787986164E-01  4.13885067609469E-01
DistFromNuc =  5.0155572617E-01
Rho =  4.0966111599E+00
DelSqRho =  8.5037259728E+01
GradDelSqRho = -6.7146288529E-13 -3.2684965845E-13 -7.1054273576E-14
HessDelSqRho_EigVals = -8.9658338367E+03 -3.0184439974E+01 -2.6426681894E+01
HessDelSqRho_EigVec1 =  3.5391704313E-01 -4.4040432941E-01  8.2509802643E-01
HessDelSqRho_EigVec2 =  1.3648588376E-01 -8.4843265457E-01 -5.1140359228E-01
HessDelSqRho_EigVec3 = -9.2526446496E-01 -2.9360868055E-01  2.4016580229E-01
</CP of DelSqRho>
<CP of DelSqRho>
CP# = 21      
Type = (3,-1)
Coords = -3.42948990196609E-01 -2.03782971163478E-01  3.04904251000685E-01
DistFromNuc =  5.0210368600E-01
Rho =  4.0849049355E+00
DelSqRho =  8.3699392112E+01
GradDelSqRho = -4.2632564146E-12 -7.3896444519E-12  3.2400748751E-12
HessDelSqRho_EigVals = -8.8389840579E+03 -1.6929218555E+01  1.4750410579E+01
HessDelSqRho_EigVec1 =  6.8338558479E-01  4.0572090753E-01 -6.0693878414E-01
HessDelSqRho_EigVec2 = -6.0793611213E-02  8.6009537298E-01  5.0649786398E-01
HessDelSqRho_EigVec3 =  7.2752201296E-01 -3.0923533850E-01  6.1244201855E-01
</CP of DelSqRho>
<CP of DelSqRho>
CP# = 22      
Type = (3,-1)
Coords =  2.18827927129183E-01  2.40157278780618E-01 -3.82985250507738E-01
DistFromNuc =  5.0223389208E-01
Rho =  4.0820227700E+00
DelSqRho =  8.3371479703E+01
GradDelSqRho =  5.6132876125E-13  3.1974423109E-13 -4.9737991503E-13
HessDelSqRho_EigVals = -8.7983491363E+03 -1.3814231455E+01  1.9983220746E+01
HessDelSqRho_EigVec1 = -4.3593802036E-01 -4.7828454496E-01  7.6236601213E-01
HessDelSqRho_EigVec2 =  8.9822878234E-01 -1.7845627531E-01  4.0166953130E-01
HessDelSqRho_EigVec3 =  5.6063330058E-02 -8.5988211509E-01 -5.0740481981E-01
</CP of DelSqRho>
<CP of DelSqRho>
CP# = 23      
Type = (3,-1)
Coords = -3.21346473053040E-01 -2.07392320801596E-01 -3.25475587843038E-01
DistFromNuc =  5.0220462837E-01
Rho =  4.0814733707E+00
DelSqRho =  8.3374823878E+01
GradDelSqRho =  9.8765440271E-13  1.7763568394E-13  1.1013412404E-12
HessDelSqRho_EigVals = -8.7931713950E+03 -1.3384374174E+01  1.7928160597E+01
HessDelSqRho_EigVec1 =  6.4005644188E-01  4.1300935705E-01  6.4788195081E-01
HessDelSqRho_EigVec2 =  9.3262578278E-02 -8.7876415399E-01  4.6805518173E-01
HessDelSqRho_EigVec3 = -7.6264660407E-01  2.3915859307E-01  6.0097697515E-01
</CP of DelSqRho>
<CP of DelSqRho>
CP# = 24      
Type = (3,-1)
Coords = -3.51562361233195E-01  3.58256504758587E-01 -1.43087472748468E-02
DistFromNuc =  5.0214396072E-01
Rho =  4.0830713196E+00
DelSqRho =  8.3495105821E+01
GradDelSqRho =  3.4106051316E-13 -4.5474735089E-13  1.7408297026E-13
HessDelSqRho_EigVals = -8.8134377140E+03 -1.5088690775E+01  1.3874898208E+01
HessDelSqRho_EigVec1 = -7.0019849736E-01  7.1338361314E-01 -2.8388110250E-02
HessDelSqRho_EigVec2 =  2.6020782357E-02  6.5235197944E-02  9.9753059494E-01
HessDelSqRho_EigVec3 =  7.1347388403E-01  6.9773074280E-01 -6.4240387310E-02
</CP of DelSqRho>
<CP of DelSqRho>
CP# = 25      
Type = (3,-1)
Coords =  3.08117057512873E-01 -3.91509182831821E-01 -6.35300281711548E-02
DistFromNuc =  5.0224657874E-01
Rho =  4.0812357701E+00
DelSqRho =  8.3394017832E+01
GradDelSqRho = -5.6843418861E-14  1.1368683772E-13  0.0000000000E+00
HessDelSqRho_EigVals = -8.7983523271E+03 -1.4384677727E+01  2.4012397784E+01
HessDelSqRho_EigVec1 = -6.1355297746E-01  7.7942806677E-01  1.2666740929E-01
HessDelSqRho_EigVec2 =  7.8215599288E-01  6.2190996800E-01 -3.8209874344E-02
HessDelSqRho_EigVec3 =  1.0855757295E-01 -7.5629891108E-02  9.9120904603E-01
</CP of DelSqRho>
<CP of DelSqRho>
CP# = 26      
Type = (3,-1)
Coords =  1.37038585411337E+00  2.92429746086147E-01 -2.36949669147478E-01
DistFromNuc =  1.4211325382E+00
Rho =  1.0363890509E-01
DelSqRho =  7.4768880939E-02
GradDelSqRho = -1.9408918916E-12 -1.0991763055E-12  4.4858561310E-13
HessDelSqRho_EigVals = -4.4562606395E-01 -2.6530775706E-01  5.7779497388E+00
HessDelSqRho_EigVec1 = -2.2589285014E-01  9.7090201952E-01 -7.9509048266E-02
HessDelSqRho_EigVec2 =  1.6305432216E-01  1.1815123311E-01  9.7951701064E-01
HessDelSqRho_EigVec3 =  9.6040913588E-01  2.0830159532E-01 -1.8499928947E-01
</CP of DelSqRho>
<CP of DelSqRho>
CP# = 27      
Type = (3,+3)
Coords = -1.38460216489674E+00 -9.68463412852000E-04  7.24118730196422E-03
DistFromNuc =  1.3846214384E+00
Rho =  2.3703886205E-01
DelSqRho = -8.8674845531E-01
GradDelSqRho = -7.2164496601E-16  2.4980018054E-16  5.5511151231E-17
HessDelSqRho_EigVals =  3.9898922226E+00  4.2383438279E+00  9.6816690160E+00
HessDelSqRho_EigVec1 = -2.2976768154E-02  9.1891911325E-01 -3.9377624539E-01
HessDelSqRho_EigVec2 =  1.8587988476E-02  3.9420481304E-01  9.1883461627E-01
HessDelSqRho_EigVec3 =  9.9956318200E-01  1.3792341638E-02 -2.6138410482E-02
</CP of DelSqRho>
<CP of DelSqRho>
CP# = 28      
Type = (3,+1)
Coords = -9.02996366543335E-01  1.01871357078086E+00 -1.05744389337376E-02
DistFromNuc =  1.3613565279E+00
Rho =  1.4806046877E-01
DelSqRho = -9.9068010027E-02
GradDelSqRho =  6.3005156647E-15 -6.6613381478E-15 -5.5511151231E-17
HessDelSqRho_EigVals = -2.1244794641E+00  8.0939596555E-01  1.1948258061E+01
HessDelSqRho_EigVec1 =  7.4694386411E-01  6.6482448313E-01  9.1252663631E-03
HessDelSqRho_EigVec2 = -1.1562470310E-02 -7.3423536745E-04  9.9993288284E-01
HessDelSqRho_EigVec3 = -6.6478656209E-01  7.4699924198E-01 -7.1385807454E-03
</CP of DelSqRho>
<CP of DelSqRho>
CP# = 29      
Type = (3,-1)
Coords = -5.53705915848228E-01 -1.30376894403819E+00 -6.27687611626767E-02
DistFromNuc =  1.4178658674E+00
Rho =  1.0581621220E-01
DelSqRho =  6.0170762911E-02
GradDelSqRho = -1.1102230246E-16  2.2204460493E-16  8.3266726847E-17
HessDelSqRho_EigVals = -4.5812157868E-01 -2.2671878722E-01  5.9886674536E+00
HessDelSqRho_EigVec1 =  8.4526440354E-01 -3.3916520539E-01 -4.1291046433E-01
HessDelSqRho_EigVec2 =  3.5796010398E-01 -2.1430947119E-01  9.0881021919E-01
HessDelSqRho_EigVec3 =  3.9672742792E-01  9.1599040061E-01  5.9740555150E-02
</CP of DelSqRho>
<CP of DelSqRho>
CP# = 30      
Type = (3,+1)
Coords =  1.09989240490271E+00  5.93432948801455E-01  6.00013799833704E-01
DistFromNuc =  1.3863414179E+00
Rho =  1.2989359495E-01
DelSqRho =  3.6507017484E-02
GradDelSqRho =  6.2317928595E-12  4.9203974228E-12  5.8597016128E-12
HessDelSqRho_EigVals = -1.7748032961E+00  1.8495407890E-01  8.8932942291E+00
HessDelSqRho_EigVec1 = -2.1920828792E-01  8.6587602417E-01 -4.4967370089E-01
HessDelSqRho_EigVec2 = -5.9805457381E-01  2.4490415560E-01  7.6312035834E-01
HessDelSqRho_EigVec3 =  7.7089457985E-01  4.3621172077E-01  4.6415609596E-01
</CP of DelSqRho>
<CP of DelSqRho>
CP# = 31      
Type = (3,-1)
Coords = -5.85666458046198E-01  7.28750048971864E-01  1.09560176977932E+00
DistFromNuc =  1.4402864548E+00
Rho =  1.0422533732E-01
DelSqRho =  1.1999798152E-01
GradDelSqRho = -5.8027194161E-13  1.3365419882E-12  2.3228086121E-12
HessDelSqRho_EigVals = -8.6267930069E-01 -4.8261695143E-01  4.5892148048E+00
HessDelSqRho_EigVec1 =  7.2385309251E-02  8.4444762043E-01 -5.3072458334E-01
HessDelSqRho_EigVec2 = -9.0715817362E-01 -1.6541050879E-01 -3.8691525120E-01
HessDelSqRho_EigVec3 = -4.1451708655E-01  5.0945812383E-01  7.5407427023E-01
</CP of DelSqRho>
<CP of DelSqRho>
CP# = 32      
Type = (3,-1)
Coords =  8.55550166450680E-01 -1.06817758535455E+00 -1.34611978243459E-01
DistFromNuc =  1.3751690172E+00
Rho =  1.3675915741E-01
DelSqRho =  4.7162764078E-02
GradDelSqRho =  1.2212453271E-15 -1.5265566589E-15  1.2490009027E-16
HessDelSqRho_EigVals = -1.4782278723E+00 -1.3820739370E-01  9.8854691937E+00
HessDelSqRho_EigVec1 =  1.9175097335E-01  1.7287382972E-02  9.8129134848E-01
HessDelSqRho_EigVec2 =  7.5884496617E-01  6.3146135636E-01 -1.5940788169E-01
HessDelSqRho_EigVec3 = -6.2240331099E-01  7.7521461662E-01  1.0796488617E-01
</CP of DelSqRho>
<CP of DelSqRho>
CP# = 33      
Type = (3,-1)
Coords = -5.95133042056942E-01  6.64978799722537E-01 -1.11906939009425E+00
DistFromNuc =  1.4313268116E+00
Rho =  1.0701606572E-01
DelSqRho =  1.1706515671E-01
GradDelSqRho = -5.6898930012E-16  2.9143354396E-16 -4.7184478547E-16
HessDelSqRho_EigVals = -6.3417982672E-01 -5.4316757819E-01  5.0781057041E+00
HessDelSqRho_EigVec1 = -6.2279364916E-01  4.9532408707E-01  6.0562539522E-01
HessDelSqRho_EigVec2 =  6.7004434339E-01  7.3732215932E-01  8.6003553827E-02
HessDelSqRho_EigVec3 =  4.0394139236E-01 -4.5935833741E-01  7.9108866089E-01
</CP of DelSqRho>
<CP of DelSqRho>
CP# = 34      
Type = (3,+1)
Coords =  2.00779712468040E-01 -1.37637398016265E+00 -3.66711561581162E-02
DistFromNuc =  1.3914246656E+00
Rho =  1.2248176693E-01
DelSqRho =  3.0204791509E-02
GradDelSqRho =  1.2834455720E-12  5.1050275118E-12  1.9438062271E-12
HessDelSqRho_EigVals = -8.8786474855E-01  1.8075815349E-01  8.2992187325E+00
HessDelSqRho_EigVec1 =  8.9106335149E-02 -1.8391416873E-02  9.9585230673E-01
HessDelSqRho_EigVec2 =  9.7872646555E-01  1.8713275986E-01 -8.4117987472E-02
HessDelSqRho_EigVec3 = -1.8480954160E-01  9.8216245396E-01  3.4674880850E-02
</CP of DelSqRho>
<CP of DelSqRho>
CP# = 35      
Type = (3,+1)
Coords = -8.39613567143405E-01 -5.04386072896487E-01  9.40932978638293E-01
DistFromNuc =  1.3582014294E+00
Rho =  1.4873386169E-01
DelSqRho = -8.8602212437E-02
GradDelSqRho = -1.9984014443E-15 -5.5511151231E-17  1.7763568394E-15
HessDelSqRho_EigVals = -1.7361195422E+00  5.0821085271E-01  1.2159373915E+01
HessDelSqRho_EigVec1 = -7.8282910047E-01  2.1982309874E-01 -5.8211373864E-01
HessDelSqRho_EigVec2 = -6.5591069054E-02  9.0115361892E-01  4.2850900430E-01
HessDelSqRho_EigVec3 = -6.1877007936E-01 -3.7363078081E-01  6.9103084484E-01
</CP of DelSqRho>
<CP of DelSqRho>
CP# = 36      
Type = (3,+1)
Coords = -8.29170691004457E-01 -5.71314424825248E-01 -9.26721875071442E-01
DistFromNuc =  1.3684800476E+00
Rho =  1.4814044634E-01
DelSqRho =  1.2310560572E-02
GradDelSqRho =  1.2212453271E-15  6.5919492087E-16  8.3266726847E-16
HessDelSqRho_EigVals = -1.9846100257E+00  1.7328495122E-01  1.1042226610E+01
HessDelSqRho_EigVec1 = -7.9802739629E-01  2.5576735050E-01  5.4565129633E-01
HessDelSqRho_EigVec2 = -5.3107861054E-02  8.7209096586E-01 -4.8645339176E-01
HessDelSqRho_EigVec3 =  6.0027646120E-01  4.1718150687E-01  6.8236922590E-01
</CP of DelSqRho>
<CP of DelSqRho>
CP# = 37      
Type = (3,+1)
Coords =  6.00274345470987E-01  6.71568230913752E-01 -1.02938201698611E+00
DistFromNuc =  1.3678305873E+00
Rho =  1.4350058869E-01
DelSqRho =  2.5534885827E-03
GradDelSqRho =  1.6306400674E-15  9.9920072216E-16 -1.9151347175E-15
HessDelSqRho_EigVals = -1.8455279146E+00  2.5880437109E-01  1.0993837416E+01
HessDelSqRho_EigVec1 = -3.7183202032E-02  8.5132498851E-01  5.2331937995E-01
HessDelSqRho_EigVec2 =  8.9819812271E-01 -2.0106752044E-01  3.9091173502E-01
HessDelSqRho_EigVec3 = -4.3801545845E-01 -4.8457983467E-01  7.5718217226E-01
</CP of DelSqRho>
<CP of DelSqRho>
CP# = 38      
Type = (3,+1)
Coords =  1.24835368157178E+00 -5.58442182333416E-01 -2.21369320770894E-01
DistFromNuc =  1.3853696119E+00
Rho =  1.2868247017E-01
DelSqRho =  3.4767681782E-02
GradDelSqRho = -5.0792703377E-15  8.3932860662E-14  9.9920072216E-16
HessDelSqRho_EigVals = -1.1972290838E+00  1.6958182536E-01  8.9866276779E+00
HessDelSqRho_EigVec1 =  1.9863897678E-01  1.1654871549E-02  9.8000342901E-01
HessDelSqRho_EigVec2 =  4.2524040140E-01  8.9987887404E-01 -9.6894855766E-02
HessDelSqRho_EigVec3 =  8.8301367935E-01 -4.3598414653E-01 -1.7379489651E-01
</CP of DelSqRho>
<CP of DelSqRho>
CP# = 39      
Type = (3,+3)
Coords =  2.17414486258747E-01  1.32050351826200E+00 -5.53093119437094E-04
DistFromNuc =  1.3382820728E+00
Rho =  2.3556752870E-01
DelSqRho = -8.2191082553E-01
GradDelSqRho =  4.1633363423E-17  1.3322676296E-15 -3.8857805862E-16
HessDelSqRho_EigVals =  2.8683774228E+00  3.1176927586E+00  1.7053549930E+01
HessDelSqRho_EigVec1 =  9.5569967314E-01 -1.5968662338E-01 -2.4726163688E-01
HessDelSqRho_EigVec2 =  2.4507759991E-01 -3.3546231941E-02  9.6892291765E-01
HessDelSqRho_EigVec3 =  1.6301872526E-01  9.8659760421E-01 -7.0754914956E-03
</CP of DelSqRho>
<CP of DelSqRho>
CP# = 40      
Type = (3,-1)
Coords =  1.72611593394137E+00  5.51634933482056E-01 -1.00802074542845E-01
DistFromNuc =  1.8149210384E+00
Rho =  5.5707615822E-02
DelSqRho =  1.3825494454E-01
GradDelSqRho = -9.5340402240E-15 -5.0927664863E-13 -3.6492475708E-12
HessDelSqRho_EigVals = -9.9908165183E-01 -7.8207361928E-02  8.5314318142E-02
HessDelSqRho_EigVec1 =  9.7523524510E-01  2.0458756502E-01 -8.4024668668E-02
HessDelSqRho_EigVec2 = -2.1591643271E-01  9.6299990212E-01 -1.6128013706E-01
HessDelSqRho_EigVec3 =  4.7919837175E-02  1.7542838071E-01  9.8332526279E-01
</CP of DelSqRho>
<CP of DelSqRho>
CP# = 41      
Type = (3,+1)
Coords = -5.87105325473350E-01  1.79349283531110E+00 -1.00912926711336E+00
DistFromNuc =  2.1400119372E+00
Rho =  6.1746181419E-02
DelSqRho =  1.3255474137E-01
GradDelSqRho =  7.8062556419E-17 -5.2041704279E-18 -1.8735013541E-16
HessDelSqRho_EigVals = -5.9849660559E-01  3.0784299098E-02  2.1173529484E-01
HessDelSqRho_EigVec1 =  5.7459753014E-01 -3.4782818932E-01  7.4084629247E-01
HessDelSqRho_EigVec2 =  7.4163588713E-01 -1.6155159108E-01 -6.5105859517E-01
HessDelSqRho_EigVec3 =  3.4614142959E-01  9.2353485811E-01  1.6513472253E-01
</CP of DelSqRho>
<CP of DelSqRho>
CP# = 42      
Type = (3,-1)
Coords = -1.26863090621727E+00  1.44983174070574E+00 -3.60212617173176E-01
DistFromNuc =  1.9598952988E+00
Rho =  6.3130415688E-02
DelSqRho =  1.4540956017E-01
GradDelSqRho =  3.0718483313E-13 -3.1096826503E-13  1.2165962682E-13
HessDelSqRho_EigVals = -8.7895232922E-01 -1.5157047085E-01  1.4966144745E-02
HessDelSqRho_EigVec1 =  6.8272177786E-01 -6.7716944411E-01  2.7446769938E-01
HessDelSqRho_EigVec2 =  6.9639787086E-01  7.1674653249E-01  3.6116666935E-02
HessDelSqRho_EigVec3 = -2.2118087508E-01  1.6648108641E-01  9.6091782602E-01
</CP of DelSqRho>
<CP of DelSqRho>
CP# = 43      
Type = (3,+1)
Coords = -5.15944021806705E-01  1.79933019038169E+00  1.07720029667941E+00
DistFromNuc =  2.1596638273E+00
Rho =  6.1322525926E-02
DelSqRho =  1.2669932449E-01
GradDelSqRho =  1.6593150465E-13 -4.6886973470E-13 -1.2116002646E-12
HessDelSqRho_EigVals = -5.6949057598E-01  5.2183744615E-02  2.2045689246E-01
HessDelSqRho_EigVec1 = -5.2659102868E-01  3.3302101982E-01  7.8217574040E-01
HessDelSqRho_EigVec2 =  7.8793351328E-01 -1.5422959148E-01  5.9613254547E-01
HessDelSqRho_EigVec3 =  3.1915931314E-01  9.3022052948E-01 -1.8118250291E-01
</CP of DelSqRho>
<CP of DelSqRho>
CP# = 44      
Type = (3,+1)
Coords = -5.28284606405572E-01 -1.72985046668126E+00  2.36006670219159E-01
DistFromNuc =  1.8240521952E+00
Rho =  5.5260292349E-02
DelSqRho =  1.2591354018E-01
GradDelSqRho =  1.6664968017E-13  1.7025270083E-13 -1.1947040579E-14
HessDelSqRho_EigVals = -9.8189034118E-01  3.3376257242E-02  6.3215596622E-02
HessDelSqRho_EigVec1 =  3.4478415325E-01  9.3734233943E-01 -5.0132089381E-02
HessDelSqRho_EigVec2 =  9.3866416232E-01 -3.4461474742E-01  1.2258313041E-02
HessDelSqRho_EigVec3 =  5.7860214961E-03  5.1283667766E-02  9.9866736573E-01
</CP of DelSqRho>
<CP of DelSqRho>
CP# = 45      
Type = (3,-1)
Coords = -1.08658405352579E+00  1.32178262680027E-01  1.54121800844757E+00
DistFromNuc =  1.8903674109E+00
Rho =  6.4186970803E-02
DelSqRho =  1.4937910132E-01
GradDelSqRho =  5.7710503043E-12  1.5722145807E-13 -6.1308770560E-12
HessDelSqRho_EigVals = -1.0366288157E+00 -1.3006768474E-01  3.6960578172E-02
HessDelSqRho_EigVec1 = -6.2241572594E-01  2.2430594196E-01  7.4985699204E-01
HessDelSqRho_EigVec2 =  7.4139942760E-01 -1.3808951569E-01  6.5670250069E-01
HessDelSqRho_EigVec3 =  2.5084966187E-01  9.6468550837E-01 -8.0351210823E-02
</CP of DelSqRho>
<CP of DelSqRho>
CP# = 46      
Type = (3,+1)
Coords =  1.62474574093643E+00  1.33711863131108E+00 -1.42392502689295E-01
DistFromNuc =  2.1090188671E+00
Rho =  5.7801080147E-02
DelSqRho =  1.2321106277E-01
GradDelSqRho = -7.6067624422E-15 -8.7039750407E-16  2.8685387399E-14
HessDelSqRho_EigVals = -5.7730555006E-01  6.6808571209E-02  1.7343035700E-01
HessDelSqRho_EigVec1 =  9.8979124456E-01  9.6869958117E-02 -1.0454426526E-01
HessDelSqRho_EigVec2 =  1.0397521706E-01  1.0917722943E-02  9.9451996338E-01
HessDelSqRho_EigVec3 = -9.7480492522E-02  9.9523716497E-01 -7.3419165803E-04
</CP of DelSqRho>
<CP of DelSqRho>
CP# = 47      
Type = (3,-1)
Coords = -7.73289273410842E-01 -1.62830522270293E+00  2.35514366851371E-01
DistFromNuc =  1.8179167241E+00
Rho =  5.5525033808E-02
DelSqRho =  1.2630680324E-01
GradDelSqRho =  1.7347234760E-16 -2.7755575616E-17  5.8980598183E-17
HessDelSqRho_EigVals = -9.8988187101E-01 -3.2075570188E-02  6.3235957638E-02
HessDelSqRho_EigVec1 =  4.0795495377E-01  9.1038611823E-01 -6.9064255722E-02
HessDelSqRho_EigVec2 =  9.1283328160E-01 -4.0816531858E-01  1.1682153220E-02
HessDelSqRho_EigVec3 =  1.7554363816E-02  6.7809943469E-02  9.9754381151E-01
</CP of DelSqRho>
<CP of DelSqRho>
CP# = 48      
Type = (3,-3)
Coords = -1.08940577000474E+00 -6.89301034864063E-01  1.48151431547337E+00
DistFromNuc =  1.9638802192E+00
Rho =  6.6403461431E-02
DelSqRho =  1.5288940706E-01
GradDelSqRho =  1.3877787808E-15 -2.2501098207E-14  6.1617377867E-14
HessDelSqRho_EigVals = -9.8800407682E-01 -1.1279507370E-01 -2.0938716580E-02
HessDelSqRho_EigVec1 =  7.2396753789E-01  3.1298569002E-01 -6.1474463147E-01
HessDelSqRho_EigVec2 =  6.2098241793E-01  9.2403011702E-02  7.7835886328E-01
HessDelSqRho_EigVec3 = -3.0041944128E-01  9.4525215751E-01  1.2746182969E-01
</CP of DelSqRho>
<CP of DelSqRho>
CP# = 49      
Type = (3,-1)
Coords = -1.04445814045020E+00  1.89176151133044E+00 -5.67110811115799E-02
DistFromNuc =  2.1616823471E+00
Rho =  6.2373613628E-02
DelSqRho =  1.3829190884E-01
GradDelSqRho =  1.3183898417E-16  2.0296264669E-16 -5.2041704279E-18
HessDelSqRho_EigVals = -6.2450033935E-01 -2.3866389269E-02  1.7853379905E-01
HessDelSqRho_EigVec1 =  8.9193644170E-01 -4.4970190180E-01  4.7091225060E-02
HessDelSqRho_EigVec2 = -3.6131392805E-02  3.2928517613E-02  9.9880440286E-01
HessDelSqRho_EigVec3 =  4.5071488373E-01  8.9257151660E-01 -1.3121788771E-02
</CP of DelSqRho>
<CP of DelSqRho>
CP# = 50      
Type = (3,-1)
Coords =  7.29760209804471E-01  1.64083822736935E+00 -1.22876798828237E+00
DistFromNuc =  2.1759528536E+00
Rho =  6.1613905963E-02
DelSqRho =  1.5237531402E-01
GradDelSqRho = -2.1468070377E-13 -3.4864472420E-14  1.7287560272E-13
HessDelSqRho_EigVals = -6.5765581088E-01 -6.1104892798E-02  2.9606991126E-01
HessDelSqRho_EigVec1 = -3.6701027039E-01 -2.2775120574E-01  9.0190512234E-01
HessDelSqRho_EigVec2 =  9.2757855328E-01 -1.6257474266E-01  3.3640374633E-01
HessDelSqRho_EigVec3 =  7.0010634323E-02  9.6005147848E-01  2.7092373419E-01
</CP of DelSqRho>
<Path of -GradDelSqRho>
Starting CP# =      5
Ending CP# =      8
Number of Points =    152
 -1.6722979140E-01 -1.4374220714E-01 -1.7058491883E-01  1.6863513449E+01 -3.4530037048E+02
 -1.6673701002E-01 -1.4158789156E-01 -1.7098345929E-01  1.6960804804E+01 -3.4517203472E+02
 -1.6676489806E-01 -1.4137723199E-01 -1.7113415322E-01  1.6960618928E+01 -3.4517264771E+02
 -1.6679575188E-01 -1.4114401319E-01 -1.7130096548E-01  1.6960391266E+01 -3.4517339715E+02
 -1.6682961654E-01 -1.4088770039E-01 -1.7148424421E-01  1.6960116999E+01 -3.4517429955E+02
 -1.6686647061E-01 -1.4060817562E-01 -1.7168402320E-01  1.6959792296E+01 -3.4517536874E+02
 -1.6690622638E-01 -1.4030573000E-01 -1.7190002605E-01  1.6959414646E+01 -3.4517661479E+02
 -1.6694873718E-01 -1.3998101177E-01 -1.7213170393E-01  1.6958983036E+01 -3.4517804349E+02
 -1.6699381027E-01 -1.3963494057E-01 -1.7237829905E-01  1.6958497936E+01 -3.4517965633E+02
 -1.6704122275E-01 -1.3926860573E-01 -1.7263892089E-01  1.6957961105E+01 -3.4518145106E+02
 -1.6709073743E-01 -1.3888316653E-01 -1.7291262143E-01  1.6957375294E+01 -3.4518342254E+02
 -1.6714211645E-01 -1.3847976796E-01 -1.7319845901E-01  1.6956743910E+01 -3.4518556372E+02
 -1.6719513149E-01 -1.3805947847E-01 -1.7349554575E-01  1.6956070699E+01 -3.4518786661E+02
 -1.6724957035E-01 -1.3762325021E-01 -1.7380307791E-01  1.6955359500E+01 -3.4519032300E+02
 -1.6730524025E-01 -1.3717189842E-01 -1.7412035161E-01  1.6954614053E+01 -3.4519292508E+02
 -1.6736196889E-01 -1.3670609504E-01 -1.7444676763E-01  1.6953837892E+01 -3.4519566576E+02
 -1.6741960372E-01 -1.3622637169E-01 -1.7478182897E-01  1.6953034276E+01 -3.4519853890E+02
 -1.6747801041E-01 -1.3573312806E-01 -1.7512513411E-01  1.6952206173E+01 -3.4520153945E+02
 -1.6753707068E-01 -1.3522664291E-01 -1.7547636831E-01  1.6951356260E+01 -3.4520466338E+02
 -1.6759668008E-01 -1.3470708554E-01 -1.7583529426E-01  1.6950486944E+01 -3.4520790773E+02
 -1.6765674577E-01 -1.3417452693E-01 -1.7620174319E-01  1.6949600395E+01 -3.4521127055E+02
 -1.6771718444E-01 -1.3362894964E-01 -1.7657560659E-01  1.6948698571E+01 -3.4521475080E+02
 -1.6777792040E-01 -1.3307025639E-01 -1.7695682904E-01  1.6947783261E+01 -3.4521834832E+02
 -1.6783888393E-01 -1.3249827720E-01 -1.7734540207E-01  1.6946856108E+01 -3.4522206379E+02
 -1.6790000971E-01 -1.3191277517E-01 -1.7774135891E-01  1.6945918644E+01 -3.4522589862E+02
 -1.6796123552E-01 -1.3131345100E-01 -1.7814477021E-01  1.6944972319E+01 -3.4522985500E+02
 -1.6802250096E-01 -1.3069994645E-01 -1.7855574052E-01  1.6944018524E+01 -3.4523393581E+02
 -1.6808374639E-01 -1.3007184674E-01 -1.7897440539E-01  1.6943058616E+01 -3.4523814463E+02
 -1.6814491186E-01 -1.2942868224E-01 -1.7940092907E-01  1.6942093940E+01 -3.4524248571E+02
 -1.6820593616E-01 -1.2876992931E-01 -1.7983550268E-01  1.6941125849E+01 -3.4524696402E+02
 -1.6826675584E-01 -1.2809501066E-01 -1.8027834266E-01  1.6940155725E+01 -3.4525158521E+02
 -1.6832730430E-01 -1.2740329512E-01 -1.8072968965E-01  1.6939184996E+01 -3.4525635567E+02
 -1.6838751085E-01 -1.2669409699E-01 -1.8118980744E-01  1.6938215151E+01 -3.4526128253E+02
 -1.6844729973E-01 -1.2596667510E-01 -1.8165898218E-01  1.6937247763E+01 -3.4526637374E+02
 -1.6850658915E-01 -1.2522023159E-01 -1.8213752166E-01  1.6936284497E+01 -3.4527163806E+02
 -1.6856529019E-01 -1.2445391048E-01 -1.8262575453E-01  1.6935327134E+01 -3.4527708515E+02
 -1.6862330574E-01 -1.2366679619E-01 -1.8312402960E-01  1.6934377577E+01 -3.4528272565E+02
 -1.6868052930E-01 -1.2285791205E-01 -1.8363271502E-01  1.6933437871E+01 -3.4528857120E+02
 -1.6873684371E-01 -1.2202621887E-01 -1.8415219719E-01  1.6932510209E+01 -3.4529463456E+02
 -1.6879211979E-01 -1.2117061376E-01 -1.8468287962E-01  1.6931596948E+01 -3.4530092968E+02
 -1.6884621496E-01 -1.2028992928E-01 -1.8522518136E-01  1.6930700607E+01 -3.4530747180E+02
 -1.6889897163E-01 -1.1938293294E-01 -1.8577953517E-01  1.6929823878E+01 -3.4531427755E+02
 -1.6895021563E-01 -1.1844832747E-01 -1.8634638517E-01  1.6928969621E+01 -3.4532136506E+02
 -1.6899975455E-01 -1.1748475163E-01 -1.8692618407E-01  1.6928140854E+01 -3.4532875409E+02
 -1.6904737591E-01 -1.1649078206E-01 -1.8751938988E-01  1.6927340740E+01 -3.4533646611E+02
 -1.6909284543E-01 -1.1546493605E-01 -1.8812646195E-01  1.6926572562E+01 -3.4534452449E+02
 -1.6913590521E-01 -1.1440567545E-01 -1.8874785651E-01  1.6925839690E+01 -3.4535295457E+02
 -1.6917627192E-01 -1.1331141176E-01 -1.8938402153E-01  1.6925145535E+01 -3.4536178379E+02
 -1.6921363506E-01 -1.1218051251E-01 -1.9003539108E-01  1.6924493490E+01 -3.4537104185E+02
 -1.6924765527E-01 -1.1101130872E-01 -1.9070237914E-01  1.6923886868E+01 -3.4538076079E+02
 -1.6927796283E-01 -1.0980210352E-01 -1.9138537308E-01  1.6923328815E+01 -3.4539097511E+02
 -1.6930415622E-01 -1.0855118154E-01 -1.9208472687E-01  1.6922822228E+01 -3.4540172186E+02
 -1.6932580085E-01 -1.0725681895E-01 -1.9280075419E-01  1.6922369657E+01 -3.4541304068E+02
 -1.6934242802E-01 -1.0591729369E-01 -1.9353372175E-01  1.6921973216E+01 -3.4542497388E+02
 -1.6935353393E-01 -1.0453089559E-01 -1.9428384277E-01  1.6921634494E+01 -3.4543756641E+02
 -1.6935857885E-01 -1.0309593591E-01 -1.9505127103E-01  1.6921354479E+01 -3.4545086590E+02
 -1.6935698641E-01 -1.0161075611E-01 -1.9583609538E-01  1.6921133501E+01 -3.4546492251E+02
 -1.6934814283E-01 -1.0007373547E-01 -1.9663833494E-01  1.6920971203E+01 -3.4547978890E+02
 -1.6933139621E-01 -9.8483297658E-02 -1.9745793479E-01  1.6920866544E+01 -3.4549552001E+02
 -1.6930605572E-01 -9.6837916198E-02 -1.9829476224E-01  1.6920817828E+01 -3.4551217289E+02
 -1.6927139078E-01 -9.5136119177E-02 -1.9914860332E-01  1.6920822781E+01 -3.4552980641E+02
 -1.6922663021E-01 -9.3376493532E-02 -2.0001915962E-01  1.6920878639E+01 -3.4554848096E+02
 -1.6917096137E-01 -9.1557689410E-02 -2.0090604499E-01  1.6920982282E+01 -3.4556825804E+02
 -1.6910352950E-01 -8.9678425082E-02 -2.0180878223E-01  1.6921130361E+01 -3.4558919989E+02
 -1.6902343733E-01 -8.7737492852E-02 -2.0272679966E-01  1.6921319451E+01 -3.4561136898E+02
 -1.6892974500E-01 -8.5733766335E-02 -2.0365942750E-01  1.6921546180E+01 -3.4563482752E+02
 -1.6882147068E-01 -8.3666209317E-02 -2.0460589417E-01  1.6921807356E+01 -3.4565963692E+02
 -1.6869759173E-01 -8.1533886312E-02 -2.0556532283E-01  1.6922100064E+01 -3.4568585718E+02
 -1.6855704679E-01 -7.9335974770E-02 -2.0653672800E-01  1.6922421735E+01 -3.4571354636E+02
 -1.6839873869E-01 -7.7071778817E-02 -2.0751901281E-01  1.6922770188E+01 -3.4574275990E+02
 -1.6822153842E-01 -7.4740744310E-02 -2.0851096687E-01  1.6923143634E+01 -3.4577354999E+02
 -1.6802428999E-01 -7.2342474928E-02 -2.0951126494E-01  1.6923540666E+01 -3.4580596491E+02
 -1.6780581642E-01 -6.9876749018E-02 -2.1051846674E-01  1.6923960218E+01 -3.4584004831E+02
 -1.6756492666E-01 -6.7343536875E-02 -2.1153101778E-01  1.6924401513E+01 -3.4587583854E+02
 -1.6730042356E-01 -6.4743018124E-02 -2.1254725162E-01  1.6924864002E+01 -3.4591336780E+02
 -1.6701111272E-01 -6.2075598885E-02 -2.1356539340E-01  1.6925347304E+01 -3.4595266145E+02
 -1.6669581232E-01 -5.9341928375E-02 -2.1458356498E-01  1.6925851146E+01 -3.4599373718E+02
 -1.6635336368E-01 -5.6542914616E-02 -2.1559979156E-01  1.6926375308E+01 -3.4603660417E+02
 -1.6598264276E-01 -5.3679738874E-02 -2.1661201004E-01  1.6926919574E+01 -3.4608126237E+02
 -1.6558257213E-01 -5.0753868491E-02 -2.1761807901E-01  1.6927483699E+01 -3.4612770166E+02
 -1.6515213364E-01 -4.7767067729E-02 -2.1861579052E-01  1.6928067373E+01 -3.4617590117E+02
 -1.6469038150E-01 -4.4721406257E-02 -2.1960288351E-01  1.6928670202E+01 -3.4622582863E+02
