 AIMInt (Version 19.10.12, Standard)
 Portions Copyright (c) 1997-2019 by Todd A. Keith
 AIMInt is a component of the AIMAll package ( http://aim.tkgristmill.com )

 TP:  64-bit Mac OS X

 AIMInt is a heavily modified and extended version of the PROAIMV program
 developed by members of R.F.W. Bader's research group

 Much of the Quantum Theory of Atoms in Molecules (QTAIM) is described in the book:
   "Atoms in Molecules - A Quantum Theory"
   R.F.W. Bader, Oxford University Press, Oxford, 1990

 For additional references see:  http://aim.tkgristmill.com/references.html

 Current Directory:  /Users/chemlab/Documents/SubstituentCoding/rotationalInvarianceCheck

 Inp File:  SubCH3_CFH2_anti2146_reor_atomicfiles/c1.inp
 Wfx File:  SubCH3_CFH2_anti2146_reor.wfx
 Out File:  SubCH3_CFH2_anti2146_reor_atomicfiles/c1.int

 Wfx Title:   Title Card Required                                                           
 Job Title:   Title Card Required                                                           
 
<Atom>
C1      
</Atom>
<Nuclei of Molecule>
     8
C1         6.0           0.0000000000E+00   0.0000000000E+00   0.0000000000E+00
H2         1.0          -2.0632464465E+00   0.0000000000E+00   0.0000000000E+00
H3         1.0           6.6148729155E-01   0.0000000000E+00  -1.9543339710E+00
C4         6.0           1.0429549660E+00  -2.2175765996E+00   1.4540886949E+00
H5         1.0           4.1988202707E-01  -3.9796914087E+00   5.8540124859E-01
H6         1.0           3.1010462396E+00  -2.1838960109E+00   1.4541756223E+00
H7         1.0           3.8320055327E-01  -2.1838960109E+00   3.4035687154E+00
F8         9.0           7.8702935691E-01   2.2448491271E+00   1.0972787339E+00
</Nuclei of Molecule>
<Total Number of CPs of DelSqRho>
    31
</Total Number of CPs of DelSqRho>
<Number of (3,+3) CPs of DelSqRho>
     4
</Number of (3,+3) CPs of DelSqRho>
<Number of (3,+1) CPs of DelSqRho>
    12
</Number of (3,+1) CPs of DelSqRho>
<Number of (3,-1) CPs of DelSqRho>
    12
</Number of (3,-1) CPs of DelSqRho>
<Number of (3,-3) CPs of DelSqRho>
     3
</Number of (3,-3) CPs of DelSqRho>
<Number of Degenerate CPs of DelSqRho>
     0
</Number of Degenerate CPs of DelSqRho>
<CP of DelSqRho>
CP# = 1       
Type = (3,+3)
Coords =  1.61261543511385E-07  3.35811111783106E-07  2.24831797444958E-07
DistFromNuc =  4.3511346262E-07
Rho =  1.2077250284E+02
DelSqRho = -7.4327283265E+05
GradDelSqRho =  4.7748471843E-12 -1.8189894035E-12  1.3642420527E-12
HessDelSqRho_EigVals =  1.5922382931E+10  1.5922383608E+10  1.5922384080E+10
HessDelSqRho_EigVec1 =  8.1261150003E-01  2.1632215605E-05 -5.8280575628E-01
HessDelSqRho_EigVec2 =  5.7850517902E-01 -1.2128889472E-01  8.0661066313E-01
HessDelSqRho_EigVec3 =  7.0670417239E-02  9.9261724927E-01  9.8573265023E-02
</CP of DelSqRho>
<CP of DelSqRho>
CP# = 2       
Type = (3,+1)
Coords = -1.31593933314381E+00  3.64055122853172E-03  7.54915051739137E-03
DistFromNuc =  1.3159660223E+00
Rho =  2.9622210844E-01
DelSqRho = -1.1956367571E+00
GradDelSqRho =  1.2510825709E-14 -3.1918911958E-16 -2.2204460493E-16
HessDelSqRho_EigVals = -1.0396277900E+01  9.0563720394E+00  9.3574042041E+00
HessDelSqRho_EigVec1 =  9.9990630418E-01  7.5057444057E-03  1.1447561284E-02
HessDelSqRho_EigVec2 = -6.7444342697E-03 -4.5759766852E-01  8.8913378429E-01
HessDelSqRho_EigVec3 = -1.1911988281E-02  8.8912768350E-01  4.5750417153E-01
</CP of DelSqRho>
<CP of DelSqRho>
CP# = 3       
Type = (3,+1)
Coords =  4.29046764261182E-01  3.63913147037428E-03 -1.24405236014079E+00
DistFromNuc =  1.3159637700E+00
Rho =  2.9622214582E-01
DelSqRho = -1.1956395092E+00
GradDelSqRho = -4.7739590059E-15 -3.4694469520E-16  1.1324274851E-14
HessDelSqRho_EigVals = -1.0395990575E+01  9.0563610270E+00  9.3573932067E+00
HessDelSqRho_EigVec1 = -3.0973409701E-01  7.5042039480E-03  9.5079360330E-01
HessDelSqRho_EigVec2 =  8.4434950622E-01 -4.5762079398E-01  2.7867027157E-01
HessDelSqRho_EigVec3 =  4.3719412220E-01  8.8911579439E-01  1.3540459250E-01
</CP of DelSqRho>
<CP of DelSqRho>
CP# = 4       
Type = (3,+1)
Coords =  5.35263755273849E-01 -1.11710082534577E+00  7.46273764745829E-01
DistFromNuc =  1.4461487038E+00
Rho =  2.6152043817E-01
DelSqRho = -7.0552158044E-01
GradDelSqRho = -2.0816681712E-16  6.9388939039E-18 -3.4694469520E-16
HessDelSqRho_EigVals = -5.6702145346E+00  4.8407568552E+00  4.9342515612E+00
HessDelSqRho_EigVec1 = -3.6240435576E-01  7.8317267747E-01 -5.0527580606E-01
HessDelSqRho_EigVec2 = -8.1232399230E-01  3.7064973074E-04  5.8320630497E-01
HessDelSqRho_EigVec3 =  4.5693852372E-01  6.2180416521E-01  6.3605563095E-01
</CP of DelSqRho>
<CP of DelSqRho>
CP# = 5       
Type = (3,-3)
Coords =  5.62476330339908E-02  2.03302850140931E-01  7.84218174075028E-02
DistFromNuc =  2.2504627645E-01
Rho =  9.1205758074E+00
DelSqRho =  2.7916391159E+02
GradDelSqRho = -1.8260948309E-12 -4.0323300254E-13 -3.3892888496E-12
HessDelSqRho_EigVals = -5.6146053107E+04 -1.3699997844E+02 -1.0172927893E+02
HessDelSqRho_EigVec1 =  2.4949816544E-01  9.0374033204E-01  3.4785640384E-01
HessDelSqRho_EigVec2 = -8.1259667749E-01  1.6338728430E-06  5.8282642332E-01
HessDelSqRho_EigVec3 =  5.2672317698E-01 -4.2808108140E-01  7.3437679878E-01
</CP of DelSqRho>
<CP of DelSqRho>
CP# = 6       
Type = (3,-1)
Coords = -7.11851477121649E-02  1.88413193884850E-01 -9.92482690807170E-02
DistFromNuc =  2.2453747082E-01
Rho =  9.1819139183E+00
DelSqRho =  2.7802342644E+02
GradDelSqRho = -4.0216718844E-12 -1.2718714970E-12  4.3627323976E-12
HessDelSqRho_EigVals = -5.7073798327E+04 -6.6873431153E+01  1.4417707629E+02
HessDelSqRho_EigVec1 = -3.1891468782E-01  8.3701201896E-01 -4.4463951917E-01
HessDelSqRho_EigVec2 = -8.1259438633E-01  9.5093318152E-07  5.8282961772E-01
HessDelSqRho_EigVec3 =  4.8783581786E-01  5.4718450281E-01  6.8015096463E-01
</CP of DelSqRho>
<CP of DelSqRho>
CP# = 7       
Type = (3,+1)
Coords =  1.97905098018364E-01  6.36533260229513E-02 -8.50033520209148E-02
DistFromNuc =  2.2459684679E-01
Rho =  9.1865599223E+00
DelSqRho =  2.7680818628E+02
GradDelSqRho = -1.5276668819E-13 -2.8794744367E-12  1.7053025658E-13
HessDelSqRho_EigVals = -5.6857121052E+04  2.7469059652E+01  2.0594091726E+02
HessDelSqRho_EigVec1 =  8.8078408040E-01  2.8066320014E-01 -3.8137589305E-01
HessDelSqRho_EigVec2 =  4.7288932201E-01 -4.7987147645E-01  7.3898515223E-01
HessDelSqRho_EigVec3 = -2.4394524798E-02  8.3123494523E-01  5.5538578752E-01
</CP of DelSqRho>
<CP of DelSqRho>
CP# = 8       
Type = (3,-1)
Coords = -8.38410833097580E-04 -1.20010672640622E-02  2.24381602988237E-01
DistFromNuc =  2.2470387693E-01
Rho =  9.1747226594E+00
DelSqRho =  2.7691925600E+02
GradDelSqRho =  1.0658141036E-13 -5.2224891078E-13  1.1652900866E-12
HessDelSqRho_EigVals = -5.6628597865E+04 -1.0988488873E+01  1.8875606864E+02
HessDelSqRho_EigVec1 = -5.0002167639E-03 -5.6881849274E-02  9.9836839546E-01
HessDelSqRho_EigVec2 = -9.4363787075E-01  3.3067863088E-01  1.4114247009E-02
HessDelSqRho_EigVec3 =  3.3094193860E-01  9.4202765262E-01  5.5329331966E-02
</CP of DelSqRho>
<CP of DelSqRho>
CP# = 9       
Type = (3,-3)
Coords = -7.02427626502939E-02 -1.87633473539899E-01 -9.79329502894794E-02
DistFromNuc =  2.2300499737E-01
Rho =  9.2401511762E+00
DelSqRho =  2.8901226305E+02
GradDelSqRho =  6.4659388954E-13 -2.7000623959E-13 -2.2737367544E-13
HessDelSqRho_EigVals = -6.1576895163E+04 -3.8416879972E+02 -3.5387624496E+02
HessDelSqRho_EigVec1 =  3.1518207033E-01  8.4116726060E-01  4.3942906394E-01
HessDelSqRho_EigVec2 = -8.1260114935E-01  1.0916723701E-05  5.8282018835E-01
HessDelSqRho_EigVec3 =  4.9024446414E-01 -5.4077503601E-01  6.8353692352E-01
</CP of DelSqRho>
<CP of DelSqRho>
CP# = 10      
Type = (3,-1)
Coords =  2.12806276875401E-01 -1.20003023952560E-02  7.11429116569226E-02
DistFromNuc =  2.2470387761E-01
Rho =  9.1747225234E+00
DelSqRho =  2.7691924530E+02
GradDelSqRho =  1.3358203432E-12 -9.5923269328E-13  2.8848035072E-12
HessDelSqRho_EigVals = -5.6628594630E+04 -1.0987035107E+01  1.8875574274E+02
HessDelSqRho_EigVec1 =  9.4727199289E-01 -5.6878431101E-02  3.1534206119E-01
HessDelSqRho_EigVec2 = -3.1589938534E-01 -3.3068484668E-01  8.8930034888E-01
HessDelSqRho_EigVec3 = -5.3696832535E-02  9.4202567707E-01  3.3121635516E-01
</CP of DelSqRho>
<CP of DelSqRho>
CP# = 11      
Type = (3,+1)
Coords =  1.29084775948657E-01 -3.79361689126285E-02  1.79957161272538E-01
DistFromNuc =  2.2469226107E-01
Rho =  9.1772022742E+00
DelSqRho =  2.7688263493E+02
GradDelSqRho = -7.4962258623E-12 -4.0500935938E-13 -9.6633812063E-13
HessDelSqRho_EigVals = -5.6684020939E+04  8.1744584918E+00  1.9136496699E+02
HessDelSqRho_EigVec1 =  5.7411179553E-01 -1.7263934431E-01  8.0036947907E-01
HessDelSqRho_EigVec2 =  8.1257241137E-01  2.2290174014E-05 -5.8286025408E-01
HessDelSqRho_EigVec3 =  1.0060677172E-01  9.8498510461E-01  1.4029476536E-01
</CP of DelSqRho>
<CP of DelSqRho>
CP# = 12      
Type = (3,+1)
Coords = -1.43969937271739E-01  6.36552452710294E-02  1.60201143584855E-01
DistFromNuc =  2.2459683768E-01
Rho =  9.1865612213E+00
DelSqRho =  2.7680817421E+02
GradDelSqRho =  6.9135808189E-12 -2.2382096176E-12 -3.3217872897E-12
HessDelSqRho_EigVals = -5.6857142386E+04  2.7471828823E+01  2.0594362132E+02
HessDelSqRho_EigVec1 = -6.4364713272E-01  2.8067173572E-01  7.1199841664E-01
HessDelSqRho_EigVec2 =  5.4834250947E-01 -4.7987060620E-01  6.8486837686E-01
HessDelSqRho_EigVec3 =  5.3389030788E-01  8.3123256558E-01  1.5496309586E-01
</CP of DelSqRho>
<CP of DelSqRho>
CP# = 13      
Type = (3,-1)
Coords =  9.94838282415436E-01  3.28169163387189E-01  1.57783601795594E-01
DistFromNuc =  1.0593837232E+00
Rho =  1.4976254964E-01
DelSqRho =  1.7341317692E-01
GradDelSqRho =  9.1177065897E-14  4.7239989698E-14  2.7644553313E-14
HessDelSqRho_EigVals = -1.7223772235E+00 -1.0114860988E+00  7.9484250678E+00
HessDelSqRho_EigVec1 = -3.5796241072E-01  8.8396610065E-01  3.0077706929E-01
HessDelSqRho_EigVec2 = -4.2595684463E-02 -3.3724614441E-01  9.4045236230E-01
HessDelSqRho_EigVec3 =  9.3276391449E-01  3.2383478964E-01  1.5837458396E-01
</CP of DelSqRho>
<CP of DelSqRho>
CP# = 14      
Type = (3,+3)
Coords = -1.02390051009725E+00  9.17198087799624E-03  1.49848667761430E-02
DistFromNuc =  1.0240512321E+00
Rho =  3.1095514595E-01
DelSqRho = -1.3278866108E+00
GradDelSqRho =  1.2545520178E-13 -2.5257573810E-15 -3.5527136788E-15
HessDelSqRho_EigVals =  7.7839888262E+00  8.4524607307E+00  9.9065034770E+00
HessDelSqRho_EigVec1 =  1.1428357334E-01 -3.6606689508E-01  9.2354441863E-01
HessDelSqRho_EigVec2 =  2.7750774401E-01  9.0439240482E-01  3.2413551196E-01
HessDelSqRho_EigVec3 =  9.5390183818E-01 -2.1924736356E-01 -2.0494359393E-01
</CP of DelSqRho>
<CP of DelSqRho>
CP# = 15      
Type = (3,-1)
Coords = -2.14719532486718E-01  9.97313673844568E-01 -2.99347795556050E-01
DistFromNuc =  1.0631783220E+00
Rho =  1.5050991600E-01
DelSqRho =  1.7793439173E-01
GradDelSqRho = -6.0784710598E-15  8.3266726847E-17 -8.8817841970E-15
HessDelSqRho_EigVals = -1.8004671913E+00 -9.1474832087E-01  7.7703339522E+00
HessDelSqRho_EigVec1 =  5.5166777682E-01  3.2286596183E-01  7.6903851315E-01
HessDelSqRho_EigVec2 = -8.1255733702E-01  1.1011003551E-05  5.8288126915E-01
HessDelSqRho_EigVec3 = -1.8818405371E-01  9.4644470022E-01 -2.6235318058E-01
</CP of DelSqRho>
<CP of DelSqRho>
CP# = 16      
Type = (3,-1)
Coords = -3.56493172012423E-01 -9.38397239365911E-01 -4.97006574141848E-01
DistFromNuc =  1.1201304814E+00
Rho =  1.2855664970E-01
DelSqRho =  2.2616524908E-01
GradDelSqRho =  2.7755575616E-17 -1.5820678101E-15 -6.1062266354E-16
HessDelSqRho_EigVals = -1.4641567172E+00 -1.2020974108E+00  3.5534312632E+00
HessDelSqRho_EigVec1 =  4.8627032183E-01 -5.5155194240E-01  6.7774008952E-01
HessDelSqRho_EigVec2 = -8.1252525521E-01 -6.2744932273E-05  5.8292598648E-01
HessDelSqRho_EigVec3 =  3.2147143536E-01  8.3414054625E-01  4.4818039375E-01
</CP of DelSqRho>
<CP of DelSqRho>
CP# = 17      
Type = (3,-1)
Coords = -1.69501438864407E-01  3.28194320284613E-01  9.92900104133906E-01
DistFromNuc =  1.0593832481E+00
Rho =  1.4976338144E-01
DelSqRho =  1.7341247666E-01
GradDelSqRho = -3.8857805862E-16 -7.2164496601E-16  1.6653345369E-15
HessDelSqRho_EigVals = -1.7224221315E+00 -1.0114728041E+00  7.9485745897E+00
HessDelSqRho_EigVec1 =  3.9979055473E-01  8.8391391789E-01 -2.4261842078E-01
HessDelSqRho_EigVec2 = -9.0440785284E-01  3.3736052858E-01 -2.6121697777E-01
HessDelSqRho_EigVec3 = -1.4904344357E-01  3.2385808545E-01  9.3429224144E-01
</CP of DelSqRho>
<CP of DelSqRho>
CP# = 18      
Type = (3,+1)
Coords = -5.65849968328212E-01  1.03579636175415E-01 -7.88907982841570E-01
DistFromNuc =  9.7636608558E-01
Rho =  2.2102931351E-01
DelSqRho = -2.3918509411E-01
GradDelSqRho = -3.8691272408E-13  1.1990408666E-14  5.4289905904E-13
HessDelSqRho_EigVals = -3.9935660675E+00  2.0673956498E+00  1.6676524437E+01
HessDelSqRho_EigVec1 =  8.1258939342E-01 -1.5448771538E-06 -5.8283657890E-01
HessDelSqRho_EigVec2 = -7.0121179732E-02 -9.9273660787E-01 -9.7760153208E-02
HessDelSqRho_EigVec3 =  5.7860305725E-01 -1.2030805210E-01  8.0668734634E-01
</CP of DelSqRho>
<CP of DelSqRho>
CP# = 19      
Type = (3,+1)
Coords =  7.00714437496392E-01 -5.81482368789354E-01 -3.48597457724392E-01
DistFromNuc =  9.7500905414E-01
Rho =  2.1981953854E-01
DelSqRho = -2.4716512066E-01
GradDelSqRho = -3.1086244690E-15  2.2204460493E-15  2.9976021665E-15
HessDelSqRho_EigVals = -3.8674139535E+00  2.0786545547E+00  1.6869636445E+01
HessDelSqRho_EigVec1 =  4.8019796012E-02 -4.8414091738E-01  8.7367137489E-01
HessDelSqRho_EigVec2 =  6.7938285073E-01  6.5702140163E-01  3.2674427299E-01
HessDelSqRho_EigVec3 =  7.3221106337E-01 -5.7786715594E-01 -3.6046707029E-01
</CP of DelSqRho>
<CP of DelSqRho>
CP# = 20      
Type = (3,+1)
Coords = -5.54840057170135E-01 -5.81471096750332E-01  5.51984867851273E-01
DistFromNuc =  9.7500944597E-01
Rho =  2.1981875793E-01
DelSqRho = -2.4715365163E-01
GradDelSqRho = -1.9984014443E-15 -1.3322676296E-15  1.1102230246E-15
HessDelSqRho_EigVals = -3.8674457263E+00  2.0785616364E+00  1.6869451252E+01
HessDelSqRho_EigVec1 =  8.1216245091E-01 -4.8413387024E-01  3.2558646936E-01
HessDelSqRho_EigVec2 =  9.1692712512E-02  6.5703600716E-01  7.4826207425E-01
HessDelSqRho_EigVec3 =  5.7618104777E-01  5.7785645361E-01 -5.7801152169E-01
</CP of DelSqRho>
<CP of DelSqRho>
CP# = 21      
Type = (3,+1)
Coords =  5.67291638857772E-01  8.11141139253278E-01 -2.73684741358034E-01
DistFromNuc =  1.0269727791E+00
Rho =  1.7757164407E-01
DelSqRho =  4.7881804605E-02
GradDelSqRho =  3.4972025276E-15  3.1086244690E-15 -1.5543122345E-15
HessDelSqRho_EigVals = -3.4487688829E+00  9.4099780025E-01  1.2215181082E+01
HessDelSqRho_EigVec1 = -1.1239638261E-01  4.3026922717E-01  8.9567597117E-01
HessDelSqRho_EigVec2 =  8.2276000015E-01 -4.6512612187E-01  3.2668589333E-01
HessDelSqRho_EigVec3 =  5.5716517777E-01  7.7364467484E-01 -3.0172981586E-01
</CP of DelSqRho>
<CP of DelSqRho>
CP# = 22      
Type = (3,+1)
Coords = -4.41107346445221E-01  8.11149957765726E-01  4.49598926705811E-01
DistFromNuc =  1.0269757251E+00
Rho =  1.7757060335E-01
DelSqRho =  4.7897718637E-02
GradDelSqRho =  4.9960036108E-16 -1.1102230246E-15 -7.7715611724E-16
HessDelSqRho_EigVals = -3.4488639095E+00  9.4091517334E-01  1.2214863519E+01
HessDelSqRho_EigVec1 =  8.8443453910E-01  4.3026492161E-01  1.8068658854E-01
HessDelSqRho_EigVec2 =  4.5662529507E-02 -4.6512027122E-01  8.8406903956E-01
HessDelSqRho_EigVec3 = -4.6442489107E-01  7.7365058685E-01  4.3101541738E-01
</CP of DelSqRho>
<CP of DelSqRho>
CP# = 23      
Type = (3,+3)
Coords =  3.42460659301756E-01  9.16963253875725E-03 -9.65051926081403E-01
DistFromNuc =  1.0240549816E+00
Rho =  3.1095441357E-01
DelSqRho = -1.3278801705E+00
GradDelSqRho = -1.7763568394E-14 -9.7144514655E-16  4.8849813084E-14
HessDelSqRho_EigVals =  7.7839952522E+00  8.4524226860E+00  9.9061364135E+00
HessDelSqRho_EigVec1 =  8.3814630166E-01 -3.6610569279E-01  4.0432338385E-01
HessDelSqRho_EigVec2 = -2.1808240367E-01 -9.0437204478E-01 -3.6681230871E-01
HessDelSqRho_EigVec3 = -4.9995083981E-01 -2.1926656454E-01  8.3783729414E-01
</CP of DelSqRho>
<CP of DelSqRho>
CP# = 24      
Type = (3,+1)
Coords =  5.77172823680079E-01  2.82487816817793E-01  8.04705658350165E-01
DistFromNuc =  1.0297956261E+00
Rho =  1.7486501354E-01
DelSqRho =  5.3234493409E-02
GradDelSqRho = -1.8318679906E-15  9.9920072216E-16 -2.8865798640E-15
HessDelSqRho_EigVals = -3.6355243110E+00  9.3130674762E-01  1.2115769549E+01
HessDelSqRho_EigVec1 = -1.4263118751E-01  9.6958933698E-01 -1.9887901340E-01
HessDelSqRho_EigVec2 =  8.1259461910E-01 -1.1529937027E-05 -5.8282929308E-01
HessDelSqRho_EigVec3 =  5.6510736091E-01  2.4473765033E-01  7.8788143344E-01
</CP of DelSqRho>
<CP of DelSqRho>
CP# = 25      
Type = (3,+3)
Coords =  3.69212993825250E-01 -7.35050136887049E-01  5.14756811081101E-01
DistFromNuc =  9.7035638458E-01
Rho =  2.9745156792E-01
DelSqRho = -1.0824300738E+00
GradDelSqRho = -7.9936057773E-15  1.5987211555E-14 -1.1324274851E-14
HessDelSqRho_EigVals =  5.1624584195E+00  5.9754110441E+00  1.7698475480E+01
HessDelSqRho_EigVec1 =  8.1254147413E-01 -7.1047356213E-05 -5.8290337773E-01
HessDelSqRho_EigVec2 =  4.2755262736E-01  6.7977505406E-01  5.9590655871E-01
HessDelSqRho_EigVec3 = -3.9620083753E-01  7.3342066430E-01 -5.5237580099E-01
</CP of DelSqRho>
<CP of DelSqRho>
CP# = 26      
Type = (3,-3)
Coords = -4.26052590219338E-01 -1.12453049403028E+00 -5.93982364785079E-01
DistFromNuc =  1.3412325269E+00
Rho =  8.8147871893E-02
DelSqRho =  2.4529802560E-01
GradDelSqRho = -7.5316142212E-13 -3.2401858974E-13 -1.0500766923E-12
HessDelSqRho_EigVals = -1.4606576211E+00 -4.5227771147E-01 -2.9088970203E-01
HessDelSqRho_EigVec1 =  3.3350521282E-01  8.2011441187E-01  4.6495873416E-01
HessDelSqRho_EigVec2 =  4.7804878705E-01 -5.7219957214E-01  6.6637602511E-01
HessDelSqRho_EigVec3 =  8.1255377066E-01  3.3080818581E-05 -5.8288623992E-01
</CP of DelSqRho>
<CP of DelSqRho>
CP# = 27      
Type = (3,-1)
Coords =  1.21880940921632E+00 -8.59845295418254E-01 -6.30407030550604E-01
DistFromNuc =  1.6193342250E+00
Rho =  8.3695364241E-02
DelSqRho =  1.8718863350E-01
GradDelSqRho = -9.9920072216E-15  4.4547698863E-15  2.8033131372E-15
HessDelSqRho_EigVals = -1.5840300168E+00 -2.3721227172E-01  3.7725500381E-02
HessDelSqRho_EigVec1 =  7.8958978971E-01 -5.2779110416E-01 -3.1302478234E-01
HessDelSqRho_EigVec2 =  5.3451527465E-02 -4.4901999055E-01  8.9192151129E-01
HessDelSqRho_EigVec3 =  6.1130262407E-01  7.2098377128E-01  3.2633035921E-01
</CP of DelSqRho>
<CP of DelSqRho>
CP# = 28      
Type = (3,-1)
Coords = -9.87855625523919E-01 -8.59821630194974E-01  9.52400217624807E-01
DistFromNuc =  1.6193264486E+00
Rho =  8.3695399240E-02
DelSqRho =  1.8719002541E-01
GradDelSqRho =  5.6898930012E-16  6.2450045135E-16 -5.6898930012E-16
HessDelSqRho_EigVals = -1.5840503009E+00 -2.3718094080E-01  3.7722880466E-02
HessDelSqRho_EigVec1 =  5.4965279902E-01  5.2776523710E-01 -6.4756903496E-01
HessDelSqRho_EigVec2 =  8.2769867948E-01 -4.4901554148E-01  3.3660056372E-01
HessDelSqRho_EigVec3 =  1.1312248456E-01  7.2100547711E-01  6.8363323900E-01
</CP of DelSqRho>
<CP of DelSqRho>
CP# = 29      
Type = (3,-1)
Coords = -8.94653978328685E-01  4.25751463122120E-01 -1.24730809476526E+00
DistFromNuc =  1.5929367635E+00
Rho =  8.4309593460E-02
DelSqRho =  1.8046165024E-01
GradDelSqRho =  9.1593399532E-16 -2.9143354396E-16  1.0824674490E-15
HessDelSqRho_EigVals = -1.7201830108E+00 -1.0668726001E-01  4.1557028177E-02
HessDelSqRho_EigVec1 =  5.4745876794E-01 -3.4307325368E-01  7.6327559899E-01
HessDelSqRho_EigVec2 =  8.1259499308E-01  9.5428925084E-06 -5.8282877171E-01
HessDelSqRho_EigVec3 =  1.9994567919E-01  9.3930865136E-01  2.7878483254E-01
</CP of DelSqRho>
<CP of DelSqRho>
CP# = 30      
Type = (3,-1)
Coords =  8.34537855098907E-01 -1.58498303879109E+00 -2.94912460513199E-01
DistFromNuc =  1.8153782042E+00
Rho =  8.4115701071E-02
DelSqRho =  1.8021026980E-01
GradDelSqRho = -6.4184768611E-17  5.5511151231E-17 -3.0531133177E-16
HessDelSqRho_EigVals = -1.0435785853E+00 -2.0683728242E-02  9.8273667316E-02
HessDelSqRho_EigVec1 = -2.9049271465E-01  5.1090705136E-01  8.0906610831E-01
HessDelSqRho_EigVec2 =  7.9774545013E-01  5.9622845315E-01 -9.0076791971E-02
HessDelSqRho_EigVec3 = -5.2840910243E-01  6.1926215493E-01 -5.8077379757E-01
</CP of DelSqRho>
<CP of DelSqRho>
CP# = 31      
Type = (3,-1)
Coords = -5.46887798023584E-01 -1.58498444637722E+00  6.95983345185098E-01
DistFromNuc =  1.8153938349E+00
Rho =  8.4116775694E-02
DelSqRho =  1.8021316950E-01
GradDelSqRho =  2.4286128664E-16  2.0122792321E-16 -3.4694469520E-18
HessDelSqRho_EigVals = -1.0436197003E+00 -2.0690811379E-02  9.8263344614E-02
HessDelSqRho_EigVec1 =  8.5952580371E-01  5.1084918887E-01 -1.5763850711E-02
HessDelSqRho_EigVec2 = -3.4102824080E-01  5.9622201227E-01  7.2678679890E-01
HessDelSqRho_EigVec3 =  3.8067720149E-01 -6.1931608918E-01  6.8668220448E-01
</CP of DelSqRho>
<Path of -GradDelSqRho>
Starting CP# =      2
Ending CP# =     14
Number of Points =     12
 -1.3159393331E+00  3.6405512285E-03  7.5491505174E-03  2.9622210844E-01 -1.1956367571E+00
 -1.2909417744E+00  3.8344470245E-03  7.8397382552E-03  2.9640441817E-01 -1.1986381807E+00
 -1.2659444598E+00  4.0427019736E-03  8.1411633126E-03  2.9685123393E-01 -1.2067049883E+00
 -1.2409474693E+00  4.2680352410E-03  8.4568236539E-03  2.9754065649E-01 -1.2185421155E+00
 -1.2159509178E+00  4.5139210210E-03  8.7912930097E-03  2.9845137029E-01 -1.2329885854E+00
 -1.1909549760E+00  4.7849760022E-03  9.1508632084E-03  2.9956304494E-01 -1.2489963063E+00
 -1.1659599118E+00  5.0876342333E-03  9.5444672759E-03  3.0085670015E-01 -1.2656055046E+00
 -1.1409661728E+00  5.4313919696E-03  9.9853704369E-03  3.0231505061E-01 -1.2819173724E+00
 -1.1159745775E+00  5.8313082596E-03  1.0494581706E-02  3.0392284221E-01 -1.2970638012E+00
 -1.0909868252E+00  6.3137212856E-03  1.1108744090E-02  3.0566717081E-01 -1.3101731096E+00
 -1.0660072492E+00  6.9323591286E-03  1.1902759808E-02  3.0753767225E-01 -1.3203294250E+00
 -1.0239005101E+00  9.1719808780E-03  1.4984866776E-02  3.1095514595E-01 -1.3278866108E+00
</Path of -GradDelSqRho>
<Path of -GradDelSqRho>
Starting CP# =      2
Ending CP# =      0
Number of Points =     31
 -1.3159393331E+00  3.6405512285E-03  7.5491505174E-03  2.9622210844E-01 -1.1956367571E+00
 -1.3409370740E+00  3.4585239295E-03  7.2666517237E-03  2.9632633318E-01 -1.1991465225E+00
 -1.3659349597E+00  3.2868906167E-03  6.9905353605E-03  2.9673872333E-01 -1.2107742560E+00
 -1.3909329583E+00  3.1241193297E-03  6.7193054706E-03  2.9747990802E-01 -1.2322885780E+00
 -1.4159310453E+00  2.9689067774E-03  6.4518203639E-03  2.9856881589E-01 -1.2656065592E+00
 -1.4409292021E+00  2.8201351686E-03  6.1872101615E-03  3.0002188570E-01 -1.3127576475E+00
 -1.4659274143E+00  2.6768395302E-03  5.9248132676E-03  3.0185219806E-01 -1.3758104927E+00
 -1.4909256705E+00  2.5381806091E-03  5.6641256185E-03  3.0406856524E-01 -1.4567393519E+00
 -1.5159239618E+00  2.4034203879E-03  5.4047585287E-03  3.0667465726E-01 -1.5571962151E+00
 -1.5409222808E+00  2.2718981740E-03  5.1464019352E-03  3.0966831119E-01 -1.6781481945E+00
 -1.5659206212E+00  2.1430053894E-03  4.8887901695E-03  3.1304127483E-01 -1.8193502151E+00
 -1.5909189771E+00  2.0161565817E-03  4.6316670322E-03  3.1677977705E-01 -1.9786736397E+00
 -1.6159173424E+00  1.8907529892E-03  4.3747457586E-03  3.2086647284E-01 -2.1514315295E+00
 -1.6409157098E+00  1.7661350670E-03  4.1176581428E-03  3.2528441893E-01 -2.3300511078E+00
 -1.6659140704E+00  1.6415324307E-03  3.8598924409E-03  3.3002367306E-01 -2.5047233233E+00
 -1.6909124128E+00  1.5160961273E-03  3.6007712062E-03  3.3509070138E-01 -2.6659067137E+00
 -1.7159107295E+00  1.3894257481E-03  3.3397818578E-03  3.4051984524E-01 -2.8095741173E+00
 -1.7409090430E+00  1.2635064520E-03  3.0781226106E-03  3.4638456787E-01 -2.9456035658E+00
 -1.7659074264E+00  1.1439038844E-03  2.8202272104E-03  3.5280426914E-01 -3.1085473131E+00
 -1.7909059248E+00  1.0336962021E-03  2.5693786014E-03  3.5994067936E-01 -3.3682576865E+00
 -1.8159045104E+00  9.3042399812E-04  2.3243386207E-03  3.6797711132E-01 -3.8359774541E+00
 -1.8409031460E+00  8.3097451113E-04  2.0828197424E-03  3.7707528407E-01 -4.6602536158E+00
 -1.8659018093E+00  7.3355326423E-04  1.8433664961E-03  3.8730881851E-01 -6.0071534385E+00
 -1.8909004896E+00  6.3728033126E-04  1.6052187999E-03  3.9857995162E-01 -8.0214365542E+00
 -1.9158991814E+00  5.4172616807E-04  1.3679867386E-03  4.1053573600E-01 -1.0770414489E+01
 -1.9408978819E+00  4.4667589839E-04  1.1314670928E-03  4.2250963264E-01 -1.4180968526E+01
 -1.9658965895E+00  3.5202155448E-04  8.9555499057E-04  4.3351965438E-01 -1.7991443776E+01
 -1.9908953038E+00  2.5771320454E-04  6.6020370055E-04  4.4234929569E-01 -2.1748158117E+01
 -2.0158940246E+00  1.6374022500E-04  4.2541304238E-04  4.4771795043E-01 -2.4871198378E+01
 -2.0408927528E+00  7.0144253637E-05  1.9125966249E-04  4.4851523756E-01 -2.6789286314E+01
 -2.0571419335E+00  9.6856437661E-06  3.9687848095E-05  4.4622720312E-01 -2.7190206481E+01
</Path of -GradDelSqRho>
<Path of -GradDelSqRho>
Starting CP# =      3
Ending CP# =     23
Number of Points =     12
  4.2904676426E-01  3.6391314704E-03 -1.2440523601E+00  2.9622214582E-01 -1.1956395092E+00
  4.2130760658E-01  3.8329889609E-03 -1.2202812046E+00  2.9640444574E-01 -1.1986408455E+00
  4.1357878487E-01  4.0412058837E-03 -1.1965068081E+00  2.9685124852E-01 -1.2067074012E+00
  4.0586354278E-01  4.2665011380E-03 -1.1727281574E+00  2.9754065515E-01 -1.2185441263E+00
  3.9816624865E-01  4.5123485760E-03 -1.1489438949E+00  2.9845135026E-01 -1.2329900574E+00
  3.9049291608E-01  4.7833644616E-03 -1.1251521656E+00  2.9956300374E-01 -1.2489971146E+00
  3.8285209123E-01  5.0859823378E-03 -1.1013503594E+00  3.0085663565E-01 -1.2656055342E+00
  3.7525648112E-01  5.4296978988E-03 -1.0775346477E+00  3.0231496103E-01 -1.2819165160E+00
  3.6772624604E-01  5.8295696885E-03 -1.0536990709E+00  3.0392272620E-01 -1.2970619558E+00
  3.6029663653E-01  6.3119358995E-03 -1.0298334908E+00  3.0566702753E-01 -1.3101701729E+00
  3.5303998740E-01  6.9305274482E-03 -1.0059179984E+00  3.0753750149E-01 -1.3203252903E+00
  3.4246065930E-01  9.1696325388E-03 -9.6505192608E-01  3.1095441357E-01 -1.3278801705E+00
</Path of -GradDelSqRho>
<Path of -GradDelSqRho>
Starting CP# =      3
Ending CP# =      0
Number of Points =     31
  4.2904676426E-01  3.6391314704E-03 -1.2440523601E+00  2.9622214582E-01 -1.1956395092E+00
  4.3679363551E-01  3.4571429414E-03 -1.2678210970E+00  2.9632637711E-01 -1.1991491823E+00
  4.4454659232E-01  3.2855490118E-03 -1.2915879269E+00  2.9673877048E-01 -1.2107766294E+00
  4.5230420791E-01  3.1228178151E-03 -1.3153532991E+00  2.9747995510E-01 -1.2322904574E+00
  4.6006539354E-01  2.9676461146E-03 -1.3391175561E+00  2.9856885972E-01 -1.2656077268E+00
  4.6782931971E-01  2.8189161409E-03 -1.3628809592E+00  3.0002192328E-01 -1.3127578805E+00
  4.7559535559E-01  2.6756629174E-03 -1.3866437066E+00  3.0185222672E-01 -1.3758095736E+00
  4.8336302054E-01  2.5370471668E-03 -1.4104059490E+00  3.0406858267E-01 -1.4567370850E+00
  4.9113194398E-01  2.4023308308E-03 -1.4341678025E+00  3.0667466163E-01 -1.5571924540E+00
  4.9890183036E-01  2.2708531609E-03 -1.4579293592E+00  3.0966830120E-01 -1.6781428839E+00
  5.0667242652E-01  2.1420055082E-03 -1.4816906982E+00  3.1304124971E-01 -1.8193434476E+00
  5.1444348855E-01  2.0152023344E-03 -1.5054518959E+00  3.1677973643E-01 -1.9786657219E+00
  5.2221474362E-01  1.8898447722E-03 -1.5292130382E+00  3.2086641651E-01 -2.1514230339E+00
  5.2998584171E-01  1.7652731460E-03 -1.5529742359E+00  3.2528434632E-01 -2.3300428654E+00
  5.3775629656E-01  1.6407169071E-03 -1.5767356440E+00  3.3002358249E-01 -2.5047162816E+00
  5.4552546457E-01  1.5153269042E-03 -1.6004974685E+00  3.3509058908E-01 -2.6659015733E+00
  5.5329285883E-01  1.3887025657E-03 -1.6242598664E+00  3.4051970420E-01 -2.8095706762E+00
  5.6105961763E-01  1.2628292990E-03 -1.6480224760E+00  3.4638438700E-01 -2.9455997832E+00
  5.6882995235E-01  1.1432741002E-03 -1.6717839489E+00  3.5280403308E-01 -3.1085382476E+00
  5.7660697992E-01  1.0331164276E-03 -1.6955432775E+00  3.5994036960E-01 -3.3682346471E+00
  5.8438952316E-01  9.2989641247E-04 -1.7193008313E+00  3.6797670931E-01 -3.8359278607E+00
  5.9217540943E-01  8.3050031926E-04 -1.7430573061E+00  3.7707477657E-01 -4.6601621245E+00
  5.9996325676E-01  7.3313307386E-04 -1.7668131465E+00  3.8730820493E-01 -6.0070047812E+00
  6.0775234359E-01  6.3691446039E-04 -1.7905685852E+00  3.9857925231E-01 -8.0212202046E+00
  6.1554229981E-01  5.4141479673E-04 -1.8143237417E+00  4.1053499931E-01 -1.0770130603E+01
  6.2333293254E-01  4.4641913958E-04 -1.8380786784E+00  4.2250893801E-01 -1.4180633602E+01
  6.3112414228E-01  3.5181948986E-04 -1.8618334275E+00  4.3351910843E-01 -1.7991093425E+01
  6.3891588473E-01  2.5756590652E-04 -1.8855880031E+00  4.4234901964E-01 -2.1747844060E+01
  6.4670815977E-01  1.6364777807E-04 -1.9093424054E+00  4.4771805968E-01 -2.4870978253E+01
  6.5450104028E-01  7.0106798413E-05 -1.9330966106E+00  4.4851581775E-01 -2.6789208163E+01
  6.5956700965E-01  9.6844728619E-06 -1.9485366496E+00  4.4622811213E-01 -2.7190235030E+01
</Path of -GradDelSqRho>
<Path of -GradDelSqRho>
Starting CP# =      4
Ending CP# =     25
Number of Points =     20
  5.3526375527E-01 -1.1171008253E+00  7.4627376475E-01  2.6152043817E-01 -7.0552158044E-01
  5.2620535429E-01 -1.0975191814E+00  7.3364425223E-01  2.6172613652E-01 -7.0730336292E-01
  5.1715067769E-01 -1.0779324658E+00  7.2101993448E-01  2.6215250704E-01 -7.1266988391E-01
  5.0810012431E-01 -1.0583401404E+00  7.0840136641E-01  2.6279865560E-01 -7.2161180849E-01
  4.9905420347E-01 -1.0387415179E+00  6.9578925705E-01  2.6366201354E-01 -7.3406417033E-01
  4.9001355794E-01 -1.0191357316E+00  6.8318450156E-01  2.6473837840E-01 -7.4990452840E-01
  4.8097899813E-01 -9.9952169011E-01  6.7058822880E-01  2.6602198603E-01 -7.6895023920E-01
  4.7195155215E-01 -9.7989801066E-01  6.5800187109E-01  2.6750561673E-01 -7.9095494650E-01
  4.6293253928E-01 -9.6026292227E-01  6.4542726664E-01  2.6918073912E-01 -8.1560439506E-01
  4.5392367956E-01 -9.4061412126E-01  6.3286681218E-01  2.7103769576E-01 -8.4251165110E-01
  4.4492726050E-01 -9.2094855265E-01  6.2032369537E-01  2.7306593577E-01 -8.7121173878E-01
  4.3594639894E-01 -9.0126206859E-01  6.0780225972E-01  2.7525430012E-01 -9.0115555128E-01
  4.2698547008E-01 -8.8154887299E-01  5.9530860248E-01  2.7759136576E-01 -9.3170261848E-01
  4.1805084957E-01 -8.6180056913E-01  5.8285160892E-01  2.8006585491E-01 -9.6211184199E-01
  4.0915229347E-01 -8.4200440891E-01  5.7044487555E-01  2.8266711388E-01 -9.9152854717E-01
  4.0030576414E-01 -8.2213976155E-01  5.5811064846E-01  2.8538565657E-01 -1.0189650387E+00
  3.9154005431E-01 -8.0217001021E-01  5.4588905527E-01  2.8821372677E-01 -1.0432702116E+00
  3.8291585523E-01 -7.8201998264E-01  5.3386468010E-01  2.9114561771E-01 -1.0630819426E+00
  3.7460507000E-01 -7.6148781429E-01  5.2227710225E-01  2.9417576103E-01 -1.0767569779E+00
  3.6921299383E-01 -7.3505013689E-01  5.1475681108E-01  2.9745156792E-01 -1.0824300738E+00
</Path of -GradDelSqRho>
<Path of -GradDelSqRho>
Starting CP# =      4
Ending CP# =      0
Number of Points =    400
  5.3526375527E-01 -1.1171008253E+00  7.4627376475E-01  2.6152043817E-01 -7.0552158044E-01
  5.4432549007E-01 -1.1366779258E+00  7.5890792862E-01  2.6153462108E-01 -7.0727911999E-01
  5.5339043602E-01 -1.1562506462E+00  7.7154657439E-01  2.6176622616E-01 -7.1247568350E-01
  5.6245845740E-01 -1.1758191681E+00  7.8418951448E-01  2.6221117437E-01 -7.2095493942E-01
  5.7152950392E-01 -1.1953835565E+00  7.9683668083E-01  2.6286384357E-01 -7.3250237021E-01
  5.8060361830E-01 -1.2149437492E+00  8.0948813552E-01  2.6371717815E-01 -7.4684216516E-01
  5.8968095156E-01 -1.2344995355E+00  8.2214409222E-01  2.6476283403E-01 -7.6363321319E-01
  5.9876178931E-01 -1.2540505196E+00  8.3480495322E-01  2.6599136313E-01 -7.8246423429E-01
  6.0784659619E-01 -1.2735960592E+00  8.4747137170E-01  2.6739244225E-01 -8.0284803009E-01
  6.1693609132E-01 -1.2931351609E+00  8.6014435770E-01  2.6895515260E-01 -8.2421470881E-01
  6.2603138260E-01 -1.3126662935E+00  8.7282546648E-01  2.7066831709E-01 -8.4590350571E-01
  6.3513422165E-01 -1.3321870337E+00  8.8551715630E-01  2.7252090435E-01 -8.6715241230E-01
  6.4424753700E-01 -1.3516933230E+00  8.9822353653E-01  2.7450251007E-01 -8.8708415202E-01
  6.5337671702E-01 -1.3711776721E+00  9.1095216762E-01  2.7660392800E-01 -9.0468596880E-01
  6.6253346095E-01 -1.3906237408E+00  9.2371946462E-01  2.7881781944E-01 -9.1877907048E-01
  6.7175340278E-01 -1.4099812330E+00  9.3657542649E-01  2.8113942065E-01 -9.2797130102E-01
  6.7973189132E-01 -1.4249449937E+00  9.4770487011E-01  2.8309532751E-01 -9.3068575535E-01
  6.7973940212E-01 -1.4249349760E+00  9.4771539702E-01  2.8309531718E-01 -9.3068575587E-01
  6.7973940212E-01 -1.4249349760E+00  9.4771539702E-01  2.8309531718E-01 -9.3068575587E-01
  6.7973940212E-01 -1.4249349760E+00  9.4771539702E-01  2.8309531718E-01 -9.3068575587E-01
  6.7973940212E-01 -1.4249349760E+00  9.4771539702E-01  2.8309531718E-01 -9.3068575587E-01
  6.7973940212E-01 -1.4249349760E+00  9.4771539702E-01  2.8309531718E-01 -9.3068575587E-01
  6.7973940212E-01 -1.4249349760E+00  9.4771539702E-01  2.8309531718E-01 -9.3068575587E-01
  6.7973940212E-01 -1.4249349760E+00  9.4771539702E-01  2.8309531718E-01 -9.3068575587E-01
  6.7973940212E-01 -1.4249349760E+00  9.4771539702E-01  2.8309531718E-01 -9.3068575587E-01
  6.7973940212E-01 -1.4249349760E+00  9.4771539702E-01  2.8309531718E-01 -9.3068575587E-01
  6.7973940212E-01 -1.4249349760E+00  9.4771539702E-01  2.8309531718E-01 -9.3068575587E-01
  6.7973940212E-01 -1.4249349760E+00  9.4771539702E-01  2.8309531718E-01 -9.3068575587E-01
  6.7973940212E-01 -1.4249349760E+00  9.4771539702E-01  2.8309531718E-01 -9.3068575587E-01
  6.7973940212E-01 -1.4249349760E+00  9.4771539702E-01  2.8309531718E-01 -9.3068575587E-01
  6.7973940212E-01 -1.4249349760E+00  9.4771539702E-01  2.8309531718E-01 -9.3068575587E-01
  6.7973940212E-01 -1.4249349760E+00  9.4771539702E-01  2.8309531718E-01 -9.3068575587E-01
  6.7973940212E-01 -1.4249349760E+00  9.4771539702E-01  2.8309531718E-01 -9.3068575587E-01
  6.7973940212E-01 -1.4249349760E+00  9.4771539702E-01  2.8309531718E-01 -9.3068575587E-01
  6.7973940212E-01 -1.4249349760E+00  9.4771539702E-01  2.8309531718E-01 -9.3068575587E-01
  6.7973940212E-01 -1.4249349760E+00  9.4771539702E-01  2.8309531718E-01 -9.3068575587E-01
  6.7973940212E-01 -1.4249349760E+00  9.4771539702E-01  2.8309531718E-01 -9.3068575587E-01
  6.7973940212E-01 -1.4249349760E+00  9.4771539702E-01  2.8309531718E-01 -9.3068575587E-01
  6.7973940212E-01 -1.4249349760E+00  9.4771539702E-01  2.8309531718E-01 -9.3068575587E-01
  6.7973940212E-01 -1.4249349760E+00  9.4771539702E-01  2.8309531718E-01 -9.3068575587E-01
  6.7973940212E-01 -1.4249349760E+00  9.4771539702E-01  2.8309531718E-01 -9.3068575587E-01
  6.7973940212E-01 -1.4249349760E+00  9.4771539702E-01  2.8309531718E-01 -9.3068575587E-01
  6.7973940212E-01 -1.4249349760E+00  9.4771539702E-01  2.8309531718E-01 -9.3068575587E-01
  6.7973940212E-01 -1.4249349760E+00  9.4771539702E-01  2.8309531718E-01 -9.3068575587E-01
  6.7973940212E-01 -1.4249349760E+00  9.4771539702E-01  2.8309531718E-01 -9.3068575587E-01
  6.7973940212E-01 -1.4249349760E+00  9.4771539702E-01  2.8309531718E-01 -9.3068575587E-01
  6.7973940212E-01 -1.4249349760E+00  9.4771539702E-01  2.8309531718E-01 -9.3068575587E-01
  6.7973940212E-01 -1.4249349760E+00  9.4771539702E-01  2.8309531718E-01 -9.3068575587E-01
  6.7973940212E-01 -1.4249349760E+00  9.4771539702E-01  2.8309531718E-01 -9.3068575587E-01
  6.7973940212E-01 -1.4249349760E+00  9.4771539702E-01  2.8309531718E-01 -9.3068575587E-01
  6.7973940212E-01 -1.4249349760E+00  9.4771539702E-01  2.8309531718E-01 -9.3068575587E-01
  6.7973940212E-01 -1.4249349760E+00  9.4771539702E-01  2.8309531718E-01 -9.3068575587E-01
  6.7973940212E-01 -1.4249349760E+00  9.4771539702E-01  2.8309531718E-01 -9.3068575587E-01
  6.7973940212E-01 -1.4249349760E+00  9.4771539702E-01  2.8309531718E-01 -9.3068575587E-01
  6.7973940212E-01 -1.4249349760E+00  9.4771539702E-01  2.8309531718E-01 -9.3068575587E-01
  6.7973940212E-01 -1.4249349760E+00  9.4771539702E-01  2.8309531718E-01 -9.3068575587E-01
  6.7973940212E-01 -1.4249349760E+00  9.4771539702E-01  2.8309531718E-01 -9.3068575587E-01
  6.7973940212E-01 -1.4249349760E+00  9.4771539702E-01  2.8309531718E-01 -9.3068575587E-01
  6.7973940212E-01 -1.4249349760E+00  9.4771539702E-01  2.8309531718E-01 -9.3068575587E-01
  6.7973940212E-01 -1.4249349760E+00  9.4771539702E-01  2.8309531718E-01 -9.3068575587E-01
  6.7973940212E-01 -1.4249349760E+00  9.4771539702E-01  2.8309531718E-01 -9.3068575587E-01
  6.7973940212E-01 -1.4249349760E+00  9.4771539702E-01  2.8309531718E-01 -9.3068575587E-01
  6.7973940212E-01 -1.4249349760E+00  9.4771539702E-01  2.8309531718E-01 -9.3068575587E-01
  6.7973940212E-01 -1.4249349760E+00  9.4771539702E-01  2.8309531718E-01 -9.3068575587E-01
  6.7973940212E-01 -1.4249349760E+00  9.4771539702E-01  2.8309531718E-01 -9.3068575587E-01
  6.7973940212E-01 -1.4249349760E+00  9.4771539702E-01  2.8309531718E-01 -9.3068575587E-01
  6.7973940212E-01 -1.4249349760E+00  9.4771539702E-01  2.8309531718E-01 -9.3068575587E-01
  6.7973940212E-01 -1.4249349760E+00  9.4771539702E-01  2.8309531718E-01 -9.3068575587E-01
  6.7973940212E-01 -1.4249349760E+00  9.4771539702E-01  2.8309531718E-01 -9.3068575587E-01
  6.7973940212E-01 -1.4249349760E+00  9.4771539702E-01  2.8309531718E-01 -9.3068575587E-01
  6.7973940212E-01 -1.4249349760E+00  9.4771539702E-01  2.8309531718E-01 -9.3068575587E-01
  6.7973940212E-01 -1.4249349760E+00  9.4771539702E-01  2.8309531718E-01 -9.3068575587E-01
  6.7973940212E-01 -1.4249349760E+00  9.4771539702E-01  2.8309531718E-01 -9.3068575587E-01
  6.7973940212E-01 -1.4249349760E+00  9.4771539702E-01  2.8309531718E-01 -9.3068575587E-01
  6.7973940212E-01 -1.4249349760E+00  9.4771539702E-01  2.8309531718E-01 -9.3068575587E-01
  6.7973940212E-01 -1.4249349760E+00  9.4771539702E-01  2.8309531718E-01 -9.3068575587E-01
  6.7973940212E-01 -1.4249349760E+00  9.4771539702E-01  2.8309531718E-01 -9.3068575587E-01
  6.7973940212E-01 -1.4249349760E+00  9.4771539702E-01  2.8309531718E-01 -9.3068575587E-01
  6.7973940212E-01 -1.4249349760E+00  9.4771539702E-01  2.8309531718E-01 -9.3068575587E-01
  6.7973940212E-01 -1.4249349760E+00  9.4771539702E-01  2.8309531718E-01 -9.3068575587E-01
  6.7973940212E-01 -1.4249349760E+00  9.4771539702E-01  2.8309531718E-01 -9.3068575587E-01
  6.7973940212E-01 -1.4249349760E+00  9.4771539702E-01  2.8309531718E-01 -9.3068575587E-01
  6.7973940212E-01 -1.4249349760E+00  9.4771539702E-01  2.8309531718E-01 -9.3068575587E-01
  6.7973940212E-01 -1.4249349760E+00  9.4771539702E-01  2.8309531718E-01 -9.3068575587E-01
  6.7973940212E-01 -1.4249349760E+00  9.4771539702E-01  2.8309531718E-01 -9.3068575587E-01
  6.7973940212E-01 -1.4249349760E+00  9.4771539702E-01  2.8309531718E-01 -9.3068575587E-01
  6.7973940212E-01 -1.4249349760E+00  9.4771539702E-01  2.8309531718E-01 -9.3068575587E-01
  6.7973940212E-01 -1.4249349760E+00  9.4771539702E-01  2.8309531718E-01 -9.3068575587E-01
  6.7973940212E-01 -1.4249349760E+00  9.4771539702E-01  2.8309531718E-01 -9.3068575587E-01
  6.7973940212E-01 -1.4249349760E+00  9.4771539702E-01  2.8309531718E-01 -9.3068575587E-01
  6.7973940212E-01 -1.4249349760E+00  9.4771539702E-01  2.8309531718E-01 -9.3068575587E-01
  6.7973940212E-01 -1.4249349760E+00  9.4771539702E-01  2.8309531718E-01 -9.3068575587E-01
  6.7973940212E-01 -1.4249349760E+00  9.4771539702E-01  2.8309531718E-01 -9.3068575587E-01
  6.7973940212E-01 -1.4249349760E+00  9.4771539702E-01  2.8309531718E-01 -9.3068575587E-01
  6.7973940212E-01 -1.4249349760E+00  9.4771539702E-01  2.8309531718E-01 -9.3068575587E-01
  6.7973940212E-01 -1.4249349760E+00  9.4771539702E-01  2.8309531718E-01 -9.3068575587E-01
  6.7973940212E-01 -1.4249349760E+00  9.4771539702E-01  2.8309531718E-01 -9.3068575587E-01
