 AIMInt (Version 19.10.12, Professional)
 Portions Copyright (c) 1997-2019 by Todd A. Keith
 AIMInt is a component of the AIMAll package ( http://aim.tkgristmill.com )

 TP:  64-bit Mac OS X

 AIMInt is a heavily modified and extended version of the PROAIMV program
 developed by members of R.F.W. Bader's research group

 Much of the Quantum Theory of Atoms in Molecules (QTAIM) is described in the book:
   "Atoms in Molecules - A Quantum Theory"
   R.F.W. Bader, Oxford University Press, Oxford, 1990

 For additional references see:  http://aim.tkgristmill.com/references.html

 Current Directory:  /Users/chemlab/Documents/SubstituentCoding/BCP Map Reference/BCPMapReference

 Inp File:  SubH_AsSHMe_wb97xd_aug-cc-pvtz_reor_atomicfiles/as1.inp
 Wfx File:  SubH_AsSHMe_wb97xd_aug-cc-pvtz_reor.wfx
 Out File:  SubH_AsSHMe_wb97xd_aug-cc-pvtz_reor_atomicfiles/as1.int

 Wfx Title:   single point on SubH_AsSHMe_wb97xd_aug-cc-pvtz reoriented by subproptools     
 Job Title:   single point on SubH_AsSHMe_wb97xd_aug-cc-pvtz reoriented by subproptools     
 
<Atom>
As1     
</Atom>
<Nuclei of Molecule>
     8
As1       33.0           0.0000000000E+00   0.0000000000E+00   0.0000000000E+00
H2         1.0          -2.8532918063E+00   0.0000000000E+00   0.0000000000E+00
H3         1.0           5.2535709071E-01   2.8045104161E+00   0.0000000000E+00
S4        16.0           1.7001374614E+00  -2.0481909985E+00  -2.8519935645E+00
C5         6.0           8.3088801053E-01  -1.0009867943E+00   3.4157593386E+00
H6         1.0          -1.5731969987E-01   1.8952705810E-01   4.7699276309E+00
H7         1.0           2.8479684478E-01  -2.9666243512E+00   3.6548418188E+00
H8         1.0           2.8634660918E+00  -8.2615160097E-01   3.6548418188E+00
</Nuclei of Molecule>
<Total Number of CPs of DelSqRho>
    52
</Total Number of CPs of DelSqRho>
<Number of (3,+3) CPs of DelSqRho>
     5
</Number of (3,+3) CPs of DelSqRho>
<Number of (3,+1) CPs of DelSqRho>
    17
</Number of (3,+1) CPs of DelSqRho>
<Number of (3,-1) CPs of DelSqRho>
    18
</Number of (3,-1) CPs of DelSqRho>
<Number of (3,-3) CPs of DelSqRho>
    12
</Number of (3,-3) CPs of DelSqRho>
<Number of Degenerate CPs of DelSqRho>
     0
</Number of Degenerate CPs of DelSqRho>
<CP of DelSqRho>
CP# = 1       
Type = (3,+3)
Coords = -1.45672285832792E-11  1.75493357467377E-11  1.62343277844919E-11
DistFromNuc =  2.7995298397E-11
Rho =  2.4533002833E+04
DelSqRho = -2.7119893347E+10
GradDelSqRho = -7.4505805969E-09  7.4505805969E-09  1.4901161194E-08
HessDelSqRho_EigVals =  5.4428014337E+17  5.4428014350E+17  5.4428014350E+17
HessDelSqRho_EigVec1 = -4.4402049903E-01  5.3492120153E-01  7.1882202568E-01
HessDelSqRho_EigVec2 = -4.5901989293E-01  5.5317795452E-01 -6.9519413730E-01
HessDelSqRho_EigVec3 =  7.6951058104E-01  6.3863405703E-01  8.2878765515E-05
</CP of DelSqRho>
<CP of DelSqRho>
CP# = 2       
Type = (3,-1)
Coords = -1.64310128917135E-01  1.97947293863856E-01 -3.64666469766107E-01
DistFromNuc =  4.4627635360E-01
Rho =  1.1911476045E+01
DelSqRho = -1.7213490963E+02
GradDelSqRho = -3.5527136788E-13 -2.3021584639E-12 -1.9326762413E-12
HessDelSqRho_EigVals = -2.2665303447E+02 -2.2445235822E+02  6.6480932688E+04
HessDelSqRho_EigVec1 = -5.2217132426E-01  6.2849133889E-01  5.7648568505E-01
HessDelSqRho_EigVec2 =  7.6926213894E-01  6.3893326441E-01  2.1268000334E-04
HessDelSqRho_EigVec3 =  3.6820221309E-01 -4.4357966654E-01  8.1710722045E-01
</CP of DelSqRho>
<CP of DelSqRho>
CP# = 3       
Type = (3,+1)
Coords = -3.55601653434528E-02 -2.09127731753786E-01 -3.33407029980984E-03
DistFromNuc =  2.1215572010E-01
Rho =  6.4376725727E+01
DelSqRho =  8.0914213737E+03
GradDelSqRho = -4.0472514229E-11  1.4551915228E-11 -9.0949470177E-12
HessDelSqRho_EigVals = -4.9950762792E+06  3.7516734737E+03  4.3010284146E+03
HessDelSqRho_EigVec1 =  1.6708150019E-01  9.8580823574E-01  1.6306276121E-02
HessDelSqRho_EigVec2 =  5.1417537336E-01 -1.0123376653E-01  8.5168973808E-01
HessDelSqRho_EigVec3 =  8.4125350384E-01 -1.3391731352E-01 -5.2379260725E-01
</CP of DelSqRho>
<CP of DelSqRho>
CP# = 4       
Type = (3,+1)
Coords =  2.12099746459530E-01 -3.55394888523582E-03 -3.33415513654431E-03
DistFromNuc =  2.1215572015E-01
Rho =  6.4376726206E+01
DelSqRho =  8.0914211845E+03
GradDelSqRho = -4.3655745685E-11  5.8662408264E-11 -4.0017766878E-11
HessDelSqRho_EigVals = -4.9950762485E+06  3.7517062797E+03  4.3010722944E+03
HessDelSqRho_EigVec1 =  9.9971754448E-01 -1.7289397807E-02 -1.6306685169E-02
HessDelSqRho_EigVec2 =  4.8280318046E-03 -5.2407926962E-01  8.5165580445E-01
HessDelSqRho_EigVec3 =  2.3270611651E-02  8.5149397877E-01  5.2384776678E-01
</CP of DelSqRho>
<CP of DelSqRho>
CP# = 5       
Type = (3,+1)
Coords =  3.00973696526521E-03 -3.62482804403305E-03  2.11844879667902E-01
DistFromNuc =  2.1189726505E-01
Rho =  6.4619495822E+01
DelSqRho =  8.1031050204E+03
GradDelSqRho =  2.3646862246E-11  5.8207660913E-11 -1.4551915228E-11
HessDelSqRho_EigVals = -5.0223963897E+06  1.7598614959E+03  2.1439683706E+03
HessDelSqRho_EigVec1 =  1.5284657655E-02 -1.8408720454E-02  9.9971370814E-01
HessDelSqRho_EigVec2 =  7.6942143580E-01  6.3874146109E-01 -1.9307918273E-06
HessDelSqRho_EigVec3 = -6.3855855907E-01  7.6920118623E-01  2.3927008686E-02
</CP of DelSqRho>
<CP of DelSqRho>
CP# = 6       
Type = (3,-3)
Coords =  9.51372465785519E-02 -1.14613258260174E-01 -1.50496431498121E-01
DistFromNuc =  2.1174624093E-01
Rho =  6.4719348111E+01
DelSqRho =  8.1421132008E+03
GradDelSqRho = -3.2741809264E-11 -6.1845639721E-11 -2.0008883439E-11
HessDelSqRho_EigVals = -5.0489061885E+06 -4.2813706499E+03 -3.9846141643E+03
HessDelSqRho_EigVec1 = -4.4923775619E-01  5.4120342307E-01  7.1083352008E-01
HessDelSqRho_EigVec2 =  7.6951314540E-01  6.3863096595E-01  9.1574102605E-05
HessDelSqRho_EigVec3 = -4.5391073734E-01  5.4703687644E-01 -7.0336029056E-01
</CP of DelSqRho>
<CP of DelSqRho>
CP# = 7       
Type = (3,-1)
Coords =  1.41864891800046E-01  1.02014927968488E-02  1.57127232280038E-01
DistFromNuc =  2.1194028665E-01
Rho =  6.4550811579E+01
DelSqRho =  8.1133327590E+03
GradDelSqRho =  0.0000000000E+00 -1.4006218407E-10 -5.0931703299E-11
HessDelSqRho_EigVals = -5.0186828070E+06 -2.6059892761E+03  1.2961007685E+03
HessDelSqRho_EigVec1 =  6.6818164132E-01  4.7380689597E-02  7.4248795577E-01
HessDelSqRho_EigVec2 =  7.4397681794E-01 -3.4988400566E-02 -6.6728877272E-01
HessDelSqRho_EigVec3 = -5.6381362000E-03  9.9826393408E-01 -5.8628741595E-02
</CP of DelSqRho>
<CP of DelSqRho>
CP# = 8       
Type = (3,-3)
Coords = -1.61824106451578E-01 -9.08279585954690E-02 -1.02342313130539E-01
DistFromNuc =  2.1192146788E-01
Rho =  6.4556442530E+01
DelSqRho =  8.1213302502E+03
GradDelSqRho =  9.2768459581E-11  9.8225427791E-11 -7.0485839387E-11
HessDelSqRho_EigVals = -5.0224588101E+06 -2.6084245315E+03 -1.5004710925E+03
HessDelSqRho_EigVec1 =  7.6434803161E-01  4.2791525535E-01  4.8234906532E-01
HessDelSqRho_EigVec2 = -2.4663835251E-01  8.8519294780E-01 -3.9446542083E-01
HessDelSqRho_EigVec3 =  5.9576976228E-01 -1.8254308914E-01 -7.8213580084E-01
</CP of DelSqRho>
<CP of DelSqRho>
CP# = 9       
Type = (3,-3)
Coords =  1.33573091336186E-01  1.11247103304534E-01  1.21317034636370E-01
DistFromNuc =  2.1197997928E-01
Rho =  6.4501514512E+01
DelSqRho =  8.1159309885E+03
GradDelSqRho = -9.0039975476E-11 -2.5465851650E-11 -8.3218765212E-11
HessDelSqRho_EigVals = -5.0145113815E+06 -2.1951639973E+03 -8.1085773286E+02
HessDelSqRho_EigVec1 =  6.2942447570E-01  5.2533736363E-01  5.7257792812E-01
HessDelSqRho_EigVec2 = -7.5818601658E-01  5.7661223755E-01  3.0442124066E-01
HessDelSqRho_EigVec3 = -1.7023158831E-01 -6.2573075830E-01  7.6123729839E-01
</CP of DelSqRho>
<CP of DelSqRho>
CP# = 10      
Type = (3,-3)
Coords =  1.15212886571954E-01 -1.38799912301196E-01  1.11204705514964E-01
DistFromNuc =  2.1191014939E-01
Rho =  6.4567128448E+01
DelSqRho =  8.1230430595E+03
GradDelSqRho =  1.4551915228E-11  4.3655745685E-11  1.0186340660E-10
HessDelSqRho_EigVals = -5.0242277949E+06 -3.0013781131E+03 -1.5993543435E+03
HessDelSqRho_EigVec1 = -5.4327522936E-01  6.5449756154E-01 -5.2581837844E-01
HessDelSqRho_EigVec2 = -7.6945971572E-01 -6.3869534665E-01  7.3344515902E-06
HessDelSqRho_EigVec3 = -3.3583295111E-01  4.0460004462E-01  8.5059686858E-01
</CP of DelSqRho>
<CP of DelSqRho>
CP# = 11      
Type = (3,-3)
Coords = -1.33939078677782E-01 -1.10804938905836E-01  1.21318176855217E-01
DistFromNuc =  2.1197997858E-01
Rho =  6.4501515536E+01
DelSqRho =  8.1159308912E+03
GradDelSqRho = -1.8189894035E-12  7.2759576142E-11 -1.2687451090E-10
HessDelSqRho_EigVals = -5.0145114655E+06 -2.1950975951E+03 -8.1086357595E+02
HessDelSqRho_EigVec1 =  6.3224759959E-01  5.2193039384E-01 -5.7258330119E-01
HessDelSqRho_EigVec2 = -4.2716255721E-01  8.5139373477E-01  3.0440246076E-01
HessDelSqRho_EigVec3 =  6.4637073149E-01  5.2128422027E-02  7.6124076683E-01
</CP of DelSqRho>
<CP of DelSqRho>
CP# = 12      
Type = (3,-3)
Coords =  1.19071036754820E-01  1.42332852788877E-01 -1.02343325717350E-01
DistFromNuc =  2.1192146917E-01
Rho =  6.4556441601E+01
DelSqRho =  8.1213300936E+03
GradDelSqRho =  2.5465851650E-11  7.2759576142E-11  3.8653524825E-11
HessDelSqRho_EigVals = -5.0224586950E+06 -2.6084205515E+03 -1.5003805532E+03
HessDelSqRho_EigVec1 =  5.6133525075E-01  6.7248605278E-01 -4.8235385878E-01
HessDelSqRho_EigVec2 =  8.2464433851E-01 -4.0539044956E-01  3.9448738684E-01
HessDelSqRho_EigVec3 =  6.9745617990E-02 -6.1921005501E-01 -7.8212176581E-01
</CP of DelSqRho>
<CP of DelSqRho>
CP# = 13      
Type = (3,-3)
Coords = -1.28630314897645E-01  1.54965441532747E-01 -6.61299475586132E-02
DistFromNuc =  2.1197456438E-01
Rho =  6.4505666121E+01
DelSqRho =  8.1161718120E+03
GradDelSqRho =  2.9103830457E-11 -1.0186340660E-10  2.5465851650E-11
HessDelSqRho_EigVals = -5.0148422174E+06 -1.7326904373E+03 -1.5492703001E+03
HessDelSqRho_EigVec1 = -6.0698820492E-01  7.3125995899E-01 -3.1116585846E-01
HessDelSqRho_EigVec2 =  1.9873456556E-01 -2.3943425815E-01 -9.5035562211E-01
HessDelSqRho_EigVec3 =  7.6946077973E-01  6.3869406480E-01 -7.1402894492E-06
</CP of DelSqRho>
<CP of DelSqRho>
CP# = 14      
Type = (3,+1)
Coords =  4.97155970460358E-03  2.07214330292860E-01  4.39055728497670E-02
DistFromNuc =  2.1187306203E-01
Rho =  6.4643807836E+01
DelSqRho =  8.1019340628E+03
GradDelSqRho =  2.5465851650E-11  3.9108272176E-11  1.0368239600E-10
HessDelSqRho_EigVals = -5.0243000078E+06  1.9921717663E+03  2.4571364980E+03
HessDelSqRho_EigVec1 =  2.4390579718E-02  9.7822753647E-01  2.0609703179E-01
HessDelSqRho_EigVec2 =  2.5280276787E-01 -2.0549318704E-01  9.4544344656E-01
HessDelSqRho_EigVec3 =  9.6721034950E-01  2.9041986333E-02 -2.5231072679E-01
</CP of DelSqRho>
<CP of DelSqRho>
CP# = 15      
Type = (3,-1)
Coords = -3.61482876385394E-02 -1.37560605231779E-01  1.57127548015826E-01
DistFromNuc =  2.1194028677E-01
Rho =  6.4550811674E+01
DelSqRho =  8.1133326523E+03
GradDelSqRho = -9.8225427791E-11  1.4551915228E-10 -1.1641532183E-10
HessDelSqRho_EigVals = -5.0186827994E+06 -2.6059412621E+03  1.2961141831E+03
HessDelSqRho_EigVec1 = -1.6960115171E-01 -6.4803155040E-01  7.4248943361E-01
HessDelSqRho_EigVec2 =  1.0260217757E-01  7.3769930643E-01  6.6728743915E-01
HessDelSqRho_EigVec3 =  9.8015725396E-01 -1.8935375092E-01  5.8625203779E-02
</CP of DelSqRho>
<CP of DelSqRho>
CP# = 16      
Type = (3,-1)
Coords = -9.20609488032702E-02 -1.17430862785591E-01 -1.50542461066869E-01
DistFromNuc =  2.1196287036E-01
Rho =  6.4526128174E+01
DelSqRho =  8.1190298391E+03
GradDelSqRho =  1.6370904632E-11  6.3664629124E-12 -1.7280399334E-11
HessDelSqRho_EigVals = -5.0197991445E+06 -3.7913340158E+03  1.7073109826E+03
HessDelSqRho_EigVec1 =  4.3396286334E-01  5.5405640072E-01  7.1042081759E-01
HessDelSqRho_EigVec2 =  4.3672120261E-02 -8.0055081588E-01  5.9767142906E-01
HessDelSqRho_EigVec3 =  8.9987164593E-01 -2.2834162131E-01 -3.7160614207E-01
</CP of DelSqRho>
<CP of DelSqRho>
CP# = 17      
Type = (3,-1)
Coords =  1.45022383953778E-01  1.46582900021775E-01  4.90472861083143E-02
DistFromNuc =  2.1195205755E-01
Rho =  6.4532425120E+01
DelSqRho =  8.1149755204E+03
GradDelSqRho =  1.3096723706E-10  6.1845639721E-11  2.7284841053E-11
HessDelSqRho_EigVals = -5.0173257188E+06 -3.0582394302E+03  7.9647043375E+02
HessDelSqRho_EigVec1 = -6.8297193872E-01 -6.9291993318E-01 -2.3110884259E-01
HessDelSqRho_EigVec2 =  7.2954999704E-01 -6.6274691517E-01 -1.6888850835E-01
HessDelSqRho_EigVec3 = -3.6140458577E-02 -2.8395156741E-01  9.5815728073E-01
</CP of DelSqRho>
<CP of DelSqRho>
CP# = 18      
Type = (3,-1)
Coords =  1.34499431379863E-01 -1.62035209691222E-01  2.41651816912433E-02
DistFromNuc =  2.1196571003E-01
Rho =  6.4520818745E+01
DelSqRho =  8.1205283735E+03
GradDelSqRho =  1.4551915228E-11  0.0000000000E+00 -7.2759576142E-12
HessDelSqRho_EigVals = -5.0199075489E+06 -4.3109120657E+03  1.7045839711E+03
HessDelSqRho_EigVec1 = -6.3455562710E-01  7.6446681588E-01 -1.1370859038E-01
HessDelSqRho_EigVec2 =  7.6945739086E-01  6.3869814753E-01  1.9318250032E-07
HessDelSqRho_EigVec3 = -7.2625613716E-02  8.7493792688E-02  9.9351414508E-01
</CP of DelSqRho>
<CP of DelSqRho>
CP# = 19      
Type = (3,-1)
Coords = -1.97464513974344E-01  2.37888765712323E-01  3.21926970787223E-01
DistFromNuc =  4.4634098361E-01
Rho =  1.1913044633E+01
DelSqRho = -1.7149535995E+02
GradDelSqRho =  1.8616219677E-12 -1.6697754290E-12 -1.8189894035E-12
HessDelSqRho_EigVals = -3.0377363134E+02 -3.0028458762E+02  6.6418257610E+04
HessDelSqRho_EigVec1 =  7.6966659643E-01  6.3844594801E-01  3.1908075627E-04
HessDelSqRho_EigVec2 = -4.6031608754E-01  5.5527164519E-01 -6.9266333785E-01
HessDelSqRho_EigVec3 = -4.4240527788E-01  5.3297295570E-01  7.2126097814E-01
</CP of DelSqRho>
<CP of DelSqRho>
CP# = 20      
Type = (3,-1)
Coords =  1.32373427719952E-01  6.88675378730564E-02 -1.50541675593334E-01
DistFromNuc =  2.1196286993E-01
Rho =  6.4526127984E+01
DelSqRho =  8.1190300450E+03
GradDelSqRho = -1.9099388737E-11  2.7739588404E-11  6.0026650317E-11
HessDelSqRho_EigVals = -5.0197991645E+06 -3.7913438453E+03  1.7071985441E+03
HessDelSqRho_EigVec1 = -6.2448502759E-01 -3.2453966501E-01  7.1041710012E-01
HessDelSqRho_EigVec2 =  7.7882363697E-01 -1.9032784488E-01  5.9766968634E-01
HessDelSqRho_EigVec3 = -5.8755364163E-02  9.2652540024E-01  3.7161605171E-01
</CP of DelSqRho>
<CP of DelSqRho>
CP# = 21      
Type = (3,+1)
Coords = -2.54324271847399E-01 -2.13707799315410E-01 -2.96326045574620E-01
DistFromNuc =  4.4515276482E-01
Rho =  1.2030179407E+01
DelSqRho = -1.7908591731E+02
GradDelSqRho =  5.2295945352E-12  4.3200998334E-12  1.5916157281E-12
HessDelSqRho_EigVals = -2.3972707849E+02  1.4697627910E+02  6.8317216034E+04
HessDelSqRho_EigVec1 = -8.2075317783E-01  3.3432944965E-01  4.6323648407E-01
HessDelSqRho_EigVec2 =  1.6265305063E-04  8.1100719557E-01 -5.8503615468E-01
HessDelSqRho_EigVec3 =  5.7128293745E-01  4.8009493627E-01  6.6569111271E-01
</CP of DelSqRho>
<CP of DelSqRho>
CP# = 22      
Type = (3,-3)
Coords = -9.89173600377379E-02  1.19166982287259E-01  1.44924645486234E-01
DistFromNuc =  2.1210508399E-01
Rho =  6.4377675403E+01
DelSqRho =  8.1138591102E+03
GradDelSqRho = -3.0922819860E-11  4.3655745685E-11  4.5474735089E-11
HessDelSqRho_EigVals = -5.0020274166E+06 -1.5561298557E+03 -1.0856685527E+03
HessDelSqRho_EigVec1 = -4.6648353520E-01  5.6197854380E-01  6.8306165732E-01
HessDelSqRho_EigVec2 = -7.6948535896E-01 -6.3866444984E-01 -5.3484250652E-05
HessDelSqRho_EigVec3 = -4.3621714057E-01  5.2563089410E-01 -7.3036071187E-01
</CP of DelSqRho>
<CP of DelSqRho>
CP# = 23      
Type = (3,-1)
Coords = -2.30027381480575E-02  1.85300487446056E-01 -1.00272210127636E-01
DistFromNuc =  2.1194318280E-01
Rho =  6.4547996040E+01
DelSqRho =  8.1122744250E+03
GradDelSqRho =  1.8371792976E-10 -2.9103830457E-11 -5.4569682106E-11
HessDelSqRho_EigVals = -5.0178881210E+06 -2.5783770040E+03  1.5175025939E+03
HessDelSqRho_EigVec1 = -1.0758957655E-01  8.7519872201E-01 -4.7164783473E-01
HessDelSqRho_EigVec2 =  1.3842785061E-01  4.8296783588E-01  8.6462697140E-01
HessDelSqRho_EigVec3 =  9.8451115443E-01  2.7735653720E-02 -1.7311418290E-01
</CP of DelSqRho>
<CP of DelSqRho>
CP# = 24      
Type = (3,-1)
Coords =  4.30621540318814E-01  8.30042208796919E-02  8.25585737447550E-02
DistFromNuc =  4.4625164400E-01
Rho =  1.1911270702E+01
DelSqRho = -1.7233110906E+02
GradDelSqRho =  3.9790393203E-13 -9.0949470177E-13  2.2737367544E-13
HessDelSqRho_EigVals = -2.1543970192E+02 -2.0301114750E+02  6.6518613608E+04
HessDelSqRho_EigVec1 = -2.5974788305E-01  7.7726007406E-01  5.7306004444E-01
HessDelSqRho_EigVec2 = -3.7213872033E-02 -6.0104455774E-01  7.9834865024E-01
HessDelSqRho_EigVec3 =  9.6495915197E-01  1.8604358867E-01  1.8504490842E-01
</CP of DelSqRho>
<CP of DelSqRho>
CP# = 25      
Type = (3,+3)
Coords = -4.43547195542974E-01 -4.62015012336483E-03 -3.74267780291348E-03
DistFromNuc =  4.4358704681E-01
Rho =  1.2194237984E+01
DelSqRho = -1.8910166940E+02
GradDelSqRho = -2.1600499167E-12 -2.2737367544E-13  1.8189894035E-12
HessDelSqRho_EigVals =  3.1838410112E+02  3.2952669729E+02  7.0770771249E+04
HessDelSqRho_EigVec1 = -1.3493588697E-03 -5.4807720536E-01  8.3642665918E-01
HessDelSqRho_EigVec2 = -1.3326711593E-02  8.3636299777E-01  5.4801399135E-01
HessDelSqRho_EigVec3 =  9.9991028497E-01  1.0407349315E-02  8.4326206757E-03
</CP of DelSqRho>
<CP of DelSqRho>
CP# = 26      
Type = (3,+3)
Coords =  8.62094892928451E-02  4.35113075022291E-01 -3.74285398056879E-03
DistFromNuc =  4.4358705240E-01
Rho =  1.2194237366E+01
DelSqRho = -1.8910163096E+02
GradDelSqRho = -4.5474735089E-13 -8.3844042820E-13  0.0000000000E+00
HessDelSqRho_EigVals =  3.1838260024E+02  3.2952487931E+02  7.0770763141E+04
HessDelSqRho_EigVec1 =  5.3880843874E-01 -9.9558449548E-02  8.3652470464E-01
HessDelSqRho_EigVec2 =  8.1970608891E-01 -1.6711261192E-01 -5.4786431051E-01
HessDelSqRho_EigVec3 =  1.9433834964E-01  9.8089830771E-01 -8.4330182234E-03
</CP of DelSqRho>
<CP of DelSqRho>
CP# = 27      
Type = (3,-1)
Coords = -1.60872268594407E-01 -4.07976524823085E-01  8.25578159511342E-02
DistFromNuc =  4.4625163819E-01
Rho =  1.1911271040E+01
DelSqRho = -1.7233114331E+02
GradDelSqRho = -1.1368683772E-12 -3.1405988921E-12  1.3642420527E-12
HessDelSqRho_EigVals = -2.1543793059E+02 -2.0300926114E+02  6.6518622618E+04
HessDelSqRho_EigVec1 =  7.1614202243E-01 -3.9841661666E-01 -5.7306614215E-01
HessDelSqRho_EigVec2 =  5.9762539416E-01 -7.4092390392E-02  7.9834466614E-01
HessDelSqRho_EigVec3 =  3.6053362113E-01  9.1420704288E-01 -1.8504321327E-01
</CP of DelSqRho>
<CP of DelSqRho>
CP# = 28      
Type = (3,+3)
Coords =  1.01174722495595E-01 -1.21886879867209E-01  4.14365342880446E-01
DistFromNuc =  4.4361173715E-01
Rho =  1.2191786529E+01
DelSqRho = -1.8893399199E+02
GradDelSqRho =  2.1032064978E-12  7.3896444519E-13 -2.7675639558E-12
HessDelSqRho_EigVals =  3.0110554957E+02  3.1982757623E+02  7.0746066641E+04
HessDelSqRho_EigVec1 =  7.6942286357E-01  6.3873974094E-01  1.8943928124E-05
HessDelSqRho_EigVec2 = -5.9663371891E-01  7.1869155850E-01  3.5708633298E-01
HessDelSqRho_EigVec3 =  2.2807161698E-01 -2.7476169145E-01  9.3407138402E-01
</CP of DelSqRho>
<CP of DelSqRho>
CP# = 29      
Type = (3,+1)
Coords =  2.56880937593353E-01  2.10626996327553E-01 -2.96326556497200E-01
DistFromNuc =  4.4515275554E-01
Rho =  1.2030180519E+01
DelSqRho = -1.7908597854E+02
GradDelSqRho =  2.3590018827E-12  1.3642420527E-12 -3.1832314562E-12
HessDelSqRho_EigVals = -2.3972508449E+02  1.4697763383E+02  6.8317231304E+04
HessDelSqRho_EigVec1 = -1.7749302995E-01  8.6827949992E-01  4.6323529048E-01
HessDelSqRho_EigVec2 =  7.9717187142E-01 -1.4916483351E-01  5.8503577656E-01
HessDelSqRho_EigVec3 = -5.7707298649E-01 -4.7311791603E-01  6.6569227560E-01
</CP of DelSqRho>
<CP of DelSqRho>
CP# = 30      
Type = (3,+1)
Coords =  2.76041690446802E-01 -3.32552243725496E-01  1.06721926351316E-01
DistFromNuc =  4.4517365065E-01
Rho =  1.2026945772E+01
DelSqRho = -1.7894352363E+02
GradDelSqRho =  3.8653524825E-12 -6.5938365879E-12  4.3769432523E-12
HessDelSqRho_EigVals = -2.3134268729E+02  1.2498385965E+02  6.8293479487E+04
HessDelSqRho_EigVec1 = -1.5309959015E-01  1.8443940833E-01  9.7084634219E-01
HessDelSqRho_EigVec2 =  7.6945447837E-01  6.3870165626E-01  1.4520276200E-06
HessDelSqRho_EigVec3 = -6.2008089892E-01  7.4702228812E-01 -2.3970269053E-01
</CP of DelSqRho>
<CP of DelSqRho>
CP# = 31      
Type = (3,+1)
Coords = -2.76838922161811E-01 -1.28438930165307E-01  3.24007645560666E-01
DistFromNuc =  4.4510369802E-01
Rho =  1.2037881041E+01
DelSqRho = -1.7938802284E+02
GradDelSqRho = -1.2505552149E-12  0.0000000000E+00 -1.3642420527E-12
HessDelSqRho_EigVals = -2.8632983661E+02  2.3388569160E+02  6.8352021131E+04
HessDelSqRho_EigVec1 =  7.8170331688E-01 -1.7436665126E-01  5.9877892023E-01
HessDelSqRho_EigVec2 = -4.5827856192E-02  9.4146340688E-01  3.3398571991E-01
HessDelSqRho_EigVec3 = -6.2196441375E-01 -2.8851849929E-01  7.2795421806E-01
</CP of DelSqRho>
<CP of DelSqRho>
CP# = 32      
Type = (3,+3)
Coords =  1.91107522088507E-01 -2.30231062883426E-01 -3.27540610520008E-01
DistFromNuc =  4.4363417233E-01
Rho =  1.2193959740E+01
DelSqRho = -1.8856349458E+02
GradDelSqRho = -4.4337866711E-12 -2.5579538487E-13  5.9685589804E-13
HessDelSqRho_EigVals =  1.9926922944E+02  2.0355156477E+02  7.0877548938E+04
HessDelSqRho_EigVec1 =  7.6949081790E-01  6.3865787289E-01  5.0690427549E-05
HessDelSqRho_EigVec2 = -4.7150041878E-01  5.6814367614E-01 -6.7446283690E-01
HessDelSqRho_EigVec3 = -4.3077980020E-01  5.1896905945E-01  7.3830879656E-01
</CP of DelSqRho>
<CP of DelSqRho>
CP# = 33      
Type = (3,+1)
Coords = -2.83746176268667E-01  3.41836093720129E-01 -2.74035261159618E-02
DistFromNuc =  4.4510084336E-01
Rho =  1.2039524445E+01
DelSqRho = -1.7938900119E+02
GradDelSqRho = -4.5474735089E-12  6.8212102633E-13 -3.4106051316E-13
HessDelSqRho_EigVals = -2.9904813021E+02  2.3773658135E+02  6.8354092483E+04
HessDelSqRho_EigVec1 =  7.6945664592E-01  6.3869904497E-01  2.2367523586E-07
HessDelSqRho_EigVec2 = -3.9300162741E-02  4.7345535263E-02  9.9810515353E-01
HessDelSqRho_EigVec3 = -6.3748879775E-01  7.6799865250E-01 -6.1531313173E-02
</CP of DelSqRho>
<CP of DelSqRho>
CP# = 34      
Type = (3,+1)
Coords =  1.77214308209366E-01  2.48457830379002E-01  3.24007853542987E-01
DistFromNuc =  4.4510368867E-01
Rho =  1.2037882100E+01
DelSqRho = -1.7938808703E+02
GradDelSqRho =  1.8189894035E-12  4.5474735089E-13  2.2737367544E-12
HessDelSqRho_EigVals = -2.8632781527E+02  2.3388859177E+02  6.8352035599E+04
HessDelSqRho_EigVec1 =  2.7455582915E-02 -8.0044303343E-01  5.9877971007E-01
HessDelSqRho_EigVec2 =  9.1693056528E-01 -2.1838847340E-01 -3.3398325280E-01
HessDelSqRho_EigVec3 =  3.9810115477E-01  5.5820912292E-01  7.2795470028E-01
</CP of DelSqRho>
<CP of DelSqRho>
CP# = 35      
Type = (3,+1)
Coords =  7.12564391704657E-01  8.85323494598026E-02  9.52379862470319E-02
DistFromNuc =  7.2433159758E-01
Rho =  3.1868859875E+00
DelSqRho =  4.2636900481E+01
GradDelSqRho = -4.2632564146E-14  1.0658141036E-13  9.2370555649E-14
HessDelSqRho_EigVals = -2.5961113508E+03  6.7905323834E+00  7.6424396910E+00
HessDelSqRho_EigVec1 =  9.8359759765E-01  1.2287432285E-01  1.3205175762E-01
HessDelSqRho_EigVec2 = -4.0083004533E-02  8.6267840600E-01 -5.0416199834E-01
HessDelSqRho_EigVec3 = -1.7586676393E-01  4.9059949919E-01  8.5345357972E-01
</CP of DelSqRho>
<CP of DelSqRho>
CP# = 36      
Type = (3,-3)
Coords = -7.25011885672652E-01 -2.75582437886365E-02 -2.71662210607421E-02
DistFromNuc =  7.2604386557E-01
Rho =  3.1670359397E+00
DelSqRho =  4.3929543169E+01
GradDelSqRho = -2.4158453016E-13  7.2830630415E-14 -5.6843418861E-14
HessDelSqRho_EigVals = -2.6661557499E+03 -8.2902173179E+00 -8.0769359360E+00
HessDelSqRho_EigVec1 =  9.9853305188E-01  3.8562455116E-02  3.8008964284E-02
HessDelSqRho_EigVec2 = -1.4154086811E-02 -4.9166681282E-01  8.7066836798E-01
HessDelSqRho_EigVec3 = -5.2262856189E-02  8.6992912483E-01  4.9039974677E-01
</CP of DelSqRho>
<CP of DelSqRho>
CP# = 37      
Type = (3,-3)
Coords =  1.60579550881179E-01  7.07542139954632E-01 -2.71663130944455E-02
DistFromNuc =  7.2604385580E-01
Rho =  3.1670360679E+00
DelSqRho =  4.3929543261E+01
GradDelSqRho = -1.4921397451E-13 -8.5123019744E-12  5.1656456890E-12
HessDelSqRho_EigVals = -2.6661558687E+03 -8.2901839415E+00 -8.0769244534E+00
HessDelSqRho_EigVec1 =  2.2175755636E-01  9.7436076263E-01 -3.8009083788E-02
HessDelSqRho_EigVec2 =  4.8592013779E-01 -7.6629039811E-02  8.7063747332E-01
HessDelSqRho_EigVec3 =  8.4540239288E-01 -2.1153981779E-01 -4.9045458465E-01
</CP of DelSqRho>
<CP of DelSqRho>
CP# = 38      
Type = (3,-3)
Coords =  3.17094525158635E-01 -3.82008828568400E-01 -5.28496318449662E-01
DistFromNuc =  7.2511243377E-01
Rho =  3.1805921586E+00
DelSqRho =  4.4293319292E+01
GradDelSqRho = -1.5560885913E-12  1.8758328224E-12  2.1174173526E-12
HessDelSqRho_EigVals = -2.6987827592E+03 -9.0463969245E+00 -8.9683152197E+00
HessDelSqRho_EigVec1 = -4.3737945563E-01  5.2691799530E-01  7.2873632956E-01
HessDelSqRho_EigVec2 = -4.6568905141E-01  5.6052688830E-01 -6.8479435956E-01
HessDelSqRho_EigVec3 =  7.6930677834E-01  6.3887951424E-01 -2.1699613133E-04
</CP of DelSqRho>
<CP of DelSqRho>
CP# = 39      
Type = (3,-3)
Coords =  1.87113914302827E-01 -2.25419073610811E-01  6.64203508149426E-01
DistFromNuc =  7.2594192324E-01
Rho =  3.1685754880E+00
DelSqRho =  4.3930321647E+01
GradDelSqRho = -7.4606987255E-14 -2.5757174171E-14 -1.4210854715E-14
HessDelSqRho_EigVals = -2.6678430560E+03 -8.0911455736E+00 -7.8706388306E+00
HessDelSqRho_EigVec1 =  2.5833667303E-01 -3.1122225884E-01  9.1455063773E-01
HessDelSqRho_EigVec2 =  7.6947682577E-01  6.3867473284E-01 -1.5625296156E-05
HessDelSqRho_EigVec3 = -5.8409552128E-01  7.0372955831E-01  4.0447142147E-01
</CP of DelSqRho>
<CP of DelSqRho>
CP# = 40      
Type = (3,+1)
Coords = -2.38899398954586E-01  2.87804523743839E-01 -6.20213002964002E-01
DistFromNuc =  7.2427103749E-01
Rho =  3.1878873025E+00
DelSqRho =  4.2660726956E+01
GradDelSqRho = -8.5265128291E-14  2.0428103653E-13  0.0000000000E+00
HessDelSqRho_EigVals = -2.5967440361E+03  6.5168048239E+00  7.4939904271E+00
HessDelSqRho_EigVec1 =  3.3027053741E-01 -3.9788027988E-01  8.5592794966E-01
HessDelSqRho_EigVec2 =  7.6944441331E-01  6.3871378157E-01  7.9425844639E-06
HessDelSqRho_EigVec3 = -5.4669613767E-01  6.5858635586E-01  5.1709510240E-01
</CP of DelSqRho>
<CP of DelSqRho>
CP# = 41      
Type = (3,-1)
Coords =  2.96963599472206E-01  4.01873941887823E-01  5.25182625816550E-01
DistFromNuc =  7.2491850234E-01
Rho =  3.1810362079E+00
DelSqRho =  4.3235133093E+01
GradDelSqRho = -1.4210854715E-14 -1.4921397451E-13 -2.1316282073E-13
HessDelSqRho_EigVals = -2.6305018113E+03 -4.9270428192E+00  7.3307253230E+00
HessDelSqRho_EigVec1 =  4.0978700126E-01  5.5433126329E-01  7.2442491960E-01
HessDelSqRho_EigVec2 =  9.1190060591E-01 -2.2925233219E-01 -3.4041247500E-01
HessDelSqRho_EigVec3 =  2.2625174991E-02 -8.0010013044E-01  5.9943964061E-01
</CP of DelSqRho>
<CP of DelSqRho>
CP# = 42      
Type = (3,-1)
Coords = -4.49680973717388E-01 -2.17894352549391E-01  5.25181767908859E-01
DistFromNuc =  7.2491848945E-01
Rho =  3.1810363709E+00
DelSqRho =  4.3235132011E+01
GradDelSqRho = -1.1368683772E-13  2.2737367544E-13  1.4210854715E-13
HessDelSqRho_EigVals = -2.6305017858E+03 -4.9270551635E+00  7.3307086384E+00
HessDelSqRho_EigVec1 = -6.2030512840E-01 -3.0071874316E-01  7.2442376079E-01
HessDelSqRho_EigVec2 = -5.7432365065E-02  9.3851959536E-01  3.4041517675E-01
HessDelSqRho_EigVec3 =  7.8225511895E-01 -1.6955591003E-01  5.9943950675E-01
</CP of DelSqRho>
<CP of DelSqRho>
CP# = 43      
Type = (3,-1)
Coords =  4.26688526074361E-01  3.50867916085256E-01 -4.69078734137360E-01
DistFromNuc =  7.2471115049E-01
Rho =  3.1833290185E+00
DelSqRho =  4.3283109644E+01
GradDelSqRho = -5.3290705182E-14 -4.2632564146E-14  2.5579538487E-13
HessDelSqRho_EigVals = -2.6365041187E+03 -5.9159336771E+00  7.5980005195E+00
HessDelSqRho_EigVec1 =  5.8895886724E-01  4.8377286272E-01 -6.4737258978E-01
HessDelSqRho_EigVec2 = -7.8739300465E-01  1.6305560683E-01 -5.9449568990E-01
HessDelSqRho_EigVec3 = -1.8204315130E-01  8.5987015670E-01  4.7695241344E-01
</CP of DelSqRho>
<CP of DelSqRho>
CP# = 44      
Type = (3,-1)
Coords = -4.23431926336964E-01 -3.54791456598657E-01 -4.69078529232470E-01
DistFromNuc =  7.2471114280E-01
Rho =  3.1833291039E+00
DelSqRho =  4.3283107123E+01
GradDelSqRho = -8.5265128291E-14  1.2079226508E-13 -3.5527136788E-13
HessDelSqRho_EigVals = -2.6365039335E+03 -5.9159541698E+00  7.5979814523E+00
HessDelSqRho_EigVec1 = -5.8394218528E-01 -4.8981693826E-01 -6.4737229725E-01
HessDelSqRho_EigVec2 = -1.5290702503E-02  8.0395261897E-01 -5.9449674589E-01
HessDelSqRho_EigVec3 = -8.1165122969E-01  3.3725295173E-01  4.7695149427E-01
</CP of DelSqRho>
<CP of DelSqRho>
CP# = 45      
Type = (3,+1)
Coords = -3.19316078933404E-01  3.84684477894083E-01  5.23504698832590E-01
DistFromNuc =  7.2387987643E-01
Rho =  3.1933410510E+00
DelSqRho =  4.2836975976E+01
GradDelSqRho =  1.1368683772E-13 -3.5527136788E-14  1.4566126083E-13
HessDelSqRho_EigVals = -2.6060704709E+03  5.6234361321E+00  5.7255060003E+00
HessDelSqRho_EigVec1 = -4.4113156183E-01  5.3143727960E-01  7.2317173825E-01
HessDelSqRho_EigVec2 =  7.6933096058E-01  6.3885040456E-01 -1.8357031111E-04
HessDelSqRho_EigVec3 = -4.6209611365E-01  5.5627742939E-01 -6.9066822954E-01
</CP of DelSqRho>
<CP of DelSqRho>
CP# = 46      
Type = (3,-1)
Coords =  4.47914653656083E-01 -5.39613338002176E-01  1.82491154986987E-01
DistFromNuc =  7.2464688860E-01
Rho =  3.1841401055E+00
DelSqRho =  4.3287309014E+01
GradDelSqRho = -7.3185901783E-13  2.1316282073E-14 -9.9475983006E-14
HessDelSqRho_EigVals = -2.6375851678E+03 -6.0730408216E+00  7.5463428207E+00
HessDelSqRho_EigVec1 = -6.1816684261E-01  7.4472019575E-01 -2.5151855744E-01
HessDelSqRho_EigVec2 =  7.6945640412E-01  6.3869933628E-01 -5.6110005494E-07
HessDelSqRho_EigVec3 = -1.6064431784E-01  1.9353291163E-01  9.6785247598E-01
</CP of DelSqRho>
<CP of DelSqRho>
CP# = 47      
Type = (3,+1)
Coords = -2.18219744414107E-01 -6.84080592274464E-01  9.52373146873933E-02
DistFromNuc =  7.2433159512E-01
Rho =  3.1868859968E+00
DelSqRho =  4.2636902826E+01
GradDelSqRho =  3.0553337638E-13  2.2737367544E-13 -4.2632564146E-14
HessDelSqRho_EigVals = -2.5961115984E+03  6.7904978814E+00  7.6424221815E+00
HessDelSqRho_EigVec1 =  3.0187857376E-01  9.4415671864E-01 -1.3205081353E-01
HessDelSqRho_EigVec2 =  8.4053643981E-01 -1.9823179893E-01  5.0418513192E-01
HessDelSqRho_EigVec3 =  4.4985310942E-01 -2.6319620921E-01 -8.5344005964E-01
</CP of DelSqRho>
<CP of DelSqRho>
CP# = 48      
Type = (3,-1)
Coords = -4.61866798296981E-01  5.56420785767629E-01 -5.09366874106299E-02
DistFromNuc =  7.2492729037E-01
Rho =  3.1808964039E+00
DelSqRho =  4.3250276382E+01
GradDelSqRho =  1.1368683772E-13 -3.5527136788E-14 -3.9079850467E-14
HessDelSqRho_EigVals = -2.6305415264E+03 -5.1367700744E+00  7.3829931574E+00
HessDelSqRho_EigVec1 = -6.3711761517E-01  7.6754923062E-01 -7.0351425127E-02
HessDelSqRho_EigVec2 = -4.4933087987E-02  5.4132620680E-02  9.9752226892E-01
HessDelSqRho_EigVec3 =  7.6945575704E-01  6.3870011582E-01 -4.8907591179E-07
</CP of DelSqRho>
<CP of DelSqRho>
CP# = 49      
Type = (3,-1)
Coords =  1.29465257141283E+00 -1.55970559790575E+00  1.16768443737044E+00
DistFromNuc =  2.3392934357E+00
Rho =  4.2845652971E-02
DelSqRho =  8.3786156887E-02
GradDelSqRho =  2.7755575616E-17 -8.3266726847E-17  2.0816681712E-17
HessDelSqRho_EigVals = -2.4414515599E-01 -1.6505407159E-02  1.6756377768E-01
HessDelSqRho_EigVec1 = -6.1902676530E-01  7.4576203140E-01  2.4626176391E-01
HessDelSqRho_EigVec2 =  7.6945907283E-01  6.3869612120E-01  1.8033532859E-06
HessDelSqRho_EigVec3 =  1.5728508854E-01 -1.8948946486E-01  9.6920335515E-01
</CP of DelSqRho>
<CP of DelSqRho>
CP# = 50      
Type = (3,+1)
Coords =  2.14844035040520E-02 -2.58742170762951E-02 -2.39972728151807E+00
DistFromNuc =  2.3999629331E+00
Rho =  4.6593441139E-02
DelSqRho =  5.3645723120E-02
GradDelSqRho =  5.8980598183E-17 -6.2450045135E-17 -4.1633363423E-17
HessDelSqRho_EigVals = -1.3848620672E-01  1.6100519435E-02  9.8875229437E-02
HessDelSqRho_EigVec1 =  4.2730509564E-01 -5.1478980154E-01  7.4323738837E-01
HessDelSqRho_EigVec2 = -7.6945829352E-01 -6.3869706006E-01 -1.7263584491E-06
HessDelSqRho_EigVec3 = -4.7470442359E-01  5.7188943485E-01  6.6902779055E-01
</CP of DelSqRho>
<CP of DelSqRho>
CP# = 51      
Type = (3,+1)
Coords =  2.22102069101131E+00 -4.18622007658459E-01 -8.19765914021724E-01
DistFromNuc =  2.4042032878E+00
Rho =  4.6908579789E-02
DelSqRho =  5.4545975388E-02
GradDelSqRho = -1.7607443281E-16 -2.6020852140E-18  0.0000000000E+00
HessDelSqRho_EigVals = -1.4085725715E-01  1.4967118192E-02  9.4740284735E-02
HessDelSqRho_EigVec1 =  9.3353072840E-01  2.6842325203E-01  2.3763277744E-01
HessDelSqRho_EigVec2 = -6.9139896340E-02  7.8521826190E-01 -6.1534702072E-01
HessDelSqRho_EigVec3 = -3.5176704490E-01  5.5801544687E-01  7.5158413180E-01
</CP of DelSqRho>
<CP of DelSqRho>
CP# = 52      
Type = (3,+1)
Coords =  2.51291188825940E-03 -2.26010432424380E+00 -8.19759869327230E-01
DistFromNuc =  2.4041805495E+00
Rho =  4.6908972256E-02
DelSqRho =  5.4546632186E-02
GradDelSqRho = -1.4134960563E-13  5.1978595039E-12 -1.9941825968E-12
HessDelSqRho_EigVals = -1.4086023897E-01  1.4967135420E-02  9.4750948654E-02
HessDelSqRho_EigVec1 =  4.3572159773E-01  8.6814551598E-01 -2.3763428278E-01
HessDelSqRho_EigVec2 =  7.5905397683E-01 -2.1252820339E-01  6.1536072593E-01
HessDelSqRho_EigVec3 = -4.8371866775E-01  4.4850320606E-01  7.5157243472E-01
</CP of DelSqRho>
<Path of -GradDelSqRho>
Starting CP# =      3
Ending CP# =      0
Number of Points =    400
 -3.5560165343E-02 -2.0912773175E-01 -3.3340702998E-03  6.4376725727E+01  8.0914213737E+03
 -3.1381282638E-02 -1.8448280422E-01 -2.9285041326E-03  9.5620592394E+01  5.9117421486E+03
 -2.7199790722E-02 -1.5983827001E-01 -2.5259398019E-03  1.4045789291E+02 -3.0091216230E+03
 -2.3018329047E-02 -1.3519372752E-01 -2.1235686166E-03  1.9923370633E+02 -1.8939757036E+04
 -2.0211874159E-02 -1.1792498056E-01 -1.7174616670E-03  2.4778718498E+02 -2.6213948356E+04
 -2.0499208598E-02 -1.1788170822E-01 -1.4208800157E-03  2.4778041168E+02 -2.6214463518E+04
 -2.0773076081E-02 -1.1783896730E-01 -1.1386862309E-03  2.4777432244E+02 -2.6214929736E+04
 -2.1034205612E-02 -1.1779685948E-01 -8.7007717322E-04  2.4776883798E+02 -2.6215352101E+04
 -2.1283271837E-02 -1.1775546925E-01 -6.1431023312E-04  2.4776388995E+02 -2.6215735089E+04
 -2.1520901506E-02 -1.1771486620E-01 -3.7069623599E-04  2.4775941915E+02 -2.6216082654E+04
 -2.1747678802E-02 -1.1767510697E-01 -1.3859357406E-04  2.4775537401E+02 -2.6216398301E+04
 -2.1964149785E-02 -1.1763623695E-01  8.2596704324E-05  2.4775170947E+02 -2.6216685147E+04
 -2.2170826136E-02 -1.1759829170E-01  2.9343504921E-04  2.4774838595E+02 -2.6216945972E+04
 -2.2368188348E-02 -1.1756129824E-01  4.9444695956E-04  2.4774536858E+02 -2.6217183261E+04
 -2.2556688467E-02 -1.1752527615E-01  6.8612604556E-04  2.4774262656E+02 -2.6217399239E+04
 -2.2736752469E-02 -1.1749023851E-01  8.6893669272E-04  2.4774013257E+02 -2.6217595904E+04
 -2.2908782342E-02 -1.1745619276E-01  1.0433163975E-03  2.4773786233E+02 -2.6217775054E+04
 -2.3073157916E-02 -1.1742314149E-01  1.2096778296E-03  2.4773579423E+02 -2.6217938306E+04
 -2.3230238486E-02 -1.1739108303E-01  1.3684106655E-03  2.4773390895E+02 -2.6218087118E+04
 -2.3380364262E-02 -1.1736001205E-01  1.5198832272E-03  2.4773218920E+02 -2.6218222809E+04
 -2.3523857667E-02 -1.1732992011E-01  1.6644439562E-03  2.4773061949E+02 -2.6218346567E+04
 -2.3661024513E-02 -1.1730079608E-01  1.8024227446E-03  2.4772918592E+02 -2.6218459472E+04
 -2.3792155063E-02 -1.1727262654E-01  1.9341321434E-03  2.4772787597E+02 -2.6218562497E+04
 -2.3917524998E-02 -1.1724539615E-01  2.0598684640E-03  2.4772667836E+02 -2.6218656527E+04
 -2.4037396302E-02 -1.1721908795E-01  2.1799127846E-03  2.4772558293E+02 -2.6218742365E+04
 -2.4152018076E-02 -1.1719368365E-01  2.2945318753E-03  2.4772458051E+02 -2.6218820737E+04
 -2.4261627283E-02 -1.1716916388E-01  2.4039790484E-03  2.4772366278E+02 -2.6218892305E+04
 -2.4366449439E-02 -1.1714550838E-01  2.5084949440E-03  2.4772282224E+02 -2.6218957669E+04
 -2.4466699249E-02 -1.1712269622E-01  2.6083082573E-03  2.4772205207E+02 -2.6219017377E+04
 -2.4562581205E-02 -1.1710070595E-01  2.7036364125E-03  2.4772134612E+02 -2.6219071923E+04
 -2.4654290131E-02 -1.1707951578E-01  2.7946861901E-03  2.4772069877E+02 -2.6219121762E+04
 -2.4742011701E-02 -1.1705910364E-01  2.8816543105E-03  2.4772010494E+02 -2.6219167303E+04
 -2.4825922919E-02 -1.1703944739E-01  2.9647279791E-03  2.4771956000E+02 -2.6219208923E+04
 -2.4906192564E-02 -1.1702052484E-01  3.0440853953E-03  2.4771905976E+02 -2.6219246961E+04
 -2.4982981616E-02 -1.1700231386E-01  3.1198962290E-03  2.4771860038E+02 -2.6219281731E+04
 -2.5056443647E-02 -1.1698479248E-01  3.1923220674E-03  2.4771817838E+02 -2.6219313515E+04
 -2.5126725196E-02 -1.1696793893E-01  3.2615168342E-03  2.4771779058E+02 -2.6219342572E+04
 -2.5193966114E-02 -1.1695173170E-01  3.3276271833E-03  2.4771743410E+02 -2.6219369138E+04
 -2.5258299894E-02 -1.1693614958E-01  3.3907928692E-03  2.4771710628E+02 -2.6219393428E+04
 -2.5319853983E-02 -1.1692117173E-01  3.4511470957E-03  2.4771680472E+02 -2.6219415639E+04
 -2.5378750074E-02 -1.1690677767E-01  3.5088168445E-03  2.4771652723E+02 -2.6219435949E+04
 -2.5435104382E-02 -1.1689294735E-01  3.5639231852E-03  2.4771627180E+02 -2.6219454524E+04
 -2.5489027905E-02 -1.1687966113E-01  3.6165815678E-03  2.4771603659E+02 -2.6219471511E+04
 -2.5540626673E-02 -1.1686689985E-01  3.6669020990E-03  2.4771581993E+02 -2.6219487047E+04
 -2.5590001982E-02 -1.1685464480E-01  3.7149898032E-03  2.4771562028E+02 -2.6219501257E+04
 -2.5637250614E-02 -1.1684287774E-01  3.7609448698E-03  2.4771543625E+02 -2.6219514255E+04
 -2.5682465053E-02 -1.1683158094E-01  3.8048628869E-03  2.4771526655E+02 -2.6219526144E+04
 -2.5725733677E-02 -1.1682073714E-01  3.8468350629E-03  2.4771511001E+02 -2.6219537020E+04
 -2.5767140953E-02 -1.1681032957E-01  3.8869484358E-03  2.4771496557E+02 -2.6219546969E+04
 -2.5806767617E-02 -1.1680034196E-01  3.9252860723E-03  2.4771483222E+02 -2.6219556071E+04
 -2.5844690843E-02 -1.1679075853E-01  3.9619272568E-03  2.4771470909E+02 -2.6219564397E+04
 -2.5880984407E-02 -1.1678156398E-01  3.9969476693E-03  2.4771459534E+02 -2.6219572015E+04
 -2.5915718840E-02 -1.1677274350E-01  4.0304195562E-03  2.4771449021E+02 -2.6219578985E+04
 -2.5948961579E-02 -1.1676428275E-01  4.0624118911E-03  2.4771439302E+02 -2.6219585362E+04
 -2.5980777101E-02 -1.1675616787E-01  4.0929905279E-03  2.4771430313E+02 -2.6219591196E+04
 -2.6011227063E-02 -1.1674838546E-01  4.1222183464E-03  2.4771421996E+02 -2.6219596535E+04
 -2.6040370423E-02 -1.1674092256E-01  4.1501553907E-03  2.4771414298E+02 -2.6219601419E+04
 -2.6068263566E-02 -1.1673376666E-01  4.1768590007E-03  2.4771407170E+02 -2.6219605889E+04
 -2.6094960414E-02 -1.1672690570E-01  4.2023839369E-03  2.4771400566E+02 -2.6219609979E+04
 -2.6120512543E-02 -1.1672032803E-01  4.2267824999E-03  2.4771394446E+02 -2.6219613721E+04
 -2.6144969277E-02 -1.1671402242E-01  4.2501046431E-03  2.4771388771E+02 -2.6219617146E+04
 -2.6168377801E-02 -1.1670797803E-01  4.2723980808E-03  2.4771383507E+02 -2.6219620280E+04
 -2.6190783243E-02 -1.1670218444E-01  4.2937083906E-03  2.4771378623E+02 -2.6219623147E+04
 -2.6212228775E-02 -1.1669663159E-01  4.3140791112E-03  2.4771374088E+02 -2.6219625772E+04
 -2.6232755694E-02 -1.1669130980E-01  4.3335518352E-03  2.4771369876E+02 -2.6219628174E+04
 -2.6252403507E-02 -1.1668620976E-01  4.3521662982E-03  2.4771365962E+02 -2.6219630372E+04
 -2.6271210009E-02 -1.1668132248E-01  4.3699604627E-03  2.4771362324E+02 -2.6219632383E+04
 -2.6289211358E-02 -1.1667663934E-01  4.3869705988E-03  2.4771358939E+02 -2.6219634224E+04
 -2.6306442146E-02 -1.1667215205E-01  4.4032313609E-03  2.4771355790E+02 -2.6219635909E+04
 -2.6322935473E-02 -1.1666785260E-01  4.4187758609E-03  2.4771352858E+02 -2.6219637450E+04
