AIMSum (Version 19.10.12, Professional)
Copyright (c) 1997-2019 by Todd A. Keith
AIMSum is a component of the AIMAll package ( http://aim.tkgristmill.com )

TP:  64-bit Mac OS X

Much of the Quantum Theory of Atoms in Molecules (QTAIM) is described in the book:
  "Atoms in Molecules - A Quantum Theory"
  R.F.W. Bader, Oxford University Press, Oxford, 1990

For additional references see:  http://aim.tkgristmill.com/references.html

Wfx File:  /Users/chemlab/Documents/SubstituentCoding/GraphParametrization/InputGeneration/HC-C-C-CO_wb97xd_aug-cc-pvtz.wfx
Sum File:  /Users/chemlab/Documents/SubstituentCoding/GraphParametrization/InputGeneration/HC-C-C-CO_wb97xd_aug-cc-pvtz.sum

SumViz File:  /Users/chemlab/Documents/SubstituentCoding/GraphParametrization/InputGeneration/HC-C-C-CO_wb97xd_aug-cc-pvtz.sumviz

Wfx Title:   opt freq on HC-C-C-CO_wb97xd_aug-cc-pvtz generated by trim_r_groups           
 
Total memory allocated for AIMSum =        0.751 Megabytes

Atomic units (a.u.) used throughout, except where stated otherwise

Model:  Restricted SCF
 
Restricted, closed-shell, single-determinant wavefunction.
  Number of electrons (from MO Occs)                   =          42.0000000000
  Number of Alpha electrons (from MO Occs)             =          21.0000000000
  Number of Beta electrons (from MO Occs)              =          21.0000000000
  Number of electron pairs (N*(N-1)/2)                 =         861.0000000000
  Number of electron pairs (from Muller 2EDM)          =         861.0000000000
 
Nuclear Charges and Cartesian Coordinates:
-------------------------------------------------------------------------------
Atom      Charge                X                  Y                  Z
-------------------------------------------------------------------------------
C1         6.0          -7.8917298359E-01  -1.7281101878E-02   5.9581634580E-01
O2         8.0           1.3122773675E+00  -1.1212588047E+00  -6.4290463087E-01
C3         6.0          -1.1962071689E+00   2.7225901714E+00  -1.8953642964E-01
C4         6.0          -3.0575350093E+00  -1.6519644685E+00  -2.8284338493E-02
H5         1.0          -4.4935892623E-01  -8.3122977510E-02   2.6449821162E+00
H6         1.0          -2.8672341994E+00   3.4863441823E+00   7.4291015557E-01
H7         1.0          -1.4750754071E+00   2.8362606678E+00  -2.2289566013E+00
H8         1.0           4.0206500491E-01   3.9160950267E+00   3.2040955634E-01
H9         1.0          -3.4105473992E+00  -1.6262781454E+00  -2.0588549566E+00
H10        1.0          -2.7228154026E+00  -3.5985543909E+00   5.4834461016E-01
H11        1.0          -4.7384235145E+00  -9.5426284973E-01   9.3623323566E-01
C12        6.0           3.6727001988E+00  -2.1946113400E-01   1.5133281806E-01
H13        1.0           3.8730351917E+00  -3.4061090150E-01   2.2116139136E+00
H14        1.0           4.0074255380E+00   1.7395844271E+00  -4.2579864042E-01
H15        1.0           5.1039999526E+00  -1.4086854029E+00  -7.2361671662E-01
 
Some Atomic Properties:
----------------------
  q(A) = Net Charge of Atom A
  L(A) = Lagrangian of Atom A = -(1/4) Times Atomic Integral of the Laplacian of the Electron Density
  K(A) = Electronic Kinetic Energy of Atom A (Hamiltonian Form)
  K_Scaled(A) = K(A) * E(Mol)/K(Mol) = Approximation to Virial-Based Total Energy of Atom A.
  |Mu_Intra(A)| = Magnitude of Intraatomic Dipole Moment of Atom A
--------------------------------------------------------------------------------------------------
Atom A          q(A)              L(A)              K(A)          K_Scaled(A)      |Mu_Intra(A)|
--------------------------------------------------------------------------------------------------
C1        5.7501887680E-01 -3.5392077020E-04  3.7466365569E+01 -3.7705242281E+01  5.9290505833E-01
O2       -1.1443108080E+00 -1.2102996496E-04  7.5418611732E+01 -7.5899463016E+01  1.2554684923E-01
C3        2.1390320300E-02  1.3744108379E-04  3.7800735423E+01 -3.8041743998E+01  3.4320598522E-02
C4        3.8521570000E-02 -7.5112696900E-05  3.7795789370E+01 -3.8036766411E+01  6.5459158686E-02
H5       -2.5813730400E-02  3.5544134665E-05  6.4298244803E-01 -6.4708195250E-01  1.5353289122E-01
H6       -8.0614762000E-03  1.7547723832E-05  6.2313626122E-01 -6.2710923108E-01  1.4149694102E-01
H7       -1.4273669000E-03  2.2315940939E-05  6.1989483208E-01 -6.2384713536E-01  1.4414363108E-01
H8       -1.3406042700E-02  4.5371104554E-05  6.2772190618E-01 -6.3172411304E-01  1.3831139177E-01
H9       -6.8578810000E-04  2.4099348521E-05  6.1997959810E-01 -6.2393244182E-01  1.4378014325E-01
H10       2.7716501400E-03  2.1230285079E-05  6.2046070932E-01 -6.2441662050E-01  1.4166228613E-01
H11      -1.2186031900E-02  1.7794445306E-05  6.2512015202E-01 -6.2910577070E-01  1.4070962975E-01
C12       5.7808866310E-01 -2.8130019218E-04  3.7452579938E+01 -3.7691368756E+01  6.4322042779E-01
H13      -1.3504129800E-02  2.6429048305E-05  6.2839951732E-01 -6.3240604446E-01  1.5072812013E-01
H14      -1.2861417000E-02 -7.0471796895E-05  6.3199169805E-01 -6.3602112809E-01  1.4325262378E-01
H15       1.6020139350E-02  3.0592647449E-05  6.2281028453E-01 -6.2678117604E-01  1.3611125994E-01
--------------------------------------------------------------------------------------------------
Total    -4.4557131000E-04 -5.2346965869E-04  2.3219657944E+02 -2.3367701008E+02
 
1st Largest |L(A)| = 3.5392077020E-04, atom C1      
2nd Largest |L(A)| = 2.8130019218E-04, atom C12     
 
Molecular charge q(Mol) from the wfx file:   0.0000000000E+00
Molecular energy E(Mol) from the wfx file:  -2.3367711183E+02
Molecular virial ratio (-V(Mol)/T(Mol)) from the wfx file:   2.0063757642E+00
Full molecular virial ratio ((-V(Mol)+W(Mol))/T(Mol)) from the wfx file:   2.0063759757E+00
Note.  K_Scaled(A) = (1+V(Mol)/T(Mol))*K(A) = (E(Mol)/T(Mol))*K(A)
       Only use K_Scaled(A) data with caution.
 
N_AIMInt(SumA)     =         42.000446
N_Analytic(Mol)    =         42.000000
 
G_AIMInt(SumA)     =        232.197103
G_Analytic(Mol)    =        232.196681
 
K_AIMInt(SumA)     =        232.196579
K_Analytic(Mol)    =        232.196681
 
L_AIMInt(SumA)     =         -0.000523
L_Analytic(Mol)    =          0.000000
 
VenT_AIMInt(SumA)  =       -938.219820
VenT_Analytic(Mol) =       -938.214789
 
Some Information About the Atomic Calculations:
----------------------------------------------
  Time(sec) = "Elapsed User Time", in Seconds, for Atom A by AIMInt and, if used, by TWOe
  NProc = Number of Processors Used for AIMInt Job
  BIM = Basin Integration Method
  OAQ = Angular Quadrature Outside of Beta Sphere
  ORQ = Multiple of Default for Radial Quadrature Outside of Beta Sphere
  IAQ = Multiple of Default for Angular Quadrature Inside of Beta Sphere
  IRQ = Multiple of Default for Radial Quadrature Inside of Beta Sphere
  MIR = Maximum Integration Radius
------------------------------------------------------------------------------------------------------
Atom A     Time(sec)   NProc      BIM          OAQ                     ORQ      IAQ      IRQ      MIR
------------------------------------------------------------------------------------------------------
C1            139        2     Proaim(5)    5400(GS5)                  1.00     1.00     1.00    13.00
O2             94        2     Proaim(5)    4500(GS4)                  1.00     1.00     1.00    13.00
C3            107        2     Proaim(5)    4500(GS4)                  1.00     1.00     1.00    13.00
C4            102        2     Proaim(5)    4500(GS4)                  1.00     1.00     1.00    13.00
H5             46        2     Proaim(5)    1800(GS4)                  1.00     1.00     1.00    13.00
H6             43        2     Proaim(5)    1800(GS4)                  1.00     1.00     1.00    13.00
H7             43        2     Proaim(5)    1800(GS4)                  1.00     1.00     1.00    13.00
H8             50        2     Proaim(5)    1800(GS4)                  1.00     1.00     1.00    13.00
H9             40        2     Proaim(5)    1800(GS4)                  1.00     1.00     1.00    13.00
H10            39        2     Proaim(5)    1800(GS4)                  1.00     1.00     1.00    13.00
H11            41        2     Proaim(5)    1800(GS4)                  1.00     1.00     1.00    13.00
C12            97        2     Proaim(5)    4500(GS4)                  1.00     1.00     1.00    13.00
H13            37        2     Proaim(5)    1800(GS4)                  1.00     1.00     1.00    13.00
H14            42        2     Proaim(5)    1800(GS4)                  1.00     1.00     1.00    13.00
H15            35        2     Proaim(5)    1800(GS4)                  1.00     1.00     1.00    13.00
------------------------------------------------------------------------------------------------------
Total         955
Note:  Total wall clock time is less than total of atomic times if more than one atom
       was calculated at a time
 
Electron Density Critical Point Analysis of Molecular Structure:               
---------------------------------------------------------------                
  NACP = Nuclear Attractor Critical Point                                      
  NNACP = Non-Nuclear Attractor Critical Point                                 
  BCP = Bond Critical Point                                                    
  RCP = Ring Critical Point                                                    
  CCP = Cage Critical Point                                                    
  Rho = Electron Density                                                       
  GradRho = Gradient of Electron Density                                       
  HessRho_EigVals = Eigenvalues of the Hessian of Rho, Ascending Order         
  HessRho_EigVecs = Eigenvectors of the Hessian of Rho                         
  DelSqRho = Laplacian of Rho = Trace of Hessian of Rho                        
  Bond Ellipticity = (HessRho_EigVal(1) / HessRho_EigVal(2)) - 1               
  V = Virial Field = Potential Energy Density = Trace of Stress Tensor         
  G = Lagrangian Form of Kinetic Energy Density                                
  K = Hamiltonian Form of Kinetic Energy Density                               
  L = K - G = Lagrangian Density = (-1/4)DelSqRho                              
  Vnuc = Electrostatic Potential from Nuclei                                   
  Ven = Electron-nuclear attractive contribution to Virial Field V             
  Vrep = V - Ven = Repulsive contribution to Virial Field V                    
  DelSqV = Laplacian of V                                                      
  DelSqVen = Laplacian of Ven                                                  
  DelSqVrep = Laplacian of Vrep                                                
  DelSqG = Laplacian of G                                                      
  DelSqK = Laplacian of K                                                      
  Stress_EigVals = Eigenvalues of Stress Tensor, Ascending Order               
  Stress_EigVecs = Eigenvectors of Stress Tensor                               
  -DivStress = Ehrenfest Force Density = Minus Divergence of Stress Tensor     
  ESP = Total Electrostatic Potential                                          
  ESPe = Electrostatic Potential from Electrons                                
  ESPn = Electrostatic Potential from Nuclei                                   
  BP = Bond Path                                                               
  BPL = Bond Path Length                                                       
  GBL = Geometric Bond Length                                                  
  GBL_I = Distance Between Nuclear Attractors                                  
  GBL_II = Distance Between Nuclei                                             
  GBL_III = Sum of Distances Between BCP and Nuclear Attractors                
  GBL_IV = Sum of Distances Between BCP and Nuclei                             

CP# 1      Coords = -7.89170349063574E-01 -1.72822604251862E-02  5.95814296701042E-01
           Type = (3,-3) NACP C1
           Rho =  1.2095668240E+02     Rho at Nucleus =  1.2095668085E+02
           GradRho = -1.1979195413E-11  1.8185453143E-13  3.4841574070E-12
           HessRho_EigVals = -2.4833748407E+05 -2.4833490922E+05 -2.4833453128E+05
           HessRho_EigVec1 =  7.9168043467E-01 -3.9561098621E-01 -4.6554702979E-01
           HessRho_EigVec2 =  2.7398740581E-01  9.1100427253E-01 -3.0822413418E-01
           HessRho_EigVec3 =  5.4605218690E-01  1.1646099355E-01  8.2961668629E-01
           DelSqRho = -7.4500692457E+05
           Bond Ellipticity = NA
           V = -1.8626633769E+05
           G =  7.3032752279E+00
           K =  1.8625903442E+05
           L =  1.8625173114E+05
           Vnuc =  1.6983071584E+06
           Ven = -2.0542159957E+08
           Vrep =  2.0523533324E+08
           DelSqV =  1.1205836036E+10
           DelSqVen =  1.2652505840E+12
           DelSqVrep = -1.2540447477E+12
           DelSqG =  3.8242527073E+08
           DelSqK = -1.1588261307E+10
           Stress_EigVals = -6.2089062011E+04 -6.2088983713E+04 -6.2088291969E+04
           Stress_EigVec1 =  5.7752076157E-01  1.8904597146E-01  7.9418599246E-01
           Stress_EigVec2 =  2.2382675427E-01  8.9887510071E-01 -3.7672952817E-01
           Stress_EigVec3 =  7.8509321359E-01 -3.9532919700E-01 -4.7680548652E-01
           -DivStress = -9.6627325560E+03  4.2498144320E+03  7.5206221255E+03
           ESP =  -1.4712370947E+01     ESP at Nucleus =  -1.4712370982E+01
           ESPe = -2.5722928618E+01     ESPe at Nucleus = -2.5722925690E+01
           ESPn =  1.1010557672E+01     ESPn at Nucleus =  1.1010554707E+01

CP# 2      Coords =  1.31227848072224E+00 -1.12125332277496E+00 -6.42899381513333E-01
           Type = (3,-3) NACP O2
           Rho =  2.9772405622E+02     Rho at Nucleus =  2.9772402352E+02
           GradRho =  1.3677503574E-11  5.1404658308E-11  2.4218238526E-11
           HessRho_EigVals = -1.1113578638E+06 -1.1113353070E+06 -1.1113159634E+06
           HessRho_EigVec1 =  9.9565731663E-01 -3.3239185674E-02 -8.6957831029E-02
           HessRho_EigVec2 =  8.5394788214E-02  6.9805692087E-01  7.1093196958E-01
           HessRho_EigVec3 = -3.7070716036E-02  7.1527036270E-01 -6.9786393391E-01
           DelSqRho = -3.3340091341E+06
           Bond Ellipticity = NA
           V = -8.3363395332E+05
           G =  6.5834894266E+01
           K =  8.3356811843E+05
           L =  8.3350228353E+05
           Vnuc =  1.0428742714E+06
           Ven = -3.1048875821E+08
           Vrep =  3.0965512426E+08
           DelSqV =  9.3214612018E+10
           DelSqVen =  3.4769523425E+12
           DelSqVrep = -3.3837377313E+12
           DelSqG =  3.1117866287E+09
           DelSqK = -9.6326398646E+10
           Stress_EigVals = -2.7788320419E+05 -2.7787767675E+05 -2.7787307239E+05
           Stress_EigVec1 = -3.7581131831E-02  7.1192215775E-01 -7.0125209435E-01
           Stress_EigVec2 =  7.5336276088E-02  7.0176922184E-01  7.0840977180E-01
           Stress_EigVec3 =  9.9644974988E-01 -2.6206880363E-02 -8.0006845871E-02
           -DivStress = -3.3965807042E+04 -1.6737572398E+05 -1.6026952598E+05
           ESP =  -2.2345252272E+01     ESP at Nucleus =  -2.2345252587E+01
           ESPe = -3.1644588608E+01     ESPe at Nucleus = -3.1644579700E+01
           ESPn =  9.2993363361E+00     ESPn at Nucleus =  9.2993271129E+00

CP# 3      Coords = -1.19620715390091E+00  2.72259036198211E+00 -1.89536238734008E-01
           Type = (3,-3) NACP C3
           Rho =  1.2094284820E+02     Rho at Nucleus =  1.2094284819E+02
           GradRho =  7.7318984548E-12  1.1739054173E-11  1.8322454665E-11
           HessRho_EigVals = -2.4830335006E+05 -2.4830296578E+05 -2.4830290648E+05
           HessRho_EigVec1 = -2.7298330157E-01  8.8819146178E-01 -3.6958902080E-01
           HessRho_EigVec2 = -9.3429196064E-01 -1.5319927297E-01  3.2191383169E-01
           HessRho_EigVec3 =  2.2930034745E-01  4.3318115147E-01  8.7165098558E-01
           DelSqRho = -7.4490922232E+05
           Bond Ellipticity = NA
           V = -1.8624281831E+05
           G =  7.7563662193E+00
           K =  1.8623506195E+05
           L =  1.8622730558E+05
           Vnuc =  2.2207409795E+07
           Ven = -2.6858273918E+09
           Vrep =  2.6856411490E+09
           DelSqV =  1.1204390705E+10
           DelSqVen =  1.6542492262E+13
           DelSqVrep = -1.6531289969E+13
           DelSqG =  3.8237091149E+08
           DelSqK = -1.1586761617E+10
           Stress_EigVals = -6.2080972572E+04 -6.2080953456E+04 -6.2080892283E+04
           Stress_EigVec1 =  2.6227101107E-01  4.9787352357E-01  8.2664131960E-01
           Stress_EigVec2 = -9.1109090370E-01 -1.5453803239E-01  3.8214050001E-01
           Stress_EigVec3 = -3.1800516026E-01  8.5336976222E-01 -4.1307719251E-01
           -DivStress = -5.5727833662E+01 -6.9519876431E+02 -7.0155395479E+02
           ESP =  -1.4777709650E+01     ESP at Nucleus =  -1.4777709650E+01
           ESPe = -2.3625861236E+01     ESPe at Nucleus = -2.3625861439E+01
           ESPn =  8.8481515862E+00     ESPn at Nucleus =  8.8481517894E+00

CP# 4      Coords = -3.05753512689779E+00 -1.65196420743623E+00 -2.82841714896436E-02
           Type = (3,-3) NACP C4
           Rho =  1.2094952490E+02     Rho at Nucleus =  1.2094952489E+02
           GradRho = -4.4633158280E-11  1.9773793714E-11  2.2277346634E-11
           HessRho_EigVals = -2.4832395144E+05 -2.4832343143E+05 -2.4832334080E+05
           HessRho_EigVec1 =  7.8424263292E-01  5.6181878313E-01  2.6329289323E-01
           HessRho_EigVec2 = -5.2344302191E-01  3.7125926992E-01  7.6692500110E-01
           HessRho_EigVec3 =  3.3312294356E-01 -7.3927410980E-01  5.8523746895E-01
           DelSqRho = -7.4497072367E+05
           Bond Ellipticity = NA
           V = -1.8625820384E+05
           G =  7.7614609511E+00
           K =  1.8625044238E+05
           L =  1.8624268092E+05
           Vnuc =  1.8099751825E+07
           Ven = -2.1891563841E+09
           Vrep =  2.1889701259E+09
           DelSqV =  1.1205330513E+10
           DelSqVen =  1.3483781390E+13
           DelSqVrep = -1.3472576060E+13
           DelSqG =  3.8241297575E+08
           DelSqK = -1.1587743489E+10
           Stress_EigVals = -6.2086116306E+04 -6.2086090273E+04 -6.2085997261E+04
           Stress_EigVec1 =  2.9419967052E-01 -7.1293690987E-01  6.3652770278E-01
           Stress_EigVec2 = -5.6826761282E-01  4.0500370431E-01  7.1627084243E-01
           Stress_EigVec3 =  7.6845199855E-01  5.7244472400E-01  2.8598699950E-01
           -DivStress =  4.2787897518E+02 -9.5989373998E+02 -6.1395562279E+02
           ESP =  -1.4781092146E+01     ESP at Nucleus =  -1.4781092147E+01
           ESPe = -2.3431910178E+01     ESPe at Nucleus = -2.3431910110E+01
           ESPn =  8.6508180318E+00     ESPn at Nucleus =  8.6508179635E+00

CP# 5      Coords = -4.53879201154819E-01 -8.20896870562234E-02  2.61622622247394E+00
           Type = (3,-3) NACP H5
           Rho =  4.5054440101E-01     Rho at Nucleus =  4.4686439051E-01
           GradRho = -5.5489467188E-15  1.2975731600E-15 -3.5528871511E-14
           HessRho_EigVals = -9.1654319675E+00 -9.1589825820E+00 -8.4036168528E+00
           HessRho_EigVec1 =  7.7039584963E-01 -6.2146033167E-01 -1.4239835332E-01
           HessRho_EigVec2 =  6.1817799441E-01  7.8275966927E-01 -7.1716576887E-02
           HessRho_EigVec3 =  1.5603269561E-01 -3.2777375279E-02  9.8720790190E-01
           DelSqRho = -2.6728031402E+01
           Bond Ellipticity = NA
           V = -6.6977219281E+00
           G =  7.8570387714E-03
           K =  6.6898648893E+00
           L =  6.6820078506E+00
           Vnuc =  4.5319779373E+01
           Ven = -2.0418572851E+01
           Vrep =  1.3720850923E+01
           DelSqV =  1.7271965341E+03
           DelSqVen =  1.2113084862E+03
           DelSqVrep =  5.1588804788E+02
           DelSqG =  1.3266281205E+02
           DelSqK = -1.8598593462E+03
           Stress_EigVals = -2.2966095232E+00 -2.2956876799E+00 -2.1054247250E+00
           Stress_EigVec1 =  4.0375749708E-02  9.9882791141E-01  2.6694610446E-02
           Stress_EigVec2 =  9.8696300883E-01 -3.5701830027E-02 -1.5693756254E-01
           Stress_EigVec3 =  1.5580057137E-01 -3.2683064790E-02  9.8724768890E-01
           -DivStress =  2.5233420343E+00 -5.7665531075E-01  1.6038019356E+01
           ESP =  -1.1312285912E+00     ESP at Nucleus =  -1.1322501291E+00
           ESPe = -1.2119003689E+01     ESPe at Nucleus = -1.2043877034E+01
           ESPn =  1.0987775098E+01     ESPn at Nucleus =  1.0911626905E+01

CP# 6      Coords = -2.84310684932023E+00  3.47496062753071E+00  7.29610610341761E-01
           Type = (3,-3) NACP H6
           Rho =  4.3937765825E-01     Rho at Nucleus =  4.3563129496E-01
           GradRho = -3.7816971776E-16 -1.3010426070E-15 -2.1163626407E-16
           HessRho_EigVals = -8.9106564964E+00 -8.9096096097E+00 -8.1557455473E+00
           HessRho_EigVec1 =  2.8860854646E-01  9.2193393945E-01 -2.5834650802E-01
           HessRho_EigVec2 =  5.1095169504E-01  7.9887465115E-02  8.5588922078E-01
           HessRho_EigVec3 =  8.0971196869E-01 -3.7901953012E-01 -4.4800750389E-01
           DelSqRho = -2.5976011653E+01
           Bond Ellipticity = NA
           V = -6.5109861938E+00
           G =  8.4916402141E-03
           K =  6.5024945536E+00
           L =  6.4940029133E+00
           Vnuc =  4.2907123561E+01
           Ven = -1.8852431473E+01
           Vrep =  1.2341445279E+01
           DelSqV =  1.6766197126E+03
           DelSqVen =  1.1145559416E+03
           DelSqVrep =  5.6206377100E+02
           DelSqG =  1.2852770055E+02
           DelSqK = -1.8051474132E+03
           Stress_EigVals = -2.2346322469E+00 -2.2343620839E+00 -2.0419918630E+00
           Stress_EigVec1 =  5.3584064148E-01  7.8807660977E-01  3.0300175589E-01
           Stress_EigVec2 = -2.3894891131E-01  4.8574504830E-01 -8.4080625939E-01
           Stress_EigVec3 =  8.0980134893E-01 -3.7813622569E-01 -4.4859198621E-01
           -DivStress = -1.3086285821E+01  6.1708602575E+00  7.2144484762E+00
           ESP =  -1.1196183809E+00     ESP at Nucleus =  -1.1206709956E+00
           ESPe = -1.0480124157E+01     ESPe at Nucleus = -1.0412320781E+01
           ESPn =  9.3605057765E+00     ESPn at Nucleus =  9.2916497849E+00

CP# 7      Coords = -1.47111876831343E+00  2.83445441418753E+00 -2.19934522490581E+00
           Type = (3,-3) NACP H7
           Rho =  4.3885784516E-01     Rho at Nucleus =  4.3508738126E-01
           GradRho =  1.0309461618E-14 -6.7133798520E-15  8.1772913094E-14
           HessRho_EigVals = -8.9004703987E+00 -8.8980048966E+00 -8.1403302865E+00
           HessRho_EigVec1 = -1.7411966480E-01  9.8119832794E-01  8.3259735596E-02
           HessRho_EigVec2 =  9.7561044163E-01  1.8336733400E-01 -1.2066767172E-01
           HessRho_EigVec3 =  1.3366603348E-01 -6.0218452862E-02  9.8919519279E-01
           DelSqRho = -2.5938805582E+01
           Bond Ellipticity = NA
           V = -6.5013905488E+00
           G =  8.3445766543E-03
           K =  6.4930459721E+00
           L =  6.4847013954E+00
           Vnuc =  4.3221035097E+01
           Ven = -1.8967890328E+01
           Vrep =  1.2466499779E+01
           DelSqV =  1.6737579605E+03
           DelSqVen =  1.1211020264E+03
           DelSqVrep =  5.5265593412E+02
           DelSqG =  1.2830716213E+02
           DelSqK = -1.8020651227E+03
           Stress_EigVals = -2.2317376608E+00 -2.2314088985E+00 -2.0382439895E+00
           Stress_EigVec1 = -1.5177513987E-01  9.8525863673E-01  7.8928611176E-02
           Stress_EigVec2 =  9.7937891810E-01  1.6068036035E-01 -1.2246941082E-01
           Stress_EigVec3 =  1.3334632243E-01 -5.8713205863E-02  9.8932882185E-01
           -DivStress = -2.1426377158E+00  9.7464428864E-01 -1.6036614268E+01
           ESP =  -1.1244609879E+00     ESP at Nucleus =  -1.1255196665E+00
           ESPe = -1.0933200770E+01     ESPe at Nucleus = -1.0867601837E+01
           ESPn =  9.8087397824E+00     ESPn at Nucleus =  9.7420821701E+00

CP# 8      Coords =  3.79191071757531E-01  3.89853287123949E+00  3.13165586203130E-01
           Type = (3,-3) NACP H8
           Rho =  4.4153590901E-01     Rho at Nucleus =  4.3778819861E-01
           GradRho =  2.1337098755E-16 -7.6674777638E-16  1.5092094241E-16
           HessRho_EigVals = -8.9588055769E+00 -8.9571847348E+00 -8.2012758535E+00
           HessRho_EigVec1 =  3.9336544317E-01 -7.4162103173E-01  5.4338004510E-01
           HessRho_EigVec2 = -5.0103013272E-01  3.2263064674E-01  8.0304313203E-01
           HessRho_EigVec3 =  7.7086473148E-01  5.8813919362E-01  2.4466273662E-01
           DelSqRho = -2.6117266165E+01
           Bond Ellipticity = NA
           V = -6.5464912686E+00
           G =  8.5873636682E-03
           K =  6.5379039050E+00
           L =  6.5293165413E+00
           Vnuc =  4.3415418474E+01
           Ven = -1.9169466261E+01
           Vrep =  1.2622974992E+01
           DelSqV =  1.6860964431E+03
           DelSqVen =  1.1338920400E+03
           DelSqVrep =  5.5220440319E+02
           DelSqG =  1.2929606649E+02
           DelSqK = -1.8153925096E+03
           Stress_EigVals = -2.2466096587E+00 -2.2464249509E+00 -2.0534566590E+00
           Stress_EigVec1 = -5.6798175351E-01  8.0839849727E-01 -1.5455936494E-01
           Stress_EigVec2 = -2.8898884849E-01 -2.0049702252E-02  9.5712248688E-01
           Stress_EigVec3 =  7.7063751085E-01  5.8829404132E-01  2.4500601589E-01
           -DivStress =  1.2477453624E+01  9.5745945460E+00  3.9514451699E+00
           ESP =  -1.1228903020E+00     ESP at Nucleus =  -1.1239439594E+00
           ESPe = -1.0906975005E+01     ESPe at Nucleus = -1.0843321088E+01
           ESPn =  9.7840847030E+00     ESPn at Nucleus =  9.7193771289E+00

CP# 9      Coords = -3.40540525246463E+00 -1.62634446156138E+00 -2.02935811683279E+00
           Type = (3,-3) NACP H9
           Rho =  4.3916477701E-01     Rho at Nucleus =  4.3538842300E-01
           GradRho =  1.2387660342E-14  6.5919492087E-17  7.7245501662E-14
           HessRho_EigVals = -8.9070776997E+00 -8.9051578567E+00 -8.1458906566E+00
           HessRho_EigVec1 =  8.4590898410E-01  5.1295757671E-01 -1.4598806499E-01
           HessRho_EigVec2 = -5.0446511292E-01  8.5839879044E-01  9.3093858083E-02
           HessRho_EigVec3 =  1.7306917825E-01 -5.1030452275E-03  9.8489645063E-01
           DelSqRho = -2.5958126213E+01
           Bond Ellipticity = NA
           V = -6.5061811810E+00
           G =  8.3248138658E-03
           K =  6.4978563671E+00
           L =  6.4895315533E+00
           Vnuc =  4.3050136322E+01
           Ven = -1.8906103518E+01
           Vrep =  1.2399922337E+01
           DelSqV =  1.6749748003E+03
           DelSqVen =  1.1175008721E+03
           DelSqVrep =  5.5747392815E+02
           DelSqG =  1.2840864767E+02
           DelSqK = -1.8033834480E+03
           Stress_EigVals = -2.2333658447E+00 -2.2332104539E+00 -2.0396048824E+00
           Stress_EigVec1 =  9.3991947304E-01  3.0026859114E-01 -1.6245047666E-01
           Stress_EigVec2 = -2.9488322447E-01  9.5383845890E-01  5.6886538426E-02
           Stress_EigVec3 =  1.7203275305E-01 -5.5648448472E-03  9.8507551202E-01
           -DivStress = -2.7842485170E+00  3.8081689526E-02 -1.5987029791E+01
           ESP =  -1.1282987179E+00     ESP at Nucleus =  -1.1293574072E+00
           ESPe = -1.0780276504E+01     ESPe at Nucleus = -1.0715272445E+01
           ESPn =  9.6519777865E+00     ESPn at Nucleus =  9.5859150379E+00

CP# 10     Coords = -2.72770363098573E+00 -3.56997867654840E+00  5.40139605538448E-01
           Type = (3,-3) NACP H10
           Rho =  4.4023019960E-01     Rho at Nucleus =  4.3640065151E-01
           GradRho = -8.1323836554E-15  5.3399992761E-14 -1.5334955528E-14
           HessRho_EigVals = -8.9251540439E+00 -8.9227416193E+00 -8.1543849394E+00
           HessRho_EigVec1 =  9.7897890647E-01  1.8858984676E-01  7.7679922677E-02
           HessRho_EigVec2 = -1.2545489251E-01  2.5649083432E-01  9.5837024258E-01
           HessRho_EigVec3 = -1.6081470901E-01  9.4796957842E-01 -2.7475863546E-01
           DelSqRho = -2.6002280603E+01
           Bond Ellipticity = NA
           V = -6.5170584832E+00
           G =  8.2441662733E-03
           K =  6.5088143169E+00
           L =  6.5005701507E+00
           Vnuc =  4.2617199078E+01
           Ven = -1.8761378056E+01
           Vrep =  1.2244319573E+01
           DelSqV =  1.6770962225E+03
           DelSqVen =  1.1081443689E+03
           DelSqVrep =  5.6895185361E+02
           DelSqG =  1.2853701301E+02
           DelSqK = -1.8056332355E+03
           Stress_EigVals = -2.2378266865E+00 -2.2375983425E+00 -2.0416334541E+00
           Stress_EigVec1 =  9.7919478313E-01  1.1948567419E-01 -1.6401448214E-01
           Stress_EigVec2 =  1.2258107665E-01  2.9582853851E-01  9.4734331446E-01
           Stress_EigVec3 = -1.6171411916E-01  9.4773870316E-01 -2.7502707903E-01
           -DivStress =  2.6565734038E+00 -1.5512493900E+01  4.4546994831E+00
           ESP =  -1.1296594106E+00     ESP at Nucleus =  -1.1307377890E+00
           ESPe = -1.0556824031E+01     ESPe at Nucleus = -1.0490256205E+01
           ESPn =  9.4271646202E+00     ESPn at Nucleus =  9.3595184157E+00

CP# 11     Coords = -4.71389443851699E+00 -9.64021629039854E-01  9.22433313211125E-01
           Type = (3,-3) NACP H11
           Rho =  4.4040495395E-01     Rho at Nucleus =  4.3665510825E-01
           GradRho =  1.4380857616E-15 -5.3082538365E-16 -1.0599160438E-15
           HessRho_EigVals = -8.9315042991E+00 -8.9302144519E+00 -8.1751765028E+00
           HessRho_EigVec1 =  5.0119861650E-01  8.0771991469E-01  3.1046495170E-01
           HessRho_EigVec2 =  2.7262646292E-01 -4.8790145035E-01  8.2923276977E-01
           HessRho_EigVec3 =  8.2126412227E-01 -3.3096935532E-01 -4.6474135528E-01
           DelSqRho = -2.6036895254E+01
           Bond Ellipticity = NA
           V = -6.5259681635E+00
           G =  8.3721750030E-03
           K =  6.5175959885E+00
           L =  6.5092238135E+00
           Vnuc =  4.2808617141E+01
           Ven = -1.8853127061E+01
           Vrep =  1.2327158897E+01
           DelSqV =  1.6805774823E+03
           DelSqVen =  1.1146034805E+03
           DelSqVrep =  5.6597400178E+02
           DelSqG =  1.2882470854E+02
           DelSqK = -1.8094021908E+03
           Stress_EigVals = -2.2397114139E+00 -2.2394959783E+00 -2.0467607713E+00
           Stress_EigVec1 = -1.8955673925E-01  6.1022703319E-01 -7.6921467131E-01
           Stress_EigVec2 =  5.3861250665E-01  7.1965059695E-01  4.3817757357E-01
           Stress_EigVec3 =  8.2095359813E-01 -3.3124913021E-01 -4.6509053253E-01
           -DivStress = -1.3333285795E+01  5.3075815699E+00  7.5027899779E+00
           ESP =  -1.1233018836E+00     ESP at Nucleus =  -1.1243547265E+00
           ESPe = -1.0361774764E+01     ESPe at Nucleus = -1.0294811453E+01
           ESPn =  9.2384728807E+00     ESPn at Nucleus =  9.1704567270E+00

CP# 12     Coords =  3.67269676416257E+00 -2.19462268510615E-01  1.51331782364483E-01
           Type = (3,-3) NACP C12
           Rho =  1.2094150953E+02     Rho at Nucleus =  1.2094150777E+02
           GradRho =  4.8557047272E-11 -2.1105339698E-13 -1.5661985597E-12
           HessRho_EigVals = -2.4829477182E+05 -2.4829194159E+05 -2.4829171327E+05
           HessRho_EigVec1 =  8.9664185886E-01  3.1080508357E-01  3.1533090074E-01
           HessRho_EigVec2 = -5.4942181169E-02 -6.2858879984E-01  7.7579473925E-01
           HessRho_EigVec3 = -4.3933442122E-01  7.1293500457E-01  5.4654272074E-01
           DelSqRho = -7.4487842668E+05
           Bond Ellipticity = NA
           V = -1.8623467819E+05
           G =  7.5357612783E+00
           K =  1.8622714243E+05
           L =  1.8621960667E+05
           Vnuc =  1.5947026932E+06
           Ven = -1.9286575097E+08
           Vrep =  1.9267951629E+08
           DelSqV =  1.1203893541E+10
           DelSqVen =  1.1878596280E+12
           DelSqVrep = -1.1766557345E+12
           DelSqG =  3.8234248245E+08
           DelSqK = -1.1586236023E+10
           Stress_EigVals = -6.2078503861E+04 -6.2078441004E+04 -6.2077733328E+04
           Stress_EigVec1 = -4.4165867608E-01  7.3030545827E-01  5.2114446314E-01
           Stress_EigVec2 = -6.9602171770E-02 -6.0700704118E-01  7.9164258958E-01
           Stress_EigVec3 =  8.9447926277E-01  3.1336303160E-01  3.1892077213E-01
           -DivStress =  1.2601464486E+04  4.1613997711E+03  3.7997345610E+03
           ESP =  -1.4727447159E+01     ESP at Nucleus =  -1.4727447195E+01
           ESPe = -2.3534091224E+01     ESPe at Nucleus = -2.3534085592E+01
           ESPn =  8.8066440650E+00     ESPn at Nucleus =  8.8066383967E+00

CP# 13     Coords =  3.86981214958790E+00 -3.38815549274144E-01  2.18222307343572E+00
           Type = (3,-3) NACP H13
           Rho =  4.4356888734E-01     Rho at Nucleus =  4.3983749724E-01
           GradRho = -8.2156503822E-15  3.6706748752E-15 -6.4654878673E-14
           HessRho_EigVals = -8.9964333765E+00 -8.9869809623E+00 -8.2298803369E+00
           HessRho_EigVec1 =  8.6394417762E-01  4.9942458218E-01 -6.4618454545E-02
           HessRho_EigVec2 =  4.9187432842E-01 -8.6438756888E-01 -1.0437325239E-01
           HessRho_EigVec3 =  1.0798195679E-01 -5.8388504766E-02  9.9243673830E-01
           DelSqRho = -2.6213294676E+01
           Bond Ellipticity = NA
           V = -6.5685609084E+00
           G =  7.6186197534E-03
           K =  6.5609422887E+00
           L =  6.5533236689E+00
           Vnuc =  4.3345403561E+01
           Ven = -1.9226672429E+01
           Vrep =  1.2658111520E+01
           DelSqV =  1.6917834090E+03
           DelSqVen =  1.1362258364E+03
           DelSqVrep =  5.5555757267E+02
           DelSqG =  1.2961077743E+02
           DelSqK = -1.8213941865E+03
           Stress_EigVals = -2.2538847381E+00 -2.2531954863E+00 -2.0614806840E+00
           Stress_EigVec1 =  2.2613676485E-01  9.7355364720E-01  3.2487837773E-02
           Stress_EigVec2 =  9.6808178769E-01 -2.2091534587E-01 -1.1838100485E-01
           Stress_EigVec3 =  1.0807319711E-01 -5.8221181526E-02  9.9243663681E-01
           -DivStress =  1.7590938161E+00 -9.8250482996E-01  1.6076045430E+01
           ESP =  -1.1223529152E+00     ESP at Nucleus =  -1.1233870916E+00
           ESPe = -1.0708484425E+01     ESPe at Nucleus = -1.0643277893E+01
           ESPn =  9.5861315100E+00     ESPn at Nucleus =  9.5198908011E+00

CP# 14     Coords =  4.00231202783870E+00  1.71151996165752E+00 -4.17401384204526E-01
           Type = (3,-3) NACP H14
           Rho =  4.4575208091E-01     Rho at Nucleus =  4.4197468745E-01
           GradRho = -8.9598467534E-15 -3.2792345228E-14  9.6034291630E-15
           HessRho_EigVals = -9.0401395872E+00 -9.0304725567E+00 -8.2646264548E+00
           HessRho_EigVec1 =  8.5907187095E-01 -5.9465720379E-03  5.1182043611E-01
           HessRho_EigVec2 = -4.8174331906E-01  3.2851319285E-01  8.1240535244E-01
           HessRho_EigVec3 =  1.7297079258E-01  9.4448066174E-01 -2.7935172186E-01
           DelSqRho = -2.6335238599E+01
           Bond Ellipticity = NA
           V = -6.5992680999E+00
           G =  7.7292251213E-03
           K =  6.5915388748E+00
           L =  6.5838096497E+00
           Vnuc =  4.3331300000E+01
           Ven = -1.9315017143E+01
           Vrep =  1.2715749043E+01
           DelSqV =  1.6992162299E+03
           DelSqVen =  1.1411401243E+03
           DelSqVrep =  5.5807610560E+02
           DelSqG =  1.3018489118E+02
           DelSqK = -1.8294011211E+03
           Stress_EigVals = -2.2647108960E+00 -2.2644169898E+00 -2.0701402142E+00
           Stress_EigVec1 =  1.1876607485E-01  2.6159820055E-01  9.5784184547E-01
           Stress_EigVec2 =  9.7760832858E-01 -1.9957904091E-01 -6.6709536920E-02
           Stress_EigVec3 =  1.7371406204E-01  9.4431699545E-01 -2.7944379891E-01
           -DivStress =  2.8056263151E+00  1.5421930199E+01 -4.6149241594E+00
           ESP =  -1.1254832827E+00     ESP at Nucleus =  -1.1265319239E+00
           ESPe = -1.0828395146E+01     ESPe at Nucleus = -1.0764907492E+01
           ESPn =  9.7029118631E+00     ESPn at Nucleus =  9.6383755685E+00

CP# 15     Coords =  5.08252976700239E+00 -1.39093492176032E+00 -7.10573901027897E-01
           Type = (3,-3) NACP H15
           Rho =  4.4575627745E-01     Rho at Nucleus =  4.4173178288E-01
           GradRho = -1.5064101268E-09  1.2450370058E-09  9.1480981471E-10
           HessRho_EigVals = -9.0232656849E+00 -9.0134818417E+00 -8.2095156664E+00
           HessRho_EigVec1 =  7.1458749547E-01  5.6600449575E-01  4.1110050122E-01
           HessRho_EigVec2 =  2.7499090369E-03 -5.8993576971E-01  8.0744549390E-01
           HessRho_EigVec3 =  6.9954067023E-01 -5.7585996423E-01 -4.2311718504E-01
           DelSqRho = -2.6246263193E+01
           Bond Ellipticity = NA
           V = -6.5758765710E+00
           G =  7.1553863734E-03
           K =  6.5687211846E+00
           L =  6.5615657983E+00
           Vnuc =  4.1554834205E+01
           Ven = -1.8523328205E+01
           Vrep =  1.1947451634E+01
           DelSqV =  1.6895971325E+03
           DelSqVen =  1.0906591201E+03
           DelSqVrep =  5.9893801246E+02
           DelSqG =  1.2931101637E+02
           DelSqK = -1.8189081489E+03
           Stress_EigVals = -2.2604637965E+00 -2.2599818811E+00 -2.0554308935E+00
           Stress_EigVec1 = -3.0702965670E-01 -7.7756776736E-01  5.4874507476E-01
           Stress_EigVec2 =  6.4400665857E-01  2.5477811147E-01  7.2134841625E-01
           Stress_EigVec3 =  7.0070551134E-01 -5.7487083861E-01 -4.2253438357E-01
           -DivStress =  1.1756115938E+01 -9.7211359412E+00 -7.1434961008E+00
           ESP =  -1.1213014539E+00     ESP at Nucleus =  -1.1224379975E+00
           ESPe = -1.0166140315E+01     ESPe at Nucleus = -1.0093808638E+01
           ESPn =  9.0448388612E+00     ESPn at Nucleus =  8.9713706405E+00

CP# 16     Coords = -3.90746868168633E-02 -3.77614420794770E-01  1.85499612183148E-01
           Type = (3,-1) BCP O2 C1
           Rho =  2.6264450199E-01
           GradRho = -1.3044426650E-13  5.8715185491E-14  6.9791394885E-14
           HessRho_EigVals = -5.0531651880E-01 -4.8923995813E-01  4.7486662401E-01
           HessRho_EigVec1 =  5.4360642659E-01  8.0991522122E-01  2.2029386603E-01
           HessRho_EigVec2 =  2.8716846378E-01 -4.2608843765E-01  8.5789446712E-01
           HessRho_EigVec3 =  7.8868645632E-01 -4.0309549457E-01 -4.6420652287E-01
           DelSqRho = -5.1968985292E-01
           Bond Ellipticity =  3.2860277254E-02
           V = -6.0840996919E-01
           G =  2.3924375298E-01
           K =  3.6916621621E-01
           L =  1.2992246323E-01
           Vnuc =  1.8665574851E+01
           Ven = -4.9024106110E+00
           Vrep =  4.2940006418E+00
           DelSqV = -5.4342114924E+00
           DelSqVen =  9.7003098488E+00
           DelSqVrep = -1.5134521341E+01
           DelSqG =  7.9722228652E+00
           DelSqK = -2.5380113728E+00
           Stress_EigVals = -2.9400183285E-01 -2.8849243672E-01 -2.5915699629E-02
           Stress_EigVec1 =  2.4768302245E-01 -4.5558151603E-01  8.5504304140E-01
           Stress_EigVec2 =  5.4228506970E-01  7.9653385199E-01  2.6732139050E-01
           Stress_EigVec3 =  8.0285741173E-01 -3.9746610534E-01 -4.4434296612E-01
           -DivStress = -6.6290742119E-01  3.1855783781E-01  3.6316554844E-01
           ESP =   1.5304656460E+00
           ESPe = -1.7135109205E+01
           ESPn =  1.8665574851E+01
           BPL =  2.6791141688E+00 =  1.7512262958E+00 +  9.2788787307E-01                
           GBL_I =  2.6775456798E+00                                                      
           GBL_II =  2.6775529882E+00                                                     
