AIMSum (Version 19.10.12, Professional)
Copyright (c) 1997-2019 by Todd A. Keith
AIMSum is a component of the AIMAll package ( http://aim.tkgristmill.com )

TP:  64-bit Mac OS X

Much of the Quantum Theory of Atoms in Molecules (QTAIM) is described in the book:
  "Atoms in Molecules - A Quantum Theory"
  R.F.W. Bader, Oxford University Press, Oxford, 1990

For additional references see:  http://aim.tkgristmill.com/references.html

Wfx File:  /Users/chemlab/Documents/SubstituentCoding/New Reorientation Test/SubC6H5_OPH2O-ReorPosY-B3LYP-def2-TZVPPD-Field.wfx
Sum File:  /Users/chemlab/Documents/SubstituentCoding/New Reorientation Test/SubC6H5_OPH2O-ReorPosY-B3LYP-def2-TZVPPD-Field.sum

SumViz File:  /Users/chemlab/Documents/SubstituentCoding/New Reorientation Test/SubC6H5_OPH2O-ReorPosY-B3LYP-def2-TZVPPD-Field.sumviz

Wfx Title:   SubC6H5_OPH2O-ReorPosY-B3LYP-def2-TZVPPD-Field.chk                            
 
Total memory allocated for AIMSum =        0.916 Megabytes

Atomic units (a.u.) used throughout, except where stated otherwise

Model:  Restricted SCF
 
Restricted, closed-shell, single-determinant wavefunction.
  Number of electrons (from MO Occs)                   =          74.0000000000
  Number of Alpha electrons (from MO Occs)             =          37.0000000000
  Number of Beta electrons (from MO Occs)              =          37.0000000000
  Number of electron pairs (N*(N-1)/2)                 =        2701.0000000000
  Number of electron pairs (from Muller 2EDM)          =        2701.0000000000
 
Nuclear Charges and Cartesian Coordinates:
-------------------------------------------------------------------------------
Atom      Charge                X                  Y                  Z
-------------------------------------------------------------------------------
O1         8.0           0.0000000000E+00   0.0000000000E+00   0.0000000000E+00
C2         6.0          -2.6356814912E+00   0.0000000000E+00   0.0000000000E+00
P3        15.0           1.7126853449E+00   2.5113700864E+00   0.0000000000E+00
H4         1.0           4.0315829194E+00   1.3415413108E+00  -5.2816901981E-01
H5         1.0           9.9489081698E-01   3.7046189105E+00  -2.2698190616E+00
O6         8.0           1.6593574865E+00   4.1711117347E+00   2.2252373228E+00
C7         6.0          -3.8192678216E+00  -1.7320510999E+00  -1.5765588355E+00
C8         6.0          -4.0192679392E+00   1.5947777952E+00   1.5620093276E+00
C9         6.0          -6.4408587818E+00  -1.8604937531E+00  -1.5981954586E+00
H10        1.0          -2.6832853621E+00  -2.9561155908E+00  -2.7532592312E+00
C11        6.0          -6.6444764375E+00   1.4520630062E+00   1.5059258036E+00
H12        1.0          -3.0560966605E+00   2.9023225804E+00   2.7998521980E+00
C13        6.0          -7.8608549151E+00  -2.6698365554E-01  -6.3064843896E-02
H14        1.0          -7.3721211709E+00  -3.2086313682E+00  -2.8206281540E+00
H15        1.0          -7.7353379447E+00   2.6892991482E+00   2.7134392723E+00
H16        1.0          -9.9016539083E+00  -3.7080585530E-01  -8.5601106520E-02
 
Some Atomic Properties:
----------------------
  q(A) = Net Charge of Atom A
  L(A) = Lagrangian of Atom A = -(1/4) Times Atomic Integral of the Laplacian of the Electron Density
  K(A) = Electronic Kinetic Energy of Atom A (Hamiltonian Form)
  K_Scaled(A) = K(A) * E(Mol)/K(Mol) = Approximation to Virial-Based Total Energy of Atom A.
  |Mu_Intra(A)| = Magnitude of Intraatomic Dipole Moment of Atom A
--------------------------------------------------------------------------------------------------
Atom A          q(A)              L(A)              K(A)          K_Scaled(A)      |Mu_Intra(A)|
--------------------------------------------------------------------------------------------------
O1       -1.3512300550E+00  9.1018344784E-05  7.5688415888E+01 -7.5959392908E+01  4.8418866963E-01
C2        4.2617836060E-01 -8.2943260723E-05  3.7650371242E+01 -3.7785165785E+01  6.6307100102E-01
P3        3.3496366120E+00 -4.2650951446E-04  3.3915862461E+02 -3.4037286846E+02  2.9182367865E-01
H4       -5.5433879390E-01  2.4599380898E-05  8.3408574311E-01 -8.3707190773E-01  3.5177180434E-01
H5       -5.5773858910E-01  2.1970209305E-05  8.2780078766E-01 -8.3076445111E-01  3.3492885890E-01
O6       -1.4826886184E+00  1.9705586593E-05  7.5616268738E+01 -7.5886987461E+01  8.2562156074E-01
C7        1.4903016400E-02  4.4296229080E-05  3.7894694662E+01 -3.8030363923E+01  1.5958416143E-01
C8        3.7539543000E-03  3.3190005871E-04  3.7897344433E+01 -3.8033023181E+01  1.8483347762E-01
C9        5.0191470000E-03  1.7354898110E-05  3.7884547452E+01 -3.8020180385E+01  1.0341356148E-01
H10       3.0028037680E-02  2.6438381930E-05  6.1198108723E-01 -6.1417208053E-01  1.3507157154E-01
C11       6.2391722000E-03 -1.4854187429E-04  3.7884148956E+01 -3.8019780461E+01  1.0166693695E-01
H12       6.3474750960E-02  8.2263229435E-06  6.0125546906E-01 -6.0340806287E-01  1.1897640759E-01
C13      -3.5025000000E-05 -9.9700439590E-05  3.7886054543E+01 -3.8021692871E+01  1.0744566348E-01
H14       1.5366641820E-02  2.3318585559E-05  6.1968112212E-01 -6.2189968281E-01  1.3582289941E-01
H15       1.8503365340E-02  2.1171544497E-05  6.1866437952E-01 -6.2087930011E-01  1.3511413954E-01
H16       1.2610403320E-02  1.8653157403E-05  6.2038953859E-01 -6.2261063553E-01  1.3681727546E-01
--------------------------------------------------------------------------------------------------
Total    -3.1761978000E-04 -1.0904238925E-04  7.2229432865E+02 -7.2488026156E+02
 
1st Largest |L(A)| = 4.2650951446E-04, atom P3      
2nd Largest |L(A)| = 3.3190005871E-04, atom C8      
 
Molecular charge q(Mol) from the wfx file:   0.0000000000E+00
Molecular energy E(Mol) from the wfx file:  -7.2488008882E+02
Molecular virial ratio (-V(Mol)/T(Mol)) from the wfx file:   2.0035801650E+00
Note.  K_Scaled(A) = (1+V(Mol)/T(Mol))*K(A) = (E(Mol)/T(Mol))*K(A)
       Only use K_Scaled(A) data with caution.
 
N_AIMInt(SumA)     =         74.000318
N_Analytic(Mol)    =         74.000000
 
G_AIMInt(SumA)     =        722.294438
G_Analytic(Mol)    =        722.294157
 
K_AIMInt(SumA)     =        722.294329
K_Analytic(Mol)    =        722.294157
 
L_AIMInt(SumA)     =         -0.000109
L_Analytic(Mol)    =          0.000000
 
VenT_AIMInt(SumA)  =      -2720.690884
VenT_Analytic(Mol) =      -2720.684632
 
Some Information About the Atomic Calculations:
----------------------------------------------
  Time(sec) = "Elapsed User Time", in Seconds, for Atom A by AIMInt and, if used, by TWOe
  NProc = Number of Processors Used for AIMInt Job
  BIM = Basin Integration Method
  OAQ = Angular Quadrature Outside of Beta Sphere
  ORQ = Multiple of Default for Radial Quadrature Outside of Beta Sphere
  IAQ = Multiple of Default for Angular Quadrature Inside of Beta Sphere
  IRQ = Multiple of Default for Radial Quadrature Inside of Beta Sphere
  MIR = Maximum Integration Radius
------------------------------------------------------------------------------------------------------
Atom A     Time(sec)   NProc      BIM          OAQ                     ORQ      IAQ      IRQ      MIR
------------------------------------------------------------------------------------------------------
O1             83        2     Proaim(5)    4500(GS4)                  1.00     1.00     1.00    13.00
C2            241        2    Promega(1)    4500(GS4)                  1.00     1.00     1.00    13.00
P3            666        2    Promega(5)    5400(GS5)                  1.00     1.00     1.00    13.00
H4             56        2     Proaim(5)    1800(GS4)                  1.00     1.00     1.00    13.00
H5             55        2     Proaim(5)    1800(GS4)                  1.00     1.00     1.00    13.00
O6            236        2    Promega(1)    2700(GS4)                  1.00     1.00     1.00    13.00
C7            110        2     Proaim(5)    4500(GS4)                  1.00     1.00     1.00    13.00
C8            245        2    Promega(1)    4500(GS4)                  1.00     1.00     1.00    13.00
C9             91        2     Proaim(5)    4500(GS4)                  1.00     1.00     1.00    13.00
H10            47        2     Proaim(5)    1800(GS4)                  1.00     1.00     1.00    13.00
C11            91        2     Proaim(5)    4500(GS4)                  1.00     1.00     1.00    13.00
H12           121        2    Promega(1)    1800(GS4)                  1.00     1.00     1.00    13.00
C13           102        2     Proaim(5)    4500(GS4)                  1.00     1.00     1.00    13.00
H14            44        2     Proaim(5)    1800(GS4)                  1.00     1.00     1.00    13.00
H15            45        2     Proaim(5)    1800(GS4)                  1.00     1.00     1.00    13.00
H16            37        2     Proaim(5)    1800(GS4)                  1.00     1.00     1.00    13.00
------------------------------------------------------------------------------------------------------
Total        2270
Note:  Total wall clock time is less than total of atomic times if more than one atom
       was calculated at a time
 
Electron Density Critical Point Analysis of Molecular Structure:               
---------------------------------------------------------------                
  NACP = Nuclear Attractor Critical Point                                      
  NNACP = Non-Nuclear Attractor Critical Point                                 
  BCP = Bond Critical Point                                                    
  RCP = Ring Critical Point                                                    
  CCP = Cage Critical Point                                                    
  Rho = Electron Density                                                       
  GradRho = Gradient of Electron Density                                       
  HessRho_EigVals = Eigenvalues of the Hessian of Rho, Ascending Order         
  HessRho_EigVecs = Eigenvectors of the Hessian of Rho                         
  DelSqRho = Laplacian of Rho = Trace of Hessian of Rho                        
  Bond Ellipticity = (HessRho_EigVal(1) / HessRho_EigVal(2)) - 1               
  V = Virial Field = Potential Energy Density = Trace of Stress Tensor         
  G = Lagrangian Form of Kinetic Energy Density                                
  K = Hamiltonian Form of Kinetic Energy Density                               
  L = K - G = Lagrangian Density = (-1/4)DelSqRho                              
  Vnuc = Electrostatic Potential from Nuclei                                   
  Ven = Electron-nuclear attractive contribution to Virial Field V             
  Vrep = V - Ven = Repulsive contribution to Virial Field V                    
  DelSqV = Laplacian of V                                                      
  DelSqVen = Laplacian of Ven                                                  
  DelSqVrep = Laplacian of Vrep                                                
  DelSqG = Laplacian of G                                                      
  DelSqK = Laplacian of K                                                      
  Stress_EigVals = Eigenvalues of Stress Tensor, Ascending Order               
  Stress_EigVecs = Eigenvectors of Stress Tensor                               
  -DivStress = Ehrenfest Force Density = Minus Divergence of Stress Tensor     
  ESP = Total Electrostatic Potential                                          
  ESPe = Electrostatic Potential from Electrons                                
  ESPn = Electrostatic Potential from Nuclei                                   
  BP = Bond Path                                                               
  BPL = Bond Path Length                                                       
  GBL = Geometric Bond Length                                                  
  GBL_I = Distance Between Nuclear Attractors                                  
  GBL_II = Distance Between Nuclei                                             
  GBL_III = Sum of Distances Between BCP and Nuclear Attractors                
  GBL_IV = Sum of Distances Between BCP and Nuclei                             

CP# 1      Coords = -2.88667387467296E-06  3.88001047331115E-06  7.24579369761416E-08
           Type = (3,-3) NACP O1
           Rho =  3.0126455959E+02     Rho at Nucleus =  3.0126454204E+02
           GradRho = -9.7699626167E-15  7.8825834748E-15 -5.5511151231E-16
           HessRho_EigVals = -1.5008110979E+06 -1.5007851642E+06 -1.5007761984E+06
           HessRho_EigVec1 =  9.3351020849E-01  3.5847304345E-01 -7.4677813529E-03
           HessRho_EigVec2 = -3.5760574744E-01  9.2933647094E-01 -9.1933961008E-02
           HessRho_EigVec3 = -2.6015765231E-02  8.8491812641E-02  9.9573710338E-01
           DelSqRho = -4.5023724606E+06
           Bond Ellipticity = NA
           V = -1.1257474837E+06
           G =  7.7184300588E+01
           K =  1.1256702994E+06
           L =  1.1255931151E+06
           Vnuc =  1.6540725454E+06
           Ven = -4.9831343694E+08
           Vrep =  4.9718768945E+08
           DelSqV =  2.1939343985E+11
           DelSqVen =  7.4472506573E+12
           DelSqVrep = -7.2278572174E+12
           DelSqG =  5.6091894669E+09
           DelSqK = -2.2500262932E+11
           Stress_EigVals = -3.7525283165E+05 -3.7525003753E+05 -3.7524461455E+05
           Stress_EigVec1 = -1.6404052635E-02  7.0528667873E-02  9.9737486136E-01
           Stress_EigVec2 = -3.1939113238E-01  9.4487845189E-01 -7.2069519943E-02
           Stress_EigVec3 =  9.4748098219E-01  3.1973491857E-01 -7.0263952382E-03
           -DivStress =  2.0864713000E+05 -2.8045823569E+05 -5.2366121667E+03
           ESP =  -2.2301655967E+01     ESP at Nucleus =  -2.2301656121E+01
           ESPe = -3.7444287647E+01     ESPe at Nucleus = -3.7444279448E+01
           ESPn =  1.5142631680E+01     ESPn at Nucleus =  1.5142623327E+01

CP# 2      Coords = -2.63567625072231E+00  1.97992620517854E-07  5.33881860813728E-08
           Type = (3,-3) NACP C2
           Rho =  1.2204935103E+02     Rho at Nucleus =  1.2204934659E+02
           GradRho =  1.6254376317E-11  2.1510571102E-16 -4.0245584643E-16
           HessRho_EigVals = -3.2272406350E+05 -3.2272237568E+05 -3.2271948117E+05
           HessRho_EigVec1 =  9.9902509690E-01  9.8803230880E-03  4.3025980305E-02
           HessRho_EigVec2 = -2.4797107779E-02 -6.8075370371E-01  7.3209254766E-01
           HessRho_EigVec3 = -3.6523406350E-02  7.3244574823E-01  6.7984503137E-01
           DelSqRho = -9.6816592035E+05
           Bond Ellipticity = NA
           V = -2.4205904852E+05
           G =  8.7842172597E+00
           K =  2.4205026431E+05
           L =  2.4204148009E+05
           Vnuc =  1.1440696879E+06
           Ven = -1.3963296294E+08
           Vrep =  1.3939090389E+08
           DelSqV =  2.3747088008E+10
           DelSqVen =  1.1076492810E+12
           DelSqVrep = -1.0839021951E+12
           DelSqG =  6.4014655365E+08
           DelSqK = -2.4387234562E+10
           Stress_EigVals = -8.0687160086E+04 -8.0686080013E+04 -8.0685808424E+04
           Stress_EigVec1 = -3.5247677115E-02  7.3222934006E-01  6.8014542181E-01
           Stress_EigVec2 = -7.2642374754E-02 -6.8064524372E-01  7.2900283785E-01
           Stress_EigVec3 =  9.9673501325E-01 -2.3711721974E-02  7.7182041907E-02
           -DivStress = -4.0971995526E+04 -1.5469692306E+03 -4.1700861354E+02
           ESP =  -1.4688406341E+01     ESP at Nucleus =  -1.4688406456E+01
           ESPe = -3.1601805023E+01     ESPe at Nucleus = -3.1601804019E+01
           ESPn =  1.6913398682E+01     ESPn at Nucleus =  1.6913397563E+01

CP# 3      Coords =  1.71268520148774E+00  2.51136988886654E+00  2.07530984932774E-08
           Type = (3,-3) NACP P3
           Rho =  2.1030767650E+03     Rho at Nucleus =  2.1030767642E+03
           GradRho = -1.6834437178E-09  1.1925317400E-09  1.1754486273E-14
           HessRho_EigVals = -2.7248815361E+07 -2.7248749358E+07 -2.7248725270E+07
           HessRho_EigVec1 =  6.2967521783E-01  7.3800735205E-01 -2.4259898676E-01
           HessRho_EigVec2 =  7.4798417726E-01 -4.9160367854E-01  4.4592095017E-01
           HessRho_EigVec3 = -2.0983038536E-01  4.6224557495E-01  8.6156847541E-01
           DelSqRho = -8.1746289989E+07
           Bond Ellipticity = NA
           V = -2.0449484383E+07
           G =  6.4559428615E+03
           K =  2.0443028440E+07
           L =  2.0436572497E+07
           Vnuc =  6.1231301779E+07
           Ven = -1.2877412806E+11
           Vrep =  1.2875367858E+11
           DelSqV =  7.8188233289E+12
           DelSqVen =  5.0054297803E+15
           DelSqVrep = -4.9976109569E+15
           DelSqG =  2.6497009995E+11
           DelSqK = -8.0837934289E+12
           Stress_EigVals = -6.8165038633E+06 -6.8164983441E+06 -6.8164821758E+06
           Stress_EigVec1 = -2.1053387611E-01  4.6401492593E-01  8.6044502179E-01
           Stress_EigVec2 =  7.4618964912E-01 -4.9235595005E-01  4.4809220702E-01
           Stress_EigVec3 =  6.3156669842E-01  7.3639375809E-01 -2.4258552817E-01
           -DivStress =  3.6654878663E+05  5.0423500766E+05 -5.3571432685E+04
           ESP =  -5.4072815595E+01     ESP at Nucleus =  -5.4072815598E+01
           ESPe = -6.5901577236E+01     ESPe at Nucleus = -6.5901576985E+01
           ESPn =  1.1828761640E+01     ESPn at Nucleus =  1.1828761387E+01

CP# 4      Coords =  4.01124769281415E+00  1.35161156431135E+00 -5.23885878787576E-01
           Type = (3,-3) NACP H4
           Rho =  4.1961871070E-01     Rho at Nucleus =  4.1738260552E-01
           GradRho = -8.8970579671E-13  4.3886344421E-13  1.8759202875E-13
           HessRho_EigVals = -8.6900569026E+00 -8.6846525882E+00 -8.2239095878E+00
           HessRho_EigVec1 =  4.4266828345E-01  5.9936942659E-01  6.6693409067E-01
           HessRho_EigVec2 =  1.7698633165E-01  6.7074240362E-01 -7.2026416432E-01
           HessRho_EigVec3 =  8.7904529419E-01 -4.3687631941E-01 -1.9083619234E-01
           DelSqRho = -2.5598619079E+01
           Bond Ellipticity = NA
           V = -6.4053475951E+00
           G =  2.8464127196E-03
           K =  6.4025011824E+00
           L =  6.3996547696E+00
           Vnuc =  5.7261773925E+01
           Ven = -2.4028111746E+01
           Vrep =  1.7622764151E+01
           DelSqV =  1.6808157219E+03
           DelSqVen =  1.4658223385E+03
           DelSqVrep =  2.1499338346E+02
           DelSqG =  1.3035002993E+02
           DelSqK = -1.8111657518E+03
           Stress_EigVals = -2.1740735182E+00 -2.1723778532E+00 -2.0588962238E+00
           Stress_EigVec1 =  4.2956029733E-01  5.6584814283E-01  7.0377114904E-01
           Stress_EigVec2 =  1.9782576009E-01  7.0144182718E-01 -6.8472208357E-01
           Stress_EigVec3 =  8.8110324004E-01 -4.3335348429E-01 -1.8937222089E-01
           -DivStress =  1.0921216999E+01 -5.4074812826E+00 -2.2996423503E+00
           ESP =  -1.0686781986E+00     ESP at Nucleus =  -1.0692846380E+00
           ESPe = -1.5026884509E+01     ESPe at Nucleus = -1.4953352340E+01
           ESPn =  1.3958206310E+01     ESPn at Nucleus =  1.3884067702E+01

CP# 5      Coords =  1.00104038980601E+00  3.69413335973165E+00 -2.25074063000468E+00
           Type = (3,-3) NACP H5
           Rho =  4.1750298433E-01     Rho at Nucleus =  4.1536563706E-01
           GradRho =  2.9529601420E-15 -3.8745048836E-15  7.9107727313E-15
           HessRho_EigVals = -8.6479910895E+00 -8.6407213570E+00 -8.1979659492E+00
           HessRho_EigVec1 = -6.1116696669E-02  8.6930404057E-01  4.9048469339E-01
           HessRho_EigVec2 = -9.6073005450E-01 -1.8449147078E-01  2.0726953369E-01
           HessRho_EigVec3 =  2.7067048560E-01 -4.5855575699E-01  8.4644202752E-01
           DelSqRho = -2.5486678396E+01
           Bond Ellipticity = NA
           V = -6.3779773265E+00
           G =  3.1538637815E-03
           K =  6.3748234627E+00
           L =  6.3716695989E+00
           Vnuc =  5.8960702795E+01
           Ven = -2.4616269375E+01
           Vrep =  1.8238292048E+01
           DelSqV =  1.6747378167E+03
           DelSqVen =  1.5027124701E+03
           DelSqVrep =  1.7202534662E+02
           DelSqG =  1.2987052914E+02
           DelSqK = -1.8046083459E+03
           Stress_EigVals = -2.1637319094E+00 -2.1614840544E+00 -2.0527613627E+00
           Stress_EigVec1 = -2.3862290812E-02  8.7471555138E-01  4.8404885626E-01
           Stress_EigVec2 = -9.6245275337E-01 -1.5106105011E-01  2.2553327176E-01
           Stress_EigVec3 =  2.7039838870E-01 -4.6049241396E-01  8.4547705355E-01
           -DivStress = -3.2882485348E+00  5.6070902715E+00 -1.0199975287E+01
           ESP =  -1.0711470083E+00     ESP at Nucleus =  -1.0717237614E+00
           ESPe = -1.5826907181E+01     ESPe at Nucleus = -1.5759032186E+01
           ESPn =  1.4755760173E+01     ESPn at Nucleus =  1.4687308425E+01

CP# 6      Coords =  1.65935752188252E+00  4.17110855956103E+00  2.22523312203381E+00
           Type = (3,-3) NACP O6
           Rho =  3.0175229246E+02     Rho at Nucleus =  3.0175227161E+02
           GradRho =  1.6620392042E-10  6.3160311183E-10 -2.6471311254E-11
           HessRho_EigVals = -1.5032967520E+06 -1.5032886979E+06 -1.5032842120E+06
           HessRho_EigVec1 =  1.8365880260E-02  6.3046728696E-01  7.7599851451E-01
           HessRho_EigVec2 =  7.5379796204E-01  5.0115502284E-01 -4.2500855934E-01
           HessRho_EigVec3 =  6.5684954660E-01 -5.9275175509E-01  4.6604080290E-01
           DelSqRho = -4.5098696619E+06
           Bond Ellipticity = NA
           V = -1.1276184492E+06
           G =  7.5516861780E+01
           K =  1.1275429323E+06
           L =  1.1274674155E+06
           Vnuc =  1.5192422597E+06
           Ven = -4.5843483466E+08
           Vrep =  4.5730721621E+08
           DelSqV =  2.1975799149E+11
           DelSqVen =  6.8515845796E+12
           DelSqVrep = -6.6318265881E+12
           DelSqG =  5.6188130159E+09
           DelSqK = -2.2537680451E+11
           Stress_EigVals = -3.7587440977E+05 -3.7587330608E+05 -3.7587073334E+05
           Stress_EigVec1 =  6.5997631697E-01 -5.9188291733E-01  4.6271575856E-01
           Stress_EigVec2 =  7.5115581056E-01  5.0837287862E-01 -4.2109614645E-01
           Stress_EigVec3 =  1.4007473474E-02  6.2548511451E-01  7.8011035259E-01
           -DivStress = -2.5665118090E+03  2.2988265759E+05  3.0413924312E+05
           ESP =  -2.2398780816E+01     ESP at Nucleus =  -2.2398780986E+01
           ESPe = -3.4771025105E+01     ESPe at Nucleus = -3.4771011625E+01
           ESPn =  1.2372244289E+01     ESPn at Nucleus =  1.2372230639E+01

CP# 7      Coords = -3.81926750576891E+00 -1.73205104962113E+00 -1.57655876004965E+00
           Type = (3,-3) NACP C7
           Rho =  1.2205990030E+02     Rho at Nucleus =  1.2205990028E+02
           GradRho =  4.7561986250E-11 -1.1359441165E-11 -1.1827185065E-11
           HessRho_EigVals = -3.2274994619E+05 -3.2274774451E+05 -3.2274737114E+05
           HessRho_EigVec1 =  3.1773618198E-02 -6.7089095639E-01  7.4087499743E-01
           HessRho_EigVec2 =  7.0962129017E-02  7.4089289061E-01  6.6786383409E-01
           HessRho_EigVec3 =  9.9697282482E-01 -3.1353616681E-02 -7.1148698436E-02
           DelSqRho = -9.6824506184E+05
           Bond Ellipticity = NA
           V = -2.4207948853E+05
           G =  9.1115319630E+00
           K =  2.4207037699E+05
           L =  2.4206126546E+05
           Vnuc =  1.8259826939E+07
           Ven = -2.2287926557E+09
           Vrep =  2.2285505763E+09
           DelSqV =  2.3749064910E+10
           DelSqVen =  1.7679987507E+13
           DelSqVrep = -1.7656242637E+13
           DelSqG =  6.4019807661E+08
           DelSqK = -2.4389262986E+10
           Stress_EigVals = -8.0693526528E+04 -8.0693375939E+04 -8.0692586058E+04
           Stress_EigVec1 =  9.7978647804E-01  1.6576703325E-01  1.1198101686E-01
           Stress_EigVec2 = -1.9782514559E-01  7.1969829796E-01  6.6550700348E-01
           Stress_EigVec3 =  2.9726574340E-02 -6.7420742402E-01  7.3794354810E-01
           -DivStress = -2.4691649283E+03 -3.9308414769E+02 -5.8997503436E+02
           ESP =  -1.4757136983E+01     ESP at Nucleus =  -1.4757136984E+01
           ESPe = -2.9320899180E+01     ESPe at Nucleus = -2.9320899088E+01
           ESPn =  1.4563762197E+01     ESPn at Nucleus =  1.4563762105E+01

CP# 8      Coords = -4.01926766273783E+00  1.59477761931400E+00  1.56200891761826E+00
           Type = (3,-3) NACP C8
           Rho =  1.2205841902E+02     Rho at Nucleus =  1.2205841897E+02
           GradRho =  3.2856311552E-10 -1.0914479043E-10 -3.0155390685E-10
           HessRho_EigVals = -3.2274645317E+05 -3.2274413062E+05 -3.2274368921E+05
           HessRho_EigVec1 = -3.7891131146E-03 -6.7893733205E-01  7.3418644892E-01
           HessRho_EigVec2 = -5.5952032867E-01  6.0994774001E-01  5.6116018770E-01
           HessRho_EigVec3 =  8.2880796595E-01  4.0866594378E-01  3.8219040016E-01
           DelSqRho = -9.6823427299E+05
           Bond Ellipticity = NA
           V = -2.4207678836E+05
           G =  9.1100540499E+00
           K =  2.4206767830E+05
           L =  2.4205856825E+05
           Vnuc =  1.1432651127E+07
           Ven = -1.3954513218E+09
           Vrep =  1.3952092450E+09
           DelSqV =  2.3748801238E+10
           DelSqVen =  1.1069483385E+13
           DelSqVrep = -1.1045735108E+13
           DelSqG =  6.4019159171E+08
           DelSqK = -2.4388992829E+10
           Stress_EigVals = -8.0692618130E+04 -8.0692509652E+04 -8.0691660573E+04
           Stress_EigVec1 =  9.7192475993E-01  1.7451341647E-01  1.5782055790E-01
           Stress_EigVec2 = -2.3525630076E-01  7.0909570680E-01  6.6470877198E-01
           Stress_EigVec3 =  4.0907187065E-03 -6.8317519427E-01  7.3024305540E-01
           -DivStress = -2.1607646737E+03  1.3757436230E+03  3.2058952359E+03
           ESP =  -1.4759158937E+01     ESP at Nucleus =  -1.4759158938E+01
           ESPe = -3.0054883363E+01     ESPe at Nucleus = -3.0054882705E+01
           ESPn =  1.5295724426E+01     ESPn at Nucleus =  1.5295723767E+01

CP# 9      Coords = -6.44085870213234E+00 -1.86049399680309E+00 -1.59819572584289E+00
           Type = (3,-3) NACP C9
           Rho =  1.2207012590E+02     Rho at Nucleus =  1.2207012588E+02
           GradRho = -1.6583339465E-11 -1.1963787253E-10 -1.1255384472E-10
           HessRho_EigVals = -3.2277953804E+05 -3.2277666542E+05 -3.2277645578E+05
           HessRho_EigVec1 =  2.3259407277E-02 -6.8264851766E-01  7.3037661608E-01
           HessRho_EigVec2 =  7.4174822075E-01  5.0160203197E-01  4.4520217715E-01
           HessRho_EigVec3 =  6.7027500102E-01 -5.3140041669E-01 -5.1802028932E-01
           DelSqRho = -9.6833265924E+05
           Bond Ellipticity = NA
           V = -2.4210123418E+05
           G =  9.0346836952E+00
           K =  2.4209219949E+05
           L =  2.4208316481E+05
           Vnuc =  1.6201543216E+07
           Ven = -1.9777244202E+09
           Vrep =  1.9774823189E+09
           DelSqV =  2.3751206771E+10
           DelSqVen =  1.5688481636E+13
           DelSqVrep = -1.5664730430E+13
           DelSqG =  6.4026014228E+08
           DelSqK = -2.4391466913E+10
           Stress_EigVals = -8.0700810129E+04 -8.0700686700E+04 -8.0699737348E+04
           Stress_EigVec1 =  8.1006734250E-01 -4.1515186678E-01 -4.1405292913E-01
           Stress_EigVec2 =  5.8585305390E-01  6.0177028352E-01  5.4281555349E-01
           Stress_EigVec3 =  2.3813858206E-02 -6.8229132589E-01  7.3069244335E-01
           -DivStress = -6.2343434599E+02  1.9052796848E+03  2.0891965834E+03
           ESP =  -1.4755576266E+01     ESP at Nucleus =  -1.4755576267E+01
           ESPe = -2.8078450315E+01     ESPe at Nucleus = -2.8078450750E+01
           ESPn =  1.3322874049E+01     ESPn at Nucleus =  1.3322874483E+01

CP# 10     Coords = -2.70050591199038E+00 -2.93753379892490E+00 -2.73546003169501E+00
           Type = (3,-3) NACP H10
           Rho =  4.4413785934E-01     Rho at Nucleus =  4.4001994092E-01
           GradRho = -7.1396514263E-13  7.7133245402E-13  7.3854407290E-13
           HessRho_EigVals = -9.1183773438E+00 -9.1072365438E+00 -8.2849014476E+00
           HessRho_EigVec1 =  8.3078243604E-01  4.1555044596E-01  3.7029497814E-01
           HessRho_EigVec2 = -1.7045966130E-02  6.8396690120E-01 -7.2931386460E-01
           HessRho_EigVec3 = -5.5633621041E-01  5.9958911341E-01  5.7531114717E-01
           DelSqRho = -2.6510515335E+01
           Bond Ellipticity = NA
           V = -6.6436679769E+00
           G =  8.0195715722E-03
           K =  6.6356484054E+00
           L =  6.6276288338E+00
           Vnuc =  4.6249840389E+01
           Ven = -2.0541305105E+01
           Vrep =  1.3897637128E+01
           DelSqV =  1.7181597279E+03
           DelSqVen =  1.2261071029E+03
           DelSqVrep =  4.9205262500E+02
           DelSqG =  1.3244407077E+02
           DelSqK = -1.8506037987E+03
           Stress_EigVals = -2.2850527947E+00 -2.2847843877E+00 -2.0738307945E+00
           Stress_EigVec1 =  8.2952355473E-01  3.6324744596E-01  4.2419566847E-01
           Stress_EigVec2 = -4.5392281591E-02 -7.1319785363E-01  6.9949150270E-01
           Stress_EigVec3 = -5.5662394210E-01  5.9949988706E-01  5.7512578842E-01
           -DivStress =  9.5959289155E+00 -1.0354048519E+01 -9.9176801403E+00
           ESP =  -1.0897675751E+00     ESP at Nucleus =  -1.0909749555E+00
           ESPe = -1.5041891925E+01     ESPe at Nucleus = -1.4957162268E+01
           ESPn =  1.3952124350E+01     ESPn at Nucleus =  1.3866187313E+01

CP# 11     Coords = -6.64447636761860E+00  1.45206325913227E+00  1.50592601020734E+00
           Type = (3,-3) NACP C11
           Rho =  1.2207217519E+02     Rho at Nucleus =  1.2207217518E+02
           GradRho = -2.3149931841E-11  8.4484324918E-11  6.3803554454E-11
           HessRho_EigVals = -3.2278554773E+05 -3.2278263505E+05 -3.2278242802E+05
           HessRho_EigVec1 =  2.1160687651E-02 -6.8604397098E-01  7.2725229129E-01
           HessRho_EigVec2 = -8.4648258141E-01  3.7477440859E-01  3.7816845721E-01
           HessRho_EigVec3 =  5.3199573745E-01  6.2360870147E-01  5.7279378731E-01
           DelSqRho = -9.6835061081E+05
           Bond Ellipticity = NA
           V = -2.4210571235E+05
           G =  9.0298246048E+00
           K =  2.4209668253E+05
           L =  2.4208765270E+05
           Vnuc =  1.7965238452E+07
           Ven = -2.1930557357E+09
           Vrep =  2.1928136299E+09
           DelSqV =  2.3751646997E+10
           DelSqVen =  1.7396654932E+13
           DelSqVrep = -1.7372903285E+13
           DelSqG =  6.4027314510E+08
           DelSqK = -2.4391920142E+10
           Stress_EigVals = -8.0702304559E+04 -8.0702184376E+04 -8.0701223416E+04
           Stress_EigVec1 =  7.2828853415E-01  5.1001615977E-01  4.5768911697E-01
           Stress_EigVec2 = -6.8488910344E-01  5.1944718281E-01  5.1098095880E-01
           Stress_EigVec3 =  2.2863223915E-02 -6.8560786244E-01  7.2761193775E-01
           -DivStress = -5.4640795060E+02 -1.9774478636E+03 -1.6154141167E+03
           ESP =  -1.4756771699E+01     ESP at Nucleus =  -1.4756771700E+01
           ESPe = -2.8405185922E+01     ESPe at Nucleus = -2.8405186229E+01
           ESPn =  1.3648414223E+01     ESPn at Nucleus =  1.3648414530E+01

CP# 12     Coords = -3.07114020641747E+00  2.88192187400508E+00  2.78048197147452E+00
           Type = (3,-3) NACP H12
           Rho =  4.4054913675E-01     Rho at Nucleus =  4.3622862230E-01
           GradRho = -9.9112299674E-12 -1.3444168454E-11 -1.2764615604E-11
           HessRho_EigVals = -9.0248198977E+00 -9.0153687806E+00 -8.1691546215E+00
           HessRho_EigVec1 =  8.7977665233E-01 -3.9284101949E-01 -2.6771061882E-01
           HessRho_EigVec2 = -6.7353111026E-02 -6.6046492505E-01  7.4782995474E-01
           HessRho_EigVec3 =  4.7059175562E-01  6.3989219106E-01  6.0752068554E-01
           DelSqRho = -2.6209343300E+01
           Bond Ellipticity = NA
           V = -6.5684493044E+00
           G =  8.0567397192E-03
           K =  6.5603925647E+00
           L =  6.5523358250E+00
           Vnuc =  4.6760399213E+01
           Ven = -2.0600253507E+01
           Vrep =  1.4031804203E+01
           DelSqV =  1.6950214423E+03
           DelSqVen =  1.2255593558E+03
           DelSqVrep =  4.6946208642E+02
           DelSqG =  1.3053501563E+02
           DelSqK = -1.8255564579E+03
           Stress_EigVals = -2.2618849389E+00 -2.2615848104E+00 -2.0449795551E+00
           Stress_EigVec1 =  6.8822872935E-01 -6.9705221123E-01  2.0114529800E-01
           Stress_EigVec2 = -5.5257926659E-01 -3.2399225649E-01  7.6790961179E-01
           Stress_EigVec3 =  4.7010357394E-01  6.3964617763E-01  6.0815737866E-01
           -DivStress =  8.2877986891E+00  1.1237415841E+01  1.0670174771E+01
           ESP =  -1.0943092242E+00     ESP at Nucleus =  -1.0955794586E+00
           ESPe = -1.6508174874E+01     ESPe at Nucleus = -1.6431676650E+01
           ESPn =  1.5413865649E+01     ESPn at Nucleus =  1.5336097191E+01

CP# 13     Coords = -7.86085516085912E+00 -2.66983698288417E-01 -6.30648797067427E-02
           Type = (3,-3) NACP C13
           Rho =  1.2205823019E+02     Rho at Nucleus =  1.2205823018E+02
           GradRho =  5.7237671383E-11 -5.9340481747E-12 -7.9323654850E-12
           HessRho_EigVals = -3.2274653364E+05 -3.2274390382E+05 -3.2274370988E+05
           HessRho_EigVec1 =  2.6179157676E-02 -6.8424668313E-01  7.2878057626E-01
           HessRho_EigVec2 =  9.9922054024E-01 -3.6359733340E-03 -3.9307654050E-02
           HessRho_EigVec3 =  2.9545958647E-02  7.2924156240E-01  6.8361815365E-01
           DelSqRho = -9.6823414734E+05
           Bond Ellipticity = NA
           V = -2.4207666588E+05
           G =  9.0645217052E+00
           K =  2.4206760136E+05
           L =  2.4205853683E+05
           Vnuc =  2.3805498018E+07
           Ven = -2.9056569570E+09
           Vrep =  2.9054148803E+09
           DelSqV =  2.3748794915E+10
           DelSqVen =  2.3049243984E+13
           DelSqVrep = -2.3025503578E+13
           DelSqG =  6.4019217890E+08
           DelSqK = -2.4388987094E+10
           Stress_EigVals = -8.0692599352E+04 -8.0692475611E+04 -8.0691590915E+04
           Stress_EigVec1 = -9.6973400390E-03  7.2935844067E-01  6.8406302825E-01
           Stress_EigVec2 =  9.9961724810E-01  2.4796412982E-02 -1.2267648443E-02
           Stress_EigVec3 =  2.5909822294E-02 -6.8368223827E-01  7.2931973660E-01
           -DivStress =  1.9214736070E+03  3.3425908663E+02  2.7996453098E+02
           ESP =  -1.4761075207E+01     ESP at Nucleus =  -1.4761075208E+01
           ESPe = -2.7847593584E+01     ESPe at Nucleus = -2.7847594022E+01
           ESPn =  1.3086518377E+01     ESPn at Nucleus =  1.3086518814E+01

CP# 14     Coords = -7.35810179913799E+00 -3.18840261030176E+00 -2.80230069162779E+00
           Type = (3,-3) NACP H14
           Rho =  4.4722855953E-01     Rho at Nucleus =  4.4315297453E-01
           GradRho =  8.4431072143E-13  1.2197063563E-12  1.1040444275E-12
           HessRho_EigVals = -9.1838023506E+00 -9.1724206102E+00 -8.3533007208E+00
           HessRho_EigVec1 =  8.8947399430E-01 -3.2089946568E-01 -3.2536064050E-01
           HessRho_EigVec2 =  2.2775080988E-02 -6.7995788002E-01  7.3289738510E-01
           HessRho_EigVec3 =  4.5641791063E-01  6.5930327947E-01  5.9749634018E-01
           DelSqRho = -2.6709523682E+01
           Bond Ellipticity = NA
           V = -6.6933016814E+00
           G =  7.9603804787E-03
           K =  6.6853413009E+00
           L =  6.6773809204E+00
           Vnuc =  4.5016322700E+01
           Ven = -2.0132585157E+01
           Vrep =  1.3439283475E+01
           DelSqV =  1.7319206212E+03
           DelSqVen =  1.2023645372E+03
           DelSqVrep =  5.2955608400E+02
           DelSqG =  1.3350146205E+02
           DelSqK = -1.8654220833E+03
           Stress_EigVals = -2.3015808002E+00 -2.3007423573E+00 -2.0909785238E+00
           Stress_EigVec1 = -8.8960339350E-01  3.2915446093E-01  3.1664355846E-01
           Stress_EigVec2 =  1.2098724867E-02 -6.7605199072E-01  7.3675459055E-01
           Stress_EigVec3 =  4.5657356814E-01  6.5925036723E-01  5.9743579587E-01
           -DivStress = -7.8696083609E+00 -1.1355236118E+01 -1.0287903748E+01
           ESP =  -1.0966366750E+00     ESP at Nucleus =  -1.0978284958E+00
           ESPe = -1.3524993835E+01     ESPe at Nucleus = -1.3440857187E+01
           ESPn =  1.2428357160E+01     ESPn at Nucleus =  1.2343028691E+01

CP# 15     Coords = -7.71892857380698E+00  2.67069001875224E+00  2.69527267740711E+00
           Type = (3,-3) NACP H15
           Rho =  4.4710617925E-01     Rho at Nucleus =  4.4301510988E-01
           GradRho =  6.2660379848E-13 -7.1438937665E-13 -6.9426875273E-13
           HessRho_EigVals = -9.1815527896E+00 -9.1700588895E+00 -8.3487034989E+00
           HessRho_EigVec1 =  8.4516116178E-01  4.0418081623E-01  3.4977203778E-01
           HessRho_EigVec2 = -2.7093478460E-02  6.8592983753E-01 -7.2716311885E-01
           HessRho_EigVec3 =  5.3382445995E-01 -6.0509348516E-01 -5.9067192262E-01
           DelSqRho = -2.6700315178E+01
           Bond Ellipticity = NA
           V = -6.6909305826E+00
           G =  7.9258940307E-03
           K =  6.6830046885E+00
           L =  6.6750787945E+00
           Vnuc =  4.5335763046E+01
           Ven = -2.0269899799E+01
           Vrep =  1.3578969216E+01
           DelSqV =  1.7310959583E+03
           DelSqVen =  1.2104791622E+03
           DelSqVrep =  5.2061679618E+02
           DelSqG =  1.3344646132E+02
           DelSqK = -1.8645424197E+03
           Stress_EigVals = -2.3010040451E+00 -2.3000985680E+00 -2.0898279695E+00
           Stress_EigVec1 =  8.4489317191E-01  4.0926070430E-01  3.4447235589E-01
           Stress_EigVec2 = -3.3293049416E-02  6.8293362982E-01 -7.2972133731E-01
           Stress_EigVec3 =  5.3389802483E-01 -6.0506804012E-01 -5.9063149756E-01
           -DivStress = -9.2078723723E+00  1.0442448174E+01  1.0194127242E+01
           ESP =  -1.0988985032E+00     ESP at Nucleus =  -1.1000949720E+00
           ESPe = -1.3914849172E+01     ESPe at Nucleus = -1.3830699410E+01
           ESPn =  1.2815950668E+01     ESPn at Nucleus =  1.2730604438E+01

CP# 16     Coords = -9.87104666693740E+00 -3.69257600018070E-01 -8.52762251495808E-02
           Type = (3,-3) NACP H16
           Rho =  4.4723332609E-01     Rho at Nucleus =  4.4316735001E-01
           GradRho =  1.6757374665E-11  8.4798842752E-13  1.7822710267E-13
           HessRho_EigVals = -9.1837616455E+00 -9.1721127082E+00 -8.3551036856E+00
           HessRho_EigVec1 = -4.4322240621E-02  7.2968135961E-01  6.8234936245E-01
           HessRho_EigVec2 =  2.6698529382E-02 -6.8191146100E-01  7.3094729487E-01
           HessRho_EigVec3 =  9.9866046658E-01  5.0614946387E-02  1.0742424638E-02
           DelSqRho = -2.6710978039E+01
           Bond Ellipticity = NA
           V = -6.6938972108E+00
           G =  8.0763504916E-03
           K =  6.6858208603E+00
           L =  6.6777445099E+00
           Vnuc =  4.4824967149E+01
           Ven = -2.0047219150E+01
           Vrep =  1.3353321939E+01
           DelSqV =  1.7322024216E+03
           DelSqVen =  1.1973187132E+03
           DelSqVrep =  5.3488370842E+02
           DelSqG =  1.3351751234E+02
           DelSqK = -1.8657199339E+03
           Stress_EigVals = -2.3015546614E+00 -2.3009420962E+00 -2.0914004532E+00
           Stress_EigVec1 = -4.4349513489E-02  7.3072939529E-01  6.8122512543E-01
           Stress_EigVec2 =  2.6614517176E-02 -6.8078982608E-01  7.3199513672E-01
           Stress_EigVec3 =  9.9866149827E-01  5.0594105991E-02  1.0744687533E-02
           -DivStress = -1.7182686981E+01 -8.6910499451E-01 -1.8234425441E-01
           ESP =  -1.1001036138E+00     ESP at Nucleus =  -1.1012934341E+00
           ESPe = -1.3296617825E+01     ESPe at Nucleus = -1.3212967396E+01
