AIMSum (Version 19.10.12, Professional)
Copyright (c) 1997-2019 by Todd A. Keith
AIMSum is a component of the AIMAll package ( http://aim.tkgristmill.com )

TP:  64-bit Mac OS X

Much of the Quantum Theory of Atoms in Molecules (QTAIM) is described in the book:
  "Atoms in Molecules - A Quantum Theory"
  R.F.W. Bader, Oxford University Press, Oxford, 1990

For additional references see:  http://aim.tkgristmill.com/references.html

Wfx File:  /Users/chemlab/Documents/SubstituentCoding/BCP Map Reference/BCPMapReference/SubH_SeMeONH_wb97xd_aug-cc-pvtz_reor.wfx
Sum File:  /Users/chemlab/Documents/SubstituentCoding/BCP Map Reference/BCPMapReference/SubH_SeMeONH_wb97xd_aug-cc-pvtz_reor.sum

SumViz File:  /Users/chemlab/Documents/SubstituentCoding/BCP Map Reference/BCPMapReference/SubH_SeMeONH_wb97xd_aug-cc-pvtz_reor.sumviz

Wfx Title:   single point on SubH_SeMeONH_wb97xd_aug-cc-pvtz reoriented by subproptools    
 
Total memory allocated for AIMSum =        0.587 Megabytes

Atomic units (a.u.) used throughout, except where stated otherwise

Model:  Restricted SCF
 
Restricted, closed-shell, single-determinant wavefunction.
  Number of electrons (from MO Occs)                   =          60.0000000000
  Number of Alpha electrons (from MO Occs)             =          30.0000000000
  Number of Beta electrons (from MO Occs)              =          30.0000000000
  Number of electron pairs (N*(N-1)/2)                 =        1770.0000000000
  Number of electron pairs (from Muller 2EDM)          =        1770.0000000000
 
Nuclear Charges and Cartesian Coordinates:
-------------------------------------------------------------------------------
Atom      Charge                X                  Y                  Z
-------------------------------------------------------------------------------
Se1       34.0           0.0000000000E+00   0.0000000000E+00   0.0000000000E+00
H2         1.0          -2.8490021280E+00   0.0000000000E+00   0.0000000000E+00
C3         6.0           6.0464810917E-01   3.5590364837E+00   0.0000000000E+00
H4         1.0          -1.6459136600E-01   4.3357233695E+00   1.7367284173E+00
H5         1.0           2.6436021263E+00   3.7865689577E+00  -6.6768804988E-02
H6         1.0          -2.8869723950E-01   4.3468141721E+00  -1.6709532870E+00
O7         8.0           7.4894192687E-01  -1.2158463870E+00  -2.6941145057E+00
N8         7.0           1.2341593450E+00  -9.0847544089E-01   2.7920363340E+00
H9         1.0           1.1670117066E+00  -2.8285212763E+00   2.8909294815E+00
 
Some Atomic Properties:
----------------------
  q(A) = Net Charge of Atom A
  L(A) = Lagrangian of Atom A = -(1/4) Times Atomic Integral of the Laplacian of the Electron Density
  K(A) = Electronic Kinetic Energy of Atom A (Hamiltonian Form)
  K_Scaled(A) = K(A) * E(Mol)/K(Mol) = Approximation to Virial-Based Total Energy of Atom A.
  |Mu_Intra(A)| = Magnitude of Intraatomic Dipole Moment of Atom A
--------------------------------------------------------------------------------------------------
Atom A          q(A)              L(A)              K(A)          K_Scaled(A)      |Mu_Intra(A)|
--------------------------------------------------------------------------------------------------
Se1       2.1040443000E+00  3.4311593796E-04  2.3973842963E+03 -2.4016550525E+03  5.1369993342E-01
H2       -1.5639199310E-01  2.4508776879E-05  6.3020137219E-01 -6.3132402758E-01  2.2197437541E-02
C3       -2.4213894460E-01  2.1838167136E-06  3.7880052186E+01 -3.7947532593E+01  1.9602589496E-01
H4        7.4913734450E-02  2.2303381558E-05  5.8917867385E-01 -5.9022825045E-01  1.2846249384E-01
H5        8.5678568790E-02  2.9444836172E-05  5.8455225179E-01 -5.8559358677E-01  1.2712939962E-01
H6        6.6452201290E-02  2.0650259042E-05  5.9297793027E-01 -5.9403427495E-01  1.2852326678E-01
O7       -1.1041685657E+00  2.5010605313E-05  7.5173655520E+01 -7.5307571620E+01  3.2895696139E-01
N8       -1.2002181243E+00  2.6231265662E-05  5.4745644160E+01 -5.4843169324E+01  1.6359755776E-01
H9        3.7227881421E-01  3.2760725669E-05  4.6990084251E-01 -4.7073793481E-01  1.9085611197E-01
--------------------------------------------------------------------------------------------------
Total     4.4999104000E-04  5.2620960497E-04  2.5680504592E+03 -2.5726252441E+03
 
1st Largest |L(A)| = 3.4311593796E-04, atom Se1     
2nd Largest |L(A)| = 3.2760725669E-05, atom H9      
 
Molecular charge q(Mol) from the wfx file:   0.0000000000E+00
Molecular energy E(Mol) from the wfx file:  -2.5726251373E+03
Molecular virial ratio (-V(Mol)/T(Mol)) from the wfx file:   2.0017814233E+00
Note.  K_Scaled(A) = (1+V(Mol)/T(Mol))*K(A) = (E(Mol)/T(Mol))*K(A)
       Only use K_Scaled(A) data with caution.
 
N_AIMInt(SumA)     =         59.999550
N_Analytic(Mol)    =         60.000000
 
G_AIMInt(SumA)     =       2568.049933
G_Analytic(Mol)    =       2568.050353
 
K_AIMInt(SumA)     =       2568.050459
K_Analytic(Mol)    =       2568.050353
 
L_AIMInt(SumA)     =          0.000526
L_Analytic(Mol)    =          0.000000
 
VenT_AIMInt(SumA)  =      -6773.142823
VenT_Analytic(Mol) =      -6773.150235
 
Some Information About the Atomic Calculations:
----------------------------------------------
  Time(sec) = "Elapsed User Time", in Seconds, for Atom A by AIMInt and, if used, by TWOe
  NProc = Number of Processors Used for AIMInt Job
  BIM = Basin Integration Method
  OAQ = Angular Quadrature Outside of Beta Sphere
  ORQ = Multiple of Default for Radial Quadrature Outside of Beta Sphere
  IAQ = Multiple of Default for Angular Quadrature Inside of Beta Sphere
  IRQ = Multiple of Default for Radial Quadrature Inside of Beta Sphere
  MIR = Maximum Integration Radius
------------------------------------------------------------------------------------------------------
Atom A     Time(sec)   NProc      BIM          OAQ                     ORQ      IAQ      IRQ      MIR
------------------------------------------------------------------------------------------------------
Se1           112        2     Proaim(5)    4500(GS4)                  1.00     1.00     1.00    13.00
H2             34        2     Proaim(5)    1800(GS4)                  1.00     1.00     1.00    13.00
C3             87        2     Proaim(5)    4500(GS4)                  1.00     1.00     1.00    13.00
H4             37        2     Proaim(5)    1800(GS4)                  1.00     1.00     1.00    13.00
H5             34        2     Proaim(5)    1800(GS4)                  1.00     1.00     1.00    13.00
H6             37        2     Proaim(5)    1800(GS4)                  1.00     1.00     1.00    13.00
O7             61        2     Proaim(5)    2700(GS4)                  1.00     1.00     1.00    13.00
N8             72        2     Proaim(5)    4500(GS4)                  1.00     1.00     1.00    13.00
H9             26        2     Proaim(5)    1800(GS4)                  1.00     1.00     1.00    13.00
------------------------------------------------------------------------------------------------------
Total         500
Note:  Total wall clock time is less than total of atomic times if more than one atom
       was calculated at a time
 
Electron Density Critical Point Analysis of Molecular Structure:               
---------------------------------------------------------------                
  NACP = Nuclear Attractor Critical Point                                      
  NNACP = Non-Nuclear Attractor Critical Point                                 
  BCP = Bond Critical Point                                                    
  RCP = Ring Critical Point                                                    
  CCP = Cage Critical Point                                                    
  Rho = Electron Density                                                       
  GradRho = Gradient of Electron Density                                       
  HessRho_EigVals = Eigenvalues of the Hessian of Rho, Ascending Order         
  HessRho_EigVecs = Eigenvectors of the Hessian of Rho                         
  DelSqRho = Laplacian of Rho = Trace of Hessian of Rho                        
  Bond Ellipticity = (HessRho_EigVal(1) / HessRho_EigVal(2)) - 1               
  V = Virial Field = Potential Energy Density = Trace of Stress Tensor         
  G = Lagrangian Form of Kinetic Energy Density                                
  K = Hamiltonian Form of Kinetic Energy Density                               
  L = K - G = Lagrangian Density = (-1/4)DelSqRho                              
  Vnuc = Electrostatic Potential from Nuclei                                   
  Ven = Electron-nuclear attractive contribution to Virial Field V             
  Vrep = V - Ven = Repulsive contribution to Virial Field V                    
  DelSqV = Laplacian of V                                                      
  DelSqVen = Laplacian of Ven                                                  
  DelSqVrep = Laplacian of Vrep                                                
  DelSqG = Laplacian of G                                                      
  DelSqK = Laplacian of K                                                      
  Stress_EigVals = Eigenvalues of Stress Tensor, Ascending Order               
  Stress_EigVecs = Eigenvectors of Stress Tensor                               
  -DivStress = Ehrenfest Force Density = Minus Divergence of Stress Tensor     
  ESP = Total Electrostatic Potential                                          
  ESPe = Electrostatic Potential from Electrons                                
  ESPn = Electrostatic Potential from Nuclei                                   
  BP = Bond Path                                                               
  BPL = Bond Path Length                                                       
  GBL = Geometric Bond Length                                                  
  GBL_I = Distance Between Nuclear Attractors                                  
  GBL_II = Distance Between Nuclei                                             
  GBL_III = Sum of Distances Between BCP and Nuclear Attractors                
  GBL_IV = Sum of Distances Between BCP and Nuclei                             

CP# 1      Coords = -9.50025205609304E-10  8.94166995789801E-10 -1.10414082900732E-09
           Type = (3,-3) NACP Se1
           Rho =  2.6884283704E+04     Rho at Nucleus =  2.6884283704E+04
           GradRho = -1.9358908920E-10  1.8271836127E-10 -2.2555678852E-10
           HessRho_EigVals = -1.0824727926E+10 -1.0824727807E+10 -1.0824727284E+10
           HessRho_EigVec1 =  9.6027790295E-01  2.6590948393E-01 -8.4607892425E-02
           HessRho_EigVec2 = -1.8091690898E-01  8.2412519779E-01  5.3673711481E-01
           HessRho_EigVec3 =  2.1245098528E-01 -5.0010979267E-01  8.3949673861E-01
           DelSqRho = -3.2474183017E+10
           Bond Ellipticity = NA
           V = -8.1202858252E+09
           G =  8.7003542537E+05
           K =  8.1194157897E+09
           L =  8.1185457543E+09
           Vnuc =  3.4000000077E+09
           Ven = -9.1406564801E+13
           Vrep =  9.1398444515E+13
           DelSqV =  5.4413050303E+17
           DelSqVen =  2.6620916211E+30
           DelSqVrep = -2.6620916211E+30
           DelSqG =  3.2695431293E+15
           DelSqK = -5.4740004616E+17
           Stress_EigVals = -2.7067620108E+09 -2.7067619098E+09 -2.7067619045E+09
           Stress_EigVec1 =  1.6603063229E-01 -5.9939716894E-01  7.8304333405E-01
           Stress_EigVec2 =  3.9086684881E-01  7.6902502913E-01  5.0579008598E-01
           Stress_EigVec3 =  9.0534906840E-01 -2.2208903268E-01 -3.6196619444E-01
           -DivStress =  1.7206219154E+08 -1.6166800448E+08  1.9968174351E+08
           ESP =  -1.6873569861E+02     ESP at Nucleus =  -1.6873569861E+02
           ESPe = -1.7645259820E+02     ESPe at Nucleus = -1.7645259820E+02
           ESPn =  7.7168995941E+00     ESPn at Nucleus =  7.7168995944E+00

CP# 2      Coords = -2.82711251520165E+00  4.53077519215866E-04  1.00148948597097E-04
           Type = (3,-3) NACP H2
           Rho =  3.7966797840E-01     Rho at Nucleus =  3.7786619623E-01
           GradRho =  4.0557984402E-10  8.0076073810E-12  1.8759542530E-12
           HessRho_EigVals = -7.7748565819E+00 -7.7688976029E+00 -7.3871769119E+00
           HessRho_EigVec1 = -6.0214003230E-03  2.2316316869E-01  9.7476250588E-01
           HessRho_EigVec2 = -9.8990446944E-03  9.7471911232E-01 -2.2321438349E-01
           HessRho_EigVec3 =  9.9993287357E-01  1.0993280773E-02  3.6600717967E-03
           DelSqRho = -2.2930931097E+01
           Bond Ellipticity = NA
           V = -5.7417556645E+00
           G =  4.5114451437E-03
           K =  5.7372442193E+00
           L =  5.7327327742E+00
           Vnuc =  6.2735421109E+01
           Ven = -2.3818630507E+01
           Vrep =  1.8076874842E+01
           DelSqV =  1.4988902334E+03
           DelSqVen =  1.4385816205E+03
           DelSqVrep =  6.0308612898E+01
           DelSqG =  1.1567670050E+02
           DelSqK = -1.6145669339E+03
           Stress_EigVals = -1.9455521751E+00 -1.9438577779E+00 -1.8523457116E+00
           Stress_EigVec1 = -3.7670499987E-03  1.5562017243E-01  9.8780978496E-01
           Stress_EigVec2 = -1.4513600890E-02  9.8770423936E-01 -1.5565889288E-01
           Stress_EigVec3 =  9.9988757604E-01  1.4923051807E-02  1.4621221804E-03
           -DivStress = -1.0449468081E+01 -2.1662799850E-01 -4.6977170052E-02
           ESP =  -1.0072098934E+00     ESP at Nucleus =  -1.0076499238E+00
           ESPe = -1.8069123244E+01     ESPe at Nucleus = -1.7960587352E+01
           ESPn =  1.7061913350E+01     ESPn at Nucleus =  1.6952937429E+01

CP# 3      Coords =  6.04647472692266E-01  3.55903397836973E+00 -4.61406811887907E-08
           Type = (3,-3) NACP C3
           Rho =  1.2095552689E+02     Rho at Nucleus =  1.2095552606E+02
           GradRho =  1.2852886290E-11 -2.6905658257E-11  3.8163916471E-17
           HessRho_EigVals = -2.4829225193E+05 -2.4829019641E+05 -2.4829015886E+05
           HessRho_EigVec1 =  1.7296552042E-01  9.8490598627E-01 -6.5671109436E-03
           HessRho_EigVec2 =  2.3805822448E-01 -3.5335123716E-02  9.7060790786E-01
           HessRho_EigVec3 =  9.5572548909E-01 -1.6944505668E-01 -2.4057672843E-01
           DelSqRho = -7.4487260720E+05
           Bond Ellipticity = NA
           V = -1.8623352186E+05
           G =  7.6850317809E+00
           K =  1.8622583683E+05
           L =  1.8621815180E+05
           Vnuc =  2.3208148587E+06
           Ven = -2.8071538404E+08
           Vrep =  2.8052915052E+08
           DelSqV =  1.1203729298E+10
           DelSqVen =  1.7287114179E+12
           DelSqVrep = -1.7175076722E+12
           DelSqG =  3.8229313648E+08
           DelSqK = -1.1586022434E+10
           Stress_EigVals = -6.2078033793E+04 -6.2078023866E+04 -6.2077464204E+04
           Stress_EigVec1 =  9.4594863190E-01 -1.6857517928E-01 -2.7706243835E-01
           Stress_EigVec2 =  2.7385629439E-01 -4.2454576879E-02  9.6083314833E-01
           Stress_EigVec3 =  1.7373518883E-01  9.8477409482E-01 -6.0055250087E-03
           -DivStress =  2.3356212914E+03  9.1913759066E+03  1.6916888083E+02
           ESP =  -1.4706177467E+01     ESP at Nucleus =  -1.4706177473E+01
           ESPe = -2.8708006305E+01     ESPe at Nucleus = -2.8707998920E+01
           ESPn =  1.4001828838E+01     ESPn at Nucleus =  1.4001821446E+01

CP# 4      Coords = -1.53072126236889E-01  4.32334031897162E+00  1.70975693839852E+00
           Type = (3,-3) NACP H4
           Rho =  4.3040878933E-01     Rho at Nucleus =  4.2625453533E-01
           GradRho =  1.6170048698E-14 -1.8091864812E-14 -3.7105843571E-14
           HessRho_EigVals = -8.7023708293E+00 -8.6978876964E+00 -7.8906225115E+00
           HessRho_EigVec1 = -7.2603821411E-01  4.4970350894E-01 -5.2022616784E-01
           HessRho_EigVec2 =  5.8219861934E-01  8.0458177845E-01 -1.1701679117E-01
           HessRho_EigVec3 = -3.6594163372E-01  3.8783361874E-01  8.4597387955E-01
           DelSqRho = -2.5290881037E+01
           Bond Ellipticity = NA
           V = -6.3392099411E+00
           G =  8.2448409015E-03
           K =  6.3309651002E+00
           L =  6.3227202593E+00
           Vnuc =  4.4995532678E+01
           Ven = -1.9366472745E+01
           Vrep =  1.3027262804E+01
           DelSqV =  1.6252777189E+03
           DelSqVen =  1.1379766642E+03
           DelSqVrep =  4.8730105477E+02
           DelSqG =  1.2441750432E+02
           DelSqK = -1.7496952232E+03
           Stress_EigVals = -2.1824026139E+00 -2.1815144258E+00 -1.9752929014E+00
           Stress_EigVec1 = -7.5335021992E-01  4.1088155312E-01 -5.1345865992E-01
           Stress_EigVec2 =  5.4610509769E-01  8.2587317178E-01 -1.4036640058E-01
           Stress_EigVec3 = -3.6637776737E-01  3.8614745039E-01  8.4655624629E-01
           -DivStress = -6.0822462822E+00  6.5367893801E+00  1.4242857340E+01
           ESP =  -1.0522142108E+00     ESP at Nucleus =  -1.0534003826E+00
           ESPe = -1.4636186117E+01     ESPe at Nucleus = -1.4545414397E+01
           ESPn =  1.3583971906E+01     ESPn at Nucleus =  1.3492014014E+01

CP# 5      Coords =  2.61181534909439E+00  3.78262647373670E+00 -6.58318904027342E-02
           Type = (3,-3) NACP H5
           Rho =  4.2897923905E-01     Rho at Nucleus =  4.2478789328E-01
           GradRho = -1.2744804799E-09 -1.5761141613E-10  3.7783478589E-11
           HessRho_EigVals = -8.6699850551E+00 -8.6656940766E+00 -7.8536747013E+00
           HessRho_EigVec1 =  4.7577564464E-02 -1.4124545473E-01  9.8883067149E-01
           HessRho_EigVec2 = -1.1545669914E-01  9.8253874441E-01  1.4590190661E-01
           HessRho_EigVec3 =  9.9217242755E-01  1.2110878271E-01 -3.0439066479E-02
           DelSqRho = -2.5189353833E+01
           Bond Ellipticity = NA
           V = -6.3136212923E+00
           G =  8.1414169962E-03
           K =  6.3054798753E+00
           L =  6.2973384583E+00
           Vnuc =  4.5034833031E+01
           Ven = -1.9319008405E+01
           Vrep =  1.3005387112E+01
           DelSqV =  1.6179320880E+03
           DelSqVen =  1.1343983465E+03
           DelSqVrep =  4.8353374150E+02
           DelSqG =  1.2383411913E+02
           DelSqK = -1.7417662072E+03
           Stress_EigVals = -2.1742770198E+00 -2.1733031716E+00 -1.9660411008E+00
           Stress_EigVec1 =  4.6997860170E-02 -1.3797659464E-01  9.8931979687E-01
           Stress_EigVec2 = -1.1403183427E-01  9.8319840124E-01  1.4253997536E-01
           Stress_EigVec3 =  9.9236482299E-01  1.1951302495E-01 -3.0474496807E-02
           -DivStress =  1.6716194975E+01  2.0716940068E+00 -4.9224813103E-01
           ESP =  -1.0533453856E+00     ESP at Nucleus =  -1.0545441089E+00
           ESPe = -1.4881122519E+01     ESPe at Nucleus = -1.4790855179E+01
           ESPn =  1.3827777133E+01     ESPn at Nucleus =  1.3736311070E+01

CP# 6      Coords = -2.75271223363180E-01  4.33418913311259E+00 -1.64516340983591E+00
           Type = (3,-3) NACP H6
           Rho =  4.3202712325E-01     Rho at Nucleus =  4.2789165539E-01
           GradRho =  6.8189540386E-15 -5.4706402169E-15  1.2830235057E-14
           HessRho_EigVals = -8.7347539752E+00 -8.7310986161E+00 -7.9258747446E+00
           HessRho_EigVec1 =  7.2456236808E-01 -3.8832507276E-01 -5.6939706060E-01
           HessRho_EigVec2 =  5.4079800210E-01  8.3248842977E-01  1.2041816816E-01
           HessRho_EigVec3 =  4.2725507098E-01 -3.9517926586E-01  8.1319521159E-01
           DelSqRho = -2.5391727336E+01
           Bond Ellipticity = NA
           V = -6.3643189829E+00
           G =  8.1935744803E-03
           K =  6.3561254084E+00
           L =  6.3479318340E+00
           Vnuc =  4.5125423409E+01
           Ven = -1.9495406861E+01
           Vrep =  1.3131087878E+01
           DelSqV =  1.6322156100E+03
           DelSqVen =  1.1458124471E+03
           DelSqVrep =  4.8640316291E+02
           DelSqG =  1.2493610572E+02
           DelSqK = -1.7571517158E+03
           Stress_EigVals = -2.1905724621E+00 -2.1896338144E+00 -1.9841127064E+00
           Stress_EigVec1 =  7.8530937808E-01 -2.8400009617E-01 -5.5012101039E-01
           Stress_EigVec2 =  4.4769229245E-01  8.7425341614E-01  1.8775669269E-01
           Stress_EigVec3 =  4.2762225384E-01 -3.9373202783E-01  8.1370406062E-01
           -DivStress = -7.1176757077E+00  6.6911964358E+00 -1.3672786995E+01
           ESP =  -1.0528406432E+00     ESP at Nucleus =  -1.0540201879E+00
           ESPe = -1.4630596397E+01     ESPe at Nucleus = -1.4539979610E+01
           ESPn =  1.3577755754E+01     ESPn at Nucleus =  1.3485959422E+01

CP# 7      Coords =  7.48940167071560E-01 -1.21584351373844E+00 -2.69410836070347E+00
           Type = (3,-3) NACP O7
           Rho =  2.9839519357E+02     Rho at Nucleus =  2.9839516622E+02
           GradRho = -1.5224297517E-11  9.9178576810E-11 -2.1411467044E-10
           HessRho_EigVals = -1.1137691202E+06 -1.1137423359E+06 -1.1137406962E+06
           HessRho_EigVec1 = -2.3742905560E-01  3.8468972461E-01  8.9198725290E-01
           HessRho_EigVec2 =  1.9588480404E-01  9.1834173754E-01 -3.4391510090E-01
           HessRho_EigVec3 =  9.5144972915E-01 -9.3071310629E-02  2.9339588279E-01
           DelSqRho = -3.3412521522E+06
           Bond Ellipticity = NA
           V = -8.3544091836E+05
           G =  6.3940149667E+01
           K =  8.3537697821E+05
           L =  8.3531303806E+05
           Vnuc =  1.1415546279E+06
           Ven = -3.4063441417E+08
           Vrep =  3.3979897326E+08
           DelSqV =  9.3415365985E+10
           DelSqVen =  3.8142218639E+12
           DelSqVrep = -3.7208064980E+12
           DelSqG =  3.1182814686E+09
           DelSqK = -9.6533647454E+10
           Stress_EigVals = -2.7848297794E+05 -2.7848257689E+05 -2.7847536352E+05
           Stress_EigVec1 =  9.5160816646E-01 -9.0083959918E-02  2.9381418906E-01
           Stress_EigVec2 =  1.9393684928E-01  9.1768488332E-01 -3.4676065724E-01
           Stress_EigVec3 = -2.3839126666E-01  3.8696167133E-01  8.9074702856E-01
           -DivStress =  5.3825107239E+04 -8.7887101415E+04 -1.8796210602E+05
           ESP =  -2.2368600056E+01     ESP at Nucleus =  -2.2368600328E+01
           ESPe = -3.6749887513E+01     ESPe at Nucleus = -3.6749858858E+01
           ESPn =  1.4381287457E+01     ESPn at Nucleus =  1.4381258530E+01

CP# 8      Coords =  1.23415571955988E+00 -9.08479709233251E-01  2.79202954718298E+00
           Type = (3,-3) NACP N8
           Rho =  1.9650397955E+02     Rho at Nucleus =  1.9650395810E+02
           GradRho = -2.7178046272E-11 -7.1094326173E-12  8.2895335561E-11
           HessRho_EigVals = -5.5399039973E+05 -5.5398179509E+05 -5.5397701815E+05
           HessRho_EigVec1 =  3.5377969438E-01 -4.8021620567E-01  8.0264084350E-01
           HessRho_EigVec2 =  2.4528948571E-01  8.7573725656E-01  4.1583329072E-01
           HessRho_EigVec3 =  9.0259237535E-01 -4.9765985208E-02 -4.2761004510E-01
           DelSqRho = -1.6619492130E+06
           Bond Ellipticity = NA
           V = -4.1553431093E+05
           G =  2.3503843460E+01
           K =  4.1551080709E+05
           L =  4.1548730324E+05
           Vnuc =  7.9555705878E+05
           Ven = -1.5633012801E+08
           Vrep =  1.5591459370E+08
           DelSqV =  3.4645612816E+10
           DelSqVen =  1.3221754276E+12
           DelSqVrep = -1.2875298148E+12
           DelSqG =  1.1714841355E+09
           DelSqK = -3.5817096952E+10
           Stress_EigVals = -1.3851299622E+05 -1.3851162722E+05 -1.3850968749E+05
           Stress_EigVec1 =  9.0089500715E-01 -5.3805735148E-02 -4.3068913263E-01
           Stress_EigVec2 =  1.9597226575E-01  9.3580809213E-01  2.9301550431E-01
           Stress_EigVec3 =  3.8727646089E-01 -3.4837933000E-01  8.5360926967E-01
           -DivStress =  4.1118359732E+04  4.8383277019E+04  7.6978560854E+04
           ESP =  -1.8401889844E+01     ESP at Nucleus =  -1.8401890177E+01
           ESPe = -3.2875608358E+01     ESPe at Nucleus = -3.2875584842E+01
           ESPn =  1.4473718515E+01     ESPn at Nucleus =  1.4473694665E+01

CP# 9      Coords =  1.16742338534191E+00 -2.78861505713220E+00  2.88729774857629E+00
           Type = (3,-3) NACP H9
           Rho =  4.2067348532E-01     Rho at Nucleus =  4.1452685820E-01
           GradRho =  1.4551619458E-14  1.1651451356E-12 -1.0230970801E-13
           HessRho_EigVals = -8.3418534696E+00 -8.3395530980E+00 -7.1891306333E+00
           HessRho_EigVec1 =  1.9419632587E-02  7.5012909639E-02  9.9699345096E-01
           HessRho_EigVec2 =  9.9961787586E-01 -2.1076781282E-02 -1.7884953176E-02
           HessRho_EigVec3 =  1.9671810529E-02  9.9695979492E-01 -7.5393548744E-02
           DelSqRho = -2.3870537201E+01
           Bond Ellipticity = NA
           V = -6.0118749957E+00
           G =  2.2120347730E-02
           K =  5.9897546479E+00
           L =  5.9676343002E+00
           Vnuc =  3.9601836757E+01
           Ven = -1.6659442694E+01
           Vrep =  1.0647567698E+01
           DelSqV =  1.5039862394E+03
           DelSqVen =  9.4531711752E+02
           DelSqVrep =  5.5866912190E+02
           DelSqG =  1.1419140774E+02
           DelSqK = -1.6181776472E+03
           Stress_EigVals = -2.1068682254E+00 -2.1005353234E+00 -1.8044714468E+00
           Stress_EigVec1 =  8.9926649656E-01 -5.0055578051E-02 -4.3452756790E-01
           Stress_EigVec2 =  4.3713497508E-01  6.8195889658E-02  8.9680674295E-01
           Stress_EigVec3 =  1.5257185845E-02  9.9641545539E-01 -8.3207322637E-02
           -DivStress = -2.0000297459E-01 -1.9872880818E+01  1.8166861696E+00
           ESP =  -1.0436620214E+00     ESP at Nucleus =  -1.0456489580E+00
           ESPe = -1.5691195748E+01     ESPe at Nucleus = -1.5549101530E+01
           ESPn =  1.4647533727E+01     ESPn at Nucleus =  1.4503452572E+01

CP# 10     Coords = -1.77793496251191E+00  1.84009917312564E-04  6.21110388537442E-03
           Type = (3,-1) BCP Se1 H2
           Rho =  1.8051232881E-01
           GradRho = -1.2143064332E-17 -2.2009304101E-17  1.3010426070E-17
           HessRho_EigVals = -3.3046440538E-01 -3.1994531407E-01  2.5404161348E-01
           HessRho_EigVec1 = -3.5449985612E-03  3.0260820339E-01  9.5310844516E-01
           HessRho_EigVec2 =  8.8624645365E-03  9.5308650980E-01 -3.0256827588E-01
           HessRho_EigVec3 =  9.9995444382E-01 -7.3742856920E-03  6.0605447769E-03
           DelSqRho = -3.9636810597E-01
           Bond Ellipticity =  3.2877778954E-02
           V = -2.0168093386E-01
           G =  5.1294453682E-02
           K =  1.5038648017E-01
           L =  9.9092026492E-02
           Vnuc =  2.5957210061E+01
           Ven = -4.6855964377E+00
           Vrep =  4.4839155038E+00
           DelSqV = -5.6209550053E-01
           DelSqVen =  1.0288610188E+01
           DelSqVrep = -1.0850705689E+01
           DelSqG =  1.1181595916E+00
           DelSqK = -5.5606409108E-01
           Stress_EigVals = -9.9642684437E-02 -9.7594305534E-02 -4.4439438862E-03
           Stress_EigVec1 = -2.1040799207E-03  1.4828660017E-01  9.8894219096E-01
           Stress_EigVec2 =  3.7741437466E-03  9.8893851423E-01 -1.4827801897E-01
           Stress_EigVec3 =  9.9999066430E-01 -3.4204211833E-03  2.6404606154E-03
           -DivStress =  1.1930128384E-01  1.1015893441E-03 -1.4206711994E-03
           ESP =   7.5281584206E-01
           ESPe = -2.5204394219E+01
           ESPn =  2.5957210061E+01
           BPL =  2.8271798765E+00 =  1.7779708229E+00 +  1.0492090536E+00                
           GBL_I =  2.8271125523E+00                                                      
           GBL_II =  2.8490021280E+00                                                     
           GBL_III =  2.8271412038E+00 =  1.7779458201E+00 +  1.0491953837E+00            
           GBL_IV =  2.8490310112E+00 =  1.7779458211E+00 +  1.0710851902E+00             

CP# 11     Coords =  3.09443535239698E-01  1.87292349282601E+00 -3.07118191757827E-03
           Type = (3,-1) BCP C3 Se1
           Rho =  1.7121305614E-01
           GradRho =  2.2876665839E-17  5.3776427755E-17 -4.8789097762E-19
           HessRho_EigVals = -2.5262510465E-01 -2.4314613960E-01  2.3897157080E-01
           HessRho_EigVec1 =  1.7027103798E-01 -3.5939557331E-02  9.8474165234E-01
           HessRho_EigVec2 =  9.7125537752E-01 -1.6257707187E-01 -1.7387261813E-01
           HessRho_EigVec3 =  1.6634531931E-01  9.8604109647E-01  7.2243215450E-03
           DelSqRho = -2.5679967346E-01
           Bond Ellipticity =  3.8984641362E-02
           V = -1.5993907718E-01
           G =  4.7869579409E-02
           K =  1.1206949777E-01
           L =  6.4199918365E-02
           Vnuc =  2.6524566142E+01
           Ven = -4.5413520321E+00
           Vrep =  4.3814129549E+00
           DelSqV = -8.4610644185E-01
           DelSqVen =  6.8114999239E+00
           DelSqVrep = -7.6576063658E+00
           DelSqG =  7.2258467394E-01
           DelSqK =  1.2352176791E-01
           Stress_EigVals = -8.8342156969E-02 -8.7179818401E-02  1.5582898186E-02
           Stress_EigVec1 =  1.8972722789E-01 -3.3068925050E-02  9.8127978946E-01
           Stress_EigVec2 =  9.6746710411E-01 -1.6406759553E-01 -1.9258563438E-01
           Stress_EigVec3 =  1.6736481551E-01  9.8589465476E-01  8.6500706699E-04
           -DivStress = -1.5921765323E-02 -9.6511597027E-02  7.9153673621E-05
           ESP =   6.3556355719E-01
           ESPe = -2.5889002585E+01
           ESPn =  2.6524566142E+01
           BPL =  3.6107796940E+00 =  1.7117796940E+00 +  1.8990000000E+00                
           GBL_I =  3.6106888031E+00                                                      
           GBL_II =  3.6100332447E+00                                                     
           GBL_III =  3.6107353849E+00 =  1.7117603121E+00 +  1.8989750728E+00            
           GBL_IV =  3.6100798136E+00 =  1.7117628897E+00 +  1.8983169239E+00             

CP# 12     Coords =  1.04774764771425E-01  4.05253982404077E+00  1.11856227897265E+00
           Type = (3,-1) BCP H4 C3
           Rho =  2.8829801652E-01
           GradRho =  1.7482760031E-17  3.2873009870E-16 -1.2408693864E-16
           HessRho_EigVals = -7.9415923097E-01 -7.8967043784E-01  4.5586984371E-01
           HessRho_EigVec1 = -5.9431643922E-01  5.9943494184E-01 -5.3615829805E-01
           HessRho_EigVec2 =  7.1373061556E-01  7.0037323819E-01 -8.1200770696E-03
           HessRho_EigVec3 = -3.7064346546E-01  3.8749848739E-01  8.4407839907E-01
           DelSqRho = -1.1279598251E+00
           Bond Ellipticity =  5.6843879681E-03
           V = -3.6691281525E-01
           G =  4.2461429486E-02
           K =  3.2445138576E-01
           L =  2.8198995627E-01
           Vnuc =  1.7568042627E+01
           Ven = -5.0648318436E+00
           Vrep =  4.6979190283E+00
           DelSqV = -1.9068372570E+00
           DelSqVen =  1.9816046289E+01
           DelSqVrep = -2.1722883546E+01
           DelSqG =  1.7643432499E+00
           DelSqK =  1.4249400702E-01
           Stress_EigVals = -2.3897822890E-01 -2.3572488347E-01  1.0779029712E-01
           Stress_EigVec1 = -8.7054878480E-01  1.7211019742E-01 -4.6100205338E-01
           Stress_EigVec2 = -3.2205959949E-01 -9.0760096782E-01  2.6932897653E-01
           Stress_EigVec3 = -3.7205164649E-01  3.8293414991E-01  8.4554066087E-01
           -DivStress =  3.2710923531E-02 -2.5740316474E-02 -6.7981376424E-02
           ESP =   8.8747139380E-01
           ESPe = -1.6680571233E+01
           ESPn =  1.7568042627E+01
           BPL =  2.0205493839E+00 =  6.9952159726E-01 +  1.3210277866E+00                
           GBL_I =  2.0202901077E+00                                                      
           GBL_II =  2.0521202412E+00                                                     
           GBL_III =  2.0203545738E+00 =  6.9952058768E-01 +  1.3208339862E+00            
           GBL_IV =  2.0521884374E+00 =  7.3135518555E-01 +  1.3208332519E+00             

CP# 13     Coords =  1.92142751121174E+00  3.69899276507833E+00 -4.41106736960817E-02
           Type = (3,-1) BCP H5 C3
           Rho =  2.8840531609E-01
           GradRho = -8.2223182256E-17 -2.0990154059E-16 -1.5449880958E-17
           HessRho_EigVals = -7.9706246634E-01 -7.9350517260E-01  4.6036841581E-01
           HessRho_EigVec1 =  5.5673373097E-02 -1.9950085060E-01  9.7831481954E-01
           HessRho_EigVec2 = -1.1125750419E-01  9.7249277630E-01  2.0464497994E-01
           HessRho_EigVec3 =  9.9223094252E-01  1.2023814145E-01 -3.1945986447E-02
           DelSqRho = -1.1301992231E+00
           Bond Ellipticity =  4.4830126674E-03
           V = -3.6616364268E-01
           G =  4.1806918450E-02
           K =  3.2435672423E-01
           L =  2.8254980578E-01
           Vnuc =  1.7758963284E+01
           Ven = -5.1217794193E+00
           Vrep =  4.7556157766E+00
           DelSqV = -1.9695827117E+00
           DelSqVen =  2.0071166507E+01
           DelSqVrep = -2.2040749219E+01
           DelSqG =  1.7687025229E+00
           DelSqK =  2.0088018882E-01
           Stress_EigVals = -2.3923425694E-01 -2.3591445976E-01  1.0898507402E-01
           Stress_EigVec1 =  3.4680749308E-02 -2.1019808973E-02  9.9917736827E-01
           Stress_EigVec2 = -1.1482891222E-01  9.9307374042E-01  2.4877037678E-02
           Stress_EigVec3 =  9.9277971703E-01  1.1559720462E-01 -3.2026859637E-02
           -DivStress = -6.8192535697E-02 -2.8046224308E-03  2.8041648466E-03
           ESP =   8.8552919708E-01
           ESPe = -1.6873434087E+01
           ESPn =  1.7758963284E+01
           BPL =  2.0208710028E+00 =  6.9577438782E-01 +  1.3250966150E+00                
           GBL_I =  2.0206559131E+00                                                      
           GBL_II =  2.0526964179E+00                                                     
           GBL_III =  2.0207058778E+00 =  6.9577422699E-01 +  1.3249316508E+00            
           GBL_IV =  2.0527488335E+00 =  7.2781807835E-01 +  1.3249307551E+00             

CP# 14     Coords =  2.65088026337062E-02  4.05768874375921E+00 -1.07420821400537E+00
           Type = (3,-1) BCP C3 H6
           Rho =  2.8860503765E-01
           GradRho = -9.8055075073E-17 -2.2239697063E-17 -8.6721350722E-17
           HessRho_EigVals = -7.9207454959E-01 -7.8905299738E-01  4.5269937178E-01
           HessRho_EigVec1 =  4.8278889408E-01 -6.5978616548E-01 -5.7584468357E-01
           HessRho_EigVec2 =  7.6219367229E-01  6.4038352025E-01 -9.4708779462E-02
           HessRho_EigVec3 =  4.3124898802E-01 -3.9318082714E-01  8.1205489192E-01
           DelSqRho = -1.1284281752E+00
           Bond Ellipticity =  3.8293400055E-03
           V = -3.6780562748E-01
           G =  4.2849291841E-02
           K =  3.2495633564E-01
           L =  2.8210704380E-01
           Vnuc =  1.7574150319E+01
           Ven = -5.0719883146E+00
           Vrep =  4.7041826871E+00
           DelSqV = -1.8603894653E+00
           DelSqVen =  1.9831166375E+01
           DelSqVrep = -2.1691555841E+01
           DelSqG =  1.7641302295E+00
           DelSqK =  9.6259235863E-02
           Stress_EigVals = -2.3909208031E-01 -2.3564716121E-01  1.0693361403E-01
           Stress_EigVec1 =  8.3876224181E-01 -1.5730446795E-01 -5.2128035266E-01
           Stress_EigVec2 =  3.3053328186E-01  9.0788123803E-01  2.5787478982E-01
           Stress_EigVec3 =  4.3269579532E-01 -3.8859614255E-01  8.1349086455E-01
           -DivStress =  4.1189642958E-02 -2.9223092315E-02  7.2875483959E-02
           ESP =   8.8755657073E-01
           ESPe = -1.6686593748E+01
           ESPn =  1.7574150319E+01
           BPL =  2.0205920546E+00 =  1.3180859837E+00 +  7.0250607096E-01                
           GBL_I =  2.0203180242E+00                                                      
           GBL_II =  2.0520098649E+00                                                     
           GBL_III =  2.0203913679E+00 =  1.3178862184E+00 +  7.0250514948E-01            
           GBL_IV =  2.0520879058E+00 =  1.3178855873E+00 +  7.3420231850E-01             

CP# 15     Coords =  3.58985066154078E-01 -5.79027316205455E-01 -1.28338304968889E+00
           Type = (3,-1) BCP Se1 O7
           Rho =  2.4929577115E-01
           GradRho = -1.5742615544E-15  2.5431046158E-15  5.5337678884E-15
           HessRho_EigVals = -3.6655764455E-01 -3.5856712454E-01  1.1461004120E+00
           HessRho_EigVec1 = -8.6704323989E-01  3.1952209640E-01 -3.8228477615E-01
           HessRho_EigVec2 =  4.3438405094E-01  8.6058120011E-01 -2.6591444924E-01
           HessRho_EigVec3 = -2.4402154915E-01  3.9661773528E-01  8.8495641453E-01
           DelSqRho =  4.2097564287E-01
           Bond Ellipticity =  2.2284586250E-02
           V = -5.6495632890E-01
           G =  3.3510011981E-01
           K =  2.2985620909E-01
           L = -1.0524391072E-01
           Vnuc =  3.2532264803E+01
           Ven = -8.1101560413E+00
           Vrep =  7.5451997124E+00
           DelSqV = -5.3170092143E+00
           DelSqVen = -1.3695291090E+01
           DelSqVrep =  8.3782818752E+00
           DelSqG =  6.9248813625E+00
           DelSqK = -1.6078721482E+00
           Stress_EigVals = -2.2619867908E-01 -2.2523566898E-01 -1.1352198084E-01
           Stress_EigVec1 = -6.0254909107E-01  6.5357519596E-01 -4.5801097811E-01
           Stress_EigVec2 =  7.6031584003E-01  6.4454653797E-01 -8.0495861975E-02
           Stress_EigVec3 = -2.4259929153E-01  3.9673571003E-01  8.8529450475E-01
           -DivStress = -1.2324558071E-01  1.9839297303E-01  4.3854999514E-01
           ESP =   1.2776805781E+00
           ESPe = -3.1254584225E+01
           ESPn =  3.2532264803E+01
           BPL =  3.0501978775E+00 =  1.4540000000E+00 +  1.5961978775E+00                
           GBL_I =  3.0501618787E+00                                                      
           GBL_II =  3.0491719230E+00                                                     
           GBL_III =  3.0501649680E+00 =  1.4539990139E+00 +  1.5961659542E+00            
           GBL_IV =  3.0491750134E+00 =  1.4530020519E+00 +  1.5961729615E+00             

CP# 16     Coords =  6.01227825163248E-01 -4.86065814092278E-01  1.35825465513885E+00
           Type = (3,-1) BCP N8 Se1
           Rho =  2.2878600385E-01
           GradRho =  7.1123662515E-17 -5.3342746886E-17  1.9081958236E-17
           HessRho_EigVals = -3.3066658688E-01 -2.7699185612E-01  5.9441734467E-01
           HessRho_EigVec1 =  1.0085277701E-01  9.6563663774E-01  2.3952995891E-01
           HessRho_EigVec2 =  9.1425559233E-01  5.0019342430E-03 -4.0510701370E-01
           HessRho_EigVec3 =  3.9238428774E-01 -2.5984777178E-01  8.8233423725E-01
           DelSqRho = -1.3241098322E-02
           Bond Ellipticity =  1.9377728828E-01
           V = -3.9582039171E-01
           G =  1.9625505856E-01
           K =  1.9956533314E-01
           L =  3.3102745806E-03
           Vnuc =  3.0612178134E+01
           Ven = -7.0036379045E+00
           Vrep =  6.6078175128E+00
           DelSqV = -2.7817798819E+00
           DelSqVen =  4.0533886053E-01
           DelSqVrep = -3.1871187424E+00
           DelSqG =  3.3688765310E+00
           DelSqK = -5.8709664909E-01
           Stress_EigVals = -1.7663111526E-01 -1.6317646753E-01 -5.6012808924E-02
           Stress_EigVec1 = -8.9786989626E-01  1.0988239372E-01  4.2632793590E-01
           Stress_EigVec2 =  2.1287622605E-01  9.5598493169E-01  2.0193197560E-01
           Stress_EigVec3 =  3.8537431384E-01 -2.7206372404E-01  8.8174144073E-01
           -DivStress = -1.4303993020E-01  1.1531845603E-01 -3.2168738286E-01
           ESP =   1.0596824348E+00
           ESPe = -2.9552495699E+01
           ESPn =  3.0612178134E+01
           BPL =  3.1896762872E+00 =  1.6256762872E+00 +  1.5640000000E+00                
