AIMSum (Version 19.10.12, Professional)
Copyright (c) 1997-2019 by Todd A. Keith
AIMSum is a component of the AIMAll package ( http://aim.tkgristmill.com )

TP:  64-bit Mac OS X

Much of the Quantum Theory of Atoms in Molecules (QTAIM) is described in the book:
  "Atoms in Molecules - A Quantum Theory"
  R.F.W. Bader, Oxford University Press, Oxford, 1990

For additional references see:  http://aim.tkgristmill.com/references.html

Wfx File:  /Users/chemlab/Documents/SubstituentCoding/HanschLeoTaftSubstituents/QTAIM/SubH_AsO-C6H5-2_wb97xd_aug-cc-pvtz.wfx
Sum File:  /Users/chemlab/Documents/SubstituentCoding/HanschLeoTaftSubstituents/QTAIM/SubH_AsO-C6H5-2_wb97xd_aug-cc-pvtz.sum

SumViz File:  /Users/chemlab/Documents/SubstituentCoding/HanschLeoTaftSubstituents/QTAIM/SubH_AsO-C6H5-2_wb97xd_aug-cc-pvtz.sumviz

Wfx Title:   Title Card Required                                                           
 
Total memory allocated for AIMSum =        1.871 Megabytes

Atomic units (a.u.) used throughout, except where stated otherwise

Model:  Restricted SCF
 
Restricted, closed-shell, single-determinant wavefunction.
  Number of electrons (from MO Occs)                   =         124.0000000000
  Number of Alpha electrons (from MO Occs)             =          62.0000000000
  Number of Beta electrons (from MO Occs)              =          62.0000000000
  Number of electron pairs (N*(N-1)/2)                 =        7626.0000000000
  Number of electron pairs (from Muller 2EDM)          =        7626.0000000000
 
Nuclear Charges and Cartesian Coordinates:
-------------------------------------------------------------------------------
Atom      Charge                X                  Y                  Z
-------------------------------------------------------------------------------
As1       33.0          -5.3208027851E-02  -2.1440785859E+00  -1.0041145093E+00
H2         1.0           2.5355490096E-02  -2.2637913563E+00  -3.8679903787E+00
C3         6.0          -2.9027381812E+00   8.2426052836E-03  -2.6598873521E-01
C4         6.0          -4.8685685882E+00  -1.0294145350E+00   1.1253035154E+00
C5         6.0          -3.0098287713E+00   2.5072140174E+00  -1.0634474101E+00
C6         6.0          -6.9573376848E+00   4.4240606348E-01   1.7108104053E+00
H7         1.0          -4.7375792618E+00  -2.9748575537E+00   1.7448002278E+00
C8         6.0          -5.1007412639E+00   3.9686312833E+00  -4.7560734623E-01
H9         1.0          -1.4651528530E+00   3.3313815952E+00  -2.1234119422E+00
C10        6.0          -7.0733082177E+00   2.9337792338E+00   9.0939439492E-01
H11        1.0          -8.4927168011E+00  -3.5756130114E-01   2.7961476405E+00
H12        1.0          -5.1899011308E+00   5.9154152008E+00  -1.0901484378E+00
H13        1.0          -8.7028420811E+00   4.0784313649E+00   1.3691175077E+00
C14        6.0           2.9427084266E+00  -2.3629237246E-01  -2.1091324461E-01
C15        6.0           3.9242876386E+00   1.5282973486E+00  -1.8873568369E+00
C16        6.0           4.0957902706E+00  -6.4531044984E-01   2.1103199193E+00
C17        6.0           6.0515128812E+00   2.9087375100E+00  -1.2288899221E+00
H18        1.0           3.0546283623E+00   1.8193594109E+00  -3.7181850606E+00
C19        6.0           6.2240459142E+00   7.3621681630E-01   2.7597292293E+00
H20        1.0           3.3383557438E+00  -2.0591353464E+00   3.3799726920E+00
C21        6.0           7.1951015438E+00   2.5143928661E+00   1.0960672880E+00
H22        1.0           6.8227871455E+00   4.2797321806E+00  -2.5330442535E+00
H23        1.0           7.1309203250E+00   4.1938786511E-01   4.5630946304E+00
H24        1.0           8.8577836245E+00   3.5871793707E+00   1.6069009621E+00
O25        8.0          -2.5141468137E-01  -4.8552938024E+00   4.4149970960E-01
 
Some Atomic Properties:
----------------------
  q(A) = Net Charge of Atom A
  L(A) = Lagrangian of Atom A = -(1/4) Times Atomic Integral of the Laplacian of the Electron Density
  K(A) = Electronic Kinetic Energy of Atom A (Hamiltonian Form)
  K_Scaled(A) = K(A) * E(Mol)/K(Mol) = Approximation to Virial-Based Total Energy of Atom A.
  |Mu_Intra(A)| = Magnitude of Intraatomic Dipole Moment of Atom A
--------------------------------------------------------------------------------------------------
Atom A          q(A)              L(A)              K(A)          K_Scaled(A)      |Mu_Intra(A)|
--------------------------------------------------------------------------------------------------
As1       2.0688194750E+00  1.2452563534E-04  2.2319816715E+03 -2.2373149250E+03  4.5154114191E-01
H2       -3.0231031350E-01  2.4266202774E-05  6.6120356671E-01 -6.6278349287E-01  5.6696237573E-02
C3       -4.0756982010E-01 -2.4775370582E-04  3.7999782495E+01 -3.8090581839E+01  5.9755819131E-01
C4       -5.1420312000E-03  1.2715517580E-04  3.7862070508E+01 -3.7952540794E+01  1.6213892597E-01
C5       -1.2514555500E-02 -1.9844210701E-05  3.7860400749E+01 -3.7950867045E+01  1.1183129734E-01
C6       -7.9513702000E-03 -1.7926640719E-05  3.7856546793E+01 -3.7947003880E+01  1.1213013703E-01
H7        7.5113549580E-02  2.4892887007E-05  5.9225082227E-01 -5.9366598791E-01  1.2703509242E-01
C8       -8.5631675000E-03  1.1690083708E-04  3.7856728413E+01 -3.7947185934E+01  1.1562630215E-01
H9        2.0094692300E-02  2.0542833800E-05  6.1458023642E-01 -6.1604875753E-01  1.3157973432E-01
C10      -1.3406284800E-02 -2.1917923713E-05  3.7861615499E+01 -3.7952084698E+01  1.0188619017E-01
H11       2.9127662600E-02  1.5568875206E-05  6.1229384430E-01 -6.1375690214E-01  1.3232497603E-01
H12       2.5396787550E-02  1.6200069556E-05  6.1354342865E-01 -6.1500947234E-01  1.3320451012E-01
H13       2.6222546540E-02  1.5512095076E-05  6.1354944675E-01 -6.1501550482E-01  1.3253010916E-01
C14      -4.0350696850E-01 -1.8586533496E-04  3.8000212374E+01 -3.8091012746E+01  6.0262665942E-01
C15      -1.6867677100E-02  4.5695229584E-05  3.7861375761E+01 -3.7951844387E+01  1.0798404788E-01
C16      -4.6087200000E-04  1.2218983209E-04  3.7859035727E+01 -3.7949498762E+01  1.5053111420E-01
C17      -8.5152383000E-03 -2.2892768176E-04  3.7856287736E+01 -3.7946744204E+01  1.1739577308E-01
H18       1.6445789740E-02  2.5284522000E-05  6.1573265186E-01 -6.1720392663E-01  1.3524222465E-01
C19      -6.2817492000E-03 -1.8419610218E-05  3.7856595788E+01 -3.7947052993E+01  1.1226431309E-01
H20       6.4324272730E-02  1.9243028606E-05  5.9675822671E-01 -5.9818416266E-01  1.2837328411E-01
C21      -1.1493019300E-02 -1.2379268666E-04  3.7860649315E+01 -3.7951116205E+01  1.0370812577E-01
H22       2.6763516850E-02  1.9641596867E-05  6.1300631845E-01 -6.1447107873E-01  1.3285933028E-01
H23       3.0634117460E-02  1.9060466666E-05  6.1178558921E-01 -6.1324743259E-01  1.3188652475E-01
H24       2.7733241510E-02  2.6306733855E-05  6.1302293625E-01 -6.1448773624E-01  1.3214753073E-01
O25      -1.2061807274E+00  1.8763602103E-05  7.5128148917E+01 -7.5307665383E+01  3.2469052016E-01
--------------------------------------------------------------------------------------------------
Total    -8.8142739998E-05 -8.2698171141E-05  2.7684588486E+03 -2.7750739983E+03
 
1st Largest |L(A)| = 2.4775370582E-04, atom C3      
2nd Largest |L(A)| = 2.2892768176E-04, atom C17     
 
Molecular charge q(Mol) from the wfx file:   0.0000000000E+00
Molecular energy E(Mol) from the wfx file:  -2.7750740253E+03
Molecular virial ratio (-V(Mol)/T(Mol)) from the wfx file:   2.0023894701E+00
Full molecular virial ratio ((-V(Mol)+W(Mol))/T(Mol)) from the wfx file:   2.0023894624E+00
Note.  K_Scaled(A) = (1+V(Mol)/T(Mol))*K(A) = (E(Mol)/T(Mol))*K(A)
       Only use K_Scaled(A) data with caution.
 
N_AIMInt(SumA)     =        124.000088
N_Analytic(Mol)    =        124.000000
 
G_AIMInt(SumA)     =       2768.458931
G_Analytic(Mol)    =       2768.458876
 
K_AIMInt(SumA)     =       2768.458849
K_Analytic(Mol)    =       2768.458876
 
L_AIMInt(SumA)     =         -0.000083
L_Analytic(Mol)    =          0.000000
 
VenT_AIMInt(SumA)  =      -8979.278290
VenT_Analytic(Mol) =      -8979.276094
 
Some Information About the Atomic Calculations:
----------------------------------------------
  Time(sec) = "Elapsed User Time", in Seconds, for Atom A by AIMInt and, if used, by TWOe
  NProc = Number of Processors Used for AIMInt Job
  BIM = Basin Integration Method
  OAQ = Angular Quadrature Outside of Beta Sphere
  ORQ = Multiple of Default for Radial Quadrature Outside of Beta Sphere
  IAQ = Multiple of Default for Angular Quadrature Inside of Beta Sphere
  IRQ = Multiple of Default for Radial Quadrature Inside of Beta Sphere
  MIR = Maximum Integration Radius
------------------------------------------------------------------------------------------------------
Atom A     Time(sec)   NProc      BIM          OAQ                     ORQ      IAQ      IRQ      MIR
------------------------------------------------------------------------------------------------------
As1           405        2     Proaim(5)    4500(GS4)                  1.00     1.00     1.00    13.00
H2            125        2     Proaim(5)    1800(GS4)                  1.00     1.00     1.00    13.00
C3            323        2     Proaim(5)    4500(GS4)                  1.00     1.00     1.00    13.00
C4            247        2     Proaim(5)    4500(GS4)                  1.00     1.00     1.00    13.00
C5            276        2     Proaim(5)    4500(GS4)                  1.00     1.00     1.00    13.00
C6            215        2     Proaim(5)    4500(GS4)                  1.00     1.00     1.00    13.00
H7            112        2     Proaim(5)    1800(GS4)                  1.00     1.00     1.00    13.00
C8            239        2     Proaim(5)    4500(GS4)                  1.00     1.00     1.00    13.00
H9            148        2     Proaim(5)    1800(GS4)                  1.00     1.00     1.00    13.00
C10           188        2     Proaim(5)    4500(GS4)                  1.00     1.00     1.00    13.00
H11            97        2     Proaim(5)    1800(GS4)                  1.00     1.00     1.00    13.00
H12           100        2     Proaim(5)    1800(GS4)                  1.00     1.00     1.00    13.00
H13           100        2     Proaim(5)    1800(GS4)                  1.00     1.00     1.00    13.00
C14           322        2     Proaim(5)    4500(GS4)                  1.00     1.00     1.00    13.00
C15           268        2     Proaim(5)    4500(GS4)                  1.00     1.00     1.00    13.00
C16           242        2     Proaim(5)    4500(GS4)                  1.00     1.00     1.00    13.00
C17           233        2     Proaim(5)    4500(GS4)                  1.00     1.00     1.00    13.00
H18           120        2     Proaim(5)    1800(GS4)                  1.00     1.00     1.00    13.00
C19           228        2     Proaim(5)    4500(GS4)                  1.00     1.00     1.00    13.00
H20           122        2     Proaim(5)    1800(GS4)                  1.00     1.00     1.00    13.00
C21           196        2     Proaim(5)    4500(GS4)                  1.00     1.00     1.00    13.00
H22           101        2     Proaim(5)    1800(GS4)                  1.00     1.00     1.00    13.00
H23            97        2     Proaim(5)    1800(GS4)                  1.00     1.00     1.00    13.00
H24            98        2     Proaim(5)    1800(GS4)                  1.00     1.00     1.00    13.00
O25           166        2     Proaim(5)    2700(GS4)                  1.00     1.00     1.00    13.00
------------------------------------------------------------------------------------------------------
Total        4768
Note:  Total wall clock time is less than total of atomic times if more than one atom
       was calculated at a time
 
Electron Density Critical Point Analysis of Molecular Structure:               
---------------------------------------------------------------                
  NACP = Nuclear Attractor Critical Point                                      
  NNACP = Non-Nuclear Attractor Critical Point                                 
  BCP = Bond Critical Point                                                    
  RCP = Ring Critical Point                                                    
  CCP = Cage Critical Point                                                    
  Rho = Electron Density                                                       
  GradRho = Gradient of Electron Density                                       
  HessRho_EigVals = Eigenvalues of the Hessian of Rho, Ascending Order         
  HessRho_EigVecs = Eigenvectors of the Hessian of Rho                         
  DelSqRho = Laplacian of Rho = Trace of Hessian of Rho                        
  Bond Ellipticity = (HessRho_EigVal(1) / HessRho_EigVal(2)) - 1               
  V = Virial Field = Potential Energy Density = Trace of Stress Tensor         
  G = Lagrangian Form of Kinetic Energy Density                                
  K = Hamiltonian Form of Kinetic Energy Density                               
  L = K - G = Lagrangian Density = (-1/4)DelSqRho                              
  Vnuc = Electrostatic Potential from Nuclei                                   
  Ven = Electron-nuclear attractive contribution to Virial Field V             
  Vrep = V - Ven = Repulsive contribution to Virial Field V                    
  DelSqV = Laplacian of V                                                      
  DelSqVen = Laplacian of Ven                                                  
  DelSqVrep = Laplacian of Vrep                                                
  DelSqG = Laplacian of G                                                      
  DelSqK = Laplacian of K                                                      
  Stress_EigVals = Eigenvalues of Stress Tensor, Ascending Order               
  Stress_EigVecs = Eigenvectors of Stress Tensor                               
  -DivStress = Ehrenfest Force Density = Minus Divergence of Stress Tensor     
  ESP = Total Electrostatic Potential                                          
  ESPe = Electrostatic Potential from Electrons                                
  ESPn = Electrostatic Potential from Nuclei                                   
  BP = Bond Path                                                               
  BPL = Bond Path Length                                                       
  GBL = Geometric Bond Length                                                  
  GBL_I = Distance Between Nuclear Attractors                                  
  GBL_II = Distance Between Nuclei                                             
  GBL_III = Sum of Distances Between BCP and Nuclear Attractors                
  GBL_IV = Sum of Distances Between BCP and Nuclei                             

CP# 1      Coords = -5.32080278014248E-02 -2.14407858541316E+00 -1.00411450969009E+00
           Type = (3,-3) NACP As1
           Rho =  2.4531785937E+04     Rho at Nucleus =  2.4531785937E+04
           GradRho =  4.3758976165E-09 -1.3421024044E-06  6.6967242317E-07
           HessRho_EigVals = -9.0394368932E+09 -9.0394368173E+09 -9.0394363667E+09
           HessRho_EigVec1 =  3.2942183211E-01  4.4049663631E-01  8.3513110942E-01
           HessRho_EigVec2 =  9.3758829648E-01 -2.5697047625E-01 -2.3429545585E-01
           HessRho_EigVec3 =  1.1139767872E-01  8.6019119254E-01 -4.9765617593E-01
           DelSqRho = -2.7118310077E+10
           Bond Ellipticity = NA
           V = -6.7810484990E+09
           G =  7.3548986965E+05
           K =  6.7803130092E+09
           L =  6.7795775193E+09
           Vnuc =  3.3000000164E+09
           Ven = -8.0954893994E+13
           Vrep =  8.0948112946E+13
           DelSqV =  4.0318890561E+17
           DelSqVen =  2.4198680326E+30
           DelSqVrep = -2.4198680326E+30
           DelSqG =  2.4986546641E+15
           DelSqK = -4.0568756027E+17
           Stress_EigVals = -2.2603495356E+09 -2.2603494894E+09 -2.2603494741E+09
           Stress_EigVec1 =  1.3233015756E-01  8.6369463463E-01 -4.8633353525E-01
           Stress_EigVec2 = -9.3474978080E-01  2.7196355385E-01  2.2864529883E-01
           Stress_EigVec3 =  3.2974471443E-01  4.2434349705E-01  8.4332735033E-01
           -DivStress = -6.5720238293E+06 -5.8639295922E+07  5.4931929467E+07
           ESP =  -1.6197697466E+02     ESP at Nucleus =  -1.6197697466E+02
           ESPe = -1.7833322228E+02     ESPe at Nucleus = -1.7833322228E+02
           ESPn =  1.6356247618E+01     ESPn at Nucleus =  1.6356247619E+01

CP# 2      Coords =  2.49034258683128E-02 -2.26246961251362E+00 -3.84809362180054E+00
           Type = (3,-3) NACP H2
           Rho =  3.8434730390E-01     Rho at Nucleus =  3.8282674810E-01
           GradRho = -4.1524943206E-17 -1.6646433581E-15  2.5389168849E-15
           HessRho_EigVals = -7.8569787366E+00 -7.8559144690E+00 -7.5351838889E+00
           HessRho_EigVec1 =  1.4261605974E-01 -9.8798728575E-01  5.9512878368E-02
           HessRho_EigVec2 =  9.8946355396E-01  1.4382850024E-01  1.6590295533E-02
           HessRho_EigVec3 = -2.4950649094E-02  5.6519781557E-02  9.9808966501E-01
           DelSqRho = -2.3248077095E+01
           Bond Ellipticity = NA
           V = -5.8180071958E+00
           G =  2.9939610979E-03
           K =  5.8150132347E+00
           L =  5.8120192736E+00
           Vnuc =  7.4365304588E+01
           Ven = -2.8582104322E+01
           Vrep =  2.2764097127E+01
           DelSqV =  1.5233599667E+03
           DelSqVen =  1.7288503342E+03
           DelSqVrep = -2.0549036749E+02
           DelSqG =  1.1736854491E+02
           DelSqK = -1.6407285116E+03
           Stress_EigVals = -1.9654257447E+00 -1.9652372155E+00 -1.8873442356E+00
           Stress_EigVec1 = -5.4749174827E-01  8.3444445978E-01 -6.2890612285E-02
           Stress_EigVec2 =  8.3645292762E-01  5.4790830882E-01 -1.1957633931E-02
           Stress_EigVec3 = -2.4480307632E-02  5.9151742671E-02  9.9794878921E-01
           -DivStress =  2.1892610454E-01 -6.3925308046E-01 -9.6355991492E+00
           ESP =  -1.0588900190E+00     ESP at Nucleus =  -1.0592556482E+00
           ESPe = -2.5288160425E+01     ESPe at Nucleus = -2.5184199429E+01
           ESPn =  2.4229270406E+01     ESPn at Nucleus =  2.4124943780E+01

CP# 3      Coords = -2.90273687616036E+00  8.24186020565568E-03 -2.65989242820371E-01
           Type = (3,-3) NACP C3
           Rho =  1.2110479820E+02     Rho at Nucleus =  1.2110479789E+02
           GradRho =  3.9248009842E-09 -2.2630170793E-09 -1.5369816149E-09
           HessRho_EigVals = -2.4865167590E+05 -2.4865041019E+05 -2.4864939473E+05
           HessRho_EigVec1 =  4.3647927307E-01  2.9440686295E-01  8.5018259405E-01
           HessRho_EigVec2 =  7.7927536785E-01 -5.9599853896E-01 -1.9368955217E-01
           HessRho_EigVec3 =  4.4968405047E-01  7.4706782865E-01 -4.8956502546E-01
           DelSqRho = -7.4595148082E+05
           Bond Ellipticity = NA
           V = -1.8650302064E+05
           G =  7.5752152524E+00
           K =  1.8649544542E+05
           L =  1.8648787021E+05
           Vnuc =  3.7827401808E+06
           Ven = -4.5810798624E+08
           Vrep =  4.5792148322E+08
           DelSqV =  1.1220020329E+10
           DelSqVen =  2.8217406915E+12
           DelSqVrep = -2.8105206875E+12
           DelSqG =  3.8292860979E+08
           DelSqK = -1.1602948939E+10
           Stress_EigVals = -6.2168082100E+04 -6.2167693211E+04 -6.2167245324E+04
           Stress_EigVec1 =  4.3263877135E-01  7.5938705399E-01 -4.8595781273E-01
           Stress_EigVec2 =  7.8641560650E-01 -5.8145172860E-01 -2.0848112902E-01
           Stress_EigVec3 =  4.4087888062E-01  2.9196778853E-01  8.4875239209E-01
           -DivStress = -4.7935254688E+03  2.7362192211E+03  1.8641620361E+03
           ESP =  -1.4739858789E+01     ESP at Nucleus =  -1.4739858798E+01
           ESPe = -3.9761778230E+01     ESPe at Nucleus = -3.9761775851E+01
           ESPn =  2.5021919441E+01     ESPn at Nucleus =  2.5021917053E+01

CP# 4      Coords = -4.86856827137283E+00 -1.02941433546158E+00  1.12530325477029E+00
           Type = (3,-3) NACP C4
           Rho =  1.2111952936E+02     Rho at Nucleus =  1.2111952933E+02
           GradRho = -1.6524573376E-11  3.7918957904E-11 -5.4700599952E-11
           HessRho_EigVals = -2.4869247285E+05 -2.4868974633E+05 -2.4868950828E+05
           HessRho_EigVec1 =  4.4417287477E-01  2.9577073599E-01  8.4571279348E-01
           HessRho_EigVec2 =  8.6036889749E-01  1.2253204957E-01 -4.9472341470E-01
           HessRho_EigVec3 = -2.4995163041E-01  9.4736770504E-01 -2.0004652933E-01
           DelSqRho = -7.4607172747E+05
           Bond Ellipticity = NA
           V = -1.8653324648E+05
           G =  7.6573052465E+00
           K =  1.8652558917E+05
           L =  1.8651793187E+05
           Vnuc =  1.3150953614E+07
           Ven = -1.5928373123E+09
           Vrep =  1.5926507790E+09
           DelSqV =  1.1221855042E+10
           DelSqVen =  9.8115562701E+12
           DelSqVrep = -9.8003343823E+12
           DelSqG =  3.8300565546E+08
           DelSqK = -1.1604860697E+10
           Stress_EigVals = -6.2178078532E+04 -6.2178041774E+04 -6.2177126170E+04
           Stress_EigVec1 = -7.8982225626E-01  5.7506272112E-01  2.1326900925E-01
           Stress_EigVec2 =  4.2325151978E-01  7.6268602768E-01 -4.8904823298E-01
           Stress_EigVec3 =  4.4389070110E-01  2.9599474650E-01  8.4578256988E-01
           -DivStress = -1.1646578546E+03 -7.2983117322E+02  9.5639298622E+02
           ESP =  -1.4751471703E+01     ESP at Nucleus =  -1.4751471703E+01
           ESPe = -3.5888256554E+01     ESPe at Nucleus = -3.5888255638E+01
           ESPn =  2.1136784851E+01     ESPn at Nucleus =  2.1136783936E+01

CP# 5      Coords = -3.00982821543665E+00  2.50721379797557E+00 -1.06344768475809E+00
           Type = (3,-3) NACP C5
           Rho =  1.2110998644E+02     Rho at Nucleus =  1.2110998639E+02
           GradRho =  2.5209124371E-10 -1.4721067421E-10 -1.1515566278E-10
           HessRho_EigVals = -2.4867706946E+05 -2.4867471671E+05 -2.4867453097E+05
           HessRho_EigVec1 =  4.3563606629E-01  2.8793687539E-01  8.5282681333E-01
           HessRho_EigVec2 =  6.0949631788E-01  6.0284181955E-01 -5.1487472175E-01
           HessRho_EigVec3 = -6.6237108651E-01  7.4409280093E-01  8.7123173531E-02
           DelSqRho = -7.4602631714E+05
           Bond Ellipticity = NA
           V = -1.8652190906E+05
           G =  7.6648878396E+00
           K =  1.8651424417E+05
           L =  1.8650657928E+05
           Vnuc =  9.1233163401E+06
           Ven = -1.1049247183E+09
           Vrep =  1.1047381964E+09
           DelSqV =  1.1221188352E+10
           DelSqVen =  6.8062336778E+12
           DelSqVrep = -6.7950124895E+12
           DelSqG =  3.8298919646E+08
           DelSqK = -1.1604177549E+10
           Stress_EigVals = -6.2174307649E+04 -6.2174189656E+04 -6.2173411755E+04
           Stress_EigVec1 = -5.5614455218E-01  8.3107770074E-01  3.6183450023E-03
           Stress_EigVec2 =  7.0751708793E-01  4.7573490329E-01 -5.2258575571E-01
           Stress_EigVec3 =  4.3603074130E-01  2.8807318017E-01  8.5257904942E-01
           -DivStress = -2.0445658267E+03  8.0463734564E+02  1.0103981423E+03
           ESP =  -1.4744145774E+01     ESP at Nucleus =  -1.4744145776E+01
           ESPe = -3.6263296415E+01     ESPe at Nucleus = -3.6263296237E+01
           ESPn =  2.1519150642E+01     ESPn at Nucleus =  2.1519150461E+01

CP# 6      Coords = -6.95733788783760E+00  4.42405953664954E-01  1.71081054410770E+00
           Type = (3,-3) NACP C6
           Rho =  1.2109800808E+02     Rho at Nucleus =  1.2109800807E+02
           GradRho =  7.8028067514E-11 -1.5650573719E-11  2.3705324162E-11
           HessRho_EigVals = -2.4863829952E+05 -2.4863585221E+05 -2.4863566053E+05
           HessRho_EigVec1 =  4.4418495157E-01  2.9328387518E-01  8.4657208634E-01
           HessRho_EigVec2 =  7.8097804726E-01  3.3630945104E-01 -5.2627867413E-01
           HessRho_EigVec3 = -4.3905924259E-01  8.9491928223E-01 -7.9664670904E-02
           DelSqRho = -7.4590981226E+05
           Bond Ellipticity = NA
           V = -1.8649281391E+05
           G =  7.6804207463E+00
           K =  1.8648513349E+05
           L =  1.8647745306E+05
           Vnuc =  2.2277855643E+07
           Ven = -2.6978039426E+09
           Vrep =  2.6976174498E+09
           DelSqV =  1.1219405896E+10
           DelSqVen =  1.6617267266E+13
           DelSqVrep = -1.6606047860E+13
           DelSqG =  3.8290761161E+08
           DelSqK = -1.1602313508E+10
           Stress_EigVals = -6.2164617347E+04 -6.2164496620E+04 -6.2163699940E+04
           Stress_EigVec1 = -4.6911075231E-01  8.8115221715E-01 -5.9210406843E-02
           Stress_EigVec2 =  7.6325386320E-01  3.7078915835E-01 -5.2911146308E-01
           Stress_EigVec3 =  4.4427316190E-01  2.9340444827E-01  8.4648401483E-01
           -DivStress =  7.4867966748E+02  4.0566244704E+02 -5.1241131440E+02
           ESP =  -1.4752461321E+01     ESP at Nucleus =  -1.4752461322E+01
           ESPe = -3.2976198433E+01     ESPe at Nucleus = -3.2976198988E+01
           ESPn =  1.8223737112E+01     ESPn at Nucleus =  1.8223737666E+01

CP# 7      Coords = -4.73999769451186E+00 -2.94389126876841E+00  1.73502045386171E+00
           Type = (3,-3) NACP H7
           Rho =  4.3535640708E-01     Rho at Nucleus =  4.3097437658E-01
           GradRho = -1.0679543919E-11  1.3808790274E-10 -4.3641115441E-11
           HessRho_EigVals = -8.7954009318E+00 -8.7838880531E+00 -7.9401722655E+00
           HessRho_EigVec1 =  9.0670818594E-01 -6.6935343230E-02 -4.1641316666E-01
           HessRho_EigVec2 =  4.1614620443E-01  3.0251813254E-01  8.5749933879E-01
           HessRho_EigVec3 = -6.8575520984E-02  9.5079042870E-01 -3.0215055620E-01
           DelSqRho = -2.5519461250E+01
           Bond Ellipticity = NA
           V = -6.3952396760E+00
           G =  7.6871817120E-03
           K =  6.3875524943E+00
           L =  6.3798653126E+00
           Vnuc =  5.1507624037E+01
           Ven = -2.2424174138E+01
           Vrep =  1.6028934462E+01
           DelSqV =  1.6370626854E+03
           DelSqVen =  1.3144468160E+03
           DelSqVrep =  3.2261586943E+02
           DelSqG =  1.2523969744E+02
           DelSqK = -1.7623023829E+03
           Stress_EigVals = -2.2044920820E+00 -2.2028959279E+00 -1.9878516660E+00
           Stress_EigVec1 =  9.1747259551E-01 -5.9565096860E-02 -3.9331416925E-01
           Stress_EigVec2 =  3.9195169720E-01  3.0426189122E-01  8.6821573852E-01
           Stress_EigVec3 = -6.7955158418E-02  9.5072430325E-01 -3.0249858786E-01
           -DivStress =  1.2913788641E+00 -1.6495671766E+01  5.2085193609E+00
           ESP =  -1.1026517581E+00     ESP at Nucleus =  -1.1039203890E+00
           ESPe = -2.1901365603E+01     ESPe at Nucleus = -2.1812459163E+01
           ESPn =  2.0798713845E+01     ESPn at Nucleus =  2.0708538774E+01

CP# 8      Coords = -5.10074121492075E+00  3.96863157880449E+00 -4.75607486347287E-01
           Type = (3,-3) NACP C8
           Rho =  1.2109863367E+02     Rho at Nucleus =  1.2109863365E+02
           GradRho = -1.0090766417E-10  6.7039040985E-11 -2.0652167476E-11
           HessRho_EigVals = -2.4864270096E+05 -2.4864034368E+05 -2.4864012956E+05
           HessRho_EigVec1 =  4.4171306990E-01  2.9009844667E-01  8.4895963103E-01
           HessRho_EigVec2 = -1.5623810135E-01  9.5669215241E-01 -2.4562121490E-01
           HessRho_EigVec3 = -8.8344734963E-01 -2.4145740010E-02  4.6790785811E-01
           DelSqRho = -7.4592317420E+05
           Bond Ellipticity = NA
           V = -1.8649616013E+05
           G =  7.6832869533E+00
           K =  1.8648847684E+05
           L =  1.8648079355E+05
           Vnuc =  1.8144393353E+07
           Ven = -2.1972612437E+09
           Vrep =  2.1970747475E+09
           DelSqV =  1.1219614898E+10
           DelSqVen =  1.3534315414E+13
           DelSqVrep = -1.3523093701E+13
           DelSqG =  3.8291935335E+08
           DelSqK = -1.1602534252E+10
           Stress_EigVals = -6.2165728431E+04 -6.2165603562E+04 -6.2164828132E+04
           Stress_EigVec1 =  8.9261565727E-01 -4.6911001808E-02 -4.4837110333E-01
           Stress_EigVec2 =  9.0283556681E-02 -9.5582150578E-01  2.7973939387E-01
           Stress_EigVec3 =  4.4168559834E-01  2.9018030084E-01  8.4894594953E-01
           -DivStress = -1.7996882916E+02 -1.0895152396E+03  5.1586158587E+02
           ESP =  -1.4750008365E+01     ESP at Nucleus =  -1.4750008367E+01
           ESPe = -3.3245778941E+01     ESPe at Nucleus = -3.3245779530E+01
           ESPn =  1.8495770576E+01     ESPn at Nucleus =  1.8495771163E+01

CP# 9      Coords = -1.48861953835530E+00  3.31847114561676E+00 -2.10733817786679E+00
           Type = (3,-3) NACP H9
           Rho =  4.4131286131E-01     Rho at Nucleus =  4.3720556251E-01
           GradRho =  1.9667427409E-16 -2.1003164485E-15  9.3067914486E-16
           HessRho_EigVals = -8.9335140506E+00 -8.9239966642E+00 -8.1150994885E+00
           HessRho_EigVec1 = -5.2896702556E-01  8.4252133350E-01 -1.0174324782E-01
           HessRho_EigVec2 =  3.9326394420E-01  3.4959689909E-01  8.5036784884E-01
           HessRho_EigVec3 =  7.5202217791E-01  4.0980460070E-01 -5.1625849454E-01
           DelSqRho = -2.5972610203E+01
           Bond Ellipticity = NA
           V = -6.5092264418E+00
           G =  8.0369454657E-03
           K =  6.5011894963E+00
           L =  6.4931525508E+00
           Vnuc =  5.3548581694E+01
           Ven = -2.3631677806E+01
           Vrep =  1.7122451365E+01
           DelSqV =  1.6711459739E+03
           DelSqVen =  1.3907964393E+03
           DelSqVrep =  2.8034953461E+02
           DelSqG =  1.2795139472E+02
           DelSqK = -1.7990973686E+03
           Stress_EigVals = -2.2391675767E+00 -2.2384341263E+00 -2.0316247387E+00
           Stress_EigVec1 =  5.8985980426E-01 -7.6840851726E-01  2.4822119553E-01
           Stress_EigVec2 =  2.9479554437E-01  4.9108995550E-01  8.1971107265E-01
           Stress_EigVec3 =  7.5177190579E-01  4.1034011040E-01 -5.1619763217E-01
           -DivStress =  1.2726420577E+01  6.9981151457E+00 -8.7145370421E+00
           ESP =  -1.0888223270E+00     ESP at Nucleus =  -1.0899977661E+00
           ESPe = -2.2623770873E+01     ESPe at Nucleus = -2.2544711121E+01
           ESPn =  2.1534948546E+01     ESPn at Nucleus =  2.1454713355E+01

CP# 10     Coords = -7.07330850172318E+00  2.93377953363114E+00  9.09394438831552E-01
           Type = (3,-3) NACP C10
           Rho =  1.2110652801E+02     Rho at Nucleus =  1.2110652799E+02
           GradRho = -1.0451938794E-10  1.8531161848E-11  7.8801869544E-12
           HessRho_EigVals = -2.4865605881E+05 -2.4865347368E+05 -2.4865324886E+05
           HessRho_EigVec1 =  4.4354205171E-01  2.9188514280E-01  8.4739218298E-01
           HessRho_EigVec2 =  8.3290472443E-01 -4.8338734488E-01 -2.6945573815E-01
           HessRho_EigVec3 =  3.3096853080E-01  8.2531190360E-01 -4.5751512915E-01
           DelSqRho = -7.4596278135E+05
           Bond Ellipticity = NA
           V = -1.8650603240E+05
           G =  7.6685331499E+00
           K =  1.8649836387E+05
           L =  1.8649069534E+05
           Vnuc =  1.4448410459E+07
           Ven = -1.7497968259E+09
           Vrep =  1.7496103199E+09
           DelSqV =  1.1220198286E+10
           DelSqVen =  1.0777972965E+13
           DelSqVrep = -1.0766754864E+13
           DelSqG =  3.8293494480E+08
           DelSqK = -1.1603133231E+10
           Stress_EigVals = -6.2169042193E+04 -6.2168909642E+04 -6.2168080567E+04
           Stress_EigVec1 =  3.7063298826E-01  8.0111107326E-01 -4.6994918482E-01
           Stress_EigVec2 =  8.1615642222E-01 -5.2242814153E-01 -2.4689579057E-01
           Stress_EigVec3 =  4.4330563101E-01  2.9204432067E-01  8.4746105060E-01
           -DivStress =  1.0466961258E+03 -1.1037017255E+03 -1.6234425128E+02
           ESP =  -1.4749834368E+01     ESP at Nucleus =  -1.4749834369E+01
           ESPe = -3.2293073309E+01     ESPe at Nucleus = -3.2293074168E+01
           ESPn =  1.7543238941E+01     ESPn at Nucleus =  1.7543239799E+01

CP# 11     Coords = -8.46904785733610E+00 -3.45151817473175E-01  2.77938654414977E+00
           Type = (3,-3) NACP H11
           Rho =  4.4146739121E-01     Rho at Nucleus =  4.3728609056E-01
           GradRho =  7.2820981016E-15  2.9734244580E-16 -6.3317406873E-17
           HessRho_EigVals = -8.9251160431E+00 -8.9147048792E+00 -8.0939888410E+00
           HessRho_EigVec1 = -4.8913005940E-01  8.7089223363E-01 -4.7942699143E-02
           HessRho_EigVec2 =  4.4384637819E-01  2.9584749942E-01  8.4585734592E-01
           HessRho_EigVec3 =  7.5083432098E-01  3.9245506048E-01 -5.3125026865E-01
           DelSqRho = -2.5933809763E+01
           Bond Ellipticity = NA
           V = -6.4990835328E+00
           G =  7.8155459960E-03
           K =  6.4912679868E+00
           L =  6.4834524408E+00
           Vnuc =  4.8410737816E+01
           Ven = -2.1371762130E+01
           Vrep =  1.4872678597E+01
           DelSqV =  1.6672116515E+03
           DelSqVen =  1.2554748650E+03
           DelSqVrep =  4.1173678643E+02
           DelSqG =  1.2752682687E+02
           DelSqK = -1.7947384783E+03
           Stress_EigVals = -2.2369323548E+00 -2.2360161615E+00 -2.0261350165E+00
           Stress_EigVec1 = -4.8889008126E-01  8.7106570517E-01 -4.7233734961E-02
           Stress_EigVec2 =  4.4421197218E-01  2.9518518732E-01  8.4589681933E-01
           Stress_EigVec3 =  7.5077440834E-01  3.9256877418E-01 -5.3125092501E-01
           -DivStress = -1.2810984647E+01 -6.7166650815E+00  9.0720591598E+00
           ESP =  -1.0989405535E+00     ESP at Nucleus =  -1.1001461659E+00
           ESPe = -1.7809913114E+01     ESPe at Nucleus = -1.7714313275E+01
           ESPn =  1.6710972560E+01     ESPn at Nucleus =  1.6614167109E+01

CP# 12     Coords = -5.18851562933169E+00  5.88543225176068E+00 -1.08070115937085E+00
           Type = (3,-3) NACP H12
           Rho =  4.4160127079E-01     Rho at Nucleus =  4.3743843435E-01
           GradRho =  1.2499766847E-14 -1.9780303697E-13  6.3003394819E-14
           HessRho_EigVals = -8.9287206421E+00 -8.9183230542E+00 -8.1005396899E+00
           HessRho_EigVec1 =  8.9702694911E-01 -9.4687811418E-02 -4.3171387625E-01
           HessRho_EigVec2 =  4.3978164387E-01  2.8843306239E-01  8.5052835005E-01
           HessRho_EigVec3 = -4.3985887389E-02  9.5280668915E-01 -3.0037419134E-01
           DelSqRho = -2.5947583386E+01
           Bond Ellipticity = NA
           V = -6.5026581288E+00
           G =  7.8811411235E-03
           K =  6.4947769877E+00
           L =  6.4868958466E+00
           Vnuc =  4.8878376880E+01
           Ven = -2.1584753344E+01
           Vrep =  1.5082095215E+01
           DelSqV =  1.6684221768E+03
           DelSqVen =  1.2682757599E+03
           DelSqVrep =  4.0014641692E+02
           DelSqG =  1.2762357974E+02
           DelSqK = -1.7960457565E+03
           Stress_EigVals = -2.2378458076E+00 -2.2370433429E+00 -2.0277689783E+00
           Stress_EigVec1 =  8.9563480985E-01 -9.5644172500E-02 -4.3438517430E-01
           Stress_EigVec2 =  4.4261399610E-01  2.8813554588E-01  8.4915885302E-01
           Stress_EigVec3 = -4.3944713504E-02  9.5280118570E-01 -3.0039767424E-01
           -DivStress = -7.5042682195E-01  1.6237550251E+01 -5.1161664151E+00
           ESP =  -1.0951836794E+00     ESP at Nucleus =  -1.0963828394E+00
           ESPe = -1.8193848284E+01     ESPe at Nucleus = -1.8099661705E+01
           ESPn =  1.7098664605E+01     ESPn at Nucleus =  1.7003278866E+01

CP# 13     Coords = -8.67772569028481E+00  4.06081530678116E+00  1.36202062317293E+00
           Type = (3,-3) NACP H13
           Rho =  4.4188278552E-01     Rho at Nucleus =  4.3771205371E-01
           GradRho =  8.7743939718E-15 -6.0419605517E-15 -1.1382496508E-15
           HessRho_EigVals = -8.9340820243E+00 -8.9238346755E+00 -8.1041828169E+00
           HessRho_EigVec1 =  4.0839522226E-01  7.7566432338E-01 -4.8120494581E-01
           HessRho_EigVec2 =  4.4402173821E-01  2.9178652538E-01  8.4717490497E-01
           HessRho_EigVec3 =  7.9753246858E-01 -5.5964764008E-01 -2.2524759825E-01
           DelSqRho = -2.5962099517E+01
           Bond Ellipticity = NA
           V = -6.5061224060E+00
           G =  7.7987634076E-03
           K =  6.4983236426E+00
           L =  6.4905248792E+00
           Vnuc =  4.7753331281E+01
           Ven = -2.1101375044E+01
           Vrep =  1.4595252638E+01
           DelSqV =  1.6692223394E+03
           DelSqVen =  1.2397767390E+03
           DelSqVrep =  4.2944560041E+02
           DelSqG =  1.2768356947E+02
           DelSqK = -1.7969059089E+03
           Stress_EigVals = -2.2392246564E+00 -2.2381968816E+00 -2.0287008680E+00
           Stress_EigVec1 = -4.0803444328E-01 -7.7546688397E-01  4.8182881292E-01
           Stress_EigVec2 =  4.4432206780E-01  2.9236839231E-01  8.4681675895E-01
           Stress_EigVec3 =  7.9754986877E-01 -5.5961757928E-01 -2.2526067521E-01
           -DivStress = -1.3609008946E+01  9.5449707154E+00  3.8454535674E+00
           ESP =  -1.0962537044E+00     ESP at Nucleus =  -1.0974549098E+00
           ESPe = -1.7091938871E+01     ESPe at Nucleus = -1.6997148971E+01
           ESPn =  1.5995685167E+01     ESPn at Nucleus =  1.5899694061E+01

CP# 14     Coords =  2.94270710811158E+00 -2.36292941819988E-01 -2.10913688277357E-01
           Type = (3,-3) NACP C14
           Rho =  1.2110007851E+02     Rho at Nucleus =  1.2110007822E+02
           GradRho = -3.5802800724E-09 -1.5507116147E-09 -1.2057496390E-09
           HessRho_EigVals = -2.4863776093E+05 -2.4863641147E+05 -2.4863547142E+05
           HessRho_EigVec1 =  5.9840133889E-01 -6.9246184648E-01 -4.0300425406E-01
           HessRho_EigVec2 =  7.9792072863E-01  5.6051351182E-01  2.2169148357E-01
           HessRho_EigVec3 =  7.2376435664E-02 -4.5422592863E-01  8.8794169703E-01
           DelSqRho = -7.4590964381E+05
           Bond Ellipticity = NA
           V = -1.8649256976E+05
           G =  7.5794033947E+00
           K =  1.8648499036E+05
           L =  1.8647741095E+05
           Vnuc =  3.9917005564E+06
           Ven = -4.8339525075E+08
           Vrep =  4.8320875818E+08
           DelSqV =  1.1219382679E+10
           DelSqVen =  2.9774478705E+12
           DelSqVrep = -2.9662284878E+12
           DelSqG =  3.8290057420E+08
           DelSqK = -1.1602283253E+10
           Stress_EigVals = -6.2164592271E+04 -6.2164224169E+04 -6.2163753319E+04
           Stress_EigVec1 =  5.9759122212E-02 -4.6238417315E-01  8.8466362180E-01
           Stress_EigVec2 =  8.0566640482E-01  5.4558458157E-01  2.3073601475E-01
           Stress_EigVec3 =  5.8934751332E-01 -6.9895517794E-01 -4.0513105012E-01
           -DivStress =  4.8432436086E+03  2.0900224957E+03  1.6292557988E+03
           ESP =  -1.4736843934E+01     ESP at Nucleus =  -1.4736843942E+01
           ESPe = -3.9782915127E+01     ESPe at Nucleus = -3.9782912823E+01
           ESPn =  2.5046071193E+01     ESPn at Nucleus =  2.5046068882E+01

CP# 15     Coords =  3.92428707281593E+00  1.52829721281163E+00 -1.88735718137204E+00
           Type = (3,-3) NACP C15
           Rho =  1.2110775197E+02     Rho at Nucleus =  1.2110775191E+02
           GradRho = -2.9933442530E-10 -7.8675690962E-11 -1.6971469716E-10
           HessRho_EigVals = -2.4866985787E+05 -2.4866756381E+05 -2.4866734260E+05
           HessRho_EigVec1 = -5.8934878485E-01  7.0829768591E-01  3.8856453509E-01
           HessRho_EigVec2 = -2.8125540861E-01  2.7099484631E-01 -9.2057437961E-01
           HessRho_EigVec3 =  7.5733968926E-01  6.5182526907E-01 -3.9502071691E-02
           DelSqRho = -7.4600476428E+05
           Bond Ellipticity = NA
           V = -1.8651651595E+05
           G =  7.6624383031E+00
           K =  1.8650885351E+05
