AIMSum (Version 19.10.12, Professional)
Copyright (c) 1997-2019 by Todd A. Keith
AIMSum is a component of the AIMAll package ( http://aim.tkgristmill.com )

TP:  64-bit Mac OS X

Much of the Quantum Theory of Atoms in Molecules (QTAIM) is described in the book:
  "Atoms in Molecules - A Quantum Theory"
  R.F.W. Bader, Oxford University Press, Oxford, 1990

For additional references see:  http://aim.tkgristmill.com/references.html

Wfx File:  /Users/chemlab/Documents/SubstituentCoding/BCP Map Reference/BCPMapReference/SubH_SeMeONH_wb97xd_aug-cc-pvtz.wfx
Sum File:  /Users/chemlab/Documents/SubstituentCoding/BCP Map Reference/BCPMapReference/SubH_SeMeONH_wb97xd_aug-cc-pvtz.sum

SumViz File:  /Users/chemlab/Documents/SubstituentCoding/BCP Map Reference/BCPMapReference/SubH_SeMeONH_wb97xd_aug-cc-pvtz.sumviz

Wfx Title:  Title Card Required                                                            
 
Total memory allocated for AIMSum =        0.587 Megabytes

Atomic units (a.u.) used throughout, except where stated otherwise

Model:  Restricted SCF
 
Restricted, closed-shell, single-determinant wavefunction.
  Number of electrons (from MO Occs)                   =          60.0000000000
  Number of Alpha electrons (from MO Occs)             =          30.0000000000
  Number of Beta electrons (from MO Occs)              =          30.0000000000
  Number of electron pairs (N*(N-1)/2)                 =        1770.0000000000
  Number of electron pairs (from Muller 2EDM)          =        1770.0000000000
 
Nuclear Charges and Cartesian Coordinates:
-------------------------------------------------------------------------------
Atom      Charge                X                  Y                  Z
-------------------------------------------------------------------------------
Se1       34.0          -2.4268596200E-01   5.0972284900E-02   3.1351986700E-01
H2         1.0          -1.9110312600E-01   3.6481120400E-01   3.1447142400E+00
C3         6.0           3.3047618200E+00  -4.3122480700E-02  -3.4913385600E-01
H4         1.0           4.0852279500E+00  -1.6904911400E+00   5.9333662100E-01
H5         1.0           3.4957216200E+00  -2.0312550700E-01  -2.3866571500E+00
H6         1.0           4.1182028500E+00   1.7099365300E+00   3.4068314500E-01
O7         8.0          -1.4563473400E+00   2.6555005800E+00  -7.0673324000E-01
N8         7.0          -1.1894332000E+00  -2.8529244700E+00  -5.8925629500E-01
H9         1.0          -3.1084863700E+00  -2.9289872500E+00  -4.7828921000E-01
 
Some Atomic Properties:
----------------------
  q(A) = Net Charge of Atom A
  L(A) = Lagrangian of Atom A = -(1/4) Times Atomic Integral of the Laplacian of the Electron Density
  K(A) = Electronic Kinetic Energy of Atom A (Hamiltonian Form)
  K_Scaled(A) = K(A) * E(Mol)/K(Mol) = Approximation to Virial-Based Total Energy of Atom A.
  |Mu_Intra(A)| = Magnitude of Intraatomic Dipole Moment of Atom A
--------------------------------------------------------------------------------------------------
Atom A          q(A)              L(A)              K(A)          K_Scaled(A)      |Mu_Intra(A)|
--------------------------------------------------------------------------------------------------
Se1       2.1035683740E+00 -2.4924715712E-04  2.3973841913E+03 -2.4016549563E+03  5.1403641981E-01
H2       -1.5639769840E-01  2.2861166146E-05  6.3020280424E-01 -6.3132546454E-01  2.2183286993E-02
C3       -2.4229150890E-01 -1.3244158457E-04  3.7880033965E+01 -3.7947514481E+01  1.9618481997E-01
H4        7.4924326520E-02  2.2538572917E-05  5.8917044236E-01 -5.9022000651E-01  1.2846349888E-01
H5        8.5682990860E-02  2.2072107317E-05  5.8454395966E-01 -5.8558528207E-01  1.2714411129E-01
H6        6.6448630700E-02  2.3099010258E-05  5.9298234285E-01 -5.9403869762E-01  1.2851783815E-01
O7       -1.1041738182E+00  2.1361469286E-05  7.5173649324E+01 -7.5307565695E+01  3.2894467716E-01
N8       -1.2004466118E+00 -1.5944904435E-04  5.4745598136E+01 -5.4843123423E+01  1.6329824224E-01
H9        3.7226401362E-01  9.9272934195E-06  4.6989280775E-01 -4.7072988750E-01  1.9086502933E-01
--------------------------------------------------------------------------------------------------
Total    -4.2130160000E-04 -4.1927816670E-04  2.5680502651E+03 -2.5726250592E+03
 
1st Largest |L(A)| = 2.4924715712E-04, atom Se1     
2nd Largest |L(A)| = 1.5944904435E-04, atom N8      
 
Molecular charge q(Mol) from the wfx file:   0.0000000000E+00
Molecular energy E(Mol) from the wfx file:  -2.5726251370E+03
Molecular virial ratio (-V(Mol)/T(Mol)) from the wfx file:   2.0017814270E+00
Full molecular virial ratio ((-V(Mol)+W(Mol))/T(Mol)) from the wfx file:   2.0017814497E+00
Note.  K_Scaled(A) = (1+V(Mol)/T(Mol))*K(A) = (E(Mol)/T(Mol))*K(A)
       Only use K_Scaled(A) data with caution.
 
N_AIMInt(SumA)     =         60.000421
N_Analytic(Mol)    =         60.000000
 
G_AIMInt(SumA)     =       2568.050684
G_Analytic(Mol)    =       2568.050344
 
K_AIMInt(SumA)     =       2568.050265
K_Analytic(Mol)    =       2568.050344
 
L_AIMInt(SumA)     =         -0.000419
L_Analytic(Mol)    =          0.000000
 
VenT_AIMInt(SumA)  =      -6773.156917
VenT_Analytic(Mol) =      -6773.149955
 
Some Information About the Atomic Calculations:
----------------------------------------------
  Time(sec) = "Elapsed User Time", in Seconds, for Atom A by AIMInt and, if used, by TWOe
  NProc = Number of Processors Used for AIMInt Job
  BIM = Basin Integration Method
  OAQ = Angular Quadrature Outside of Beta Sphere
  ORQ = Multiple of Default for Radial Quadrature Outside of Beta Sphere
  IAQ = Multiple of Default for Angular Quadrature Inside of Beta Sphere
  IRQ = Multiple of Default for Radial Quadrature Inside of Beta Sphere
  MIR = Maximum Integration Radius
------------------------------------------------------------------------------------------------------
Atom A     Time(sec)   NProc      BIM          OAQ                     ORQ      IAQ      IRQ      MIR
------------------------------------------------------------------------------------------------------
Se1           110        2     Proaim(5)    4500(GS4)                  1.00     1.00     1.00    13.00
H2             34        2     Proaim(5)    1800(GS4)                  1.00     1.00     1.00    13.00
C3             86        2     Proaim(5)    4500(GS4)                  1.00     1.00     1.00    13.00
H4             37        2     Proaim(5)    1800(GS4)                  1.00     1.00     1.00    13.00
H5             34        2     Proaim(5)    1800(GS4)                  1.00     1.00     1.00    13.00
H6             36        2     Proaim(5)    1800(GS4)                  1.00     1.00     1.00    13.00
O7             59        2     Proaim(5)    2700(GS4)                  1.00     1.00     1.00    13.00
N8             71        2     Proaim(5)    4500(GS4)                  1.00     1.00     1.00    13.00
H9             26        2     Proaim(5)    1800(GS4)                  1.00     1.00     1.00    13.00
------------------------------------------------------------------------------------------------------
Total         493
Note:  Total wall clock time is less than total of atomic times if more than one atom
       was calculated at a time
 
Electron Density Critical Point Analysis of Molecular Structure:               
---------------------------------------------------------------                
  NACP = Nuclear Attractor Critical Point                                      
  NNACP = Non-Nuclear Attractor Critical Point                                 
  BCP = Bond Critical Point                                                    
  RCP = Ring Critical Point                                                    
  CCP = Cage Critical Point                                                    
  Rho = Electron Density                                                       
  GradRho = Gradient of Electron Density                                       
  HessRho_EigVals = Eigenvalues of the Hessian of Rho, Ascending Order         
  HessRho_EigVecs = Eigenvectors of the Hessian of Rho                         
  DelSqRho = Laplacian of Rho = Trace of Hessian of Rho                        
  Bond Ellipticity = (HessRho_EigVal(1) / HessRho_EigVal(2)) - 1               
  V = Virial Field = Potential Energy Density = Trace of Stress Tensor         
  G = Lagrangian Form of Kinetic Energy Density                                
  K = Hamiltonian Form of Kinetic Energy Density                               
  L = K - G = Lagrangian Density = (-1/4)DelSqRho                              
  Vnuc = Electrostatic Potential from Nuclei                                   
  Ven = Electron-nuclear attractive contribution to Virial Field V             
  Vrep = V - Ven = Repulsive contribution to Virial Field V                    
  DelSqV = Laplacian of V                                                      
  DelSqVen = Laplacian of Ven                                                  
  DelSqVrep = Laplacian of Vrep                                                
  DelSqG = Laplacian of G                                                      
  DelSqK = Laplacian of K                                                      
  Stress_EigVals = Eigenvalues of Stress Tensor, Ascending Order               
  Stress_EigVecs = Eigenvectors of Stress Tensor                               
  -DivStress = Ehrenfest Force Density = Minus Divergence of Stress Tensor     
  ESP = Total Electrostatic Potential                                          
  ESPe = Electrostatic Potential from Electrons                                
  ESPn = Electrostatic Potential from Nuclei                                   
  BP = Bond Path                                                               
  BPL = Bond Path Length                                                       
  GBL = Geometric Bond Length                                                  
  GBL_I = Distance Between Nuclear Attractors                                  
  GBL_II = Distance Between Nuclei                                             
  GBL_III = Sum of Distances Between BCP and Nuclear Attractors                
  GBL_IV = Sum of Distances Between BCP and Nuclei                             

CP# 1      Coords = -2.42685961082329E-01  5.09722860951428E-02  3.13519867806754E-01
           Type = (3,-3) NACP Se1
           Rho =  2.6884283691E+04     Rho at Nucleus =  2.6884283691E+04
           GradRho =  7.6263042367E-08  3.5529503561E-08 -2.1728582508E-07
           HessRho_EigVals = -1.0824727923E+10 -1.0824727804E+10 -1.0824727282E+10
           HessRho_EigVec1 = -2.4874181637E-01  2.3580370925E-02  9.6828274533E-01
           HessRho_EigVec2 =  8.2422950680E-01 -5.1989588827E-01  2.2439693732E-01
           HessRho_EigVec3 =  5.0869758100E-01  8.5390411140E-01  1.0988421007E-01
           DelSqRho = -3.2474183010E+10
           Bond Ellipticity = NA
           V = -8.1202858232E+09
           G =  8.7003543015E+05
           K =  8.1194157878E+09
           L =  8.1185457524E+09
           Vnuc =  3.4000000077E+09
           Ven = -9.1406564758E+13
           Vrep =  9.1398444472E+13
           DelSqV =  5.4413050294E+17
           DelSqVen =  2.6620880835E+30
           DelSqVrep = -2.6620880835E+30
           DelSqG =  3.2695431293E+15
           DelSqK = -5.4740004607E+17
           Stress_EigVals = -2.7067620101E+09 -2.7067619092E+09 -2.7067619039E+09
           Stress_EigVec1 =  6.0680326984E-01  7.9191604570E-01  6.8255170297E-02
           Stress_EigVec2 =  7.5886966767E-01 -5.5164945044E-01 -3.4612094897E-01
           Stress_EigVec3 =  2.3644580606E-01 -2.6182410199E-01  9.3570375676E-01
           -DivStress = -1.6592322664E+08 -2.1616727604E+08 -1.4615097738E+08
           ESP =  -1.6873569868E+02     ESP at Nucleus =  -1.6873569868E+02
           ESPe = -1.7645259516E+02     ESPe at Nucleus = -1.7645259516E+02
           ESPn =  7.7168964748E+00     ESPn at Nucleus =  7.7168964751E+00

CP# 2      Coords = -1.91047020615483E-01  3.62296832024270E-01  3.12296466716505E+00
           Type = (3,-3) NACP H2
           Rho =  3.7966776519E-01     Rho at Nucleus =  3.7786598834E-01
           GradRho =  4.9681699726E-13 -3.5512015203E-11 -3.0706434444E-10
           HessRho_EigVals = -7.7748535005E+00 -7.7688971081E+00 -7.3871758079E+00
           HessRho_EigVec1 = -2.1753495520E-01  9.6987895917E-01 -1.0960541879E-01
           HessRho_EigVec2 = -9.7602644238E-01 -2.1533222849E-01  3.1692509456E-02
           HessRho_EigVec3 =  7.1363190013E-03  1.1387201559E-01  9.9346979673E-01
           DelSqRho = -2.2930926417E+01
           Bond Ellipticity = NA
           V = -5.7417544871E+00
           G =  4.5114414808E-03
           K =  5.7372430456E+00
           L =  5.7327316041E+00
           Vnuc =  6.2735479345E+01
           Ven = -2.3818639241E+01
           Vrep =  1.8076884754E+01
           DelSqV =  1.4988900559E+03
           DelSqVen =  1.4385826619E+03
           DelSqVrep =  6.0307394035E+01
           DelSqG =  1.1567671761E+02
           DelSqK = -1.6145667735E+03
           Stress_EigVals = -1.9455514410E+00 -1.9438576165E+00 -1.8523454296E+00
           Stress_EigVec1 = -1.4986651584E-01  9.8257073781E-01 -1.0997623668E-01
           Stress_EigVec2 =  9.8870108086E-01  1.4857642110E-01 -1.9880135583E-02
           Stress_EigVec3 =  3.1937638353E-03  1.1171299073E-01  9.9373538106E-01
           -DivStress = -2.7128200022E-02  1.1994632067E+00  1.0382714261E+01
           ESP =  -1.0072091609E+00     ESP at Nucleus =  -1.0076491855E+00
           ESPe = -1.8069117637E+01     ESPe at Nucleus = -1.7960581953E+01
           ESPn =  1.7061908476E+01     ESPn at Nucleus =  1.6952932767E+01

CP# 3      Coords =  3.30475932697202E+00 -4.31223455207408E-02 -3.49133185057869E-01
           Type = (3,-3) NACP C3
           Rho =  1.2095553076E+02     Rho at Nucleus =  1.2095552993E+02
           GradRho =  5.1326110029E-11 -1.4544268567E-13 -2.0776644294E-12
           HessRho_EigVals = -2.4829225838E+05 -2.4829020288E+05 -2.4829016534E+05
           HessRho_EigVec1 =  9.8163619107E-01 -2.0123879503E-02 -1.8969822840E-01
           HessRho_EigVec2 =  4.4834454779E-02  9.9090336294E-01  1.2688733968E-01
           HessRho_EigVec3 =  1.8541914693E-01 -1.3306222146E-01  9.7360884608E-01
           DelSqRho = -7.4487262660E+05
           Bond Ellipticity = NA
           V = -1.8623352667E+05
           G =  7.6850106961E+00
           K =  1.8622584166E+05
           L =  1.8621815665E+05
           Vnuc =  2.3208540135E+06
           Ven = -2.8072012901E+08
           Vrep =  2.8053389549E+08
           DelSqV =  1.1203729580E+10
           DelSqVen =  1.7287405896E+12
           DelSqVrep = -1.7175368641E+12
           DelSqG =  3.8229314389E+08
           DelSqK = -1.1586022724E+10
           Stress_EigVals = -6.2078035393E+04 -6.2078025468E+04 -6.2077465809E+04
           Stress_EigVec1 =  1.8415975470E-01 -1.7054390315E-01  9.6798758352E-01
           Stress_EigVec2 =  5.2560377068E-02  9.8513145117E-01  1.6356475986E-01
           Stress_EigVec3 =  9.8148998544E-01 -2.0755746332E-02 -1.9038541825E-01
           -DivStress =  9.1462794654E+03 -4.9588769831E+02 -2.4620614288E+03
           ESP =  -1.4706176982E+01     ESP at Nucleus =  -1.4706176988E+01
           ESPe = -2.8708000371E+01     ESPe at Nucleus = -2.8707992985E+01
           ESPn =  1.4001823389E+01     ESPn at Nucleus =  1.4001815997E+01

CP# 4      Coords =  4.07279450617957E+00 -1.66485857413601E+00  5.79130323013061E-01
           Type = (3,-3) NACP H4
           Rho =  4.3040482213E-01     Rho at Nucleus =  4.2625083361E-01
           GradRho = -4.2769607300E-15  1.1497503253E-14 -6.4437929818E-15
           HessRho_EigVals = -8.7022756152E+00 -8.6977755720E+00 -7.8905678817E+00
           HessRho_EigVec1 =  4.6613993768E-01  5.9357001789E-01  6.5603977956E-01
           HessRho_EigVec2 = -7.9435287583E-01 -4.5669793223E-02  6.0573738423E-01
           HessRho_EigVec3 = -3.8950875107E-01  8.0348547208E-01 -4.5021553615E-01
           DelSqRho = -2.5290619069E+01
           Bond Ellipticity = NA
           V = -6.3391448230E+00
           G =  8.2450278707E-03
           K =  6.3308997951E+00
           L =  6.3226547672E+00
           Vnuc =  4.4996386225E+01
           Ven = -1.9366661610E+01
           Vrep =  1.3027516787E+01
           DelSqV =  1.6252642236E+03
           DelSqVen =  1.1379864635E+03
           DelSqVrep =  4.8727776007E+02
           DelSqG =  1.2441606009E+02
           DelSqK = -1.7496802837E+03
           Stress_EigVals = -2.1823787261E+00 -2.1814868461E+00 -1.9752792507E+00
           Stress_EigVec1 =  4.2801012113E-01  5.9018473282E-01  6.8446279472E-01
           Stress_EigVec2 = -8.1633152868E-01 -7.2531227143E-02  5.7301139288E-01
           Stress_EigVec3 = -3.8782750225E-01  8.0400323521E-01 -4.5074230583E-01
           -DivStress =  6.5633365777E+00 -1.3535766837E+01  7.5011854735E+00
           ESP =  -1.0522110746E+00     ESP at Nucleus =  -1.0533973434E+00
           ESPe = -1.4636174260E+01     ESPe at Nucleus = -1.4545405512E+01
           ESPn =  1.3583963186E+01     ESPn at Nucleus =  1.3492008169E+01

CP# 5      Coords =  3.49234999229089E+00 -2.00524722611931E-01 -2.35489724338712E+00
           Type = (3,-3) NACP H5
           Rho =  4.2897858274E-01     Rho at Nucleus =  4.2478722942E-01
           GradRho = -1.2741311836E-10  9.8412200020E-11  1.2043368916E-09
           HessRho_EigVals = -8.6699731743E+00 -8.6656823699E+00 -7.8536616302E+00
           HessRho_EigVec1 =  1.4781798836E-01  9.8692789586E-01 -6.4211920185E-02
           HessRho_EigVec2 =  9.8360541161E-01 -1.3991830914E-01  1.1376845352E-01
           HessRho_EigVec3 = -1.0329683715E-01  7.9976216122E-02  9.9143006223E-01
           DelSqRho = -2.5189317174E+01
           Bond Ellipticity = NA
           V = -6.3136119832E+00
           G =  8.1413447964E-03
           K =  6.3054706384E+00
           L =  6.2973292936E+00
           Vnuc =  4.5034774602E+01
           Ven = -1.9318953783E+01
           Vrep =  1.3005341800E+01
           DelSqV =  1.6179295540E+03
           DelSqVen =  1.1343952237E+03
           DelSqVrep =  4.8353433028E+02
           DelSqG =  1.2383394702E+02
           DelSqK = -1.7417635010E+03
           Stress_EigVals = -2.1742739721E+00 -2.1733002367E+00 -1.9660377744E+00
           Stress_EigVec1 =  1.4453309701E-01  9.8737677217E-01 -6.4786523602E-02
           Stress_EigVec2 =  9.8425995258E-01 -1.3672997161E-01  1.1196990935E-01
           Stress_EigVec3 = -1.0169822815E-01  7.9950138419E-02  9.9159742121E-01
           -DivStress =  1.7714842981E+00 -1.3681596648E+00 -1.6701960474E+01
           ESP =  -1.0533446420E+00     ESP at Nucleus =  -1.0545433359E+00
           ESPe = -1.4881115381E+01     ESPe at Nucleus = -1.4790847999E+01
           ESPn =  1.3827770739E+01     ESPn at Nucleus =  1.3736304663E+01

CP# 6      Coords =  4.10518733508540E+00  1.68292288520454E+00  3.30404677504099E-01
           Type = (3,-3) NACP H6
           Rho =  4.3202886094E-01     Rho at Nucleus =  4.2789329188E-01
           GradRho = -2.0570269663E-14 -3.7442430748E-14 -1.4026770739E-14
           HessRho_EigVals = -8.7348016981E+00 -8.7311413707E+00 -7.9259032299E+00
           HessRho_EigVec1 =  3.9817611564E-01 -4.8911857916E-01  7.7602757454E-01
           HessRho_EigVec2 = -8.2179644294E-01  1.8566600175E-01  5.3868241308E-01
           HessRho_EigVec3 =  4.0756151352E-01  8.5222717119E-01  3.2802814115E-01
           DelSqRho = -2.5391846299E+01
           Bond Ellipticity = NA
           V = -6.3643485919E+00
           G =  8.1935086051E-03
           K =  6.3561550833E+00
           L =  6.3479615747E+00
           Vnuc =  4.5125099856E+01
           Ven = -1.9495345491E+01
           Vrep =  1.3130996899E+01
           DelSqV =  1.6322219327E+03
           DelSqVen =  1.1458095998E+03
           DelSqVrep =  4.8641233296E+02
           DelSqG =  1.2493677734E+02
           DelSqK = -1.7571587101E+03
           Stress_EigVals = -2.1905842161E+00 -2.1896445106E+00 -1.9841198652E+00
           Stress_EigVec1 =  2.9519238704E-01 -4.6249473367E-01  8.3603832207E-01
           Stress_EigVec2 = -8.6482695295E-01  2.4260402072E-01  4.3956527454E-01
           Stress_EigVec3 =  4.0612288298E-01  8.5278479728E-01  3.2836305129E-01
           -DivStress =  6.8982165273E+00  1.4321623741E+01  5.4490358088E+00
           ESP =  -1.0528426302E+00     ESP at Nucleus =  -1.0540221119E+00
           ESPe = -1.4630592621E+01     ESPe at Nucleus = -1.4539973511E+01
           ESPn =  1.3577749991E+01     ESPn at Nucleus =  1.3485951400E+01

CP# 7      Coords = -1.45634447072782E+00  2.65549464432818E+00 -7.06730863469570E-01
           Type = (3,-3) NACP O7
           Rho =  2.9839519644E+02     Rho at Nucleus =  2.9839516909E+02
           GradRho =  8.2371423918E-11  2.2236487651E-10 -5.2782847537E-11
           HessRho_EigVals = -1.1137691303E+06 -1.1137423462E+06 -1.1137407064E+06
           HessRho_EigVec1 = -3.8377160396E-01  8.6334950636E-01 -3.2763849875E-01
           HessRho_EigVec2 = -9.1660554120E-01 -3.1310232624E-01  2.4859850190E-01
           HessRho_EigVec3 =  1.1204301777E-01  3.9572030928E-01  9.1151072346E-01
           DelSqRho = -3.3412521829E+06
           Bond Ellipticity = NA
           V = -8.3544092589E+05
           G =  6.3940084862E+01
           K =  8.3537698580E+05
           L =  8.3531304572E+05
           Vnuc =  1.1415581106E+06
           Ven = -3.4063545667E+08
           Vrep =  3.3980001574E+08
           DelSqV =  9.3415366837E+10
           DelSqVen =  3.8142335329E+12
           DelSqVrep = -3.7208181661E+12
           DelSqG =  3.1182814954E+09
           DelSqK = -9.6533648333E+10
           Stress_EigVals = -2.7848298046E+05 -2.7848257938E+05 -2.7847536605E+05
           Stress_EigVec1 =  1.0906008989E-01  3.9617630824E-01  9.1167440985E-01
           Stress_EigVec2 = -9.1600054597E-01 -3.1615146434E-01  2.4696406901E-01
           Stress_EigVec3 = -3.8606851281E-01  8.6202818073E-01 -3.2841820753E-01
           -DivStress = -8.7763907722E+04  1.8156109477E+05 -7.2689892733E+04
           ESP =  -2.2368598853E+01     ESP at Nucleus =  -2.2368599126E+01
           ESPe = -3.6749879803E+01     ESPe at Nucleus = -3.6749851148E+01
           ESPn =  1.4381280950E+01     ESPn at Nucleus =  1.4381252022E+01

CP# 8      Coords = -1.18943736276905E+00 -2.85291729238016E+00 -5.89253366626879E-01
           Type = (3,-3) NACP N8
           Rho =  1.9650397130E+02     Rho at Nucleus =  1.9650394985E+02
           GradRho =  6.0087860577E-11 -8.7985647414E-11  2.2601866559E-11
           HessRho_EigVals = -5.5399037109E+05 -5.5398176647E+05 -5.5397698946E+05
           HessRho_EigVec1 =  4.9115598185E-01  8.3299609655E-01  2.5472201442E-01
           HessRho_EigVec2 =  8.6874331475E-01 -4.4706510777E-01 -2.1311462291E-01
           HessRho_EigVec3 =  6.3646324177E-02 -3.2596056900E-01  9.4323849204E-01
           DelSqRho = -1.6619491270E+06
           Bond Ellipticity = NA
           V = -4.1553428939E+05
           G =  2.3503817562E+01
           K =  4.1551078557E+05
           L =  4.1548728175E+05
           Vnuc =  7.9556023905E+05
           Ven = -1.5633074638E+08
           Vrep =  1.5591521209E+08
           DelSqV =  3.4645611012E+10
           DelSqVen =  1.3221806449E+12
           DelSqVrep = -1.2875350336E+12
           DelSqG =  1.1714840631E+09
           DelSqK = -3.5817095075E+10
           Stress_EigVals = -1.3851298904E+05 -1.3851162004E+05 -1.3850968030E+05
           Stress_EigVec1 =  6.7633923853E-02 -3.2923608456E-01  9.4182230435E-01
           Stress_EigVec2 =  9.3040337965E-01 -3.2003128427E-01 -1.7868835504E-01
           Stress_EigVec3 =  3.6024325599E-01  8.8836004959E-01  2.8467739426E-01
           -DivStress =  4.7185864415E+04 -8.1410975734E+04 -3.3211808501E+04
           ESP =  -1.8401888296E+01     ESP at Nucleus =  -1.8401888629E+01
           ESPe = -3.2875601444E+01     ESPe at Nucleus = -3.2875577927E+01
           ESPn =  1.4473713148E+01     ESPn at Nucleus =  1.4473689299E+01

CP# 9      Coords = -3.06857388373725E+00 -2.92573131070581E+00 -4.79791664164237E-01
           Type = (3,-3) NACP H9
           Rho =  4.2067352436E-01     Rho at Nucleus =  4.1452689773E-01
           GradRho =  1.1698736869E-12  8.7979699481E-14 -4.6685311866E-14
           HessRho_EigVals = -8.3418535448E+00 -8.3395536066E+00 -7.1891310791E+00
           HessRho_EigVec1 = -6.8902824270E-02  9.9361324429E-01 -8.9359507536E-02
           HessRho_EigVec2 =  3.9069317881E-02  9.2191225482E-02  9.9497455563E-01
           HessRho_EigVec3 =  9.9685805871E-01  6.5065341954E-02 -4.5172027501E-02
           DelSqRho = -2.3870538231E+01
           Bond Ellipticity = NA
           V = -6.0118751744E+00
           G =  2.2120308380E-02
           K =  5.9897548660E+00
           L =  5.9676345577E+00
           Vnuc =  3.9601835066E+01
           Ven = -1.6659443529E+01
           Vrep =  1.0647568354E+01
           DelSqV =  1.5039863180E+03
           DelSqVen =  9.4531711796E+02
           DelSqVrep =  5.5866920002E+02
           DelSqG =  1.1419140510E+02
           DelSqK = -1.6181777231E+03
           Stress_EigVals = -2.1068682802E+00 -2.1005352880E+00 -1.8044716062E+00
           Stress_EigVec1 =  6.3826097479E-02 -3.3320511584E-01  9.4069154352E-01
           Stress_EigVec2 = -5.5099622230E-02  9.3999906976E-01  3.3669835237E-01
           Stress_EigVec3 =  9.9643878934E-01  7.3321890543E-02 -4.1636996249E-02
           -DivStress = -1.9876140843E+01 -1.6300478086E+00  7.4412286155E-01
           ESP =  -1.0436615783E+00     ESP at Nucleus =  -1.0456485220E+00
           ESPe = -1.5691191906E+01     ESPe at Nucleus = -1.5549097805E+01
           ESPn =  1.4647530328E+01     ESPn at Nucleus =  1.4503449283E+01

CP# 10     Coords = -2.10348329107574E-01  2.40652129223419E-01  2.08102402559593E+00
           Type = (3,-1) BCP H2 Se1
           Rho =  1.8051221836E-01
           GradRho = -2.6020852140E-18 -1.9081958236E-17 -1.0755285551E-16
           HessRho_EigVals = -3.3046380681E-01 -3.1994561755E-01  2.5404086003E-01
           HessRho_EigVec1 = -2.9711841903E-01  9.4922821847E-01 -1.0337521142E-01
           HessRho_EigVec2 = -9.5449973325E-01 -2.9237377692E-01  5.8718257791E-02
           HessRho_EigVec3 =  2.5512826231E-02  1.1611788765E-01  9.9290771568E-01
           DelSqRho = -3.9636856433E-01
           Bond Ellipticity =  3.2874928363E-02
           V = -2.0168047123E-01
           G =  5.1294165074E-02
           K =  1.5038630616E-01
           L =  9.9092141081E-02
           Vnuc =  2.5957196336E+01
           Ven = -4.6855910930E+00
           Vrep =  4.4839106217E+00
           DelSqV = -5.6209089590E-01
           DelSqVen =  1.0288616645E+01
           DelSqVrep = -1.0850707541E+01
           DelSqG =  1.1181550954E+00
           DelSqK = -5.5606419949E-01
           Stress_EigVals = -9.9642487722E-02 -9.7594246878E-02 -4.4437366286E-03
           Stress_EigVec1 = -1.4258299953E-01  9.8380984112E-01 -1.0857386779E-01
           Stress_EigVec2 =  9.8954842506E-01  1.3930169981E-01 -3.7268631490E-02
           Stress_EigVec3 =  2.1540722087E-02  1.1275297314E-01  9.9338953303E-01
           -DivStress = -1.0506990675E-03 -1.1738241201E-02 -1.1873100330E-01
           ESP =   7.5281516452E-01
           ESPe = -2.5204381171E+01
           ESPn =  2.5957196336E+01
           BPL =  2.8271806095E+00 =  1.0492087283E+00 +  1.7779718812E+00                
           GBL_I =  2.8271133040E+00                                                      
           GBL_II =  2.8490028490E+00                                                     
           GBL_III =  2.8271419418E+00 =  1.0491950604E+00 +  1.7779468814E+00            
           GBL_IV =  2.8490317184E+00 =  1.0710848360E+00 +  1.7779468824E+00             

CP# 11     Coords =  1.62431629056893E+00  5.47081780026835E-03 -2.68433972183291E-02
           Type = (3,-1) BCP C3 Se1
           Rho =  1.7121256999E-01
           GradRho = -4.7271214720E-17 -2.8135046376E-17  1.7455654977E-17
           HessRho_EigVals = -2.5262342287E-01 -2.4314488483E-01  2.3897086228E-01
           HessRho_EigVec1 =  4.4692285103E-02  9.9719761761E-01  5.9995925536E-02
           HessRho_EigVec2 =  1.7913016302E-01 -6.7081870490E-02  9.8153573921E-01
           HessRho_EigVec3 =  9.8280973965E-01 -3.3119995174E-02 -1.8162621389E-01
           DelSqRho = -2.5679744541E-01
           Bond Ellipticity =  3.8983086326E-02
           V = -1.5993826784E-01
           G =  4.7869453246E-02
           K =  1.1206881460E-01
           L =  6.4199361353E-02
           Vnuc =  2.6524545781E+01
           Ven = -4.5413356510E+00
           Vrep =  4.3813973832E+00
           DelSqV = -8.4610210712E-01
           DelSqVen =  6.8114355972E+00
           DelSqVrep = -7.6575377043E+00
           DelSqG =  7.2257890552E-01
           DelSqK =  1.2352320160E-01
           Stress_EigVals = -8.8341782949E-02 -8.7179461454E-02  1.5582976558E-02
           Stress_EigVec1 =  4.2145911626E-02  9.9592621144E-01  7.9716394123E-02
           Stress_EigVec2 =  1.8044616252E-01 -8.6062782697E-02  9.7981242076E-01
           Stress_EigVec3 =  9.8268148683E-01 -2.6910570285E-02 -1.8333825744E-01
           -DivStress = -9.6205171827E-02  2.4207377229E-03  1.7506314083E-02
           ESP =   6.3556281124E-01
           ESPe = -2.5888982969E+01
           ESPn =  2.6524545781E+01
           BPL =  3.6107789543E+00 =  1.7117789543E+00 +  1.8990000000E+00                
           GBL_I =  3.6106880696E+00                                                      
           GBL_II =  3.6100345632E+00                                                     
           GBL_III =  3.6107346389E+00 =  1.7117595630E+00 +  1.8989750759E+00            
           GBL_IV =  3.6100811196E+00 =  1.7117621406E+00 +  1.8983189791E+00             

CP# 12     Coords =  3.80078599175586E+00 -1.10359637276095E+00  2.62403425226999E-01
           Type = (3,-1) BCP C3 H4
           Rho =  2.8829395462E-01
           GradRho =  3.4915126346E-13 -6.0442292447E-13  3.2128222608E-13
           HessRho_EigVals = -7.9414719869E-01 -7.8964172576E-01  4.5588897019E-01
           HessRho_EigVec1 =  6.1298181766E-01  5.9373821557E-01  5.2127557260E-01
           HessRho_EigVec2 = -6.8754592311E-01  7.5793031915E-02  7.2217450795E-01
           HessRho_EigVec3 = -3.8927354757E-01  8.0108073730E-01 -4.5468203998E-01
           DelSqRho = -1.1278999543E+00
           Bond Ellipticity =  5.7057179023E-03
           V = -3.6689743361E-01
           G =  4.2461222521E-02
           K =  3.2443621109E-01
           L =  2.8197498856E-01
           Vnuc =  1.7568006582E+01
           Ven = -5.0647500924E+00
           Vrep =  4.6978526588E+00
           DelSqV = -1.9071592424E+00
           DelSqVen =  1.9814953820E+01
           DelSqVrep = -2.1722113063E+01
           DelSqG =  1.7642893474E+00
           DelSqK =  1.4286989494E-01
           Stress_EigVals = -2.3897368028E-01 -2.3571887483E-01  1.0779512150E-01
           Stress_EigVec1 =  1.9076088815E-01  5.5281573031E-01  8.1117510556E-01
           Stress_EigVec2 = -9.0310294363E-01 -2.2503309366E-01  3.6573922400E-01
           Stress_EigVec3 = -3.8472763972E-01  8.0234336483E-01 -4.5632200051E-01
           -DivStress = -2.5931349203E-02  6.4154172041E-02 -3.9552671717E-02
           ESP =   8.8747561277E-01
           ESPe = -1.6680530969E+01
           ESPn =  1.7568006582E+01
           BPL =  2.0205511665E+00 =  1.3210361704E+00 +  6.9951499605E-01                
           GBL_I =  2.0202919522E+00                                                      
           GBL_II =  2.0521212147E+00                                                     
           GBL_III =  2.0203563853E+00 =  1.3208423980E+00 +  6.9951398728E-01            
           GBL_IV =  2.0521893756E+00 =  1.3208416639E+00 +  7.3134771175E-01             

CP# 13     Coords =  3.42110691536775E+00 -1.45415943356504E-01 -1.66497808326172E+00
           Type = (3,-1) BCP C3 H5
           Rho =  2.8840505007E-01
           GradRho =  1.0592655225E-16 -2.2226144536E-18  9.1316927978E-17
           HessRho_EigVals = -7.9706245401E-01 -7.9350439347E-01  4.6036897370E-01
           HessRho_EigVec1 =  2.0616080001E-01  9.7691333450E-01 -5.6018402490E-02
           HessRho_EigVec2 =  9.7314175288E-01 -1.9869888070E-01  1.1624923057E-01
           HessRho_EigVec3 = -1.0243462959E-01  7.8479880767E-02  9.9163907495E-01
           DelSqRho = -1.1301978738E+00
           Bond Ellipticity =  4.4839834088E-03
           V = -3.6616289046E-01
           G =  4.1806711005E-02
           K =  3.2435617945E-01
           L =  2.8254946845E-01
           Vnuc =  1.7758950486E+01
           Ven = -5.1217710041E+00
           Vrep =  4.7556081136E+00
           DelSqV = -1.9695892046E+00
           DelSqVen =  2.0071128080E+01
           DelSqVrep = -2.2040717284E+01
           DelSqG =  1.7686994375E+00
           DelSqK =  2.0088976706E-01
           Stress_EigVals = -2.3923388930E-01 -2.3591420836E-01  1.0898520721E-01
           Stress_EigVec1 =  2.7375113243E-02  9.9672504347E-01 -7.6090675442E-02
           Stress_EigVec2 =  9.9483095799E-01 -1.9718647527E-02  9.9611946863E-02
           Stress_EigVec3 = -9.7785316858E-02  7.8424247870E-02  9.9211273006E-01
           -DivStress = -1.5850299760E-03  4.7457234632E-03  6.8120917172E-02
           ESP =   8.8552810053E-01
           ESPe = -1.6873422385E+01
           ESPn =  1.7758950486E+01
           BPL =  2.0208721765E+00 =  1.3250983451E+00 +  6.9577383138E-01                
           GBL_I =  2.0206571266E+00                                                      
           GBL_II =  2.0526976853E+00                                                     
           GBL_III =  2.0207070795E+00 =  1.3249334087E+00 +  6.9577367071E-01            
           GBL_IV =  2.0527500886E+00 =  1.3249325130E+00 +  7.2781757553E-01             

CP# 14     Coords =  3.81996873066424E+00  1.08434963075712E+00  9.82796659321816E-02
           Type = (3,-1) BCP H6 C3
           Rho =  2.8860609839E-01
           GradRho =  5.3715441383E-17 -1.0737836672E-17  2.6928447943E-17
           HessRho_EigVals = -7.9208056249E-01 -7.8905447772E-01  4.5268766166E-01
           HessRho_EigVec1 =  6.6471294141E-01 -5.2424169820E-01  5.3228502458E-01
           HessRho_EigVec2 = -6.2740845058E-01 -4.9014111760E-03  7.7867490797E-01
           HessRho_EigVec3 =  4.0560490833E-01  8.5155541102E-01  3.3217170304E-01
           DelSqRho = -1.1284473785E+00
           Bond Ellipticity =  3.8350771186E-03
           V = -3.6781078923E-01
           G =  4.2849472296E-02
           K =  3.2496131693E-01
           L =  2.8211184464E-01
           Vnuc =  1.7574182783E+01
           Ven = -5.0720163253E+00
           Vrep =  4.7042055361E+00
           DelSqV = -1.8602029619E+00
           DelSqVen =  1.9831540491E+01
           DelSqVrep = -2.1691743453E+01
           DelSqG =  1.7641397227E+00
           DelSqK =  9.6063239218E-02
           Stress_EigVals = -2.3909343897E-01 -2.3564792577E-01  1.0693057551E-01
           Stress_EigVec1 =  1.6953173185E-01 -4.2693450348E-01  8.8824879489E-01
           Stress_EigVec2 = -9.0023079093E-01  2.9969050231E-01  3.1586409401E-01
           Stress_EigVec3 =  4.0105300766E-01  8.5317790206E-01  3.3353253587E-01
           -DivStress = -3.0395592132E-02 -7.6746610477E-02 -3.2385740407E-02
           ESP =   8.8755246218E-01
           ESPe = -1.6686630321E+01
           ESPn =  1.7574182783E+01
           BPL =  2.0205934844E+00 =  7.0251186288E-01 +  1.3180816215E+00                
           GBL_I =  2.0203189949E+00                                                      
           GBL_II =  2.0520111352E+00                                                     
           GBL_III =  2.0203925864E+00 =  7.0251093532E-01 +  1.3178816511E+00            
           GBL_IV =  2.0520894406E+00 =  7.3420842075E-01 +  1.3178810199E+00             

CP# 15     Coords = -8.20720365619678E-01  1.29143315471081E+00 -1.74691560410368E-01
           Type = (3,-1) BCP O7 Se1
           Rho =  2.4929539618E-01
           GradRho =  1.8828341664E-13 -4.1387206162E-13  1.7393118196E-13
           HessRho_EigVals = -3.6655803870E-01 -3.5856569815E-01  1.1460964023E+00
           HessRho_EigVec1 =  3.3736795508E-01  4.7298998989E-01  8.1391850473E-01
           HessRho_EigVec2 = -8.5409157060E-01 -2.0979239584E-01  4.7593564658E-01
           HessRho_EigVec3 = -3.9586670979E-01  8.5572636988E-01 -3.3319953176E-01
           DelSqRho =  4.2097266548E-01
           Bond Ellipticity =  2.2289752181E-02
           V = -5.6495444095E-01
           G =  3.3509880366E-01
           K =  2.2985563729E-01
           L = -1.0524316637E-01
           Vnuc =  3.2532246131E+01
           Ven = -8.1101391879E+00
           Vrep =  7.5451847470E+00
           DelSqV = -5.3169796022E+00
           DelSqVen = -1.3695186368E+01
           DelSqVrep =  8.3782067658E+00
           DelSqG =  6.9248434010E+00
           DelSqK = -1.6078637988E+00
           Stress_EigVals = -2.2619809946E-01 -2.2523500745E-01 -1.1352133404E-01
           Stress_EigVec1 =  6.6701691848E-01  5.1653464189E-01  5.3691749291E-01
           Stress_EigVec2 = -6.3112146411E-01  8.7445067234E-03  7.7563472791E-01
           Stress_EigVec3 = -3.9594712779E-01  8.5622164031E-01 -3.3182883338E-01
           -DivStress =  1.9806165509E-01 -4.2382249077E-01  1.6739197674E-01
           ESP =   1.2776792970E+00
           ESPe = -3.1254566834E+01
           ESPn =  3.2532246131E+01
           BPL =  3.0501984365E+00 =  1.5961984365E+00 +  1.4540000000E+00                
           GBL_I =  3.0501624668E+00                                                      
           GBL_II =  3.0491733278E+00                                                     
           GBL_III =  3.0501655388E+00 =  1.5961665234E+00 +  1.4539990154E+00            
           GBL_IV =  3.0491764003E+00 =  1.5961735307E+00 +  1.4530028696E+00             

CP# 16     Coords = -7.47379160977016E-01 -1.36145080339495E+00 -1.25724079492974E-01
           Type = (3,-1) BCP Se1 N8
           Rho =  2.2878676586E-01
           GradRho =  1.1275702594E-17 -2.9923979961E-17 -2.6020852140E-17
           HessRho_EigVals = -3.3066856894E-01 -2.7699401555E-01  5.9441024422E-01
           HessRho_EigVec1 =  9.6225573775E-01 -2.5663112799E-01 -9.0577918415E-02
           HessRho_EigVec2 =  9.2242416544E-03 -3.0188057303E-01  9.5330112399E-01
           HessRho_EigVec3 =  2.7199045668E-01  9.1815498897E-01  2.8811908597E-01
           DelSqRho = -1.3252340262E-02
           Bond Ellipticity =  1.9377513728E-01
           V = -3.9582196789E-01
           G =  1.9625444141E-01
           K =  1.9956752648E-01
           L =  3.3130850656E-03
           Vnuc =  3.0612176648E+01
           Ven = -7.0036608912E+00
           Vrep =  6.6078389233E+00
           DelSqV = -2.7817624149E+00
           DelSqVen =  4.0568298110E-01
           DelSqVrep = -3.1874453960E+00
           DelSqG =  3.3688919912E+00
           DelSqK = -5.8712957634E-01
           Stress_EigVals = -1.7663145815E-01 -1.6317683545E-01 -5.6013674295E-02
           Stress_EigVec1 =  1.2366309637E-01 -3.2566440585E-01  9.3736339451E-01
           Stress_EigVec2 =  9.5079492726E-01 -2.3152754132E-01 -2.0587375721E-01
           Stress_EigVec3 =  2.8407119688E-01  9.1669934677E-01  2.8100865242E-01
           -DivStress =  1.1974167401E-01  3.3458676011E-01  1.0466885701E-01
           ESP =   1.0596810797E+00
           ESPe = -2.9552495568E+01
           ESPn =  3.0612176648E+01
