AIMSum (Version 19.10.12, Professional)
Copyright (c) 1997-2019 by Todd A. Keith
AIMSum is a component of the AIMAll package ( http://aim.tkgristmill.com )

TP:  64-bit Mac OS X

Much of the Quantum Theory of Atoms in Molecules (QTAIM) is described in the book:
  "Atoms in Molecules - A Quantum Theory"
  R.F.W. Bader, Oxford University Press, Oxford, 1990

For additional references see:  http://aim.tkgristmill.com/references.html

Wfx File:  /Users/chemlab/Documents/SubstituentCoding/BCP Map Reference/BCPMapReference/SubH_SMeONH_wb97xd_aug-cc-pvtz_reor.wfx
Sum File:  /Users/chemlab/Documents/SubstituentCoding/BCP Map Reference/BCPMapReference/SubH_SMeONH_wb97xd_aug-cc-pvtz_reor.sum

SumViz File:  /Users/chemlab/Documents/SubstituentCoding/BCP Map Reference/BCPMapReference/SubH_SMeONH_wb97xd_aug-cc-pvtz_reor.sumviz

Wfx Title:   Title Card Required                                                           
 
Total memory allocated for AIMSum =        0.522 Megabytes

Atomic units (a.u.) used throughout, except where stated otherwise

Model:  Restricted SCF
 
Restricted, closed-shell, single-determinant wavefunction.
  Number of electrons (from MO Occs)                   =          42.0000000000
  Number of Alpha electrons (from MO Occs)             =          21.0000000000
  Number of Beta electrons (from MO Occs)              =          21.0000000000
  Number of electron pairs (N*(N-1)/2)                 =         861.0000000000
  Number of electron pairs (from Muller 2EDM)          =         861.0000000000
 
Nuclear Charges and Cartesian Coordinates:
-------------------------------------------------------------------------------
Atom      Charge                X                  Y                  Z
-------------------------------------------------------------------------------
S1        16.0           0.0000000000E+00   0.0000000000E+00   0.0000000000E+00
H2         1.0          -2.5939193368E+00   0.0000000000E+00   0.0000000000E+00
N3         7.0           1.0860539497E+00  -8.7289378769E-01   2.5229109879E+00
H4         1.0           8.9558845358E-01  -2.7673735183E+00   2.7432587232E+00
O5         8.0           6.8529217154E-01  -1.1012076635E+00  -2.4254710398E+00
C6         6.0           5.6008080825E-01   3.3020582972E+00   0.0000000000E+00
H7         1.0          -2.6956187276E-01   4.0807501824E+00  -1.7092398942E+00
H8         1.0          -2.5569128301E-01   4.1176092905E+00   1.6971360094E+00
H9         1.0           2.6019827982E+00   3.5323686686E+00  -5.7640615224E-03
 
Some Atomic Properties:
----------------------
  q(A) = Net Charge of Atom A
  L(A) = Lagrangian of Atom A = -(1/4) Times Atomic Integral of the Laplacian of the Electron Density
  K(A) = Electronic Kinetic Energy of Atom A (Hamiltonian Form)
  K_Scaled(A) = K(A) * E(Mol)/K(Mol) = Approximation to Virial-Based Total Energy of Atom A.
  |Mu_Intra(A)| = Magnitude of Intraatomic Dipole Moment of Atom A
--------------------------------------------------------------------------------------------------
Atom A          q(A)              L(A)              K(A)          K_Scaled(A)      |Mu_Intra(A)|
--------------------------------------------------------------------------------------------------
S1        2.5297549580E+00  7.7109196505E-06  3.9556062802E+02 -3.9711486589E+02  1.0811268438E+00
H2       -5.8073461100E-02  2.3895379778E-05  6.2868300268E-01 -6.3115322560E-01  7.8528505322E-02
N3       -1.5466453495E+00 -1.0266405925E-04  5.5119700010E+01 -5.5336276482E+01  6.1398741906E-01
H4        3.8922577780E-01  2.8403189197E-05  4.6254134260E-01 -4.6435876127E-01  1.8274150000E-01
O5       -1.3946490119E+00  4.6218592413E-05  7.5576068047E+01 -7.5873021733E+01  7.7185640999E-01
C6       -1.3267791650E-01  4.9168777207E-05  3.7873643601E+01 -3.8022456822E+01  2.9314023644E-02
H7        5.9913418200E-02  2.1364107082E-05  5.9672438707E-01 -5.9906903811E-01  1.2835671467E-01
H8        6.9671854780E-02  2.3067191961E-05  5.9249216260E-01 -5.9482018438E-01  1.2891543162E-01
H9        8.3510925050E-02  2.9307790248E-05  5.8510051634E-01 -5.8739949484E-01  1.2769638981E-01
--------------------------------------------------------------------------------------------------
Total     3.1194829999E-05  1.2647188829E-04  5.6699558109E+02 -5.6922342163E+02
 
1st Largest |L(A)| = 1.0266405925E-04, atom N3      
2nd Largest |L(A)| = 4.9168777207E-05, atom C6      
 
Molecular charge q(Mol) from the wfx file:   0.0000000000E+00
Molecular energy E(Mol) from the wfx file:  -5.6922340631E+02
Molecular virial ratio (-V(Mol)/T(Mol)) from the wfx file:   2.0039292026E+00
Note.  K_Scaled(A) = (1+V(Mol)/T(Mol))*K(A) = (E(Mol)/T(Mol))*K(A)
       Only use K_Scaled(A) data with caution.
 
N_AIMInt(SumA)     =         41.999969
N_Analytic(Mol)    =         42.000000
 
G_AIMInt(SumA)     =        566.995455
G_Analytic(Mol)    =        566.995566
 
K_AIMInt(SumA)     =        566.995581
K_Analytic(Mol)    =        566.995566
 
L_AIMInt(SumA)     =          0.000126
L_Analytic(Mol)    =          0.000000
 
VenT_AIMInt(SumA)  =      -1733.174833
VenT_Analytic(Mol) =      -1733.176371
 
Some Information About the Atomic Calculations:
----------------------------------------------
  Time(sec) = "Elapsed User Time", in Seconds, for Atom A by AIMInt and, if used, by TWOe
  NProc = Number of Processors Used for AIMInt Job
  BIM = Basin Integration Method
  OAQ = Angular Quadrature Outside of Beta Sphere
  ORQ = Multiple of Default for Radial Quadrature Outside of Beta Sphere
  IAQ = Multiple of Default for Angular Quadrature Inside of Beta Sphere
  IRQ = Multiple of Default for Radial Quadrature Inside of Beta Sphere
  MIR = Maximum Integration Radius
------------------------------------------------------------------------------------------------------
Atom A     Time(sec)   NProc      BIM          OAQ                     ORQ      IAQ      IRQ      MIR
------------------------------------------------------------------------------------------------------
S1            100        2     Proaim(5)    4500(GS4)                  1.00     1.00     1.00    13.00
H2             30        2     Proaim(5)    1800(GS4)                  1.00     1.00     1.00    13.00
N3             65        2     Proaim(5)    4500(GS4)                  1.00     1.00     1.00    13.00
H4             21        2     Proaim(5)    1800(GS4)                  1.00     1.00     1.00    13.00
O5             45        2     Proaim(5)    2700(GS4)                  1.00     1.00     1.00    13.00
C6             71        2     Proaim(5)    4500(GS4)                  1.00     1.00     1.00    13.00
H7             30        2     Proaim(5)    1800(GS4)                  1.00     1.00     1.00    13.00
H8             30        2     Proaim(5)    1800(GS4)                  1.00     1.00     1.00    13.00
H9             27        2     Proaim(5)    1800(GS4)                  1.00     1.00     1.00    13.00
------------------------------------------------------------------------------------------------------
Total         419
Note:  Total wall clock time is less than total of atomic times if more than one atom
       was calculated at a time
 
Electron Density Critical Point Analysis of Molecular Structure:               
---------------------------------------------------------------                
  NACP = Nuclear Attractor Critical Point                                      
  NNACP = Non-Nuclear Attractor Critical Point                                 
  BCP = Bond Critical Point                                                    
  RCP = Ring Critical Point                                                    
  CCP = Cage Critical Point                                                    
  Rho = Electron Density                                                       
  GradRho = Gradient of Electron Density                                       
  HessRho_EigVals = Eigenvalues of the Hessian of Rho, Ascending Order         
  HessRho_EigVecs = Eigenvectors of the Hessian of Rho                         
  DelSqRho = Laplacian of Rho = Trace of Hessian of Rho                        
  Bond Ellipticity = (HessRho_EigVal(1) / HessRho_EigVal(2)) - 1               
  V = Virial Field = Potential Energy Density = Trace of Stress Tensor         
  G = Lagrangian Form of Kinetic Energy Density                                
  K = Hamiltonian Form of Kinetic Energy Density                               
  L = K - G = Lagrangian Density = (-1/4)DelSqRho                              
  Vnuc = Electrostatic Potential from Nuclei                                   
  Ven = Electron-nuclear attractive contribution to Virial Field V             
  Vrep = V - Ven = Repulsive contribution to Virial Field V                    
  DelSqV = Laplacian of V                                                      
  DelSqVen = Laplacian of Ven                                                  
  DelSqVrep = Laplacian of Vrep                                                
  DelSqG = Laplacian of G                                                      
  DelSqK = Laplacian of K                                                      
  Stress_EigVals = Eigenvalues of Stress Tensor, Ascending Order               
  Stress_EigVecs = Eigenvectors of Stress Tensor                               
  -DivStress = Ehrenfest Force Density = Minus Divergence of Stress Tensor     
  ESP = Total Electrostatic Potential                                          
  ESPe = Electrostatic Potential from Electrons                                
  ESPn = Electrostatic Potential from Nuclei                                   
  BP = Bond Path                                                               
  BPL = Bond Path Length                                                       
  GBL = Geometric Bond Length                                                  
  GBL_I = Distance Between Nuclear Attractors                                  
  GBL_II = Distance Between Nuclei                                             
  GBL_III = Sum of Distances Between BCP and Nuclear Attractors                
  GBL_IV = Sum of Distances Between BCP and Nuclei                             

CP# 1      Coords = -4.71922843261568E-09  1.62461462814118E-08 -2.02408760317870E-08
           Type = (3,-3) NACP S1
           Rho =  2.6267237317E+03     Rho at Nucleus =  2.6267237316E+03
           GradRho = -7.8848927387E-11  2.7012170278E-10 -3.3771030417E-10
           HessRho_EigVals = -9.8043842958E+07 -9.8043836598E+07 -9.8043796747E+07
           HessRho_EigVec1 =  9.8443207703E-01  7.7514121324E-02 -1.5774994997E-01
           HessRho_EigVec2 =  1.2935593085E-02  8.6311771661E-01  5.0483708036E-01
           HessRho_EigVec3 =  1.7528877931E-01 -4.9901840474E-01  8.4867807535E-01
           DelSqRho = -2.9413147630E+08
           Bond Ellipticity = NA
           V = -7.3552213257E+07
           G =  9.6720905438E+03
           K =  7.3542541166E+07
           L =  7.3532869076E+07
           Vnuc =  6.0652138561E+08
           Ven = -1.5931641174E+12
           Vrep =  1.5930905651E+12
           DelSqV =  1.9499820350E+14
           DelSqVen =  1.7839603648E+17
           DelSqVrep = -1.7820131316E+17
           DelSqG =  2.7453562484E+12
           DelSqK = -1.9774355975E+14
           Stress_EigVals = -2.4517411467E+07 -2.4517401654E+07 -2.4517400136E+07
           Stress_EigVec1 =  1.7317950582E-01 -5.0113392266E-01  8.4786416974E-01
           Stress_EigVec2 =  3.3606225884E-02  8.6337713048E-01  5.0343872730E-01
           Stress_EigVec3 =  9.8431675814E-01  5.8691755198E-02 -1.6636044459E-01
           -DivStress =  3.0403570887E+05 -1.0491453757E+06  1.3047209049E+06
           ESP =  -5.9008818991E+01     ESP at Nucleus =  -5.9008818992E+01
           ESPe = -6.7450967466E+01     ESPe at Nucleus = -6.7450967467E+01
           ESPn =  8.4421484744E+00     ESPn at Nucleus =  8.4421484750E+00

CP# 2      Coords = -2.56832027716693E+00  4.63836888101166E-04  3.46130861925172E-05
           Type = (3,-3) NACP H2
           Rho =  4.0767335355E-01     Rho at Nucleus =  4.0504265005E-01
           GradRho = -1.1692036228E-15  2.5153490402E-17  2.9490299092E-17
           HessRho_EigVals = -8.3744542572E+00 -8.3664921274E+00 -7.8343072166E+00
           HessRho_EigVec1 = -4.2122730745E-03  2.7094860803E-01  9.6258459813E-01
           HessRho_EigVec2 = -7.8696977420E-03  9.6255434729E-01 -2.7097453084E-01
           HessRho_EigVec3 =  9.9996016151E-01  8.7166685585E-03  1.9222581110E-03
           DelSqRho = -2.4575253601E+01
           Bond Ellipticity = NA
           V = -6.1565048704E+00
           G =  6.3457350535E-03
           K =  6.1501591354E+00
           L =  6.1438134003E+00
           Vnuc =  5.0806948366E+01
           Ven = -2.0712639024E+01
           Vrep =  1.4556134154E+01
           DelSqV =  1.5990022971E+03
           DelSqVen =  1.2485936408E+03
           DelSqVrep =  3.5040865627E+02
           DelSqG =  1.2383989801E+02
           DelSqK = -1.7228421951E+03
           Stress_EigVals = -2.0970241272E+00 -2.0941628658E+00 -1.9653178774E+00
           Stress_EigVec1 = -1.3388706231E-03  1.6411506220E-01  9.8644029408E-01
           Stress_EigVec2 = -1.2054097478E-02  9.8636686127E-01 -1.6411920583E-01
           Stress_EigVec3 =  9.9992645037E-01  1.2110381845E-02 -6.5764134321E-04
           -DivStress = -1.3108542997E+01 -2.3713568345E-01 -1.6345696608E-02
           ESP =  -1.0284093219E+00     ESP at Nucleus =  -1.0290847171E+00
           ESPe = -1.2777869380E+01     ESPe at Nucleus = -1.2693846580E+01
           ESPn =  1.1749460058E+01     ESPn at Nucleus =  1.1664761863E+01

CP# 3      Coords =  1.08605009188288E+00 -8.72897696133764E-01  2.52290478544080E+00
           Type = (3,-3) NACP N3
           Rho =  1.9631525643E+02     Rho at Nucleus =  1.9631523744E+02
           GradRho =  3.1967539726E-11  1.2550405160E-11  3.5855318714E-11
           HessRho_EigVals = -5.5346040010E+05 -5.5345295134E+05 -5.5344993225E+05
           HessRho_EigVec1 =  2.5793195836E-01 -6.4140111177E-01  7.2254807361E-01
           HessRho_EigVec2 =  3.6582948361E-01  7.5700598792E-01  5.4139701068E-01
           HessRho_EigVec3 =  8.9422586284E-01 -1.2468579744E-01 -4.2989947446E-01
           DelSqRho = -1.6603632837E+06
           Bond Ellipticity = NA
           V = -4.1513917424E+05
           G =  2.4176659867E+01
           K =  4.1511499758E+05
           L =  4.1509082092E+05
           Vnuc =  8.4498181599E+05
           Ven = -1.6588282189E+08
           Vrep =  1.6546768271E+08
           DelSqV =  3.4612798861E+10
           DelSqVen =  1.4029767816E+12
           DelSqVrep = -1.3683639827E+12
           DelSqG =  1.1703767222E+09
           DelSqK = -3.5783175584E+10
           Stress_EigVals = -1.3838084999E+05 -1.3837984373E+05 -1.3837848052E+05
           Stress_EigVec1 =  8.8957829176E-01 -1.3232061923E-01 -4.3719757153E-01
           Stress_EigVec2 =  3.3934299314E-01  8.3214235289E-01  4.3861764389E-01
           Stress_EigVec3 =  3.0577245760E-01 -5.3854466691E-01  7.8515784777E-01
           -DivStress =  4.3711611274E+04  4.4257566708E+04  7.0293595448E+04
           ESP =  -1.8407736151E+01     ESP at Nucleus =  -1.8407736448E+01
           ESPe = -2.8063549198E+01     ESPe at Nucleus = -2.8063535118E+01
           ESPn =  9.6558130476E+00     ESPn at Nucleus =  9.6557986707E+00

CP# 4      Coords =  8.98581111012813E-01 -2.72729868302933E+00  2.73708130628650E+00
           Type = (3,-3) NACP H4
           Rho =  4.1959631451E-01     Rho at Nucleus =  4.1330110408E-01
           GradRho =  1.2229757138E-13  1.5705561851E-12 -2.3468033072E-13
           HessRho_EigVals = -8.3124275226E+00 -8.3104766243E+00 -7.1384237021E+00
           HessRho_EigVec1 = -3.5538538557E-01  1.5825257921E-01  9.2122600316E-01
           HessRho_EigVec2 =  9.3098985393E-01 -2.8030666225E-02  3.6396727000E-01
           HessRho_EigVec3 =  8.3421337840E-02  9.8700071070E-01 -1.3736985648E-01
           DelSqRho = -2.3761327849E+01
           Bond Ellipticity = NA
           V = -5.9835420957E+00
           G =  2.1605066748E-02
           K =  5.9619370290E+00
           L =  5.9403319622E+00
           Vnuc =  3.5339516369E+01
           Ven = -1.4828330825E+01
           Vrep =  8.8447887290E+00
           DelSqV =  1.4945709971E+03
           DelSqVen =  8.3971383446E+02
           DelSqVrep =  6.5485716263E+02
           DelSqG =  1.1345778220E+02
           DelSqK = -1.6080287793E+03
           Stress_EigVals = -2.0986544072E+00 -2.0937434142E+00 -1.7911442743E+00
           Stress_EigVec1 =  8.8564839522E-01 -1.3605278380E-01 -4.4397810764E-01
           Stress_EigVec2 =  4.5756717786E-01  9.2795259686E-02  8.8431969193E-01
           Stress_EigVec3 =  7.9115092063E-02  9.8634612576E-01 -1.4443726115E-01
           -DivStress = -1.4785529975E+00 -1.9866928864E+01  3.0700358922E+00
           ESP =  -1.0355349130E+00     ESP at Nucleus =  -1.0375906543E+00
           ESPe = -1.1779913057E+01     ESPe at Nucleus = -1.1658341360E+01
           ESPn =  1.0744378144E+01     ESPn at Nucleus =  1.0620750706E+01

CP# 5      Coords =  6.85290323806922E-01 -1.10120465840768E+00 -2.42546468437581E+00
           Type = (3,-3) NACP O5
           Rho =  2.9818610866E+02     Rho at Nucleus =  2.9818607926E+02
           GradRho = -3.0668134698E-11  3.5753622285E-12 -1.9237944571E-10
           HessRho_EigVals = -1.1129329114E+06 -1.1129141906E+06 -1.1129126457E+06
           HessRho_EigVec1 = -2.4138153915E-01  3.9407184954E-01  8.8681583768E-01
           HessRho_EigVec2 =  5.6456570897E-02  9.1799247918E-01 -3.9255886664E-01
           HessRho_EigVec3 =  9.6878666803E-01  4.4689882224E-02  2.4383438286E-01
           DelSqRho = -3.3387597477E+06
           Bond Ellipticity = NA
           V = -8.3481960868E+05
           G =  6.4835876243E+01
           K =  8.3475477280E+05
           L =  8.3468993692E+05
           Vnuc =  1.1006007298E+06
           Ven = -3.2818384881E+08
           Vrep =  3.2734902921E+08
           DelSqV =  9.3345893895E+10
           DelSqVen =  3.6746414090E+12
           DelSqVrep = -3.5812955151E+12
           DelSqG =  3.1158198648E+09
           DelSqK = -9.6461713759E+10
           Stress_EigVals = -2.7827517206E+05 -2.7827479750E+05 -2.7826963912E+05
           Stress_EigVec1 =  9.6883579698E-01  5.0985453261E-02  2.4239983922E-01
           Stress_EigVec2 =  5.0979813583E-02  9.1659568804E-01 -3.9655189229E-01
           Stress_EigVec3 = -2.4240102538E-01  3.9655116723E-01  8.8543148502E-01
           -DivStress =  5.6481701247E+04 -9.1870389778E+04 -1.9429429844E+05
           ESP =  -2.2361568294E+01     ESP at Nucleus =  -2.2361568578E+01
           ESPe = -3.1717635042E+01     ESPe at Nucleus = -3.1717615863E+01
           ESPn =  9.3560667478E+00     ESPn at Nucleus =  9.3560472852E+00

CP# 6      Coords =  5.60080282059707E-01  3.30205627453532E+00 -6.96419492611094E-08
           Type = (3,-3) NACP C6
           Rho =  1.2094616064E+02     Rho at Nucleus =  1.2094616010E+02
           GradRho = -4.7120085611E-12 -3.5395353315E-11 -5.5511151231E-17
           HessRho_EigVals = -2.4826445911E+05 -2.4826260152E+05 -2.4826258324E+05
           HessRho_EigVec1 =  1.7508725472E-01  9.8439044379E-01 -1.7885955620E-02
           HessRho_EigVec2 =  7.5948030599E-01 -1.2347894450E-01  6.3870385553E-01
           HessRho_EigVec3 = -6.2652543288E-01  1.2541293569E-01  7.6924474487E-01
           DelSqRho = -7.4478964387E+05
           Bond Ellipticity = NA
           V = -1.8621288670E+05
           G =  7.7378670564E+00
           K =  1.8620514884E+05
           L =  1.8619741097E+05
           Vnuc =  2.8692657389E+06
           Ven = -3.4702667499E+08
           Vrep =  3.4684046210E+08
           DelSqV =  1.1202468437E+10
           DelSqVen =  2.1369994281E+12
           DelSqVrep = -2.1257969597E+12
           DelSqG =  3.8223770404E+08
           DelSqK = -1.1584706141E+10
           Stress_EigVals = -6.2071124527E+04 -6.2071116363E+04 -6.2070645813E+04
           Stress_EigVec1 =  7.1589924983E-01 -1.4126386011E-01 -6.8376369158E-01
           Stress_EigVec2 =  6.7530031016E-01 -1.0868164482E-01  7.2949146066E-01
           Stress_EigVec3 =  1.7736334232E-01  9.8398822244E-01 -1.7590420555E-02
           -DivStress =  1.9312843749E+03  7.4234154348E+03  2.5507044911E+02
           ESP =  -1.4717273038E+01     ESP at Nucleus =  -1.4717273041E+01
           ESPe = -2.4342048865E+01     ESPe at Nucleus = -2.4342045180E+01
           ESPn =  9.6247758273E+00     ESPn at Nucleus =  9.6247721393E+00

CP# 7      Coords = -2.57212695500556E-01  4.06839993213407E+00 -1.68304635983380E+00
           Type = (3,-3) NACP H7
           Rho =  4.3353527551E-01     Rho at Nucleus =  4.2943589386E-01
           GradRho =  7.8825834748E-15 -1.1379786002E-14  1.7239681904E-14
           HessRho_EigVals = -8.7735507516E+00 -8.7704482267E+00 -7.9690406438E+00
           HessRho_EigVec1 =  5.4220857177E-01 -6.3165609478E-01 -5.5409425427E-01
           HessRho_EigVec2 =  7.4099980470E-01  6.7036600905E-01 -3.9098636006E-02
           HessRho_EigVec3 =  3.9614284561E-01 -3.8938411862E-01  8.3153523921E-01
           DelSqRho = -2.5513039622E+01
           Bond Ellipticity = NA
           V = -6.3942955897E+00
           G =  8.0178421099E-03
           K =  6.3862777476E+00
           L =  6.3782599055E+00
           Vnuc =  4.1839001843E+01
           Ven = -1.8138683191E+01
           Vrep =  1.1744387601E+01
           DelSqV =  1.6408381011E+03
           DelSqVen =  1.0674401118E+03
           DelSqVrep =  5.7339798936E+02
           DelSqG =  1.2568355494E+02
           DelSqK = -1.7665216561E+03
           Stress_EigVals = -2.2001518107E+00 -2.1991356600E+00 -1.9950081190E+00
           Stress_EigVec1 =  7.6296981329E-01 -3.6476692454E-01 -5.3368731928E-01
           Stress_EigVec2 =  5.1055192060E-01  8.4641593554E-01  1.5138295952E-01
           Stress_EigVec3 =  3.9650195507E-01 -3.8797571422E-01  8.3202226220E-01
           -DivStress = -6.5782279382E+00  6.5758046087E+00 -1.3953338410E+01
           ESP =  -1.0617882946E+00     ESP at Nucleus =  -1.0629559266E+00
           ESPe = -1.1136860285E+01     ESPe at Nucleus = -1.1061442545E+01
           ESPn =  1.0075071990E+01     ESPn at Nucleus =  9.9984866186E+00

CP# 8      Coords = -2.43507277522899E-01  4.10477669188036E+00  1.67085506797237E+00
           Type = (3,-3) NACP H8
           Rho =  4.3203505523E-01     Rho at Nucleus =  4.2790028481E-01
           GradRho =  9.2703622556E-15 -1.1155572993E-14 -2.0124527045E-14
           HessRho_EigVals = -8.7427900670E+00 -8.7387451339E+00 -7.9323275825E+00
           HessRho_EigVec1 = -5.2658297995E-01  6.3942792833E-01 -5.6021628832E-01
           HessRho_EigVec2 =  7.5596996083E-01  6.5364400199E-01  3.5481501961E-02
           HessRho_EigVec3 = -3.8886987997E-01  4.0482273050E-01  8.2758611233E-01
           DelSqRho = -2.5413862783E+01
           Bond Ellipticity = NA
           V = -6.3695999569E+00
           G =  8.0671305118E-03
           K =  6.3615328264E+00
           L =  6.3534656959E+00
           Vnuc =  4.1609041960E+01
           Ven = -1.7976564741E+01
           Vrep =  1.1606964784E+01
           DelSqV =  1.6337708795E+03
           DelSqVen =  1.0574464829E+03
           DelSqVrep =  5.7632439657E+02
           DelSqG =  1.2514886655E+02
           DelSqK = -1.7589197460E+03
           Stress_EigVals = -2.1923895667E+00 -2.1914123944E+00 -1.9857979957E+00
           Stress_EigVec1 = -6.6178609037E-01  5.0295256111E-01 -5.5594774202E-01
           Stress_EigVec2 =  6.4065007035E-01  7.6454842433E-01 -7.0945008425E-02
           Stress_EigVec3 = -3.8936699649E-01  4.0311837979E-01  8.2818410629E-01
           -DivStress = -6.4648778253E+00  6.8059165603E+00  1.3945776899E+01
           ESP =  -1.0612458623E+00     ESP at Nucleus =  -1.0624257482E+00
           ESPe = -1.1107635387E+01     ESPe at Nucleus = -1.1031688526E+01
           ESPn =  1.0046389525E+01     ESPn at Nucleus =  9.9692627780E+00

CP# 9      Coords =  2.57036310106973E+00  3.52849240097774E+00 -5.80237081332164E-03
           Type = (3,-3) NACP H9
           Rho =  4.2888419006E-01     Rho at Nucleus =  4.2473682978E-01
           GradRho = -8.5220698207E-10 -1.0427283863E-10 -8.3966167352E-13
           HessRho_EigVals = -8.6761985325E+00 -8.6732645056E+00 -7.8667479963E+00
           HessRho_EigVec1 =  3.3010199933E-02 -2.6963770961E-01  9.6239588126E-01
           HessRho_EigVec2 = -1.1551881763E-01  9.5543779906E-01  2.7165053818E-01
           HessRho_EigVec3 =  9.9275663154E-01  1.2014207287E-01 -3.9096336701E-04
           DelSqRho = -2.5216211034E+01
           Bond Ellipticity = NA
           V = -6.3200339050E+00
           G =  7.9905732025E-03
           K =  6.3120433318E+00
           L =  6.3040527586E+00
           Vnuc =  4.1683491651E+01
           Ven = -1.7877390556E+01
           Vrep =  1.1557356651E+01
           DelSqV =  1.6204247398E+03
           DelSqVen =  1.0510997238E+03
           DelSqVrep =  5.6932501602E+02
           DelSqG =  1.2411639308E+02
           DelSqK = -1.7445411329E+03
           Stress_EigVals = -2.1758053426E+00 -2.1748059309E+00 -1.9694226315E+00
           Stress_EigVec1 =  2.1307901513E-02 -1.7504451862E-01  9.8432991920E-01
           Stress_EigVec2 = -1.1644855437E-01  9.7741767955E-01  1.7633608219E-01
           Stress_EigVec3 =  9.9296813016E-01  1.1838114799E-01 -4.4303851048E-04
           -DivStress =  1.6646423331E+01  2.0378602928E+00  2.0650662013E-02
           ESP =  -1.0602048350E+00     ESP at Nucleus =  -1.0613884135E+00
           ESPe = -1.1352860015E+01     ESPe at Nucleus = -1.1277628266E+01
           ESPn =  1.0292655180E+01     ESPn at Nucleus =  1.0216239853E+01

CP# 10     Coords = -1.69158292339095E+00  1.67444177512926E-03  4.09055079682682E-03
           Type = (3,-1) BCP S1 H2
           Rho =  2.2936919239E-01
           GradRho = -1.7104373473E-15 -3.9898639947E-17  2.0816681712E-17
           HessRho_EigVals = -5.1703834343E-01 -5.0501358371E-01  2.6004429522E-01
           HessRho_EigVec1 = -4.8348397763E-03  3.8411010560E-01  9.2327463471E-01
           HessRho_EigVec2 =  6.6781981039E-03  9.2327723922E-01 -3.8407621796E-01
           HessRho_EigVec3 =  9.9996601242E-01 -4.3088639392E-03  7.0290608997E-03
           DelSqRho = -7.6200763192E-01
           Bond Ellipticity =  2.3810764916E-02
           V = -2.4831314151E-01
           G =  2.8905616767E-02
           K =  2.1940752475E-01
           L =  1.9050190798E-01
           Vnuc =  1.6948185417E+01
           Ven = -3.8873916015E+00
           Vrep =  3.6390784600E+00
           DelSqV = -2.3791647255E-01
           DelSqVen =  1.2914646635E+01
           DelSqVrep = -1.3152563108E+01
           DelSqG =  8.8596235108E-01
           DelSqK = -6.4804587852E-01
           Stress_EigVals = -1.4802586126E-01 -1.4236843231E-01  4.2081152061E-02
           Stress_EigVec1 = -2.1320333890E-03  1.6269183663E-01  9.8667462759E-01
           Stress_EigVec2 =  4.7039440384E-04  9.8667692410E-01 -1.6269119886E-01
           Stress_EigVec3 =  9.9999761658E-01 -1.1726315516E-04  2.1801574759E-03
           -DivStress =  1.5457594458E-01  5.9966950762E-04 -1.7294472067E-03
           ESP =   7.6954140090E-01
           ESPe = -1.6178644016E+01
           ESPn =  1.6948185417E+01
           BPL =  2.5684351318E+00 =  1.6916808828E+00 +  8.7675424896E-01                
           GBL_I =  2.5683203146E+00                                                      
           GBL_II =  2.5939193368E+00                                                     
           GBL_III =  2.5683362645E+00 =  1.6915886933E+00 +  8.7674757125E-01            
           GBL_IV =  2.5939359367E+00 =  1.6915886980E+00 +  9.0234723878E-01             

CP# 11     Coords =  4.14096521160089E-01 -4.03176511041104E-01  9.75796742871609E-01
           Type = (3,-1) BCP N3 S1
           Rho =  2.9061950428E-01
           GradRho = -2.7755575616E-17 -6.7654215563E-17  2.4286128664E-16
           HessRho_EigVals = -4.7197082176E-01 -3.8837775089E-01  8.4531283520E-01
           HessRho_EigVec1 =  1.0633450013E-01  9.4874841309E-01  2.9760615374E-01
           HessRho_EigVec2 =  9.2077835865E-01  1.9018194874E-02 -3.8962228183E-01
           HessRho_EigVec3 =  3.7531345342E-01 -3.1545959635E-01  8.7156471633E-01
           DelSqRho = -1.5035737458E-02
           Bond Ellipticity =  2.1523650796E-01
           V = -8.1533309495E-01
           G =  4.0578708029E-01
           K =  4.0954601466E-01
           L =  3.7589343645E-03
           Vnuc =  2.3238600144E+01
           Ven = -6.7535904542E+00
           Vrep =  5.9382573592E+00
           DelSqV = -6.4051055231E+00
           DelSqVen =  3.4940949066E-01
           DelSqVrep = -6.7545150138E+00
           DelSqG =  1.3559179118E+01
           DelSqK = -7.1540735945E+00
           Stress_EigVals = -3.1898524740E-01 -2.6117551963E-01 -2.3517232792E-01
           Stress_EigVec1 =  3.4569960076E-01 -4.4179487897E-01  8.2783396339E-01
           Stress_EigVec2 =  8.4694544229E-01 -2.3288186831E-01 -4.7796386181E-01
           Stress_EigVec3 =  4.0394950653E-01  8.6636211847E-01  2.9366899028E-01
           -DivStress = -4.1341719871E-01  3.9535321377E-01 -9.6958369344E-01
           ESP =   1.9180591809E+00
           ESPe = -2.1320540963E+01
           ESPn =  2.3238600144E+01
           BPL =  2.8857537681E+00 =  1.7515803525E+00 +  1.1341734156E+00                
           GBL_I =  2.8821006032E+00                                                      
           GBL_II =  2.8821062783E+00                                                     
           GBL_III =  2.8850253461E+00 =  1.7509148718E+00 +  1.1341104742E+00            
           GBL_IV =  2.8850312337E+00 =  1.7509207843E+00 +  1.1341104493E+00             

CP# 12     Coords =  9.40543412294600E-01 -2.26761277314262E+00  2.67791465217070E+00
           Type = (3,-1) BCP N3 H4
           Rho =  3.3517767525E-01
           GradRho =  2.3011106909E-15  4.8919202023E-15  3.4139358007E-15
           HessRho_EigVals = -1.2512376810E+00 -1.2390340074E+00  8.0538941057E-01
           HessRho_EigVec1 =  3.5554071104E-01  7.4873155674E-02  9.3165702560E-01
           HessRho_EigVec2 =  9.2959209518E-01 -1.3199590987E-01 -3.4414476077E-01
           HessRho_EigVec3 =  9.7207712537E-02  9.8841847936E-01 -1.1653141331E-01
           DelSqRho = -1.6848822778E+00
           Bond Ellipticity =  9.8493451270E-03
           V = -5.5061631615E-01
           G =  6.4697873351E-02
           K =  4.8591844280E-01
           L =  4.2122056945E-01
           Vnuc =  1.4469907131E+01
           Ven = -4.8499898333E+00
           Vrep =  4.2993735172E+00
           DelSqV = -2.0379809955E+00
           DelSqVen =  2.4380090087E+01
           DelSqVrep = -2.6418071082E+01
           DelSqG =  3.3334919476E+00
           DelSqK = -1.2955109521E+00
           Stress_EigVals = -3.7444071005E-01 -3.6298566300E-01  1.8681005690E-01
           Stress_EigVec1 =  8.9048261175E-01 -1.3792002832E-01 -4.3361132821E-01
           Stress_EigVec2 =  4.4540357425E-01  6.9355301469E-02  8.9263962392E-01
           Stress_EigVec3 =  9.3039637819E-02  9.8801209909E-01 -1.2318976356E-01
           -DivStress = -1.0798276564E-01 -1.2167665626E+00  1.6071567582E-01
           ESP =   1.2389573676E+00
           ESPe = -1.3230949763E+01
           ESPn =  1.4469907131E+01
           BPL =  1.8762528502E+00 =  1.4108630467E+00 +  4.6538980350E-01                
           GBL_I =  1.8761181256E+00                                                      
           GBL_II =  1.9167377701E+00                                                     
           GBL_III =  1.8761998220E+00 =  1.4108261405E+00 +  4.6537368151E-01            
           GBL_IV =  1.9168451339E+00 =  1.4108297207E+00 +  5.0601541317E-01             

CP# 13     Coords =  2.71362457267502E-01 -4.30724355513790E-01 -9.50964592233832E-01
           Type = (3,-1) BCP S1 O5
           Rho =  2.9999597907E-01
           GradRho = -2.0333734696E-13  3.1964708658E-13  7.0155686815E-13
           HessRho_EigVals = -5.1037632320E-01 -4.8629716874E-01  1.8841002159E+00
           HessRho_EigVec1 = -8.2972546013E-01  3.8161926813E-01 -4.0733572764E-01
           HessRho_EigVec2 =  4.9920516195E-01  8.3381403893E-01 -2.3568698471E-01
           HessRho_EigVec3 = -2.4969955365E-01  3.9889958972E-01  8.8234304566E-01
           DelSqRho =  8.8742672394E-01
           Bond Ellipticity =  4.9515308766E-02
           V = -1.0036074399E+00
           G =  6.1273206043E-01
           K =  3.9087537944E-01
           L = -2.2185668099E-01
           Vnuc =  2.4292211011E+01
           Ven = -7.2875656260E+00
           Vrep =  6.2839581861E+00
           DelSqV = -1.1258257114E+01
           DelSqVen = -2.1557557235E+01
           DelSqVrep =  1.0299300121E+01
           DelSqG =  2.0858800879E+01
           DelSqK = -9.6005437654E+00
           Stress_EigVals = -3.8931674682E-01 -3.0918581720E-01 -3.0510487585E-01
           Stress_EigVec1 = -2.5728878487E-01  3.9468981282E-01  8.8205579916E-01
           Stress_EigVec2 = -7.4135969550E-01  5.0485991663E-01 -4.4215638236E-01
           Stress_EigVec3 =  6.1982923702E-01  7.6768249702E-01 -1.6271232497E-01
           -DivStress = -3.1462856059E-01  4.9708736358E-01  1.0961337005E+00
           ESP =   2.1797333809E+00
           ESPe = -2.2112477630E+01
           ESPn =  2.4292211011E+01
           BPL =  2.7504963429E+00 =  1.0786543418E+00 +  1.6718420011E+00                
           GBL_I =  2.7504823953E+00                                                      
           GBL_II =  2.7504896734E+00                                                     
           GBL_III =  2.7504886217E+00 =  1.0786541092E+00 +  1.6718345124E+00            
           GBL_IV =  2.7504958997E+00 =  1.0786541194E+00 +  1.6718417803E+00             

CP# 14     Coords =  2.96354471597619E-01  1.79135008683625E+00  2.10556139512762E-03
           Type = (3,-1) BCP C6 S1
           Rho =  2.1337516588E-01
           GradRho =  0.0000000000E+00  2.4286128664E-17  0.0000000000E+00
           HessRho_EigVals = -3.7287781693E-01 -3.6051618073E-01  2.8532870563E-01
           HessRho_EigVec1 =  1.5040418553E-01 -2.9970817946E-02  9.8817019336E-01
           HessRho_EigVec2 =  9.7413172325E-01 -1.6602879212E-01 -1.5330305261E-01
           HessRho_EigVec3 =  1.6865932149E-01  9.8566535409E-01  4.2240992799E-03
           DelSqRho = -4.4806529203E-01
           Bond Ellipticity =  3.4288713947E-02
           V = -2.0762767474E-01
           G =  4.7805675864E-02
           K =  1.5982199887E-01
           L =  1.1201632301E-01
           Vnuc =  1.8209034664E+01
           Ven = -3.8853557920E+00
           Vrep =  3.6777281173E+00
           DelSqV = -1.1054934765E+00
           DelSqVen =  8.1588364345E+00
           DelSqVrep = -9.2643299110E+00
           DelSqG =  6.9786440184E-01
           DelSqK =  4.0762907470E-01
           Stress_EigVals = -1.2914017854E-01 -1.2729417954E-01  4.8806683341E-02
           Stress_EigVec1 =  7.4146569560E-02 -9.4358345844E-03  9.9720271322E-01
           Stress_EigVec2 =  9.8325366767E-01 -1.6623708107E-01 -7.4682380098E-02
           Stress_EigVec3 =  1.6647675886E-01  9.8604066747E-01 -3.0480903321E-03
           -DivStress = -1.8733087700E-03 -1.7263885353E-02 -1.2961934790E-03
           ESP =   6.6365518363E-01
           ESPe = -1.7545379481E+01
           ESPn =  1.8209034664E+01
           BPL =  3.3493201472E+00 =  1.5335659392E+00 +  1.8157542081E+00                
           GBL_I =  3.3492186343E+00                                                      
           GBL_II =  3.3492207317E+00                                                     
           GBL_III =  3.3492540659E+00 =  1.5335543428E+00 +  1.8156997231E+00            
           GBL_IV =  3.3492561641E+00 =  1.5335564257E+00 +  1.8156997383E+00             

CP# 15     Coords =  2.41094426024376E-02  3.79418048158483E+00 -1.09640513358018E+00
           Type = (3,-1) BCP C6 H7
           Rho =  2.8843565460E-01
           GradRho =  1.3877787808E-17  8.0014120329E-17  8.5868812061E-17
           HessRho_EigVals = -7.9076430055E-01 -7.8642603079E-01  4.4985594388E-01
           HessRho_EigVec1 =  2.1195172606E-01 -8.4192726106E-01 -4.9622066956E-01
           HessRho_EigVec2 =  8.9159774340E-01  3.7449631920E-01 -2.5457016884E-01
           HessRho_EigVec3 =  4.0016237926E-01 -3.8847264252E-01  8.3003558733E-01
           DelSqRho = -1.1273343875E+00
           Bond Ellipticity =  5.5164371357E-03
           V = -3.6737314780E-01
           G =  4.2769775467E-02
           K =  3.2460337233E-01
           L =  2.8183359686E-01
           Vnuc =  1.3748396774E+01
           Ven = -3.9655278232E+00
           Vrep =  3.5981546754E+00
           DelSqV = -1.8107164726E+00
           DelSqVen =  1.5499040456E+01
           DelSqVrep = -1.7309756928E+01
           DelSqG =  1.7674308798E+00
           DelSqK =  4.3285592835E-02
           Stress_EigVals = -2.3866448080E-01 -2.3469391447E-01  1.0598524747E-01
           Stress_EigVec1 =  8.5142151898E-01 -1.7794701472E-01 -4.9337233097E-01
           Stress_EigVec2 = -3.3730411610E-01 -9.0612375030E-01 -2.5527569881E-01
           Stress_EigVec3 =  4.0163083830E-01 -3.8376374124E-01  8.3151552038E-01
           -DivStress =  4.1804457753E-02 -3.2136762362E-02  8.1774351406E-02
           ESP =   8.7797463758E-01
           ESPe = -1.2870422136E+01
           ESPn =  1.3748396774E+01
           BPL =  2.0221185584E+00 =  1.3160820340E+00 +  7.0603652447E-01                
           GBL_I =  2.0218544032E+00                                                      
           GBL_II =  2.0533312071E+00                                                     
           GBL_III =  2.0219213281E+00 =  1.3158856486E+00 +  7.0603567956E-01            
           GBL_IV =  2.0534022685E+00 =  1.3158851645E+00 +  7.3751710402E-01             

CP# 16     Coords =  3.12953895389359E-02  3.82060575504529E+00  1.09096220839107E+00
           Type = (3,-1) BCP H8 C6
           Rho =  2.8860313033E-01
           GradRho =  1.3877787808E-17 -8.6736173799E-17 -3.2959746044E-17
           HessRho_EigVals = -7.9536023062E-01 -7.8999423317E-01  4.5440021727E-01
           HessRho_EigVec1 = -3.3377709654E-01  7.7281545666E-01 -5.3976765350E-01
           HessRho_EigVec2 =  8.5652975278E-01  4.8775142567E-01  1.6868707524E-01
           HessRho_EigVec3 = -3.9363642161E-01  4.0602317262E-01  8.2473968674E-01
           DelSqRho = -1.1309542465E+00
           Bond Ellipticity =  6.7924514181E-03
           V = -3.6729935716E-01
           G =  4.2280397764E-02
           K =  3.2501895939E-01
           L =  2.8273856163E-01
           Vnuc =  1.3715414587E+01
           Ven = -3.9583115837E+00
           Vrep =  3.5910122266E+00
           DelSqV = -1.8757163018E+00
           DelSqVen =  1.5511506370E+01
           DelSqVrep = -1.7387222672E+01
           DelSqG =  1.7732931096E+00
           DelSqK =  1.0242319227E-01
           Stress_EigVals = -2.3908222391E-01 -2.3547217462E-01  1.0725504137E-01
           Stress_EigVec1 = -8.4516601340E-01  1.9344768747E-01 -4.9826940706E-01
           Stress_EigVec2 = -3.5987536786E-01 -8.9520382189E-01  2.6286847829E-01
           Stress_EigVec3 = -3.9520137830E-01  4.0148239000E-01  8.2621290302E-01
           -DivStress =  3.6968856170E-02 -3.0158689893E-02 -7.1844855209E-02
           ESP =   8.7899883613E-01
           ESPe = -1.2836415751E+01
           ESPn =  1.3715414587E+01
           BPL =  2.0205982990E+00 =  7.0181696933E-01 +  1.3187813297E+00                
