AIMSum (Version 19.10.12, Professional)
Copyright (c) 1997-2019 by Todd A. Keith
AIMSum is a component of the AIMAll package ( http://aim.tkgristmill.com )

TP:  64-bit Mac OS X

Much of the Quantum Theory of Atoms in Molecules (QTAIM) is described in the book:
  "Atoms in Molecules - A Quantum Theory"
  R.F.W. Bader, Oxford University Press, Oxford, 1990

For additional references see:  http://aim.tkgristmill.com/references.html

Wfx File:  /Users/chemlab/Documents/SubstituentCoding/BCP Map Reference/BCPMapReference/SubH_SMeONH_wb97xd_aug-cc-pvtz.wfx
Sum File:  /Users/chemlab/Documents/SubstituentCoding/BCP Map Reference/BCPMapReference/SubH_SMeONH_wb97xd_aug-cc-pvtz.sum

SumViz File:  /Users/chemlab/Documents/SubstituentCoding/BCP Map Reference/BCPMapReference/SubH_SMeONH_wb97xd_aug-cc-pvtz.sumviz

Wfx Title:   Title Card Required                                                           
 
Total memory allocated for AIMSum =        0.522 Megabytes

Atomic units (a.u.) used throughout, except where stated otherwise

Model:  Restricted SCF
 
Restricted, closed-shell, single-determinant wavefunction.
  Number of electrons (from MO Occs)                   =          42.0000000000
  Number of Alpha electrons (from MO Occs)             =          21.0000000000
  Number of Beta electrons (from MO Occs)              =          21.0000000000
  Number of electron pairs (N*(N-1)/2)                 =         861.0000000000
  Number of electron pairs (from Muller 2EDM)          =         861.0000000000
 
Nuclear Charges and Cartesian Coordinates:
-------------------------------------------------------------------------------
Atom      Charge                X                  Y                  Z
-------------------------------------------------------------------------------
S1        16.0          -3.1434988843E-01   8.9660891015E-02   4.0370245626E-01
H2         1.0          -2.3631019109E-01   3.2652101305E-01   2.9856064811E+00
N3         7.0          -1.4386824631E+00  -2.4323498442E+00  -4.2205745747E-01
H4         1.0          -3.3386239204E+00  -2.4617868848E+00  -1.7057695053E-01
O5         8.0          -1.2174139355E+00   2.5321971629E+00  -4.8155856779E-01
C6         6.0           2.9564844719E+00  -2.6073336399E-01  -2.2570395359E-01
H7         1.0           3.9075318659E+00   1.4394914477E+00   4.2307753406E-01
H8         1.0           3.6433126701E+00  -1.9431853675E+00   7.2745129649E-01
H9         1.0           3.1248696850E+00  -4.6234267457E-01  -2.2637031951E+00
 
Some Atomic Properties:
----------------------
  q(A) = Net Charge of Atom A
  L(A) = Lagrangian of Atom A = -(1/4) Times Atomic Integral of the Laplacian of the Electron Density
  K(A) = Electronic Kinetic Energy of Atom A (Hamiltonian Form)
  K_Scaled(A) = K(A) * E(Mol)/K(Mol) = Approximation to Virial-Based Total Energy of Atom A.
  |Mu_Intra(A)| = Magnitude of Intraatomic Dipole Moment of Atom A
--------------------------------------------------------------------------------------------------
Atom A          q(A)              L(A)              K(A)          K_Scaled(A)      |Mu_Intra(A)|
--------------------------------------------------------------------------------------------------
S1        2.5293965720E+00 -4.9706871220E-04  3.9556063695E+02 -3.9711483976E+02  1.0809779068E+00
H2       -5.8080696500E-02  2.5986388550E-05  6.2868826796E-01 -6.3115845579E-01  7.8508537143E-02
N3       -1.5464068100E+00  9.1468288764E-05  5.5119730570E+01 -5.5336302271E+01  6.1388202578E-01
H4        3.8921470711E-01  1.2620828815E-05  4.6253551989E-01 -4.6435287464E-01  1.8275138196E-01
O5       -1.3946506581E+00  3.7827440894E-05  7.5576051123E+01 -7.5872998038E+01  7.7186234077E-01
C6       -1.3305340930E-01 -3.1413090721E-04  3.7873572509E+01 -3.8022382090E+01  3.0018493046E-02
H7        5.9922441140E-02  2.3969369225E-05  5.9671913591E-01 -5.9906371337E-01  1.2835776930E-01
H8        6.9677506580E-02  2.3086184065E-05  5.9248693389E-01 -5.9481488255E-01  1.2891357970E-01
H9        8.3517014030E-02  2.2037811195E-05  5.8509188370E-01 -5.8739077636E-01  1.2771103647E-01
--------------------------------------------------------------------------------------------------
Total    -4.6333304000E-04 -5.7420330790E-04  5.6699551289E+02 -5.6922330286E+02
 
1st Largest |L(A)| = 4.9706871220E-04, atom S1      
2nd Largest |L(A)| = 3.1413090721E-04, atom C6      
 
Molecular charge q(Mol) from the wfx file:   0.0000000000E+00
Molecular energy E(Mol) from the wfx file:  -5.6922340401E+02
Molecular virial ratio (-V(Mol)/T(Mol)) from the wfx file:   2.0039291139E+00
Full molecular virial ratio ((-V(Mol)+W(Mol))/T(Mol)) from the wfx file:   2.0039292913E+00
Note.  K_Scaled(A) = (1+V(Mol)/T(Mol))*K(A) = (E(Mol)/T(Mol))*K(A)
       Only use K_Scaled(A) data with caution.
 
N_AIMInt(SumA)     =         42.000463
N_Analytic(Mol)    =         42.000000
 
G_AIMInt(SumA)     =        566.996087
G_Analytic(Mol)    =        566.995614
 
K_AIMInt(SumA)     =        566.995513
K_Analytic(Mol)    =        566.995614
 
L_AIMInt(SumA)     =         -0.000574
L_Analytic(Mol)    =          0.000000
 
VenT_AIMInt(SumA)  =      -1733.182082
VenT_Analytic(Mol) =      -1733.176378
 
Some Information About the Atomic Calculations:
----------------------------------------------
  Time(sec) = "Elapsed User Time", in Seconds, for Atom A by AIMInt and, if used, by TWOe
  NProc = Number of Processors Used for AIMInt Job
  BIM = Basin Integration Method
  OAQ = Angular Quadrature Outside of Beta Sphere
  ORQ = Multiple of Default for Radial Quadrature Outside of Beta Sphere
  IAQ = Multiple of Default for Angular Quadrature Inside of Beta Sphere
  IRQ = Multiple of Default for Radial Quadrature Inside of Beta Sphere
  MIR = Maximum Integration Radius
------------------------------------------------------------------------------------------------------
Atom A     Time(sec)   NProc      BIM          OAQ                     ORQ      IAQ      IRQ      MIR
------------------------------------------------------------------------------------------------------
S1             92        2     Proaim(5)    4500(GS4)                  1.00     1.00     1.00    13.00
H2             29        2     Proaim(5)    1800(GS4)                  1.00     1.00     1.00    13.00
N3             60        2     Proaim(5)    4500(GS4)                  1.00     1.00     1.00    13.00
H4             21        2     Proaim(5)    1800(GS4)                  1.00     1.00     1.00    13.00
O5             44        2     Proaim(5)    2700(GS4)                  1.00     1.00     1.00    13.00
C6             75        2     Proaim(5)    4500(GS4)                  1.00     1.00     1.00    13.00
H7             31        2     Proaim(5)    1800(GS4)                  1.00     1.00     1.00    13.00
H8             31        2     Proaim(5)    1800(GS4)                  1.00     1.00     1.00    13.00
H9             27        2     Proaim(5)    1800(GS4)                  1.00     1.00     1.00    13.00
------------------------------------------------------------------------------------------------------
Total         410
Note:  Total wall clock time is less than total of atomic times if more than one atom
       was calculated at a time
 
Electron Density Critical Point Analysis of Molecular Structure:               
---------------------------------------------------------------                
  NACP = Nuclear Attractor Critical Point                                      
  NNACP = Non-Nuclear Attractor Critical Point                                 
  BCP = Bond Critical Point                                                    
  RCP = Ring Critical Point                                                    
  CCP = Cage Critical Point                                                    
  Rho = Electron Density                                                       
  GradRho = Gradient of Electron Density                                       
  HessRho_EigVals = Eigenvalues of the Hessian of Rho, Ascending Order         
  HessRho_EigVecs = Eigenvectors of the Hessian of Rho                         
  DelSqRho = Laplacian of Rho = Trace of Hessian of Rho                        
  Bond Ellipticity = (HessRho_EigVal(1) / HessRho_EigVal(2)) - 1               
  V = Virial Field = Potential Energy Density = Trace of Stress Tensor         
  G = Lagrangian Form of Kinetic Energy Density                                
  K = Hamiltonian Form of Kinetic Energy Density                               
  L = K - G = Lagrangian Density = (-1/4)DelSqRho                              
  Vnuc = Electrostatic Potential from Nuclei                                   
  Ven = Electron-nuclear attractive contribution to Virial Field V             
  Vrep = V - Ven = Repulsive contribution to Virial Field V                    
  DelSqV = Laplacian of V                                                      
  DelSqVen = Laplacian of Ven                                                  
  DelSqVrep = Laplacian of Vrep                                                
  DelSqG = Laplacian of G                                                      
  DelSqK = Laplacian of K                                                      
  Stress_EigVals = Eigenvalues of Stress Tensor, Ascending Order               
  Stress_EigVecs = Eigenvectors of Stress Tensor                               
  -DivStress = Ehrenfest Force Density = Minus Divergence of Stress Tensor     
  ESP = Total Electrostatic Potential                                          
  ESPe = Electrostatic Potential from Electrons                                
  ESPn = Electrostatic Potential from Nuclei                                   
  BP = Bond Path                                                               
  BPL = Bond Path Length                                                       
  GBL = Geometric Bond Length                                                  
  GBL_I = Distance Between Nuclear Attractors                                  
  GBL_II = Distance Between Nuclei                                             
  GBL_III = Sum of Distances Between BCP and Nuclear Attractors                
  GBL_IV = Sum of Distances Between BCP and Nuclei                             

CP# 1      Coords = -3.14349870325192E-01  8.96609100022207E-02  4.03702458728715E-01
           Type = (3,-3) NACP S1
           Rho =  2.6267238383E+03     Rho at Nucleus =  2.6267238383E+03
           GradRho = -2.3248150072E-09  7.5514350328E-10  2.7499105215E-09
           HessRho_EigVals = -9.8043846219E+07 -9.8043839850E+07 -9.8043800012E+07
           HessRho_EigVec1 = -6.2099699543E-02 -5.9000664994E-02  9.9632451985E-01
           HessRho_EigVec2 =  8.1465864864E-01 -5.7970748642E-01  1.6447382136E-02
           HessRho_EigVec3 =  5.7660637658E-01  8.1268576444E-01  8.4065062742E-02
           DelSqRho = -2.9413148608E+08
           Bond Ellipticity = NA
           V = -7.3552215708E+07
           G =  9.6720938280E+03
           K =  7.3542543614E+07
           L =  7.3532871520E+07
           Vnuc =  6.0710890372E+08
           Ven = -1.5947074299E+12
           Vrep =  1.5946338776E+12
           DelSqV =  1.9499820994E+14
           DelSqVen =  1.7856865981E+17
           DelSqVrep = -1.7837338672E+17
           DelSqG =  2.7453563192E+12
           DelSqK = -1.9774356626E+14
           Stress_EigVals = -2.4517412283E+07 -2.4517402473E+07 -2.4517400953E+07
           Stress_EigVec1 =  5.7857818312E-01  8.1149488189E-01  8.1995991854E-02
           Stress_EigVec2 =  8.1443115938E-01 -5.8024480922E-01 -4.2246887259E-03
           Stress_EigVec3 = -4.4149435372E-02 -6.9224403438E-02  9.9662370498E-01
           -DivStress = -1.1692053389E+06 -1.2237252421E+06 -1.5910958954E+05
           ESP =  -5.9008827012E+01     ESP at Nucleus =  -5.9008827012E+01
           ESPe = -6.7450973458E+01     ESPe at Nucleus = -6.7450973459E+01
           ESPn =  8.4421464466E+00     ESPn at Nucleus =  8.4421464471E+00

CP# 2      Coords = -2.36621621320000E-01  3.24107073419476E-01  2.96011911392612E+00
           Type = (3,-3) NACP H2
           Rho =  4.0767386224E-01     Rho at Nucleus =  4.0504314939E-01
           GradRho =  7.6327832943E-17 -2.1337098755E-16 -1.3825746104E-15
           HessRho_EigVals = -8.3744622641E+00 -8.3665009986E+00 -7.8343132297E+00
           HessRho_EigVec1 = -1.8478365966E-01  9.7879183890E-01 -8.8439443867E-02
           HessRho_EigVec2 =  9.8254235479E-01  1.8201397074E-01 -3.8489420707E-02
           HessRho_EigVec3 =  2.1575916524E-02  9.4007715450E-02  9.9533764586E-01
           DelSqRho = -2.4575276492E+01
           Bond Ellipticity = NA
           V = -6.1565105750E+00
           G =  6.3457259777E-03
           K =  6.1501648491E+00
           L =  6.1438191231E+00
           Vnuc =  5.0806891878E+01
           Ven = -2.0712641840E+01
           Vrep =  1.4556131265E+01
           DelSqV =  1.5990035006E+03
           DelSqVen =  1.2485934156E+03
           DelSqVrep =  3.5041008497E+02
           DelSqG =  1.2383997567E+02
           DelSqK = -1.7228434763E+03
           Stress_EigVals = -2.0970262012E+00 -2.0941649866E+00 -1.9653193873E+00
           Stress_EigVec1 = -7.6282768796E-02  9.9300376532E-01 -9.0135793342E-02
           Stress_EigVec2 =  9.9692430686E-01  7.4329019338E-02 -2.4841966199E-02
           Stress_EigVec3 =  1.7968460847E-02  9.1753577264E-02  9.9561961385E-01
           -DivStress =  1.5973332900E-01  1.2347064072E+00  1.3051478238E+01
           ESP =  -1.0284099660E+00     ESP at Nucleus =  -1.0290853618E+00
           ESPe = -1.2777866617E+01     ESPe at Nucleus = -1.2693843752E+01
           ESPn =  1.1749456651E+01     ESPn at Nucleus =  1.1664758390E+01

CP# 3      Coords = -1.43868569132123E+00 -2.43234298674096E+00 -4.22054113323715E-01
           Type = (3,-3) NACP N3
           Rho =  1.9631525324E+02     Rho at Nucleus =  1.9631523425E+02
           GradRho = -1.6088019805E-11 -6.3767213732E-11  1.6908696665E-12
           HessRho_EigVals = -5.5346039059E+05 -5.5345294180E+05 -5.5344992276E+05
           HessRho_EigVec1 =  7.1011406165E-01  6.8196824945E-01  1.7509233620E-01
           HessRho_EigVec2 = -6.9493860316E-01  6.3891286024E-01  3.2992528677E-01
           HessRho_EigVec3 =  1.1312982494E-01 -3.5596300898E-01  9.2762706890E-01
           DelSqRho = -1.6603632551E+06
           Bond Ellipticity = NA
           V = -4.1513916710E+05
           G =  2.4176656069E+01
           K =  4.1511499044E+05
           L =  4.1509081379E+05
           Vnuc =  8.4498230914E+05
           Ven = -1.6588291600E+08
           Vrep =  1.6546777683E+08
           DelSqV =  3.4612798268E+10
           DelSqVen =  1.4029775798E+12
           DelSqVrep = -1.3683647815E+12
           DelSqG =  1.1703767009E+09
           DelSqK = -3.5783174968E+10
           Stress_EigVals = -1.3838084760E+05 -1.3837984135E+05 -1.3837847814E+05
           Stress_EigVec1 =  1.1994854988E-01 -3.6431541669E-01  9.2351860975E-01
           Stress_EigVec2 =  7.7960925644E-01 -5.4138208578E-01 -3.1482510140E-01
           Stress_EigVec3 =  6.1467206920E-01  7.5774647103E-01  2.1908567499E-01
           -DivStress =  3.6548673955E+04 -7.7712224411E+04 -3.7889584442E+04
           ESP =  -1.8407736722E+01     ESP at Nucleus =  -1.8407737019E+01
           ESPe = -2.8063547224E+01     ESPe at Nucleus = -2.8063533144E+01
           ESPn =  9.6558105025E+00     ESPn at Nucleus =  9.6557961255E+00

CP# 4      Coords = -3.29826861191881E+00 -2.45956566000606E+00 -1.75007085765086E-01
           Type = (3,-3) NACP H4
           Rho =  4.1959577723E-01     Rho at Nucleus =  4.1330057038E-01
           GradRho =  4.4548444794E-12  2.2565976865E-13 -4.9998763810E-13
           HessRho_EigVals = -8.3124141143E+00 -8.3104611594E+00 -7.1384106858E+00
           HessRho_EigVec1 = -8.7024141077E-02  8.9529933997E-01 -4.3688201006E-01
           HessRho_EigVec2 =  8.7993104089E-02  4.4373976783E-01  8.9182522508E-01
           HessRho_EigVec3 =  9.9231245709E-01  3.9167720018E-02 -1.1739624017E-01
           DelSqRho = -2.3761285960E+01
           Bond Ellipticity = NA
           V = -5.9835316059E+00
           G =  2.1605058004E-02
           K =  5.9619265479E+00
           L =  5.9403214899E+00
           Vnuc =  3.5339498040E+01
           Ven = -1.4828304147E+01
           Vrep =  8.8447725410E+00
           DelSqV =  1.4945681745E+03
           DelSqVen =  8.3971191860E+02
           DelSqVrep =  6.5485625586E+02
           DelSqG =  1.1345752905E+02
           DelSqK = -1.6080257035E+03
           Stress_EigVals = -2.0986508829E+00 -2.0937397306E+00 -1.7911409923E+00
           Stress_EigVec1 =  1.2294177464E-01 -3.7177575001E-01  9.2014570137E-01
           Stress_EigVec2 = -6.1300739595E-04  9.2715076497E-01  3.7468798118E-01
           Stress_EigVec3 =  9.9241369613E-01  4.6628861464E-02 -1.1375765912E-01
           -DivStress = -2.0006758574E+01 -1.1091624232E+00  2.1919093477E+00
           ESP =  -1.0355348778E+00     ESP at Nucleus =  -1.0375905959E+00
           ESPe = -1.1779909227E+01     ESPe at Nucleus = -1.1658337350E+01
           ESPn =  1.0744374349E+01     ESPn at Nucleus =  1.0620746754E+01

CP# 5      Coords = -1.21741144845293E+00  2.53219075659213E+00 -4.81556198930976E-01
           Type = (3,-3) NACP O5
           Rho =  2.9818610500E+02     Rho at Nucleus =  2.9818607559E+02
           GradRho = -6.7806205095E-11 -1.1656720034E-10 -2.9907520904E-11
           HessRho_EigVals = -1.1129328905E+06 -1.1129141685E+06 -1.1129126236E+06
           HessRho_EigVec1 = -3.2139608949E-01  8.9311380758E-01 -3.1472572244E-01
           HessRho_EigVec2 = -9.4692411432E-01 -3.0091942655E-01  1.1305848244E-01
           HessRho_EigVec3 =  6.2670078104E-03  3.3435793011E-01  9.4242532818E-01
           DelSqRho = -3.3387596826E+06
           Bond Ellipticity = NA
           V = -8.3481959226E+05
           G =  6.4835808531E+01
           K =  8.3475475645E+05
           L =  8.3468992064E+05
           Vnuc =  1.1005782815E+06
           Ven = -3.2817715101E+08
           Vrep =  3.2734233142E+08
           DelSqV =  9.3345892030E+10
           DelSqVen =  3.6745663918E+12
           DelSqVrep = -3.5812204998E+12
           DelSqG =  3.1158197805E+09
           DelSqK = -9.6461711811E+10
           Stress_EigVals = -2.7827516670E+05 -2.7827479213E+05 -2.7826963343E+05
           Stress_EigVec1 = -1.2242138048E-04  3.3351044092E-01  9.4274639793E-01
           Stress_EigVec2 =  9.4605092542E-01  3.0550538537E-01 -1.0795418486E-01
           Stress_EigVec3 = -3.2401794940E-01  8.9187288629E-01 -3.1555526166E-01
           -DivStress = -7.6033349565E+04  1.9585167223E+05 -7.2413270383E+04
           ESP =  -2.2361564108E+01     ESP at Nucleus =  -2.2361564392E+01
           ESPe = -3.1717629468E+01     ESPe at Nucleus = -3.1717610289E+01
           ESPn =  9.3560653600E+00     ESPn at Nucleus =  9.3560458969E+00

CP# 6      Coords =  2.95648248015128E+00 -2.60733063555850E-01 -2.25703392252524E-01
           Type = (3,-3) NACP C6
           Rho =  1.2094616689E+02     Rho at Nucleus =  1.2094616635E+02
           GradRho =  2.2708779301E-11 -5.0386916861E-12  3.0280222774E-12
           HessRho_EigVals = -2.4826446843E+05 -2.4826261091E+05 -2.4826259267E+05
           HessRho_EigVec1 =  9.7642296272E-01 -8.7460813066E-02 -1.9735451363E-01
           HessRho_EigVec2 =  2.0183601449E-01  6.9411909901E-01  6.9098545545E-01
           HessRho_EigVec3 = -7.6553387437E-02  7.1452731408E-01 -6.9540656907E-01
           DelSqRho = -7.4478967201E+05
           Bond Ellipticity = NA
           V = -1.8621289367E+05
           G =  7.7378316528E+00
           K =  1.8620515584E+05
           L =  1.8619741800E+05
           Vnuc =  2.8694408877E+06
           Ven = -3.4704787648E+08
           Vrep =  3.4686166359E+08
           DelSqV =  1.1202468849E+10
           DelSqVen =  2.1371299512E+12
           DelSqVrep = -2.1259274824E+12
           DelSqG =  3.8223771263E+08
           DelSqK = -1.1584706562E+10
           Stress_EigVals = -6.2071126841E+04 -6.2071118676E+04 -6.2070648150E+04
           Stress_EigVec1 =  1.0220688942E-01 -6.2391404692E-01  7.7478062302E-01
           Stress_EigVec2 =  1.9262510477E-01  7.7653081719E-01  5.9991287614E-01
           Stress_EigVec3 =  9.7593510069E-01 -8.7926969691E-02 -1.9954830803E-01
           -DivStress =  7.3099330743E+03 -1.1021342710E+03 -2.0603371884E+03
           ESP =  -1.4717274321E+01     ESP at Nucleus =  -1.4717274324E+01
           ESPe = -2.4342047361E+01     ESPe at Nucleus = -2.4342043676E+01
           ESPn =  9.6247730407E+00     ESPn at Nucleus =  9.6247693529E+00

CP# 7      Coords =  3.89255306654261E+00  1.41350808887467E+00  4.13507590180936E-01
           Type = (3,-3) NACP H7
           Rho =  4.3353228459E-01     Rho at Nucleus =  4.2943313255E-01
           GradRho = -8.0699336102E-15 -1.4242079738E-14 -5.2319260035E-15
           HessRho_EigVals = -8.7734829755E+00 -8.7703539091E+00 -7.9690022260E+00
           HessRho_EigVec1 =  5.9606937204E-01 -5.5719787027E-01  5.7812787260E-01
           HessRho_EigVec2 = -6.4883944947E-01  8.9877176306E-02  7.5559874403E-01
           HessRho_EigVec3 =  4.7297851169E-01  8.2550143946E-01  3.0795892735E-01
           DelSqRho = -2.5512839111E+01
           Bond Ellipticity = NA
           V = -6.3942458507E+00
           G =  8.0180365312E-03
           K =  6.3862278142E+00
           L =  6.3782097777E+00
           Vnuc =  4.1839779952E+01
           Ven = -1.8138895389E+01
           Vrep =  1.1744649539E+01
           DelSqV =  1.6408280649E+03
           DelSqVen =  1.0674515743E+03
           DelSqVrep =  5.7337649057E+02
           DelSqG =  1.2568243545E+02
           DelSqK = -1.7665105004E+03
           Stress_EigVals = -2.2001341859E+00 -2.1991131137E+00 -1.9949985511E+00
           Stress_EigVec1 =  3.4041562548E-01 -4.9310560127E-01  8.0060231571E-01
           Stress_EigVec2 = -8.1343907608E-01  2.7263673510E-01  5.1379575726E-01
           Stress_EigVec3 =  4.7162916729E-01  8.2614531208E-01  3.0830156000E-01
           -DivStress =  7.9759880383E+00  1.3841568813E+01  5.0977636642E+00
           ESP =  -1.0617872132E+00     ESP at Nucleus =  -1.0629549239E+00
           ESPe = -1.1136853500E+01     ESPe at Nucleus = -1.1061437387E+01
           ESPn =  1.0075066287E+01     ESPn at Nucleus =  9.9984824630E+00

CP# 8      Coords =  3.63248729152271E+00 -1.91707337501143E+00  7.13142902601852E-01
           Type = (3,-3) NACP H8
           Rho =  4.3203206504E-01     Rho at Nucleus =  4.2789755778E-01
           GradRho = -6.8456525171E-15  1.8067145002E-14 -9.3362817477E-15
           HessRho_EigVals = -8.7427263648E+00 -8.7386546305E+00 -7.9323013431E+00
           HessRho_EigVec1 =  7.0129714343E-01  5.4586907567E-01  4.5848584367E-01
           HessRho_EigVec2 = -6.2559430387E-01  1.6290637047E-01  7.6295037940E-01
           HessRho_EigVec3 = -3.4178075368E-01  8.2188105385E-01 -4.5573835666E-01
           DelSqRho = -2.5413682338E+01
           Bond Ellipticity = NA
           V = -6.3695552996E+00
           G =  8.0673575012E-03
           K =  6.3614879421E+00
           L =  6.3534205846E+00
           Vnuc =  4.1609953573E+01
           Ven = -1.7976834168E+01
           Vrep =  1.1607278869E+01
           DelSqV =  1.6337627932E+03
           DelSqVen =  1.0574621422E+03
           DelSqVrep =  5.7630065100E+02
           DelSqG =  1.2514793860E+02
           DelSqK = -1.7589107318E+03
           Stress_EigVals = -2.1923736115E+00 -2.1913902082E+00 -1.9857914799E+00
           Stress_EigVec1 =  5.6993524647E-01  5.6617075983E-01  5.9550355628E-01
           Stress_EigVec2 = -7.4802634886E-01  5.7578977622E-02  6.6116657716E-01
           Stress_EigVec3 = -3.4004469742E-01  8.2227448705E-01 -4.5632693511E-01
           -DivStress =  5.7407576027E+00 -1.3855774763E+01  7.5922150379E+00
           ESP =  -1.0612448851E+00     ESP at Nucleus =  -1.0624248573E+00
           ESPe = -1.1107628689E+01     ESPe at Nucleus = -1.1031683487E+01
           ESPn =  1.0046383804E+01     ESPn at Nucleus =  9.9692586299E+00

CP# 9      Coords =  3.12196497350942E+00 -4.59066039886664E-01 -2.23214895193519E+00
           Type = (3,-3) NACP H9
           Rho =  4.2888314180E-01     Rho at Nucleus =  4.2473574936E-01
           GradRho = -6.7014047089E-11  7.5592355292E-11  7.2970435955E-10
           HessRho_EigVals = -8.6761697512E+00 -8.6732348357E+00 -7.8667142481E+00
           HessRho_EigVec1 = -3.5450778581E-01 -9.3292029415E-01  6.3118575401E-02
           HessRho_EigVec2 =  9.3073251585E-01 -3.4558322919E-01  1.1962113372E-01
           HessRho_EigVec3 = -8.9784262146E-02  1.0115313373E-01  9.9081119786E-01
           DelSqRho = -2.5216118835E+01
           Bond Ellipticity = NA
           V = -6.3200107110E+00
           G =  7.9905011308E-03
           K =  6.3120202099E+00
           L =  6.3040297087E+00
           Vnuc =  4.1683306789E+01
           Ven = -1.7877267577E+01
           Vrep =  1.1557256866E+01
           DelSqV =  1.6204178660E+03
           DelSqVen =  1.0510912189E+03
           DelSqVrep =  5.6932664712E+02
           DelSqG =  1.2411578932E+02
           DelSqK = -1.7445336553E+03
           Stress_EigVals = -2.1757980111E+00 -2.1747986167E+00 -1.9694140832E+00
           Stress_EigVec1 = -2.6190377399E-01 -9.6219383449E-01  7.4762544288E-02
           Stress_EigVec2 =  9.6107085320E-01 -2.5296222820E-01  1.1114371879E-01
           Stress_EigVec3 = -8.8029701175E-02  1.0096106163E-01  9.9098821171E-01
           -DivStress =  1.5263425531E+00 -1.7252223928E+00 -1.6611791934E+01
           ESP =  -1.0602039769E+00     ESP at Nucleus =  -1.0613875252E+00
           ESPe = -1.1352856488E+01     ESPe at Nucleus = -1.1277624316E+01
           ESPn =  1.0292652511E+01     ESPn at Nucleus =  1.0216236790E+01

CP# 10     Coords = -2.62153489151373E-01  2.39917826570656E-01  2.08779277946222E+00
           Type = (3,-1) BCP H2 S1
           Rho =  2.2936923681E-01
           GradRho = -2.2551405188E-17  6.9388939039E-18  6.9388939039E-18
           HessRho_EigVals = -5.1703907728E-01 -5.0501458181E-01  2.6004073800E-01
           HessRho_EigVec1 = -3.0100340986E-01  9.5001213609E-01 -8.2908917158E-02
           HessRho_EigVec2 =  9.5298058071E-01  2.9647075614E-01 -6.2714460388E-02
           HessRho_EigVec3 =  3.4999429116E-02  9.7887854443E-02  9.9458182565E-01
           DelSqRho = -7.6201292109E-01
           Bond Ellipticity =  2.3810194609E-02
           V = -2.4831391488E-01
           G =  2.8905342305E-02
           K =  2.1940857258E-01
           L =  1.9050323027E-01
           Vnuc =  1.6948199773E+01
           Ven = -3.8873956472E+00
           Vrep =  3.6390817323E+00
           DelSqV = -2.3789116509E-01
           DelSqVen =  1.2914747216E+01
           DelSqVrep = -1.3152638381E+01
           DelSqG =  8.8596747330E-01
           DelSqK = -6.4807630821E-01
           Stress_EigVals = -1.4802584322E-01 -1.4236844400E-01  4.2080372340E-02
           Stress_EigVec1 = -7.4973184753E-02  9.9302727163E-01 -9.0971750421E-02
           Stress_EigVec2 =  9.9672211356E-01  7.1844838904E-02 -3.7193379203E-02
           Stress_EigVec3 =  3.0398189119E-02  9.3462061445E-02  9.9515867738E-01
           -DivStress = -3.9005439694E-03 -1.2454397027E-02 -1.5403594091E-01
           ESP =   7.6954248447E-01
           ESPe = -1.6178657289E+01
           ESPn =  1.6948199773E+01
           BPL =  2.5684358367E+00 =  8.7675803556E-01 +  1.6916778011E+00                
           GBL_I =  2.5683210078E+00                                                      
           GBL_II =  2.5939200653E+00                                                     
           GBL_III =  2.5683369465E+00 =  8.7675135549E-01 +  1.6915855910E+00            
           GBL_IV =  2.5939366531E+00 =  9.0235105741E-01 +  1.6915855957E+00             

CP# 11     Coords = -8.14302121226360E-01 -8.79298851020739E-01  9.16554386359273E-02
           Type = (3,-1) BCP S1 N3
           Rho =  2.9061804813E-01
           GradRho = -1.3704315460E-16 -6.9388939039E-17 -4.8572257327E-17
           HessRho_EigVals = -4.7197226096E-01 -3.8837245446E-01  8.4532255741E-01
           HessRho_EigVec1 =  9.1516587695E-01 -3.9081906174E-01 -9.8650284603E-02
           HessRho_EigVec2 = -2.5594787747E-02 -3.0059317324E-01  9.5340896316E-01
           HessRho_EigVec3 =  4.0226399853E-01  8.7000241677E-01  2.8509554593E-01
           DelSqRho = -1.5022158011E-02
           Bond Ellipticity =  2.1525678645E-01
           V = -8.1532634606E-01
           G =  4.0578540328E-01
           K =  4.0954094278E-01
           L =  3.7555395029E-03
           Vnuc =  2.3238598152E+01
           Ven = -6.7535560361E+00
           Vrep =  5.9382296901E+00
           DelSqV = -6.4050888501E+00
           DelSqVen =  3.4909389340E-01
           DelSqVrep = -6.7541827435E+00
           DelSqG =  1.3559051006E+01
           DelSqK = -7.1539621564E+00
           Stress_EigVals = -3.1898046979E-01 -2.6117402786E-01 -2.3517184841E-01
           Stress_EigVec1 =  5.2328230947E-01  8.1246344063E-01  2.5705793556E-01
           Stress_EigVec2 =  2.1512418669E-01 -4.1783135469E-01  8.8268824811E-01
           Stress_EigVec3 =  8.2455879651E-01 -4.0659576570E-01 -3.9342429313E-01
           -DivStress =  4.9159489957E-01  9.6343688567E-01  3.1211304041E-01
           ESP =   1.9180575517E+00
           ESPe = -2.1320540600E+01
           ESPn =  2.3238598152E+01
           BPL =  2.8857531257E+00 =  1.1341742870E+00 +  1.7515788386E+00                
           GBL_I =  2.8821014225E+00                                                      
           GBL_II =  2.8821070976E+00                                                     
           GBL_III =  2.8850249763E+00 =  1.1341113765E+00 +  1.7509135998E+00            
           GBL_IV =  2.8850308639E+00 =  1.1341113517E+00 +  1.7509195123E+00             

CP# 12     Coords = -2.83662651898404E+00 -2.44638040734223E+00 -2.32327945105281E-01
           Type = (3,-1) BCP N3 H4
           Rho =  3.3517726395E-01
           GradRho = -3.0444397003E-16 -2.5673907444E-16  8.9338259013E-17
           HessRho_EigVals = -1.2512339331E+00 -1.2390317769E+00  8.0538769850E-01
           HessRho_EigVec1 =  1.8320279729E-02  9.6319917589E-01  2.6816359729E-01
           HessRho_EigVec2 =  1.2903266963E-01 -2.6824340800E-01  9.5467064699E-01
           HessRho_EigVec3 =  9.9147109767E-01  1.7112031555E-02 -1.2919845532E-01
           DelSqRho = -1.6848780115E+00
           Bond Ellipticity =  9.8481382239E-03
           V = -5.5061532721E-01
           G =  6.4697912160E-02
           K =  4.8591741505E-01
           L =  4.2121950289E-01
           Vnuc =  1.4469903388E+01
           Ven = -4.8499826271E+00
           Vrep =  4.2993672999E+00
           DelSqV = -2.0379974619E+00
           DelSqVen =  2.4380022047E+01
           DelSqVrep = -2.6418019509E+01
           DelSqG =  3.3334822828E+00
           DelSqK = -1.2954848209E+00
           Stress_EigVals = -3.7444001611E-01 -3.6298494630E-01  1.8680963520E-01
           Stress_EigVec1 =  1.2585988695E-01 -3.6119338966E-01  9.2395812899E-01
           Stress_EigVec2 =  2.3091767418E-02  9.3217860839E-01  3.6126141827E-01
           Stress_EigVec3 =  9.9177923911E-01  2.4132495045E-02 -1.2566448802E-01
           -DivStress = -1.2223954559E+00 -3.9251029737E-02  1.4903490172E-01
           ESP =   1.2389558222E+00
           ESPe = -1.3230947565E+01
           ESPn =  1.4469903388E+01
           BPL =  1.8762536003E+00 =  1.4108634818E+00 +  4.6539011858E-01                
           GBL_I =  1.8761188519E+00                                                      
           GBL_II =  1.9167385126E+00                                                     
           GBL_III =  1.8762005688E+00 =  1.4108265754E+00 +  4.6537399345E-01            
           GBL_IV =  1.9168459022E+00 =  1.4108301556E+00 +  5.0601574665E-01             

CP# 13     Coords = -6.67454007518182E-01  1.04697854334473E+00  5.39224215416057E-02
           Type = (3,-1) BCP O5 S1
           Rho =  3.0000606241E-01
           GradRho =  2.3592239273E-16 -9.0205620751E-17  1.3183898417E-16
           HessRho_EigVals = -5.1040985134E-01 -4.8631596945E-01  1.8840534123E+00
           HessRho_EigVec1 =  4.4092689719E-01  4.4513890133E-01  7.7938105562E-01
           HessRho_EigVec2 = -8.3592199426E-01 -1.1253414293E-01  5.3718757076E-01
           HessRho_EigVec3 = -3.2683006417E-01  8.8836221509E-01 -3.2248206766E-01
           DelSqRho =  8.8732759151E-01
           Bond Ellipticity =  4.9543678204E-02
           V = -1.0036516474E+00
           G =  6.1274177266E-01
           K =  3.9090987478E-01
           L = -2.2183189788E-01
           Vnuc =  2.4292260902E+01
           Ven = -7.2878255402E+00
           Vrep =  6.2841738928E+00
           DelSqV = -1.1258420840E+01
           DelSqVen = -2.1555193359E+01
           DelSqVrep =  1.0296772519E+01
           DelSqG =  2.0859799679E+01
           DelSqK = -9.6013788398E+00
           Stress_EigVals = -3.8934352446E-01 -3.0919430895E-01 -3.0511381402E-01
           Stress_EigVec1 = -3.2283713425E-01  8.8701613597E-01 -3.3011900773E-01
           Stress_EigVec2 =  5.6398705086E-01  4.6039999336E-01  6.8552932292E-01
           Stress_EigVec3 =  7.6006236008E-01  3.5131476453E-02 -6.4889982906E-01
           -DivStress =  4.0770077425E-01 -1.1034077110E+00  4.0501699215E-01
           ESP =   2.1797358534E+00
           ESPe = -2.2112525049E+01
           ESPn =  2.4292260902E+01
           BPL =  2.7504967119E+00 =  1.6718465558E+00 +  1.0786501561E+00                
           GBL_I =  2.7504827133E+00                                                      
           GBL_II =  2.7504899915E+00                                                     
           GBL_III =  2.7504889881E+00 =  1.6718390647E+00 +  1.0786499234E+00            
           GBL_IV =  2.7504962662E+00 =  1.6718463327E+00 +  1.0786499335E+00             

CP# 14     Coords =  1.46010161066869E+00 -1.01833217630590E-01  6.99058073762571E-02
           Type = (3,-1) BCP C6 S1
           Rho =  2.1337307286E-01
           GradRho = -5.2041704279E-17 -1.0408340856E-17  4.1633363423E-17
           HessRho_EigVals = -3.7286671393E-01 -3.6050773328E-01  2.8532573612E-01
           HessRho_EigVec1 =  1.2159209506E-01  9.9095282703E-01  5.6814232495E-02
           HessRho_EigVec2 =  1.8105630730E-01 -7.8421837580E-02  9.8034107788E-01
           HessRho_EigVec3 =  9.7592723909E-01 -1.0891515039E-01 -1.8895373510E-01
           DelSqRho = -4.4804871109E-01
           Bond Ellipticity =  3.4282151278E-02
           V = -2.0762427739E-01
           G =  4.7806049810E-02
           K =  1.5981822758E-01
           L =  1.1201217777E-01
           Vnuc =  1.8209027720E+01
           Ven = -3.8853161984E+00
           Vrep =  3.6776919210E+00
           DelSqV = -1.1054958926E+00
           DelSqVen =  8.1585314002E+00
           DelSqVrep = -9.2640272929E+00
           DelSqG =  6.9785096374E-01
           DelSqK =  4.0764492890E-01
           Stress_EigVals = -1.2913809309E-01 -1.2729229939E-01  4.8806115085E-02
           Stress_EigVec1 =  9.9634615405E-02  9.9483151679E-01 -1.9575408511E-02
           Stress_EigVec2 =  1.8848922358E-01  4.4678025276E-04  9.8207515648E-01
           Stress_EigVec3 =  9.7700806343E-01 -1.0153843407E-01 -1.8747050542E-01
           -DivStress = -1.7022001513E-02  3.0210141742E-03  2.1206113594E-03
           ESP =   6.6365539068E-01
           ESPe = -1.7545372330E+01
           ESPn =  1.8209027720E+01
           BPL =  3.3493211664E+00 =  1.5335661891E+00 +  1.8157549773E+00                
           GBL_I =  3.3492195997E+00                                                      
           GBL_II =  3.3492216969E+00                                                     
           GBL_III =  3.3492550739E+00 =  1.5335545854E+00 +  1.8157004885E+00            
           GBL_IV =  3.3492571719E+00 =  1.5335566682E+00 +  1.8157005037E+00             

CP# 15     Coords =  3.55930780296739E+00  8.30910474648519E-01  1.94398605416678E-01
           Type = (3,-1) BCP H7 C6
           Rho =  2.8843206854E-01
           GradRho = -5.2041704279E-18  1.1969591984E-16 -2.7755575616E-17
           HessRho_EigVals = -7.9075316757E-01 -7.8639843478E-01  4.4986931464E-01
           HessRho_EigVec1 =  7.9987861721E-01 -5.4940852080E-01  2.4154601012E-01
           HessRho_EigVec2 = -3.7062792398E-01 -1.3563496820E-01  9.1882430169E-01
           HessRho_EigVec3 =  4.7204781506E-01  8.2447160817E-01  3.1211765029E-01
           DelSqRho = -1.1272822877E+00
           Bond Ellipticity =  5.5375654281E-03
           V = -3.6736018994E-01
           G =  4.2769809006E-02
           K =  3.2459038093E-01
           L =  2.8182057193E-01
           Vnuc =  1.3748385814E+01
           Ven = -3.9654753593E+00
           Vrep =  3.5981151694E+00
           DelSqV = -1.8109494561E+00
           DelSqVen =  1.5498311812E+01
           DelSqVrep = -1.7309261269E+01
           DelSqG =  1.7673796837E+00
           DelSqK =  4.3569772392E-02
           Stress_EigVals = -2.3866055640E-01 -2.3468815482E-01  1.0598852127E-01
           Stress_EigVec1 =  1.5962546212E-01 -4.2780311427E-01  8.8966522202E-01
           Stress_EigVec2 = -8.6944400233E-01  3.6589795450E-01  3.3194248554E-01
           Stress_EigVec3 =  4.6753271400E-01  8.2650056401E-01  3.1354422180E-01
           -DivStress = -4.0471792386E-02 -8.1994419215E-02 -3.3251683245E-02
           ESP =   8.7797621703E-01
           ESPe = -1.2870409597E+01
           ESPn =  1.3748385814E+01
           BPL =  2.0221205205E+00 =  7.0603280794E-01 +  1.3160877125E+00                
           GBL_I =  2.0218561421E+00                                                      
           GBL_II =  2.0533321637E+00                                                     
           GBL_III =  2.0219231717E+00 =  7.0603196317E-01 +  1.3158912086E+00            
           GBL_IV =  2.0534033354E+00 =  7.3751261083E-01 +  1.3158907246E+00             

CP# 16     Coords =  3.39243401679928E+00 -1.34134340248749E+00  3.91504969960141E-01
           Type = (3,-1) BCP C6 H8
           Rho =  2.8859880473E-01
           GradRho = -2.1684043450E-17  2.7755575616E-17 -2.7755575616E-17
           HessRho_EigVals = -7.9534675407E-01 -7.8995858878E-01  4.5441500079E-01
           HessRho_EigVec1 =  8.2625908799E-01  4.9627735795E-01  2.6646707771E-01
           HessRho_EigVec2 = -4.4655233067E-01  2.8875203218E-01  8.4688445486E-01
           HessRho_EigVec3 = -3.4334666954E-01  8.1873747190E-01 -4.6019780162E-01
           DelSqRho = -1.1308903421E+00
           Bond Ellipticity =  6.8208199316E-03
           V = -3.6728413242E-01
           G =  4.2280773450E-02
           K =  3.2500335896E-01
           L =  2.8272258551E-01
           Vnuc =  1.3715409740E+01
           Ven = -3.9582508572E+00
           Vrep =  3.5909667248E+00
           DelSqV = -1.8759730374E+00
           DelSqVen =  1.5510624412E+01
           DelSqVrep = -1.7386597450E+01
           DelSqG =  1.7732348789E+00
           DelSqK =  1.0273815853E-01
           Stress_EigVals = -2.3907767006E-01 -2.3546514055E-01  1.0725867820E-01
           Stress_EigVec1 =  2.6238131878E-01  5.5383577807E-01  7.9020375504E-01
           Stress_EigVec2 = -9.0355443277E-01 -1.4645591219E-01  4.0266618035E-01
           Stress_EigVec3 = -3.3874094906E-01  8.1964418909E-01 -4.6199347692E-01
           -DivStress = -2.4809785054E-02  7.0602378931E-02 -4.2864173365E-02
           ESP =   8.7900066910E-01
           ESPe = -1.2836409071E+01
           ESPn =  1.3715409740E+01
           BPL =  2.0206005968E+00 =  1.3187863498E+00 +  7.0181424704E-01                
