AIMSum (Version 19.10.12, Professional)
Copyright (c) 1997-2019 by Todd A. Keith
AIMSum is a component of the AIMAll package ( http://aim.tkgristmill.com )

TP:  64-bit Mac OS X

Much of the Quantum Theory of Atoms in Molecules (QTAIM) is described in the book:
  "Atoms in Molecules - A Quantum Theory"
  R.F.W. Bader, Oxford University Press, Oxford, 1990

For additional references see:  http://aim.tkgristmill.com/references.html

Wfx File:  /Users/chemlab/Documents/SubstituentCoding/BCP Map Reference/BCPMapReference/SubH_AsSHMe_wb97xd_aug-cc-pvtz.wfx
Sum File:  /Users/chemlab/Documents/SubstituentCoding/BCP Map Reference/BCPMapReference/SubH_AsSHMe_wb97xd_aug-cc-pvtz.sum

SumViz File:  /Users/chemlab/Documents/SubstituentCoding/BCP Map Reference/BCPMapReference/SubH_AsSHMe_wb97xd_aug-cc-pvtz.sumviz

Wfx Title:   Title Card Required                                                           
 
Total memory allocated for AIMSum =        0.549 Megabytes

Atomic units (a.u.) used throughout, except where stated otherwise

Model:  Restricted SCF
 
Restricted, closed-shell, single-determinant wavefunction.
  Number of electrons (from MO Occs)                   =          60.0000000000
  Number of Alpha electrons (from MO Occs)             =          30.0000000000
  Number of Beta electrons (from MO Occs)              =          30.0000000000
  Number of electron pairs (N*(N-1)/2)                 =        1770.0000000000
  Number of electron pairs (from Muller 2EDM)          =        1770.0000000000
 
Nuclear Charges and Cartesian Coordinates:
-------------------------------------------------------------------------------
Atom      Charge                X                  Y                  Z
-------------------------------------------------------------------------------
As1       33.0          -4.4680217411E-17   8.8441770453E-01   0.0000000000E+00
H2         1.0          -4.4843879617E-01   2.6507821235E+00   2.1954818204E+00
H3         1.0          -4.4843879617E-01   2.6507821235E+00  -2.1954818204E+00
S4        16.0          -2.1092938503E+00  -2.3973977845E+00   0.0000000000E+00
C5         6.0           3.6308460706E+00   4.6403236839E-01   0.0000000000E+00
H6         1.0           4.5626529821E+00   2.2968963842E+00   0.0000000000E+00
H7         1.0           4.1489248957E+00  -6.0503726921E-01   1.6756469321E+00
H8         1.0           4.1489248957E+00  -6.0503726921E-01  -1.6756469321E+00
 
Some Atomic Properties:
----------------------
  q(A) = Net Charge of Atom A
  L(A) = Lagrangian of Atom A = -(1/4) Times Atomic Integral of the Laplacian of the Electron Density
  K(A) = Electronic Kinetic Energy of Atom A (Hamiltonian Form)
  K_Scaled(A) = K(A) * E(Mol)/K(Mol) = Approximation to Virial-Based Total Energy of Atom A.
  |Mu_Intra(A)| = Magnitude of Intraatomic Dipole Moment of Atom A
--------------------------------------------------------------------------------------------------
Atom A          q(A)              L(A)              K(A)          K_Scaled(A)      |Mu_Intra(A)|
--------------------------------------------------------------------------------------------------
As1       1.4875716970E+00  2.6864692602E-04  2.2321435049E+03 -2.2362419106E+03  3.2774342852E-01
H2       -2.8276265350E-01  1.6412671621E-05  6.5642248182E-01 -6.5762772942E-01  6.4279784587E-02
H3       -2.8276615010E-01  1.4454524765E-05  6.5642241082E-01 -6.5762765829E-01  6.4283888509E-02
S4       -7.0251822300E-01 -8.9067208925E-07  3.9725561439E+02 -3.9798500954E+02  1.9238919162E-01
C5       -3.5824409150E-01 -2.5620194434E-04  3.7884960971E+01 -3.7954520987E+01  4.3930455255E-01
H6        3.3637368620E-02  2.1108941574E-05  6.0396304827E-01 -6.0507197588E-01  1.3612455213E-01
H7        5.2588256920E-02  1.9802773640E-05  5.9724982305E-01 -5.9834642461E-01  1.3391033429E-01
H8        5.2591194150E-02  2.1057979914E-05  5.9724916787E-01 -5.9834576822E-01  1.3391196930E-01
--------------------------------------------------------------------------------------------------
Total     9.7398590002E-05  1.0439120110E-04  2.6703953872E+03 -2.6752984607E+03
 
1st Largest |L(A)| = 2.6864692602E-04, atom As1     
2nd Largest |L(A)| = 2.5620194434E-04, atom C5      
 
Molecular charge q(Mol) from the wfx file:   0.0000000000E+00
Molecular energy E(Mol) from the wfx file:  -2.6752984174E+03
Molecular virial ratio (-V(Mol)/T(Mol)) from the wfx file:   2.0018360852E+00
Full molecular virial ratio ((-V(Mol)+W(Mol))/T(Mol)) from the wfx file:   2.0018361706E+00
Note.  K_Scaled(A) = (1+V(Mol)/T(Mol))*K(A) = (E(Mol)/T(Mol))*K(A)
       Only use K_Scaled(A) data with caution.
 
N_AIMInt(SumA)     =         59.999903
N_Analytic(Mol)    =         60.000000
 
G_AIMInt(SumA)     =       2670.395283
G_Analytic(Mol)    =       2670.395344
 
K_AIMInt(SumA)     =       2670.395387
K_Analytic(Mol)    =       2670.395344
 
L_AIMInt(SumA)     =          0.000104
L_Analytic(Mol)    =          0.000000
 
VenT_AIMInt(SumA)  =      -6934.452840
VenT_Analytic(Mol) =      -6934.453639
 
Some Information About the Atomic Calculations:
----------------------------------------------
  Time(sec) = "Elapsed User Time", in Seconds, for Atom A by AIMInt and, if used, by TWOe
  NProc = Number of Processors Used for AIMInt Job
  BIM = Basin Integration Method
  OAQ = Angular Quadrature Outside of Beta Sphere
  ORQ = Multiple of Default for Radial Quadrature Outside of Beta Sphere
  IAQ = Multiple of Default for Angular Quadrature Inside of Beta Sphere
  IRQ = Multiple of Default for Radial Quadrature Inside of Beta Sphere
  MIR = Maximum Integration Radius
------------------------------------------------------------------------------------------------------
Atom A     Time(sec)   NProc      BIM          OAQ                     ORQ      IAQ      IRQ      MIR
------------------------------------------------------------------------------------------------------
As1           139        2     Proaim(5)    4500(GS4)                  1.00     1.00     1.00    13.00
H2             41        2     Proaim(5)    1800(GS4)                  1.00     1.00     1.00    13.00
H3             41        2     Proaim(5)    1800(GS4)                  1.00     1.00     1.00    13.00
S4             67        2     Proaim(5)    3150(GS4)                  1.00     1.00     1.00    13.00
C5             95        2     Proaim(5)    4500(GS4)                  1.00     1.00     1.00    13.00
H6             41        2     Proaim(5)    1800(GS4)                  1.00     1.00     1.00    13.00
H7             43        2     Proaim(5)    1800(GS4)                  1.00     1.00     1.00    13.00
H8             32        2     Proaim(5)    1800(GS4)                  1.00     1.00     1.00    13.00
------------------------------------------------------------------------------------------------------
Total         499
Note:  Total wall clock time is less than total of atomic times if more than one atom
       was calculated at a time
 
Electron Density Critical Point Analysis of Molecular Structure:               
---------------------------------------------------------------                
  NACP = Nuclear Attractor Critical Point                                      
  NNACP = Non-Nuclear Attractor Critical Point                                 
  BCP = Bond Critical Point                                                    
  RCP = Ring Critical Point                                                    
  CCP = Cage Critical Point                                                    
  Rho = Electron Density                                                       
  GradRho = Gradient of Electron Density                                       
  HessRho_EigVals = Eigenvalues of the Hessian of Rho, Ascending Order         
  HessRho_EigVecs = Eigenvectors of the Hessian of Rho                         
  DelSqRho = Laplacian of Rho = Trace of Hessian of Rho                        
  Bond Ellipticity = (HessRho_EigVal(1) / HessRho_EigVal(2)) - 1               
  V = Virial Field = Potential Energy Density = Trace of Stress Tensor         
  G = Lagrangian Form of Kinetic Energy Density                                
  K = Hamiltonian Form of Kinetic Energy Density                               
  L = K - G = Lagrangian Density = (-1/4)DelSqRho                              
  Vnuc = Electrostatic Potential from Nuclei                                   
  Ven = Electron-nuclear attractive contribution to Virial Field V             
  Vrep = V - Ven = Repulsive contribution to Virial Field V                    
  DelSqV = Laplacian of V                                                      
  DelSqVen = Laplacian of Ven                                                  
  DelSqVrep = Laplacian of Vrep                                                
  DelSqG = Laplacian of G                                                      
  DelSqK = Laplacian of K                                                      
  Stress_EigVals = Eigenvalues of Stress Tensor, Ascending Order               
  Stress_EigVecs = Eigenvectors of Stress Tensor                               
  -DivStress = Ehrenfest Force Density = Minus Divergence of Stress Tensor     
  ESP = Total Electrostatic Potential                                          
  ESPe = Electrostatic Potential from Electrons                                
  ESPn = Electrostatic Potential from Nuclei                                   
  BP = Bond Path                                                               
  BPL = Bond Path Length                                                       
  GBL = Geometric Bond Length                                                  
  GBL_I = Distance Between Nuclear Attractors                                  
  GBL_II = Distance Between Nuclei                                             
  GBL_III = Sum of Distances Between BCP and Nuclear Attractors                
  GBL_IV = Sum of Distances Between BCP and Nuclei                             

CP# 1      Coords =  7.42258476381214E-10  8.84417706249882E-01  9.27935350265758E-26
           Type = (3,-3) NACP As1
           Rho =  2.4533002833E+04     Rho at Nucleus =  2.4533002833E+04
           GradRho =  2.8421709430E-14  4.7989280461E-07 -1.2151391927E-16
           HessRho_EigVals = -9.0399645990E+09 -9.0399645826E+09 -9.0399641536E+09
           HessRho_EigVec1 =  0.0000000000E+00  0.0000000000E+00  1.0000000000E+00
           HessRho_EigVec2 =  8.4083069643E-01 -5.4129819873E-01  0.0000000000E+00
           HessRho_EigVec3 =  5.4129819873E-01  8.4083069643E-01  0.0000000000E+00
           DelSqRho = -2.7119893335E+10
           Bond Ellipticity = NA
           V = -6.7814444789E+09
           G =  7.3557255711E+05
           K =  6.7807089064E+09
           L =  6.7799733338E+09
           Vnuc =  3.3000000071E+09
           Ven = -8.0958909521E+13
           Vrep =  8.0952128077E+13
           DelSqV =  4.0321246238E+17
           DelSqVen =  2.3431417025E+30
           DelSqVrep = -2.3431417025E+30
           DelSqG =  2.4988225105E+15
           DelSqK = -4.0571128489E+17
           Stress_EigVals = -2.2604815379E+09 -2.2604814717E+09 -2.2604814693E+09
           Stress_EigVec1 =  5.5566157347E-01  8.3140857331E-01  0.0000000000E+00
           Stress_EigVec2 =  8.3140857331E-01 -5.5566157347E-01  0.0000000000E+00
           Stress_EigVec3 =  0.0000000000E+00  0.0000000000E+00  1.0000000000E+00
           -DivStress = -9.9321726616E+07 -2.3099021479E+08 -1.2315813601E-08
           ESP =  -1.6195715074E+02     ESP at Nucleus =  -1.6195715074E+02
           ESPe = -1.6903439263E+02     ESPe at Nucleus = -1.6903439263E+02
           ESPn =  7.0772418910E+00     ESPn at Nucleus =  7.0772418924E+00

CP# 2      Coords = -4.44886940570114E-01  2.63831929675069E+00  2.17955986037826E+00
           Type = (3,-3) NACP H2
           Rho =  3.8196885538E-01     Rho at Nucleus =  3.8037213922E-01
           GradRho =  1.8041124150E-16 -7.4332900946E-16 -1.1171619185E-15
           HessRho_EigVals = -7.7967067132E+00 -7.7939542646E+00 -7.4628157268E+00
           HessRho_EigVec1 =  6.5662286106E-01  6.5168489559E-01 -3.7967514428E-01
           HessRho_EigVec2 = -7.3590724125E-01  4.4332759890E-01 -5.1176280867E-01
           HessRho_EigVec3 = -1.6518762245E-01  6.1544084761E-01  7.7067867006E-01
           DelSqRho = -2.3053476705E+01
           Bond Ellipticity = NA
           V = -5.7696163956E+00
           G =  3.1236097139E-03
           K =  5.7664927858E+00
           L =  5.7633691761E+00
           Vnuc =  6.5060710552E+01
           Ven = -2.4851165139E+01
           Vrep =  1.9081548744E+01
           DelSqV =  1.5091338992E+03
           DelSqVen =  1.4998755751E+03
           DelSqVrep =  9.2583240900E+00
           DelSqG =  1.1614052268E+02
           DelSqK = -1.6252744218E+03
           Stress_EigVals = -1.9506907592E+00 -1.9498973422E+00 -1.8690282941E+00
           Stress_EigVec1 =  6.7720695067E-01  6.4078346064E-01 -3.6164527167E-01
           Stress_EigVec2 = -7.1646140558E-01  4.6234424394E-01 -5.2241827533E-01
           Stress_EigVec3 = -1.6755238066E-01  6.1289016688E-01  7.7219935449E-01
           -DivStress = -1.7066761998E+00  5.9820081639E+00  7.6441380120E+00
           ESP =  -1.0402528682E+00     ESP at Nucleus =  -1.0406364046E+00
           ESPe = -1.7389771821E+01     ESPe at Nucleus = -1.7293267362E+01
           ESPn =  1.6349518952E+01     ESPn at Nucleus =  1.6252630958E+01

CP# 3      Coords = -4.44886940570114E-01  2.63831929675069E+00 -2.17955986037826E+00
           Type = (3,-3) NACP H3
           Rho =  3.8196885538E-01     Rho at Nucleus =  3.8037213922E-01
           GradRho =  2.0643209364E-16 -7.1557343384E-16  1.1414480472E-15
           HessRho_EigVals = -7.7967067132E+00 -7.7939542646E+00 -7.4628157268E+00
           HessRho_EigVec1 =  6.5662286106E-01  6.5168489559E-01  3.7967514428E-01
           HessRho_EigVec2 = -7.3590724124E-01  4.4332759890E-01  5.1176280867E-01
           HessRho_EigVec3 =  1.6518762245E-01 -6.1544084761E-01  7.7067867006E-01
           DelSqRho = -2.3053476705E+01
           Bond Ellipticity = NA
           V = -5.7696163956E+00
           G =  3.1236097139E-03
           K =  5.7664927858E+00
           L =  5.7633691761E+00
           Vnuc =  6.5060710552E+01
           Ven = -2.4851165139E+01
           Vrep =  1.9081548744E+01
           DelSqV =  1.5091338992E+03
           DelSqVen =  1.4998755751E+03
           DelSqVrep =  9.2583240900E+00
           DelSqG =  1.1614052268E+02
           DelSqK = -1.6252744218E+03
           Stress_EigVals = -1.9506907592E+00 -1.9498973422E+00 -1.8690282941E+00
           Stress_EigVec1 =  6.7720695067E-01  6.4078346064E-01  3.6164527167E-01
           Stress_EigVec2 = -7.1646140558E-01  4.6234424394E-01  5.2241827533E-01
           Stress_EigVec3 =  1.6755238066E-01 -6.1289016688E-01  7.7219935449E-01
           -DivStress = -1.7066761998E+00  5.9820081639E+00 -7.6441380120E+00
           ESP =  -1.0402528682E+00     ESP at Nucleus =  -1.0406364046E+00
           ESPe = -1.7389771821E+01     ESPe at Nucleus = -1.7293267362E+01
           ESPn =  1.6349518952E+01     ESPn at Nucleus =  1.6252630958E+01

CP# 4      Coords = -2.10929371872121E+00 -2.39739758136825E+00  2.57983171330950E-26
           Type = (3,-3) NACP S4
           Rho =  2.6279518558E+03     Rho at Nucleus =  2.6279518529E+03
           GradRho =  1.7400793029E-08 -5.5262040499E-09  9.3900015275E-18
           HessRho_EigVals = -9.8076529183E+07 -9.8076243936E+07 -9.8076242685E+07
           HessRho_EigVec1 =  5.2354056384E-01  8.5200075001E-01  0.0000000000E+00
           HessRho_EigVec2 =  8.5200075001E-01 -5.2354056384E-01  0.0000000000E+00
           HessRho_EigVec3 =  0.0000000000E+00  0.0000000000E+00  1.0000000000E+00
           DelSqRho = -2.9422901580E+08
           Bond Ellipticity = NA
           V = -7.3576630458E+07
           G =  9.6882532927E+03
           K =  7.3566942204E+07
           L =  7.3557253951E+07
           Vnuc =  6.6102717096E+07
           Ven = -1.7371475807E+11
           Vrep =  1.7364118143E+11
           DelSqV =  1.9506204557E+14
           DelSqVen =  1.9449334735E+16
           DelSqVrep = -1.9254273226E+16
           DelSqG =  2.7458943136E+12
           DelSqK = -1.9780793988E+14
           Stress_EigVals = -2.4525567998E+07 -2.4525567682E+07 -2.4525494778E+07
           Stress_EigVec1 =  0.0000000000E+00  0.0000000000E+00  1.0000000000E+00
           Stress_EigVec2 =  8.5173768231E-01 -5.2396843467E-01  0.0000000000E+00
           Stress_EigVec3 =  5.2396843467E-01  8.5173768231E-01  0.0000000000E+00
           -DivStress = -8.4913118530E+06 -1.3111309016E+07 -1.6308783770E-12
           ESP =  -5.9258259247E+01     ESP at Nucleus =  -5.9258259254E+01
           ESPe = -6.9420591535E+01     ESPe at Nucleus = -6.9420590963E+01
           ESPn =  1.0162332288E+01     ESPn at Nucleus =  1.0162331709E+01

CP# 5      Coords =  3.63084442923372E+00  4.64032806798277E-01 -5.40773605145963E-23
           Type = (3,-3) NACP C5
           Rho =  1.2091261718E+02     Rho at Nucleus =  1.2091261682E+02
           GradRho = -5.7002910725E-09  1.5226597622E-09  2.5447438912E-17
           HessRho_EigVals = -2.4819816666E+05 -2.4819698636E+05 -2.4819690434E+05
           HessRho_EigVec1 =  9.9577196044E-01 -9.1859690867E-02  0.0000000000E+00
           HessRho_EigVec2 =  9.1859690867E-02  9.9577196044E-01  0.0000000000E+00
           HessRho_EigVec3 =  0.0000000000E+00  0.0000000000E+00  1.0000000000E+00
           DelSqRho = -7.4459205736E+05
           Bond Ellipticity = NA
           V = -1.8616340020E+05
           G =  7.6929298677E+00
           K =  1.8615570727E+05
           L =  1.8614801434E+05
           Vnuc =  3.5317237829E+06
           Ven = -4.2702996573E+08
           Vrep =  4.2684380233E+08
           DelSqV =  1.1199516514E+10
           DelSqVen =  2.6296935383E+12
           DelSqVrep = -2.6184940218E+12
           DelSqG =  3.8214085575E+08
           DelSqK = -1.1581657370E+10
           Stress_EigVals = -6.2054591849E+04 -6.2054568374E+04 -6.2054239978E+04
           Stress_EigVec1 =  0.0000000000E+00  0.0000000000E+00  1.0000000000E+00
           Stress_EigVec2 =  9.4143374808E-02  9.9555864969E-01  0.0000000000E+00
           Stress_EigVec3 =  9.9555864969E-01 -9.4143374808E-02  0.0000000000E+00
           -DivStress =  6.0191166877E+03 -1.6082265805E+03  1.7937370558E-13
           ESP =  -1.4727540326E+01     ESP at Nucleus =  -1.4727540327E+01
           ESPe = -2.8101092260E+01     ESPe at Nucleus = -2.8101087888E+01
           ESPn =  1.3373551934E+01     ESPn at Nucleus =  1.3373547561E+01

CP# 6      Coords =  4.54823896442956E+00  2.26970005867933E+00  1.61238881744441E-20
           Type = (3,-3) NACP H6
           Rho =  4.3280699338E-01     Rho at Nucleus =  4.2888704698E-01
           GradRho = -1.5890067040E-14 -2.8395688578E-14  8.7529269258E-20
           HessRho_EigVals = -8.7624573577E+00 -8.7587726398E+00 -7.9856155611E+00
           HessRho_EigVec1 =  0.0000000000E+00  0.0000000000E+00  1.0000000000E+00
           HessRho_EigVec2 =  8.8554248240E-01 -4.6455840523E-01  0.0000000000E+00
           HessRho_EigVec3 =  4.6455840523E-01  8.8554248240E-01  0.0000000000E+00
           DelSqRho = -2.5506845559E+01
           Bond Ellipticity = NA
           V = -6.3942059161E+00
           G =  8.7472632317E-03
           K =  6.3854586529E+00
           L =  6.3767113897E+00
           Vnuc =  4.5322161115E+01
           Ven = -1.9615748285E+01
           Vrep =  1.3221542369E+01
           DelSqV =  1.6430818782E+03
           DelSqVen =  1.1560253639E+03
           DelSqVrep =  4.8705651431E+02
           DelSqG =  1.2584169931E+02
           DelSqK = -1.7689235776E+03
           Stress_EigVals = -2.1975868273E+00 -2.1973869922E+00 -1.9992320967E+00
           Stress_EigVec1 =  0.0000000000E+00  0.0000000000E+00  1.0000000000E+00
           Stress_EigVec2 =  8.8649949224E-01 -4.6272956493E-01  0.0000000000E+00
           Stress_EigVec3 =  4.6272956493E-01  8.8649949224E-01  0.0000000000E+00
           -DivStress =  7.6745462436E+00  1.4485505898E+01 -1.0709460310E-17
           ESP =  -1.0696487599E+00     ESP at Nucleus =  -1.0707573677E+00
           ESPe = -1.3903105899E+01     ESPe at Nucleus = -1.3816441367E+01
           ESPn =  1.2833457139E+01     ESPn at Nucleus =  1.2745683999E+01

CP# 7      Coords =  4.14069592061912E+00 -5.88595440018668E-01  1.65037559070885E+00
           Type = (3,-3) NACP H7
           Rho =  4.3150841899E-01     Rho at Nucleus =  4.2748667712E-01
           GradRho = -5.8113236445E-15  3.5631220197E-15 -5.3568260938E-15
           HessRho_EigVals = -8.7302710988E+00 -8.7259052207E+00 -7.9382366807E+00
           HessRho_EigVec1 =  3.1919385104E-01  8.3950767645E-01  4.3970688719E-01
           HessRho_EigVec2 = -9.1087987865E-01  1.4371789875E-01  3.8683719089E-01
           HessRho_EigVec3 =  2.6155904140E-01 -5.2399620873E-01  8.1056452001E-01
           DelSqRho = -2.5394413000E+01
           Bond Ellipticity = NA
           V = -6.3659022237E+00
           G =  8.6494867885E-03
           K =  6.3572527369E+00
           L =  6.3486032501E+00
           Vnuc =  4.5300289660E+01
           Ven = -1.9547456371E+01
           Vrep =  1.3181554147E+01
           DelSqV =  1.6340943165E+03
           DelSqVen =  1.1503742647E+03
           DelSqVrep =  4.8372005185E+02
           DelSqG =  1.2511798594E+02
           DelSqK = -1.7592123025E+03
           Stress_EigVals = -2.1894292867E+00 -2.1891986073E+00 -1.9872743296E+00
           Stress_EigVec1 =  3.9441928169E-01  8.2422971560E-01  4.0629891232E-01
           Stress_EigVec2 = -8.8141094456E-01  2.1427682024E-01  4.2095153060E-01
           Stress_EigVec3 =  2.5990032135E-01 -5.2414770841E-01  8.1100000168E-01
           -DivStress =  4.3613948098E+00 -8.7184703313E+00  1.3399449525E+01
           ESP =  -1.0722173935E+00     ESP at Nucleus =  -1.0733595376E+00
           ESPe = -1.4374603546E+01     ESPe at Nucleus = -1.4289861790E+01
           ESPn =  1.3302386153E+01     ESPn at Nucleus =  1.3216502253E+01

CP# 8      Coords =  4.14069592061912E+00 -5.88595440018668E-01 -1.65037559070885E+00
           Type = (3,-3) NACP H8
           Rho =  4.3150841899E-01     Rho at Nucleus =  4.2748667712E-01
           GradRho = -5.8095889210E-15  3.5804692544E-15  5.3221316243E-15
           HessRho_EigVals = -8.7302710988E+00 -8.7259052207E+00 -7.9382366807E+00
           HessRho_EigVec1 =  3.1919385104E-01  8.3950767645E-01 -4.3970688719E-01
           HessRho_EigVec2 = -9.1087987865E-01  1.4371789875E-01 -3.8683719089E-01
           HessRho_EigVec3 = -2.6155904140E-01  5.2399620873E-01  8.1056452001E-01
           DelSqRho = -2.5394413000E+01
           Bond Ellipticity = NA
           V = -6.3659022237E+00
           G =  8.6494867885E-03
           K =  6.3572527369E+00
           L =  6.3486032501E+00
           Vnuc =  4.5300289660E+01
           Ven = -1.9547456371E+01
           Vrep =  1.3181554147E+01
           DelSqV =  1.6340943165E+03
           DelSqVen =  1.1503742647E+03
           DelSqVrep =  4.8372005185E+02
           DelSqG =  1.2511798594E+02
           DelSqK = -1.7592123025E+03
           Stress_EigVals = -2.1894292867E+00 -2.1891986073E+00 -1.9872743296E+00
           Stress_EigVec1 =  3.9441928169E-01  8.2422971560E-01 -4.0629891232E-01
           Stress_EigVec2 = -8.8141094456E-01  2.1427682023E-01 -4.2095153060E-01
           Stress_EigVec3 = -2.5990032135E-01  5.2414770841E-01  8.1100000168E-01
           -DivStress =  4.3613948098E+00 -8.7184703313E+00 -1.3399449525E+01
           ESP =  -1.0722173935E+00     ESP at Nucleus =  -1.0733595376E+00
           ESPe = -1.4374603546E+01     ESPe at Nucleus = -1.4289861790E+01
           ESPn =  1.3302386153E+01     ESPn at Nucleus =  1.3216502253E+01

CP# 9      Coords = -2.65786234120060E-01  1.93140510018967E+00  1.30704461267055E+00
           Type = (3,-1) BCP H2 As1
           Rho =  1.6074247858E-01
           GradRho =  1.5556349611E-14 -6.1690236253E-14 -7.6938455607E-14
           HessRho_EigVals = -2.6271385280E-01 -2.6116776851E-01  3.5755981134E-01
           HessRho_EigVec1 =  6.7967169647E-01  6.2968317818E-01 -3.7622530501E-01
           HessRho_EigVec2 = -7.1720034814E-01  4.6290305528E-01 -5.2090730656E-01
           HessRho_EigVec3 = -1.5385072517E-01  6.2387487249E-01  7.6623109950E-01
           DelSqRho = -1.6632180998E-01
           Bond Ellipticity =  5.9198893466E-03
           V = -2.0692293793E-01
           G =  8.2671242715E-02
           K =  1.2425169521E-01
           L =  4.1580452495E-02
           Vnuc =  2.5820961309E+01
           Ven = -4.1505253201E+00
           Vrep =  3.9436023822E+00
           DelSqV = -1.2542526819E+00
           DelSqVen =  4.2945890203E+00
           DelSqVrep = -5.5488417022E+00
           DelSqG =  1.7844492396E+00
           DelSqK = -5.3019655771E-01
           Stress_EigVals = -9.0533981370E-02 -8.9841555247E-02 -2.6547401308E-02
           Stress_EigVec1 =  7.7179660342E-01  5.5822111304E-01 -3.0449826257E-01
           Stress_EigVec2 = -6.1729464497E-01  5.4285850781E-01 -5.6943126169E-01
           Stress_EigVec3 = -1.5256908025E-01  6.2745026054E-01  7.6356325625E-01
           -DivStress =  2.1157926557E-02 -7.9805180271E-02 -1.0152563739E-01
           ESP =   7.7020425972E-01
           ESPe = -2.5050757049E+01
           ESPn =  2.5820961309E+01
           BPL =  2.8331531962E+00 =  1.1371531962E+00 +  1.6960000000E+00                
           GBL_I =  2.8331227333E+00                                                      
           GBL_II =  2.8532930165E+00                                                     
           GBL_III =  2.8331331946E+00 =  1.1371400977E+00 +  1.6959930969E+00            
           GBL_IV =  2.8533026825E+00 =  1.1576639980E+00 +  1.6956386845E+00             

CP# 10     Coords = -2.65786234120060E-01  1.93140510018967E+00 -1.30704461267055E+00
           Type = (3,-1) BCP As1 H3
           Rho =  1.6074247858E-01
           GradRho =  1.5573046325E-14 -6.1763094639E-14  7.6976619523E-14
           HessRho_EigVals = -2.6271385280E-01 -2.6116776851E-01  3.5755981134E-01
           HessRho_EigVec1 =  6.7967169647E-01  6.2968317818E-01  3.7622530501E-01
           HessRho_EigVec2 = -7.1720034814E-01  4.6290305528E-01  5.2090730656E-01
           HessRho_EigVec3 =  1.5385072517E-01 -6.2387487249E-01  7.6623109950E-01
           DelSqRho = -1.6632180998E-01
           Bond Ellipticity =  5.9198893466E-03
           V = -2.0692293793E-01
           G =  8.2671242715E-02
           K =  1.2425169521E-01
           L =  4.1580452495E-02
           Vnuc =  2.5820961309E+01
           Ven = -4.1505253201E+00
           Vrep =  3.9436023822E+00
           DelSqV = -1.2542526819E+00
           DelSqVen =  4.2945890203E+00
           DelSqVrep = -5.5488417022E+00
           DelSqG =  1.7844492396E+00
           DelSqK = -5.3019655771E-01
           Stress_EigVals = -9.0533981370E-02 -8.9841555247E-02 -2.6547401308E-02
           Stress_EigVec1 =  7.7179660342E-01  5.5822111304E-01  3.0449826257E-01
           Stress_EigVec2 = -6.1729464497E-01  5.4285850781E-01  5.6943126169E-01
           Stress_EigVec3 =  1.5256908025E-01 -6.2745026054E-01  7.6356325625E-01
           -DivStress =  2.1157926557E-02 -7.9805180271E-02  1.0152563739E-01
           ESP =   7.7020425972E-01
           ESPe = -2.5050757049E+01
           ESPn =  2.5820961309E+01
           BPL =  2.8331531962E+00 =  1.6960000000E+00 +  1.1371531962E+00                
           GBL_I =  2.8331227333E+00                                                      
           GBL_II =  2.8532930165E+00                                                     
           GBL_III =  2.8331331946E+00 =  1.6959930969E+00 +  1.1371400977E+00            
           GBL_IV =  2.8533026825E+00 =  1.6956386845E+00 +  1.1576639980E+00             

CP# 11     Coords = -1.03892946432256E+00 -7.33125304870692E-01 -1.01930165917630E-18
           Type = (3,-1) BCP As1 S4
           Rho =  1.4424165638E-01
           GradRho =  9.7069487864E-14  1.5094349382E-13 -3.0122067078E-19
           HessRho_EigVals = -1.3762204516E-01 -1.3693693663E-01  1.7612069674E-01
           HessRho_EigVec1 =  8.4242432697E-01 -5.3881467439E-01  0.0000000000E+00
           HessRho_EigVec2 =  0.0000000000E+00  0.0000000000E+00  1.0000000000E+00
           HessRho_EigVec3 =  5.3881467439E-01  8.4242432697E-01  0.0000000000E+00
           DelSqRho = -9.8438285057E-02
           Bond Ellipticity =  5.0030951532E-03
           V = -1.5257074844E-01
           G =  6.3980588586E-02
           K =  8.8590159850E-02
           L =  2.4609571264E-02
           Vnuc =  2.7510437609E+01
           Ven = -3.9681510885E+00
           Vrep =  3.8155803400E+00
           DelSqV = -6.8134223067E-01
           DelSqVen =  2.7080802994E+00
           DelSqVrep = -3.3894225301E+00
           DelSqG =  5.3935631934E-01
           DelSqK =  1.4198591133E-01
           Stress_EigVals = -7.5182296092E-02 -7.4988081932E-02 -2.4003704111E-03
           Stress_EigVec1 =  8.4119017359E-01 -5.4073939366E-01  0.0000000000E+00
           Stress_EigVec2 =  0.0000000000E+00  0.0000000000E+00  1.0000000000E+00
           Stress_EigVec3 =  5.4073939366E-01  8.4119017359E-01  0.0000000000E+00
           -DivStress =  2.7091810884E-02  4.2277414742E-02  4.0563363330E-19
           ESP =   6.2995817158E-01
           ESPe = -2.6880479438E+01
           ESPn =  2.7510437609E+01
           BPL =  3.9017873053E+00 =  1.9230000000E+00 +  1.9787873053E+00                
           GBL_I =  3.9017572240E+00                                                      
           GBL_II =  3.9012092293E+00                                                     
           GBL_III =  3.9017574020E+00 =  1.9229997494E+00 +  1.9787576525E+00            
           GBL_IV =  3.9012094074E+00 =  1.9224515128E+00 +  1.9787578946E+00             

CP# 12     Coords =  1.77560640723777E+00  6.83521880658263E-01  1.50547034217894E-18
           Type = (3,-1) BCP C5 As1
           Rho =  1.4902619860E-01
           GradRho = -9.5062846484E-16  9.7144514655E-17 -1.1702115162E-18
           HessRho_EigVals = -1.9377234393E-01 -1.9013441445E-01  2.6002873975E-01
           HessRho_EigVec1 =  1.0645685137E-01  9.9431732299E-01  0.0000000000E+00
           HessRho_EigVec2 =  0.0000000000E+00  0.0000000000E+00  1.0000000000E+00
           HessRho_EigVec3 =  9.9431732299E-01 -1.0645685137E-01  0.0000000000E+00
           DelSqRho = -1.2387801863E-01
           Bond Ellipticity =  1.9133461409E-02
           V = -1.5906152951E-01
           G =  6.4046012428E-02
           K =  9.5015517086E-02
           L =  3.0969504658E-02
           Vnuc =  2.6387400740E+01
           Ven = -3.9324140231E+00
           Vrep =  3.7733524936E+00
           DelSqV = -9.8125558288E-01
           DelSqVen =  3.2688189206E+00
           DelSqVrep = -4.2500745035E+00
           DelSqG =  1.1250254907E+00
           DelSqK = -1.4376990777E-01
           Stress_EigVals = -7.3932531407E-02 -7.3221686643E-02 -1.1907311463E-02
           Stress_EigVec1 =  1.0864225298E-01  9.9408091264E-01  0.0000000000E+00
           Stress_EigVec2 =  0.0000000000E+00  0.0000000000E+00  1.0000000000E+00
           Stress_EigVec3 =  9.9408091264E-01 -1.0864225298E-01  0.0000000000E+00
           -DivStress = -1.4695614108E-01  1.7421510476E-02 -8.0419278040E-20
           ESP =   6.4541919450E-01
           ESPe = -2.5741981546E+01
           ESPn =  2.6387400740E+01
           BPL =  3.6551686415E+00 =  1.8682268134E+00 +  1.7869418281E+00                
           GBL_I =  3.6550998246E+00                                                      
           GBL_II =  3.6551015060E+00                                                     
           GBL_III =  3.6551116903E+00 =  1.8681765366E+00 +  1.7869351537E+00            
           GBL_IV =  3.6551133723E+00 =  1.8681782181E+00 +  1.7869351542E+00             

CP# 13     Coords =  4.21582649655130E+00  1.63252361910471E+00  1.09628626750594E-18
           Type = (3,-1) BCP H6 C5
           Rho =  2.8420637288E-01
           GradRho =  2.3142598948E-13  1.9486148806E-13 -1.1342531632E-18
           HessRho_EigVals = -7.6492494093E-01 -7.5869673281E-01  4.3265982504E-01
           HessRho_EigVec1 =  0.0000000000E+00  0.0000000000E+00  1.0000000000E+00
           HessRho_EigVec2 =  8.8712770905E-01 -4.6152402737E-01  0.0000000000E+00
           HessRho_EigVec3 =  4.6152402737E-01  8.8712770905E-01  0.0000000000E+00
           DelSqRho = -1.0909618487E+00
           Bond Ellipticity =  8.2090878426E-03
           V = -3.6550410924E-01
           G =  4.6381823534E-02
           K =  3.1912228571E-01
           L =  2.7274046217E-01
           Vnuc =  1.6862356855E+01
           Ven = -4.7923892799E+00
           Vrep =  4.4268851707E+00
           DelSqV = -1.6026702568E+00
           DelSqVen =  1.8396188008E+01
           DelSqVrep = -1.9998858264E+01
           DelSqG =  1.7219214512E+00
           DelSqK = -1.1925119438E-01
           Stress_EigVals = -2.3401970651E-01 -2.3287821378E-01  1.0139381104E-01
           Stress_EigVec1 =  0.0000000000E+00  0.0000000000E+00  1.0000000000E+00
           Stress_EigVec2 =  8.8907565727E-01 -4.5776028186E-01  0.0000000000E+00
           Stress_EigVec3 =  4.5776028186E-01  8.8907565727E-01  0.0000000000E+00
           -DivStress = -5.1359497005E-02 -1.1364848768E-01 -3.2807220843E-19
           ESP =   8.6771764282E-01
           ESPe = -1.5994639212E+01
           ESPn =  1.6862356855E+01
           BPL =  2.0255575672E+00 =  7.1867427692E-01 +  1.3068832903E+00                
           GBL_I =  2.0253510702E+00                                                      
           GBL_II =  2.0561261198E+00                                                     
           GBL_III =  2.0254157386E+00 =  7.1867368391E-01 +  1.3067420547E+00            
           GBL_IV =  2.0561947005E+00 =  7.4945298855E-01 +  1.3067417119E+00             

CP# 14     Coords =  3.95568096011423E+00 -2.17492164228855E-01  1.07368331278319E+00
           Type = (3,-1) BCP H7 C5
           Rho =  2.8588369980E-01
           GradRho = -1.1102230246E-16 -4.1633363423E-17  2.7755575616E-17
           HessRho_EigVals = -7.7753575465E-01 -7.6941689641E-01  4.4236900823E-01
           HessRho_EigVec1 =  3.4202628516E-01  8.3703295499E-01  4.2707593297E-01
           HessRho_EigVec2 = -9.0295295403E-01  1.6691282698E-01  3.9600008965E-01
           HessRho_EigVec3 =  2.6018067390E-01 -5.2107191486E-01  8.1288995348E-01
           DelSqRho = -1.1045836428E+00
           Bond Ellipticity =  1.0551962499E-02
           V = -3.6657995762E-01
           G =  4.5217023457E-02
           K =  3.2136293416E-01
           L =  2.7614591071E-01
           Vnuc =  1.7207699842E+01
           Ven = -4.9194008959E+00
           Vrep =  4.5528209383E+00
           DelSqV = -1.7329612894E+00
           DelSqVen =  1.9007343776E+01
           DelSqVrep = -2.0740305066E+01
           DelSqG =  1.7402941183E+00
           DelSqK = -7.3328289211E-03
           Stress_EigVals = -2.3589181240E-01 -2.3480339675E-01  1.0411525152E-01
           Stress_EigVec1 = -3.2043186474E-02  8.3690254985E-01  5.4641317357E-01
           Stress_EigVec2 = -9.6595226537E-01 -1.6635453530E-01  1.9814739366E-01
           Stress_EigVec3 =  2.5672836857E-01 -5.2145976895E-01  8.1373844332E-01
           -DivStress = -2.2293194969E-02  5.4225528506E-02 -8.8143332871E-02
           ESP =   8.6595160802E-01
           ESPe = -1.6341748234E+01
           ESPn =  1.7207699842E+01
           BPL =  2.0229573697E+00 =  7.1029784998E-01 +  1.3126595197E+00                
           GBL_I =  2.0227986454E+00                                                      
           GBL_II =  2.0540467862E+00                                                     
           GBL_III =  2.0228485334E+00 =  7.1029723380E-01 +  1.3125512996E+00            
           GBL_IV =  2.0540994679E+00 =  7.4154880216E-01 +  1.3125506658E+00             

CP# 15     Coords =  3.95568096011423E+00 -2.17492164228855E-01 -1.07368331278319E+00
           Type = (3,-1) BCP C5 H8
           Rho =  2.8588369980E-01
           GradRho = -1.4918621893E-16  9.0205620751E-17  1.3877787808E-17
           HessRho_EigVals = -7.7753575465E-01 -7.6941689641E-01  4.4236900823E-01
           HessRho_EigVec1 =  3.4202628516E-01  8.3703295499E-01 -4.2707593297E-01
           HessRho_EigVec2 = -9.0295295403E-01  1.6691282698E-01 -3.9600008965E-01
           HessRho_EigVec3 = -2.6018067390E-01  5.2107191486E-01  8.1288995348E-01
           DelSqRho = -1.1045836428E+00
           Bond Ellipticity =  1.0551962499E-02
           V = -3.6657995762E-01
           G =  4.5217023457E-02
           K =  3.2136293416E-01
           L =  2.7614591071E-01
           Vnuc =  1.7207699842E+01
           Ven = -4.9194008959E+00
           Vrep =  4.5528209383E+00
           DelSqV = -1.7329612894E+00
           DelSqVen =  1.9007343776E+01
           DelSqVrep = -2.0740305066E+01
           DelSqG =  1.7402941183E+00
           DelSqK = -7.3328289211E-03
           Stress_EigVals = -2.3589181240E-01 -2.3480339675E-01  1.0411525152E-01
           Stress_EigVec1 = -3.2043186474E-02  8.3690254985E-01 -5.4641317357E-01
           Stress_EigVec2 = -9.6595226537E-01 -1.6635453530E-01 -1.9814739366E-01
           Stress_EigVec3 = -2.5672836857E-01  5.2145976895E-01  8.1373844332E-01
           -DivStress = -2.2293194969E-02  5.4225528506E-02  8.8143332871E-02
           ESP =   8.6595160802E-01
           ESPe = -1.6341748234E+01
           ESPn =  1.7207699842E+01
           BPL =  2.0229573697E+00 =  1.3126595197E+00 +  7.1029784998E-01                
           GBL_I =  2.0227986454E+00                                                      
           GBL_II =  2.0540467862E+00                                                     
           GBL_III =  2.0228485334E+00 =  1.3125512996E+00 +  7.1029723380E-01            
           GBL_IV =  2.0540994679E+00 =  1.3125506658E+00 +  7.4154880216E-01             

Number of NACPs  =      8
Number of NNACPs =      0
Number of BCPs   =      7
Number of RCPs   =      0
Number of CCPs   =      0
NumNACP + NumNNACP - NumBCP + NumRCP - NumCCP =      1
Poincare-Hopf Relationship is Satisfied

Bond Path Angles and Corresponding Geometric Bond Angles:
--------------------------------------------------------
  BPA     = A-B-C Bond Path Angle
  GBA_I   = A-B-C Geometric Bond Angle in Terms of Nuclear Attractors
  GBA_II  = A-B-C Geometric Bond Angle in Terms of Nuclei
  GBA_III = A-B-C Geometric Bond Angle in Terms of A|B and C|B BCPs and Nuclear Attractor B
  GBA_IV  = A-B-C Geometric Bond Angle in Terms of A|B and C|B BCPs and Nucleus B
-------------------------------------------------------------------------------------------------
Atom A    Atom B    Atom C        BPA          GBA_I         GBA_II       GBA_III       GBA_IV
-------------------------------------------------------------------------------------------------
H3        As1       H2        100.98133147  100.60189517  100.61002517  100.85650471  100.85647832
S4        As1       H2        115.70337674  115.84461191  115.83606938  115.77372897  115.77374476
S4        As1       H3        115.70337674  115.84461191  115.83606938  115.77372897  115.77374476
C5        As1       H2        103.05929103  103.13334921  103.13950076  103.01293229  103.01293033
C5        As1       H3        103.05929103  103.13334921  103.13950076  103.01293229  103.01293033
C5        As1       S4        116.21815813  116.12534424  116.12533970  116.25706439  116.25705800
H6        C5        As1       108.20225976  110.32909529  110.34386529  109.84676793  109.84668753
