AIMSum (Version 19.10.12, Professional)
Copyright (c) 1997-2019 by Todd A. Keith
AIMSum is a component of the AIMAll package ( http://aim.tkgristmill.com )

TP:  64-bit Mac OS X

Much of the Quantum Theory of Atoms in Molecules (QTAIM) is described in the book:
  "Atoms in Molecules - A Quantum Theory"
  R.F.W. Bader, Oxford University Press, Oxford, 1990

For additional references see:  http://aim.tkgristmill.com/references.html

Wfx File:  /Users/chemlab/Documents/SubstituentCoding/BCP Map Reference/BCPMapReference/SubH_CFHCH3_wb97xd_aug-cc-pvtz_zeroorig.wfx
Sum File:  /Users/chemlab/Documents/SubstituentCoding/BCP Map Reference/BCPMapReference/SubH_CFHCH3_wb97xd_aug-cc-pvtz_zeroorig.sum

SumViz File:  /Users/chemlab/Documents/SubstituentCoding/BCP Map Reference/BCPMapReference/SubH_CFHCH3_wb97xd_aug-cc-pvtz_zeroorig.sumviz

Wfx Title:   SubH_CFHCH3_B2PLYPD3_aug-cc-pV5Z                                              
 
Total memory allocated for AIMSum =        0.445 Megabytes

Atomic units (a.u.) used throughout, except where stated otherwise

Model:  Restricted SCF
 
Restricted, closed-shell, single-determinant wavefunction.
  Number of electrons (from MO Occs)                   =          26.0000000000
  Number of Alpha electrons (from MO Occs)             =          13.0000000000
  Number of Beta electrons (from MO Occs)              =          13.0000000000
  Number of electron pairs (N*(N-1)/2)                 =         325.0000000000
  Number of electron pairs (from Muller 2EDM)          =         325.0000000000
 
Nuclear Charges and Cartesian Coordinates:
-------------------------------------------------------------------------------
Atom      Charge                X                  Y                  Z
-------------------------------------------------------------------------------
C1         6.0           0.0000000000E+00   0.0000000000E+00   0.0000000000E+00
H2         1.0           5.1501405271E-02   1.1991927976E+00   1.6774080245E+00
H3         1.0           5.1501405271E-02   1.1991927976E+00  -1.6774080245E+00
C4         6.0           2.1240018973E+00  -1.8984324708E+00   0.0000000000E+00
H5         1.0           2.0331349835E+00  -3.0940259070E+00   1.6729924905E+00
H6         1.0           2.0331349835E+00  -3.0940259070E+00  -1.6729924905E+00
H7         1.0           3.9347699731E+00  -9.1393589901E-01   0.0000000000E+00
F8         9.0          -2.3164502830E+00  -1.2373688558E+00   0.0000000000E+00
 
Some Atomic Properties:
----------------------
  q(A) = Net Charge of Atom A
  L(A) = Lagrangian of Atom A = -(1/4) Times Atomic Integral of the Laplacian of the Electron Density
  K(A) = Electronic Kinetic Energy of Atom A (Hamiltonian Form)
  K_Scaled(A) = K(A) * E(Mol)/K(Mol) = Approximation to Virial-Based Total Energy of Atom A.
  |Mu_Intra(A)| = Magnitude of Intraatomic Dipole Moment of Atom A
--------------------------------------------------------------------------------------------------
Atom A          q(A)              L(A)              K(A)          K_Scaled(A)      |Mu_Intra(A)|
--------------------------------------------------------------------------------------------------
C1        6.1056042780E-01  6.6853678111E-05  3.7421255697E+01 -3.7631667595E+01  6.6286397168E-01
H2        1.2148132680E-02  2.5905487611E-05  6.2950509513E-01 -6.3304467068E-01  1.3795570081E-01
H3        1.2146995470E-02  2.4959581088E-05  6.2950513742E-01 -6.3304471321E-01  1.3795452578E-01
C4        3.7320449100E-02 -6.2901403206E-05  3.7789503054E+01 -3.8001985530E+01  7.6335387573E-02
H5        7.8263518400E-03  1.8972852233E-05  6.1846974690E-01 -6.2194727300E-01  1.3753892637E-01
H6        7.8278831500E-03  1.9341860193E-05  6.1846913351E-01 -6.2194665616E-01  1.3754053843E-01
H7        1.8137810200E-03  2.2168830892E-05  6.1810126300E-01 -6.2157671719E-01  1.3749013244E-01
F8       -6.8950079510E-01  5.2923914868E-05  9.9754993780E+01 -1.0031589526E+02  2.4076578973E-01
--------------------------------------------------------------------------------------------------
Total     1.4322596000E-04  1.6822480179E-04  1.7807980291E+02 -1.7908110842E+02
 
1st Largest |L(A)| = 6.6853678111E-05, atom C1      
2nd Largest |L(A)| = 6.2901403206E-05, atom C4      
 
Molecular charge q(Mol) from the wfx file:   0.0000000000E+00
Molecular energy E(Mol) from the wfx file:  -1.7908106210E+02
Molecular virial ratio (-V(Mol)/T(Mol)) from the wfx file:   2.0056227910E+00
Note.  K_Scaled(A) = (1+V(Mol)/T(Mol))*K(A) = (E(Mol)/T(Mol))*K(A)
       Only use K_Scaled(A) data with caution.
 
N_AIMInt(SumA)     =         25.999857
N_Analytic(Mol)    =         26.000000
 
G_AIMInt(SumA)     =        178.079635
G_Analytic(Mol)    =        178.079757
 
K_AIMInt(SumA)     =        178.079803
K_Analytic(Mol)    =        178.079757
 
L_AIMInt(SumA)     =          0.000168
L_Analytic(Mol)    =          0.000000
 
VenT_AIMInt(SumA)  =       -580.336444
VenT_Analytic(Mol) =       -580.337218
 
Some Information About the Atomic Calculations:
----------------------------------------------
  Time(sec) = "Elapsed User Time", in Seconds, for Atom A by AIMInt and, if used, by TWOe
  NProc = Number of Processors Used for AIMInt Job
  BIM = Basin Integration Method
  OAQ = Angular Quadrature Outside of Beta Sphere
  ORQ = Multiple of Default for Radial Quadrature Outside of Beta Sphere
  IAQ = Multiple of Default for Angular Quadrature Inside of Beta Sphere
  IRQ = Multiple of Default for Radial Quadrature Inside of Beta Sphere
  MIR = Maximum Integration Radius
------------------------------------------------------------------------------------------------------
Atom A     Time(sec)   NProc      BIM          OAQ                     ORQ      IAQ      IRQ      MIR
------------------------------------------------------------------------------------------------------
C1             35        2     Proaim(5)    4500(GS4)                  1.00     1.00     1.00    13.00
H2              8        2     Proaim(5)    1800(GS4)                  1.00     1.00     1.00    13.00
H3              8        2     Proaim(5)    1800(GS4)                  1.00     1.00     1.00    13.00
C4             34        2     Proaim(5)    4500(GS4)                  1.00     1.00     1.00    13.00
H5              8        2     Proaim(5)    1800(GS4)                  1.00     1.00     1.00    13.00
H6              8        2     Proaim(5)    1800(GS4)                  1.00     1.00     1.00    13.00
H7              8        2     Proaim(5)    1800(GS4)                  1.00     1.00     1.00    13.00
F8             12        2     Proaim(5)    2700(GS4)                  1.00     1.00     1.00    13.00
------------------------------------------------------------------------------------------------------
Total         121
Note:  Total wall clock time is less than total of atomic times if more than one atom
       was calculated at a time
 
Electron Density Critical Point Analysis of Molecular Structure:               
---------------------------------------------------------------                
  NACP = Nuclear Attractor Critical Point                                      
  NNACP = Non-Nuclear Attractor Critical Point                                 
  BCP = Bond Critical Point                                                    
  RCP = Ring Critical Point                                                    
  CCP = Cage Critical Point                                                    
  Rho = Electron Density                                                       
  GradRho = Gradient of Electron Density                                       
  HessRho_EigVals = Eigenvalues of the Hessian of Rho, Ascending Order         
  HessRho_EigVecs = Eigenvectors of the Hessian of Rho                         
  DelSqRho = Laplacian of Rho = Trace of Hessian of Rho                        
  Bond Ellipticity = (HessRho_EigVal(1) / HessRho_EigVal(2)) - 1               
  V = Virial Field = Potential Energy Density = Trace of Stress Tensor         
  G = Lagrangian Form of Kinetic Energy Density                                
  K = Hamiltonian Form of Kinetic Energy Density                               
  L = K - G = Lagrangian Density = (-1/4)DelSqRho                              
  Vnuc = Electrostatic Potential from Nuclei                                   
  Ven = Electron-nuclear attractive contribution to Virial Field V             
  Vrep = V - Ven = Repulsive contribution to Virial Field V                    
  DelSqV = Laplacian of V                                                      
  DelSqVen = Laplacian of Ven                                                  
  DelSqVrep = Laplacian of Vrep                                                
  DelSqG = Laplacian of G                                                      
  DelSqK = Laplacian of K                                                      
  Stress_EigVals = Eigenvalues of Stress Tensor, Ascending Order               
  Stress_EigVecs = Eigenvectors of Stress Tensor                               
  -DivStress = Ehrenfest Force Density = Minus Divergence of Stress Tensor     
  ESP = Total Electrostatic Potential                                          
  ESPe = Electrostatic Potential from Electrons                                
  ESPn = Electrostatic Potential from Nuclei                                   
  BP = Bond Path                                                               
  BPL = Bond Path Length                                                       
  GBL = Geometric Bond Length                                                  
  GBL_I = Distance Between Nuclear Attractors                                  
  GBL_II = Distance Between Nuclei                                             
  GBL_III = Sum of Distances Between BCP and Nuclear Attractors                
  GBL_IV = Sum of Distances Between BCP and Nuclei                             

CP# 1      Coords = -4.48188927018847E-06 -2.93981182262133E-06 -7.50632069676551E-18
           Type = (3,-3) NACP C1
           Rho =  1.2096457738E+02     Rho at Nucleus =  1.2096457382E+02
           GradRho = -1.3322676295E-15  4.4408920985E-16  7.9413040371E-17
           HessRho_EigVals = -2.4832985200E+05 -2.4832577457E+05 -2.4832533483E+05
           HessRho_EigVec1 =  8.8145180529E-01  4.7227398293E-01 -8.5368319534E-14
           HessRho_EigVec2 = -4.7227398293E-01  8.8145180529E-01  1.5562817516E-12
           HessRho_EigVec3 =  8.1023944077E-13 -1.3314701232E-12  1.0000000000E+00
           DelSqRho = -7.4498096140E+05
           Bond Ellipticity = NA
           V = -1.8625990467E+05
           G =  7.3321606145E+00
           K =  1.8625257251E+05
           L =  1.8624524035E+05
           Vnuc =  1.1194058447E+06
           Ven = -1.3540845492E+08
           Vrep =  1.3522219502E+08
           DelSqV =  1.1205376678E+10
           DelSqVen =  8.3393604198E+11
           DelSqVrep = -8.2273066531E+11
           DelSqG =  3.8237384730E+08
           DelSqK = -1.1587750526E+10
           Stress_EigVals = -6.2087067920E+04 -6.2086983297E+04 -6.2085853455E+04
           Stress_EigVec1 =  1.6952889174E-12 -3.4715848420E-12  1.0000000000E+00
           Stress_EigVec2 = -4.7997210039E-01  8.7728375275E-01  3.8592563606E-12
           Stress_EigVec3 =  8.7728375275E-01  4.7997210039E-01  1.7901444485E-13
           -DivStress =  1.6442265433E+04  1.0790386257E+04  2.7675337415E-08
           ESP =  -1.4688511390E+01     ESP at Nucleus =  -1.4688511479E+01
           ESPe = -2.1931153814E+01     ESPe at Nucleus = -2.1931149043E+01
           ESPn =  7.2426424239E+00     ESPn at Nucleus =  7.2426375633E+00

CP# 2      Coords =  5.07943930278534E-02  1.18123090724511E+00  1.65261402695214E+00
           Type = (3,-3) NACP H2
           Rho =  4.4986319434E-01     Rho at Nucleus =  4.4583510354E-01
           GradRho = -4.0766001685E-17 -1.3480969813E-15 -3.5665914666E-15
           HessRho_EigVals = -9.1097846158E+00 -9.1009578240E+00 -8.2920733381E+00
           HessRho_EigVec1 =  9.4108686731E-01  2.5809037550E-01 -2.1850598676E-01
           HessRho_EigVec2 = -3.3709367678E-01  7.6736097640E-01 -5.4545850894E-01
           HessRho_EigVec3 =  2.6895375953E-02  5.8698082590E-01  8.0915397099E-01
           DelSqRho = -2.6502815778E+01
           Bond Ellipticity = NA
           V = -6.6397505874E+00
           G =  7.0233214736E-03
           K =  6.6327272660E+00
           L =  6.6257039445E+00
           Vnuc =  4.0370363890E+01
           Ven = -1.8161140856E+01
           Vrep =  1.1521390269E+01
           DelSqV =  1.7064324133E+03
           DelSqVen =  1.0699283171E+03
           DelSqVrep =  6.3650409623E+02
           DelSqG =  1.3063706173E+02
           DelSqK = -1.8370694750E+03
           Stress_EigVals = -2.2820406354E+00 -2.2810920160E+00 -2.0766179361E+00
           Stress_EigVec1 =  6.2577347888E-01 -6.4138287078E-01  4.4388688447E-01
           Stress_EigVec2 =  7.7949650500E-01  4.9368389332E-01 -3.8556635248E-01
           Stress_EigVec3 =  2.8155848710E-02  5.8728547279E-01  8.0888999353E-01
           -DivStress =  3.9193436379E-01  9.9284908678E+00  1.3708497922E+01
           ESP =  -1.1122680319E+00     ESP at Nucleus =  -1.1133972707E+00
           ESPe = -8.8292410504E+00     ESPe at Nucleus = -8.7591563094E+00
           ESPn =  7.7169730185E+00     ESPn at Nucleus =  7.6457590387E+00

CP# 3      Coords =  5.07943930278508E-02  1.18123090724511E+00 -1.65261402695213E+00
           Type = (3,-3) NACP H3
           Rho =  4.4986319434E-01     Rho at Nucleus =  4.4583510354E-01
           GradRho = -4.5102810375E-17 -1.7440476147E-15  3.0843383403E-15
           HessRho_EigVals = -9.1097846158E+00 -9.1009578240E+00 -8.2920733381E+00
           HessRho_EigVec1 =  9.4108686731E-01  2.5809037550E-01  2.1850598675E-01
           HessRho_EigVec2 = -3.3709367678E-01  7.6736097640E-01  5.4545850894E-01
           HessRho_EigVec3 = -2.6895375953E-02 -5.8698082590E-01  8.0915397099E-01
           DelSqRho = -2.6502815778E+01
           Bond Ellipticity = NA
           V = -6.6397505874E+00
           G =  7.0233214737E-03
           K =  6.6327272660E+00
           L =  6.6257039445E+00
           Vnuc =  4.0370363890E+01
           Ven = -1.8161140856E+01
           Vrep =  1.1521390269E+01
           DelSqV =  1.7064324133E+03
           DelSqVen =  1.0699283171E+03
           DelSqVrep =  6.3650409623E+02
           DelSqG =  1.3063706173E+02
           DelSqK = -1.8370694750E+03
           Stress_EigVals = -2.2820406354E+00 -2.2810920160E+00 -2.0766179361E+00
           Stress_EigVec1 =  6.2577347889E-01 -6.4138287077E-01 -4.4388688447E-01
           Stress_EigVec2 =  7.7949650500E-01  4.9368389332E-01  3.8556635248E-01
           Stress_EigVec3 = -2.8155848710E-02 -5.8728547279E-01  8.0888999353E-01
           -DivStress =  3.9193436379E-01  9.9284908678E+00 -1.3708497923E+01
           ESP =  -1.1122680320E+00     ESP at Nucleus =  -1.1133972707E+00
           ESPe = -8.8292410505E+00     ESPe at Nucleus = -8.7591563094E+00
           ESPn =  7.7169730185E+00     ESPn at Nucleus =  7.6457590387E+00

CP# 4      Coords =  2.12400186026269E+00 -1.89843201465349E+00  5.45769165911765E-18
           Type = (3,-3) NACP C4
           Rho =  1.2090698025E+02     Rho at Nucleus =  1.2090698022E+02
           GradRho = -2.0357521224E-11  9.5148777746E-11 -5.3559362309E-17
           HessRho_EigVals = -2.4820610015E+05 -2.4820557247E+05 -2.4820545704E+05
           HessRho_EigVec1 =  7.4381790277E-01 -6.6838232137E-01  3.7529089056E-13
           HessRho_EigVec2 =  6.6838232137E-01  7.4381790277E-01 -2.9896236524E-11
           HessRho_EigVec3 =  1.9702967885E-11  2.2488193748E-11  1.0000000000E+00
           DelSqRho = -7.4461712966E+05
           Bond Ellipticity = NA
           V = -1.8616985249E+05
           G =  7.7850378616E+00
           K =  1.8616206745E+05
           L =  1.8615428242E+05
           Vnuc =  1.3111508227E+07
           Ven = -1.5852728661E+09
           Vrep =  1.5850866963E+09
           DelSqV =  1.1199954984E+10
           DelSqVen =  9.7630510121E+12
           DelSqVrep = -9.7518521057E+12
           DelSqG =  3.8218457765E+08
           DelSqK = -1.1582139562E+10
           Stress_EigVals = -6.2056674483E+04 -6.2056637267E+04 -6.2056540742E+04
           Stress_EigVec1 =  1.0807579325E-11  1.3526927433E-11  1.0000000000E+00
           Stress_EigVec2 =  6.7892350159E-01  7.3420901587E-01 -1.7269111678E-11
           Stress_EigVec3 =  7.3420901587E-01 -6.7892350159E-01  1.2487267582E-12
           -DivStress =  1.3893303514E+02 -1.6749427804E+03 -2.0809366448E-08
           ESP =  -1.4764738238E+01     ESP at Nucleus =  -1.4764738239E+01
           ESPe = -2.0821845897E+01     ESPe at Nucleus = -2.0821845643E+01
           ESPn =  6.0571076591E+00     ESPn at Nucleus =  6.0571074046E+00

CP# 5      Coords =  2.03435409328593E+00 -3.07623251325787E+00  1.64855743191436E+00
           Type = (3,-3) NACP H5
           Rho =  4.3925069285E-01     Rho at Nucleus =  4.3540217818E-01
           GradRho =  1.3791051634E-15  1.8848312668E-15 -9.7664931697E-16
           HessRho_EigVals = -8.8979386050E+00 -8.8963651668E+00 -8.1264829202E+00
           HessRho_EigVec1 =  7.0966500138E-01 -5.8674761713E-01 -3.9000361487E-01
           HessRho_EigVec2 =  7.0338923763E-01  5.5843586660E-01  4.3976466808E-01
           HessRho_EigVec3 = -4.0238864442E-02 -5.8640993911E-01  8.0901434913E-01
           DelSqRho = -2.5920786692E+01
           Bond Ellipticity = NA
           V = -6.4966158398E+00
           G =  8.2095834084E-03
           K =  6.4884062564E+00
           L =  6.4801966730E+00
           Vnuc =  4.0286797985E+01
           Ven = -1.7696003928E+01
           Vrep =  1.1199388088E+01
           DelSqV =  1.6712297076E+03
           DelSqVen =  1.0442654971E+03
           DelSqVrep =  6.2696421056E+02
           DelSqG =  1.2801899208E+02
           DelSqK = -1.7992486997E+03
           Stress_EigVals = -2.2310875922E+00 -2.2309401800E+00 -2.0345880676E+00
           Stress_EigVec1 = -2.1036074166E-01  7.9671279557E-01  5.6656604182E-01
           Stress_EigVec2 =  9.7676978814E-01  1.4706451125E-01  1.5586151068E-01
           Stress_EigVec3 = -4.0855101858E-02 -5.8619173562E-01  8.0914158819E-01
           -DivStress = -6.6180135181E-01 -9.6271213073E+00  1.3222348691E+01
           ESP =  -1.1139000659E+00     ESP at Nucleus =  -1.1149815908E+00
           ESPe = -8.3446652201E+00     ESPe at Nucleus = -8.2830908323E+00
           ESPn =  7.2307651541E+00     ESPn at Nucleus =  7.1681092415E+00

CP# 6      Coords =  2.03435409328592E+00 -3.07623251325788E+00 -1.64855743191440E+00
           Type = (3,-3) NACP H6
           Rho =  4.3925069285E-01     Rho at Nucleus =  4.3540217818E-01
           GradRho = -1.0169816378E-16  2.1807100396E-15  5.5511151231E-16
           HessRho_EigVals = -8.8979386050E+00 -8.8963651668E+00 -8.1264829202E+00
           HessRho_EigVec1 =  7.0966500140E-01 -5.8674761711E-01  3.9000361486E-01
           HessRho_EigVec2 =  7.0338923760E-01  5.5843586662E-01 -4.3976466809E-01
           HessRho_EigVec3 =  4.0238864442E-02  5.8640993911E-01  8.0901434913E-01
           DelSqRho = -2.5920786692E+01
           Bond Ellipticity = NA
           V = -6.4966158398E+00
           G =  8.2095834084E-03
           K =  6.4884062564E+00
           L =  6.4801966730E+00
           Vnuc =  4.0286797985E+01
           Ven = -1.7696003928E+01
           Vrep =  1.1199388088E+01
           DelSqV =  1.6712297076E+03
           DelSqVen =  1.0442654971E+03
           DelSqVrep =  6.2696421056E+02
           DelSqG =  1.2801899208E+02
           DelSqK = -1.7992486997E+03
           Stress_EigVals = -2.2310875922E+00 -2.2309401800E+00 -2.0345880676E+00
           Stress_EigVec1 = -2.1036074184E-01  7.9671279554E-01 -5.6656604179E-01
           Stress_EigVec2 =  9.7676978810E-01  1.4706451140E-01 -1.5586151078E-01
           Stress_EigVec3 =  4.0855101858E-02  5.8619173562E-01  8.0914158819E-01
           -DivStress = -6.6180135180E-01 -9.6271213073E+00 -1.3222348691E+01
           ESP =  -1.1139000659E+00     ESP at Nucleus =  -1.1149815909E+00
           ESPe = -8.3446652201E+00     ESPe at Nucleus = -8.2830908324E+00
           ESPn =  7.2307651541E+00     ESPn at Nucleus =  7.1681092415E+00

CP# 7      Coords =  3.90817897840475E+00 -9.27854791566429E-01 -1.40461367751485E-15
           Type = (3,-3) NACP H7
           Rho =  4.3725712178E-01     Rho at Nucleus =  4.3348201741E-01
           GradRho = -1.3099764329E-14 -6.4705185654E-15 -6.2527062056E-19
           HessRho_EigVals = -8.8594164559E+00 -8.8593394666E+00 -8.1030197550E+00
           HessRho_EigVec1 = -9.2263160132E-11  1.7424037063E-10  1.0000000000E+00
           HessRho_EigVec2 = -4.6806722171E-01  8.8369286291E-01 -1.9716033298E-10
           HessRho_EigVec3 =  8.8369286291E-01  4.6806722171E-01 -2.3910071826E-14
           DelSqRho = -2.5821775677E+01
           Bond Ellipticity = NA
           V = -6.4720865442E+00
           G =  8.3213124271E-03
           K =  6.4637652318E+00
           L =  6.4554439194E+00
           Vnuc =  4.0237307079E+01
           Ven = -1.7594049082E+01
           Vrep =  1.1121962537E+01
           DelSqV =  1.6657798258E+03
           DelSqVen =  1.0389987173E+03
           DelSqVrep =  6.2678110852E+02
           DelSqG =  1.2762070465E+02
           DelSqK = -1.7934005304E+03
           Stress_EigVals = -2.2219543977E+00 -2.2214756590E+00 -2.0286564875E+00
           Stress_EigVec1 = -1.0459467539E-13 -7.7191667621E-14  1.0000000000E+00
           Stress_EigVec2 = -4.6856494608E-01  8.8342905278E-01  1.9183963373E-14
           Stress_EigVec3 =  8.8342905278E-01  4.6856494608E-01  1.2857128459E-13
           -DivStress =  1.4333905310E+01  7.5051434240E+00  1.4957169911E-12
           ESP =  -1.1053025987E+00     ESP at Nucleus =  -1.1063643459E+00
           ESPe = -8.0243877492E+00     ESPe at Nucleus = -7.9619983312E+00
           ESPn =  6.9190851505E+00     ESPn at Nucleus =  6.8556339853E+00

CP# 8      Coords = -2.31644582238952E+00 -1.23736646489250E+00  4.99054581794090E-18
           Type = (3,-3) NACP F8
           Rho =  4.2967851974E+02     Rho at Nucleus =  4.2967849368E+02
           GradRho = -3.5790392872E-10 -1.1197734406E-10 -1.0546744898E-16
           HessRho_EigVals = -2.0352491235E+06 -2.0351882482E+06 -2.0351882392E+06
           HessRho_EigVec1 =  8.7691476163E-01  4.8064592044E-01 -1.0291775740E-13
           HessRho_EigVec2 = -1.3230076884E-10  2.4159034747E-10  1.0000000000E+00
           HessRho_EigVec3 = -4.8064592044E-01  8.7691476163E-01 -2.7544396677E-10
           DelSqRho = -6.1056256108E+06
           Bond Ellipticity = NA
           V = -1.5267212218E+06
           G =  1.5740956231E+02
           K =  1.5265638123E+06
           L =  1.5264064027E+06
           Vnuc =  1.7783106074E+06
           Ven = -7.6410186944E+08
           Vrep =  7.6257514822E+08
           DelSqV =  2.1711115084E+11
           DelSqVen =  1.0857698787E+13
           DelSqVrep = -1.0640587636E+13
           DelSqG =  7.2314770475E+09
           DelSqK = -2.2434262788E+11
           Stress_EigVals = -5.0891231176E+05 -5.0891231156E+05 -5.0889659851E+05
           Stress_EigVec1 = -4.8042523093E-01  8.7703568769E-01 -4.2570050704E-09
           Stress_EigVec2 = -2.0451149426E-09  3.7335769774E-09  1.0000000000E+00
           Stress_EigVec3 =  8.7703568769E-01  4.8042523093E-01 -6.5791502533E-14
           -DivStress = -3.1722935196E+05 -1.7001855124E+05 -3.6984498588E-07
           ESP =  -2.6600682189E+01     ESP at Nucleus =  -2.6600682369E+01
           ESPe = -3.1308090484E+01     ESPe at Nucleus = -3.1308084096E+01
           ESPn =  4.7074082949E+00     ESPn at Nucleus =  4.7074017271E+00

CP# 9      Coords =  3.04880687661946E-02  7.64884634148023E-01  1.07852580058680E+00
           Type = (3,-1) BCP H2 C1
           Rho =  2.9633243847E-01
           GradRho = -4.3368086899E-17  5.3776427755E-17  1.3877787808E-17
           HessRho_EigVals = -8.5306187195E-01 -8.1306047706E-01  4.7410705486E-01
           HessRho_EigVec1 =  9.1387678169E-01  3.1062920013E-01 -2.6141677054E-01
           HessRho_EigVec2 = -4.0476686088E-01  7.4708676020E-01 -5.2728091287E-01
           HessRho_EigVec3 =  3.1512159954E-02  5.8768262929E-01  8.0847765028E-01
           DelSqRho = -1.1920152942E+00
           Bond Ellipticity =  4.9198547979E-02
           V = -3.7186437647E-01
           G =  3.6930276465E-02
           K =  3.3493410000E-01
           L =  2.9800382354E-01
           Vnuc =  1.1338139287E+01
           Ven = -3.3598584626E+00
           Vrep =  2.9879940861E+00
           DelSqV = -1.8016113397E+00
           DelSqVen =  1.3515235437E+01
           DelSqVrep = -1.5316846777E+01
           DelSqG =  1.8184925893E+00
           DelSqK = -1.6881249670E-02
           Stress_EigVals = -2.4424256714E-01 -2.3738817218E-01  1.0976636285E-01
           Stress_EigVec1 = -4.0622605043E-01  7.4650858777E-01 -5.2697753685E-01
           Stress_EigVec2 =  9.1320470128E-01  3.1133163103E-01 -2.6292544395E-01
           Stress_EigVec3 =  3.2211325791E-02  5.8804552878E-01  8.0818617074E-01
           -DivStress = -2.6855016439E-03 -6.2668845137E-02 -9.3087811935E-02
           ESP =   8.3288404854E-01
           ESPe = -1.0505255238E+01
           ESPn =  1.1338139287E+01
           BPL =  2.0323668815E+00 =  7.0946109894E-01 +  1.3229057826E+00                
           GBL_I =  2.0320007503E+00                                                      
           GBL_II =  2.0626229518E+00                                                     
           GBL_III =  2.0320337716E+00 =  7.0946025793E-01 +  1.3225735136E+00            
           GBL_IV =  2.0626562049E+00 =  7.4008449473E-01 +  1.3225717101E+00             

CP# 10     Coords =  3.04880687661773E-02  7.64884634147918E-01 -1.07852580058675E+00
           Type = (3,-1) BCP C1 H3
           Rho =  2.9633243847E-01
           GradRho = -2.5153490402E-17  5.3776427755E-17 -1.2490009027E-16
           HessRho_EigVals = -8.5306187195E-01 -8.1306047706E-01  4.7410705486E-01
           HessRho_EigVec1 =  9.1387678169E-01  3.1062920013E-01  2.6141677054E-01
           HessRho_EigVec2 = -4.0476686088E-01  7.4708676020E-01  5.2728091287E-01
           HessRho_EigVec3 = -3.1512159954E-02 -5.8768262929E-01  8.0847765028E-01
           DelSqRho = -1.1920152942E+00
           Bond Ellipticity =  4.9198547979E-02
           V = -3.7186437647E-01
           G =  3.6930276465E-02
           K =  3.3493410000E-01
           L =  2.9800382354E-01
           Vnuc =  1.1338139287E+01
           Ven = -3.3598584626E+00
           Vrep =  2.9879940861E+00
           DelSqV = -1.8016113397E+00
           DelSqVen =  1.3515235437E+01
           DelSqVrep = -1.5316846777E+01
           DelSqG =  1.8184925893E+00
           DelSqK = -1.6881249674E-02
           Stress_EigVals = -2.4424256714E-01 -2.3738817218E-01  1.0976636285E-01
           Stress_EigVec1 = -4.0622605043E-01  7.4650858777E-01  5.2697753685E-01
           Stress_EigVec2 =  9.1320470128E-01  3.1133163103E-01  2.6292544395E-01
           Stress_EigVec3 = -3.2211325791E-02 -5.8804552878E-01  8.0818617074E-01
           -DivStress = -2.6855016439E-03 -6.2668845137E-02  9.3087811935E-02
           ESP =   8.3288404851E-01
           ESPe = -1.0505255238E+01
           ESPn =  1.1338139287E+01
           BPL =  2.0323668815E+00 =  1.3229057826E+00 +  7.0946109894E-01                
           GBL_I =  2.0320007503E+00                                                      
           GBL_II =  2.0626229518E+00                                                     
           GBL_III =  2.0320337716E+00 =  1.3225735136E+00 +  7.0946025793E-01            
           GBL_IV =  2.0626562049E+00 =  1.3225717101E+00 +  7.4008449473E-01             

CP# 11     Coords =  1.08184288839961E+00 -9.81728465775040E-01  1.43705957380215E-14
           Type = (3,-1) BCP C4 C1
           Rho =  2.6194611782E-01
           GradRho = -4.8572257328E-17 -7.9797279894E-17 -2.6268684976E-19
           HessRho_EigVals = -5.3898563546E-01 -5.1656158416E-01  3.4283089383E-01
           HessRho_EigVec1 =  6.6210197836E-01  7.4941375104E-01  3.0536989556E-12
           HessRho_EigVec2 = -2.0532973112E-12 -2.2607094430E-12  1.0000000000E+00
           HessRho_EigVec3 =  7.4941375104E-01 -6.6210197836E-01  4.1949045341E-14
           DelSqRho = -7.1271632579E-01
           Bond Ellipticity =  4.3410218619E-02
           V = -2.9900915381E-01
           G =  6.0415036179E-02
           K =  2.3859411763E-01
           L =  1.7817908145E-01
           Vnuc =  1.2801972801E+01
           Ven = -3.3534270757E+00
           Vrep =  3.0544179219E+00
           DelSqV = -1.3509372773E+00
           DelSqVen =  9.1241750178E+00
           DelSqVrep = -1.0475112295E+01
           DelSqG =  1.2148027841E+00
           DelSqK =  1.3613449317E-01
           Stress_EigVals = -1.8732139633E-01 -1.8466051395E-01  7.2972756467E-02
           Stress_EigVec1 =  4.4298478340E-12  5.1588876701E-12  1.0000000000E+00
           Stress_EigVec2 =  6.5965312396E-01  7.5157019370E-01 -6.7994291678E-12
           Stress_EigVec3 =  7.5157019370E-01 -6.5965312396E-01  7.3734773096E-14
           -DivStress =  4.2854998099E-02 -3.2656673496E-02  2.4910260845E-14
           ESP =   6.7234370195E-01
           ESPe = -1.2129629099E+01
           ESPn =  1.2801972801E+01
           BPL =  2.8492488122E+00 =  1.3879721002E+00 +  1.4612767121E+00                
           GBL_I =  2.8487604135E+00                                                      
           GBL_II =  2.8487593626E+00                                                     
           GBL_III =  2.8488456581E+00 =  1.3879627946E+00 +  1.4608828635E+00            
           GBL_IV =  2.8488446437E+00 =  1.3879631236E+00 +  1.4608815201E+00             

CP# 12     Coords =  2.06364660493697E+00 -2.65048814211841E+00  1.05928026316272E+00
           Type = (3,-1) BCP H5 C4
           Rho =  2.8569394237E-01
           GradRho = -1.1275702594E-16  1.9949319974E-17 -6.5919492087E-17
           HessRho_EigVals = -7.6752855739E-01 -7.6379869978E-01  4.2760376993E-01
           HessRho_EigVec1 =  6.7397396810E-01 -6.1438668723E-01 -4.1022931255E-01
           HessRho_EigVec2 =  7.3769385946E-01  5.2995250066E-01  4.1827995022E-01
           HessRho_EigVec3 = -3.9583582925E-02 -5.8453344267E-01  8.1040347628E-01
           DelSqRho = -1.1037234872E+00
           Bond Ellipticity =  4.8832992441E-03
           V = -3.6770538842E-01
           G =  4.5887258302E-02
           K =  3.2181813011E-01
           L =  2.7593087181E-01
           Vnuc =  1.0688086521E+01
           Ven = -3.0535215746E+00
           Vrep =  2.6858161861E+00
           DelSqV = -1.4744634973E+00
           DelSqVen =  1.1796692127E+01
           DelSqVrep = -1.3271155624E+01
           DelSqG =  1.7467172681E+00
           DelSqK = -2.7225377082E-01
           Stress_EigVals = -2.3429308409E-01 -2.3289442500E-01  9.9482120676E-02
           Stress_EigVec1 = -4.3509178257E-01 -7.2009637625E-01 -5.4051489309E-01
           Stress_EigVec2 =  8.9946162662E-01 -3.7481018451E-01 -2.2469113873E-01
           Stress_EigVec3 = -4.0791212036E-02 -5.8393367303E-01  8.1077588921E-01
           -DivStress =  8.7900898188E-03  8.2855226521E-02 -1.2050276568E-01
           ESP =   8.2602474278E-01
           ESPe = -9.8620617781E+00
           ESPn =  1.0688086521E+01
           BPL =  2.0281405473E+00 =  7.2757422924E-01 +  1.3005663180E+00                
           GBL_I =  2.0280513660E+00                                                      
           GBL_II =  2.0583013225E+00                                                     
           GBL_III =  2.0280761378E+00 =  7.2757398415E-01 +  1.3005021536E+00            
           GBL_IV =  2.0583273371E+00 =  7.5782544554E-01 +  1.3005018916E+00             

CP# 13     Coords =  2.06364660493702E+00 -2.65048814211846E+00 -1.05928026316272E+00
           Type = (3,-1) BCP C4 H6
           Rho =  2.8569394237E-01
           GradRho =  6.9822619908E-17  5.3776427755E-17  6.2450045135E-17
           HessRho_EigVals = -7.6752855739E-01 -7.6379869978E-01  4.2760376993E-01
           HessRho_EigVec1 =  6.7397396811E-01 -6.1438668723E-01  4.1022931254E-01
           HessRho_EigVec2 =  7.3769385946E-01  5.2995250067E-01 -4.1827995023E-01
           HessRho_EigVec3 =  3.9583582925E-02  5.8453344267E-01  8.1040347628E-01
           DelSqRho = -1.1037234872E+00
           Bond Ellipticity =  4.8832992441E-03
           V = -3.6770538842E-01
           G =  4.5887258302E-02
           K =  3.2181813011E-01
           L =  2.7593087181E-01
           Vnuc =  1.0688086521E+01
           Ven = -3.0535215746E+00
           Vrep =  2.6858161861E+00
           DelSqV = -1.4744634973E+00
           DelSqVen =  1.1796692127E+01
           DelSqVrep = -1.3271155624E+01
           DelSqG =  1.7467172681E+00
           DelSqK = -2.7225377082E-01
           Stress_EigVals = -2.3429308409E-01 -2.3289442500E-01  9.9482120676E-02
           Stress_EigVec1 = -4.3509178257E-01 -7.2009637625E-01  5.4051489310E-01
           Stress_EigVec2 =  8.9946162662E-01 -3.7481018451E-01  2.2469113873E-01
           Stress_EigVec3 =  4.0791212036E-02  5.8393367303E-01  8.1077588921E-01
           -DivStress =  8.7900898188E-03  8.2855226521E-02  1.2050276568E-01
           ESP =   8.2602474274E-01
           ESPe = -9.8620617781E+00
           ESPn =  1.0688086521E+01
           BPL =  2.0281405473E+00 =  1.3005663180E+00 +  7.2757422924E-01                
           GBL_I =  2.0280513660E+00                                                      
           GBL_II =  2.0583013225E+00                                                     
           GBL_III =  2.0280761378E+00 =  1.3005021536E+00 +  7.2757398415E-01            
           GBL_IV =  2.0583273371E+00 =  1.3005018916E+00 +  7.5782544554E-01             

CP# 14     Coords =  3.26121878087278E+00 -1.27356306558112E+00  3.80412910080844E-14
           Type = (3,-1) BCP H7 C4
           Rho =  2.8276785738E-01
           GradRho =  8.1532003380E-17 -7.6327832938E-17  4.6073638045E-18
           HessRho_EigVals = -7.5160712146E-01 -7.4918414386E-01  4.1782160288E-01
           HessRho_EigVec1 = -4.7350386681E-01  8.8079173936E-01  4.7353068754E-15
           HessRho_EigVec2 = -2.4603250435E-14 -1.8602628022E-14  1.0000000000E+00
           HessRho_EigVec3 =  8.8079173936E-01  4.7350386681E-01  3.0478756046E-14
           DelSqRho = -1.0829696624E+00
           Bond Ellipticity =  3.2341549505E-03
           V = -3.6481688200E-01
           G =  4.7037233193E-02
           K =  3.1777964880E-01
           L =  2.7074241561E-01
           Vnuc =  1.0441501277E+01
           Ven = -2.9525209438E+00
           Vrep =  2.5877040618E+00
           DelSqV = -1.3824442814E+00
           DelSqVen =  1.1307829113E+01
           DelSqVrep = -1.2690273394E+01
           DelSqG =  1.7217842538E+00
           DelSqK = -3.3933997241E-01
           Stress_EigVals = -2.3200940914E-01 -2.2990976588E-01  9.7102293032E-02
           Stress_EigVec1 =  7.6326424765E-14  5.8127341572E-14  1.0000000000E+00
           Stress_EigVec2 = -4.7495854197E-01  8.8000817235E-01 -1.4900648200E-14
           Stress_EigVec3 =  8.8000817235E-01  4.7495854197E-01 -9.4775954962E-14
           -DivStress = -1.3512533177E-01 -7.7080991049E-02 -1.7140049293E-13
           ESP =   8.3183182894E-01
           ESPe = -9.6096694476E+00
           ESPn =  1.0441501277E+01
           BPL =  2.0311525272E+00 =  7.3353511892E-01 +  1.2976174083E+00                
           GBL_I =  2.0310854573E+00                                                      
           GBL_II =  2.0610954671E+00                                                     
           GBL_III =  2.0311174397E+00 =  7.3353371287E-01 +  1.2975837268E+00            
           GBL_IV =  2.0611301847E+00 =  7.6354627073E-01 +  1.2975839140E+00             

CP# 15     Coords = -7.60343816544846E-01 -4.05821853203607E-01 -9.91310564260208E-15
           Type = (3,-1) BCP C1 F8
           Rho =  2.3829445219E-01
           GradRho =  3.5943470422E-15  1.7416623699E-15  1.8028629039E-18
           HessRho_EigVals = -4.2457547500E-01 -4.1018179879E-01  8.9122735958E-01
           HessRho_EigVec1 = -4.7464623840E-01  8.8017665748E-01 -1.9827473690E-12
           HessRho_EigVec2 = -8.8732753771E-13  1.7741673535E-12  1.0000000000E+00
           HessRho_EigVec3 =  8.8017665748E-01  4.7464623840E-01 -6.1096874397E-14
           DelSqRho =  5.6470085793E-02
           Bond Ellipticity =  3.5090967602E-02
           V = -6.8209931780E-01
           G =  3.4810841962E-01
           K =  3.3399089818E-01
           L = -1.4117521448E-02
           Vnuc =  1.5408742048E+01
           Ven = -3.6718177454E+00
           Vrep =  2.9897184276E+00
           DelSqV = -9.9338695008E+00
           DelSqVen = -8.7013298542E-01
           DelSqVrep = -9.0637365154E+00
           DelSqG =  1.4170731613E+01
           DelSqK = -4.2368621118E+00
           Stress_EigVals = -3.1807657716E-01 -3.1414336379E-01 -4.9879376851E-02
           Stress_EigVec1 =  0.0000000000E+00  0.0000000000E+00  1.0000000000E+00
           Stress_EigVec2 = -4.6846452313E-01  8.8348230914E-01  0.0000000000E+00
           Stress_EigVec3 =  8.8348230914E-01  4.6846452313E-01  0.0000000000E+00
           -DivStress =  8.4867294942E-01  4.5271401113E-01  6.9808060452E-14
           ESP =   1.8558443211E+00
           ESPe = -1.3552897727E+01
           ESPn =  1.5408742048E+01
           BPL =  2.6262210183E+00 =  8.6186265167E-01 +  1.7643583666E+00                
           GBL_I =  2.6262080986E+00                                                      
           GBL_II =  2.6262184980E+00                                                     
           GBL_III =  2.6262081710E+00 =  8.6186129643E-01 +  1.7643468746E+00            
           GBL_IV =  2.6262185702E+00 =  8.6186663463E-01 +  1.7643519356E+00             

Number of NACPs  =      8
Number of NNACPs =      0
Number of BCPs   =      7
Number of RCPs   =      0
Number of CCPs   =      0
NumNACP + NumNNACP - NumBCP + NumRCP - NumCCP =      1
Poincare-Hopf Relationship is Satisfied

Bond Path Angles and Corresponding Geometric Bond Angles:
--------------------------------------------------------
  BPA     = A-B-C Bond Path Angle
  GBA_I   = A-B-C Geometric Bond Angle in Terms of Nuclear Attractors
  GBA_II  = A-B-C Geometric Bond Angle in Terms of Nuclei
  GBA_III = A-B-C Geometric Bond Angle in Terms of A|B and C|B BCPs and Nuclear Attractor B
  GBA_IV  = A-B-C Geometric Bond Angle in Terms of A|B and C|B BCPs and Nucleus B
-------------------------------------------------------------------------------------------------
Atom A    Atom B    Atom C        BPA          GBA_I         GBA_II       GBA_III       GBA_IV
-------------------------------------------------------------------------------------------------
H3        C1        H2        111.85970031  108.83804898  108.82746502  109.26873647  109.26895663
C4        C1        H2        113.27994913  111.63870245  111.64330220  111.81252988  111.81272111
C4        C1        H3        113.27994913  111.63870245  111.64330220  111.81252988  111.81272111
H5        C4        C1        109.54884457  110.73585081  110.74299025  110.30937633  110.30937165
H6        C4        C1        109.54884457  110.73585081  110.74299025  110.30937633  110.30937165
H6        C4        H5        109.95452667  108.75607302  108.74131082  109.07913478  109.07916720
H7        C4        C1        109.60440876  109.66395648  109.67717668  109.87693954  109.87690798
