AIMSum (Version 19.10.12, Professional)
Copyright (c) 1997-2019 by Todd A. Keith
AIMSum is a component of the AIMAll package ( http://aim.tkgristmill.com )

TP:  64-bit Mac OS X

Much of the Quantum Theory of Atoms in Molecules (QTAIM) is described in the book:
  "Atoms in Molecules - A Quantum Theory"
  R.F.W. Bader, Oxford University Press, Oxford, 1990

For additional references see:  http://aim.tkgristmill.com/references.html

Wfx File:  /Users/chemlab/Documents/SubstituentCoding/BCP Map Reference/BCPMapReference/SubH_NHCHO_wb97xd_aug-cc-pvtz.wfx
Sum File:  /Users/chemlab/Documents/SubstituentCoding/BCP Map Reference/BCPMapReference/SubH_NHCHO_wb97xd_aug-cc-pvtz.sum

SumViz File:  /Users/chemlab/Documents/SubstituentCoding/BCP Map Reference/BCPMapReference/SubH_NHCHO_wb97xd_aug-cc-pvtz.sumviz

Wfx Title:   Title Card Required                                                           
 
Total memory allocated for AIMSum =        0.380 Megabytes

Atomic units (a.u.) used throughout, except where stated otherwise

Model:  Restricted SCF
 
Restricted, closed-shell, single-determinant wavefunction.
  Number of electrons (from MO Occs)                   =          24.0000000000
  Number of Alpha electrons (from MO Occs)             =          12.0000000000
  Number of Beta electrons (from MO Occs)              =          12.0000000000
  Number of electron pairs (N*(N-1)/2)                 =         276.0000000000
  Number of electron pairs (from Muller 2EDM)          =         276.0000000000
 
Nuclear Charges and Cartesian Coordinates:
-------------------------------------------------------------------------------
Atom      Charge                X                  Y                  Z
-------------------------------------------------------------------------------
N1         7.0          -2.0382203524E+00  -2.9671811347E-01   1.9782438105E-05
H2         1.0          -3.5879085240E+00   7.9067544825E-01   1.5521857954E-04
C3         6.0           3.0538729754E-01   7.2918158907E-01   3.8160357782E-05
O4         8.0           2.2476106167E+00  -4.6456324048E-01  -7.3407684208E-05
H5         1.0           2.6813304997E-01   2.8139012485E+00   1.2574025364E-05
H6         1.0          -2.2258907777E+00  -2.1861335130E+00   5.2029655339E-05
 
Some Atomic Properties:
----------------------
  q(A) = Net Charge of Atom A
  L(A) = Lagrangian of Atom A = -(1/4) Times Atomic Integral of the Laplacian of the Electron Density
  K(A) = Electronic Kinetic Energy of Atom A (Hamiltonian Form)
  K_Scaled(A) = K(A) * E(Mol)/K(Mol) = Approximation to Virial-Based Total Energy of Atom A.
  |Mu_Intra(A)| = Magnitude of Intraatomic Dipole Moment of Atom A
--------------------------------------------------------------------------------------------------
Atom A          q(A)              L(A)              K(A)          K_Scaled(A)      |Mu_Intra(A)|
--------------------------------------------------------------------------------------------------
N1       -1.2290567854E+00 -4.1564209238E-05  5.5055618323E+01 -5.5367755160E+01  1.4987770718E-01
H2        4.1847407032E-01  4.8679832437E-06  4.5495526481E-01 -4.5753462549E-01  1.6925345031E-01
C3        1.5617776023E+00  1.1777227129E-04  3.6877399891E+01 -3.7086475646E+01  7.6380886263E-01
O4       -1.2033932728E+00  2.0812617090E-05  7.5503459315E+01 -7.5931524818E+01  4.8270659766E-01
H5        2.2289736890E-02  2.0960755671E-05  6.1289711047E-01 -6.1637191960E-01  1.4499937059E-01
H6        4.3002950251E-01  2.4048549124E-05  4.4706142002E-01 -4.4959602669E-01  1.6609174105E-01
--------------------------------------------------------------------------------------------------
Total     1.2085382000E-04  1.4689796718E-04  1.6895139132E+02 -1.6990925820E+02
 
1st Largest |L(A)| = 1.1777227129E-04, atom C3      
2nd Largest |L(A)| = 4.1564209238E-05, atom N1      
 
Molecular charge q(Mol) from the wfx file:   0.0000000000E+00
Molecular energy E(Mol) from the wfx file:  -1.6990922806E+02
Molecular virial ratio (-V(Mol)/T(Mol)) from the wfx file:   2.0056694820E+00
Full molecular virial ratio ((-V(Mol)+W(Mol))/T(Mol)) from the wfx file:   2.0056686777E+00
Note.  K_Scaled(A) = (1+V(Mol)/T(Mol))*K(A) = (E(Mol)/T(Mol))*K(A)
       Only use K_Scaled(A) data with caution.
 
N_AIMInt(SumA)     =         23.999879
N_Analytic(Mol)    =         24.000000
 
G_AIMInt(SumA)     =        168.951244
G_Analytic(Mol)    =        168.951361
 
K_AIMInt(SumA)     =        168.951391
K_Analytic(Mol)    =        168.951361
 
L_AIMInt(SumA)     =          0.000147
L_Analytic(Mol)    =          0.000000
 
VenT_AIMInt(SumA)  =       -541.458922
VenT_Analytic(Mol) =       -541.459801
 
Some Information About the Atomic Calculations:
----------------------------------------------
  Time(sec) = "Elapsed User Time", in Seconds, for Atom A by AIMInt and, if used, by TWOe
  NProc = Number of Processors Used for AIMInt Job
  BIM = Basin Integration Method
  OAQ = Angular Quadrature Outside of Beta Sphere
  ORQ = Multiple of Default for Radial Quadrature Outside of Beta Sphere
  IAQ = Multiple of Default for Angular Quadrature Inside of Beta Sphere
  IRQ = Multiple of Default for Radial Quadrature Inside of Beta Sphere
  MIR = Maximum Integration Radius
------------------------------------------------------------------------------------------------------
Atom A     Time(sec)   NProc      BIM          OAQ                     ORQ      IAQ      IRQ      MIR
------------------------------------------------------------------------------------------------------
N1             55        2     Proaim(5)    4500(GS4)                  1.00     1.00     1.00    13.00
H2             18        2     Proaim(5)    1800(GS4)                  1.00     1.00     1.00    13.00
C3             51        2     Proaim(5)    4500(GS4)                  1.00     1.00     1.00    13.00
O4             30        2     Proaim(5)    2700(GS4)                  1.00     1.00     1.00    13.00
H5             21        2     Proaim(5)    1800(GS4)                  1.00     1.00     1.00    13.00
H6             15        2     Proaim(5)    1800(GS4)                  1.00     1.00     1.00    13.00
------------------------------------------------------------------------------------------------------
Total         190
Note:  Total wall clock time is less than total of atomic times if more than one atom
       was calculated at a time
 
Electron Density Critical Point Analysis of Molecular Structure:               
---------------------------------------------------------------                
  NACP = Nuclear Attractor Critical Point                                      
  NNACP = Non-Nuclear Attractor Critical Point                                 
  BCP = Bond Critical Point                                                    
  RCP = Ring Critical Point                                                    
  CCP = Cage Critical Point                                                    
  Rho = Electron Density                                                       
  GradRho = Gradient of Electron Density                                       
  HessRho_EigVals = Eigenvalues of the Hessian of Rho, Ascending Order         
  HessRho_EigVecs = Eigenvectors of the Hessian of Rho                         
  DelSqRho = Laplacian of Rho = Trace of Hessian of Rho                        
  Bond Ellipticity = (HessRho_EigVal(1) / HessRho_EigVal(2)) - 1               
  V = Virial Field = Potential Energy Density = Trace of Stress Tensor         
  G = Lagrangian Form of Kinetic Energy Density                                
  K = Hamiltonian Form of Kinetic Energy Density                               
  L = K - G = Lagrangian Density = (-1/4)DelSqRho                              
  Vnuc = Electrostatic Potential from Nuclei                                   
  Ven = Electron-nuclear attractive contribution to Virial Field V             
  Vrep = V - Ven = Repulsive contribution to Virial Field V                    
  DelSqV = Laplacian of V                                                      
  DelSqVen = Laplacian of Ven                                                  
  DelSqVrep = Laplacian of Vrep                                                
  DelSqG = Laplacian of G                                                      
  DelSqK = Laplacian of K                                                      
  Stress_EigVals = Eigenvalues of Stress Tensor, Ascending Order               
  Stress_EigVecs = Eigenvectors of Stress Tensor                               
  -DivStress = Ehrenfest Force Density = Minus Divergence of Stress Tensor     
  ESP = Total Electrostatic Potential                                          
  ESPe = Electrostatic Potential from Electrons                                
  ESPn = Electrostatic Potential from Nuclei                                   
  BP = Bond Path                                                               
  BPL = Bond Path Length                                                       
  GBL = Geometric Bond Length                                                  
  GBL_I = Distance Between Nuclear Attractors                                  
  GBL_II = Distance Between Nuclei                                             
  GBL_III = Sum of Distances Between BCP and Nuclear Attractors                
  GBL_IV = Sum of Distances Between BCP and Nuclei                             

CP# 1      Coords = -2.03822073775748E+00 -2.96718094144163E-01  1.97831598860725E-05
           Type = (3,-3) NACP N1
           Rho =  1.9584956965E+02     Rho at Nucleus =  1.9584956960E+02
           GradRho = -1.0724898747E-10  9.5085050944E-12  4.0439651411E-13
           HessRho_EigVals = -5.5231361207E+05 -5.5231318584E+05 -5.5230309097E+05
           HessRho_EigVec1 =  9.8126832818E-01  1.9264596478E-01 -1.9192981612E-05
           HessRho_EigVec2 = -1.9264596417E-01  9.8126832803E-01  2.9722216422E-05
           HessRho_EigVec3 =  2.4559330035E-05 -2.5468019170E-05  9.9999999937E-01
           DelSqRho = -1.6569298889E+06
           Bond Ellipticity = NA
           V = -4.1428382724E+05
           G =  2.5677510140E+01
           K =  4.1425814973E+05
           L =  4.1423247222E+05
           Vnuc =  1.8142496102E+07
           Ven = -3.5532000538E+09
           Vrep =  3.5527857700E+09
           DelSqV =  3.4542409006E+10
           DelSqVen =  3.0060824232E+13
           DelSqVrep = -3.0026273434E+13
           DelSqG =  1.1683205720E+09
           DelSqK = -3.5710729578E+10
           Stress_EigVals = -1.3809609866E+05 -1.3809387974E+05 -1.3809384883E+05
           Stress_EigVec1 =  2.4125923967E-05 -2.6460892165E-05  9.9999999936E-01
           Stress_EigVec2 =  5.8403848872E-01  8.1172596585E-01  7.3885250818E-06
           Stress_EigVec3 =  8.1172596553E-01 -5.8403848817E-01 -3.5037818404E-05
           -DivStress =  4.3470086087E+03 -2.2629042557E+02 -8.1625811996E+00
           ESP =  -1.8341535126E+01     ESP at Nucleus =  -1.8341535129E+01
           ESPe = -2.3865153103E+01     ESPe at Nucleus = -2.3865153508E+01
           ESPn =  5.5236179772E+00     ESPn at Nucleus =  5.5236183794E+00

CP# 2      Coords = -3.55261840550536E+00  7.66137924687746E-01  1.52285255798842E-04
           Type = (3,-3) NACP H2
           Rho =  4.3152557651E-01     Rho at Nucleus =  4.2438243665E-01
           GradRho =  7.9141554421E-14 -5.4230925306E-14 -6.4611673217E-18
           HessRho_EigVals = -8.5173306572E+00 -8.4926579439E+00 -7.1888438398E+00
           HessRho_EigVec1 =  5.7142426030E-01  8.2065480850E-01  5.6174405309E-06
           HessRho_EigVec2 =  5.3827129437E-05 -4.4325053315E-05  9.9999999757E-01
           HessRho_EigVec3 =  8.2065480675E-01 -5.7142425861E-01 -6.9501903403E-05
           DelSqRho = -2.4198832441E+01
           Bond Ellipticity = NA
           V = -6.0878530530E+00
           G =  1.9072471376E-02
           K =  6.0687805816E+00
           L =  6.0497081102E+00
           Vnuc =  3.0492833032E+01
           Ven = -1.3158437354E+01
           Vrep =  7.0705843006E+00
           DelSqV =  1.5101266881E+03
           DelSqVen =  7.3789095720E+02
           DelSqVrep =  7.7223573089E+02
           DelSqG =  1.1445538190E+02
           DelSqK = -1.6245820700E+03
           Stress_EigVals = -2.1464028130E+00 -2.1391775039E+00 -1.8022727360E+00
           Stress_EigVec1 =  6.0335441946E-05 -3.3660166558E-05  9.9999999761E-01
           Stress_EigVec2 =  5.7224951722E-01  8.2007956321E-01 -6.9229128530E-06
           Stress_EigVec3 =  8.2007956102E-01 -5.7224951628E-01 -6.8741876939E-05
           -DivStress = -1.7795090705E+01  1.2378209646E+01  1.4788902528E-03
           ESP =  -9.9870870579E-01     ESP at Nucleus =  -1.0010640843E+00
           ESPe = -8.2261789242E+00     ESPe at Nucleus = -8.1149292288E+00
           ESPn =  7.2274702184E+00     ESPn at Nucleus =  7.1138651444E+00

CP# 3      Coords =  3.05385066392602E-01  7.29180248704364E-01  3.81603843966716E-05
           Type = (3,-3) NACP C3
           Rho =  1.2113208585E+02     Rho at Nucleus =  1.2113208500E+02
           GradRho = -6.6051608627E-12  2.3203661215E-13  5.1645970486E-16
           HessRho_EigVals = -2.4867493368E+05 -2.4867246836E+05 -2.4867118324E+05
           HessRho_EigVec1 =  3.9419219074E-05 -1.6933993925E-05  9.9999999908E-01
           HessRho_EigVec2 =  9.0468441844E-01  4.2608227167E-01 -2.8446678710E-05
           HessRho_EigVec3 = -4.2608227080E-01  9.0468441872E-01  3.2115750856E-05
           DelSqRho = -7.4601858528E+05
           Bond Ellipticity = NA
           V = -1.8651925133E+05
           G =  7.3025071726E+00
           K =  1.8651194883E+05
           L =  1.8650464632E+05
           Vnuc =  2.3052103735E+06
           Ven = -2.7923494085E+08
           Vrep =  2.7904842160E+08
           DelSqV =  1.1220917372E+10
           DelSqVen =  1.7197297582E+12
           DelSqVrep = -1.7085088408E+12
           DelSqG =  3.8291005759E+08
           DelSqK = -1.1603827430E+10
           Stress_EigVals = -6.2173647932E+04 -6.2173226678E+04 -6.2172376724E+04
           Stress_EigVec1 = -6.2933343683E-01  7.7713539625E-01  3.4372646802E-05
           Stress_EigVec2 =  7.7713539617E-01  6.2933343759E-01 -1.8556346390E-05
           Stress_EigVec3 =  3.6052649576E-05 -1.5034071241E-05  9.9999999924E-01
           -DivStress =  8.1988938029E+03  4.9159947763E+03 -9.8550377406E-02
           ESP =  -1.4659923485E+01     ESP at Nucleus =  -1.4659923505E+01
           ESPe = -2.1900691504E+01     ESPe at Nucleus = -2.1900690597E+01
           ESPn =  7.2407680194E+00     ESPn at Nucleus =  7.2407670914E+00

CP# 4      Coords =  2.24760424089533E+00 -4.64559735885178E-01 -7.34072594917464E-05
           Type = (3,-3) NACP O4
           Rho =  2.9805857462E+02     Rho at Nucleus =  2.9805854517E+02
           GradRho = -2.3794299864E-11  1.6386891843E-13  2.5088438271E-15
           HessRho_EigVals = -1.1125817389E+06 -1.1125777956E+06 -1.1125552253E+06
           HessRho_EigVec1 = -4.8850094813E-05  2.6643873150E-05  9.9999999845E-01
           HessRho_EigVec2 =  8.5403906513E-01 -5.2020887357E-01  5.5580268631E-05
           HessRho_EigVec3 =  5.2020887424E-01  8.5403906653E-01  2.6573442792E-06
           DelSqRho = -3.3377147598E+06
           Bond Ellipticity = NA
           V = -8.3455993461E+05
           G =  6.5622337051E+01
           K =  8.3449431228E+05
           L =  8.3442868994E+05
           Vnuc =  1.0995882197E+06
           Ven = -3.2774169742E+08
           Vrep =  3.2690713749E+08
           DelSqV =  9.3317583691E+10
           DelSqVen =  3.6701118351E+12
           DelSqVrep = -3.5767942514E+12
           DelSqG =  3.1152071101E+09
           DelSqK = -9.6432790801E+10
           Stress_EigVals = -2.7819081038E+05 -2.7818482464E+05 -2.7818429960E+05
           Stress_EigVec1 =  5.1548578306E-01  8.5689813131E-01  2.8331544162E-06
           Stress_EigVec2 =  8.5689812036E-01 -5.1548577700E-01  1.5826201148E-04
           Stress_EigVec3 = -1.3707487270E-04  7.9154092221E-05  9.9999998747E-01
           -DivStress =  1.9476322751E+05 -1.0706022782E+05 -1.2974866177E+01
           ESP =  -2.2375638206E+01     ESP at Nucleus =  -2.2375638508E+01
           ESPe = -2.7276827823E+01     ESPe at Nucleus = -2.7276816431E+01
           ESPn =  4.9011896179E+00     ESPn at Nucleus =  4.9011779232E+00

CP# 5      Coords =  2.67673854270684E-01  2.78346085570270E+00  1.31963583701017E-05
           Type = (3,-3) NACP H5
           Rho =  4.4033440939E-01     Rho at Nucleus =  4.3643554672E-01
           GradRho = -5.5431353951E-14 -4.3534539580E-12  8.7954207177E-17
           HessRho_EigVals = -8.9232498047E+00 -8.9041438293E+00 -8.1250886572E+00
           HessRho_EigVec1 =  9.9999831830E-01 -1.8338791668E-03 -1.7055657373E-05
           HessRho_EigVec2 =  1.7091038175E-05  1.9277205234E-05  9.9999999967E-01
           HessRho_EigVec3 =  1.8338788374E-03  9.9999831826E-01 -1.9308515715E-05
           DelSqRho = -2.5952482291E+01
           Bond Ellipticity = NA
           V = -6.5010356292E+00
           G =  6.4575282002E-03
           K =  6.4945781010E+00
           L =  6.4881205728E+00
           Vnuc =  4.0100222232E+01
           Ven = -1.7657507673E+01
           Vrep =  1.1156472044E+01
           DelSqV =  1.6714191733E+03
           DelSqVen =  1.0407003074E+03
           DelSqVrep =  6.3071886597E+02
           DelSqG =  1.2795257026E+02
           DelSqK = -1.7993717436E+03
           Stress_EigVals = -2.2346322076E+00 -2.2300400710E+00 -2.0363633505E+00
           Stress_EigVec1 =  9.9998711169E-01 -5.0769952895E-03 -2.4042543783E-05
           Stress_EigVec2 =  2.4143497014E-05  1.9823156844E-05  9.9999999951E-01
           Stress_EigVec3 =  5.0769948104E-03  9.9998711178E-01 -1.9945477778E-05
           -DivStress =  2.5040736662E-01  1.6468371584E+01 -3.3850944057E-04
           ESP =  -1.0864480501E+00     ESP at Nucleus =  -1.0875345966E+00
           ESPe = -8.3393201543E+00     ESPe at Nucleus = -8.2703850037E+00
           ESPn =  7.2528721042E+00     ESPn at Nucleus =  7.1828504071E+00

CP# 6      Coords = -2.22201825553960E+00 -2.14306544439515E+00  5.14276274007893E-05
           Type = (3,-3) NACP H6
           Rho =  4.2707918941E-01     Rho at Nucleus =  4.1993581443E-01
           GradRho =  1.3253287356E-15  9.4542429441E-16 -2.8799120207E-20
           HessRho_EigVals = -8.4223373278E+00 -8.3988968652E+00 -7.0963620841E+00
           HessRho_EigVec1 =  9.9565490733E-01 -9.3119840390E-02 -2.9063107896E-05
           HessRho_EigVec2 =  3.0343101322E-05  1.2329809093E-05  9.9999999946E-01
           HessRho_EigVec3 =  9.3119839982E-02  9.9565490767E-01 -1.5101779682E-05
           DelSqRho = -2.3917596277E+01
           Bond Ellipticity = NA
           V = -6.0157668652E+00
           G =  1.8183897975E-02
           K =  5.9975829672E+00
           L =  5.9793990693E+00
           Vnuc =  3.0631520130E+01
           Ven = -1.3082084787E+01
           Vrep =  7.0663179220E+00
           DelSqV =  1.4910541333E+03
           DelSqVen =  7.3263233181E+02
           DelSqVrep =  7.5842180147E+02
           DelSqG =  1.1295907581E+02
           DelSqK = -1.6040132091E+03
           Stress_EigVals = -2.1213404810E+00 -2.1150211796E+00 -1.7794052046E+00
           Stress_EigVec1 =  4.0435192923E-05  1.0878673555E-05  9.9999999912E-01
           Stress_EigVec2 =  9.9581520697E-01 -9.1389671286E-02 -3.9271781644E-05
           Stress_EigVec3 =  9.1389670778E-02  9.9581520769E-01 -1.4528507547E-05
           -DivStress = -1.9247640779E+00 -2.1462827539E+01  2.9991226692E-04
           ESP =  -1.0032004306E+00     ESP at Nucleus =  -1.0055516010E+00
           ESPe = -8.5089592092E+00     ESPe at Nucleus = -8.3997367641E+00
           ESPn =  7.5057587786E+00     ESPn at Nucleus =  7.3941851631E+00

CP# 7      Coords = -5.38981819147728E-01  3.55964476348658E-01  3.91094631633415E-05
           Type = (3,-1) BCP C3 N1
           Rho =  3.2693813288E-01
           GradRho =  9.0205620751E-17 -8.3266726847E-17 -1.6940658945E-20
           HessRho_EigVals = -7.5651553389E-01 -6.7552254400E-01  5.0412382224E-01
           HessRho_EigVec1 = -4.0523713997E-01  9.1421160561E-01  2.3753214174E-05
           HessRho_EigVec2 = -1.4357224530E-07 -2.6045824431E-05  9.9999999966E-01
           HessRho_EigVec3 =  9.1421160591E-01  4.0523713983E-01  1.0685990813E-05
           DelSqRho = -9.2791425566E-01
           Bond Ellipticity =  1.1989679783E-01
           V = -7.2613035432E-01
           G =  2.4707589520E-01
           K =  4.7905445912E-01
           L =  2.3197856391E-01
           Vnuc =  1.4573266579E+01
           Ven = -4.7645565652E+00
           Vrep =  4.0384262109E+00
           DelSqV = -5.5726580071E+00
           DelSqVen =  1.3522741810E+01
           DelSqVrep = -1.9095399817E+01
           DelSqG =  8.0175698379E+00
           DelSqK = -2.4449118308E+00
           Stress_EigVals = -3.5055847216E-01 -3.4397131102E-01 -3.1600571145E-02
           Stress_EigVec1 =  7.2357233628E-06 -4.0169668719E-05  9.9999999917E-01
           Stress_EigVec2 = -3.9087427119E-01  9.2044407898E-01  3.9802191856E-05
           Stress_EigVec3 =  9.2044407982E-01  3.9087427115E-01  9.0412112580E-06
           -DivStress =  9.5802948137E-01  4.2440668295E-01 -1.1332024269E-06
           ESP =   1.5972732788E+00
           ESPe = -1.2975993300E+01
           ESPn =  1.4573266579E+01
           BPL =  2.5583249620E+00 =  9.2317252358E-01 +  1.6351524385E+00                
           GBL_I =  2.5583110787E+00                                                      
           GBL_II =  2.5583133148E+00                                                     
           GBL_III =  2.5583202930E+00 =  9.2317140886E-01 +  1.6351488841E+00            
           GBL_IV =  2.5583225300E+00 =  9.2317399143E-01 +  1.6351485385E+00             

CP# 8      Coords = -3.19309212896842E+00  5.15696722842611E-01  1.21442199348148E-04
           Type = (3,-1) BCP N1 H2
           Rho =  3.5308763343E-01
           GradRho = -2.5500435097E-16  6.2450045135E-17  5.0821976835E-20
           HessRho_EigVals = -1.4177768162E+00 -1.3545008583E+00  7.9109070498E-01
           HessRho_EigVec1 =  5.7186926244E-01  8.2034477305E-01 -1.7289263975E-06
           HessRho_EigVec2 =  5.9514931494E-05 -3.9380800178E-05  9.9999999745E-01
           HessRho_EigVec3 =  8.2034477089E-01 -5.7186926109E-01 -7.1343432122E-05
           DelSqRho = -1.9811869695E+00
           Bond Ellipticity =  4.6715332504E-02
           V = -6.0978957205E-01
           G =  5.7246414835E-02
           K =  5.5254315722E-01
           L =  4.9529674238E-01
           Vnuc =  1.0784010186E+01
           Ven = -3.8077006357E+00
           Vrep =  3.1979110636E+00
           DelSqV =  7.3081956840E-01
           DelSqVen =  2.1365140461E+01
           DelSqVrep = -2.0634320892E+01
           DelSqG =  3.7240043809E+00
           DelSqK = -4.4548239493E+00
           Stress_EigVals = -4.0756453553E-01 -3.8924734521E-01  1.8702230869E-01
           Stress_EigVec1 =  5.7500460190E-05 -4.0804168107E-05  9.9999999751E-01
           Stress_EigVec2 =  5.7320963218E-01  8.1940876098E-01  4.7547519678E-07
           Stress_EigVec3 =  8.1940875896E-01 -5.7320963073E-01 -7.0505723032E-05
           -DivStress = -1.1609322771E+00  8.0748272609E-01  9.9005643686E-05
           ESP =   1.3574498787E+00
           ESPe = -9.4265603077E+00
           ESPn =  1.0784010186E+01
           BPL =  1.8501791485E+00 =  1.4120239811E+00 +  4.3815516747E-01                
           GBL_I =  1.8501522182E+00                                                      
           GBL_II =  1.8931344922E+00                                                     
           GBL_III =  1.8501557839E+00 =  1.4120006287E+00 +  4.3815515525E-01            
           GBL_IV =  1.8931384471E+00 =  1.4120009550E+00 +  4.8113749212E-01             

CP# 9      Coords =  9.63238686997473E-01  3.10102156811639E-01  1.25816344296766E-06
           Type = (3,-1) BCP O4 C3
           Rho =  4.2550607469E-01
           GradRho = -8.1601392310E-15  5.4331539268E-15  4.0657581468E-19
           HessRho_EigVals = -1.1502418443E+00 -1.0429334786E+00  1.8660554871E+00
           HessRho_EigVec1 =  5.2271173583E-01  8.5250949624E-01  7.1695249670E-06
           HessRho_EigVec2 =  3.8946089561E-05 -3.2289497252E-05  9.9999999872E-01
           HessRho_EigVec3 =  8.5250949538E-01 -5.2271173488E-01 -5.0080010350E-05
           DelSqRho = -3.2711983585E-01
           Bond Ellipticity =  1.0289090147E-01
           V = -1.4200625656E+00
           G =  6.6914130333E-01
           K =  7.5092126229E-01
           L =  8.1779958962E-02
           Vnuc =  1.6162216193E+01
           Ven = -6.8771211707E+00
           Vrep =  5.4570586051E+00
           DelSqV = -1.8021152937E+01
           DelSqVen =  5.2869815081E+00
           DelSqVrep = -2.3308134445E+01
           DelSqG =  3.0554493294E+01
           DelSqK = -1.2533340357E+01
           Stress_EigVals = -6.2222807966E-01 -6.1200204480E-01 -1.8583244116E-01
           Stress_EigVec1 =  2.9898949422E-05 -5.2268142925E-05  9.9999999819E-01
           Stress_EigVec2 =  5.1996235031E-01  8.5418917893E-01  2.9100554129E-05
           Stress_EigVec3 =  8.5418917891E-01 -5.1996234850E-01 -5.2716825499E-05
           -DivStress = -2.1461276049E+00  1.3581262922E+00  1.2104850128E-04
           ESP =   2.2493399675E+00
           ESPe = -1.3912876226E+01
           ESPn =  1.6162216193E+01
           BPL =  2.2799206251E+00 =  1.4999016909E+00 +  7.8001893415E-01                
           GBL_I =  2.2797435130E+00                                                      
           GBL_II =  2.2797495810E+00                                                     
           GBL_III =  2.2798972517E+00 =  1.4998986398E+00 +  7.7999861193E-01            
           GBL_IV =  2.2799033597E+00 =  1.4999059094E+00 +  7.7999745033E-01             

CP# 10     Coords =  2.73202412058410E-01  2.07830492786928E+00  2.59266471232459E-05
           Type = (3,-1) BCP H5 C3
           Rho =  2.8941553246E-01
           GradRho = -3.8163916471E-17 -2.5587171271E-17 -1.3552527156E-20
           HessRho_EigVals = -8.3049622869E-01 -8.1178893398E-01  4.9006321289E-01
           HessRho_EigVec1 =  9.9987923383E-01  1.5540841455E-02 -1.8450841408E-07
           HessRho_EigVec2 = -8.6374400712E-08  1.7429711541E-05  9.9999999985E-01
           HessRho_EigVec3 = -1.5540841456E-02  9.9987923368E-01 -1.7428948952E-05
           DelSqRho = -1.1522219498E+00
           Bond Ellipticity =  2.3044530330E-02
           V = -3.5064906526E-01
           G =  3.1296788908E-02
           K =  3.1935227635E-01
           L =  2.8805548745E-01
           Vnuc =  1.0850599612E+01
           Ven = -3.1403320643E+00
           Vrep =  2.7896829991E+00
           DelSqV = -1.8740332445E+00
           DelSqVen =  1.2502299042E+01
           DelSqVrep = -1.4376332286E+01
           DelSqG =  1.7085592109E+00
           DelSqK =  1.6547403362E-01
           Stress_EigVals = -2.3285591728E-01 -2.2648943858E-01  1.0869629060E-01
           Stress_EigVec1 =  9.9991189650E-01  1.3273970382E-02 -3.0710672091E-05
           Stress_EigVec2 =  3.0465191423E-05  1.8695592293E-05  9.9999999936E-01
           Stress_EigVec3 = -1.3273970947E-02  9.9991189680E-01 -1.8289551097E-05
           -DivStress =  3.3626742472E-03 -7.6781296440E-02 -2.5671085044E-06
           ESP =   8.3828294401E-01
           ESPe = -1.0012316668E+01
           ESPn =  1.0850599612E+01
           BPL =  2.0547238579E+00 =  7.0518807753E-01 +  1.3495357804E+00                
           GBL_I =  2.0546267175E+00                                                      
           GBL_II =  2.0850525024E+00                                                     
           GBL_III =  2.0546860748E+00 =  7.0517760010E-01 +  1.3495084747E+00            
           GBL_IV =  2.0851209762E+00 =  7.3561378827E-01 +  1.3495071879E+00             

CP# 11     Coords = -2.18050379891782E+00 -1.70998074803568E+00  4.45013375990539E-05
           Type = (3,-1) BCP N1 H6
           Rho =  3.5030448577E-01
           GradRho = -3.0531133177E-16  1.7000290065E-16  6.7762635780E-21
           HessRho_EigVals = -1.4126025178E+00 -1.3533907020E+00  7.8134197938E-01
           HessRho_EigVec1 =  9.9517193217E-01 -9.8146951736E-02 -3.5722793109E-05
           HessRho_EigVec2 =  3.7199551229E-05  1.3216469482E-05  9.9999999922E-01
           HessRho_EigVec3 =  9.8146951187E-02  9.9517193273E-01 -1.6803682030E-05
           DelSqRho = -1.9846512405E+00
           Bond Ellipticity =  4.3750718623E-02
           V = -6.0551752811E-01
           G =  5.4677358991E-02
           K =  5.5084016912E-01
           L =  4.9616281012E-01
           Vnuc =  1.1023710339E+01
           Ven = -3.8616551814E+00
           Vrep =  3.2561376533E+00
           DelSqV =  1.1420589273E+00
           DelSqVen =  2.1878220398E+01
           DelSqVrep = -2.0736161471E+01
           DelSqG =  3.6987900512E+00
           DelSqK = -4.8408489785E+00
           Stress_EigVals = -4.0305269306E-01 -3.8642131930E-01  1.8395648425E-01
           Stress_EigVec1 =  3.4580701786E-05  1.2949540203E-05  9.9999999932E-01
           Stress_EigVec2 =  9.9544841673E-01 -9.5301880998E-02 -3.3189189325E-05
           Stress_EigVec3 =  9.5301880503E-02  9.9544841720E-01 -1.6186205219E-05
           -DivStress = -1.3360125191E-01 -1.4175603382E+00  2.2337318939E-05
           ESP =   1.3579895161E+00
           ESPe = -9.6657208224E+00
           ESPn =  1.1023710339E+01
           BPL =  1.8554825387E+00 =  1.4204120464E+00 +  4.3507049229E-01                
           GBL_I =  1.8554730034E+00                                                      
           GBL_II =  1.8987129171E+00                                                     
           GBL_III =  1.8554767977E+00 =  1.4204069132E+00 +  4.3506988451E-01            
           GBL_IV =  1.8987179542E+00 =  1.4204069325E+00 +  4.7831102169E-01             

Number of NACPs  =      6
Number of NNACPs =      0
Number of BCPs   =      5
Number of RCPs   =      0
Number of CCPs   =      0
NumNACP + NumNNACP - NumBCP + NumRCP - NumCCP =      1
Poincare-Hopf Relationship is Satisfied

Bond Path Angles and Corresponding Geometric Bond Angles:
--------------------------------------------------------
  BPA     = A-B-C Bond Path Angle
  GBA_I   = A-B-C Geometric Bond Angle in Terms of Nuclear Attractors
  GBA_II  = A-B-C Geometric Bond Angle in Terms of Nuclei
  GBA_III = A-B-C Geometric Bond Angle in Terms of A|B and C|B BCPs and Nuclear Attractor B
  GBA_IV  = A-B-C Geometric Bond Angle in Terms of A|B and C|B BCPs and Nucleus B
-------------------------------------------------------------------------------------------------
Atom A    Atom B    Atom C        BPA          GBA_I         GBA_II       GBA_III       GBA_IV
-------------------------------------------------------------------------------------------------
H2        N1        C3        120.94533114  121.29642079  121.30212053  121.34930388  121.34930623
O4        C3        N1        123.16930678  124.78291133  124.78285082  123.65554682  123.65535562
H5        C3        N1        111.73670418  112.58940725  112.61732585  112.47924576  112.47916981
H5        C3        O4        125.09398896  122.62768125  122.59982316  123.86520731  123.86547446
H6        N1        C3        119.08675660  119.32595830  119.31352709  119.27454077  119.27456233
H6        N1        H2        119.96791189  119.37762060  119.38435207  119.37615500  119.37613110

Total time for electron density critical point search, analysis and connectivity = 7 sec (NProc = 4)               
 
Virial-Based Atomic Energy Components:
-------------------------------------
  Ee(A) = E(A) - W(A) = -T(A)
        = Contribution of Atom A to Electronic Energy of Molecule.
          Not additive to give molecular Ee unless molecular electronic virial theorem is satisfied.
  T(A) = Electronic Kinetic Energy of Atom A (Hamiltonian Form)
  Ven(A) = Ven(A,Mol) = VenT(A)
         = Attraction Energy Between Electron Density Distribution of Atom A and Nuclei of Molecule
  VenO(A) = Ven(A,A)
          = Attraction Energy Between Electron Density Distribution of Atom A and Nucleus of Atom A
  Vee(A) = Vee(A,A) + Vee(A,A')/2
         = Two-Electron Interaction Energy of Atom A with Itself Plus Half of Two-Electron Interaction Energy
           Between Atom A and Other Atoms of Molecule
  Vnn(A) - W(A) = Contribution of Atom A to the Nuclear Repulsion Energy of Molecule Minus
                  the Nuclear Virial of Energy-Gradient-Based Forces on Nuclei of Molecule.
                  Calculation of Vnn(A) - W(A) assumes satisfaction of the atomic virial theorem:
                       2T(A) + Ven(A) + Vee(A) + Vnn(A) - W(A) = 0
See "2EDM Note" and "DFT Note".
--------------------------------------------------------------------------------------------------------------------
Atom A         Ee(A)              T(A)             Ven(A)           VenO(A)            Vee(A)        Vnn(A) - W(A)
--------------------------------------------------------------------------------------------------------------------
N1       -5.5055618323E+01  5.5055618323E+01 -1.7982857522E+02 -1.3488361823E+02
H2       -4.5495526481E-01  4.5495526481E-01 -4.6075471191E+00 -8.9940823266E-01
C3       -3.6877399891E+01  3.6877399891E+01 -1.1413799834E+02 -8.3531457333E+01
O4       -7.5503459315E+01  7.5503459315E+01 -2.3033547818E+02 -1.8483318790E+02
H5       -6.1289711047E-01  6.1289711047E-01 -7.8625964270E+00 -1.2611711970E+00
H6       -4.4706142002E-01  4.4706142002E-01 -4.6867265264E+00 -8.8477539596E-01
--------------------------------------------------------------------------------------------------------------------
Total    -1.6895139132E+02  1.6895139132E+02 -5.4145892181E+02 -4.0629361829E+02
 
More Virial-Based Atomic Energy Components:
------------------------------------------
  E(A) = Ee(A) + W(A)
       = T(A) + Ven(A) + Vee(A) + Vnn(A) = Contribution of Atom A to Total Energy E of Molecule
         Not additive to give molecular E unless molecular virial theorem is satisfied.
  Ee(A) = E(A) - W(A) = Contribution of Atom A to Electronic Energy of Molecule
          Not additive to give molecular Ee unless molecular virial theorem is satisfied.
  W(A) = Contribution of Atom A to Nuclear Virial of Energy-Gradient-Based Forces on Nuclei of Molecule
  Vnn(A) = Contribution of Atom A to Nuclear Repulsion Energy of Molecule
           Calculation of Vnn(A) assumes satisfaction of the atomic virial theorem:
                2T(A) + Ven(A) + Vee(A) + Vnn(A) - W(A) = 0
  VeeC(A) = Coulomb Part of Vee(A)
  VeeX(A) = Exchange-Correlation Part of Vee(A)
See "2EDM Note" and "DFT Note".
--------------------------------------------------------------------------------------------------------------------
Atom A          E(A)             Ee(A)              W(A)             Vnn(A)           VeeC(A)           VeeX(A)
--------------------------------------------------------------------------------------------------------------------
N1       -5.5055632698E+01 -5.5055618323E+01 -1.4374975459E-05
H2       -4.5495938017E-01 -4.5495526481E-01 -4.1153605130E-06
C3       -3.6877435237E+01 -3.6877399891E+01 -3.5345837675E-05
O4       -7.5503457165E+01 -7.5503459315E+01  2.1495797356E-06
H5       -6.1294791933E-01 -6.1289711047E-01 -5.0808857700E-05
H6       -4.4709481115E-01 -4.4706142002E-01 -3.3391133794E-05
--------------------------------------------------------------------------------------------------------------------
Total    -1.6895152721E+02 -1.6895139132E+02 -1.3588658541E-04
 
IQA Atomic Energy Components:
----------------------------
  E_IQA(A) = Contribution of Atom A to Total Energy E of Molecule, Using IQA Additive Atomic Energy Definition
           = T(A) + Vne(A,Mol)/2 + Ven(A,Mol)/2 + Vee(A) + Vnn(A,Mol)/2
  T(A) = Electronic Kinetic Energy of Atom A (Hamiltonian Form)
  Vne(A,Mol)/2 = Half of Attraction Energy Between Nucleus of Atom A and Electron Density Distribution of Molecule
  Ven(A,Mol)/2 = Half of Attraction Energy Between Electron Density Distribution of Atom A and Nuclei of Molecule
  Vee(A) = Vee(A,A) + Vee(A,A')/2
         = Two-Electron Interaction Energy of Atom A with Itself Plus Half of Two-Electron Interaction Energy
           Between Atom A and Other Atoms of Molecule
  Vnn(A,Mol)/2 = Vnn(A,A')/2 = Half of Repulsion Energy Between Nucleus of Atom A and Other Nuclei of Molecule
  VeeC(A) = Coulomb Part of Vee(A)
  VeeX(A) = Exchange-Correlation Part of Vee(A)
See "2EDM Note" and "DFT Note".
--------------------------------------------------------------------------------------------------------------------------------------------------------
Atom A        E_IQA(A)            T(A)          Vne(A,Mol)/2      Ven(A,Mol)/2         Vee(A)         Vnn(A,Mol)/2        VeeC(A)           VeeX(A)
--------------------------------------------------------------------------------------------------------------------------------------------------------
N1                          5.5055618323E+01 -8.3528037279E+01 -8.9914287612E+01                    1.9332664328E+01
H2                          4.5495526481E-01 -4.0574646144E+00 -2.3037735596E+00                    3.5569325722E+00
C3                          3.6877399891E+01 -6.5702071790E+01 -5.7068999170E+01                    2.1722301274E+01
O4                          7.5503459315E+01 -1.0910726572E+02 -1.1516773909E+02                    1.9604711693E+01
H5                          6.1289711047E-01 -4.1351925018E+00 -3.9312982135E+00                    3.5914252035E+00
H6                          4.4706142002E-01 -4.1998683821E+00 -2.3433632632E+00                    3.6970925816E+00
--------------------------------------------------------------------------------------------------------------------------------------------------------
Total                       1.6895139132E+02 -2.7072990029E+02 -2.7072946091E+02                    7.1505127652E+01
 
More IQA Atomic Energy Components:
---------------------------------
  Vneen(A) = Vne(A,Mol)/2 + Ven(A,Mol)/2
  V_IQA(A) = Vne(A,Mol)/2 + Ven(A,Mol)/2 + Vee(A,A) + Vee(A,A')/2 + Vnn(A,A')/2
           = VC_IQA(A) + VX_IQA(A) = Potential Energy Contribution to E_IQA(A)
           = E_IQA(A) - T(A)
  VC_IQA(A) = Vne(A,Mol)/2 + Ven(A,Mol)/2 + VeeC(A,A) + VeeC(A,A')/2 + Vnn(A,A')/2
            = Coulomb Potential Energy Contribution to E_IQA(A)
            = E_IQA(A) - T(A) - VeeX(A)
  VX_IQA(A) = VeeX(A,A) + VeeX(A,A')/2
            = Exchange-Correlation Energy Contribution to E_IQA(A)
            = E_IQA(A) - T(A) - VC_IQA(A)
See "2EDM Note" and "DFT Note".
--------------------------------------------------------------------------------
Atom A        Vneen(A)          V_IQA(A)         VC_IQA(A)         VX_IQA(A)
--------------------------------------------------------------------------------
N1       -1.7344232489E+02
H2       -6.3612381740E+00
C3       -1.2277107096E+02
O4       -2.2427500481E+02
H5       -8.0664907153E+00
H6       -6.5432316453E+00
--------------------------------------------------------------------------------
Total    -5.4145936120E+02
 
IQA Intraatomic ("Self") Energy Components:
------------------------------------------
  E_IQA_Intra(A) = T(A) + Vne(A,A) + Vee(A,A)
                 = Intraatomic ("Self") Contribution to E_IQA(A)
  T(A) = Electronic Kinetic Energy of Atom A (Hamiltonian Form)
  Vne(A,A) = Attraction Energy Between Electron Density Distribution of Atom A and Nucleus of Atom A
  Vee(A,A) = Two-electron Interaction Energy of Atom A With Itself
  VeeC(A,A) = Coulomb Part of Vee(A,A)
  VeeX(A,A) = Exchange-Correlation Part of Vee(A,A)
See "2EDM Note" and "DFT Note".
