AIMSum (Version 19.10.12, Professional)
Copyright (c) 1997-2019 by Todd A. Keith
AIMSum is a component of the AIMAll package ( http://aim.tkgristmill.com )

TP:  64-bit Mac OS X

Much of the Quantum Theory of Atoms in Molecules (QTAIM) is described in the book:
  "Atoms in Molecules - A Quantum Theory"
  R.F.W. Bader, Oxford University Press, Oxford, 1990

For additional references see:  http://aim.tkgristmill.com/references.html

Wfx File:  /Users/chemlab/Documents/SubstituentCoding/BCP Map Reference/BCPMapReference/SubH_POCH3H_wb97xd_aug-cc-pvtz_reor.wfx
Sum File:  /Users/chemlab/Documents/SubstituentCoding/BCP Map Reference/BCPMapReference/SubH_POCH3H_wb97xd_aug-cc-pvtz_reor.sum

SumViz File:  /Users/chemlab/Documents/SubstituentCoding/BCP Map Reference/BCPMapReference/SubH_POCH3H_wb97xd_aug-cc-pvtz_reor.sumviz

Wfx Title:   Title Card Required                                                           
 
Total memory allocated for AIMSum =        0.465 Megabytes

Atomic units (a.u.) used throughout, except where stated otherwise

Model:  Restricted SCF
 
Restricted, closed-shell, single-determinant wavefunction.
  Number of electrons (from MO Occs)                   =          34.0000000000
  Number of Alpha electrons (from MO Occs)             =          17.0000000000
  Number of Beta electrons (from MO Occs)              =          17.0000000000
  Number of electron pairs (N*(N-1)/2)                 =         561.0000000000
  Number of electron pairs (from Muller 2EDM)          =         561.0000000000
 
Nuclear Charges and Cartesian Coordinates:
-------------------------------------------------------------------------------
Atom      Charge                X                  Y                  Z
-------------------------------------------------------------------------------
P1        15.0           0.0000000000E+00   0.0000000000E+00   0.0000000000E+00
H2         1.0          -2.6772959431E+00   0.0000000000E+00   0.0000000000E+00
H3         1.0           5.0254053748E-01   2.6297088599E+00   0.0000000000E+00
O4         8.0           1.2082625382E+00  -1.4610209662E+00  -2.0654857720E+00
C5         6.0           7.7645822897E-01  -9.3890154328E-01   3.1926091395E+00
H6         1.0          -2.1363542811E-01   2.6027689242E-01   4.5440543364E+00
H7         1.0           2.2503614582E-01  -2.9006936964E+00   3.4718993224E+00
H8         1.0           2.8071994964E+00  -7.6777380359E-01   3.4710319381E+00
 
Some Atomic Properties:
----------------------
  q(A) = Net Charge of Atom A
  L(A) = Lagrangian of Atom A = -(1/4) Times Atomic Integral of the Laplacian of the Electron Density
  K(A) = Electronic Kinetic Energy of Atom A (Hamiltonian Form)
  K_Scaled(A) = K(A) * E(Mol)/K(Mol) = Approximation to Virial-Based Total Energy of Atom A.
  |Mu_Intra(A)| = Magnitude of Intraatomic Dipole Moment of Atom A
--------------------------------------------------------------------------------------------------
Atom A          q(A)              L(A)              K(A)          K_Scaled(A)      |Mu_Intra(A)|
--------------------------------------------------------------------------------------------------
P1        3.1942283120E+00  1.5708408337E-04  3.3899681273E+02 -3.4029008917E+02  2.7897688442E-01
H2       -5.6979295850E-01  3.1189981858E-05  8.2435244079E-01 -8.2749735412E-01  3.4982158037E-01
H3       -5.6980065960E-01  2.6887157090E-05  8.2435232671E-01 -8.2749723960E-01  3.4982299770E-01
O4       -1.5221819877E+00  2.2336711315E-05  7.5463408030E+01 -7.5751301734E+01  8.6832724444E-01
C5       -6.5747989680E-01  1.3449253480E-04  3.8079656443E+01 -3.8224930738E+01  9.8616640746E-01
H6        3.0934606630E-02  1.9057386832E-05  6.0291634027E-01 -6.0521647252E-01  1.3568064571E-01
H7        4.7212683000E-02  2.3499873384E-05  5.9854923047E-01 -6.0083270215E-01  1.3244969214E-01
H8        4.7228660740E-02  2.7153107478E-05  5.9854488097E-01 -6.0082833606E-01  1.3243334240E-01
--------------------------------------------------------------------------------------------------
Total     3.4875977000E-04  4.4170083613E-04  4.5598859242E+02 -4.5772819375E+02
 
1st Largest |L(A)| = 1.5708408337E-04, atom P1      
2nd Largest |L(A)| = 1.3449253480E-04, atom C5      
 
Molecular charge q(Mol) from the wfx file:   0.0000000000E+00
Molecular energy E(Mol) from the wfx file:  -4.5772805618E+02
Molecular virial ratio (-V(Mol)/T(Mol)) from the wfx file:   2.0038150106E+00
Note.  K_Scaled(A) = (1+V(Mol)/T(Mol))*K(A) = (E(Mol)/T(Mol))*K(A)
       Only use K_Scaled(A) data with caution.
 
N_AIMInt(SumA)     =         33.999651
N_Analytic(Mol)    =         34.000000
 
G_AIMInt(SumA)     =        455.988151
G_Analytic(Mol)    =        455.988455
 
K_AIMInt(SumA)     =        455.988592
K_Analytic(Mol)    =        455.988455
 
L_AIMInt(SumA)     =          0.000442
L_Analytic(Mol)    =          0.000000
 
VenT_AIMInt(SumA)  =      -1324.434086
VenT_Analytic(Mol) =      -1324.436870
 
Some Information About the Atomic Calculations:
----------------------------------------------
  Time(sec) = "Elapsed User Time", in Seconds, for Atom A by AIMInt and, if used, by TWOe
  NProc = Number of Processors Used for AIMInt Job
  BIM = Basin Integration Method
  OAQ = Angular Quadrature Outside of Beta Sphere
  ORQ = Multiple of Default for Radial Quadrature Outside of Beta Sphere
  IAQ = Multiple of Default for Angular Quadrature Inside of Beta Sphere
  IRQ = Multiple of Default for Radial Quadrature Inside of Beta Sphere
  MIR = Maximum Integration Radius
------------------------------------------------------------------------------------------------------
Atom A     Time(sec)   NProc      BIM          OAQ                     ORQ      IAQ      IRQ      MIR
------------------------------------------------------------------------------------------------------
P1             78        2     Proaim(5)    4500(GS4)                  1.00     1.00     1.00    13.00
H2             26        2     Proaim(5)    1800(GS4)                  1.00     1.00     1.00    13.00
H3             27        2     Proaim(5)    1800(GS4)                  1.00     1.00     1.00    13.00
O4             36        2     Proaim(5)    2700(GS4)                  1.00     1.00     1.00    13.00
C5             60        2     Proaim(5)    4500(GS4)                  1.00     1.00     1.00    13.00
H6             26        2     Proaim(5)    1800(GS4)                  1.00     1.00     1.00    13.00
H7             24        2     Proaim(5)    1800(GS4)                  1.00     1.00     1.00    13.00
H8             21        2     Proaim(5)    1800(GS4)                  1.00     1.00     1.00    13.00
------------------------------------------------------------------------------------------------------
Total         298
Note:  Total wall clock time is less than total of atomic times if more than one atom
       was calculated at a time
 
Electron Density Critical Point Analysis of Molecular Structure:               
---------------------------------------------------------------                
  NACP = Nuclear Attractor Critical Point                                      
  NNACP = Non-Nuclear Attractor Critical Point                                 
  BCP = Bond Critical Point                                                    
  RCP = Ring Critical Point                                                    
  CCP = Cage Critical Point                                                    
  Rho = Electron Density                                                       
  GradRho = Gradient of Electron Density                                       
  HessRho_EigVals = Eigenvalues of the Hessian of Rho, Ascending Order         
  HessRho_EigVecs = Eigenvectors of the Hessian of Rho                         
  DelSqRho = Laplacian of Rho = Trace of Hessian of Rho                        
  Bond Ellipticity = (HessRho_EigVal(1) / HessRho_EigVal(2)) - 1               
  V = Virial Field = Potential Energy Density = Trace of Stress Tensor         
  G = Lagrangian Form of Kinetic Energy Density                                
  K = Hamiltonian Form of Kinetic Energy Density                               
  L = K - G = Lagrangian Density = (-1/4)DelSqRho                              
  Vnuc = Electrostatic Potential from Nuclei                                   
  Ven = Electron-nuclear attractive contribution to Virial Field V             
  Vrep = V - Ven = Repulsive contribution to Virial Field V                    
  DelSqV = Laplacian of V                                                      
  DelSqVen = Laplacian of Ven                                                  
  DelSqVrep = Laplacian of Vrep                                                
  DelSqG = Laplacian of G                                                      
  DelSqK = Laplacian of K                                                      
  Stress_EigVals = Eigenvalues of Stress Tensor, Ascending Order               
  Stress_EigVecs = Eigenvectors of Stress Tensor                               
  -DivStress = Ehrenfest Force Density = Minus Divergence of Stress Tensor     
  ESP = Total Electrostatic Potential                                          
  ESPe = Electrostatic Potential from Electrons                                
  ESPn = Electrostatic Potential from Nuclei                                   
  BP = Bond Path                                                               
  BPL = Bond Path Length                                                       
  GBL = Geometric Bond Length                                                  
  GBL_I = Distance Between Nuclear Attractors                                  
  GBL_II = Distance Between Nuclei                                             
  GBL_III = Sum of Distances Between BCP and Nuclear Attractors                
  GBL_IV = Sum of Distances Between BCP and Nuclei                             

CP# 1      Coords = -1.28920118138097E-08  1.55900574740900E-08  1.45338401903945E-08
           Type = (3,-3) NACP P1
           Rho =  2.1497228062E+03     Rho at Nucleus =  2.1497228061E+03
           GradRho = -1.1118709425E-10  1.3447162828E-10  1.2546322314E-10
           HessRho_EigVals = -6.8725454244E+07 -6.8725450439E+07 -6.8725419806E+07
           HessRho_EigVec1 =  7.6987592723E-01  6.3819299589E-01 -8.6986711276E-04
           HessRho_EigVec2 = -4.9711336513E-01  5.9883046445E-01 -6.2791749224E-01
           HessRho_EigVec3 = -4.0021164262E-01  4.8385098413E-01  7.7827942686E-01
           DelSqRho = -2.0617632449E+08
           Bond Ellipticity = NA
           V = -5.1557030312E+07
           G =  6.4745949623E+03
           K =  5.1550555717E+07
           L =  5.1544081122E+07
           Vnuc =  6.0217835361E+08
           Ven = -1.2945165401E+12
           Vrep =  1.2944649831E+12
           DelSqV =  1.1419753650E+14
           DelSqVen =  1.2415387230E+17
           DelSqVrep = -1.2403968335E+17
           DelSqG =  1.6482383991E+12
           DelSqK = -1.1584577490E+14
           Stress_EigVals = -1.7185682048E+07 -1.7185674605E+07 -1.7185673659E+07
           Stress_EigVec1 = -3.9891756683E-01  4.8228554919E-01  7.7991372851E-01
           Stress_EigVec2 = -4.9814601294E-01  6.0009725219E-01 -6.2588644154E-01
           Stress_EigVec3 =  7.6988007161E-01  6.3818801066E-01 -8.5928772773E-04
           -DivStress =  4.8750488000E+05 -5.8952961848E+05 -5.4934102477E+05
           ESP =  -5.4078925633E+01     ESP at Nucleus =  -5.4078925633E+01
           ESPe = -6.0096148445E+01     ESPe at Nucleus = -6.0096148463E+01
           ESPn =  6.0172228126E+00     ESPn at Nucleus =  6.0172228297E+00

CP# 2      Coords = -2.65479069642561E+00  2.13030967346505E-04  4.52443854867410E-04
           Type = (3,-3) NACP H2
           Rho =  4.0915859692E-01     Rho at Nucleus =  4.0710380777E-01
           GradRho =  1.3960896666E-09  1.2511779373E-11  2.6863283082E-11
           HessRho_EigVals = -8.3774577372E+00 -8.3723249074E+00 -7.9618993348E+00
           HessRho_EigVec1 = -1.2589875884E-02  5.4567669461E-01  8.3790121135E-01
           HessRho_EigVec2 =  3.4355538779E-03  8.3798628493E-01 -5.4568047724E-01
           HessRho_EigVec3 =  9.9991484237E-01  3.9913947247E-03  1.2424845004E-02
           DelSqRho = -2.4711681979E+01
           Bond Ellipticity = NA
           V = -6.1841982357E+00
           G =  3.1388704522E-03
           K =  6.1810593653E+00
           L =  6.1779204948E+00
           Vnuc =  5.3837852600E+01
           Ven = -2.2028220231E+01
           Vrep =  1.5844021995E+01
           DelSqV =  1.6145597486E+03
           DelSqVen =  1.3304238974E+03
           DelSqVrep =  2.8413585122E+02
           DelSqG =  1.2459500811E+02
           DelSqK = -1.7391547567E+03
           Stress_EigVals = -2.0957676460E+00 -2.0947727547E+00 -1.9936578351E+00
           Stress_EigVec1 = -1.5521669548E-02  4.9634590363E-01  8.6798607231E-01
           Stress_EigVec2 =  2.4203832576E-03  8.6810675782E-01 -4.9637163373E-01
           Stress_EigVec3 =  9.9987660215E-01  5.6036575146E-03  1.4675813543E-02
           -DivStress = -1.1590617572E+01 -1.0932711765E-01 -2.3244195447E-01
           ESP =  -1.0762530335E+00     ESP at Nucleus =  -1.0767598192E+00
           ESPe = -1.0490988706E+01     ESPe at Nucleus = -1.0430438966E+01
           ESPn =  9.4147356722E+00     ESPn at Nucleus =  9.3536791473E+00

CP# 3      Coords =  4.98107301061599E-01  2.60764365739634E+00  4.52252346033137E-04
           Type = (3,-3) NACP H3
           Rho =  4.0916057314E-01     Rho at Nucleus =  4.0710579372E-01
           GradRho = -1.4157825433E-10 -7.0651187591E-10  1.3857992336E-11
           HessRho_EigVals = -8.3775011902E+00 -8.3723643399E+00 -7.9619408200E+00
           HessRho_EigVec1 = -5.3301327342E-01  1.1465484059E-01  8.3830252170E-01
           HessRho_EigVec2 =  8.2413171057E-01 -1.5398744270E-01  5.4506402480E-01
           HessRho_EigVec3 =  1.9158229040E-01  9.8139805126E-01 -1.2413338998E-02
           DelSqRho = -2.4711806350E+01
           Bond Ellipticity = NA
           V = -6.1842293640E+00
           G =  3.1388882452E-03
           K =  6.1810904758E+00
           L =  6.1779515875E+00
           Vnuc =  5.3838071536E+01
           Ven = -2.2028416207E+01
           Vrep =  1.5844186842E+01
           DelSqV =  1.6145679074E+03
           DelSqVen =  1.3304360009E+03
           DelSqVrep =  2.8413190655E+02
           DelSqG =  1.2459566587E+02
           DelSqK = -1.7391635733E+03
           Stress_EigVals = -2.0957785837E+00 -2.0947824629E+00 -1.9936683174E+00
           Stress_EigVec1 = -4.8390125733E-01  1.0825389816E-01  8.6840121297E-01
           Stress_EigVec2 =  8.5353941308E-01 -1.6064295611E-01  4.9564534797E-01
           Stress_EigVec3 =  1.9315807896E-01  9.8105806871E-01 -1.4663640255E-02
           -DivStress =  2.2828254233E+00  1.1364107335E+01 -2.3234488114E-01
           ESP =  -1.0762572541E+00     ESP at Nucleus =  -1.0767640995E+00
           ESPe = -1.0490995341E+01     ESPe at Nucleus = -1.0430445931E+01
           ESPn =  9.4147380865E+00     ESPn at Nucleus =  9.3536818313E+00

CP# 4      Coords =  1.20825954204117E+00 -1.46101734344463E+00 -2.06548062361338E+00
           Type = (3,-3) NACP O4
           Rho =  2.9805987463E+02     Rho at Nucleus =  2.9805984759E+02
           GradRho =  2.6619234594E-11  6.2014338109E-11 -2.2519464071E-10
           HessRho_EigVals = -1.1124692474E+06 -1.1124558755E+06 -1.1124556916E+06
           HessRho_EigVec1 = -4.4799887350E-01  5.4166090748E-01  7.1126680694E-01
           HessRho_EigVec2 = -7.7027964741E-01 -6.3770607773E-01  4.7245062255E-04
           HessRho_EigVec3 = -4.5383507370E-01  5.4766268792E-01 -7.0292197728E-01
           DelSqRho = -3.3373808145E+06
           Bond Ellipticity = NA
           V = -8.3447501909E+05
           G =  6.4907731708E+01
           K =  8.3441011136E+05
           L =  8.3434520363E+05
           Vnuc =  1.1474793773E+06
           Ven = -3.4201755934E+08
           Vrep =  3.4118308433E+08
           DelSqV =  9.3307615091E+10
           DelSqVen =  3.8295756600E+12
           DelSqVrep = -3.7362680455E+12
           DelSqG =  3.1145672362E+09
           DelSqK = -9.6422182327E+10
           Stress_EigVals = -2.7815963046E+05 -2.7815958641E+05 -2.7815580222E+05
           Stress_EigVec1 = -4.5626051539E-01  5.5067033562E-01 -6.9899107545E-01
           Stress_EigVec2 = -7.7030098835E-01 -6.3768032378E-01  4.3818589840E-04
           Stress_EigVec3 = -4.4549155934E-01  5.3863344319E-01  7.1513025697E-01
           -DivStress =  9.1537850088E+04 -1.1068375104E+05 -1.5730800016E+05
           ESP =  -2.2399137625E+01     ESP at Nucleus =  -2.2399137891E+01
           ESPe = -2.9800201628E+01     ESPe at Nucleus = -2.9800186419E+01
           ESPn =  7.4010640029E+00     ESPn at Nucleus =  7.4010485283E+00

CP# 5      Coords =  7.76457984680837E-01 -9.38901247975559E-01  3.19260866141606E+00
           Type = (3,-3) NACP C5
           Rho =  1.2088526423E+02     Rho at Nucleus =  1.2088526418E+02
           GradRho = -1.1723483295E-10  1.3750295347E-10 -2.5622493016E-10
           HessRho_EigVals = -2.4812813513E+05 -2.4812779875E+05 -2.4812768508E+05
           HessRho_EigVec1 =  1.1262278171E-01 -1.3605289696E-01  9.8427928875E-01
           HessRho_EigVec2 = -6.2647854605E-01  7.5916429040E-01  1.7661883117E-01
           HessRho_EigVec3 =  7.7125919144E-01  6.3652116179E-01 -2.6497308677E-04
           DelSqRho = -7.4438361896E+05
           Bond Ellipticity = NA
           V = -1.8611149391E+05
           G =  7.7945857718E+00
           K =  1.8610369932E+05
           L =  1.8609590474E+05
           Vnuc =  9.7921526464E+06
           Ven = -1.1837269600E+09
           Vrep =  1.1835408486E+09
           DelSqV =  1.1196366978E+10
           DelSqVen =  7.2891173437E+12
           DelSqVrep = -7.2779204525E+12
           DelSqG =  3.8201367356E+08
           DelSqK = -1.1578380652E+10
           Stress_EigVals = -6.2037211771E+04 -6.2037179937E+04 -6.2037102203E+04
           Stress_EigVec1 =  7.7109512551E-01  6.3671991012E-01 -2.5195061970E-04
           Stress_EigVec2 = -6.2993796050E-01  7.6293937474E-01  1.4526416075E-01
           Stress_EigVec3 =  9.2684806422E-02 -1.1185377300E-01  9.8939287451E-01
           -DivStress =  8.9661122222E+02 -1.0838601273E+03  1.7567973640E+03
           ESP =  -1.4741652393E+01     ESP at Nucleus =  -1.4741652392E+01
           ESPe = -2.2514943338E+01     ESPe at Nucleus = -2.2514942557E+01
           ESPn =  7.7732909449E+00     ESPn at Nucleus =  7.7732901653E+00

CP# 6      Coords = -1.99214035338632E-01  2.42809752919262E-01  4.52366470577874E+00
           Type = (3,-3) NACP H6
           Rho =  4.3063883159E-01     Rho at Nucleus =  4.2680906690E-01
           GradRho =  6.1446288595E-12 -7.4422724927E-12 -8.6748420947E-12
           HessRho_EigVals = -8.7246300914E+00 -8.7201727613E+00 -7.9638842274E+00
           HessRho_EigVec1 =  7.7087192836E-01  6.3699000030E-01 -4.5781199891E-04
           HessRho_EigVec2 = -4.2388387753E-01  5.1243862876E-01 -7.4681263388E-01
           HessRho_EigVec3 = -4.7547757932E-01  5.7589095432E-01  6.6503434520E-01
           DelSqRho = -2.5408687080E+01
           Bond Ellipticity = NA
           V = -6.3696948117E+00
           G =  8.7615208205E-03
           K =  6.3609332908E+00
           L =  6.3521717700E+00
           Vnuc =  4.1213030893E+01
           Ven = -1.7747931470E+01
           Vrep =  1.1378236659E+01
           DelSqV =  1.6379073081E+03
           DelSqVen =  1.0471690056E+03
           DelSqVrep =  5.9073830245E+02
           DelSqG =  1.2549879685E+02
           DelSqK = -1.7634061049E+03
           Stress_EigVals = -2.1880884370E+00 -2.1877512612E+00 -1.9938551135E+00
           Stress_EigVec1 =  7.7068185843E-01  6.3721961581E-01 -7.9643522478E-04
           Stress_EigVec2 = -4.2306035214E-01  5.1073262844E-01 -7.4844647150E-01
           Stress_EigVec3 = -4.7651800757E-01  5.7715105776E-01  6.6319472630E-01
           -DivStress = -7.6527716153E+00  9.2690172525E+00  1.0816269580E+01
           ESP =  -1.0722428831E+00     ESP at Nucleus =  -1.0733259455E+00
           ESPe = -9.4730631508E+00     ESPe at Nucleus = -9.4048235045E+00
           ESPn =  8.4008202676E+00     ESPn at Nucleus =  8.3314975590E+00

CP# 7      Coords =  2.33028317268697E-01 -2.87113970540668E+00  3.46743688358517E+00
           Type = (3,-3) NACP H7
           Rho =  4.3054056844E-01     Rho at Nucleus =  4.2660230573E-01
           GradRho =  3.3795991179E-14  1.2483829075E-13 -2.0602877043E-14
           HessRho_EigVals = -8.7154477983E+00 -8.7113326991E+00 -7.9376035308E+00
           HessRho_EigVec1 =  8.4897425994E-01 -2.9757981228E-01 -4.3667947202E-01
           HessRho_EigVec2 =  4.5929887540E-01  6.8894648072E-03  8.8825507504E-01
           HessRho_EigVec3 =  2.6131829064E-01  9.5467208538E-01 -1.4252705141E-01
           DelSqRho = -2.5364384028E+01
           Bond Ellipticity = NA
           V = -6.3584137864E+00
           G =  8.6588896745E-03
           K =  6.3497548967E+00
           L =  6.3410960070E+00
           Vnuc =  4.0932110407E+01
           Ven = -1.7622934082E+01
           Vrep =  1.1264520295E+01
           DelSqV =  1.6333036732E+03
           DelSqVen =  1.0382177674E+03
           DelSqVrep =  5.9508590572E+02
           DelSqG =  1.2509790985E+02
           DelSqK = -1.7584015830E+03
           Stress_EigVals = -2.1856742366E+00 -2.1855619009E+00 -1.9871776489E+00
           Stress_EigVec1 =  8.8673843020E-01 -2.9561471556E-01 -3.5539681534E-01
           Stress_EigVec2 =  3.8089897645E-01  3.1608763406E-02  9.2407621754E-01
           Stress_EigVec3 =  2.6193687435E-01  9.5478417772E-01 -1.4062804782E-01
           -DivStress = -4.2330445660E+00 -1.5651688106E+01  2.3603154342E+00
           ESP =  -1.0764419569E+00     ESP at Nucleus =  -1.0775591101E+00
           ESPe = -9.6869686554E+00     ESPe at Nucleus = -9.6187591634E+00
           ESPn =  8.6105266985E+00     ESPn at Nucleus =  8.5412000533E+00

CP# 8      Coords =  2.77666556996900E+00 -7.70042475950809E-01  3.46658305090401E+00
           Type = (3,-3) NACP H8
           Rho =  4.3053747151E-01     Rho at Nucleus =  4.2659910257E-01
           GradRho = -9.9839294818E-12 -7.4667886891E-13 -1.4537715649E-12
           HessRho_EigVals = -8.7153863683E+00 -8.7112767483E+00 -7.9375289740E+00
           HessRho_EigVec1 = -1.3177373210E-01  8.8976431688E-01  4.3698414609E-01
           HessRho_EigVec2 = -9.3051704555E-02 -4.4998462235E-01  8.8817521916E-01
           HessRho_EigVec3 =  9.8690276310E-01  7.6376043735E-02  1.4209023941E-01
           DelSqRho = -2.5364192091E+01
           Bond Ellipticity = NA
           V = -6.3583653006E+00
           G =  8.6586389596E-03
           K =  6.3497066616E+00
           L =  6.3410480226E+00
           Vnuc =  4.0931809565E+01
           Ven = -1.7622677795E+01
           Vrep =  1.1264312494E+01
           DelSqV =  1.6332893271E+03
           DelSqVen =  1.0382022804E+03
           DelSqVrep =  5.9508704665E+02
           DelSqG =  1.2509692197E+02
           DelSqK = -1.7583862491E+03
           Stress_EigVals = -2.1856585310E+00 -2.1855476830E+00 -1.9871590865E+00
           Stress_EigVec1 = -1.2306503448E-01  9.2536881874E-01  3.5853527943E-01
           Stress_EigVec2 = -1.0213407759E-01 -3.7117306705E-01  9.2292967473E-01
           Stress_EigVec3 =  9.8712898219E-01  7.6961702191E-02  1.4019011703E-01
           -DivStress =  1.6170604022E+01  1.2018801969E+00  2.3531204389E+00
           ESP =  -1.0764440949E+00     ESP at Nucleus =  -1.0775612298E+00
           ESPe = -9.6872369650E+00     ESPe at Nucleus = -9.6190286531E+00
           ESPn =  8.6107928701E+00     ESPn at Nucleus =  8.5414674234E+00

CP# 9      Coords = -1.28673556830829E+00 -1.84401138245577E-05  4.95375845431381E-03
           Type = (3,-1) BCP P1 H2
           Rho =  1.7523377789E-01
           GradRho =  9.2807705965E-17  3.9031278209E-17 -1.7618285303E-18
           HessRho_EigVals = -3.0195221336E-01 -2.8264812538E-01  4.4212073332E-01
           HessRho_EigVec1 =  2.3519474008E-03  6.1886782793E-01  7.8549161669E-01
           HessRho_EigVec2 = -4.6482939833E-04  7.8549438096E-01 -6.1886861402E-01
           HessRho_EigVec3 =  9.9999712613E-01 -1.0904268326E-03 -2.1351094277E-03
           DelSqRho = -1.4247960542E-01
           Bond Ellipticity =  6.8297243967E-02
           V = -3.3081070884E-01
           G =  1.4759540374E-01
           K =  1.8321530510E-01
           L =  3.5619901355E-02
           Vnuc =  1.7082829007E+01
           Ven = -2.9934886639E+00
           Vrep =  2.6626779551E+00
           DelSqV = -2.6373403737E+00
           DelSqVen =  2.4339547364E+00
           DelSqVrep = -5.0712951101E+00
           DelSqG =  5.3300813200E+00
           DelSqK = -2.6927409463E+00
           Stress_EigVals = -1.3131997409E-01 -1.0077572031E-01 -9.8715014441E-02
           Stress_EigVec1 =  9.9994831940E-01  4.7706592126E-03 -8.9777130158E-03
           Stress_EigVec2 =  5.1868466925E-03  5.2009736742E-01  8.5409122758E-01
           Stress_EigVec3 = -8.7438630882E-03  8.5409365366E-01 -5.2004574380E-01
           -DivStress =  4.4674385856E-01  7.3995628296E-04 -1.3926569374E-03
           ESP =   1.3212973703E+00
           ESPe = -1.5761531637E+01
           ESPn =  1.7082829007E+01
           BPL =  2.6548193131E+00 =  1.2867454638E+00 +  1.3680738493E+00                
           GBL_I =  2.6547907305E+00                                                      
           GBL_II =  2.6772959431E+00                                                     
           GBL_III =  2.6548076440E+00 =  1.2867450911E+00 +  1.3680625528E+00            
           GBL_IV =  2.6773143027E+00 =  1.2867451041E+00 +  1.3905691986E+00             

CP# 10     Coords =  2.41570999908905E-01  1.26385682058623E+00  4.94591810402700E-03
           Type = (3,-1) BCP H3 P1
           Rho =  1.7523148631E-01
           GradRho = -3.0357660830E-17 -5.0306980803E-17  1.8648277367E-17
           HessRho_EigVals = -3.0194810012E-01 -2.8264362027E-01  4.4213586293E-01
           HessRho_EigVec1 = -6.0823581437E-01  1.1384462808E-01  7.8554986778E-01
           HessRho_EigVec2 =  7.7150228792E-01 -1.4790998331E-01  6.1879468046E-01
           HessRho_EigVec3 =  1.8663711808E-01  9.8242660667E-01  2.1327581220E-03
           DelSqRho = -1.4245585747E-01
           Bond Ellipticity =  6.8299719025E-02
           V = -3.3080503772E-01
           G =  1.4759553668E-01
           K =  1.8320950105E-01
           L =  3.5613964367E-02
           Vnuc =  1.7082831367E+01
           Ven = -2.9934499309E+00
           Vrep =  2.6626448932E+00
           DelSqV = -2.6373756260E+00
           DelSqVen =  2.4335493904E+00
           DelSqVrep = -5.0709250164E+00
           DelSqG =  5.3300290976E+00
           DelSqK = -2.6926534716E+00
           Stress_EigVals = -1.3131618960E-01 -1.0077533475E-01 -9.8713513371E-02
           Stress_EigVec1 =  1.9247610437E-01  9.8126084670E-01  8.9498591832E-03
           Stress_EigVec2 = -5.1166637329E-01  9.2573486304E-02  8.5418245830E-01
           Stress_EigVec3 =  8.3734728260E-01 -1.6898905399E-01  5.1989636270E-01
           -DivStress = -8.4585405080E-02 -4.3865438814E-01 -1.3911319747E-03
           ESP =   1.3212972282E+00
           ESPe = -1.5761534139E+01
           ESPn =  1.7082831367E+01
           BPL =  2.6548197435E+00 =  1.3680734590E+00 +  1.2867462845E+00                
           GBL_I =  2.6547912277E+00                                                      
           GBL_II =  2.6772963376E+00                                                     
           GBL_III =  2.6548080915E+00 =  1.3680621804E+00 +  1.2867459111E+00            
           GBL_IV =  2.6773146404E+00 =  1.3905687163E+00 +  1.2867459240E+00             

CP# 11     Coords =  4.87675201227987E-01 -5.89695756192944E-01 -8.33369381384123E-01
           Type = (3,-1) BCP P1 O4
           Rho =  2.3663364910E-01
           GradRho =  3.4694469520E-17  3.6862873865E-17 -1.0495077030E-16
           HessRho_EigVals = -3.9519084069E-01 -3.9303248004E-01  2.1516401064E+00
           HessRho_EigVec1 = -4.6834525506E-01  5.6827408744E-01 -6.7654806452E-01
           HessRho_EigVec2 =  7.7120116024E-01  6.3659096856E-01  8.4213918823E-04
           HessRho_EigVec3 = -4.3116295355E-01  5.2136024042E-01  7.3639799510E-01
           DelSqRho =  1.3634167857E+00
           Bond Ellipticity =  5.4915579630E-03
           V = -7.4971032231E-01
           G =  5.4528225936E-01
           K =  2.0442806294E-01
           L = -3.4085419642E-01
           Vnuc =  2.0715015262E+01
           Ven = -4.9018696526E+00
           Vrep =  4.1521593303E+00
           DelSqV = -9.4619154458E+00
           DelSqVen = -2.8243199523E+01
           DelSqVrep =  1.8781284077E+01
           DelSqG =  1.5197278494E+01
           DelSqK = -5.7353630480E+00
           Stress_EigVals = -2.8760202861E-01 -2.3112066423E-01 -2.3098762947E-01
           Stress_EigVec1 = -4.2972094041E-01  5.1963089296E-01  7.3846032287E-01
           Stress_EigVec2 = -4.7108699070E-01  5.6868345223E-01 -6.7429680286E-01
           Stress_EigVec3 =  7.7033561554E-01  6.3763850749E-01 -4.1616575427E-04
           -DivStress = -3.2446791428E-01  3.9234551273E-01  5.5391924439E-01
           ESP =   1.7981409224E+00
           ESPe = -1.8916874339E+01
           ESPn =  2.0715015262E+01
           BPL =  2.8037052878E+00 =  1.1314030150E+00 +  1.6723022728E+00                
           GBL_I =  2.8036892021E+00                                                      
           GBL_II =  2.8036961496E+00                                                     
           GBL_III =  2.8036892322E+00 =  1.1314030086E+00 +  1.6722862237E+00            
           GBL_IV =  2.8036961797E+00 =  1.1314029842E+00 +  1.6722931955E+00             

CP# 12     Coords =  2.93290676570016E-01 -3.54620543259930E-01  1.23291433676925E+00
           Type = (3,-1) BCP C5 P1
           Rho =  1.7350204252E-01
           GradRho = -4.2283884727E-18 -3.0899761916E-17 -2.0816681712E-17
           HessRho_EigVals = -2.6162785795E-01 -2.4116223985E-01  2.9034324591E-01
           HessRho_EigVec1 = -5.9626608412E-01  7.2092309626E-01  3.5318075571E-01
           HessRho_EigVec2 =  7.7058744249E-01  6.3733428683E-01  1.7411454017E-05
           HessRho_EigVec3 =  2.2508165274E-01 -2.7216703714E-01  9.3555510447E-01
           DelSqRho = -2.1244685189E-01
           Bond Ellipticity =  8.4862448270E-02
           V = -3.1020609825E-01
           G =  1.2854719264E-01
           K =  1.8165890561E-01
           L =  5.3111712973E-02
           Vnuc =  1.7978998326E+01
           Ven = -3.1193929320E+00
           Vrep =  2.8091868337E+00
           DelSqV = -1.9477632274E+00
           DelSqVen =  3.8195815945E+00
           DelSqVrep = -5.7673448219E+00
           DelSqG =  4.4352187932E+00
           DelSqK = -2.4874555658E+00
           Stress_EigVals = -1.2249420723E-01 -9.5117274867E-02 -9.2594616159E-02
           Stress_EigVec1 =  2.0962757934E-01 -2.5338572514E-01  9.4437913588E-01
           Stress_EigVec2 = -6.0198031167E-01  7.2764803074E-01  3.2885870480E-01
           Stress_EigVec3 =  7.7050371987E-01  6.3743550078E-01 -1.8775063110E-06
           -DivStress = -9.8645772900E-02  1.1928069193E-01 -4.1103776361E-01
           ESP =   1.2396739714E+00
           ESPe = -1.6739324354E+01
           ESPn =  1.7978998326E+01
           BPL =  3.4172646764E+00 =  2.1012649536E+00 +  1.3159997227E+00                
           GBL_I =  3.4171878170E+00                                                      
           GBL_II =  3.4171884067E+00                                                     
           GBL_III =  3.4172452209E+00 =  2.1012464005E+00 +  1.3159988204E+00            
           GBL_IV =  3.4172458116E+00 =  2.1012469847E+00 +  1.3159988269E+00             

CP# 13     Coords =  1.46489619384760E-01 -1.75902323530356E-01  4.04295709822650E+00
           Type = (3,-1) BCP H6 C5
           Rho =  2.8085941791E-01
           GradRho = -4.6403852982E-17  6.1582683397E-17  1.1796119637E-16
           HessRho_EigVals = -7.4964391683E-01 -7.3921073492E-01  4.2289278242E-01
           HessRho_EigVec1 =  7.7090442003E-01  6.3695071230E-01 -4.0654290622E-04
           HessRho_EigVec2 = -4.2153794224E-01  5.0971064042E-01 -7.5000055086E-01
           HessRho_EigVec3 = -4.7750616585E-01  5.7835011294E-01  6.6143707821E-01
           DelSqRho = -1.0659618693E+00
           Bond Ellipticity =  1.4113948057E-02
           V = -3.6140362681E-01
           G =  4.7456579742E-02
           K =  3.1394704707E-01
           L =  2.6649046733E-01
           Vnuc =  1.2013366636E+01
           Ven = -3.3740671604E+00
           Vrep =  3.0126635336E+00
           DelSqV = -1.5098813559E+00
           DelSqVen =  1.2805790756E+01
           DelSqVrep = -1.4315672112E+01
           DelSqG =  1.6984382087E+00
           DelSqK = -1.8855685275E-01
           Stress_EigVals = -2.3037640457E-01 -2.2979112706E-01  9.8763904811E-02
           Stress_EigVec1 =  7.7085908472E-01  6.3700551881E-01 -4.9042431178E-04
           Stress_EigVec2 = -4.1924752365E-01  5.0676380166E-01 -7.5327416207E-01
           Stress_EigVec3 = -4.7959126912E-01  5.8087384029E-01  6.5770646663E-01
           -DivStress =  6.6508284499E-02 -8.0546309379E-02 -8.4490814608E-02
           ESP =   8.6031651448E-01
           ESPe = -1.1153050121E+01
           ESPn =  1.2013366636E+01
           BPL =  2.0299240672E+00 =  7.2519801077E-01 +  1.3047260564E+00                
           GBL_I =  2.0297997373E+00                                                      
           GBL_II =  2.0602714604E+00                                                     
           GBL_III =  2.0298501520E+00 =  7.2519695519E-01 +  1.3046531968E+00            
           GBL_IV =  2.0603255919E+00 =  7.5567241604E-01 +  1.3046531759E+00             

CP# 14     Coords =  4.21768247682590E-01 -2.18699561177045E+00  3.36584279890030E+00
           Type = (3,-1) BCP C5 H7
           Rho =  2.8334965089E-01
           GradRho = -2.4611389315E-16 -9.3837698029E-16  1.3010426070E-16
           HessRho_EigVals = -7.6476688982E-01 -7.5338473455E-01  4.3287282570E-01
           HessRho_EigVec1 =  8.5298971387E-01 -3.0001411818E-01 -4.2708322015E-01
           HessRho_EigVec2 =  4.4977462784E-01  7.4004104572E-03  8.9311142534E-01
           HessRho_EigVec3 =  2.6478544558E-01  9.5390605555E-01 -1.4125121235E-01
           DelSqRho = -1.0852787987E+00
           Bond Ellipticity =  1.5108024823E-02
           V = -3.6392334495E-01
           G =  4.6301822643E-02
           K =  3.1762152231E-01
           L =  2.7131969967E-01
           Vnuc =  1.2168183093E+01
           Ven = -3.4478504313E+00
           Vrep =  3.0839270863E+00
           DelSqV = -1.6307249175E+00
           DelSqVen =  1.3205871129E+01
           DelSqVrep = -1.4836596046E+01
           DelSqG =  1.7224334815E+00
           DelSqK = -9.1708564064E-02
           Stress_EigVals = -2.3302605963E-01 -2.3246095721E-01  1.0156367189E-01
           Stress_EigVec1 =  9.5824881160E-01 -2.4602781719E-01  1.4570356290E-01
           Stress_EigVec2 = -1.0507802865E-01  1.7091564605E-01  9.7966649929E-01
           Stress_EigVec3 =  2.6592822898E-01  9.5407450186E-01 -1.3792759668E-01
           -DivStress =  3.4132097301E-02  1.1254156112E-01 -1.2460025955E-02
           ESP =   8.5854025906E-01
           ESPe = -1.1309642834E+01
           ESPn =  1.2168183093E+01
           BPL =  2.0260132961E+00 =  1.3090766917E+00 +  7.1693660440E-01                
           GBL_I =  2.0259298634E+00                                                      
           GBL_II =  2.0568660073E+00                                                     
           GBL_III =  2.0259640652E+00 =  1.3090280428E+00 +  7.1693602241E-01            
           GBL_IV =  2.0569023941E+00 =  1.3090277642E+00 +  7.4787462993E-01             

CP# 15     Coords =  2.06915229032343E+00 -8.26222132291527E-01  3.36529749567570E+00
           Type = (3,-1) BCP H8 C5
           Rho =  2.8334964520E-01
           GradRho =  4.7053696660E-15  4.1102104359E-16  4.9569723326E-16
           HessRho_EigVals = -7.6477214285E-01 -7.5339495716E-01  4.3287688147E-01
           HessRho_EigVec1 = -1.3337951418E-01  8.9435532540E-01  4.2701107377E-01
           HessRho_EigVec2 = -9.1818778233E-02 -4.4015901582E-01  8.9321293808E-01
           HessRho_EigVec3 =  9.8680252187E-01  7.9928672655E-02  1.4082680898E-01
           DelSqRho = -1.0852902185E+00
           Bond Ellipticity =  1.5101223571E-02
           V = -3.6392265431E-01
           G =  4.6300049839E-02
           K =  3.1762260447E-01
           L =  2.7132255463E-01
           Vnuc =  1.2168362491E+01
           Ven = -3.4479011945E+00
           Vrep =  3.0839785402E+00
           DelSqV = -1.6307546010E+00
           DelSqVen =  1.3206204787E+01
           DelSqVrep = -1.4836959388E+01
           DelSqG =  1.7224394851E+00
           DelSqK = -9.1684884040E-02
           Stress_EigVals = -2.3302568619E-01 -2.3246170289E-01  1.0156473478E-01
           Stress_EigVec1 = -6.0646318076E-02  9.8736868970E-01 -1.4637313516E-01
           Stress_EigVec2 = -1.4762318075E-01  1.3615807668E-01  9.7962665065E-01
           Stress_EigVec3 =  9.8718256701E-01  8.1018817239E-02  1.3750102052E-01
           -DivStress = -1.1694772452E-01 -1.2268873601E-02 -1.2408418308E-02
           ESP =   8.5853196068E-01
           ESPe = -1.1309830530E+01
           ESPn =  1.2168362491E+01
           BPL =  2.0260166434E+00 =  7.1693151146E-01 +  1.3090851320E+00                
           GBL_I =  2.0259332751E+00                                                      
           GBL_II =  2.0568699651E+00                                                     
           GBL_III =  2.0259674399E+00 =  7.1693092998E-01 +  1.3090365100E+00            
           GBL_IV =  2.0569063119E+00 =  7.4787008085E-01 +  1.3090362311E+00             

Number of NACPs  =      8
Number of NNACPs =      0
Number of BCPs   =      7
Number of RCPs   =      0
Number of CCPs   =      0
NumNACP + NumNNACP - NumBCP + NumRCP - NumCCP =      1
Poincare-Hopf Relationship is Satisfied

Bond Path Angles and Corresponding Geometric Bond Angles:
--------------------------------------------------------
  BPA     = A-B-C Bond Path Angle
  GBA_I   = A-B-C Geometric Bond Angle in Terms of Nuclear Attractors
  GBA_II  = A-B-C Geometric Bond Angle in Terms of Nuclei
  GBA_III = A-B-C Geometric Bond Angle in Terms of A|B and C|B BCPs and Nuclear Attractor B
  GBA_IV  = A-B-C Geometric Bond Angle in Terms of A|B and C|B BCPs and Nucleus B
-------------------------------------------------------------------------------------------------
Atom A    Atom B    Atom C        BPA          GBA_I         GBA_II       GBA_III       GBA_IV
-------------------------------------------------------------------------------------------------
H3        P1        H2        100.72757655  100.80966145  100.81885094  100.82067911  100.82067772
O4        P1        H2        115.79953474  115.53871066  115.52808392  115.71283000  115.71283079
O4        P1        H3        115.79844983  115.53855095  115.52793171  115.71185713  115.71185792
C5        P1        H2        102.51995000  103.12546478  103.13353714  102.66517240  102.66517133
C5        P1        H3        102.51863905  103.12564162  103.13371205  102.66404511  102.66404404
C5        P1        O4        117.11492142  116.56320339  116.56320112  116.97263922  116.97264052
H6        C5        P1        108.44177779  110.08916342  110.10415804  109.52527659  109.52524466
