 AIMInt (Version 19.10.12, Professional)
 Portions Copyright (c) 1997-2019 by Todd A. Keith
 AIMInt is a component of the AIMAll package ( http://aim.tkgristmill.com )

 TP:  64-bit Mac OS X

 AIMInt is a heavily modified and extended version of the PROAIMV program
 developed by members of R.F.W. Bader's research group

 Much of the Quantum Theory of Atoms in Molecules (QTAIM) is described in the book:
   "Atoms in Molecules - A Quantum Theory"
   R.F.W. Bader, Oxford University Press, Oxford, 1990

 For additional references see:  http://aim.tkgristmill.com/references.html

 Current Directory:  /Users/chemlab/Documents/SubstituentCoding/HanschLeoTaftSubstituents/QTAIM

 Inp File:  SubH_AsO-C6H5-2_wb97xd_aug-cc-pvtz_atomicfiles/as1.inp
 Wfx File:  SubH_AsO-C6H5-2_wb97xd_aug-cc-pvtz.wfx
 Out File:  SubH_AsO-C6H5-2_wb97xd_aug-cc-pvtz_atomicfiles/as1.int

 Wfx Title:   Title Card Required                                                           
 Job Title:   Title Card Required                                                           
 
<Atom>
As1     
</Atom>
<Nuclei of Molecule>
    25
As1       33.0          -5.3208027851E-02  -2.1440785859E+00  -1.0041145093E+00
H2         1.0           2.5355490096E-02  -2.2637913563E+00  -3.8679903787E+00
C3         6.0          -2.9027381812E+00   8.2426052836E-03  -2.6598873521E-01
C4         6.0          -4.8685685882E+00  -1.0294145350E+00   1.1253035154E+00
C5         6.0          -3.0098287713E+00   2.5072140174E+00  -1.0634474101E+00
C6         6.0          -6.9573376848E+00   4.4240606348E-01   1.7108104053E+00
H7         1.0          -4.7375792618E+00  -2.9748575537E+00   1.7448002278E+00
C8         6.0          -5.1007412639E+00   3.9686312833E+00  -4.7560734623E-01
H9         1.0          -1.4651528530E+00   3.3313815952E+00  -2.1234119422E+00
C10        6.0          -7.0733082177E+00   2.9337792338E+00   9.0939439492E-01
H11        1.0          -8.4927168011E+00  -3.5756130114E-01   2.7961476405E+00
H12        1.0          -5.1899011308E+00   5.9154152008E+00  -1.0901484378E+00
H13        1.0          -8.7028420811E+00   4.0784313649E+00   1.3691175077E+00
C14        6.0           2.9427084266E+00  -2.3629237246E-01  -2.1091324461E-01
C15        6.0           3.9242876386E+00   1.5282973486E+00  -1.8873568369E+00
C16        6.0           4.0957902706E+00  -6.4531044984E-01   2.1103199193E+00
C17        6.0           6.0515128812E+00   2.9087375100E+00  -1.2288899221E+00
H18        1.0           3.0546283623E+00   1.8193594109E+00  -3.7181850606E+00
C19        6.0           6.2240459142E+00   7.3621681630E-01   2.7597292293E+00
H20        1.0           3.3383557438E+00  -2.0591353464E+00   3.3799726920E+00
C21        6.0           7.1951015438E+00   2.5143928661E+00   1.0960672880E+00
H22        1.0           6.8227871455E+00   4.2797321806E+00  -2.5330442535E+00
H23        1.0           7.1309203250E+00   4.1938786511E-01   4.5630946304E+00
H24        1.0           8.8577836245E+00   3.5871793707E+00   1.6069009621E+00
O25        8.0          -2.5141468137E-01  -4.8552938024E+00   4.4149970960E-01
</Nuclei of Molecule>
<Total Number of CPs of DelSqRho>
    43
</Total Number of CPs of DelSqRho>
<Number of (3,+3) CPs of DelSqRho>
     5
</Number of (3,+3) CPs of DelSqRho>
<Number of (3,+1) CPs of DelSqRho>
    14
</Number of (3,+1) CPs of DelSqRho>
<Number of (3,-1) CPs of DelSqRho>
    16
</Number of (3,-1) CPs of DelSqRho>
<Number of (3,-3) CPs of DelSqRho>
     8
</Number of (3,-3) CPs of DelSqRho>
<Number of Degenerate CPs of DelSqRho>
     0
</Number of Degenerate CPs of DelSqRho>
<CP of DelSqRho>
CP# = 1       
Type = (3,+3)
Coords = -5.32080278497896E-02 -2.14407858584438E+00 -1.00411450928896E+00
DistFromNuc =  1.0381982840E-11
Rho =  2.4531785937E+04
DelSqRho = -2.7118310077E+10
GradDelSqRho = -7.4413130246E-01  1.5746312261E+01  4.3150383085E+01
HessDelSqRho_EigVals =  5.4424828646E+17  5.4424828665E+17  5.4424828666E+17
HessDelSqRho_EigVec1 =  9.6673893678E-02  8.5627539077E-01 -5.0739197219E-01
HessDelSqRho_EigVec2 =  9.3375874138E-01 -2.5452176691E-01 -2.5162130884E-01
HessDelSqRho_EigVec3 = -3.4459943583E-01 -4.4945647768E-01 -8.2416024139E-01
</CP of DelSqRho>
<CP of DelSqRho>
CP# = 2       
Type = (3,+1)
Coords = -5.80266392844734E-02 -2.14854957850554E+00 -7.92060944099747E-01
DistFromNuc =  2.1215542250E-01
Rho =  6.4393180903E+01
DelSqRho =  8.0838643985E+03
GradDelSqRho =  0.0000000000E+00 -1.0913936421E-11  2.0008883439E-11
HessDelSqRho_EigVals = -4.9923730554E+06  4.6621367261E+03  5.1512011946E+03
HessDelSqRho_EigVec1 = -2.2821138249E-02 -2.2209163672E-02  9.9949284575E-01
HessDelSqRho_EigVec2 = -9.2978634006E-01  3.6786807334E-01 -1.3055361440E-02
HessDelSqRho_EigVec3 =  3.6739155882E-01  9.2961273317E-01  2.9044945165E-02
</CP of DelSqRho>
<CP of DelSqRho>
CP# = 3       
Type = (3,-1)
Coords =  1.57042949490091E-01 -2.11763655092527E+00 -1.00607007538347E+00
DistFromNuc =  2.1191620731E-01
Rho =  6.4587835037E+01
DelSqRho =  8.1104767903E+03
GradDelSqRho =  2.9103830457E-11 -3.6379788071E-12 -2.9103830457E-11
HessDelSqRho_EigVals = -5.0200971060E+06 -3.0561240248E+03  2.1592640134E+03
HessDelSqRho_EigVec1 =  9.9192433978E-01  1.2654742931E-01 -8.4765731453E-03
HessDelSqRho_EigVec2 = -1.2509496139E-01  9.8717968929E-01  9.9133807028E-02
HessDelSqRho_EigVec3 =  2.0913029281E-02 -9.7272859496E-02  9.9503800732E-01
</CP of DelSqRho>
<CP of DelSqRho>
CP# = 4       
Type = (3,-1)
Coords = -4.66961250609884E-02 -1.93257614313592E+00 -9.90548621891990E-01
DistFromNuc =  2.1203707566E-01
Rho =  6.4474116151E+01
DelSqRho =  8.1086176692E+03
GradDelSqRho =  1.6370904632E-11  9.0949470177E-12  9.4587448984E-11
HessDelSqRho_EigVals = -5.0086057533E+06 -2.0980362090E+03  1.5262516938E+03
HessDelSqRho_EigVec1 =  3.0595580762E-02  9.9739206289E-01  6.5368060355E-02
HessDelSqRho_EigVec2 =  9.9906794044E-01 -3.2508190168E-02  2.8398379652E-02
HessDelSqRho_EigVec3 = -3.0449315801E-02 -6.4438268511E-02  9.9745704104E-01
</CP of DelSqRho>
<CP of DelSqRho>
CP# = 5       
Type = (3,-3)
Coords = -4.56734244001873E-02 -1.97670310639491E+00 -8.74255747092918E-01
DistFromNuc =  2.1197787500E-01
Rho =  6.4513009374E+01
DelSqRho =  8.1144626502E+03
GradDelSqRho =  1.8189894035E-12  2.5465851650E-11  2.0008883439E-11
HessDelSqRho_EigVals = -5.0137262388E+06 -2.4515862465E+03 -1.0536872756E+03
HessDelSqRho_EigVec1 =  3.5594794700E-02  7.9010113353E-01  6.1194216180E-01
HessDelSqRho_EigVec2 = -1.6622731846E-01 -5.9911941824E-01  7.8321414778E-01
HessDelSqRho_EigVec3 =  9.8544481793E-01 -1.2959985140E-01  1.1001086004E-01
</CP of DelSqRho>
<CP of DelSqRho>
CP# = 6       
Type = (3,-3)
Coords = -6.14045539643836E-02 -2.27767772247214E+00 -1.16842942947463E+00
DistFromNuc =  2.1193231312E-01
Rho =  6.4553087831E+01
DelSqRho =  8.1174179783E+03
GradDelSqRho = -1.8189894035E-11 -2.5465851650E-11 -4.0245140553E-11
HessDelSqRho_EigVals = -5.0188861418E+06 -2.3458601195E+03 -1.8482101046E+03
HessDelSqRho_EigVec1 =  3.8526202897E-02  6.2942945494E-01  7.7610198617E-01
HessDelSqRho_EigVec2 =  8.4201849820E-01  3.9776994825E-01 -3.6439527570E-01
HessDelSqRho_EigVec3 = -5.3807116665E-01  6.6753099517E-01 -5.1466667864E-01
</CP of DelSqRho>
<CP of DelSqRho>
CP# = 7       
Type = (3,-3)
Coords =  1.18204836413756E-01 -2.13808919409924E+00 -8.79635302209607E-01
DistFromNuc =  2.1192761935E-01
Rho =  6.4555055975E+01
DelSqRho =  8.1196202256E+03
GradDelSqRho = -9.4587448984E-11  2.0008883439E-11 -1.5279510990E-10
HessDelSqRho_EigVals = -5.0199634741E+06 -3.1004309795E+03 -1.8744002418E+03
HessDelSqRho_EigVec1 =  8.0926903554E-01  2.9269996637E-02  5.8670852679E-01
HessDelSqRho_EigVec2 = -5.8743175530E-01  4.4997671168E-02  8.0802174628E-01
HessDelSqRho_EigVec3 =  2.7497235635E-03  9.9855819905E-01 -5.3609347450E-02
</CP of DelSqRho>
<CP of DelSqRho>
CP# = 8       
Type = (3,-3)
Coords = -2.08001274258755E-01 -2.10788974749103E+00 -1.14433042255899E+00
DistFromNuc =  2.1196953435E-01
Rho =  6.4518487063E+01
DelSqRho =  8.1165529834E+03
GradDelSqRho = -2.0008883439E-11 -7.5203843153E-11 -9.4587448984E-11
HessDelSqRho_EigVals = -5.0150516482E+06 -2.8036087285E+03 -1.4990937175E+03
HessDelSqRho_EigVec1 =  7.2975812736E-01 -1.7138065609E-01  6.6187744052E-01
HessDelSqRho_EigVec2 = -6.1714786891E-01 -5.8174877073E-01  5.2980833859E-01
HessDelSqRho_EigVec3 = -2.9424748673E-01  7.9510819293E-01  5.3030310020E-01
</CP of DelSqRho>
<CP of DelSqRho>
CP# = 9       
Type = (3,+1)
Coords =  8.95041385735867E-02 -1.98789235485300E+00 -9.92584362449326E-01
DistFromNuc =  2.1188167803E-01
Rho =  6.4655262652E+01
DelSqRho =  8.0986751277E+03
GradDelSqRho = -3.6379788071E-12 -1.0913936421E-11 -1.8189894035E-11
HessDelSqRho_EigVals = -5.0233687045E+06  2.3105583343E+03  2.9302892060E+03
HessDelSqRho_EigVec1 =  6.7450201275E-01  7.3618991394E-01  5.5420622569E-02
HessDelSqRho_EigVec2 =  7.3744306888E-01 -6.6828428278E-01 -9.7845988954E-02
HessDelSqRho_EigVec3 =  3.4996499183E-02 -1.0686687048E-01  9.9365724324E-01
</CP of DelSqRho>
<CP of DelSqRho>
CP# = 10      
Type = (3,+1)
Coords = -1.83631254319641E-01 -1.97709678217102E+00 -1.00301531745794E+00
DistFromNuc =  2.1188286619E-01
Rho =  6.4652429820E+01
DelSqRho =  8.0993172039E+03
GradDelSqRho =  2.1827872843E-11  1.4551915228E-11 -3.0922819860E-11
HessDelSqRho_EigVals = -5.0231538790E+06  2.1594378601E+03  2.6471887869E+03
HessDelSqRho_EigVec1 = -6.1656723382E-01  7.8727747305E-01  6.2471283274E-03
HessDelSqRho_EigVec2 =  7.2847746875E-01  5.6747176777E-01  3.8379209256E-01
HessDelSqRho_EigVec3 = -2.9860579985E-01 -2.4118452110E-01  9.2339839889E-01
</CP of DelSqRho>
<CP of DelSqRho>
CP# = 11      
Type = (3,-1)
Coords =  3.11880322107254E-01 -2.34775169961948E+00 -1.16039827820876E+00
DistFromNuc =  4.4631475102E-01
Rho =  1.1910861954E+01
DelSqRho = -1.7173543082E+02
GradDelSqRho =  4.5474735089E-13 -6.8212102633E-13 -1.8189894035E-12
HessDelSqRho_EigVals = -2.4978290314E+02 -1.9882242791E+02  6.6378008814E+04
HessDelSqRho_EigVec1 = -1.4981839513E-01 -7.5684884191E-01  6.3618729867E-01
HessDelSqRho_EigVec2 =  5.5532077948E-01  4.6795615148E-01  6.8748517960E-01
HessDelSqRho_EigVec3 =  8.1803012191E-01 -4.5628595287E-01 -3.5018544923E-01
</CP of DelSqRho>
<CP of DelSqRho>
CP# = 12      
Type = (3,+3)
Coords = -8.09770961524595E-02 -2.53577373016193E+00 -7.98741131604703E-01
DistFromNuc =  4.4314154792E-01
Rho =  1.2267568998E+01
DelSqRho = -1.9139042939E+02
GradDelSqRho =  0.0000000000E+00 -6.9348971010E-12  5.2295945352E-12
HessDelSqRho_EigVals =  2.4833583325E+02  2.6007575685E+02  7.1642337220E+04
HessDelSqRho_EigVec1 =  2.7102784404E-01  4.3186007556E-01  8.6025623096E-01
HessDelSqRho_EigVec2 =  9.6052833642E-01 -1.7953815377E-01 -2.1248850857E-01
HessDelSqRho_EigVec3 =  6.2683512105E-02  8.8389078878E-01 -4.6347367868E-01
</CP of DelSqRho>
<CP of DelSqRho>
CP# = 13      
Type = (3,-1)
Coords = -1.51700754306067E-01 -2.19990073311255E+00 -1.18328181908989E+00
DistFromNuc =  2.1193832639E-01
Rho =  6.4554541117E+01
DelSqRho =  8.1131882814E+03
GradDelSqRho = -1.0913936421E-11 -5.2295945352E-11  3.8198777474E-11
HessDelSqRho_EigVals = -5.0174317170E+06 -3.7965872140E+03  1.1882129694E+03
HessDelSqRho_EigVec1 =  4.6322036173E-01  2.6257774339E-01  8.4645131292E-01
HessDelSqRho_EigVec2 =  6.0252220038E-01  6.0710763938E-01 -5.1806110861E-01
HessDelSqRho_EigVec3 = -6.4991837528E-01  7.4998216171E-01  1.2301570060E-01
</CP of DelSqRho>
<CP of DelSqRho>
CP# = 14      
Type = (3,+1)
Coords = -2.20524038550374E-01 -2.26907480704824E+00 -1.04140590771753E+00
DistFromNuc =  2.1215407408E-01
Rho =  6.4395050611E+01
DelSqRho =  8.0849135493E+03
GradDelSqRho = -2.1827872843E-11 -7.2759576142E-12 -3.4560798667E-11
HessDelSqRho_EigVals = -4.9927870781E+06  4.0119091570E+03  5.2009352764E+03
HessDelSqRho_EigVec1 =  7.8824741140E-01  5.8994504305E-01  1.7501675519E-01
HessDelSqRho_EigVec2 = -5.8753421961E-01  6.3696751579E-01  4.9907506912E-01
HessDelSqRho_EigVec3 =  1.8294687536E-01 -4.9622296401E-01  8.4870089595E-01
</CP of DelSqRho>
<CP of DelSqRho>
CP# = 15      
Type = (3,-1)
Coords = -6.06034551286468E-02 -2.33694681900061E+00 -1.09173463510495E+00
DistFromNuc =  2.1196729501E-01
Rho =  6.4532435010E+01
DelSqRho =  8.1138365092E+03
GradDelSqRho =  1.8189894035E-12  1.5825207811E-10  8.9471541287E-11
HessDelSqRho_EigVals = -5.0164458995E+06 -4.0784925490E+03  2.2289779965E+03
HessDelSqRho_EigVec1 =  3.4955564492E-02  9.1022887189E-01  4.1262756728E-01
HessDelSqRho_EigVec2 =  9.9915145691E-01 -4.0828488438E-02  5.4222401985E-03
HessDelSqRho_EigVec3 = -2.1782439439E-02 -4.1208789754E-01  9.1088368633E-01
</CP of DelSqRho>
<CP of DelSqRho>
CP# = 16      
Type = (3,-1)
Coords = -4.30359331979466E-01 -2.30497210121150E+00 -1.18037464602317E+00
DistFromNuc =  4.4631543251E-01
Rho =  1.1910261563E+01
DelSqRho = -1.7170770464E+02
GradDelSqRho =  4.0358827391E-12  2.3305801733E-12  3.4106051316E-12
HessDelSqRho_EigVals = -2.5340114829E+02 -1.9761664765E+02  6.6375916506E+04
HessDelSqRho_EigVec1 = -5.8399592124E-02  7.9640241939E-01 -6.0194075624E-01
HessDelSqRho_EigVec2 = -5.3149551696E-01  4.8560389178E-01  6.9404709907E-01
HessDelSqRho_EigVec3 =  8.4504556273E-01  3.6046088092E-01  3.9492524639E-01
</CP of DelSqRho>
<CP of DelSqRho>
CP# = 17      
Type = (3,-1)
Coords = -3.08226697779849E-02 -1.74730506734140E+00 -1.20792309740347E+00
DistFromNuc =  4.4661870744E-01
Rho =  1.1882375041E+01
DelSqRho = -1.6958255981E+02
GradDelSqRho = -3.1263880373E-13  1.3073986338E-12  1.9326762413E-12
HessDelSqRho_EigVals = -3.5943899581E+02 -3.5602938040E+02  6.5981044000E+04
HessDelSqRho_EigVec1 =  4.4201071868E-01  3.8998740241E-01  8.0779722117E-01
HessDelSqRho_EigVec2 =  8.9560659974E-01 -2.4222049483E-01 -3.7311935139E-01
HessDelSqRho_EigVec3 =  5.0153195997E-02  8.8839127520E-01 -4.5633934641E-01
</CP of DelSqRho>
<CP of DelSqRho>
CP# = 18      
Type = (3,+1)
Coords = -6.70587899421249E-02 -2.50240361533892E+00 -1.26817439233257E+00
DistFromNuc =  4.4532717434E-01
Rho =  1.2019844828E+01
DelSqRho = -1.7782511873E+02
GradDelSqRho = -7.6738615462E-13 -1.0004441720E-11 -6.3664629124E-12
HessDelSqRho_EigVals = -3.0100319131E+02  1.3466376442E+02  6.7987438481E+04
HessDelSqRho_EigVec1 = -6.2676255218E-02 -5.9047486963E-01  8.0461861485E-01
HessDelSqRho_EigVec2 =  9.9754877638E-01 -6.2197852202E-02  3.2060348287E-02
HessDelSqRho_EigVec3 =  3.1114719710E-02  8.0465573727E-01  5.9292581214E-01
</CP of DelSqRho>
<CP of DelSqRho>
CP# = 19      
Type = (3,-1)
Coords = -4.32208877250123E-02 -2.01238271151047E+00 -5.77809349230037E-01
DistFromNuc =  4.4629545793E-01
Rho =  1.1911375332E+01
DelSqRho = -1.7188225079E+02
GradDelSqRho =  3.4106051316E-13  2.2737367544E-13  4.5474735089E-13
HessDelSqRho_EigVals = -2.4998918092E+02 -1.7856477096E+02  6.6407173633E+04
HessDelSqRho_EigVec1 =  1.7133233178E-01  9.4016827707E-01 -2.9449761100E-01
HessDelSqRho_EigVec2 =  9.8495902197E-01 -1.7024744494E-01  2.9521729993E-02
HessDelSqRho_EigVec3 =  2.2382071789E-02  2.9512610574E-01  9.5519611838E-01
</CP of DelSqRho>
<CP of DelSqRho>
CP# = 20      
Type = (3,+3)
Coords = -4.15244445088516E-02 -2.14729697868179E+00 -1.44747805705315E+00
DistFromNuc =  4.4352914184E-01
Rho =  1.2198959654E+01
DelSqRho = -1.8945774297E+02
GradDelSqRho =  1.1368683772E-12  0.0000000000E+00  1.3642420527E-12
HessDelSqRho_EigVals =  3.3421346591E+02  3.8919911239E+02  7.0839005342E+04
HessDelSqRho_EigVec1 = -9.9632224117E-01  8.1366276042E-02 -2.6861140728E-02
HessDelSqRho_EigVec2 =  8.1532085103E-02  9.9665749131E-01 -5.1345994820E-03
HessDelSqRho_EigVec3 = -2.6353573893E-02  7.3057604752E-03  9.9962598756E-01
</CP of DelSqRho>
<CP of DelSqRho>
CP# = 21      
Type = (3,+3)
Coords =  3.05574564367904E-01 -1.89700709509040E+00 -9.20763693425207E-01
DistFromNuc =  4.4352748340E-01
Rho =  1.2199981637E+01
DelSqRho = -1.8942480125E+02
GradDelSqRho = -3.7232439354E-12  4.5190517994E-12  1.4779288904E-12
HessDelSqRho_EigVals =  3.1967855612E+02  3.8795194254E+02  7.0847654139E+04
HessDelSqRho_EigVec1 = -5.1393493339E-01  5.1488290762E-01  6.8612424216E-01
HessDelSqRho_EigVec2 = -2.8540049648E-01  6.5164411552E-01 -7.0278482007E-01
HessDelSqRho_EigVec3 =  8.0896071651E-01  5.5700586905E-01  1.8795483764E-01
</CP of DelSqRho>
<CP of DelSqRho>
CP# = 22      
Type = (3,+1)
Coords =  2.91166792790549E-01 -2.25507374619982E+00 -7.44518189170453E-01
DistFromNuc =  4.4531358853E-01
Rho =  1.2021776661E+01
DelSqRho = -1.7783410773E+02
GradDelSqRho = -2.8421709430E-13  1.1084466678E-12  1.5631940187E-12
HessDelSqRho_EigVals = -2.9953917692E+02  1.1915856237E+02  6.8014741289E+04
HessDelSqRho_EigVec1 =  4.4734475291E-01  8.6609753154E-01 -2.2306442545E-01
HessDelSqRho_EigVec2 = -4.4930498782E-01  4.3328662278E-01  7.8127314714E-01
HessDelSqRho_EigVec3 =  7.7330957576E-01 -2.4927448400E-01  5.8297043807E-01
</CP of DelSqRho>
<CP of DelSqRho>
CP# = 23      
Type = (3,+1)
Coords = -4.09750252646934E-01 -2.21275125999748E+00 -7.46381669036232E-01
DistFromNuc =  4.4526903236E-01
Rho =  1.2027347814E+01
DelSqRho = -1.7805374638E+02
GradDelSqRho = -4.5474735089E-13  5.6843418861E-13 -2.7284841053E-12
HessDelSqRho_EigVals = -2.9838155606E+02  1.1137862954E+02  6.8097234241E+04
HessDelSqRho_EigVec1 = -3.4332987254E-01  9.1001211272E-01 -2.3238449458E-01
HessDelSqRho_EigVec2 =  4.9089263162E-01  3.8480518792E-01  7.8163251696E-01
HessDelSqRho_EigVec3 =  8.0071781724E-01  1.5428195633E-01 -5.7883335695E-01
</CP of DelSqRho>
<CP of DelSqRho>
CP# = 24      
Type = (3,+1)
Coords =  2.58634554123359E-01 -1.99169418368192E+00 -1.28270716842459E+00
DistFromNuc =  4.4506254806E-01
Rho =  1.2042516379E+01
DelSqRho = -1.7953153932E+02
GradDelSqRho =  2.7284841053E-12  9.0949470177E-13 -3.6379788071E-12
HessDelSqRho_EigVals = -3.1441973646E+02  2.7209627846E+02  6.8416702961E+04
HessDelSqRho_EigVec1 =  5.1583241777E-01  3.6301114229E-01  7.7597669253E-01
HessDelSqRho_EigVec2 = -4.9293133270E-01  8.6658971348E-01 -7.7723675500E-02
HessDelSqRho_EigVec3 =  7.0066797988E-01  3.4241083374E-01 -6.2595463327E-01
</CP of DelSqRho>
<CP of DelSqRho>
CP# = 25      
Type = (3,+1)
Coords = -3.61307274733118E-02 -1.73623152101966E+00 -8.26658851595512E-01
DistFromNuc =  4.4510827101E-01
Rho =  1.2035915393E+01
DelSqRho = -1.7929623285E+02
GradDelSqRho = -1.0516032489E-12 -1.0004441720E-11 -2.7284841053E-12
HessDelSqRho_EigVals = -2.9823425765E+02  2.7145203222E+02  6.8328087975E+04
HessDelSqRho_EigVec1 =  9.9892630614E-01 -4.5540613511E-02  8.5022009375E-03
HessDelSqRho_EigVec2 = -2.5945411515E-02 -3.9789760824E-01  9.1706288169E-01
HessDelSqRho_EigVec3 =  3.8380600843E-02  9.1629883001E-01  3.9865195798E-01
</CP of DelSqRho>
<CP of DelSqRho>
CP# = 26      
Type = (3,+1)
Coords = -3.36134374687998E-01 -1.96038160263538E+00 -1.29449504587788E+00
DistFromNuc =  4.4509859066E-01
Rho =  1.2038000028E+01
DelSqRho = -1.7936547785E+02
GradDelSqRho =  2.8421709430E-12 -7.9580786405E-13  3.8653524825E-12
HessDelSqRho_EigVals = -3.0891616594E+02  2.7383747585E+02  6.8350568691E+04
HessDelSqRho_EigVec1 = -5.1137929227E-01  4.0796611990E-01  7.5634308647E-01
HessDelSqRho_EigVec2 =  5.7831271882E-01  8.1438620903E-01 -4.8264912566E-02
HessDelSqRho_EigVec3 =  6.3564582803E-01 -4.1272114987E-01  6.5239223920E-01
</CP of DelSqRho>
<CP of DelSqRho>
CP# = 27      
Type = (3,+3)
Coords = -3.87885453048235E-01 -1.86284635603940E+00 -9.28994965467948E-01
DistFromNuc =  4.4355776612E-01
Rho =  1.2197138499E+01
DelSqRho = -1.8925075950E+02
GradDelSqRho = -4.5474735089E-12  3.1832314562E-12 -9.0949470177E-13
HessDelSqRho_EigVals =  3.1156265952E+02  3.8034058063E+02  7.0802513293E+04
HessDelSqRho_EigVec1 =  5.0897046591E-01  4.0246557698E-01  7.6090112641E-01
HessDelSqRho_EigVec2 =  4.1420233692E-01  6.6038482396E-01 -6.2636116449E-01
HessDelSqRho_EigVec3 =  7.5457636388E-01 -6.3396635844E-01 -1.6941418902E-01
</CP of DelSqRho>
<CP of DelSqRho>
CP# = 28      
Type = (3,-3)
Coords =  5.52161171441012E-01 -1.77905625674503E+00 -8.38484371116321E-01
DistFromNuc =  7.2604855958E-01
Rho =  3.1677316767E+00
DelSqRho =  4.3895526163E+01
GradDelSqRho = -8.5265128291E-13 -4.4053649617E-13  1.0658141036E-13
HessDelSqRho_EigVals = -2.6648528342E+03 -8.6629579286E+00 -7.7175286808E+00
HessDelSqRho_EigVec1 =  8.3421567371E-01  5.0168138831E-01  2.2891045053E-01
HessDelSqRho_EigVec2 = -3.3801330698E-01  7.9319321901E-01 -5.0654863698E-01
HessDelSqRho_EigVec3 = -4.3569624056E-01  3.4519603408E-01  8.3126920069E-01
</CP of DelSqRho>
<CP of DelSqRho>
CP# = 29      
Type = (3,-3)
Coords = -6.23516333403629E-01 -1.72464479249985E+00 -8.43104078232110E-01
DistFromNuc =  7.2601696213E-01
Rho =  3.1681052512E+00
DelSqRho =  4.3892656165E+01
GradDelSqRho = -8.5265128291E-14 -3.2684965845E-13  1.9184653866E-13
HessDelSqRho_EigVals = -2.6646942016E+03 -8.6028480674E+00 -7.8149337378E+00
HessDelSqRho_EigVec1 =  7.8608755670E-01 -5.7655711874E-01 -2.2281885475E-01
HessDelSqRho_EigVec2 =  4.5725823975E-01  7.8497675127E-01 -4.1800287337E-01
HessDelSqRho_EigVec3 =  4.1591015301E-01  2.2670110012E-01  8.8069594970E-01
</CP of DelSqRho>
<CP of DelSqRho>
CP# = 30      
Type = (3,-3)
Coords = -9.99128653804051E-02 -2.78282145631252E+00 -6.63274852592629E-01
DistFromNuc =  7.2549670432E-01
Rho =  3.1767702125E+00
DelSqRho =  4.4695445611E+01
GradDelSqRho = -8.5265128291E-14  3.0198066270E-13  1.7763568394E-14
HessDelSqRho_EigVals = -2.7056459406E+03 -1.2984987355E+01 -1.2745225755E+01
HessDelSqRho_EigVec1 =  6.4444732111E-02  8.8035790918E-01 -4.6991151109E-01
HessDelSqRho_EigVec2 =  4.4037521783E-01  3.9747109557E-01  8.0503813307E-01
HessDelSqRho_EigVec3 =  8.9549793077E-01 -2.5881785088E-01 -3.6207288775E-01
</CP of DelSqRho>
<CP of DelSqRho>
CP# = 31      
Type = (3,+1)
Coords = -4.80367551937491E-02 -2.00248101528964E+00 -2.93789325529939E-01
DistFromNuc =  7.2431932234E-01
Rho =  3.1882683818E+00
DelSqRho =  4.2580209004E+01
GradDelSqRho =  1.8474111130E-13 -3.4106051316E-13 -3.1974423109E-12
HessDelSqRho_EigVals = -2.5916145424E+03  6.6809998129E+00  8.9251832436E+00
HessDelSqRho_EigVec1 =  7.3201188658E-03  1.9681784174E-01  9.8041274626E-01
HessDelSqRho_EigVec2 =  9.9517473968E-01 -9.7367527374E-02  1.2116192137E-02
HessDelSqRho_EigVec3 =  9.7845047696E-02  9.7559330757E-01 -1.9658088630E-01
</CP of DelSqRho>
<CP of DelSqRho>
CP# = 32      
Type = (3,-3)
Coords = -3.38534933973015E-02 -2.19541176031975E+00 -1.72815871733898E+00
DistFromNuc =  7.2611962377E-01
Rho =  3.1664863882E+00
DelSqRho =  4.3891152671E+01
GradDelSqRho =  1.0658141036E-13  2.4158453016E-13 -2.2737367544E-13
HessDelSqRho_EigVals = -2.6642091220E+03 -8.7772223013E+00 -7.8162535280E+00
HessDelSqRho_EigVec1 = -2.6665607464E-02  7.1908191572E-02  9.9705474141E-01
HessDelSqRho_EigVec2 = -9.2378101633E-02  9.9296418913E-01 -7.4083773202E-02
HessDelSqRho_EigVec3 =  9.9536688297E-01  9.4081513051E-02  1.9835251064E-02
</CP of DelSqRho>
<CP of DelSqRho>
CP# = 33      
Type = (3,-1)
Coords =  4.91175637635139E-01 -2.31647265532043E+00 -5.58120579846371E-01
DistFromNuc =  7.2455771028E-01
Rho =  3.1865042236E+00
DelSqRho =  4.3204226180E+01
GradDelSqRho =  3.5527136788E-14 -1.2345680034E-13  7.1054273576E-14
HessDelSqRho_EigVals = -2.6296424759E+03 -5.8665270904E+00  9.5131092103E+00
HessDelSqRho_EigVec1 =  7.5123878246E-01 -2.3777917604E-01  6.1571207165E-01
HessDelSqRho_EigVec2 = -4.8240386404E-01  4.3887348987E-01  7.5807425220E-01
HessDelSqRho_EigVec3 =  4.5047397671E-01  8.6651666073E-01 -2.1499319287E-01
</CP of DelSqRho>
<CP of DelSqRho>
CP# = 34      
Type = (3,-1)
Coords = -6.27714858991175E-01 -2.25180503684067E+00 -5.76063431489085E-01
DistFromNuc =  7.2449348684E-01
Rho =  3.1875656291E+00
DelSqRho =  4.3257494412E+01
GradDelSqRho = -1.8758328224E-12  1.2256862192E-13  1.0231815395E-12
HessDelSqRho_EigVals = -2.6335320248E+03 -6.1666455668E+00  9.3121354113E+00
HessDelSqRho_EigVec1 =  7.9292010345E-01  1.4877230119E-01 -5.9088451659E-01
HessDelSqRho_EigVec2 =  5.0758606213E-01  3.7521235720E-01  7.7561077644E-01
HessDelSqRho_EigVec3 = -3.3709657234E-01  9.1492212204E-01 -2.2199867458E-01
</CP of DelSqRho>
<CP of DelSqRho>
CP# = 35      
Type = (3,+1)
Coords = -2.52152614105575E-02 -1.49731941003600E+00 -1.32716222485302E+00
DistFromNuc =  7.2349212367E-01
Rho =  3.1988913526E+00
DelSqRho =  4.2757836227E+01
GradDelSqRho =  3.1086244690E-14 -6.6968652845E-13  1.8118839762E-13
HessDelSqRho_EigVals = -2.6034528394E+03  5.5209417176E+00  5.8265146666E+00
HessDelSqRho_EigVec1 =  3.8973380121E-02  8.9383426129E-01 -4.4670055853E-01
HessDelSqRho_EigVec2 =  3.2907777685E-01  4.1062121604E-01  8.5035171178E-01
HessDelSqRho_EigVec3 =  9.4349822068E-01 -1.8014030722E-01 -2.7813769484E-01
</CP of DelSqRho>
<CP of DelSqRho>
CP# = 36      
Type = (3,+1)
Coords =  5.25056314817943E-01 -2.52975195037768E+00 -1.20773731416131E+00
DistFromNuc =  7.2428988725E-01
Rho =  3.1888248393E+00
DelSqRho =  4.2590503220E+01
GradDelSqRho =  7.6738615462E-13 -3.2684965845E-13 -2.4868995752E-13
HessDelSqRho_EigVals = -2.5918259967E+03  6.2309014731E+00  9.1243831067E+00
HessDelSqRho_EigVec1 =  7.9876659423E-01 -5.3143032477E-01 -2.8205272177E-01
HessDelSqRho_EigVec2 =  5.1371668089E-01  3.5842636281E-01  7.7950350494E-01
HessDelSqRho_EigVec3 = -3.1315666961E-01 -7.6753654789E-01  5.5930362767E-01
</CP of DelSqRho>
<CP of DelSqRho>
CP# = 37      
Type = (3,+1)
Coords = -6.61337466990762E-01 -2.45952334761299E+00 -1.23911138828230E+00
DistFromNuc =  7.2425847983E-01
Rho =  3.1891254083E+00
DelSqRho =  4.2596466552E+01
GradDelSqRho = -3.8014036363E-13 -5.6843418861E-14 -8.5265128291E-14
HessDelSqRho_EigVals = -2.5923820814E+03  6.3222063478E+00  8.8380402522E+00
HessDelSqRho_EigVec1 =  8.3986325309E-01  4.3449841917E-01  3.2533189183E-01
HessDelSqRho_EigVec2 = -5.1406899432E-01  4.4430294841E-01  7.3370836108E-01
HessDelSqRho_EigVec3 =  1.7424920427E-01 -7.8345772941E-01  5.9651588499E-01
</CP of DelSqRho>
<CP of DelSqRho>
CP# = 38      
Type = (3,-1)
Coords = -2.64638036774067E-02 -1.49021544849117E+00 -6.92308598135187E-01
DistFromNuc =  7.2489666998E-01
Rho =  3.1818823043E+00
DelSqRho =  4.3189011389E+01
GradDelSqRho = -3.5527136788E-14 -2.8421709430E-13  1.1368683772E-13
HessDelSqRho_EigVals = -2.6286148515E+03 -5.2390747770E+00  7.0558245510E+00
HessDelSqRho_EigVec1 =  3.6896809202E-02  9.0185664264E-01  4.3045699157E-01
HessDelSqRho_EigVec2 = -2.2145723419E-02 -4.2990659606E-01  9.0260173144E-01
HessDelSqRho_EigVec3 =  9.9907366716E-01 -4.2835905349E-02  4.1100861221E-03
</CP of DelSqRho>
<CP of DelSqRho>
CP# = 39      
Type = (3,-1)
Coords = -5.29994704510831E-01 -1.86655761640922E+00 -1.47435145371728E+00
DistFromNuc =  7.2489047961E-01
Rho =  3.1819923927E+00
DelSqRho =  4.3215683940E+01
GradDelSqRho = -5.5155879863E-13  9.5923269328E-14 -4.9737991503E-13
HessDelSqRho_EigVals = -2.6300627706E+03 -5.4237377873E+00  7.0271808787E+00
HessDelSqRho_EigVec1 =  6.5795994189E-01 -3.8246860364E-01  6.4869598588E-01
HessDelSqRho_EigVec2 =  5.5515090324E-01  8.2839181653E-01 -7.4662393094E-02
HessDelSqRho_EigVec3 = -5.0881842489E-01  4.0924902631E-01  7.5737642224E-01
</CP of DelSqRho>
<CP of DelSqRho>
CP# = 40      
Type = (3,-1)
Coords =  4.67069900713357E-01 -1.91802281072714E+00 -1.45531230175457E+00
DistFromNuc =  7.2482396784E-01
Rho =  3.1830595885E+00
DelSqRho =  4.3262532916E+01
GradDelSqRho =  1.4210854715E-13  1.7408297026E-13  1.4210854715E-13
HessDelSqRho_EigVals = -2.6335279642E+03 -5.6924477782E+00  6.8690773943E+00
HessDelSqRho_EigVec1 =  7.1799008120E-01  3.1156607458E-01 -6.2242816812E-01
HessDelSqRho_EigVec2 = -4.6706402936E-01  8.7867056082E-01 -9.8940578273E-02
HessDelSqRho_EigVec3 =  5.1608277996E-01  3.6175216202E-01  7.7639805352E-01
</CP of DelSqRho>
<CP of DelSqRho>
CP# = 41      
Type = (3,-1)
Coords = -7.77651107998316E-02 -2.73138410860726E+00 -1.42789615267285E+00
DistFromNuc =  7.2465281940E-01
Rho =  3.1849859441E+00
DelSqRho =  4.3174818268E+01
GradDelSqRho = -2.1316282073E-13  7.9154460764E-12  5.5706550484E-12
HessDelSqRho_EigVals = -2.6271715669E+03 -5.6500649139E+00  9.5839268403E+00
HessDelSqRho_EigVec1 =  3.3918794068E-02  8.1042178623E-01  5.8486412423E-01
HessDelSqRho_EigVec2 =  9.9807823291E-01 -5.7832710346E-02  2.2253507844E-02
HessDelSqRho_EigVec3 = -5.1859005066E-02 -5.8298533945E-01  8.1082596011E-01
</CP of DelSqRho>
<CP of DelSqRho>
CP# = 42      
Type = (3,-1)
Coords =  1.65755590929079E+00 -2.07915438646931E+00  5.53408350714875E-01
DistFromNuc =  2.3144774485E+00
Rho =  4.1263346313E-02
DelSqRho =  9.5794990559E-02
GradDelSqRho = -1.3010426070E-17 -1.1275702594E-16  4.1633363423E-17
HessDelSqRho_EigVals = -2.5284271480E-01 -4.0314004933E-02  2.3260769842E-01
HessDelSqRho_EigVec1 =  1.5330619179E-01 -5.8794374368E-01  7.9424137756E-01
HessDelSqRho_EigVec2 = -6.0048890159E-01  5.8289458488E-01  5.4740020277E-01
HessDelSqRho_EigVec3 =  7.8479952257E-01  5.6085297288E-01  2.6369234382E-01
</CP of DelSqRho>
<CP of DelSqRho>
CP# = 43      
Type = (3,-1)
Coords = -2.06352058260669E+00 -2.16517364511542E+00  1.48784971656143E-01
DistFromNuc =  2.3175372235E+00
Rho =  4.1253213237E-02
DelSqRho =  1.0238175891E-01
GradDelSqRho =  1.1449174941E-16  2.9490299092E-17 -3.8163916471E-17
HessDelSqRho_EigVals = -2.5116763865E-01 -5.7290585088E-02  2.3968716313E-01
HessDelSqRho_EigVec1 =  4.2059547411E-01  7.3210444735E-01 -5.3583815218E-01
HessDelSqRho_EigVec2 =  4.4754345578E-01  3.4633116744E-01  8.2447533478E-01
HessDelSqRho_EigVec3 =  7.8917951212E-01 -5.8658145268E-01 -1.8198323279E-01
</CP of DelSqRho>
<Path of -GradDelSqRho>
Starting CP# =      2
Ending CP# =     12
Number of Points =     36
 -5.8026639284E-02 -2.1485495785E+00 -7.9206094410E-01  6.4393180903E+01  8.0838643985E+03
 -5.8597674632E-02 -2.1491095581E+00 -7.6707374073E-01  4.4130416667E+01  7.0046093161E+03
 -5.9169966300E-02 -2.1496813814E+00 -7.4208683444E-01  3.1643798457E+01  5.0811361247E+03
 -5.9743753087E-02 -2.1502672917E+00 -7.1710028889E-01  2.4220973504E+01  3.2868316043E+03
 -6.0319329545E-02 -2.1508700338E+00 -6.9211418508E-01  1.9881624017E+01  1.9000578916E+03
 -6.0897265218E-02 -2.1514950054E+00 -6.6712868243E-01  1.7294582952E+01  9.4684145614E+02
 -6.1478680780E-02 -2.1521529038E+00 -6.4214410750E-01  1.5624812585E+01  3.5717918036E+02
 -6.2065879940E-02 -2.1528657882E+00 -6.1716118243E-01  1.4386452272E+01  3.1791772004E+01
 -6.2664800694E-02 -2.1536906723E+00 -5.9218202179E-01  1.3321356902E+01 -1.2121857137E+02
 -6.3305900172E-02 -2.1549214502E+00 -5.6722198060E-01  1.2309298148E+01 -1.7170942399E+02
 -6.5089050344E-02 -2.1707158326E+00 -5.5897983646E-01  1.1956267264E+01 -1.7504706464E+02
 -6.7204887285E-02 -2.1932911178E+00 -5.6122242776E-01  1.1976583193E+01 -1.7593343825E+02
 -6.9252437374E-02 -2.2172818960E+00 -5.6492282067E-01  1.2000503696E+01 -1.7696468330E+02
 -7.1134318656E-02 -2.2416441125E+00 -5.7001575489E-01  1.2023721665E+01 -1.7809334165E+02
 -7.2810818851E-02 -2.2657467922E+00 -5.7642550965E-01  1.2045555221E+01 -1.7927849936E+02
 -7.4287250255E-02 -2.2894649268E+00 -5.8417819112E-01  1.2067882392E+01 -1.8049891052E+02
 -7.5573604693E-02 -2.3127212418E+00 -5.9325143696E-01  1.2090526904E+01 -1.8173467140E+02
 -7.6680075408E-02 -2.3354417461E+00 -6.0361434905E-01  1.2113121167E+01 -1.8296601883E+02
 -7.7617044021E-02 -2.3575547239E+00 -6.1523220793E-01  1.2135300959E+01 -1.8417360227E+02
 -7.8395239266E-02 -2.3789908468E+00 -6.2806669745E-01  1.2156712974E+01 -1.8533871917E+02
 -7.9025898932E-02 -2.3996832953E+00 -6.4207607194E-01  1.2177019588E+01 -1.8644351606E+02
 -7.9520965376E-02 -2.4195678729E+00 -6.5721531916E-01  1.2195903080E+01 -1.8747116374E+02
 -7.9893366626E-02 -2.4385831088E+00 -6.7343632278E-01  1.2213069426E+01 -1.8840601629E+02
 -8.0157474437E-02 -2.4566703147E+00 -6.9068806020E-01  1.2228253629E+01 -1.8923376403E+02
 -8.0280479904E-02 -2.4711062196E+00 -7.0667880928E-01  1.2259938446E+01 -1.8984267164E+02
 -8.0348177867E-02 -2.4803323071E+00 -7.1728703824E-01  1.2267559129E+01 -1.9019344825E+02
 -8.0392091616E-02 -2.4882099517E+00 -7.2689674262E-01  1.2273498933E+01 -1.9046789576E+02
 -8.0421384645E-02 -2.4949279110E+00 -7.3553604801E-01  1.2278098332E+01 -1.9068103431E+02
 -8.0442361087E-02 -2.5006547459E+00 -7.4325542865E-01  1.2281640865E+01 -1.9084559168E+02
 -8.0459192161E-02 -2.5055379448E+00 -7.5011878407E-01  1.2284357749E+01 -1.9097205785E+02
 -8.0474506784E-02 -2.5097047352E+00 -7.5619673701E-01  1.2286434350E+01 -1.9106890164E+02
 -8.0489850837E-02 -2.5132638040E+00 -7.6156185927E-01  1.2288017294E+01 -1.9114285485E+02
 -8.0506032462E-02 -2.5163074081E+00 -7.6628544189E-01  1.2289221358E+01 -1.9119920601E+02
 -8.0523374665E-02 -2.5189135515E+00 -7.7043543712E-01  1.2290135666E+01 -1.9124207298E+02
 -8.0541895710E-02 -2.5211480492E+00 -7.7407525439E-01  1.2290828992E+01 -1.9127464034E+02
 -8.0977096152E-02 -2.5357737302E+00 -7.9874113160E-01  1.2267568998E+01 -1.9139042939E+02
</Path of -GradDelSqRho>
<Path of -GradDelSqRho>
Starting CP# =      2
Ending CP# =      0
Number of Points =    400
 -5.8026639284E-02 -2.1485495785E+00 -7.9206094410E-01  6.4393180903E+01  8.0838643985E+03
 -5.7456510794E-02 -2.1479980014E+00 -8.1704835517E-01  9.5624891118E+01  5.9053159768E+03
 -5.6886978140E-02 -2.1474513537E+00 -8.4203588823E-01  1.4044475787E+02 -3.0107403095E+03
 -5.6317594592E-02 -2.1469035192E+00 -8.6702339861E-01  1.9919942667E+02 -1.8930556720E+04
 -5.5901196685E-02 -2.1462204003E+00 -8.8450506914E-01  2.4773218957E+02 -2.6193518817E+04
 -5.5858833558E-02 -2.1455153829E+00 -8.8448667666E-01  2.4771266417E+02 -2.6195016873E+04
 -5.5818856501E-02 -2.1448521143E+00 -8.8447374730E-01  2.4769593197E+02 -2.6196331477E+04
 -5.5781082329E-02 -2.1442271654E+00 -8.8446540219E-01  2.4768149500E+02 -2.6197490021E+04
 -5.5745353535E-02 -2.1436375996E+00 -8.8446091139E-01  2.4766896682E+02 -2.6198514561E+04
 -5.5711532152E-02 -2.1430808577E+00 -8.8445966197E-01  2.4765804202E+02 -2.6199423176E+04
 -5.5679495526E-02 -2.1425546771E+00 -8.8446113500E-01  2.4764847551E+02 -2.6200230898E+04
 -5.5649133324E-02 -2.1420570345E+00 -8.8446488835E-01  2.4764006806E+02 -2.6200950369E+04
 -5.5620345349E-02 -2.1415861044E+00 -8.8447054363E-01  2.4763265586E+02 -2.6201592329E+04
 -5.5593039913E-02 -2.1411402267E+00 -8.8447777583E-01  2.4762610295E+02 -2.6202165972E+04
 -5.5567132595E-02 -2.1407178826E+00 -8.8448630514E-01  2.4762029551E+02 -2.6202679223E+04
 -5.5542545277E-02 -2.1403176757E+00 -8.8449589027E-01  2.4761513752E+02 -2.6203138955E+04
 -5.5519205375E-02 -2.1399383165E+00 -8.8450632296E-01  2.4761054749E+02 -2.6203551152E+04
 -5.5497045219E-02 -2.1395786100E+00 -8.8451742341E-01  2.4760645578E+02 -2.6203921051E+04
 -5.5476001551E-02 -2.1392374457E+00 -8.8452903643E-01  2.4760280260E+02 -2.6204253250E+04
 -5.5456015094E-02 -2.1389137887E+00 -8.8454102818E-01  2.4759953639E+02 -2.6204551797E+04
 -5.5437030202E-02 -2.1386066729E+00 -8.8455328341E-01  2.4759661245E+02 -2.6204820268E+04
 -5.5418994548E-02 -2.1383151943E+00 -8.8456570303E-01  2.4759399190E+02 -2.6205061828E+04
 -5.5401858861E-02 -2.1380385060E+00 -8.8457820211E-01  2.4759164082E+02 -2.6205279284E+04
 -5.5385576694E-02 -2.1377758133E+00 -8.8459070805E-01  2.4758952949E+02 -2.6205475132E+04
 -5.5370104219E-02 -2.1375263698E+00 -8.8460315904E-01  2.4758763182E+02 -2.6205651592E+04
 -5.5355400044E-02 -2.1372894735E+00 -8.8461550271E-01  2.4758592482E+02 -2.6205810644E+04
 -5.5341425049E-02 -2.1370644635E+00 -8.8462769498E-01  2.4758438821E+02 -2.6205954055E+04
 -5.5328142239E-02 -2.1368507174E+00 -8.8463969897E-01  2.4758300406E+02 -2.6206083405E+04
 -5.5315516605E-02 -2.1366476481E+00 -8.8465148413E-01  2.4758175646E+02 -2.6206200107E+04
 -5.5303515007E-02 -2.1364547020E+00 -8.8466302544E-01  2.4758063129E+02 -2.6206305425E+04
 -5.5292106056E-02 -2.1362713564E+00 -8.8467430270E-01  2.4757961600E+02 -2.6206400494E+04
 -5.5281260014E-02 -2.1360971174E+00 -8.8468529993E-01  2.4757869939E+02 -2.6206486331E+04
 -5.5270948693E-02 -2.1359315185E+00 -8.8469600478E-01  2.4757787149E+02 -2.6206563849E+04
 -5.5261145372E-02 -2.1357741185E+00 -8.8470640813E-01  2.4757712339E+02 -2.6206633868E+04
 -5.5251824708E-02 -2.1356245003E+00 -8.8471650358E-01  2.4757644711E+02 -2.6206697125E+04
 -5.5242962664E-02 -2.1354822688E+00 -8.8472628715E-01  2.4757583552E+02 -2.6206754282E+04
 -5.5234536431E-02 -2.1353470504E+00 -8.8473575690E-01  2.4757528222E+02 -2.6206805937E+04
 -5.5226524368E-02 -2.1352184913E+00 -8.8474491267E-01  2.4757478149E+02 -2.6206852625E+04
 -5.5218905933E-02 -2.1350962562E+00 -8.8475375581E-01  2.4757432818E+02 -2.6206894830E+04
 -5.5211661625E-02 -2.1349800275E+00 -8.8476228896E-01  2.4757391766E+02 -2.6206932987E+04
 -5.5204772932E-02 -2.1348695044E+00 -8.8477051585E-01  2.4757354578E+02 -2.6206967488E+04
 -5.5198222271E-02 -2.1347644015E+00 -8.8477844114E-01  2.4757320879E+02 -2.6206998688E+04
 -5.5191992949E-02 -2.1346644483E+00 -8.8478607023E-01  2.4757290334E+02 -2.6207026905E+04
 -5.5186069108E-02 -2.1345693884E+00 -8.8479340917E-01  2.4757262640E+02 -2.6207052427E+04
 -5.5180435684E-02 -2.1344789783E+00 -8.8480046450E-01  2.4757237522E+02 -2.6207075513E+04
 -5.5175078369E-02 -2.1343929873E+00 -8.8480724317E-01  2.4757214736E+02 -2.6207096398E+04
 -5.5169983567E-02 -2.1343111963E+00 -8.8481375246E-01  2.4757194059E+02 -2.6207115293E+04
 -5.5165138362E-02 -2.1342333974E+00 -8.8481999986E-01  2.4757175290E+02 -2.6207132389E+04
 -5.5160530477E-02 -2.1341593933E+00 -8.8482599305E-01  2.4757158250E+02 -2.6207147858E+04
 -5.5156148250E-02 -2.1340889967E+00 -8.8483173982E-01  2.4757142774E+02 -2.6207161856E+04
 -5.5151980594E-02 -2.1340220297E+00 -8.8483724798E-01  2.4757128715E+02 -2.6207174523E+04
 -5.5148016973E-02 -2.1339583234E+00 -8.8484252540E-01  2.4757115941E+02 -2.6207185988E+04
 -5.5144247373E-02 -2.1338977175E+00 -8.8484757988E-01  2.4757104330E+02 -2.6207196364E+04
 -5.5140662276E-02 -2.1338400595E+00 -8.8485241918E-01  2.4757093773E+02 -2.6207205756E+04
 -5.5137252633E-02 -2.1337852048E+00 -8.8485705098E-01  2.4757084173E+02 -2.6207214256E+04
 -5.5134009841E-02 -2.1337330159E+00 -8.8486148283E-01  2.4757075439E+02 -2.6207221951E+04
 -5.5130925725E-02 -2.1336833622E+00 -8.8486572216E-01  2.4757067493E+02 -2.6207228917E+04
 -5.5127992509E-02 -2.1336361194E+00 -8.8486977625E-01  2.4757060259E+02 -2.6207235223E+04
 -5.5125202803E-02 -2.1335911698E+00 -8.8487365222E-01  2.4757053673E+02 -2.6207240932E+04
 -5.5122549579E-02 -2.1335484011E+00 -8.8487735702E-01  2.4757047675E+02 -2.6207246101E+04
 -5.5120026155E-02 -2.1335077069E+00 -8.8488089742E-01  2.4757042211E+02 -2.6207250780E+04
 -5.5117626179E-02 -2.1334689859E+00 -8.8488428001E-01  2.4757037230E+02 -2.6207255017E+04
 -5.5115343608E-02 -2.1334321418E+00 -8.8488751117E-01  2.4757032690E+02 -2.6207258853E+04
 -5.5113172699E-02 -2.1333970832E+00 -8.8489059712E-01  2.4757028550E+02 -2.6207262327E+04
 -5.5111107990E-02 -2.1333637229E+00 -8.8489354385E-01  2.4757024773E+02 -2.6207265472E+04
 -5.5109144285E-02 -2.1333319784E+00 -8.8489635719E-01  2.4757021326E+02 -2.6207268320E+04
 -5.5107276645E-02 -2.1333017709E+00 -8.8489904274E-01  2.4757018180E+02 -2.6207270899E+04
 -5.5105500373E-02 -2.1332730257E+00 -8.8490160592E-01  2.4757015306E+02 -2.6207273235E+04
 -5.5103811001E-02 -2.1332456718E+00 -8.8490405198E-01  2.4757012681E+02 -2.6207275349E+04
 -5.5102204281E-02 -2.1332196413E+00 -8.8490638595E-01  2.4757010281E+02 -2.6207277265E+04
 -5.5100676172E-02 -2.1331948702E+00 -8.8490861269E-01  2.4757008087E+02 -2.6207278999E+04
 -5.5099222832E-02 -2.1331712972E+00 -8.8491073687E-01  2.4757006081E+02 -2.6207280570E+04
 -5.5097840606E-02 -2.1331488641E+00 -8.8491276299E-01  2.4757004244E+02 -2.6207281992E+04
 -5.5096526019E-02 -2.1331275157E+00 -8.8491469536E-01  2.4757002563E+02 -2.6207283281E+04
 -5.5095275764E-02 -2.1331071993E+00 -8.8491653814E-01  2.4757001024E+02 -2.6207284448E+04
 -5.5094086698E-02 -2.1330878648E+00 -8.8491829532E-01  2.4756999613E+02 -2.6207285504E+04
 -5.5092955831E-02 -2.1330694647E+00 -8.8491997072E-01  2.4756998320E+02 -2.6207286462E+04
