 AIMInt (Version 19.10.12, Professional)
 Portions Copyright (c) 1997-2019 by Todd A. Keith
 AIMInt is a component of the AIMAll package ( http://aim.tkgristmill.com )

 TP:  64-bit Mac OS X

 AIMInt is a heavily modified and extended version of the PROAIMV program
 developed by members of R.F.W. Bader's research group

 Much of the Quantum Theory of Atoms in Molecules (QTAIM) is described in the book:
   "Atoms in Molecules - A Quantum Theory"
   R.F.W. Bader, Oxford University Press, Oxford, 1990

 For additional references see:  http://aim.tkgristmill.com/references.html

 Current Directory:  /Users/chemlab/Documents/SubstituentCoding/HanschLeoTaftSubstituents/QTAIM

 Inp File:  SubH_AsO-C6H5-2_wb97xd_aug-cc-pvtz_atomicfiles/c10.inp
 Wfx File:  SubH_AsO-C6H5-2_wb97xd_aug-cc-pvtz.wfx
 Out File:  SubH_AsO-C6H5-2_wb97xd_aug-cc-pvtz_atomicfiles/c10.int

 Wfx Title:   Title Card Required                                                           
 Job Title:   Title Card Required                                                           
 
<Atom>
C10     
</Atom>
<Nuclei of Molecule>
    25
As1       33.0          -5.3208027851E-02  -2.1440785859E+00  -1.0041145093E+00
H2         1.0           2.5355490096E-02  -2.2637913563E+00  -3.8679903787E+00
C3         6.0          -2.9027381812E+00   8.2426052836E-03  -2.6598873521E-01
C4         6.0          -4.8685685882E+00  -1.0294145350E+00   1.1253035154E+00
C5         6.0          -3.0098287713E+00   2.5072140174E+00  -1.0634474101E+00
C6         6.0          -6.9573376848E+00   4.4240606348E-01   1.7108104053E+00
H7         1.0          -4.7375792618E+00  -2.9748575537E+00   1.7448002278E+00
C8         6.0          -5.1007412639E+00   3.9686312833E+00  -4.7560734623E-01
H9         1.0          -1.4651528530E+00   3.3313815952E+00  -2.1234119422E+00
C10        6.0          -7.0733082177E+00   2.9337792338E+00   9.0939439492E-01
H11        1.0          -8.4927168011E+00  -3.5756130114E-01   2.7961476405E+00
H12        1.0          -5.1899011308E+00   5.9154152008E+00  -1.0901484378E+00
H13        1.0          -8.7028420811E+00   4.0784313649E+00   1.3691175077E+00
C14        6.0           2.9427084266E+00  -2.3629237246E-01  -2.1091324461E-01
C15        6.0           3.9242876386E+00   1.5282973486E+00  -1.8873568369E+00
C16        6.0           4.0957902706E+00  -6.4531044984E-01   2.1103199193E+00
C17        6.0           6.0515128812E+00   2.9087375100E+00  -1.2288899221E+00
H18        1.0           3.0546283623E+00   1.8193594109E+00  -3.7181850606E+00
C19        6.0           6.2240459142E+00   7.3621681630E-01   2.7597292293E+00
H20        1.0           3.3383557438E+00  -2.0591353464E+00   3.3799726920E+00
C21        6.0           7.1951015438E+00   2.5143928661E+00   1.0960672880E+00
H22        1.0           6.8227871455E+00   4.2797321806E+00  -2.5330442535E+00
H23        1.0           7.1309203250E+00   4.1938786511E-01   4.5630946304E+00
H24        1.0           8.8577836245E+00   3.5871793707E+00   1.6069009621E+00
O25        8.0          -2.5141468137E-01  -4.8552938024E+00   4.4149970960E-01
</Nuclei of Molecule>
<Total Number of CPs of DelSqRho>
    42
</Total Number of CPs of DelSqRho>
<Number of (3,+3) CPs of DelSqRho>
     4
</Number of (3,+3) CPs of DelSqRho>
<Number of (3,+1) CPs of DelSqRho>
    15
</Number of (3,+1) CPs of DelSqRho>
<Number of (3,-1) CPs of DelSqRho>
    18
</Number of (3,-1) CPs of DelSqRho>
<Number of (3,-3) CPs of DelSqRho>
     5
</Number of (3,-3) CPs of DelSqRho>
<Number of Degenerate CPs of DelSqRho>
     0
</Number of Degenerate CPs of DelSqRho>
<CP of DelSqRho>
CP# = 1       
Type = (3,+3)
Coords = -7.07330824215463E+00  2.93377925920914E+00  9.09394398853960E-01
DistFromNuc =  3.5428780563E-08
Rho =  1.2110652799E+02
DelSqRho = -7.4596278250E+05
GradDelSqRho = -1.0211012977E-06 -2.6982133932E-06 -7.1389354162E-07
HessDelSqRho_EigVals =  1.5981422561E+10  1.5981424625E+10  1.5981425667E+10
HessDelSqRho_EigVec1 =  4.4220338728E-01  2.9280931267E-01  8.4777288863E-01
HessDelSqRho_EigVec2 =  8.0187950321E-01 -5.5250472251E-01 -2.2743745059E-01
HessDelSqRho_EigVec3 =  4.0180272100E-01  7.8038531382E-01 -4.7911724596E-01
</CP of DelSqRho>
<CP of DelSqRho>
CP# = 2       
Type = (3,+1)
Coords = -7.01825537443095E+00  1.68579852192837E+00  1.31210025873062E+00
DistFromNuc =  1.3125009278E+00
Rho =  3.2468436132E-01
DelSqRho = -1.0792904144E+00
GradDelSqRho =  3.4483527145E-13 -9.9097813289E-13  1.7291723609E-13
HessDelSqRho_EigVals = -4.1626491211E+00  5.5836241304E+00  7.5970166007E+00
HessDelSqRho_EigVec1 = -4.3933366665E-02  9.5096392437E-01 -3.0616576203E-01
HessDelSqRho_EigVec2 =  4.4424189807E-01  2.9309172356E-01  8.4660875118E-01
HessDelSqRho_EigVec3 =  8.9482903132E-01 -9.8817286560E-02 -4.3533452492E-01
</CP of DelSqRho>
<CP of DelSqRho>
CP# = 3       
Type = (3,+1)
Coords = -8.10650412743978E+00  3.65980857554180E+00  1.20076449598490E+00
DistFromNuc =  1.2959586909E+00
Rho =  2.9456204006E-01
DelSqRho = -1.1830871404E+00
GradDelSqRho =  8.8817841970E-16 -2.3869795029E-15 -2.4008572908E-15
HessDelSqRho_EigVals = -9.8467407226E+00  8.8190853345E+00  9.1420167386E+00
HessDelSqRho_EigVec1 =  7.9741026325E-01 -5.5988227393E-01 -2.2509711547E-01
HessDelSqRho_EigVec2 =  4.4395550564E-01  2.9167070787E-01  8.4724949524E-01
HessDelSqRho_EigVec3 =  4.0870573897E-01  7.7553854676E-01 -4.8114403397E-01
</CP of DelSqRho>
<CP of DelSqRho>
CP# = 4       
Type = (3,-1)
Coords = -7.05592898147585E+00  3.14188902143134E+00  8.28533752204768E-01
DistFromNuc =  2.2394232536E-01
Rho =  9.2487791000E+00
DelSqRho =  2.8017515681E+02
GradDelSqRho =  9.8943075955E-13  4.5581316499E-12  1.1812772982E-12
HessDelSqRho_EigVals = -5.8643046946E+04 -1.5731650728E+01  1.5645362456E+02
HessDelSqRho_EigVec1 =  7.7937003319E-02  9.2921725338E-01 -3.6122170413E-01
HessDelSqRho_EigVec2 = -8.9284938982E-01  2.2625847934E-01  3.8939320439E-01
HessDelSqRho_EigVec3 =  4.4356035735E-01  2.9216843866E-01  8.4728496555E-01
</CP of DelSqRho>
<CP of DelSqRho>
CP# = 5       
Type = (3,-3)
Coords = -6.96572013484169E+00  2.99061699204206E+00  1.09715442978579E+00
DistFromNuc =  2.2373993169E-01
Rho =  9.2289828805E+00
DelSqRho =  2.8429381150E+02
GradDelSqRho = -2.2541968292E-12 -7.6383344094E-13  2.8244073746E-12
HessDelSqRho_EigVals = -5.9526415129E+04 -1.6282304624E+02 -1.4454983572E+02
HessDelSqRho_EigVec1 =  4.8107566022E-01  2.5379265883E-01  8.3913973536E-01
HessDelSqRho_EigVec2 =  3.5523950256E-01  8.1864355017E-01 -4.5125118679E-01
HessDelSqRho_EigVec3 = -8.0148057055E-01  5.1518154478E-01  3.0367230850E-01
</CP of DelSqRho>
<CP of DelSqRho>
CP# = 6       
Type = (3,-3)
Coords = -7.16388764270290E+00  2.86018306701834E+00  7.18504994898046E-01
DistFromNuc =  2.2374045463E-01
Rho =  9.2289452506E+00
DelSqRho =  2.8428892529E+02
GradDelSqRho =  6.7004179982E-12  5.4374282854E-12  6.1888272285E-12
HessDelSqRho_EigVals = -5.9524866795E+04 -1.6272398208E+02 -1.4441224861E+02
HessDelSqRho_EigVec1 =  4.0461262441E-01  3.2916729706E-01  8.5319254258E-01
HessDelSqRho_EigVec2 =  3.4291025158E-01  8.1028726342E-01 -4.7523374260E-01
HessDelSqRho_EigVec3 = -8.4776245702E-01  4.8485404122E-01  2.1497761553E-01
</CP of DelSqRho>
<CP of DelSqRho>
CP# = 7       
Type = (3,+1)
Coords = -7.24254117735719E+00  3.07486617207018E+00  9.49310236837888E-01
DistFromNuc =  2.2391648710E-01
Rho =  9.2542155131E+00
DelSqRho =  2.7987282709E+02
GradDelSqRho =  6.0879301600E-11 -4.6905590523E-11 -1.5424106437E-11
HessDelSqRho_EigVals = -5.8750936821E+04  3.1284680161E+01  1.7477923850E+02
HessDelSqRho_EigVec1 =  7.5586511933E-01 -6.2996884093E-01 -1.7834567792E-01
HessDelSqRho_EigVec2 =  4.8177243491E-01  7.1961683972E-01 -5.0004692276E-01
HessDelSqRho_EigVec3 =  4.4335453347E-01  2.9204599543E-01  8.4743489084E-01
</CP of DelSqRho>
<CP of DelSqRho>
CP# = 8       
Type = (3,-1)
Coords = -6.89561293521061E+00  2.80698599268987E+00  8.59979760375733E-01
DistFromNuc =  2.2381676779E-01
Rho =  9.2523676989E+00
DelSqRho =  2.8131171947E+02
GradDelSqRho = -4.2632564146E-13  8.9261931180E-12 -1.8030021920E-12
HessDelSqRho_EigVals = -5.9016469815E+04 -6.1083839645E+01  1.1974920180E+02
HessDelSqRho_EigVec1 =  7.9389738010E-01 -5.6656935245E-01 -2.2073993463E-01
HessDelSqRho_EigVec2 =  4.1567791935E-01  7.7065133696E-01 -4.8302006606E-01
HessDelSqRho_EigVec3 =  4.4377789178E-01  2.9171164824E-01  8.4732844697E-01
</CP of DelSqRho>
<CP of DelSqRho>
CP# = 9       
Type = (3,+1)
Coords = -6.97581053969151E+00  3.10304269222396E+00  7.99983314226227E-01
DistFromNuc =  2.2388992865E-01
Rho =  9.2560640103E+00
DelSqRho =  2.8014889198E+02
GradDelSqRho = -4.8974158062E-12 -7.9412032505E-12  6.4828142854E-12
HessDelSqRho_EigVals = -5.8789717999E+04  1.8784711462E+01  1.6360036563E+02
HessDelSqRho_EigVec1 =  4.3599124931E-01  7.5562352704E-01 -4.8881971720E-01
HessDelSqRho_EigVec2 =  7.8301851300E-01 -5.8624808000E-01 -2.0783454236E-01
HessDelSqRho_EigVec3 =  4.4361429061E-01  2.9214084631E-01  8.4726624333E-01
</CP of DelSqRho>
<CP of DelSqRho>
CP# = 10      
Type = (3,+1)
Coords = -7.13624552692519E+00  2.74294104002888E+00  1.00799060267150E+00
DistFromNuc =  2.2383371794E-01
Rho =  9.2608383320E+00
DelSqRho =  2.8031441836E+02
GradDelSqRho = -1.7266188479E-12 -3.5527136788E-14  1.9397816686E-12
HessDelSqRho_EigVals = -5.8943949969E+04  2.6816507587E+01  1.6238479857E+02
HessDelSqRho_EigVec1 =  2.8066486458E-01  8.5285030273E-01 -4.4031079356E-01
HessDelSqRho_EigVec2 =  8.5126054990E-01 -4.3310218995E-01 -2.9627347037E-01
HessDelSqRho_EigVec3 =  4.4337648784E-01  2.9166565481E-01  8.4755438518E-01
</CP of DelSqRho>
<CP of DelSqRho>
CP# = 11      
Type = (3,-1)
Coords = -7.22769068595017E+00  2.82334183616756E+00  1.02815224746861E+00
DistFromNuc =  2.2390576776E-01
Rho =  9.2506160228E+00
DelSqRho =  2.8038315046E+02
GradDelSqRho =  6.1604055190E-12  1.2083667400E-12  2.8421709430E-13
HessDelSqRho_EigVals = -5.8744980824E+04 -2.3369432530E+01  1.5111950480E+02
HessDelSqRho_EigVec1 =  6.8926465302E-01  4.9356390919E-01 -5.3038561975E-01
HessDelSqRho_EigVec2 = -5.7305463888E-01  8.1932537413E-01  1.7728851199E-02
HessDelSqRho_EigVec3 = -4.4330871744E-01 -2.9172006932E-01 -8.4757110746E-01
</CP of DelSqRho>
<CP of DelSqRho>
CP# = 12      
Type = (3,-1)
Coords = -6.26773948248350E+00  2.36953224289459E+00  6.80812852489730E-01
DistFromNuc =  1.0097352007E+00
Rho =  2.0561671244E-01
DelSqRho =  3.3222871261E-02
GradDelSqRho = -1.2212453271E-15  1.5543122345E-15  7.2164496601E-16
HessDelSqRho_EigVals = -3.7285975787E+00 -7.4807583327E-01  1.2137670842E+01
HessDelSqRho_EigVec1 =  4.0817195098E-01  7.7594573012E-01 -4.8094062247E-01
HessDelSqRho_EigVec2 = -4.4424977363E-01 -2.9140683261E-01 -8.4718604600E-01
HessDelSqRho_EigVec3 =  7.9751977848E-01 -5.5945534390E-01 -2.2576961956E-01
</CP of DelSqRho>
<CP of DelSqRho>
CP# = 13      
Type = (3,+1)
Coords = -7.98541971562327E+00  2.49406516663534E+00  7.67228211544602E-01
DistFromNuc =  1.0225004006E+00
Rho =  1.8032528256E-01
DelSqRho = -4.7319489676E-02
GradDelSqRho = -1.9984014443E-15 -1.6098233857E-15 -5.5511151231E-16
HessDelSqRho_EigVals = -2.2700316619E+00  2.0302987224E-01  1.1099760732E+01
HessDelSqRho_EigVec1 = -4.3174754208E-01  8.9895903681E-01  7.3937203426E-02
HessDelSqRho_EigVec2 = -5.0980872492E-02 -1.0616007825E-01  9.9304128234E-01
HessDelSqRho_EigVec3 =  9.0055261398E-01  4.2497374970E-01  9.1664068884E-02
</CP of DelSqRho>
<CP of DelSqRho>
CP# = 14      
Type = (3,-1)
Coords = -7.13083699712750E+00  3.89080697896597E+00  6.11784495842151E-01
DistFromNuc =  1.0038841155E+00
Rho =  2.0252156912E-01
DelSqRho = -2.9902995041E-02
GradDelSqRho = -2.2690183066E-15  2.6501023598E-13 -1.4412082638E-14
HessDelSqRho_EigVals = -3.5016101287E+00 -1.7112338100E-01  1.2528186366E+01
HessDelSqRho_EigVec1 =  8.9470144827E-01 -8.7026750228E-02 -4.3810462588E-01
HessDelSqRho_EigVec2 =  4.4345424931E-01  2.9045462580E-01  8.4792950127E-01
HessDelSqRho_EigVec3 = -5.3456966251E-02  9.5292311080E-01 -2.9846255655E-01
</CP of DelSqRho>
<CP of DelSqRho>
CP# = 15      
Type = (3,-1)
Coords = -6.76834179329249E+00  3.35491319003542E+00  1.82823685861959E+00
DistFromNuc =  1.0557602958E+00
Rho =  1.4715930411E-01
DelSqRho = -1.0937752909E-02
GradDelSqRho =  3.2016056473E-14  6.5503158453E-14  8.4293683145E-14
HessDelSqRho_EigVals = -6.7864561320E-01 -3.5962531291E-01  8.4977607448E+00
HessDelSqRho_EigVec1 =  8.8016251991E-01 -4.7058623001E-01 -6.2149325615E-02
HessDelSqRho_EigVec2 =  3.8461934614E-01  7.8377240456E-01 -4.8761539807E-01
HessDelSqRho_EigVec3 =  2.7817601825E-01  4.0527696453E-01  8.7084366272E-01
</CP of DelSqRho>
<CP of DelSqRho>
CP# = 16      
Type = (3,-1)
Coords = -7.68806977014537E+00  2.74957894941235E+00  7.10806623964276E-02
DistFromNuc =  1.0557610645E+00
Rho =  1.4709361313E-01
DelSqRho = -1.1293612848E-02
GradDelSqRho = -9.4368957093E-15  1.3739009930E-15 -1.2545520178E-14
HessDelSqRho_EigVals = -6.7645041350E-01 -3.5775987589E-01  8.4975411605E+00
HessDelSqRho_EigVec1 = -7.0262398358E-01  5.8714239214E-01  4.0197431392E-01
HessDelSqRho_EigVec2 =  3.9650508786E-01  7.9214936855E-01 -4.6398609161E-01
HessDelSqRho_EigVec3 =  5.9084960269E-01  1.6662289535E-01  7.8938809070E-01
</CP of DelSqRho>
<CP of DelSqRho>
CP# = 17      
Type = (3,-1)
Coords = -7.83599283597984E+00  2.55446637423799E+00  1.44048372579481E+00
DistFromNuc =  1.0038037406E+00
Rho =  2.0249187612E-01
DelSqRho = -2.8242671304E-02
GradDelSqRho = -1.2491119250E-12 -5.2946536044E-13  5.8747451348E-13
HessDelSqRho_EigVals = -3.5015028949E+00 -1.8660778759E-01  1.2529468250E+01
HessDelSqRho_EigVec1 = -4.7863840395E-01  8.7649901787E-01 -5.1524265451E-02
HessDelSqRho_EigVec2 =  4.4424956440E-01  2.9237718715E-01  8.4685176091E-01
HessDelSqRho_EigVec3 =  7.5732925653E-01  3.8244614275E-01 -5.2932725710E-01
</CP of DelSqRho>
<CP of DelSqRho>
CP# = 18      
Type = (3,+1)
Coords = -6.95875190673668E+00  2.35803064817006E+00  7.05727571014064E-02
DistFromNuc =  1.0238316865E+00
Rho =  1.8107302405E-01
DelSqRho = -9.5897008629E-02
GradDelSqRho =  2.3349486407E-14 -1.8984813721E-14  2.1094237468E-15
HessDelSqRho_EigVals = -1.9932138060E+00  6.0797519036E-01  1.1553985810E+01
HessDelSqRho_EigVec1 =  4.1091858114E-01  7.7669939498E-01 -4.7737194043E-01
HessDelSqRho_EigVec2 = -8.9959468823E-01  2.6049584610E-01 -3.5053004305E-01
HessDelSqRho_EigVec3 = -1.4790306483E-01  5.7348056986E-01  8.0575723354E-01
</CP of DelSqRho>
<CP of DelSqRho>
CP# = 19      
Type = (3,+1)
Coords = -7.40627129066220E+00  2.87510583836231E+00  1.87430871386648E+00
DistFromNuc =  1.0224317181E+00
Rho =  1.8044936000E-01
DelSqRho = -4.7163666929E-02
GradDelSqRho = -1.7763568394E-15 -2.7755575616E-17  2.7755575616E-15
HessDelSqRho_EigVals = -2.2764294572E+00  2.0332156045E-01  1.1107191173E+01
HessDelSqRho_EigVec1 = -5.5045548956E-01  8.2083327472E-01 -1.5241879520E-01
HessDelSqRho_EigVec2 =  7.4952533895E-01  5.6629306247E-01  3.4281763910E-01
HessDelSqRho_EigVec3 = -3.6770983165E-01 -7.4464102226E-02  9.2695446338E-01
</CP of DelSqRho>
<CP of DelSqRho>
CP# = 20      
Type = (3,+1)
Coords = -7.44707778492428E+00  3.51180956115327E+00  1.54003975688435E-01
DistFromNuc =  1.0219772180E+00
Rho =  1.8117210038E-01
DelSqRho = -4.6566959605E-02
GradDelSqRho = -1.0161455011E-12  3.6409764093E-12 -2.3678281558E-12
HessDelSqRho_EigVals = -2.3161105230E+00  1.9165777411E-01  1.1134151853E+01
HessDelSqRho_EigVec1 =  8.3137050470E-01 -1.4336880250E-01 -5.3690638885E-01
HessDelSqRho_EigVec2 =  4.2682310769E-01  7.8343976214E-01  4.5171249024E-01
HessDelSqRho_EigVec3 =  3.5587233478E-01 -6.0470449442E-01  7.1252182828E-01
</CP of DelSqRho>
<CP of DelSqRho>
CP# = 21      
Type = (3,+1)
Coords = -6.88179997351756E+00  3.88383739544446E+00  1.23358802765608E+00
DistFromNuc =  1.0219527531E+00
Rho =  1.8125604944E-01
DelSqRho = -4.6374718806E-02
GradDelSqRho = -2.1024848529E-15 -3.8719027984E-15  1.1518563880E-15
HessDelSqRho_EigVals = -2.3204998649E+00  1.9179168506E-01  1.1137331412E+01
HessDelSqRho_EigVec1 =  9.4498881902E-01 -6.8848623364E-02 -3.1977491927E-01
HessDelSqRho_EigVec2 =  2.8342770174E-01 -3.1568548495E-01  9.0554481528E-01
HessDelSqRho_EigVec3 =  1.6329381439E-01  9.4636279600E-01  2.7880564652E-01
</CP of DelSqRho>
<CP of DelSqRho>
CP# = 22      
Type = (3,+1)
Coords = -6.22364344770480E+00  2.84037659759847E+00  1.47254933319650E+00
DistFromNuc =  1.0236199287E+00
Rho =  1.8138742340E-01
DelSqRho = -9.6199611420E-02
GradDelSqRho = -3.1086244690E-15  9.4368957093E-16 -5.5511151231E-16
HessDelSqRho_EigVals = -2.0019208619E+00  6.0999196950E-01  1.1577665579E+01
HessDelSqRho_EigVec1 =  4.0693077027E-01  7.7405880490E-01 -4.8501578816E-01
HessDelSqRho_EigVec2 = -3.4803507709E-01  6.2229936550E-01  7.0115268296E-01
HessDelSqRho_EigVec3 =  8.4455842505E-01 -1.1651809413E-01  5.2263237598E-01
</CP of DelSqRho>
<CP of DelSqRho>
CP# = 23      
Type = (3,+3)
Coords = -7.90374002014394E+00  3.51746619833673E+00  1.14348781457534E+00
DistFromNuc =  1.0416847796E+00
Rho =  3.0605318510E-01
DelSqRho = -1.2794258060E+00
GradDelSqRho =  7.8253514779E-12 -5.5028759327E-12 -2.2069290839E-12
HessDelSqRho_EigVals =  7.4116047103E+00  8.0567021738E+00  9.0221497298E+00
HessDelSqRho_EigVec1 =  4.4293815713E-01  2.9227563120E-01  8.4757344482E-01
HessDelSqRho_EigVec2 =  4.1289704052E-01  7.7264703846E-01 -4.8221632894E-01
HessDelSqRho_EigVec3 =  7.9581519393E-01 -5.6355257907E-01 -2.2155511218E-01
</CP of DelSqRho>
<CP of DelSqRho>
CP# = 24      
Type = (3,+3)
Coords = -7.03315431934302E+00  1.96899736127818E+00  1.22171509775632E+00
DistFromNuc =  1.0148697545E+00
Rho =  3.3480935803E-01
DelSqRho = -1.1749936720E+00
GradDelSqRho = -9.7144514655E-17 -4.4408920985E-16 -1.7069679004E-15
HessDelSqRho_EigVals =  4.9020002687E+00  7.3262040278E+00  9.5000150805E+00
HessDelSqRho_EigVec1 =  4.4423696184E-01  2.9148415879E-01  8.4716616251E-01
HessDelSqRho_EigVec2 =  8.9584025183E-01 -1.5626330616E-01 -4.1599521914E-01
HessDelSqRho_EigVec3 =  1.1124968906E-02  9.4372600066E-01 -3.3054117859E-01
</CP of DelSqRho>
<CP of DelSqRho>
CP# = 25      
Type = (3,+3)
Coords = -6.31208700643920E+00  3.33907785410580E+00  3.72243826515914E-01
DistFromNuc =  1.0159997231E+00
Rho =  3.3331338864E-01
DelSqRho = -1.1672194901E+00
GradDelSqRho = -3.3404390365E-12 -1.8000601010E-12  2.3688273565E-12
HessDelSqRho_EigVals =  4.8945144611E+00  7.2705329862E+00  9.4638047002E+00
HessDelSqRho_EigVec1 =  4.4435304713E-01  2.9130591718E-01  8.4716659054E-01
HessDelSqRho_EigVec2 = -5.3388877803E-01  8.4548707490E-01 -1.0694806157E-02
HessDelSqRho_EigVec3 =  7.1938386290E-01  4.4754046610E-01 -5.3121971820E-01
</CP of DelSqRho>
<CP of DelSqRho>
CP# = 26      
Type = (3,+1)
Coords = -6.43993424594140E+00  2.42972214412051E+00  2.39179477407188E+00
DistFromNuc =  1.6890077033E+00
Rho =  7.9379637357E-02
DelSqRho =  1.1421515088E-01
GradDelSqRho = -1.8735013541E-16  1.8908485888E-16 -2.5673907444E-16
HessDelSqRho_EigVals = -1.0503415222E+00  9.2220474753E-02  1.1848482739E-01
HessDelSqRho_EigVec1 =  4.0782663077E-01 -1.8919690099E-02  9.1286334386E-01
HessDelSqRho_EigVec2 = -1.6612716891E-02  9.9946603752E-01  2.8136408615E-02
HessDelSqRho_EigVec3 =  9.1290824121E-01  2.6639917019E-02 -4.0729455920E-01
</CP of DelSqRho>
<CP of DelSqRho>
CP# = 27      
Type = (3,+1)
Coords = -5.74976855739254E+00  3.74405629905619E+00  1.57396522122089E+00
DistFromNuc =  1.6881826140E+00
Rho =  7.9389351145E-02
DelSqRho =  1.1485879845E-01
GradDelSqRho =  6.2450045135E-17 -1.3877787808E-17 -2.4286128664E-16
HessDelSqRho_EigVals = -1.0527277194E+00  9.1390234476E-02  1.1802447036E-01
HessDelSqRho_EigVec1 =  6.4145561468E-01  4.2821795394E-01  6.3652500212E-01
HessDelSqRho_EigVec2 = -6.2769549679E-01 -1.8406379477E-01  7.5638540624E-01
HessDelSqRho_EigVec3 = -4.4105901841E-01  8.8473154311E-01 -1.5072172672E-01
</CP of DelSqRho>
<CP of DelSqRho>
CP# = 28      
Type = (3,-1)
Coords = -6.25411014299956E+00  3.30607336298582E+00  2.16724466011506E+00
DistFromNuc =  1.5465690072E+00
Rho =  6.6654292126E-02
DelSqRho =  1.2572672501E-01
GradDelSqRho = -9.5448822457E-14 -2.3044934017E-14 -2.8498037263E-14
HessDelSqRho_EigVals = -1.2773361859E+00 -4.1833631278E-02  4.5484649766E-02
HessDelSqRho_EigVec1 =  4.7614030668E-01  2.7724057496E-01  8.3452266113E-01
HessDelSqRho_EigVec2 =  4.2356240965E-01  7.5935718190E-01 -4.9393476839E-01
HessDelSqRho_EigVec3 = -7.7063953538E-01  5.8865468136E-01  2.4413187549E-01
</CP of DelSqRho>
<CP of DelSqRho>
CP# = 29      
Type = (3,+1)
Coords = -6.97663924700997E+00  2.93594336151270E+00 -7.76765863770296E-01
DistFromNuc =  1.6889304282E+00
Rho =  7.9350767200E-02
DelSqRho =  1.1457306503E-01
GradDelSqRho = -5.9847959921E-16  4.8832465849E-16 -2.1926904736E-15
HessDelSqRho_EigVals = -1.0498517469E+00  9.0976811229E-02  1.1750843811E-01
HessDelSqRho_EigVec1 =  1.9833306628E-01  1.2511512240E-01  9.7211635156E-01
HessDelSqRho_EigVec2 =  8.9991316900E-01  3.6974033628E-01 -2.3118903953E-01
HessDelSqRho_EigVec3 = -3.8835587171E-01  9.2067273766E-01 -3.9261011668E-02
</CP of DelSqRho>
<CP of DelSqRho>
CP# = 30      
Type = (3,+1)
Coords = -7.67154097682011E+00  1.61601655487149E+00  3.76150623774888E-02
DistFromNuc =  1.6894910822E+00
Rho =  7.9305372401E-02
DelSqRho =  1.1397128680E-01
GradDelSqRho =  4.9439619065E-17 -2.2985086057E-16 -1.3769367591E-16
HessDelSqRho_EigVals = -1.0479660630E+00  9.1929761872E-02  1.1807222254E-01
HessDelSqRho_EigVec1 =  4.3272382921E-01  5.7469082881E-01  6.9460819094E-01
HessDelSqRho_EigVec2 =  2.8643718687E-01 -8.1819913466E-01  4.9850166902E-01
HessDelSqRho_EigVec3 =  8.5481215809E-01 -1.6751934891E-02 -5.1866708693E-01
</CP of DelSqRho>
<CP of DelSqRho>
CP# = 31      
Type = (3,-1)
Coords = -7.61845828468898E+00  2.40825599536347E+00 -4.39283324169166E-01
DistFromNuc =  1.5467045159E+00
Rho =  6.6580688197E-02
DelSqRho =  1.2539881911E-01
GradDelSqRho = -1.3634926521E-15  7.5980888248E-16  4.3298697960E-15
HessDelSqRho_EigVals = -1.2752330439E+00 -4.0859824332E-02  4.5520275052E-02
HessDelSqRho_EigVec1 =  4.1012067286E-01  3.0626478672E-01  8.5907095988E-01
HessDelSqRho_EigVec2 =  4.3188192117E-01  7.6441190428E-01 -4.7869870144E-01
HessDelSqRho_EigVec3 = -8.0329262405E-01  5.6734145011E-01  1.8123090005E-01
</CP of DelSqRho>
<CP of DelSqRho>
CP# = 32      
Type = (3,-1)
Coords = -8.49170436108145E+00  3.20180351285140E+00  1.33641936526438E-01
DistFromNuc =  1.6387423563E+00
Rho =  7.5302448239E-02
DelSqRho =  1.4326085163E-01
GradDelSqRho = -5.9327542878E-16  5.3342746886E-17 -1.8561541193E-16
HessDelSqRho_EigVals = -1.4742312742E+00 -2.3325754830E-01  6.6151440110E-02
HessDelSqRho_EigVec1 =  6.7352525857E-01  9.8539315351E-02  7.3256653582E-01
HessDelSqRho_EigVec2 =  6.1508526928E-01 -6.2433790993E-01 -4.8153118876E-01
HessDelSqRho_EigVec3 =  4.0991930620E-01  7.7491430336E-01 -4.8111743353E-01
</CP of DelSqRho>
<CP of DelSqRho>
CP# = 33      
Type = (3,-1)
Coords = -7.41706049220259E+00  3.90692190101707E+00  2.18143492194984E+00
DistFromNuc =  1.6380657433E+00
Rho =  7.5305049910E-02
DelSqRho =  1.4335138647E-01
GradDelSqRho = -7.2858385991E-17 -1.5265566589E-16 -1.5959455979E-16
HessDelSqRho_EigVals = -1.4753334785E+00 -2.3163025155E-01  6.6475541882E-02
HessDelSqRho_EigVec1 =  1.6799067767E-01  4.5564771589E-01  8.7416491077E-01
HessDelSqRho_EigVec2 =  8.9678222348E-01 -4.3886116042E-01  5.6413877154E-02
HessDelSqRho_EigVec3 =  4.0934188140E-01  7.7445854691E-01 -4.8234135552E-01
</CP of DelSqRho>
<CP of DelSqRho>
CP# = 34      
Type = (3,-1)
Coords = -5.52571441183570E+00  3.84642985404121E+00  1.31643666614885E+00
DistFromNuc =  1.8421892284E+00
Rho =  8.9828881710E-02
DelSqRho =  1.1752572348E-01
GradDelSqRho =  2.1510571102E-16  5.3776427755E-17  5.8460181140E-16
HessDelSqRho_EigVals = -9.0231949111E-01 -1.2023554802E-01  1.4053090671E-01
HessDelSqRho_EigVec1 =  4.3331683218E-01  3.1581659419E-01  8.4409501940E-01
HessDelSqRho_EigVec2 =  7.5012783792E-01  3.9275392333E-01 -5.3202686256E-01
HessDelSqRho_EigVec3 = -4.9954454229E-01  8.6371536662E-01 -6.6715933098E-02
</CP of DelSqRho>
<CP of DelSqRho>
CP# = 35      
Type = (3,-1)
Coords = -6.45634784925416E+00  2.07231865121066E+00  2.41741248132627E+00
DistFromNuc =  1.8430607642E+00
Rho =  8.9910516992E-02
DelSqRho =  1.1694451568E-01
GradDelSqRho =  2.2690183066E-15  3.6012859361E-15  2.9386215683E-15
HessDelSqRho_EigVals = -9.0009201634E-01 -1.2118917473E-01  1.4118853028E-01
HessDelSqRho_EigVec1 =  4.2219558143E-01  2.9150198627E-01  8.5835743313E-01
HessDelSqRho_EigVec2 = -4.3640260391E-02  9.5232481496E-01 -3.0194862889E-01
HessDelSqRho_EigVec3 =  9.0545370875E-01 -9.0022435045E-02 -4.1478855155E-01
</CP of DelSqRho>
<CP of DelSqRho>
CP# = 36      
Type = (3,-3)
Coords = -8.04623693724993E+00  1.80094163807632E+00  1.81226339078026E+00
DistFromNuc =  1.7450168295E+00
Rho =  9.8145546717E-02
DelSqRho =  2.4705605023E-01
GradDelSqRho = -1.5929202402E-12 -5.9463024782E-13  1.0433875985E-12
HessDelSqRho_EigVals = -1.6656872734E+00 -2.2770697220E-01 -1.9144102589E-01
HessDelSqRho_EigVec1 =  8.9464244896E-01 -9.8035266591E-02 -4.3589445399E-01
HessDelSqRho_EigVec2 =  4.4443798517E-01  2.9510106068E-01  8.4580744932E-01
HessDelSqRho_EigVec3 = -4.5713956941E-02  9.5042330069E-01 -3.0758053198E-01
</CP of DelSqRho>
<CP of DelSqRho>
CP# = 37      
Type = (3,-3)
Coords = -6.64915390513699E+00  4.45640840817056E+00  1.66817583879722E-01
DistFromNuc =  1.7463467020E+00
Rho =  9.7880671658E-02
DelSqRho =  2.4574906574E-01
GradDelSqRho =  2.6020852140E-16 -1.7347234760E-17  1.2836953722E-16
HessDelSqRho_EigVals = -1.6525298010E+00 -2.2451517348E-01 -1.8528662370E-01
HessDelSqRho_EigVec1 = -4.8728648090E-01  8.7215502724E-01 -4.3560234060E-02
HessDelSqRho_EigVec2 =  4.3793269007E-01  2.8722780126E-01  8.5188916483E-01
HessDelSqRho_EigVec3 = -7.5549112801E-01 -3.9603762277E-01  5.2190742173E-01
</CP of DelSqRho>
<CP of DelSqRho>
CP# = 38      
Type = (3,-1)
Coords = -7.60805990810414E+00  1.30996796463740E+00  2.17288465216729E-01
DistFromNuc =  1.8443787643E+00
Rho =  8.9865620258E-02
DelSqRho =  1.1672549581E-01
GradDelSqRho = -2.4940986776E-15 -5.5233595475E-15 -5.3308052417E-15
HessDelSqRho_EigVals = -8.9778289200E-01 -1.2075432906E-01  1.4081019232E-01
HessDelSqRho_EigVec1 =  4.6385616535E-01  2.9256987472E-01  8.3620591141E-01
HessDelSqRho_EigVec2 = -4.5752299947E-02  9.5054599734E-01 -3.0719543290E-01
HessDelSqRho_EigVec3 =  8.8472831136E-01 -1.0423615184E-01 -4.5430236597E-01
</CP of DelSqRho>
<CP of DelSqRho>
CP# = 39      
Type = (3,-1)
Coords = -6.67360491962939E+00  3.09086732452592E+00 -8.82789248330219E-01
DistFromNuc =  1.8429220293E+00
Rho =  8.9787325915E-02
DelSqRho =  1.1723099692E-01
GradDelSqRho =  4.4235448637E-17  2.0805839690E-16  5.5511151231E-17
HessDelSqRho_EigVals = -8.9958994967E-01 -1.1985177665E-01  1.3979667935E-01
HessDelSqRho_EigVec1 =  4.5150841435E-01  2.6704820381E-01  8.5136678853E-01
HessDelSqRho_EigVec2 =  7.5401199908E-01  3.9598064556E-01 -5.2408513964E-01
HessDelSqRho_EigVec3 = -4.7708076571E-01  8.7856962455E-01 -2.2568956617E-02
</CP of DelSqRho>
<CP of DelSqRho>
CP# = 40      
Type = (3,-3)
Coords = -5.84825387829876E+00  2.06629941377218E+00  5.67964186572180E-01
DistFromNuc =  1.5394329995E+00
Rho =  9.1798744866E-02
DelSqRho =  2.8468396504E-01
GradDelSqRho =  1.1934897515E-15 -1.3947176747E-15 -5.1174342541E-16
HessDelSqRho_EigVals = -1.7537549063E+00 -2.7788192296E-01 -1.1126225824E-01
HessDelSqRho_EigVec1 =  8.0103033564E-01 -5.5310310929E-01 -2.2897019868E-01
HessDelSqRho_EigVec2 =  4.4380777061E-01  2.9202265607E-01  8.4720566044E-01
HessDelSqRho_EigVec3 = -4.0172759941E-01 -7.8025618795E-01  4.7939046406E-01
</CP of DelSqRho>
<CP of DelSqRho>
CP# = 41      
Type = (3,-1)
Coords = -5.53712968767285E+00  2.41737863539640E+00  2.84657976054854E-01
DistFromNuc =  1.7368965563E+00
Rho =  9.4370693390E-02
DelSqRho =  2.7946296062E-01
GradDelSqRho =  2.9880611874E-16 -7.6327832943E-17 -2.0816681712E-17
HessDelSqRho_EigVals = -1.4924087303E+00 -2.8388837066E-01  4.2954125959E-02
HessDelSqRho_EigVec1 = -5.2175732840E-01  8.5285514590E-01 -2.0183913547E-02
HessDelSqRho_EigVec2 =  4.4382999353E-01  2.9157862310E-01  8.4734694393E-01
HessDelSqRho_EigVec3 =  7.2854939922E-01  4.3315125148E-01 -5.3065597730E-01
</CP of DelSqRho>
<CP of DelSqRho>
CP# = 42      
Type = (3,-1)
Coords = -5.96736036260568E+00  1.62315378783979E+00  7.83549217885936E-01
DistFromNuc =  1.7195047911E+00
Rho =  9.4633609289E-02
DelSqRho =  2.8049018504E-01
GradDelSqRho =  1.3079815009E-15 -3.2265856653E-16 -6.5572547392E-16
HessDelSqRho_EigVals = -1.5119940806E+00 -2.8795892350E-01  3.7592340030E-02
HessDelSqRho_EigVec1 =  8.9571439869E-01 -1.7397307696E-01 -4.0918099232E-01
HessDelSqRho_EigVec2 =  4.4375823173E-01  2.9218947420E-01  8.4717409246E-01
HessDelSqRho_EigVec3 =  2.7827104585E-02  9.4040346642E-01 -3.3892030418E-01
</CP of DelSqRho>
<Path of -GradDelSqRho>
Starting CP# =      2
Ending CP# =     24
Number of Points =     12
 -7.0182553744E+00  1.6857985219E+00  1.3121002587E+00  3.2468436132E-01 -1.0792904144E+00
 -7.0193584465E+00  1.7095730805E+00  1.3044482271E+00  3.2477721119E-01 -1.0805890761E+00
 -7.0204712691E+00  1.7333485758E+00  1.2968005190E+00  3.2502071544E-01 -1.0844404510E+00
 -7.0215943163E+00  1.7571250361E+00  1.2891573070E+00  3.2541305060E-01 -1.0906966634E+00
 -7.0227285461E+00  1.7809025321E+00  1.2815189700E+00  3.2595119382E-01 -1.0991015839E+00
 -7.0238755366E+00  1.8046811868E+00  1.2738861479E+00  3.2663109852E-01 -1.1092900685E+00
 -7.0250377420E+00  1.8284611944E+00  1.2662598454E+00  3.2744794688E-01 -1.1207863999E+00
 -7.0262189789E+00  1.8522428561E+00  1.2586416302E+00  3.2839648314E-01 -1.1330012242E+00
 -7.0274254105E+00  1.8760266508E+00  1.2510340322E+00  3.2947143267E-01 -1.1452257040E+00
 -7.0286677922E+00  1.8998133913E+00  1.2434414521E+00  3.3066801372E-01 -1.1566206979E+00
 -7.0299676866E+00  1.9236046309E+00  1.2358726580E+00  3.3198254720E-01 -1.1661973500E+00
 -7.0331543193E+00  1.9689973613E+00  1.2217150978E+00  3.3480935803E-01 -1.1749936720E+00
</Path of -GradDelSqRho>
<Path of -GradDelSqRho>
Starting CP# =      2
Ending CP# =      0
Number of Points =    400
 -7.0182553744E+00  1.6857985219E+00  1.3121002587E+00  3.2468436132E-01 -1.0792904144E+00
 -7.0171618247E+00  1.6620248935E+00  1.3197565459E+00  3.2474268907E-01 -1.0805844243E+00
 -7.0160783161E+00  1.6382522601E+00  1.3274173484E+00  3.2495138929E-01 -1.0844032274E+00
 -7.0150056450E+00  1.6144807145E+00  1.3350830504E+00  3.2530837401E-01 -1.0905709743E+00
 -7.0139451551E+00  1.5907104061E+00  1.3427542810E+00  3.2581039088E-01 -1.0988034224E+00
 -7.0128989275E+00  1.5669415608E+00  1.3504320005E+00  3.2645321675E-01 -1.1087070134E+00
 -7.0118701298E+00  1.5431745206E+00  1.3581176584E+00  3.2723192874E-01 -1.1197770142E+00
 -7.0108636865E+00  1.5194098174E+00  1.3658134943E+00  3.2814125680E-01 -1.1313939084E+00
 -7.0098876810E+00  1.4956483303E+00  1.3735231643E+00  3.2917602299E-01 -1.1428165972E+00
 -7.0089567365E+00  1.4718916706E+00  1.3812532446E+00  3.3033167333E-01 -1.1531699634E+00
 -7.0081023422E+00  1.4481433901E+00  1.3890177857E+00  3.3160489941E-01 -1.1614228141E+00
 -7.0074246641E+00  1.4244153774E+00  1.3968608269E+00  3.3299422937E-01 -1.1663500745E+00
 -7.0075467960E+00  1.4126091533E+00  1.4009787104E+00  3.3373119474E-01 -1.1671163747E+00
 -7.0075469640E+00  1.4126091582E+00  1.4009787994E+00  3.3373119528E-01 -1.1671163747E+00
 -7.0075469640E+00  1.4126091582E+00  1.4009787994E+00  3.3373119528E-01 -1.1671163747E+00
 -7.0075469640E+00  1.4126091582E+00  1.4009787994E+00  3.3373119528E-01 -1.1671163747E+00
 -7.0075469640E+00  1.4126091582E+00  1.4009787994E+00  3.3373119528E-01 -1.1671163747E+00
 -7.0075469640E+00  1.4126091582E+00  1.4009787994E+00  3.3373119528E-01 -1.1671163747E+00
 -7.0075469640E+00  1.4126091582E+00  1.4009787994E+00  3.3373119528E-01 -1.1671163747E+00
 -7.0075469640E+00  1.4126091582E+00  1.4009787994E+00  3.3373119528E-01 -1.1671163747E+00
 -7.0075469640E+00  1.4126091582E+00  1.4009787994E+00  3.3373119528E-01 -1.1671163747E+00
 -7.0075469640E+00  1.4126091582E+00  1.4009787994E+00  3.3373119528E-01 -1.1671163747E+00
 -7.0075469640E+00  1.4126091582E+00  1.4009787994E+00  3.3373119528E-01 -1.1671163747E+00
 -7.0075469640E+00  1.4126091582E+00  1.4009787994E+00  3.3373119528E-01 -1.1671163747E+00
 -7.0075469640E+00  1.4126091582E+00  1.4009787994E+00  3.3373119528E-01 -1.1671163747E+00
 -7.0075469640E+00  1.4126091582E+00  1.4009787994E+00  3.3373119528E-01 -1.1671163747E+00
 -7.0075469640E+00  1.4126091582E+00  1.4009787994E+00  3.3373119528E-01 -1.1671163747E+00
 -7.0075469640E+00  1.4126091582E+00  1.4009787994E+00  3.3373119528E-01 -1.1671163747E+00
 -7.0075469640E+00  1.4126091582E+00  1.4009787994E+00  3.3373119528E-01 -1.1671163747E+00
 -7.0075469640E+00  1.4126091582E+00  1.4009787994E+00  3.3373119528E-01 -1.1671163747E+00
 -7.0075469640E+00  1.4126091582E+00  1.4009787994E+00  3.3373119528E-01 -1.1671163747E+00
 -7.0075469640E+00  1.4126091582E+00  1.4009787994E+00  3.3373119528E-01 -1.1671163747E+00
 -7.0075469640E+00  1.4126091582E+00  1.4009787994E+00  3.3373119528E-01 -1.1671163747E+00
 -7.0075469640E+00  1.4126091582E+00  1.4009787994E+00  3.3373119528E-01 -1.1671163747E+00
 -7.0075469640E+00  1.4126091582E+00  1.4009787994E+00  3.3373119528E-01 -1.1671163747E+00
 -7.0075469640E+00  1.4126091582E+00  1.4009787994E+00  3.3373119528E-01 -1.1671163747E+00
 -7.0075469640E+00  1.4126091582E+00  1.4009787994E+00  3.3373119528E-01 -1.1671163747E+00
 -7.0075469640E+00  1.4126091582E+00  1.4009787994E+00  3.3373119528E-01 -1.1671163747E+00
 -7.0075469640E+00  1.4126091582E+00  1.4009787994E+00  3.3373119528E-01 -1.1671163747E+00
 -7.0075469640E+00  1.4126091582E+00  1.4009787994E+00  3.3373119528E-01 -1.1671163747E+00
 -7.0075469640E+00  1.4126091582E+00  1.4009787994E+00  3.3373119528E-01 -1.1671163747E+00
 -7.0075469640E+00  1.4126091582E+00  1.4009787994E+00  3.3373119528E-01 -1.1671163747E+00
 -7.0075469640E+00  1.4126091582E+00  1.4009787994E+00  3.3373119528E-01 -1.1671163747E+00
 -7.0075469640E+00  1.4126091582E+00  1.4009787994E+00  3.3373119528E-01 -1.1671163747E+00
 -7.0075469640E+00  1.4126091582E+00  1.4009787994E+00  3.3373119528E-01 -1.1671163747E+00
 -7.0075469640E+00  1.4126091582E+00  1.4009787994E+00  3.3373119528E-01 -1.1671163747E+00
 -7.0075469640E+00  1.4126091582E+00  1.4009787994E+00  3.3373119528E-01 -1.1671163747E+00
 -7.0075469640E+00  1.4126091582E+00  1.4009787994E+00  3.3373119528E-01 -1.1671163747E+00
 -7.0075469640E+00  1.4126091582E+00  1.4009787994E+00  3.3373119528E-01 -1.1671163747E+00
 -7.0075469640E+00  1.4126091582E+00  1.4009787994E+00  3.3373119528E-01 -1.1671163747E+00
 -7.0075469640E+00  1.4126091582E+00  1.4009787994E+00  3.3373119528E-01 -1.1671163747E+00
 -7.0075469640E+00  1.4126091582E+00  1.4009787994E+00  3.3373119528E-01 -1.1671163747E+00
 -7.0075469640E+00  1.4126091582E+00  1.4009787994E+00  3.3373119528E-01 -1.1671163747E+00
 -7.0075469640E+00  1.4126091582E+00  1.4009787994E+00  3.3373119528E-01 -1.1671163747E+00
 -7.0075469640E+00  1.4126091582E+00  1.4009787994E+00  3.3373119528E-01 -1.1671163747E+00
 -7.0075469640E+00  1.4126091582E+00  1.4009787994E+00  3.3373119528E-01 -1.1671163747E+00
 -7.0075469640E+00  1.4126091582E+00  1.4009787994E+00  3.3373119528E-01 -1.1671163747E+00
 -7.0075469640E+00  1.4126091582E+00  1.4009787994E+00  3.3373119528E-01 -1.1671163747E+00
 -7.0075469640E+00  1.4126091582E+00  1.4009787994E+00  3.3373119528E-01 -1.1671163747E+00
 -7.0075469640E+00  1.4126091582E+00  1.4009787994E+00  3.3373119528E-01 -1.1671163747E+00
 -7.0075469640E+00  1.4126091582E+00  1.4009787994E+00  3.3373119528E-01 -1.1671163747E+00
 -7.0075469640E+00  1.4126091582E+00  1.4009787994E+00  3.3373119528E-01 -1.1671163747E+00
 -7.0075469640E+00  1.4126091582E+00  1.4009787994E+00  3.3373119528E-01 -1.1671163747E+00
 -7.0075469640E+00  1.4126091582E+00  1.4009787994E+00  3.3373119528E-01 -1.1671163747E+00
 -7.0075469640E+00  1.4126091582E+00  1.4009787994E+00  3.3373119528E-01 -1.1671163747E+00
 -7.0075469640E+00  1.4126091582E+00  1.4009787994E+00  3.3373119528E-01 -1.1671163747E+00
 -7.0075469640E+00  1.4126091582E+00  1.4009787994E+00  3.3373119528E-01 -1.1671163747E+00
 -7.0075469640E+00  1.4126091582E+00  1.4009787994E+00  3.3373119528E-01 -1.1671163747E+00
 -7.0075469640E+00  1.4126091582E+00  1.4009787994E+00  3.3373119528E-01 -1.1671163747E+00
 -7.0075469640E+00  1.4126091582E+00  1.4009787994E+00  3.3373119528E-01 -1.1671163747E+00
 -7.0075469640E+00  1.4126091582E+00  1.4009787994E+00  3.3373119528E-01 -1.1671163747E+00
 -7.0075469640E+00  1.4126091582E+00  1.4009787994E+00  3.3373119528E-01 -1.1671163747E+00
 -7.0075469640E+00  1.4126091582E+00  1.4009787994E+00  3.3373119528E-01 -1.1671163747E+00
 -7.0075469640E+00  1.4126091582E+00  1.4009787994E+00  3.3373119528E-01 -1.1671163747E+00
 -7.0075469640E+00  1.4126091582E+00  1.4009787994E+00  3.3373119528E-01 -1.1671163747E+00
 -7.0075469640E+00  1.4126091582E+00  1.4009787994E+00  3.3373119528E-01 -1.1671163747E+00
 -7.0075469640E+00  1.4126091582E+00  1.4009787994E+00  3.3373119528E-01 -1.1671163747E+00
 -7.0075469640E+00  1.4126091582E+00  1.4009787994E+00  3.3373119528E-01 -1.1671163747E+00
 -7.0075469640E+00  1.4126091582E+00  1.4009787994E+00  3.3373119528E-01 -1.1671163747E+00
 -7.0075469640E+00  1.4126091582E+00  1.4009787994E+00  3.3373119528E-01 -1.1671163747E+00
 -7.0075469640E+00  1.4126091582E+00  1.4009787994E+00  3.3373119528E-01 -1.1671163747E+00
 -7.0075469640E+00  1.4126091582E+00  1.4009787994E+00  3.3373119528E-01 -1.1671163747E+00
 -7.0075469640E+00  1.4126091582E+00  1.4009787994E+00  3.3373119528E-01 -1.1671163747E+00
 -7.0075469640E+00  1.4126091582E+00  1.4009787994E+00  3.3373119528E-01 -1.1671163747E+00
 -7.0075469640E+00  1.4126091582E+00  1.4009787994E+00  3.3373119528E-01 -1.1671163747E+00
 -7.0075469640E+00  1.4126091582E+00  1.4009787994E+00  3.3373119528E-01 -1.1671163747E+00
 -7.0075469640E+00  1.4126091582E+00  1.4009787994E+00  3.3373119528E-01 -1.1671163747E+00
 -7.0075469640E+00  1.4126091582E+00  1.4009787994E+00  3.3373119528E-01 -1.1671163747E+00
 -7.0075469640E+00  1.4126091582E+00  1.4009787994E+00  3.3373119528E-01 -1.1671163747E+00
 -7.0075469640E+00  1.4126091582E+00  1.4009787994E+00  3.3373119528E-01 -1.1671163747E+00
 -7.0075469640E+00  1.4126091582E+00  1.4009787994E+00  3.3373119528E-01 -1.1671163747E+00
 -7.0075469640E+00  1.4126091582E+00  1.4009787994E+00  3.3373119528E-01 -1.1671163747E+00
 -7.0075469640E+00  1.4126091582E+00  1.4009787994E+00  3.3373119528E-01 -1.1671163747E+00
 -7.0075469640E+00  1.4126091582E+00  1.4009787994E+00  3.3373119528E-01 -1.1671163747E+00
 -7.0075469640E+00  1.4126091582E+00  1.4009787994E+00  3.3373119528E-01 -1.1671163747E+00
 -7.0075469640E+00  1.4126091582E+00  1.4009787994E+00  3.3373119528E-01 -1.1671163747E+00
 -7.0075469640E+00  1.4126091582E+00  1.4009787994E+00  3.3373119528E-01 -1.1671163747E+00
 -7.0075469640E+00  1.4126091582E+00  1.4009787994E+00  3.3373119528E-01 -1.1671163747E+00
 -7.0075469640E+00  1.4126091582E+00  1.4009787994E+00  3.3373119528E-01 -1.1671163747E+00
 -7.0075469640E+00  1.4126091582E+00  1.4009787994E+00  3.3373119528E-01 -1.1671163747E+00
 -7.0075469640E+00  1.4126091582E+00  1.4009787994E+00  3.3373119528E-01 -1.1671163747E+00
 -7.0075469640E+00  1.4126091582E+00  1.4009787994E+00  3.3373119528E-01 -1.1671163747E+00
 -7.0075469640E+00  1.4126091582E+00  1.4009787994E+00  3.3373119528E-01 -1.1671163747E+00
 -7.0075469640E+00  1.4126091582E+00  1.4009787994E+00  3.3373119528E-01 -1.1671163747E+00
 -7.0075469640E+00  1.4126091582E+00  1.4009787994E+00  3.3373119528E-01 -1.1671163747E+00
 -7.0075469640E+00  1.4126091582E+00  1.4009787994E+00  3.3373119528E-01 -1.1671163747E+00
 -7.0075469640E+00  1.4126091582E+00  1.4009787994E+00  3.3373119528E-01 -1.1671163747E+00
 -7.0075469640E+00  1.4126091582E+00  1.4009787994E+00  3.3373119528E-01 -1.1671163747E+00
