 AIMInt (Version 19.10.12, Professional)
 Portions Copyright (c) 1997-2019 by Todd A. Keith
 AIMInt is a component of the AIMAll package ( http://aim.tkgristmill.com )

 TP:  64-bit Mac OS X

 AIMInt is a heavily modified and extended version of the PROAIMV program
 developed by members of R.F.W. Bader's research group

 Much of the Quantum Theory of Atoms in Molecules (QTAIM) is described in the book:
   "Atoms in Molecules - A Quantum Theory"
   R.F.W. Bader, Oxford University Press, Oxford, 1990

 For additional references see:  http://aim.tkgristmill.com/references.html

 Current Directory:  /Users/chemlab/Documents/SubstituentCoding/HanschLeoTaftSubstituents/QTAIM

 Inp File:  SubH_AsO-C6H5-2_wb97xd_aug-cc-pvtz_atomicfiles/c16.inp
 Wfx File:  SubH_AsO-C6H5-2_wb97xd_aug-cc-pvtz.wfx
 Out File:  SubH_AsO-C6H5-2_wb97xd_aug-cc-pvtz_atomicfiles/c16.int

 Wfx Title:   Title Card Required                                                           
 Job Title:   Title Card Required                                                           
 
<Atom>
C16     
</Atom>
<Nuclei of Molecule>
    25
As1       33.0          -5.3208027851E-02  -2.1440785859E+00  -1.0041145093E+00
H2         1.0           2.5355490096E-02  -2.2637913563E+00  -3.8679903787E+00
C3         6.0          -2.9027381812E+00   8.2426052836E-03  -2.6598873521E-01
C4         6.0          -4.8685685882E+00  -1.0294145350E+00   1.1253035154E+00
C5         6.0          -3.0098287713E+00   2.5072140174E+00  -1.0634474101E+00
C6         6.0          -6.9573376848E+00   4.4240606348E-01   1.7108104053E+00
H7         1.0          -4.7375792618E+00  -2.9748575537E+00   1.7448002278E+00
C8         6.0          -5.1007412639E+00   3.9686312833E+00  -4.7560734623E-01
H9         1.0          -1.4651528530E+00   3.3313815952E+00  -2.1234119422E+00
C10        6.0          -7.0733082177E+00   2.9337792338E+00   9.0939439492E-01
H11        1.0          -8.4927168011E+00  -3.5756130114E-01   2.7961476405E+00
H12        1.0          -5.1899011308E+00   5.9154152008E+00  -1.0901484378E+00
H13        1.0          -8.7028420811E+00   4.0784313649E+00   1.3691175077E+00
C14        6.0           2.9427084266E+00  -2.3629237246E-01  -2.1091324461E-01
C15        6.0           3.9242876386E+00   1.5282973486E+00  -1.8873568369E+00
C16        6.0           4.0957902706E+00  -6.4531044984E-01   2.1103199193E+00
C17        6.0           6.0515128812E+00   2.9087375100E+00  -1.2288899221E+00
H18        1.0           3.0546283623E+00   1.8193594109E+00  -3.7181850606E+00
C19        6.0           6.2240459142E+00   7.3621681630E-01   2.7597292293E+00
H20        1.0           3.3383557438E+00  -2.0591353464E+00   3.3799726920E+00
C21        6.0           7.1951015438E+00   2.5143928661E+00   1.0960672880E+00
H22        1.0           6.8227871455E+00   4.2797321806E+00  -2.5330442535E+00
H23        1.0           7.1309203250E+00   4.1938786511E-01   4.5630946304E+00
H24        1.0           8.8577836245E+00   3.5871793707E+00   1.6069009621E+00
O25        8.0          -2.5141468137E-01  -4.8552938024E+00   4.4149970960E-01
</Nuclei of Molecule>
<Total Number of CPs of DelSqRho>
    38
</Total Number of CPs of DelSqRho>
<Number of (3,+3) CPs of DelSqRho>
     4
</Number of (3,+3) CPs of DelSqRho>
<Number of (3,+1) CPs of DelSqRho>
    15
</Number of (3,+1) CPs of DelSqRho>
<Number of (3,-1) CPs of DelSqRho>
    15
</Number of (3,-1) CPs of DelSqRho>
<Number of (3,-3) CPs of DelSqRho>
     4
</Number of (3,-3) CPs of DelSqRho>
<Number of Degenerate CPs of DelSqRho>
     0
</Number of Degenerate CPs of DelSqRho>
<CP of DelSqRho>
CP# = 1       
Type = (3,+3)
Coords =  4.09579024596204E+00 -6.45310448454965E-01  2.11031989346501E+00
DistFromNuc =  3.5677327596E-08
Rho =  1.2111631168E+02
DelSqRho = -7.4605251768E+05
GradDelSqRho = -4.7670279173E-06 -4.6623603112E-07  1.0560950159E-07
HessDelSqRho_EigVals =  1.5983412251E+10  1.5983414352E+10  1.5983415382E+10
HessDelSqRho_EigVec1 = -5.8109115171E-01  6.9774068938E-01  4.1891646397E-01
HessDelSqRho_EigVec2 = -3.4770158692E-01 -6.7824582873E-01  6.4736867569E-01
HessDelSqRho_EigVec3 =  7.3582381033E-01  2.3052229003E-01  6.3672819472E-01
</CP of DelSqRho>
<CP of DelSqRho>
CP# = 2       
Type = (3,+1)
Coords =  5.16160977960977E+00  4.44810329931155E-02  2.43793849985507E+00
DistFromNuc =  1.3111511927E+00
Rho =  3.2442972824E-01
DelSqRho = -1.0776392210E+00
GradDelSqRho =  1.1572340308E-13  1.1519951659E-13 -2.2386606457E-14
HessDelSqRho_EigVals = -4.1444631614E+00  5.5722443618E+00  7.5851675940E+00
HessDelSqRho_EigVec1 =  8.1256338067E-01  5.2729298187E-01  2.4840061126E-01
HessDelSqRho_EigVec2 = -5.8104421454E-01  6.9904424416E-01  4.1680302958E-01
HessDelSqRho_EigVec3 =  4.6134294771E-02 -4.8301061684E-01  8.7439829075E-01
</CP of DelSqRho>
<CP of DelSqRho>
CP# = 3       
Type = (3,+1)
Coords =  3.61309463657180E+00 -1.54379766901461E+00  2.91945812250292E+00
DistFromNuc =  1.3019135878E+00
Rho =  2.9567519154E-01
DelSqRho = -1.1909843087E+00
GradDelSqRho = -1.6930901126E-15 -9.8532293435E-16 -1.8318679906E-15
HessDelSqRho_EigVals = -1.0374428043E+01  8.9244229649E+00  9.2448291260E+00
HessDelSqRho_EigVec1 =  3.7017768932E-01  6.9246475406E-01 -6.1924231341E-01
HessDelSqRho_EigVec2 = -6.1139596710E-01  6.8347992242E-01  3.9881094149E-01
HessDelSqRho_EigVec3 =  6.9940220885E-01  2.3097134029E-01  6.7637917637E-01
</CP of DelSqRho>
<CP of DelSqRho>
CP# = 4       
Type = (3,+1)
Coords =  3.97944801751796E+00 -6.26430105561056E-01  1.91992519497888E+00
DistFromNuc =  2.2392440305E-01
Rho =  9.2549569419E+00
DelSqRho =  2.8003497377E+02
GradDelSqRho = -3.4017233475E-13 -5.9152682752E-13 -2.2764012897E-12
HessDelSqRho_EigVals = -5.8727045045E+04  3.1585498517E+01  1.6932946795E+02
HessDelSqRho_EigVec1 =  5.1945573434E-01 -8.4376521821E-02  8.5032131728E-01
HessDelSqRho_EigVec2 =  6.2774334738E-01  7.1282893624E-01 -3.1275101517E-01
HessDelSqRho_EigVec3 =  5.7974479720E-01 -6.9624385831E-01 -4.2324987878E-01
</CP of DelSqRho>
<CP of DelSqRho>
CP# = 5       
Type = (3,-1)
Coords =  4.21077540203551E+00 -6.61911896446874E-01  2.30158496129296E+00
DistFromNuc =  2.2378450525E-01
Rho =  9.2570319746E+00
DelSqRho =  2.8106199464E+02
GradDelSqRho = -3.9712677591E-12  3.4550140526E-12 -1.2002843164E-11
HessDelSqRho_EigVals = -5.9086063669E+04 -4.9262525243E+01  1.3738482203E+02
HessDelSqRho_EigVec1 =  5.1392695020E-01 -7.4123189271E-02  8.5462555699E-01
HessDelSqRho_EigVec2 =  6.2683127410E-01  7.1257928150E-01 -3.1514016148E-01
HessDelSqRho_EigVec3 =  5.8562927152E-01 -6.9766504885E-01 -4.1267643009E-01
</CP of DelSqRho>
<CP of DelSqRho>
CP# = 6       
Type = (3,+1)
Coords =  4.26980568342537E+00 -5.05078038669367E-01  2.12217228459354E+00
DistFromNuc =  2.2380118771E-01
Rho =  9.2632312360E+00
DelSqRho =  2.8051435875E+02
GradDelSqRho =  3.6131098113E-12  7.2155614816E-12 -2.6023627697E-13
HessDelSqRho_EigVals = -5.9045162923E+04  2.8402395009E+01  1.6072734810E+02
HessDelSqRho_EigVec1 =  7.7770647725E-01  6.2634780853E-01  5.3488858677E-02
HessDelSqRho_EigVec2 =  2.2564935478E-01 -3.5756721661E-01  9.0621633967E-01
HessDelSqRho_EigVec3 = -5.8673248072E-01  6.9270059070E-01  4.1941731927E-01
</CP of DelSqRho>
<CP of DelSqRho>
CP# = 7       
Type = (3,-3)
Coords =  4.23287350335763E+00 -8.00241348911851E-01  2.02515289228577E+00
DistFromNuc =  2.2371593301E-01
Rho =  9.2301432396E+00
DelSqRho =  2.8445191844E+02
GradDelSqRho =  5.6026294715E-12 -1.1505463249E-11 -1.1431744440E-11
HessDelSqRho_EigVals = -5.9596482332E+04 -1.6432235744E+02 -1.5361518373E+02
HessDelSqRho_EigVec1 = -6.1295695668E-01  6.9250794924E-01  3.8041623190E-01
HessDelSqRho_EigVec2 = -6.4852659716E-01 -7.1598451632E-01  2.5841715340E-01
HessDelSqRho_EigVec3 =  4.5132806475E-01 -8.8311452474E-02  8.8797751398E-01
</CP of DelSqRho>
<CP of DelSqRho>
CP# = 8       
Type = (3,-1)
Coords =  3.91295693448165E+00 -7.55697833827287E-01  2.04295390047848E+00
DistFromNuc =  2.2394549295E-01
Rho =  9.2478423211E+00
DelSqRho =  2.8025052205E+02
GradDelSqRho =  6.5654148784E-12  4.2597037009E-12  2.4442670110E-12
HessDelSqRho_EigVals = -5.8642472069E+04 -2.6280715037E+01  1.5635256334E+02
HessDelSqRho_EigVec1 =  8.1639716424E-01  4.9305956919E-01  3.0064585719E-01
HessDelSqRho_EigVec2 = -3.3359545366E-03 -5.1657192954E-01  8.5623729948E-01
HessDelSqRho_EigVec3 = -5.7748120456E-01  7.0003264412E-01  4.2008303410E-01
</CP of DelSqRho>
<CP of DelSqRho>
CP# = 9       
Type = (3,-3)
Coords =  3.97270983630600E+00 -4.88771308234332E-01  2.21232465580687E+00
DistFromNuc =  2.2373703857E-01
Rho =  9.2288348988E+00
DelSqRho =  2.8435121250E+02
GradDelSqRho =  8.2902573695E-12 -1.0009770790E-11  5.1514348343E-14
HessDelSqRho_EigVals = -5.9539283931E+04 -1.6224656985E+02 -1.5125246707E+02
HessDelSqRho_EigVec1 = -5.4988910184E-01  6.9965941060E-01  4.5617834762E-01
HessDelSqRho_EigVec2 =  6.5852520929E-01  6.9913447012E-01 -2.7848795561E-01
HessDelSqRho_EigVec3 = -5.1377672623E-01  1.4726745005E-01 -8.4518978563E-01
</CP of DelSqRho>
<CP of DelSqRho>
CP# = 10      
Type = (3,-1)
Coords =  4.19913056291072E+00 -4.85696038608864E-01  1.99209347691858E+00
DistFromNuc =  2.2390504230E-01
Rho =  9.2498710475E+00
DelSqRho =  2.8063203810E+02
GradDelSqRho = -4.1648906546E-12 -3.8014036363E-13 -2.8634872251E-12
HessDelSqRho_EigVals = -5.8757122760E+04 -2.7807939108E+01  1.4364338508E+02
HessDelSqRho_EigVec1 =  4.6190549209E-01  7.1290123815E-01 -5.2765058611E-01
HessDelSqRho_EigVec2 =  6.6647999885E-01  1.1353153924E-01  7.3682766013E-01
HessDelSqRho_EigVec3 =  5.8519033444E-01 -6.9201330496E-01 -4.2269357488E-01
</CP of DelSqRho>
<CP of DelSqRho>
CP# = 11      
Type = (3,+1)
Coords =  3.97347183806874E+00 -8.04841404646677E-01  2.20876256314751E+00
DistFromNuc =  2.2383672309E-01
Rho =  9.2609748257E+00
DelSqRho =  2.8004019754E+02
GradDelSqRho = -2.7666757774E-13 -5.1212367680E-12  6.7217342803E-12
HessDelSqRho_EigVals = -5.8940287040E+04  3.6735456316E+01  1.7872306069E+02
HessDelSqRho_EigVec1 =  5.4604793572E-01  7.1272404216E-01 -4.4029091704E-01
HessDelSqRho_EigVec2 =  6.0545745416E-01  2.7499670188E-02  7.9540243861E-01
HessDelSqRho_EigVec3 =  5.7901029619E-01 -7.0090527739E-01 -4.1650794594E-01
</CP of DelSqRho>
<CP of DelSqRho>
CP# = 12      
Type = (3,+1)
Coords =  4.78351530246261E+00 -1.25780011356601E+00  2.54895409445462E+00
DistFromNuc =  1.0200535512E+00
Rho =  1.8193512828E-01
DelSqRho = -5.2021512338E-02
GradDelSqRho =  1.0547118734E-15 -7.2164496601E-16  1.3947176747E-15
HessDelSqRho_EigVals = -2.3189730889E+00  2.2451687272E-01  1.1313312099E+01
HessDelSqRho_EigVec1 =  7.4194561257E-01  6.0839705502E-01 -2.8172634138E-01
HessDelSqRho_EigVec2 =  1.2291910644E-01 -5.3650975504E-01 -8.3489411066E-01
HessDelSqRho_EigVec3 =  6.5909604858E-01 -5.8481647222E-01  4.7284468122E-01
</CP of DelSqRho>
<CP of DelSqRho>
CP# = 13      
Type = (3,+1)
Coords =  3.07837694277815E+00 -6.59098369969562E-01  2.20000896730287E+00
DistFromNuc =  1.0214519625E+00
Rho =  1.8235551554E-01
DelSqRho = -4.8014236227E-02
GradDelSqRho =  1.8596235662E-15 -5.5337678884E-16  5.1347814889E-16
HessDelSqRho_EigVals = -2.3408471434E+00  1.8129898228E-01  1.1210058902E+01
HessDelSqRho_EigVec1 =  9.4854631328E-02 -5.6875900141E-01  8.1701639961E-01
HessDelSqRho_EigVec2 = -7.5337404812E-03  8.2028326802E-01  5.7190786231E-01
HessDelSqRho_EigVec3 =  9.9546262696E-01  6.0403298956E-02 -7.3522784259E-02
</CP of DelSqRho>
<CP of DelSqRho>
CP# = 14      
Type = (3,-1)
Coords =  4.46674937487539E+00  4.23630043868683E-02  1.47335424144472E+00
DistFromNuc =  1.0080826908E+00
Rho =  2.0783032706E-01
DelSqRho =  1.9204464552E-02
GradDelSqRho =  0.0000000000E+00 -1.6653345369E-16  2.4980018054E-15
HessDelSqRho_EigVals = -3.7147138302E+00 -6.8453481944E-01  1.2319577101E+01
HessDelSqRho_EigVec1 =  7.2555898588E-01  2.1012995760E-01  6.5529349068E-01
HessDelSqRho_EigVec2 = -5.7960204725E-01  6.9994192297E-01  4.1730417119E-01
HessDelSqRho_EigVec3 =  3.7097927818E-01  6.8258824000E-01 -6.2964090542E-01
</CP of DelSqRho>
<CP of DelSqRho>
CP# = 15      
Type = (3,-1)
Coords =  4.61667559047298E+00 -1.49827652671728E+00  1.76943381005195E+00
DistFromNuc =  1.0559715831E+00
Rho =  1.4674793538E-01
DelSqRho = -8.6242864656E-03
GradDelSqRho =  8.7013729555E-15 -1.3225531781E-14 -2.5604518505E-15
HessDelSqRho_EigVals = -6.7725101134E-01 -3.8133596550E-01  8.4831333165E+00
HessDelSqRho_EigVec1 =  3.9646612187E-01  5.2532230627E-01 -7.5289513795E-01
HessDelSqRho_EigVec2 =  7.7865900043E-01  2.4201392925E-01  5.7889499833E-01
HessDelSqRho_EigVec3 = -4.8631756626E-01  8.1576083050E-01  3.1309661794E-01
</CP of DelSqRho>
<CP of DelSqRho>
CP# = 16      
Type = (3,-1)
Coords =  4.52115325367960E+00 -7.90947175225176E-01  3.00676436119786E+00
DistFromNuc =  1.0028740502E+00
Rho =  2.0265443218E-01
DelSqRho = -3.0534692329E-02
GradDelSqRho =  2.9420910153E-15 -1.6930901126E-15  7.5495165675E-15
HessDelSqRho_EigVals = -3.4707504289E+00 -1.9673978595E-01  1.2602614616E+01
HessDelSqRho_EigVec1 =  6.7975244626E-01  7.0256087773E-01 -2.1058210960E-01
HessDelSqRho_EigVec2 =  5.9606339736E-01 -6.9647043971E-01 -3.9954643402E-01
HessDelSqRho_EigVec3 =  4.2736990785E-01 -1.4607237825E-01  8.9219830877E-01
</CP of DelSqRho>
<CP of DelSqRho>
CP# = 17      
Type = (3,-1)
Coords =  3.40853654585263E+00 -4.31095844296872E-02  2.64037311138956E+00
DistFromNuc =  1.0563711237E+00
Rho =  1.4646831854E-01
DelSqRho = -1.1112654390E-02
GradDelSqRho = -1.5265566589E-16 -1.2143064332E-15 -6.2450045135E-16
HessDelSqRho_EigVals = -6.6392347574E-01 -3.6684639718E-01  8.4735283489E+00
HessDelSqRho_EigVec1 = -2.2105187266E-01 -7.8477128854E-01  5.7902512404E-01
HessDelSqRho_EigVec2 =  7.2366912789E-01  2.6601997869E-01  6.3681737121E-01
HessDelSqRho_EigVec3 =  6.5378824013E-01 -5.5979227899E-01 -5.0911053952E-01
</CP of DelSqRho>
<CP of DelSqRho>
CP# = 18      
Type = (3,+1)
Coords =  4.79036531627491E+00 -7.85712463963882E-01  1.37125167483337E+00
DistFromNuc =  1.0238989646E+00
Rho =  1.8214960112E-01
DelSqRho = -9.2969096893E-02
GradDelSqRho =  4.4408920985E-16 -1.4988010832E-15 -2.4008572908E-15
HessDelSqRho_EigVals = -2.0351665748E+00  5.8031557108E-01  1.1550988247E+01
HessDelSqRho_EigVec1 =  7.3161736855E-01  2.0257820773E-01  6.5092095971E-01
HessDelSqRho_EigVec2 =  8.5386078297E-02 -9.7453920299E-01  2.0732235639E-01
HessDelSqRho_EigVec3 = -6.7634698467E-01  9.6101048795E-02  7.3028716595E-01
</CP of DelSqRho>
<CP of DelSqRho>
CP# = 19      
Type = (3,-1)
Coords =  3.28229632774678E+00 -1.17532162050135E+00  1.85576558708489E+00
DistFromNuc =  1.0037341003E+00
Rho =  2.0321018293E-01
DelSqRho = -3.3688169903E-02
GradDelSqRho = -3.8857805862E-16  1.1657341759E-15 -1.3079815009E-15
HessDelSqRho_EigVals = -3.4894913604E+00 -1.5319222684E-01  1.2627300059E+01
HessDelSqRho_EigVec1 =  4.3893409429E-02 -4.8315201465E-01  8.7443553184E-01
HessDelSqRho_EigVec2 = -5.8502619955E-01  6.9707664215E-01  4.1452201486E-01
HessDelSqRho_EigVec3 =  8.0982573091E-01  5.2976248046E-01  2.5205951648E-01
</CP of DelSqRho>
<CP of DelSqRho>
CP# = 20      
Type = (3,+1)
Coords =  3.84661207840842E+00  3.46369958502674E-01  2.04958856374753E+00
DistFromNuc =  1.0243085967E+00
Rho =  1.8174110423E-01
DelSqRho = -9.3716883692E-02
GradDelSqRho =  7.9103390505E-16 -2.0955459590E-15  1.5543122345E-15
HessDelSqRho_EigVals = -2.0100697248E+00  5.7348208166E-01  1.1514766319E+01
HessDelSqRho_EigVec1 =  7.1633155844E-01  2.1885013072E-01  6.6255091779E-01
HessDelSqRho_EigVec2 = -6.6391580136E-01 -7.8359543750E-02  7.4369052072E-01
HessDelSqRho_EigVec3 = -2.1467395531E-01  9.7260701323E-01 -8.9166645825E-02
</CP of DelSqRho>
<CP of DelSqRho>
CP# = 21      
Type = (3,+1)
Coords =  3.78544740055746E+00 -1.51926942538360E+00  1.68647991600881E+00
DistFromNuc =  1.0196849201E+00
Rho =  1.8374830006E-01
DelSqRho = -4.6896800322E-02
GradDelSqRho = -8.9858676056E-16 -5.1555981706E-15 -3.0795678507E-15
HessDelSqRho_EigVals = -2.4326411618E+00  1.7976017733E-01  1.1367805839E+01
HessDelSqRho_EigVec1 =  3.5131348414E-02  4.1082089083E-01 -9.1103895856E-01
HessDelSqRho_EigVec2 =  9.3677405176E-01 -3.3112242240E-01 -1.1319150732E-01
HessDelSqRho_EigVec3 =  3.4816686273E-01  8.4946108624E-01  3.9647912764E-01
</CP of DelSqRho>
<CP of DelSqRho>
CP# = 22      
Type = (3,+1)
Coords =  4.01471362528161E+00 -3.44968634808720E-01  3.08396294126611E+00
DistFromNuc =  1.0221347086E+00
Rho =  1.7979512002E-01
DelSqRho = -4.9422823767E-02
GradDelSqRho =  2.3592239273E-16  4.4408920985E-16  2.3314683517E-15
HessDelSqRho_EigVals = -2.2280992655E+00  2.0861981627E-01  1.1127254160E+01
HessDelSqRho_EigVec1 =  5.9611734117E-01  7.8303579437E-01 -1.7747974612E-01
HessDelSqRho_EigVec2 = -8.0134387467E-01  5.6650217700E-01 -1.9215430775E-01
HessDelSqRho_EigVec3 = -4.9921038462E-02  2.5676882246E-01  9.6518270899E-01
</CP of DelSqRho>
<CP of DelSqRho>
CP# = 23      
Type = (3,+3)
Coords =  3.71315238895252E+00 -1.35669431283241E+00  2.75296778660728E+00
DistFromNuc =  1.0322184993E+00
Rho =  3.0997551278E-01
DelSqRho = -1.3049659615E+00
GradDelSqRho =  5.7731597281E-15  1.3711254354E-14 -9.3813845581E-15
HessDelSqRho_EigVals =  7.4863457928E+00  8.1475169232E+00  9.6171778043E+00
HessDelSqRho_EigVec1 =  5.9018335461E-01 -7.0037016140E-01 -4.0145391388E-01
HessDelSqRho_EigVec2 =  7.2303597208E-01  2.3743206814E-01  6.4872567091E-01
HessDelSqRho_EigVec3 = -3.5903006980E-01 -6.7313271355E-01  6.4652127493E-01
</CP of DelSqRho>
<CP of DelSqRho>
CP# = 24      
Type = (3,+3)
Coords =  3.64553031169426E+00 -4.86376891370172E-01  1.20846876079476E+00
DistFromNuc =  1.0204554957E+00
Rho =  3.2968406020E-01
DelSqRho = -1.1364476186E+00
GradDelSqRho =  3.3306690739E-16  7.2164496601E-16 -1.4432899320E-15
HessDelSqRho_EigVals =  4.8249876589E+00  7.0369261064E+00  9.1942482424E+00
HessDelSqRho_EigVec1 = -5.7838781068E-01  7.0202407047E-01  4.1548735834E-01
HessDelSqRho_EigVec2 =  6.6773508871E-01  7.0000566058E-01 -2.5322307648E-01
HessDelSqRho_EigVec3 =  4.6861219763E-01 -1.3097434726E-01  8.7364084645E-01
</CP of DelSqRho>
<CP of DelSqRho>
CP# = 25      
Type = (3,+3)
Coords =  4.92203525236939E+00 -1.12030573390356E-01  2.36600257852310E+00
DistFromNuc =  1.0160914422E+00
Rho =  3.3430870986E-01
DelSqRho = -1.1708840275E+00
GradDelSqRho =  6.1062266354E-16 -1.0547118734E-15  5.8286708793E-16
HessDelSqRho_EigVals =  4.8909370975E+00  7.2993828774E+00  9.3823302890E+00
HessDelSqRho_EigVec1 = -5.7916431346E-01  7.0032428235E-01  4.1727041300E-01
HessDelSqRho_EigVec2 =  4.5689755234E-03 -5.0905922714E-01  8.6071936642E-01
HessDelSqRho_EigVec3 =  8.1519802654E-01  5.0040443923E-01  2.9162917329E-01
</CP of DelSqRho>
<CP of DelSqRho>
CP# = 26      
Type = (3,+1)
Coords =  5.68832889944749E+00 -1.11534612142219E+00  1.79305382286953E+00
DistFromNuc =  1.6904941860E+00
Rho =  7.9457888601E-02
DelSqRho =  1.1469623924E-01
GradDelSqRho = -3.4694469520E-17 -3.1225022568E-17 -4.3368086899E-18
HessDelSqRho_EigVals = -1.0500164315E+00  9.2566698268E-02  1.1846072183E-01
HessDelSqRho_EigVec1 =  8.0795247438E-01 -5.1016374066E-01 -2.9486565898E-01
HessDelSqRho_EigVec2 =  5.8302264137E-01  7.6467173486E-01  2.7452092372E-01
HessDelSqRho_EigVec3 =  8.5424813667E-02 -3.9371321494E-01  9.1525543188E-01
</CP of DelSqRho>
<CP of DelSqRho>
CP# = 27      
Type = (3,+1)
Coords =  2.85554101962657E+00  4.53660694473530E-01  1.88346275155543E+00
DistFromNuc =  1.6725489395E+00
Rho =  7.7821318933E-02
DelSqRho =  1.1669659369E-01
GradDelSqRho =  2.7061686225E-16 -5.3429483060E-16  1.3877787808E-17
HessDelSqRho_EigVals = -1.0742783953E+00  9.5642871926E-02  1.0948389747E-01
HessDelSqRho_EigVec1 =  7.1229241212E-01 -6.9028940279E-01 -1.2704353598E-01
HessDelSqRho_EigVec2 =  2.2116279889E-01  4.8952252565E-02  9.7400754276E-01
HessDelSqRho_EigVec3 =  6.6612801775E-01  7.2187548605E-01 -1.8753465442E-01
</CP of DelSqRho>
<CP of DelSqRho>
CP# = 28      
Type = (3,-1)
Coords =  3.24015033724215E+00  5.29917561646911E-01  2.63308624494371E+00
DistFromNuc =  1.5448511921E+00
Rho =  6.6379718781E-02
DelSqRho =  1.2554699294E-01
GradDelSqRho =  1.5265566589E-16 -1.8735013541E-16 -2.0816681712E-17
HessDelSqRho_EigVals = -1.2731389832E+00 -3.6458903377E-02  4.2383899736E-02
HessDelSqRho_EigVec1 = -5.7828576798E-01  7.1940655089E-01  3.8475938597E-01
HessDelSqRho_EigVec2 =  7.0408933020E-01  2.0185172914E-01  6.8081869433E-01
HessDelSqRho_EigVec3 = -4.1212108130E-01 -6.6461273986E-01  6.2325445875E-01
</CP of DelSqRho>
<CP of DelSqRho>
CP# = 29      
Type = (3,+1)
Coords =  4.47815949678584E+00 -1.49789274124048E+00  7.23225309038361E-01
DistFromNuc =  1.6724635262E+00
Rho =  7.7991795974E-02
DelSqRho =  1.1795260565E-01
GradDelSqRho =  1.2490009027E-16 -2.6367796835E-16 -2.8969882049E-16
HessDelSqRho_EigVals = -1.0796417783E+00  9.5142151512E-02  1.1334887098E-01
HessDelSqRho_EigVec1 = -3.9566155217E-01  6.3957782197E-01  6.5908432373E-01
HessDelSqRho_EigVec2 =  6.9722098052E-01 -2.5792562974E-01  6.6884772097E-01
HessDelSqRho_EigVec3 =  5.9777490786E-01  7.2416474588E-01 -3.4387582114E-01
</CP of DelSqRho>
<CP of DelSqRho>
CP# = 30      
Type = (3,+1)
Coords =  4.06771573956547E+00  8.20543997948188E-01  2.94666279783216E+00
DistFromNuc =  1.6878942064E+00
Rho =  7.9117102162E-02
DelSqRho =  1.1447495365E-01
GradDelSqRho = -4.1633363423E-17  1.5959455979E-16  4.1633363423E-17
HessDelSqRho_EigVals = -1.0527983765E+00  9.0750551335E-02  1.1698017008E-01
HessDelSqRho_EigVec1 = -2.9430639398E-01  8.1730068979E-01  4.9538200303E-01
HessDelSqRho_EigVec2 =  9.3928870880E-01  3.4303635256E-01 -7.9235312368E-03
HessDelSqRho_EigVec3 =  1.7640994299E-01 -4.6297477608E-01  8.6863910154E-01
</CP of DelSqRho>
<CP of DelSqRho>
CP# = 31      
Type = (3,-1)
Coords =  5.02832632379031E+00 -1.59649838529430E+00  1.32709946181707E+00
DistFromNuc =  1.5452560513E+00
Rho =  6.6660238208E-02
DelSqRho =  1.2697611767E-01
GradDelSqRho =  1.3183898417E-16 -2.2204460493E-16  1.9428902931E-16
HessDelSqRho_EigVals = -1.2805857029E+00 -4.3958331352E-02  4.7440704181E-02
HessDelSqRho_EigVec1 = -5.8756792798E-01  6.6525306338E-01  4.6065419966E-01
HessDelSqRho_EigVec2 =  7.1699268594E-01  1.6414564701E-01  6.7747892578E-01
HessDelSqRho_EigVec3 = -3.7508054910E-01 -7.2835058058E-01  5.7342829844E-01
</CP of DelSqRho>
<CP of DelSqRho>
CP# = 32      
Type = (3,-3)
Coords =  2.76053385046271E+00 -1.26970345434349E+00  1.26436222733464E+00
DistFromNuc =  1.6995354507E+00
Rho =  9.8235036275E-02
DelSqRho =  2.4286127668E-01
GradDelSqRho = -2.0816681712E-16  3.5388358910E-16 -1.8735013541E-16
HessDelSqRho_EigVals = -1.5706343813E+00 -2.1481203861E-01 -1.9878893864E-01
HessDelSqRho_EigVec1 =  7.3274893029E-01  6.7336745748E-01 -9.8261245481E-02
HessDelSqRho_EigVec2 = -5.6462103207E-01  6.8220170183E-01  4.6454701395E-01
HessDelSqRho_EigVec3 =  3.7984483055E-01 -2.8491596171E-01  8.8007999606E-01
</CP of DelSqRho>
<CP of DelSqRho>
CP# = 33      
Type = (3,-1)
Coords =  5.91199572671468E+00 -8.72698112068628E-01  1.90719931833905E+00
DistFromNuc =  1.8416203155E+00
Rho =  8.9696122421E-02
DelSqRho =  1.1724172957E-01
GradDelSqRho = -6.7654215563E-17  2.5326962749E-16  1.1188966420E-16
HessDelSqRho_EigVals = -9.0189945251E-01 -1.1900245354E-01  1.4116855100E-01
HessDelSqRho_EigVec1 = -5.8889418299E-01  7.0459294150E-01  3.9591972421E-01
HessDelSqRho_EigVec2 =  8.0751864768E-01  5.3321525211E-01  2.5218074583E-01
HessDelSqRho_EigVec3 =  3.3425662063E-02 -4.6822033457E-01  8.8297929954E-01
</CP of DelSqRho>
<CP of DelSqRho>
CP# = 34      
Type = (3,-1)
Coords =  4.40239667453378E+00  9.44383530064636E-01  2.98670489119295E+00
DistFromNuc =  1.8409739422E+00
Rho =  8.9767323167E-02
DelSqRho =  1.1719571220E-01
GradDelSqRho = -6.3594962629E-15  1.8939710911E-14  1.3263695697E-14
HessDelSqRho_EigVals = -9.0179398488E-01 -1.2264652425E-01  1.4049860093E-01
HessDelSqRho_EigVec1 = -5.7163165130E-01  6.9569395339E-01  4.3502549173E-01
HessDelSqRho_EigVec2 =  8.1840148060E-01  5.2141742671E-01  2.4154271605E-01
HessDelSqRho_EigVec3 =  5.8790065406E-02 -4.9409896816E-01  8.6741566614E-01
</CP of DelSqRho>
<CP of DelSqRho>
CP# = 35      
Type = (3,-1)
Coords =  4.42144445843394E+00 -2.23825870451572E+00  2.31624297924585E+00
DistFromNuc =  1.6388834915E+00
Rho =  7.5069100672E-02
DelSqRho =  1.4516531360E-01
GradDelSqRho =  1.4831885720E-16 -5.0133508456E-16 -1.8865117801E-17
HessDelSqRho_EigVals = -1.4928301361E+00 -2.3369104206E-01  6.4160420152E-02
HessDelSqRho_EigVec1 = -4.5995580298E-01  8.6922343829E-01  1.8135951490E-01
HessDelSqRho_EigVec2 = -5.3310971406E-01 -4.3366871488E-01  7.2644716154E-01
HessDelSqRho_EigVec3 =  7.1009484724E-01  2.3744906838E-01  6.6285990061E-01
</CP of DelSqRho>
<CP of DelSqRho>
CP# = 36      
Type = (3,-3)
Coords =  4.71759936511822E+00  4.21848001483217E-01  1.17315569405590E+00
DistFromNuc =  1.5504033331E+00
Rho =  9.2215562942E-02
DelSqRho =  2.8146480314E-01
GradDelSqRho =  1.4571677198E-16 -2.1510571102E-16 -3.8163916471E-16
HessDelSqRho_EigVals = -1.7252125795E+00 -2.6892067524E-01 -8.7017354564E-02
HessDelSqRho_EigVec1 =  3.3201745673E-01  6.6927832497E-01 -6.6470364235E-01
HessDelSqRho_EigVec2 = -5.9597140734E-01  6.9505039528E-01  4.0214801958E-01
HessDelSqRho_EigVec3 =  7.3115148230E-01  2.6262420250E-01  6.2963960977E-01
</CP of DelSqRho>
<CP of DelSqRho>
CP# = 37      
Type = (3,-1)
Coords =  2.97709183273695E+00 -5.68657326013735E-01  3.31050868938533E+00
DistFromNuc =  1.6425026576E+00
Rho =  7.5238343227E-02
DelSqRho =  1.4191473382E-01
GradDelSqRho = -2.2974244035E-16  1.9862583800E-16  7.3508907295E-17
HessDelSqRho_EigVals = -1.4680242323E+00 -2.2530601162E-01  6.4573620923E-02
HessDelSqRho_EigVec1 =  6.7180438369E-01 -4.3519122512E-01 -5.9940592892E-01
HessDelSqRho_EigVec2 =  1.6288655691E-01  8.7619769530E-01 -4.5359185215E-01
HessDelSqRho_EigVec3 =  7.2259728731E-01  2.0708982673E-01  6.5952025294E-01
</CP of DelSqRho>
<CP of DelSqRho>
CP# = 38      
Type = (3,-1)
Coords =  5.00146479455200E+00  5.47445815985353E-01  1.36592986000076E+00
DistFromNuc =  1.6724324840E+00
Rho =  9.4618070673E-02
DelSqRho =  2.7982662866E-01
GradDelSqRho = -1.0539485951E-13  1.8975489582E-13 -4.6921494468E-13
HessDelSqRho_EigVals = -1.5474707425E+00 -2.8333268052E-01  3.8236959965E-02
HessDelSqRho_EigVec1 = -1.0394070246E-01 -5.7186219222E-01  8.1373826473E-01
HessDelSqRho_EigVec2 = -5.8347290887E-01  6.9764715021E-01  4.1574970646E-01
HessDelSqRho_EigVec3 =  8.0545371995E-01  4.3158091584E-01  4.0618003163E-01
</CP of DelSqRho>
<Path of -GradDelSqRho>
Starting CP# =      2
Ending CP# =      0
Number of Points =    400
  5.1616097796E+00  4.4481032993E-02  2.4379384999E+00  3.2442972824E-01 -1.0776392210E+00
  5.1819242384E+00  5.7660916034E-02  2.4441524712E+00  3.2449193114E-01 -1.0789284200E+00
  5.2022394720E+00  7.0835662439E-02  2.4503747964E+00  3.2470421889E-01 -1.0827362550E+00
  5.2225555269E+00  8.4004837029E-02  2.4566062284E+00  3.2506456274E-01 -1.0888920205E+00
  5.2428724935E+00  9.7167706815E-02  2.4628479998E+00  3.2556976403E-01 -1.0971165478E+00
  5.2631905204E+00  1.1032313799E-01  2.4691019901E+00  3.2621564448E-01 -1.1070212842E+00
  5.2835098391E+00  1.2346940621E-01  2.4753710321E+00  3.2699731399E-01 -1.1181064477E+00
  5.3038308136E+00  1.3660383307E-01  2.4816594953E+00  3.2790951979E-01 -1.1297574589E+00
  5.3241540426E+00  1.4972202631E-01  2.4879744977E+00  3.2894708218E-01 -1.1412382379E+00
  5.3444806035E+00  1.6281605118E-01  2.4943287999E+00  3.3010542306E-01 -1.1516789605E+00
  5.3648127809E+00  1.7586887055E-01  2.5007495114E+00  3.3138118582E-01 -1.1600543465E+00
  5.3851575165E+00  1.8882690474E-01  2.5073201929E+00  3.3277284401E-01 -1.1651464125E+00
  5.3973856682E+00  1.9639143126E-01  2.5115528968E+00  3.3366222877E-01 -1.1660268527E+00
  5.3973854964E+00  1.9639215734E-01  2.5115514382E+00  3.3366222482E-01 -1.1660268527E+00
  5.3973854964E+00  1.9639215735E-01  2.5115514382E+00  3.3366222482E-01 -1.1660268527E+00
  5.3973854964E+00  1.9639215735E-01  2.5115514382E+00  3.3366222482E-01 -1.1660268527E+00
  5.3973854964E+00  1.9639215735E-01  2.5115514382E+00  3.3366222482E-01 -1.1660268527E+00
  5.3973854964E+00  1.9639215735E-01  2.5115514382E+00  3.3366222482E-01 -1.1660268527E+00
  5.3973854964E+00  1.9639215735E-01  2.5115514382E+00  3.3366222482E-01 -1.1660268527E+00
  5.3973854964E+00  1.9639215735E-01  2.5115514382E+00  3.3366222482E-01 -1.1660268527E+00
  5.3973854964E+00  1.9639215735E-01  2.5115514382E+00  3.3366222482E-01 -1.1660268527E+00
  5.3973854964E+00  1.9639215735E-01  2.5115514382E+00  3.3366222482E-01 -1.1660268527E+00
  5.3973854964E+00  1.9639215735E-01  2.5115514382E+00  3.3366222482E-01 -1.1660268527E+00
  5.3973854964E+00  1.9639215735E-01  2.5115514382E+00  3.3366222482E-01 -1.1660268527E+00
  5.3973854964E+00  1.9639215735E-01  2.5115514382E+00  3.3366222482E-01 -1.1660268527E+00
  5.3973854964E+00  1.9639215735E-01  2.5115514382E+00  3.3366222482E-01 -1.1660268527E+00
  5.3973854964E+00  1.9639215735E-01  2.5115514382E+00  3.3366222482E-01 -1.1660268527E+00
  5.3973854964E+00  1.9639215735E-01  2.5115514382E+00  3.3366222482E-01 -1.1660268527E+00
  5.3973854964E+00  1.9639215735E-01  2.5115514382E+00  3.3366222482E-01 -1.1660268527E+00
  5.3973854964E+00  1.9639215735E-01  2.5115514382E+00  3.3366222482E-01 -1.1660268527E+00
  5.3973854964E+00  1.9639215735E-01  2.5115514382E+00  3.3366222482E-01 -1.1660268527E+00
  5.3973854964E+00  1.9639215735E-01  2.5115514382E+00  3.3366222482E-01 -1.1660268527E+00
  5.3973854964E+00  1.9639215735E-01  2.5115514382E+00  3.3366222482E-01 -1.1660268527E+00
  5.3973854964E+00  1.9639215735E-01  2.5115514382E+00  3.3366222482E-01 -1.1660268527E+00
  5.3973854964E+00  1.9639215735E-01  2.5115514382E+00  3.3366222482E-01 -1.1660268527E+00
  5.3973854964E+00  1.9639215735E-01  2.5115514382E+00  3.3366222482E-01 -1.1660268527E+00
  5.3973854964E+00  1.9639215735E-01  2.5115514382E+00  3.3366222482E-01 -1.1660268527E+00
  5.3973854964E+00  1.9639215735E-01  2.5115514382E+00  3.3366222482E-01 -1.1660268527E+00
  5.3973854964E+00  1.9639215735E-01  2.5115514382E+00  3.3366222482E-01 -1.1660268527E+00
  5.3973854964E+00  1.9639215735E-01  2.5115514382E+00  3.3366222482E-01 -1.1660268527E+00
  5.3973854964E+00  1.9639215735E-01  2.5115514382E+00  3.3366222482E-01 -1.1660268527E+00
  5.3973854964E+00  1.9639215735E-01  2.5115514382E+00  3.3366222482E-01 -1.1660268527E+00
  5.3973854964E+00  1.9639215735E-01  2.5115514382E+00  3.3366222482E-01 -1.1660268527E+00
  5.3973854964E+00  1.9639215735E-01  2.5115514382E+00  3.3366222482E-01 -1.1660268527E+00
  5.3973854964E+00  1.9639215735E-01  2.5115514382E+00  3.3366222482E-01 -1.1660268527E+00
  5.3973854964E+00  1.9639215735E-01  2.5115514382E+00  3.3366222482E-01 -1.1660268527E+00
  5.3973854964E+00  1.9639215735E-01  2.5115514382E+00  3.3366222482E-01 -1.1660268527E+00
  5.3973854964E+00  1.9639215735E-01  2.5115514382E+00  3.3366222482E-01 -1.1660268527E+00
  5.3973854964E+00  1.9639215735E-01  2.5115514382E+00  3.3366222482E-01 -1.1660268527E+00
  5.3973854964E+00  1.9639215735E-01  2.5115514382E+00  3.3366222482E-01 -1.1660268527E+00
  5.3973854964E+00  1.9639215735E-01  2.5115514382E+00  3.3366222482E-01 -1.1660268527E+00
  5.3973854964E+00  1.9639215735E-01  2.5115514382E+00  3.3366222482E-01 -1.1660268527E+00
  5.3973854964E+00  1.9639215735E-01  2.5115514382E+00  3.3366222482E-01 -1.1660268527E+00
  5.3973854964E+00  1.9639215735E-01  2.5115514382E+00  3.3366222482E-01 -1.1660268527E+00
  5.3973854964E+00  1.9639215735E-01  2.5115514382E+00  3.3366222482E-01 -1.1660268527E+00
  5.3973854964E+00  1.9639215735E-01  2.5115514382E+00  3.3366222482E-01 -1.1660268527E+00
  5.3973854964E+00  1.9639215735E-01  2.5115514382E+00  3.3366222482E-01 -1.1660268527E+00
  5.3973854964E+00  1.9639215735E-01  2.5115514382E+00  3.3366222482E-01 -1.1660268527E+00
  5.3973854964E+00  1.9639215735E-01  2.5115514382E+00  3.3366222482E-01 -1.1660268527E+00
  5.3973854964E+00  1.9639215735E-01  2.5115514382E+00  3.3366222482E-01 -1.1660268527E+00
  5.3973854964E+00  1.9639215735E-01  2.5115514382E+00  3.3366222482E-01 -1.1660268527E+00
  5.3973854964E+00  1.9639215735E-01  2.5115514382E+00  3.3366222482E-01 -1.1660268527E+00
  5.3973854964E+00  1.9639215735E-01  2.5115514382E+00  3.3366222482E-01 -1.1660268527E+00
  5.3973854964E+00  1.9639215735E-01  2.5115514382E+00  3.3366222482E-01 -1.1660268527E+00
  5.3973854964E+00  1.9639215735E-01  2.5115514382E+00  3.3366222482E-01 -1.1660268527E+00
  5.3973854964E+00  1.9639215735E-01  2.5115514382E+00  3.3366222482E-01 -1.1660268527E+00
  5.3973854964E+00  1.9639215735E-01  2.5115514382E+00  3.3366222482E-01 -1.1660268527E+00
  5.3973854964E+00  1.9639215735E-01  2.5115514382E+00  3.3366222482E-01 -1.1660268527E+00
  5.3973854964E+00  1.9639215735E-01  2.5115514382E+00  3.3366222482E-01 -1.1660268527E+00
  5.3973854964E+00  1.9639215735E-01  2.5115514382E+00  3.3366222482E-01 -1.1660268527E+00
  5.3973854964E+00  1.9639215735E-01  2.5115514382E+00  3.3366222482E-01 -1.1660268527E+00
  5.3973854964E+00  1.9639215735E-01  2.5115514382E+00  3.3366222482E-01 -1.1660268527E+00
  5.3973854964E+00  1.9639215735E-01  2.5115514382E+00  3.3366222482E-01 -1.1660268527E+00
  5.3973854964E+00  1.9639215735E-01  2.5115514382E+00  3.3366222482E-01 -1.1660268527E+00
  5.3973854964E+00  1.9639215735E-01  2.5115514382E+00  3.3366222482E-01 -1.1660268527E+00
  5.3973854964E+00  1.9639215735E-01  2.5115514382E+00  3.3366222482E-01 -1.1660268527E+00
  5.3973854964E+00  1.9639215735E-01  2.5115514382E+00  3.3366222482E-01 -1.1660268527E+00
  5.3973854964E+00  1.9639215735E-01  2.5115514382E+00  3.3366222482E-01 -1.1660268527E+00
  5.3973854964E+00  1.9639215735E-01  2.5115514382E+00  3.3366222482E-01 -1.1660268527E+00
  5.3973854964E+00  1.9639215735E-01  2.5115514382E+00  3.3366222482E-01 -1.1660268527E+00
  5.3973854964E+00  1.9639215735E-01  2.5115514382E+00  3.3366222482E-01 -1.1660268527E+00
  5.3973854964E+00  1.9639215735E-01  2.5115514382E+00  3.3366222482E-01 -1.1660268527E+00
  5.3973854964E+00  1.9639215735E-01  2.5115514382E+00  3.3366222482E-01 -1.1660268527E+00
  5.3973854964E+00  1.9639215735E-01  2.5115514382E+00  3.3366222482E-01 -1.1660268527E+00
  5.3973854964E+00  1.9639215735E-01  2.5115514382E+00  3.3366222482E-01 -1.1660268527E+00
  5.3973854964E+00  1.9639215735E-01  2.5115514382E+00  3.3366222482E-01 -1.1660268527E+00
  5.3973854964E+00  1.9639215735E-01  2.5115514382E+00  3.3366222482E-01 -1.1660268527E+00
  5.3973854964E+00  1.9639215735E-01  2.5115514382E+00  3.3366222482E-01 -1.1660268527E+00
  5.3973854964E+00  1.9639215735E-01  2.5115514382E+00  3.3366222482E-01 -1.1660268527E+00
  5.3973854964E+00  1.9639215735E-01  2.5115514382E+00  3.3366222482E-01 -1.1660268527E+00
  5.3973854964E+00  1.9639215735E-01  2.5115514382E+00  3.3366222482E-01 -1.1660268527E+00
  5.3973854964E+00  1.9639215735E-01  2.5115514382E+00  3.3366222482E-01 -1.1660268527E+00
  5.3973854964E+00  1.9639215735E-01  2.5115514382E+00  3.3366222482E-01 -1.1660268527E+00
  5.3973854964E+00  1.9639215735E-01  2.5115514382E+00  3.3366222482E-01 -1.1660268527E+00
  5.3973854964E+00  1.9639215735E-01  2.5115514382E+00  3.3366222482E-01 -1.1660268527E+00
  5.3973854964E+00  1.9639215735E-01  2.5115514382E+00  3.3366222482E-01 -1.1660268527E+00
  5.3973854964E+00  1.9639215735E-01  2.5115514382E+00  3.3366222482E-01 -1.1660268527E+00
  5.3973854964E+00  1.9639215735E-01  2.5115514382E+00  3.3366222482E-01 -1.1660268527E+00
  5.3973854964E+00  1.9639215735E-01  2.5115514382E+00  3.3366222482E-01 -1.1660268527E+00
  5.3973854964E+00  1.9639215735E-01  2.5115514382E+00  3.3366222482E-01 -1.1660268527E+00
  5.3973854964E+00  1.9639215735E-01  2.5115514382E+00  3.3366222482E-01 -1.1660268527E+00
  5.3973854964E+00  1.9639215735E-01  2.5115514382E+00  3.3366222482E-01 -1.1660268527E+00
  5.3973854964E+00  1.9639215735E-01  2.5115514382E+00  3.3366222482E-01 -1.1660268527E+00
  5.3973854964E+00  1.9639215735E-01  2.5115514382E+00  3.3366222482E-01 -1.1660268527E+00
  5.3973854964E+00  1.9639215735E-01  2.5115514382E+00  3.3366222482E-01 -1.1660268527E+00
  5.3973854964E+00  1.9639215735E-01  2.5115514382E+00  3.3366222482E-01 -1.1660268527E+00
  5.3973854964E+00  1.9639215735E-01  2.5115514382E+00  3.3366222482E-01 -1.1660268527E+00
  5.3973854964E+00  1.9639215735E-01  2.5115514382E+00  3.3366222482E-01 -1.1660268527E+00
  5.3973854964E+00  1.9639215735E-01  2.5115514382E+00  3.3366222482E-01 -1.1660268527E+00
  5.3973854964E+00  1.9639215735E-01  2.5115514382E+00  3.3366222482E-01 -1.1660268527E+00
  5.3973854964E+00  1.9639215735E-01  2.5115514382E+00  3.3366222482E-01 -1.1660268527E+00
  5.3973854964E+00  1.9639215735E-01  2.5115514382E+00  3.3366222482E-01 -1.1660268527E+00
  5.3973854964E+00  1.9639215735E-01  2.5115514382E+00  3.3366222482E-01 -1.1660268527E+00
  5.3973854964E+00  1.9639215735E-01  2.5115514382E+00  3.3366222482E-01 -1.1660268527E+00
  5.3973854964E+00  1.9639215735E-01  2.5115514382E+00  3.3366222482E-01 -1.1660268527E+00
  5.3973854964E+00  1.9639215735E-01  2.5115514382E+00  3.3366222482E-01 -1.1660268527E+00
  5.3973854964E+00  1.9639215735E-01  2.5115514382E+00  3.3366222482E-01 -1.1660268527E+00
  5.3973854964E+00  1.9639215735E-01  2.5115514382E+00  3.3366222482E-01 -1.1660268527E+00
  5.3973854964E+00  1.9639215735E-01  2.5115514382E+00  3.3366222482E-01 -1.1660268527E+00
  5.3973854964E+00  1.9639215735E-01  2.5115514382E+00  3.3366222482E-01 -1.1660268527E+00
  5.3973854964E+00  1.9639215735E-01  2.5115514382E+00  3.3366222482E-01 -1.1660268527E+00
  5.3973854964E+00  1.9639215735E-01  2.5115514382E+00  3.3366222482E-01 -1.1660268527E+00
  5.3973854964E+00  1.9639215735E-01  2.5115514382E+00  3.3366222482E-01 -1.1660268527E+00
  5.3973854964E+00  1.9639215735E-01  2.5115514382E+00  3.3366222482E-01 -1.1660268527E+00
  5.3973854964E+00  1.9639215735E-01  2.5115514382E+00  3.3366222482E-01 -1.1660268527E+00
  5.3973854964E+00  1.9639215735E-01  2.5115514382E+00  3.3366222482E-01 -1.1660268527E+00
  5.3973854964E+00  1.9639215735E-01  2.5115514382E+00  3.3366222482E-01 -1.1660268527E+00
  5.3973854964E+00  1.9639215735E-01  2.5115514382E+00  3.3366222482E-01 -1.1660268527E+00
  5.3973854964E+00  1.9639215735E-01  2.5115514382E+00  3.3366222482E-01 -1.1660268527E+00
  5.3973854964E+00  1.9639215735E-01  2.5115514382E+00  3.3366222482E-01 -1.1660268527E+00
  5.3973854964E+00  1.9639215735E-01  2.5115514382E+00  3.3366222482E-01 -1.1660268527E+00
  5.3973854964E+00  1.9639215735E-01  2.5115514382E+00  3.3366222482E-01 -1.1660268527E+00
  5.3973854964E+00  1.9639215735E-01  2.5115514382E+00  3.3366222482E-01 -1.1660268527E+00
  5.3973854964E+00  1.9639215735E-01  2.5115514382E+00  3.3366222482E-01 -1.1660268527E+00
  5.3973854964E+00  1.9639215735E-01  2.5115514382E+00  3.3366222482E-01 -1.1660268527E+00
  5.3973854964E+00  1.9639215735E-01  2.5115514382E+00  3.3366222482E-01 -1.1660268527E+00
  5.3973854964E+00  1.9639215735E-01  2.5115514382E+00  3.3366222482E-01 -1.1660268527E+00
  5.3973854964E+00  1.9639215735E-01  2.5115514382E+00  3.3366222482E-01 -1.1660268527E+00
  5.3973854964E+00  1.9639215735E-01  2.5115514382E+00  3.3366222482E-01 -1.1660268527E+00
  5.3973854964E+00  1.9639215735E-01  2.5115514382E+00  3.3366222482E-01 -1.1660268527E+00
  5.3973854964E+00  1.9639215735E-01  2.5115514382E+00  3.3366222482E-01 -1.1660268527E+00
  5.3973854964E+00  1.9639215735E-01  2.5115514382E+00  3.3366222482E-01 -1.1660268527E+00
  5.3973854964E+00  1.9639215735E-01  2.5115514382E+00  3.3366222482E-01 -1.1660268527E+00
  5.3973854964E+00  1.9639215735E-01  2.5115514382E+00  3.3366222482E-01 -1.1660268527E+00
  5.3973854964E+00  1.9639215735E-01  2.5115514382E+00  3.3366222482E-01 -1.1660268527E+00
  5.3973854964E+00  1.9639215735E-01  2.5115514382E+00  3.3366222482E-01 -1.1660268527E+00
  5.3973854964E+00  1.9639215735E-01  2.5115514382E+00  3.3366222482E-01 -1.1660268527E+00
  5.3973854964E+00  1.9639215735E-01  2.5115514382E+00  3.3366222482E-01 -1.1660268527E+00
