 AIMInt (Version 19.10.12, Professional)
 Portions Copyright (c) 1997-2019 by Todd A. Keith
 AIMInt is a component of the AIMAll package ( http://aim.tkgristmill.com )

 TP:  64-bit Mac OS X

 AIMInt is a heavily modified and extended version of the PROAIMV program
 developed by members of R.F.W. Bader's research group

 Much of the Quantum Theory of Atoms in Molecules (QTAIM) is described in the book:
   "Atoms in Molecules - A Quantum Theory"
   R.F.W. Bader, Oxford University Press, Oxford, 1990

 For additional references see:  http://aim.tkgristmill.com/references.html

 Current Directory:  /Users/chemlab/Documents/SubstituentCoding/HanschLeoTaftSubstituents/QTAIM

 Inp File:  SubH_AsO-C6H5-2_wb97xd_aug-cc-pvtz_atomicfiles/c21.inp
 Wfx File:  SubH_AsO-C6H5-2_wb97xd_aug-cc-pvtz.wfx
 Out File:  SubH_AsO-C6H5-2_wb97xd_aug-cc-pvtz_atomicfiles/c21.int

 Wfx Title:   Title Card Required                                                           
 Job Title:   Title Card Required                                                           
 
<Atom>
C21     
</Atom>
<Nuclei of Molecule>
    25
As1       33.0          -5.3208027851E-02  -2.1440785859E+00  -1.0041145093E+00
H2         1.0           2.5355490096E-02  -2.2637913563E+00  -3.8679903787E+00
C3         6.0          -2.9027381812E+00   8.2426052836E-03  -2.6598873521E-01
C4         6.0          -4.8685685882E+00  -1.0294145350E+00   1.1253035154E+00
C5         6.0          -3.0098287713E+00   2.5072140174E+00  -1.0634474101E+00
C6         6.0          -6.9573376848E+00   4.4240606348E-01   1.7108104053E+00
H7         1.0          -4.7375792618E+00  -2.9748575537E+00   1.7448002278E+00
C8         6.0          -5.1007412639E+00   3.9686312833E+00  -4.7560734623E-01
H9         1.0          -1.4651528530E+00   3.3313815952E+00  -2.1234119422E+00
C10        6.0          -7.0733082177E+00   2.9337792338E+00   9.0939439492E-01
H11        1.0          -8.4927168011E+00  -3.5756130114E-01   2.7961476405E+00
H12        1.0          -5.1899011308E+00   5.9154152008E+00  -1.0901484378E+00
H13        1.0          -8.7028420811E+00   4.0784313649E+00   1.3691175077E+00
C14        6.0           2.9427084266E+00  -2.3629237246E-01  -2.1091324461E-01
C15        6.0           3.9242876386E+00   1.5282973486E+00  -1.8873568369E+00
C16        6.0           4.0957902706E+00  -6.4531044984E-01   2.1103199193E+00
C17        6.0           6.0515128812E+00   2.9087375100E+00  -1.2288899221E+00
H18        1.0           3.0546283623E+00   1.8193594109E+00  -3.7181850606E+00
C19        6.0           6.2240459142E+00   7.3621681630E-01   2.7597292293E+00
H20        1.0           3.3383557438E+00  -2.0591353464E+00   3.3799726920E+00
C21        6.0           7.1951015438E+00   2.5143928661E+00   1.0960672880E+00
H22        1.0           6.8227871455E+00   4.2797321806E+00  -2.5330442535E+00
H23        1.0           7.1309203250E+00   4.1938786511E-01   4.5630946304E+00
H24        1.0           8.8577836245E+00   3.5871793707E+00   1.6069009621E+00
O25        8.0          -2.5141468137E-01  -4.8552938024E+00   4.4149970960E-01
</Nuclei of Molecule>
<Total Number of CPs of DelSqRho>
    42
</Total Number of CPs of DelSqRho>
<Number of (3,+3) CPs of DelSqRho>
     4
</Number of (3,+3) CPs of DelSqRho>
<Number of (3,+1) CPs of DelSqRho>
    15
</Number of (3,+1) CPs of DelSqRho>
<Number of (3,-1) CPs of DelSqRho>
    18
</Number of (3,-1) CPs of DelSqRho>
<Number of (3,-3) CPs of DelSqRho>
     5
</Number of (3,-3) CPs of DelSqRho>
<Number of Degenerate CPs of DelSqRho>
     0
</Number of Degenerate CPs of DelSqRho>
<CP of DelSqRho>
CP# = 1       
Type = (3,+3)
Coords =  7.19510157015478E+00  2.51439288539119E+00  1.09606729159107E+00
DistFromNuc =  3.2853409459E-08
Rho =  1.2110546091E+02
DelSqRho = -7.4595390318E+05
GradDelSqRho =  3.5441144064E-06 -2.9533389352E-06  9.9130045328E-07
HessDelSqRho_EigVals =  1.5981227301E+10  1.5981229363E+10  1.5981230406E+10
HessDelSqRho_EigVec1 = -5.8289687040E-01  7.0253668073E-01  4.0825659910E-01
HessDelSqRho_EigVec2 = -8.1174956475E-01 -5.2572776742E-01 -2.5430878613E-01
HessDelSqRho_EigVec3 =  3.5970579892E-02 -4.7963791217E-01  8.7672891511E-01
</CP of DelSqRho>
<CP of DelSqRho>
CP# = 2       
Type = (3,+1)
Coords =  6.71069998263115E+00  1.62493931331882E+00  1.93149287060755E+00
DistFromNuc =  1.3129007575E+00
Rho =  3.2408499348E-01
DelSqRho = -1.0760066562E+00
GradDelSqRho = -1.9423351816E-13 -2.3916979508E-13  1.0441647547E-13
HessDelSqRho_EigVals = -4.1897404415E+00  5.5818965250E+00  7.5726520625E+00
HessDelSqRho_EigVec1 =  3.7009062981E-01  6.7833780487E-01 -6.3473675505E-01
HessDelSqRho_EigVec2 = -5.8136241638E-01  7.0203769315E-01  4.1129164619E-01
HessDelSqRho_EigVec3 =  7.2460379971E-01  2.1679690930E-01  6.5417767737E-01
</CP of DelSqRho>
<CP of DelSqRho>
CP# = 3       
Type = (3,+1)
Coords =  8.24946465144415E+00  3.19480757690004E+00  1.41989866416428E+00
DistFromNuc =  1.2959600695E+00
Rho =  2.9469122282E-01
DelSqRho = -1.1841122491E+00
GradDelSqRho = -4.4408920985E-16  2.3869795029E-15 -1.9428902931E-16
HessDelSqRho_EigVals = -9.8642883290E+00  8.8284874557E+00  9.1508502167E+00
HessDelSqRho_EigVec1 =  8.1365929939E-01  5.2483404253E-01  2.5001554415E-01
HessDelSqRho_EigVec2 = -5.8008545488E-01  7.0472040185E-01  4.0849727080E-01
HessDelSqRho_EigVec3 =  3.8202219252E-02 -4.7740798382E-01  8.7785090273E-01
</CP of DelSqRho>
<CP of DelSqRho>
CP# = 4       
Type = (3,+1)
Coords =  7.17599070910101E+00  2.39064778886998E+00  1.28161303794912E+00
DistFromNuc =  2.2384211729E-01
Rho =  9.2601746622E+00
DelSqRho =  2.8028544876E+02
GradDelSqRho =  7.5583983516E-13 -5.3494986219E-12 -6.8283156907E-12
HessDelSqRho_EigVals = -5.8921868123E+04  2.6474913826E+01  1.6268134200E+02
HessDelSqRho_EigVec1 = -8.5855041137E-02 -5.5308425934E-01  8.2868975737E-01
HessDelSqRho_EigVec2 =  8.0973077991E-01  4.4587999835E-01  3.8148013204E-01
HessDelSqRho_EigVec3 =  5.8048684393E-01 -7.0376759597E-01 -4.0956830308E-01
</CP of DelSqRho>
<CP of DelSqRho>
CP# = 5       
Type = (3,+1)
Coords =  7.37642024427028E+00  2.63786786290678E+00  1.14093848002375E+00
DistFromNuc =  2.2391062916E-01
Rho =  9.2546687578E+00
DelSqRho =  2.7988758439E+02
GradDelSqRho = -1.7053025658E-13  1.5347723092E-12 -1.2212453271E-13
HessDelSqRho_EigVals = -5.8766436817E+04  3.1846072889E+01  1.7461152250E+02
HessDelSqRho_EigVec1 =  8.0978918308E-01  5.5140229189E-01  2.0049187383E-01
HessDelSqRho_EigVec2 =  8.4792825526E-02 -4.4811428029E-01  8.8994593574E-01
HessDelSqRho_EigVec3 = -5.8056150037E-01  7.0366831981E-01  4.0963305529E-01
</CP of DelSqRho>
<CP of DelSqRho>
CP# = 6       
Type = (3,-3)
Coords =  7.31586690536315E+00  2.35058658718947E+00  1.00309511637426E+00
DistFromNuc =  2.2374224959E-01
Rho =  9.2288012272E+00
DelSqRho =  2.8428419624E+02
GradDelSqRho =  8.4270368461E-12 -1.3240963881E-11 -8.9190876906E-12
HessDelSqRho_EigVals = -5.9519875268E+04 -1.6230215302E+02 -1.4499935254E+02
HessDelSqRho_EigVec1 = -5.3950337926E-01  7.3228935731E-01  4.1555793932E-01
HessDelSqRho_EigVec2 =  2.0018288686E-03  4.9466063003E-01 -8.6908391642E-01
HessDelSqRho_EigVec3 =  8.4198105468E-01  4.6804183389E-01  2.6833699946E-01
</CP of DelSqRho>
<CP of DelSqRho>
CP# = 7       
Type = (3,-1)
Coords =  7.01313723544555E+00  2.39609930011942E+00  1.04136398036900E+00
DistFromNuc =  2.2382320955E-01
Rho =  9.2520061351E+00
DelSqRho =  2.8127617190E+02
GradDelSqRho = -4.5456971520E-12 -1.4388490399E-12  2.0978774273E-12
HessDelSqRho_EigVals = -5.8998216111E+04 -6.0033274287E+01  1.2045471291E+02
HessDelSqRho_EigVec1 =  8.1298120104E-01  5.2853856536E-01  2.4435333369E-01
HessDelSqRho_EigVec2 =  4.4436416002E-02 -4.7473248080E-01  8.7900766584E-01
HessDelSqRho_EigVec3 = -5.8059191494E-01  7.0375852151E-01  4.0943494198E-01
</CP of DelSqRho>
<CP of DelSqRho>
CP# = 8       
Type = (3,-3)
Coords =  7.05638928820286E+00  2.66509196003567E+00  1.18611602161473E+00
DistFromNuc =  2.2374110306E-01
Rho =  9.2288831297E+00
DelSqRho =  2.8428390477E+02
GradDelSqRho = -5.0164317145E-12  3.2525093729E-12  2.2080115514E-12
HessDelSqRho_EigVals = -5.9522790016E+04 -1.6228169915E+02 -1.4497027854E+02
HessDelSqRho_EigVec1 = -6.2019868670E-01  6.7335198011E-01  4.0243098774E-01
HessDelSqRho_EigVec2 =  6.8459677803E-03 -5.0834821915E-01  8.6112439334E-01
HessDelSqRho_EigVec3 = -7.8441489133E-01 -5.3682324741E-01 -3.1066715195E-01
</CP of DelSqRho>
<CP of DelSqRho>
CP# = 9       
Type = (3,+1)
Coords =  7.17079983016889E+00  2.61101179103525E+00  8.95580652736130E-01
DistFromNuc =  2.2387648571E-01
Rho =  9.2573472836E+00
DelSqRho =  2.8018193148E+02
GradDelSqRho = -2.7267077485E-13  2.9469759966E-12 -4.4693138079E-12
HessDelSqRho_EigVals = -5.8827709074E+04  2.2315900684E+01  1.6344518970E+02
HessDelSqRho_EigVec1 =  1.0906095627E-01 -4.3121701236E-01  8.9563251173E-01
HessDelSqRho_EigVec2 =  8.0678726642E-01  5.6474375580E-01  1.7366288327E-01
HessDelSqRho_EigVec3 = -5.8068925818E-01  7.0364506574E-01  4.0949188869E-01
</CP of DelSqRho>
<CP of DelSqRho>
CP# = 10      
Type = (3,-1)
Coords =  7.27532199092590E+00  2.46268447869146E+00  1.29861920544708E+00
DistFromNuc =  2.2391149308E-01
Rho =  9.2502342276E+00
DelSqRho =  2.8035354537E+02
GradDelSqRho = -7.2866157552E-12  4.6647130603E-12  1.9895196601E-13
HessDelSqRho_EigVals = -5.8728990992E+04 -2.2833826438E+01  1.5171436264E+02
HessDelSqRho_EigVec1 =  3.5799480031E-01 -2.3118117043E-01  9.0465186088E-01
HessDelSqRho_EigVec2 =  7.3132931252E-01  6.7178586992E-01 -1.1773351951E-01
HessDelSqRho_EigVec3 =  5.8051456450E-01 -7.0374641130E-01 -4.0956541479E-01
</CP of DelSqRho>
<CP of DelSqRho>
CP# = 11      
Type = (3,-1)
Coords =  7.25885164199040E+00  2.65921519761377E+00  9.37607120752139E-01
DistFromNuc =  2.2393572141E-01
Rho =  9.2489372749E+00
DelSqRho =  2.8022477538E+02
GradDelSqRho = -1.4379608615E-12 -6.9277916737E-14 -7.8870243669E-13
HessDelSqRho_EigVals = -5.8661806350E+04 -1.8598024917E+01  1.5476824647E+02
HessDelSqRho_EigVec1 = -2.8442118902E-01 -6.4661604246E-01  7.0780808194E-01
HessDelSqRho_EigVec2 =  7.6286593360E-01  2.9450445778E-01  5.7558899547E-01
HessDelSqRho_EigVec3 =  5.8063771372E-01 -7.0367237972E-01 -4.0951804286E-01
</CP of DelSqRho>
<CP of DelSqRho>
CP# = 12      
Type = (3,-1)
Coords =  7.95859902962625E+00  1.88940707148990E+00  7.20265523800147E-01
DistFromNuc =  1.0558231955E+00
Rho =  1.4717500009E-01
DelSqRho = -1.0647776330E-02
GradDelSqRho = -7.8270723236E-15 -7.2164496601E-16  3.4763858459E-15
HessDelSqRho_EigVals = -6.7934352807E-01 -3.5991144497E-01  8.4911806955E+00
HessDelSqRho_EigVec1 =  6.8054255992E-01  6.5412425339E-01  3.3012616567E-01
HessDelSqRho_EigVec2 =  3.7335005533E-02 -4.8092835526E-01  8.7596461942E-01
HessDelSqRho_EigVec3 =  7.3175673656E-01 -5.8380594228E-01 -3.5171394664E-01
</CP of DelSqRho>
<CP of DelSqRho>
CP# = 13      
Type = (3,-1)
Coords =  6.37367387279167E+00  1.98483867811282E+00  8.42137123205554E-01
DistFromNuc =  1.0097779881E+00
Rho =  2.0563665260E-01
DelSqRho =  3.3183266776E-02
GradDelSqRho =  3.0248026306E-13 -1.4305223672E-13 -8.9997453934E-14
HessDelSqRho_EigVals = -3.7273792173E+00 -7.4790154773E-01  1.2134138462E+01
HessDelSqRho_EigVec1 =  3.7614407965E-02 -4.7828468295E-01  8.7739895052E-01
HessDelSqRho_EigVec2 = -5.8052272230E-01  7.0420668347E-01  4.0876193052E-01
HessDelSqRho_EigVec3 =  8.1337477537E-01  5.2472536532E-01  2.5116680870E-01
</CP of DelSqRho>
<CP of DelSqRho>
CP# = 14      
Type = (3,-1)
Coords =  6.75420914862709E+00  3.34926202770488E+00  1.56815789087039E+00
DistFromNuc =  1.0555861682E+00
Rho =  1.4712803594E-01
DelSqRho = -1.1790038878E-02
GradDelSqRho =  2.4980018054E-16  2.3869795029E-15  2.1094237468E-15
HessDelSqRho_EigVals = -6.7488027983E-01 -3.5609995843E-01  8.5108540163E+00
HessDelSqRho_EigVec1 =  9.1295596795E-01  3.7393339230E-01  1.6335611012E-01
HessDelSqRho_EigVec2 =  3.8080617300E-02 -4.7665219673E-01  8.7826678745E-01
HessDelSqRho_EigVec3 = -4.0627732791E-01  7.9559820354E-01  4.4940208205E-01
</CP of DelSqRho>
<CP of DelSqRho>
CP# = 15      
Type = (3,+1)
Coords =  7.18403903424676E+00  1.61588540693074E+00  6.05586749700754E-01
DistFromNuc =  1.0237232007E+00
Rho =  1.8148253507E-01
DelSqRho = -9.6085009710E-02
GradDelSqRho =  1.6653345369E-16 -1.7208456882E-15 -5.4123372450E-16
HessDelSqRho_EigVals = -2.0030056704E+00  6.1133028718E-01  1.1569689430E+01
HessDelSqRho_EigVec1 =  3.8449687718E-02 -4.7885302676E-01  8.7705267817E-01
HessDelSqRho_EigVec2 =  9.9796694300E-01 -2.6244321403E-02 -5.8079396276E-02
HessDelSqRho_EigVec3 =  5.0829147072E-02  8.7750271473E-01  4.7687040530E-01
</CP of DelSqRho>
<CP of DelSqRho>
CP# = 16      
Type = (3,+1)
Coords =  7.20868185849116E+00  2.89717163082697E+00  2.04391998757117E+00
DistFromNuc =  1.0223153857E+00
Rho =  1.8048317038E-01
DelSqRho = -4.6968786006E-02
GradDelSqRho =  3.8857805862E-16  3.3306690739E-16 -2.7755575616E-15
HessDelSqRho_EigVals = -2.2804780864E+00  1.9663800186E-01  1.1108952786E+01
HessDelSqRho_EigVec1 =  7.6032833669E-01  5.9374419174E-01 -2.6337929911E-01
HessDelSqRho_EigVec2 = -6.4739976571E-01  7.2560956479E-01 -2.3316153807E-01
HessDelSqRho_EigVec3 =  5.2672229632E-02  3.4779102096E-01  9.3609136411E-01
</CP of DelSqRho>
<CP of DelSqRho>
CP# = 17      
Type = (3,-1)
Coords =  7.58186725506149E+00  3.19439529547070E+00  4.66814165663888E-01
DistFromNuc =  1.0039673856E+00
Rho =  2.0252216443E-01
DelSqRho = -2.8836233390E-02
GradDelSqRho =  7.7715611724E-16  1.1102230246E-16  1.1102230246E-16
HessDelSqRho_EigVals = -3.4998069018E+00 -1.7984818703E-01  1.2517639057E+01
HessDelSqRho_EigVec1 =  7.1950399693E-01  2.0989712354E-01  6.6200996665E-01
HessDelSqRho_EigVec2 = -5.8003234617E-01  7.0585586413E-01  4.0660789031E-01
HessDelSqRho_EigVec3 =  3.8193779049E-01  6.7654319640E-01 -6.2961323652E-01
</CP of DelSqRho>
<CP of DelSqRho>
CP# = 18      
Type = (3,-1)
Coords =  7.64625322480189E+00  2.37398263384714E+00  1.98160276210934E+00
DistFromNuc =  1.0037061067E+00
Rho =  2.0251569985E-01
DelSqRho = -2.9025839396E-02
GradDelSqRho =  1.1879386363E-14 -4.1078251911E-15  1.9317880628E-14
HessDelSqRho_EigVals = -3.5026880356E+00 -1.7896093099E-01  1.2540777255E+01
HessDelSqRho_EigVec1 =  6.8061850359E-01  6.9523240394E-01 -2.3110680883E-01
HessDelSqRho_EigVec2 =  5.8092492123E-01 -7.0433141301E-01 -4.0797487244E-01
HessDelSqRho_EigVec3 =  4.4641313653E-01 -1.4341954246E-01  8.8325882185E-01
</CP of DelSqRho>
<CP of DelSqRho>
CP# = 19      
Type = (3,+1)
Coords =  7.91019755004543E+00  2.60931240174345E+00  3.71706217086728E-01
DistFromNuc =  1.0222871306E+00
Rho =  1.8090205449E-01
DelSqRho = -4.6415202155E-02
GradDelSqRho =  6.9944050551E-15  1.8908485888E-15 -6.8278716014E-15
HessDelSqRho_EigVals = -2.2995829846E+00  1.9752041273E-01  1.1115722714E+01
HessDelSqRho_EigVec1 =  6.4600709256E-01  3.1402094631E-01  6.9574828900E-01
HessDelSqRho_EigVec2 =  3.1999292369E-01 -9.3891560079E-01  1.2665710946E-01
HessDelSqRho_EigVec3 =  6.9302190813E-01  1.4081313811E-01 -7.0703061814E-01
</CP of DelSqRho>
<CP of DelSqRho>
CP# = 20      
Type = (3,+1)
Coords =  7.96078774363607E+00  1.98577476822492E+00  1.51871808477049E+00
DistFromNuc =  1.0219325545E+00
Rho =  1.8101319590E-01
DelSqRho = -4.6792703441E-02
GradDelSqRho =  2.7755575616E-16 -9.2981178312E-16 -1.1241008124E-15
HessDelSqRho_EigVals = -2.3054148398E+00  1.9794728450E-01  1.1142259270E+01
HessDelSqRho_EigVec1 =  6.0820113345E-01  7.7821371347E-01 -1.5644423109E-01
HessDelSqRho_EigVec2 = -2.7619370211E-01  3.9224233528E-01  8.7741836619E-01
HessDelSqRho_EigVec3 =  7.4418305556E-01 -4.9043793347E-01  4.5349995946E-01
</CP of DelSqRho>
<CP of DelSqRho>
CP# = 21      
Type = (3,+1)
Coords =  7.15923942501423E+00  3.51759626975661E+00  9.01876718094436E-01
DistFromNuc =  1.0224544675E+00
Rho =  1.8057999689E-01
DelSqRho = -4.7072213743E-02
GradDelSqRho =  7.2771649817E-16  4.4408920985E-16  1.2073675393E-15
HessDelSqRho_EigVals = -2.2810650280E+00  1.9839952769E-01  1.1098047469E+01
HessDelSqRho_EigVec1 =  7.9737122255E-01  1.3023307146E-01  5.8926944647E-01
HessDelSqRho_EigVec2 = -6.0348247128E-01  1.7665883817E-01  7.7756064828E-01
HessDelSqRho_EigVec3 =  2.8355443120E-03  9.7561826653E-01 -2.1945604957E-01
</CP of DelSqRho>
<CP of DelSqRho>
CP# = 22      
Type = (3,+1)
Coords =  6.22461313459877E+00  2.78204903311368E+00  1.28231173165354E+00
DistFromNuc =  1.0238039700E+00
Rho =  1.8097423924E-01
DelSqRho = -9.5973054197E-02
GradDelSqRho =  6.7723604502E-15 -2.0289325775E-14 -8.0629947163E-15
HessDelSqRho_EigVals = -1.9885109878E+00  6.0603601167E-01  1.1554500140E+01
HessDelSqRho_EigVec1 =  3.7083397525E-02 -4.7730793699E-01  8.7795327605E-01
HessDelSqRho_EigVec2 =  2.7824559494E-01  8.4874632423E-01  4.4967662381E-01
HessDelSqRho_EigVec3 =  9.5979383751E-01 -2.2761109462E-01 -1.6428322824E-01
</CP of DelSqRho>
<CP of DelSqRho>
CP# = 23      
Type = (3,+3)
Coords =  6.82224699395965E+00  1.82783312857183E+00  1.74370720548341E+00
DistFromNuc =  1.0148015822E+00
Rho =  3.3424603169E-01
DelSqRho = -1.1724499429E+00
GradDelSqRho = -8.8817841970E-16 -6.6613381478E-16 -4.9960036108E-16
HessDelSqRho_EigVals =  4.9017150232E+00  7.3037831874E+00  9.5368838819E+00
HessDelSqRho_EigVec1 =  5.8003733800E-01 -7.0478867118E-01 -4.0844781245E-01
HessDelSqRho_EigVec2 =  7.4510788484E-01  2.5641055261E-01  6.1568487756E-01
HessDelSqRho_EigVec3 = -3.2919739742E-01 -6.6145790303E-01  6.7387129042E-01
</CP of DelSqRho>
<CP of DelSqRho>
CP# = 24      
Type = (3,+3)
Coords =  6.75415349974696E+00  2.67185153411751E+00  1.93576233285413E-01
DistFromNuc =  1.0167194861E+00
Rho =  3.3379068792E-01
DelSqRho = -1.1688785721E+00
GradDelSqRho =  3.6637359813E-15  2.7755575616E-17 -2.7755575616E-16
HessDelSqRho_EigVals =  4.8957501566E+00  7.2935688750E+00  9.3540311348E+00
HessDelSqRho_EigVec1 = -5.7917301587E-01  7.0450163246E-01  4.1016590248E-01
HessDelSqRho_EigVec2 =  7.1315684903E-01  6.8161490568E-01 -1.6373279766E-01
HessDelSqRho_EigVec3 =  3.9492521618E-01 -1.9768300437E-01  8.9719312492E-01
</CP of DelSqRho>
<CP of DelSqRho>
CP# = 25      
Type = (3,+3)
Coords =  8.04228392731718E+00  3.06121566303614E+00  1.35627636293036E+00
DistFromNuc =  1.0413654137E+00
Rho =  3.0625963033E-01
DelSqRho = -1.2808641329E+00
GradDelSqRho = -9.1593399532E-16  2.5951463201E-15 -1.1934897515E-15
HessDelSqRho_EigVals =  7.4189836205E+00  8.0640682600E+00  9.0402903949E+00
HessDelSqRho_EigVec1 = -5.8190736443E-01  7.0352705933E-01  4.0796261595E-01
HessDelSqRho_EigVec2 =  3.8518881814E-02 -4.7723599316E-01  8.7793057959E-01
HessDelSqRho_EigVec3 =  8.1234236315E-01  5.2658853350E-01  2.5060806334E-01
</CP of DelSqRho>
<CP of DelSqRho>
CP# = 26      
Type = (3,+1)
Coords =  7.60136322277725E+00  1.70166881103083E+00 -3.26557051386474E-01
DistFromNuc =  1.6880251634E+00
Rho =  7.9391301627E-02
DelSqRho =  1.1490569107E-01
GradDelSqRho = -1.4571677198E-16  2.4980018054E-16 -2.4286128664E-17
HessDelSqRho_EigVals = -1.0527382126E+00  9.0753225297E-02  1.1785077985E-01
HessDelSqRho_EigVec1 = -4.3535283970E-01  6.0028341482E-01  6.7091558848E-01
HessDelSqRho_EigVec2 = -6.7074875344E-01  2.8079382475E-01 -6.8647719389E-01
HessDelSqRho_EigVec3 =  6.0046982832E-01  7.4887559038E-01 -2.8039496323E-01
</CP of DelSqRho>
<CP of DelSqRho>
CP# = 27      
Type = (3,+1)
Coords =  5.98827705740567E+00  3.65906390128971E+00  7.97374368543962E-01
DistFromNuc =  1.6899451411E+00
Rho =  7.9423392646E-02
DelSqRho =  1.1411921904E-01
GradDelSqRho =  4.4929338028E-16 -5.1044238281E-16 -9.7144514655E-17
HessDelSqRho_EigVals = -1.0476228003E+00  9.0983442862E-02  1.1818952058E-01
HessDelSqRho_EigVec1 = -6.6743480558E-01  7.3811325756E-01  9.8588028222E-02
HessDelSqRho_EigVec2 =  2.9419816699E-01  1.3974246015E-01  9.4547315317E-01
HessDelSqRho_EigVec3 =  6.8408933542E-01  6.6004610736E-01 -3.1042054913E-01
</CP of DelSqRho>
<CP of DelSqRho>
CP# = 28      
Type = (3,-1)
Coords =  6.16921472844964E+00  3.51379316059034E+00  1.68018401826347E+00
DistFromNuc =  1.5467504845E+00
Rho =  6.6527040577E-02
DelSqRho =  1.2525951202E-01
GradDelSqRho =  2.8311988171E-14 -1.8384599398E-14 -9.0032148403E-16
HessDelSqRho_EigVals = -1.2752646488E+00 -4.0486048443E-02  4.5633831559E-02
HessDelSqRho_EigVec1 = -6.1148107525E-01  6.8431885992E-01  3.9723870979E-01
HessDelSqRho_EigVec2 =  3.9292925326E-02 -4.7515287215E-01  8.7902549116E-01
HessDelSqRho_EigVec3 = -7.9028283584E-01 -5.5311612347E-01 -2.6365809931E-01
</CP of DelSqRho>
<CP of DelSqRho>
CP# = 29      
Type = (3,+1)
Coords =  6.05020846471321E+00  2.84324808377113E+00  2.29409939164372E+00
DistFromNuc =  1.6894398001E+00
Rho =  7.9256857518E-02
DelSqRho =  1.1405629075E-01
GradDelSqRho = -3.8807282041E-13  3.4763858459E-14 -1.2306995700E-14
HessDelSqRho_EigVals = -1.0479926152E+00  9.1610204611E-02  1.1789861285E-01
HessDelSqRho_EigVec1 =  6.4775432188E-01 -4.5842691039E-01 -6.0848919984E-01
HessDelSqRho_EigVec2 =  2.4783937328E-01  8.8205413433E-01 -4.0069458338E-01
HessDelSqRho_EigVec3 =  7.2040959428E-01  1.0874406620E-01  6.8497061581E-01
</CP of DelSqRho>
<CP of DelSqRho>
CP# = 30      
Type = (3,-1)
Coords =  7.95593695312764E+00  1.34773474734001E+00  4.23884206024707E-01
DistFromNuc =  1.5465418784E+00
Rho =  6.6687978828E-02
DelSqRho =  1.2585281882E-01
GradDelSqRho = -3.2092384306E-17 -6.4618449480E-17  1.6306400674E-16
HessDelSqRho_EigVals = -1.2772091958E+00 -4.1440785917E-02  4.5060485021E-02
HessDelSqRho_EigVec1 = -5.5041266068E-01  7.2225044349E-01  4.1880807041E-01
HessDelSqRho_EigVec2 =  4.0585910433E-02 -4.7789116378E-01  8.7748095105E-01
HessDelSqRho_EigVec3 =  8.3390568222E-01  4.9997433180E-01  2.3372415516E-01
</CP of DelSqRho>
<CP of DelSqRho>
CP# = 31      
Type = (3,+1)
Coords =  7.66335032787101E+00  8.93329121177574E-01  1.15374541776425E+00
DistFromNuc =  1.6883220533E+00
Rho =  7.9374488732E-02
DelSqRho =  1.1473832978E-01
GradDelSqRho =  1.0843756448E-14 -1.1079678841E-14  3.9811903774E-15
HessDelSqRho_EigVals = -1.0525973839E+00  9.1191575908E-02  1.1801381203E-01
HessDelSqRho_EigVec1 = -4.5502475848E-01  8.7381261232E-01  1.7147591003E-01
HessDelSqRho_EigVec2 =  6.2088136436E-01  4.4936331081E-01 -6.4232308559E-01
HessDelSqRho_EigVec3 =  6.3832499603E-01  1.8580670992E-01  7.4700539891E-01
</CP of DelSqRho>
<CP of DelSqRho>
CP# = 32      
Type = (3,-1)
Coords =  7.39450072515357E+00  3.94832161995854E+00  1.86463860099545E+00
DistFromNuc =  1.6390892495E+00
Rho =  7.5302741653E-02
DelSqRho =  1.4323493302E-01
GradDelSqRho = -9.1072982489E-17  6.7654215563E-17  8.6736173799E-19
HessDelSqRho_EigVals = -1.4742045554E+00 -2.3372376317E-01  6.5997794907E-02
HessDelSqRho_EigVec1 = -2.9252259957E-01  8.3546666238E-01  4.6521606249E-01
HessDelSqRho_EigVec2 =  9.5549739281E-01  2.7477622435E-01  1.0734411426E-01
HessDelSqRho_EigVec3 = -3.8147884293E-02  4.7591331416E-01 -8.7866447313E-01
</CP of DelSqRho>
<CP of DelSqRho>
CP# = 33      
Type = (3,-1)
Coords =  8.79549469707123E+00  2.24348431426687E+00  8.76949561518691E-01
DistFromNuc =  1.6378834716E+00
Rho =  7.5326080831E-02
DelSqRho =  1.4346737514E-01
GradDelSqRho = -6.2450045135E-16  1.6349768761E-16  1.2576745201E-16
HessDelSqRho_EigVals = -1.4770123076E+00 -2.3206403452E-01  6.6558478098E-02
HessDelSqRho_EigVec1 =  8.0853117089E-01 -5.0079116828E-01 -3.0900736475E-01
HessDelSqRho_EigVec2 =  5.8713241466E-01  7.2170448020E-01  3.6663083739E-01
HessDelSqRho_EigVec3 =  3.9406514170E-02 -4.7786070045E-01  8.7755129628E-01
</CP of DelSqRho>
<CP of DelSqRho>
CP# = 34      
Type = (3,-1)
Coords =  7.39387828206168E+00  1.81025956165388E+00 -5.92568123089500E-01
DistFromNuc =  1.8403275398E+00
Rho =  8.9841297570E-02
DelSqRho =  1.1752894387E-01
GradDelSqRho =  2.5153490402E-17  1.6826817717E-16  1.1449174941E-16
HessDelSqRho_EigVals = -9.0199824170E-01 -1.2074631974E-01  1.4032874332E-01
HessDelSqRho_EigVec1 = -5.9402859826E-01  6.8627704865E-01  4.1970684644E-01
HessDelSqRho_EigVec2 =  4.4251356125E-01 -1.5693796990E-01  8.8292254570E-01
HessDelSqRho_EigVec3 =  6.7179741928E-01  7.1020721350E-01 -2.1046125853E-01
</CP of DelSqRho>
<CP of DelSqRho>
CP# = 35      
Type = (3,-1)
Coords =  5.88591200667344E+00  3.64294537575438E+00  4.59362956802312E-01
DistFromNuc =  1.8420098850E+00
Rho =  8.9843370977E-02
DelSqRho =  1.1672425998E-01
GradDelSqRho = -2.4502153778E-12  2.8303349248E-12  1.2988048137E-13
HessDelSqRho_EigVals = -8.9839584456E-01 -1.1999888719E-01  1.4104398852E-01
HessDelSqRho_EigVec1 = -5.6638523052E-01  7.2509553945E-01  3.9171957994E-01
HessDelSqRho_EigVec2 =  4.2999905673E-01 -1.4548292171E-01  8.9103060032E-01
HessDelSqRho_EigVec3 =  7.0307082279E-01  6.7310562184E-01 -2.2939101985E-01
</CP of DelSqRho>
<CP of DelSqRho>
CP# = 36      
Type = (3,-3)
Coords =  7.41559123286687E+00  3.50925069748556E+00 -3.19966522899663E-01
DistFromNuc =  1.7445657228E+00
Rho =  9.8026633624E-02
DelSqRho =  2.4646846780E-01
GradDelSqRho =  8.0352391407E-15  1.1407541578E-14 -8.8609675153E-15
HessDelSqRho_EigVals = -1.6598906021E+00 -2.2663614412E-01 -1.8817988257E-01
HessDelSqRho_EigVec1 = -6.8649641308E-01 -6.9227181868E-01  2.2244640678E-01
HessDelSqRho_EigVec2 =  5.8241301409E-01 -7.0665818775E-01 -4.0178263614E-01
HessDelSqRho_EigVec3 =  4.3533637092E-01 -1.4626665631E-01  8.8830642765E-01
</CP of DelSqRho>
<CP of DelSqRho>
CP# = 37      
Type = (3,-1)
Coords =  7.47658931299863E+00  7.20253956668440E-01  1.40346522176194E+00
DistFromNuc =  1.8419183696E+00
Rho =  8.9790097816E-02
DelSqRho =  1.1740334671E-01
GradDelSqRho =  5.0306980803E-17  1.3791051634E-16 -4.3368086899E-17
HessDelSqRho_EigVals = -9.0135446401E-01 -1.1993344360E-01  1.4038537824E-01
HessDelSqRho_EigVec1 = -5.9439348418E-01  7.0155187461E-01  3.9309204163E-01
HessDelSqRho_EigVec2 = -3.7553283461E-01 -6.7439131335E-01  6.3574479676E-01
HessDelSqRho_EigVec3 =  7.1110581216E-01  2.3026359613E-01  6.6430956654E-01
</CP of DelSqRho>
<CP of DelSqRho>
CP# = 38      
Type = (3,-1)
Coords =  5.87553008810545E+00  1.39920378691733E+00  1.13351752077932E+00
DistFromNuc =  1.7280966492E+00
Rho =  9.4539429320E-02
DelSqRho =  2.7984705608E-01
GradDelSqRho = -6.9388939039E-16 -1.6132928327E-16 -6.2450045135E-16
HessDelSqRho_EigVals = -1.5021782728E+00 -2.8681183857E-01  3.9968864516E-02
HessDelSqRho_EigVec1 =  7.4634471777E-01  2.5915561365E-01  6.1303175299E-01
HessDelSqRho_EigVec2 = -5.8035698063E-01  7.0430839344E-01  4.0882204191E-01
HessDelSqRho_EigVec3 =  3.2581488194E-01  6.6089942869E-01 -6.7605961858E-01
</CP of DelSqRho>
<CP of DelSqRho>
CP# = 39      
Type = (3,-1)
Coords =  5.96794084647965E+00  2.54146308775021E+00  2.47293596616213E+00
DistFromNuc =  1.8445659465E+00
Rho =  8.9768107872E-02
DelSqRho =  1.1679496461E-01
GradDelSqRho = -1.9559007192E-16 -1.9428902931E-16  6.6461593173E-17
HessDelSqRho_EigVals = -8.9727908946E-01 -1.2000812619E-01  1.4055249992E-01
HessDelSqRho_EigVec1 = -5.6517891976E-01  7.0580719615E-01  4.2709365545E-01
HessDelSqRho_EigVec2 = -3.6907089186E-01 -6.7933639579E-01  6.3426235750E-01
HessDelSqRho_EigVec3 =  7.3780720072E-01  2.0084387773E-01  6.4443950169E-01
</CP of DelSqRho>
<CP of DelSqRho>
CP# = 40      
Type = (3,-3)
Coords =  5.94467813743893E+00  1.70595139125489E+00  7.05225251308458E-01
DistFromNuc =  1.5394459429E+00
Rho =  9.1825886468E-02
DelSqRho =  2.8463279567E-01
GradDelSqRho = -1.3877787808E-16  3.8857805862E-16 -1.5959455979E-16
HessDelSqRho_EigVals = -1.7538215757E+00 -2.7803081286E-01 -1.1103289529E-01
HessDelSqRho_EigVec1 =  8.1286715380E-01  5.2675093880E-01  2.4855671133E-01
HessDelSqRho_EigVec2 = -5.8103795511E-01  7.0366554558E-01  4.0896172766E-01
HessDelSqRho_EigVec3 =  4.0520180094E-02 -4.7685243885E-01  8.7804889759E-01
</CP of DelSqRho>
<CP of DelSqRho>
CP# = 41      
Type = (3,-3)
Coords =  7.54482281018602E+00  1.87442486940726E+00  2.68167531109656E+00
DistFromNuc =  1.7452841614E+00
Rho =  9.8006590586E-02
DelSqRho =  2.4644617550E-01
GradDelSqRho =  1.8512968936E-14 -1.1275702594E-15  2.9448665728E-14
HessDelSqRho_EigVals = -1.6594091217E+00 -2.2564065887E-01 -1.8853537824E-01
HessDelSqRho_EigVec1 =  7.2440659791E-01  2.1528137119E-01  6.5489618424E-01
HessDelSqRho_EigVec2 = -5.8323113625E-01  6.9786100773E-01  4.1573002730E-01
HessDelSqRho_EigVec3 =  3.6752758077E-01  6.8311342038E-01 -6.3109391716E-01
</CP of DelSqRho>
<CP of DelSqRho>
CP# = 42      
Type = (3,-1)
Coords =  5.83487411556545E+00  1.89315219033197E+00  2.25180857912962E-01
DistFromNuc =  1.7304917821E+00
Rho =  9.4563902199E-02
DelSqRho =  2.8007673843E-01
GradDelSqRho = -4.4382553188E-13 -6.8797745278E-13  5.5858269399E-13
HessDelSqRho_EigVals = -1.5022714554E+00 -2.8530277473E-01  3.8075168323E-02
HessDelSqRho_EigVec1 = -7.1008038875E-01 -6.8340685716E-01  1.6953143982E-01
HessDelSqRho_EigVec2 = -5.8019505746E-01  7.0431156004E-01  4.0904635640E-01
HessDelSqRho_EigVec3 =  3.9894803772E-01 -1.9209449231E-01  8.9662710712E-01
</CP of DelSqRho>
<Path of -GradDelSqRho>
Starting CP# =      2
Ending CP# =     23
Number of Points =     12
  6.7106999826E+00  1.6249393133E+00  1.9314928706E+00  3.2408499348E-01 -1.0760066562E+00
  6.7199556445E+00  1.6418992372E+00  1.9156280133E+00  3.2417566360E-01 -1.0773133497E+00
  6.7292182686E+00  1.6588622455E+00  1.8997705187E+00  3.2441763397E-01 -1.0811872103E+00
  6.7384881508E+00  1.6758285478E+00  1.8839207914E+00  3.2480904630E-01 -1.0874782283E+00
  6.7477659211E+00  1.6927985148E+00  1.8680796050E+00  3.2534683727E-01 -1.0959285017E+00
  6.7570526328E+00  1.7097727281E+00  1.8522482106E+00  3.2602691488E-01 -1.1061714540E+00
  6.7663499315E+00  1.7267520740E+00  1.8364285386E+00  3.2684441147E-01 -1.1177302528E+00
  6.7756603746E+00  1.7437379186E+00  1.8206235809E+00  3.2779401712E-01 -1.1300147258E+00
  6.7849880740E+00  1.7607324635E+00  1.8048381642E+00  3.2887039849E-01 -1.1423155127E+00
  6.7943401499E+00  1.7777395594E+00  1.7890807159E+00  3.3006871018E-01 -1.1537932786E+00
  6.8037306921E+00  1.7947669713E+00  1.7733681601E+00  3.3138520361E-01 -1.1634594060E+00
  6.8222469940E+00  1.8278331286E+00  1.7437072055E+00  3.3424603169E-01 -1.1724499429E+00
</Path of -GradDelSqRho>
<Path of -GradDelSqRho>
Starting CP# =      2
Ending CP# =      0
Number of Points =    400
  6.7106999826E+00  1.6249393133E+00  1.9314928706E+00  3.2408499348E-01 -1.0760066562E+00
  6.7014511569E+00  1.6079823433E+00  1.9473648705E+00  3.2414617478E-01 -1.0773095983E+00
  6.6922095685E+00  1.5910284346E+00  1.9632443545E+00  3.2435842196E-01 -1.0811571917E+00
  6.6829758166E+00  1.5740777732E+00  1.9791318619E+00  3.2471965637E-01 -1.0873768673E+00
  6.6737508899E+00  1.5571307066E+00  1.9950283283E+00  3.2522662237E-01 -1.0956880515E+00
  6.6645363017E+00  1.5401877958E+00  2.0109352173E+00  3.2587507817E-01 -1.1057012580E+00
  6.6553343353E+00  1.5232499140E+00  2.0268547631E+00  3.2666006370E-01 -1.1169162700E+00
  6.6461485107E+00  1.5063184360E+00  2.0427904343E+00  3.2757624953E-01 -1.1287186336E+00
  6.6369845495E+00  1.4893956367E+00  2.0587478952E+00  3.2861837198E-01 -1.1403730667E+00
  6.6278526606E+00  1.4724856502E+00  2.0747372880E+00  3.2978176082E-01 -1.1510114155E+00
  6.6187743256E+00  1.4555973782E+00  2.0907800177E+00  3.3106295907E-01 -1.1596112806E+00
  6.6098139975E+00  1.4387586103E+00  2.1069405174E+00  3.3246034633E-01 -1.1649593151E+00
  6.6047771778E+00  1.4288209693E+00  2.1169800850E+00  3.3335310554E-01 -1.1660111807E+00
  6.6047786535E+00  1.4288213248E+00  2.1169815607E+00  3.3335311063E-01 -1.1660111807E+00
  6.6047786535E+00  1.4288213248E+00  2.1169815607E+00  3.3335311063E-01 -1.1660111807E+00
  6.6047786535E+00  1.4288213248E+00  2.1169815607E+00  3.3335311063E-01 -1.1660111807E+00
  6.6047786535E+00  1.4288213248E+00  2.1169815607E+00  3.3335311063E-01 -1.1660111807E+00
  6.6047786535E+00  1.4288213248E+00  2.1169815607E+00  3.3335311063E-01 -1.1660111807E+00
  6.6047786535E+00  1.4288213248E+00  2.1169815607E+00  3.3335311063E-01 -1.1660111807E+00
  6.6047786535E+00  1.4288213248E+00  2.1169815607E+00  3.3335311063E-01 -1.1660111807E+00
  6.6047786535E+00  1.4288213248E+00  2.1169815607E+00  3.3335311063E-01 -1.1660111807E+00
  6.6047786535E+00  1.4288213248E+00  2.1169815607E+00  3.3335311063E-01 -1.1660111807E+00
  6.6047786535E+00  1.4288213248E+00  2.1169815607E+00  3.3335311063E-01 -1.1660111807E+00
  6.6047786535E+00  1.4288213248E+00  2.1169815607E+00  3.3335311063E-01 -1.1660111807E+00
  6.6047786535E+00  1.4288213248E+00  2.1169815607E+00  3.3335311063E-01 -1.1660111807E+00
  6.6047786535E+00  1.4288213248E+00  2.1169815607E+00  3.3335311063E-01 -1.1660111807E+00
  6.6047786535E+00  1.4288213248E+00  2.1169815607E+00  3.3335311063E-01 -1.1660111807E+00
  6.6047786535E+00  1.4288213248E+00  2.1169815607E+00  3.3335311063E-01 -1.1660111807E+00
  6.6047786535E+00  1.4288213248E+00  2.1169815607E+00  3.3335311063E-01 -1.1660111807E+00
  6.6047786535E+00  1.4288213248E+00  2.1169815607E+00  3.3335311063E-01 -1.1660111807E+00
  6.6047786535E+00  1.4288213248E+00  2.1169815607E+00  3.3335311063E-01 -1.1660111807E+00
  6.6047786535E+00  1.4288213248E+00  2.1169815607E+00  3.3335311063E-01 -1.1660111807E+00
  6.6047786535E+00  1.4288213248E+00  2.1169815607E+00  3.3335311063E-01 -1.1660111807E+00
  6.6047786535E+00  1.4288213248E+00  2.1169815607E+00  3.3335311063E-01 -1.1660111807E+00
  6.6047786535E+00  1.4288213248E+00  2.1169815607E+00  3.3335311063E-01 -1.1660111807E+00
  6.6047786535E+00  1.4288213248E+00  2.1169815607E+00  3.3335311063E-01 -1.1660111807E+00
  6.6047786535E+00  1.4288213248E+00  2.1169815607E+00  3.3335311063E-01 -1.1660111807E+00
  6.6047786535E+00  1.4288213248E+00  2.1169815607E+00  3.3335311063E-01 -1.1660111807E+00
  6.6047786535E+00  1.4288213248E+00  2.1169815607E+00  3.3335311063E-01 -1.1660111807E+00
  6.6047786535E+00  1.4288213248E+00  2.1169815607E+00  3.3335311063E-01 -1.1660111807E+00
  6.6047786535E+00  1.4288213248E+00  2.1169815607E+00  3.3335311063E-01 -1.1660111807E+00
  6.6047786535E+00  1.4288213248E+00  2.1169815607E+00  3.3335311063E-01 -1.1660111807E+00
  6.6047786535E+00  1.4288213248E+00  2.1169815607E+00  3.3335311063E-01 -1.1660111807E+00
  6.6047786535E+00  1.4288213248E+00  2.1169815607E+00  3.3335311063E-01 -1.1660111807E+00
  6.6047786535E+00  1.4288213248E+00  2.1169815607E+00  3.3335311063E-01 -1.1660111807E+00
  6.6047786535E+00  1.4288213248E+00  2.1169815607E+00  3.3335311063E-01 -1.1660111807E+00
  6.6047786535E+00  1.4288213248E+00  2.1169815607E+00  3.3335311063E-01 -1.1660111807E+00
  6.6047786535E+00  1.4288213248E+00  2.1169815607E+00  3.3335311063E-01 -1.1660111807E+00
  6.6047786535E+00  1.4288213248E+00  2.1169815607E+00  3.3335311063E-01 -1.1660111807E+00
  6.6047786535E+00  1.4288213248E+00  2.1169815607E+00  3.3335311063E-01 -1.1660111807E+00
  6.6047786535E+00  1.4288213248E+00  2.1169815607E+00  3.3335311063E-01 -1.1660111807E+00
  6.6047786535E+00  1.4288213248E+00  2.1169815607E+00  3.3335311063E-01 -1.1660111807E+00
  6.6047786535E+00  1.4288213248E+00  2.1169815607E+00  3.3335311063E-01 -1.1660111807E+00
  6.6047786535E+00  1.4288213248E+00  2.1169815607E+00  3.3335311063E-01 -1.1660111807E+00
  6.6047786535E+00  1.4288213248E+00  2.1169815607E+00  3.3335311063E-01 -1.1660111807E+00
  6.6047786535E+00  1.4288213248E+00  2.1169815607E+00  3.3335311063E-01 -1.1660111807E+00
  6.6047786535E+00  1.4288213248E+00  2.1169815607E+00  3.3335311063E-01 -1.1660111807E+00
  6.6047786535E+00  1.4288213248E+00  2.1169815607E+00  3.3335311063E-01 -1.1660111807E+00
  6.6047786535E+00  1.4288213248E+00  2.1169815607E+00  3.3335311063E-01 -1.1660111807E+00
  6.6047786535E+00  1.4288213248E+00  2.1169815607E+00  3.3335311063E-01 -1.1660111807E+00
  6.6047786535E+00  1.4288213248E+00  2.1169815607E+00  3.3335311063E-01 -1.1660111807E+00
  6.6047786535E+00  1.4288213248E+00  2.1169815607E+00  3.3335311063E-01 -1.1660111807E+00
  6.6047786535E+00  1.4288213248E+00  2.1169815607E+00  3.3335311063E-01 -1.1660111807E+00
  6.6047786535E+00  1.4288213248E+00  2.1169815607E+00  3.3335311063E-01 -1.1660111807E+00
  6.6047786535E+00  1.4288213248E+00  2.1169815607E+00  3.3335311063E-01 -1.1660111807E+00
  6.6047786535E+00  1.4288213248E+00  2.1169815607E+00  3.3335311063E-01 -1.1660111807E+00
  6.6047786535E+00  1.4288213248E+00  2.1169815607E+00  3.3335311063E-01 -1.1660111807E+00
  6.6047786535E+00  1.4288213248E+00  2.1169815607E+00  3.3335311063E-01 -1.1660111807E+00
  6.6047786535E+00  1.4288213248E+00  2.1169815607E+00  3.3335311063E-01 -1.1660111807E+00
  6.6047786535E+00  1.4288213248E+00  2.1169815607E+00  3.3335311063E-01 -1.1660111807E+00
  6.6047786535E+00  1.4288213248E+00  2.1169815607E+00  3.3335311063E-01 -1.1660111807E+00
  6.6047786535E+00  1.4288213248E+00  2.1169815607E+00  3.3335311063E-01 -1.1660111807E+00
  6.6047786535E+00  1.4288213248E+00  2.1169815607E+00  3.3335311063E-01 -1.1660111807E+00
  6.6047786535E+00  1.4288213248E+00  2.1169815607E+00  3.3335311063E-01 -1.1660111807E+00
  6.6047786535E+00  1.4288213248E+00  2.1169815607E+00  3.3335311063E-01 -1.1660111807E+00
  6.6047786535E+00  1.4288213248E+00  2.1169815607E+00  3.3335311063E-01 -1.1660111807E+00
  6.6047786535E+00  1.4288213248E+00  2.1169815607E+00  3.3335311063E-01 -1.1660111807E+00
  6.6047786535E+00  1.4288213248E+00  2.1169815607E+00  3.3335311063E-01 -1.1660111807E+00
  6.6047786535E+00  1.4288213248E+00  2.1169815607E+00  3.3335311063E-01 -1.1660111807E+00
  6.6047786535E+00  1.4288213248E+00  2.1169815607E+00  3.3335311063E-01 -1.1660111807E+00
  6.6047786535E+00  1.4288213248E+00  2.1169815607E+00  3.3335311063E-01 -1.1660111807E+00
  6.6047786535E+00  1.4288213248E+00  2.1169815607E+00  3.3335311063E-01 -1.1660111807E+00
  6.6047786535E+00  1.4288213248E+00  2.1169815607E+00  3.3335311063E-01 -1.1660111807E+00
  6.6047786535E+00  1.4288213248E+00  2.1169815607E+00  3.3335311063E-01 -1.1660111807E+00
  6.6047786535E+00  1.4288213248E+00  2.1169815607E+00  3.3335311063E-01 -1.1660111807E+00
  6.6047786535E+00  1.4288213248E+00  2.1169815607E+00  3.3335311063E-01 -1.1660111807E+00
  6.6047786535E+00  1.4288213248E+00  2.1169815607E+00  3.3335311063E-01 -1.1660111807E+00
  6.6047786535E+00  1.4288213248E+00  2.1169815607E+00  3.3335311063E-01 -1.1660111807E+00
  6.6047786535E+00  1.4288213248E+00  2.1169815607E+00  3.3335311063E-01 -1.1660111807E+00
  6.6047786535E+00  1.4288213248E+00  2.1169815607E+00  3.3335311063E-01 -1.1660111807E+00
  6.6047786535E+00  1.4288213248E+00  2.1169815607E+00  3.3335311063E-01 -1.1660111807E+00
  6.6047786535E+00  1.4288213248E+00  2.1169815607E+00  3.3335311063E-01 -1.1660111807E+00
  6.6047786535E+00  1.4288213248E+00  2.1169815607E+00  3.3335311063E-01 -1.1660111807E+00
  6.6047786535E+00  1.4288213248E+00  2.1169815607E+00  3.3335311063E-01 -1.1660111807E+00
  6.6047786535E+00  1.4288213248E+00  2.1169815607E+00  3.3335311063E-01 -1.1660111807E+00
  6.6047786535E+00  1.4288213248E+00  2.1169815607E+00  3.3335311063E-01 -1.1660111807E+00
  6.6047786535E+00  1.4288213248E+00  2.1169815607E+00  3.3335311063E-01 -1.1660111807E+00
  6.6047786535E+00  1.4288213248E+00  2.1169815607E+00  3.3335311063E-01 -1.1660111807E+00
  6.6047786535E+00  1.4288213248E+00  2.1169815607E+00  3.3335311063E-01 -1.1660111807E+00
  6.6047786535E+00  1.4288213248E+00  2.1169815607E+00  3.3335311063E-01 -1.1660111807E+00
  6.6047786535E+00  1.4288213248E+00  2.1169815607E+00  3.3335311063E-01 -1.1660111807E+00
  6.6047786535E+00  1.4288213248E+00  2.1169815607E+00  3.3335311063E-01 -1.1660111807E+00
  6.6047786535E+00  1.4288213248E+00  2.1169815607E+00  3.3335311063E-01 -1.1660111807E+00
  6.6047786535E+00  1.4288213248E+00  2.1169815607E+00  3.3335311063E-01 -1.1660111807E+00
  6.6047786535E+00  1.4288213248E+00  2.1169815607E+00  3.3335311063E-01 -1.1660111807E+00
  6.6047786535E+00  1.4288213248E+00  2.1169815607E+00  3.3335311063E-01 -1.1660111807E+00
  6.6047786535E+00  1.4288213248E+00  2.1169815607E+00  3.3335311063E-01 -1.1660111807E+00
  6.6047786535E+00  1.4288213248E+00  2.1169815607E+00  3.3335311063E-01 -1.1660111807E+00
