 AIMInt (Version 19.10.12, Professional)
 Portions Copyright (c) 1997-2019 by Todd A. Keith
 AIMInt is a component of the AIMAll package ( http://aim.tkgristmill.com )

 TP:  64-bit Mac OS X

 AIMInt is a heavily modified and extended version of the PROAIMV program
 developed by members of R.F.W. Bader's research group

 Much of the Quantum Theory of Atoms in Molecules (QTAIM) is described in the book:
   "Atoms in Molecules - A Quantum Theory"
   R.F.W. Bader, Oxford University Press, Oxford, 1990

 For additional references see:  http://aim.tkgristmill.com/references.html

 Current Directory:  /Users/chemlab/Documents/SubstituentCoding/HanschLeoTaftSubstituents/QTAIM

 Inp File:  SubH_AsO-C6H5-2_wb97xd_aug-cc-pvtz_atomicfiles/c4.inp
 Wfx File:  SubH_AsO-C6H5-2_wb97xd_aug-cc-pvtz.wfx
 Out File:  SubH_AsO-C6H5-2_wb97xd_aug-cc-pvtz_atomicfiles/c4.int

 Wfx Title:   Title Card Required                                                           
 Job Title:   Title Card Required                                                           
 
<Atom>
C4      
</Atom>
<Nuclei of Molecule>
    25
As1       33.0          -5.3208027851E-02  -2.1440785859E+00  -1.0041145093E+00
H2         1.0           2.5355490096E-02  -2.2637913563E+00  -3.8679903787E+00
C3         6.0          -2.9027381812E+00   8.2426052836E-03  -2.6598873521E-01
C4         6.0          -4.8685685882E+00  -1.0294145350E+00   1.1253035154E+00
C5         6.0          -3.0098287713E+00   2.5072140174E+00  -1.0634474101E+00
C6         6.0          -6.9573376848E+00   4.4240606348E-01   1.7108104053E+00
H7         1.0          -4.7375792618E+00  -2.9748575537E+00   1.7448002278E+00
C8         6.0          -5.1007412639E+00   3.9686312833E+00  -4.7560734623E-01
H9         1.0          -1.4651528530E+00   3.3313815952E+00  -2.1234119422E+00
C10        6.0          -7.0733082177E+00   2.9337792338E+00   9.0939439492E-01
H11        1.0          -8.4927168011E+00  -3.5756130114E-01   2.7961476405E+00
H12        1.0          -5.1899011308E+00   5.9154152008E+00  -1.0901484378E+00
H13        1.0          -8.7028420811E+00   4.0784313649E+00   1.3691175077E+00
C14        6.0           2.9427084266E+00  -2.3629237246E-01  -2.1091324461E-01
C15        6.0           3.9242876386E+00   1.5282973486E+00  -1.8873568369E+00
C16        6.0           4.0957902706E+00  -6.4531044984E-01   2.1103199193E+00
C17        6.0           6.0515128812E+00   2.9087375100E+00  -1.2288899221E+00
H18        1.0           3.0546283623E+00   1.8193594109E+00  -3.7181850606E+00
C19        6.0           6.2240459142E+00   7.3621681630E-01   2.7597292293E+00
H20        1.0           3.3383557438E+00  -2.0591353464E+00   3.3799726920E+00
C21        6.0           7.1951015438E+00   2.5143928661E+00   1.0960672880E+00
H22        1.0           6.8227871455E+00   4.2797321806E+00  -2.5330442535E+00
H23        1.0           7.1309203250E+00   4.1938786511E-01   4.5630946304E+00
H24        1.0           8.8577836245E+00   3.5871793707E+00   1.6069009621E+00
O25        8.0          -2.5141468137E-01  -4.8552938024E+00   4.4149970960E-01
</Nuclei of Molecule>
<Total Number of CPs of DelSqRho>
    38
</Total Number of CPs of DelSqRho>
<Number of (3,+3) CPs of DelSqRho>
     4
</Number of (3,+3) CPs of DelSqRho>
<Number of (3,+1) CPs of DelSqRho>
    15
</Number of (3,+1) CPs of DelSqRho>
<Number of (3,-1) CPs of DelSqRho>
    15
</Number of (3,-1) CPs of DelSqRho>
<Number of (3,-3) CPs of DelSqRho>
     4
</Number of (3,-3) CPs of DelSqRho>
<Number of Degenerate CPs of DelSqRho>
     0
</Number of Degenerate CPs of DelSqRho>
<CP of DelSqRho>
CP# = 1       
Type = (3,+3)
Coords = -4.86856856198003E+00 -1.02941451949683E+00  1.12530349433774E+00
DistFromNuc =  3.7070142997E-08
Rho =  1.2111952934E+02
DelSqRho = -7.4607172887E+05
GradDelSqRho = -5.4374020237E-06  1.3643598322E-06 -6.7538576332E-07
HessDelSqRho_EigVals =  1.5983820147E+10  1.5983822195E+10  1.5983823250E+10
HessDelSqRho_EigVec1 =  4.4305219667E-01  2.9724779333E-01  8.4578277376E-01
HessDelSqRho_EigVec2 = -2.1554541467E-02  9.4669115907E-01 -3.2142067619E-01
HessDelSqRho_EigVec3 =  8.9623666114E-01 -1.2417567677E-01 -4.2584063748E-01
</CP of DelSqRho>
<CP of DelSqRho>
CP# = 2       
Type = (3,+1)
Coords = -5.91548336498641E+00 -2.94834878907351E-01  1.42001907144098E+00
DistFromNuc =  1.3124386004E+00
Rho =  3.2360938889E-01
DelSqRho = -1.0729691839E+00
GradDelSqRho = -2.8352320491E-14  4.2355008389E-14 -3.1918911958E-16
HessDelSqRho_EigVals = -4.1729270983E+00  5.5677896269E+00  7.5502790939E+00
HessDelSqRho_EigVec1 =  7.9703862004E-01 -5.6094473975E-01 -2.2376424448E-01
HessDelSqRho_EigVec2 =  4.4497849959E-01  2.9495981987E-01  8.4557249220E-01
HessDelSqRho_EigVec3 = -4.0831798033E-01 -7.7352421010E-01  4.8470271644E-01
</CP of DelSqRho>
<CP of DelSqRho>
CP# = 3       
Type = (3,+1)
Coords = -4.78718693230845E+00 -2.26886567253432E+00  1.52034402735942E+00
DistFromNuc =  1.3034259098E+00
Rho =  2.9605372764E-01
DelSqRho = -1.1934344726E+00
GradDelSqRho = -5.2041704279E-17  1.4294121442E-15 -7.1470607210E-16
HessDelSqRho_EigVals = -1.0533494670E+01  8.9574342105E+00  9.2826316060E+00
HessDelSqRho_EigVec1 = -6.6723548636E-02  9.5093231841E-01 -3.0211867513E-01
HessDelSqRho_EigVec2 =  4.3414316032E-01  3.0029732460E-01  8.4931809894E-01
HessDelSqRho_EigVec3 =  8.9836945875E-01 -7.4493238931E-02 -4.3287766510E-01
</CP of DelSqRho>
<CP of DelSqRho>
CP# = 4       
Type = (3,-3)
Coords = -4.77762408228597E+00 -9.67632930361981E-01  1.32014358852264E+00
DistFromNuc =  2.2371974415E-01
Rho =  9.2293660432E+00
DelSqRho =  2.8451921592E+02
GradDelSqRho =  3.0091484859E-12  3.1974423109E-13  5.2366999626E-12
HessDelSqRho_EigVals = -5.9595168148E+04 -1.7050812129E+02 -1.5617360735E+02
HessDelSqRho_EigVec1 =  4.0624371411E-01  2.7599248719E-01  8.7108793572E-01
HessDelSqRho_EigVec2 = -3.0561079743E-01  9.3943561539E-01 -1.5512177484E-01
HessDelSqRho_EigVec3 =  8.6114347541E-01  2.0319663272E-01 -4.6598609766E-01
</CP of DelSqRho>
<CP of DelSqRho>
CP# = 5       
Type = (3,+1)
Coords = -5.00312102341469E+00 -8.50667764870075E-01  1.13273237675791E+00
DistFromNuc =  2.2385252651E-01
Rho =  9.2592092953E+00
DelSqRho =  2.8036627107E+02
GradDelSqRho =  6.4410698997E-12 -6.3948846218E-13 -1.3322676296E-15
HessDelSqRho_EigVals = -5.8903231767E+04  2.1579395772E+01  1.6552105956E+02
HessDelSqRho_EigVec1 = -6.0158761288E-01  7.9809915933E-01  3.3616601653E-02
HessDelSqRho_EigVec2 =  6.6485705071E-01  5.2359258340E-01 -5.3274375522E-01
HessDelSqRho_EigVec3 =  4.4278374648E-01  2.9814180935E-01  8.4560866562E-01
</CP of DelSqRho>
<CP of DelSqRho>
CP# = 6       
Type = (3,-3)
Coords = -4.97612554456875E+00 -1.09985047984375E+00  9.42205819607236E-01
DistFromNuc =  2.2372860209E-01
Rho =  9.2288159446E+00
DelSqRho =  2.8447514499E+02
GradDelSqRho = -4.9631410093E-12 -3.5829117451E-12 -5.7376325913E-12
HessDelSqRho_EigVals = -5.9570629617E+04 -1.6961889936E+02 -1.5518237404E+02
HessDelSqRho_EigVec1 =  4.8099980896E-01  3.1498191817E-01  8.1818431603E-01
HessDelSqRho_EigVec2 = -3.1549812745E-01  9.3289904590E-01 -1.7366721547E-01
HessDelSqRho_EigVec3 =  8.1798540045E-01  1.7460172216E-01 -5.4810046822E-01
</CP of DelSqRho>
<CP of DelSqRho>
CP# = 7       
Type = (3,-1)
Coords = -4.68553619621502E+00 -1.14552757017665E+00  1.06909823666742E+00
DistFromNuc =  2.2392437747E-01
Rho =  9.2492486246E+00
DelSqRho =  2.8036201666E+02
GradDelSqRho =  2.2080115514E-12 -3.8138381342E-12 -1.2345680034E-12
HessDelSqRho_EigVals = -5.8702014802E+04 -3.1471504959E+01  1.5760143260E+02
HessDelSqRho_EigVec1 =  8.1727647133E-01 -5.1878658158E-01 -2.5083790019E-01
HessDelSqRho_EigVec2 =  3.6458038673E-01  8.0261585913E-01 -4.7211113552E-01
HessDelSqRho_EigVec3 =  4.4625139889E-01  2.9439474426E-01  8.4509846973E-01
</CP of DelSqRho>
<CP of DelSqRho>
CP# = 8       
Type = (3,-1)
Coords = -5.04647898169636E+00 -1.09856710544587E+00  1.24210939658926E+00
DistFromNuc =  2.2378069616E-01
Rho =  9.2573518732E+00
DelSqRho =  2.8108647404E+02
GradDelSqRho = -3.2724933874E-12  2.1849189125E-13  1.9753088054E-12
HessDelSqRho_EigVals = -5.9098457045E+04 -5.2706346888E+01  1.4061066587E+02
HessDelSqRho_EigVec1 =  7.9501367933E-01  3.0901348828E-01 -5.2198075993E-01
HessDelSqRho_EigVec2 = -4.1575514588E-01  9.0418725902E-01 -9.7944164196E-02
HessDelSqRho_EigVec3 =  4.4170228475E-01  2.9488313734E-01  8.4731518750E-01
</CP of DelSqRho>
<CP of DelSqRho>
CP# = 9       
Type = (3,+1)
Coords = -4.70547690746490E+00 -9.33531562604889E-01  1.00549937034142E+00
DistFromNuc =  2.2393185104E-01
Rho =  9.2547972323E+00
DelSqRho =  2.8000843022E+02
GradDelSqRho =  8.6508578079E-12  5.5244697705E-12 -5.8371085743E-12
HessDelSqRho_EigVals = -5.8709623621E+04  3.2559156681E+01  1.7369770027E+02
HessDelSqRho_EigVec1 =  7.2837739776E-01  4.2808577834E-01 -5.3498498374E-01
HessDelSqRho_EigVec2 =  5.2038367271E-01 -8.5355173319E-01  2.5500430334E-02
HessDelSqRho_EigVec3 =  4.4572098853E-01  2.9697138777E-01  8.4447663984E-01
</CP of DelSqRho>
<CP of DelSqRho>
CP# = 10      
Type = (3,-1)
Coords = -4.91322110235209E+00 -8.16197581303329E-01  1.07341818877771E+00
DistFromNuc =  2.2393615939E-01
Rho =  9.2489230974E+00
DelSqRho =  2.8041308906E+02
GradDelSqRho =  2.8688162956E-13  6.0254023992E-12 -1.6129320102E-12
HessDelSqRho_EigVals = -5.8668909154E+04 -1.9461643256E+01  1.5386485413E+02
HessDelSqRho_EigVec1 = -1.9986737072E-01  9.5210135277E-01 -2.3142179712E-01
HessDelSqRho_EigVec2 =  8.7362123954E-01  6.6216171970E-02 -4.8208023025E-01
HessDelSqRho_EigVec3 =  4.4366537385E-01  2.9852710535E-01  8.4501041616E-01
</CP of DelSqRho>
<CP of DelSqRho>
CP# = 11      
Type = (3,+1)
Coords = -4.81361689501325E+00 -1.24169921746783E+00  1.17006490886340E+00
DistFromNuc =  2.2380361333E-01
Rho =  9.2640710720E+00
DelSqRho =  2.8010423890E+02
GradDelSqRho =  2.9283242498E-12 -8.6668450194E-12  1.4779288904E-12
HessDelSqRho_EigVals = -5.9026608487E+04  4.0222900272E+01  1.8332851999E+02
HessDelSqRho_EigVec1 = -2.4502704498E-01  9.4859670814E-01 -2.0031483352E-01
HessDelSqRho_EigVec2 =  8.6141203731E-01  1.1819697944E-01 -4.9396232249E-01
HessDelSqRho_EigVec3 =  4.4489442480E-01  2.9358773706E-01  8.4609407954E-01
</CP of DelSqRho>
<CP of DelSqRho>
CP# = 12      
Type = (3,+1)
Coords = -4.50197431156277E+00 -1.69328670004599E+00  4.42998180096624E-01
DistFromNuc =  1.0201265538E+00
Rho =  1.8362087230E-01
DelSqRho = -4.8707945753E-02
GradDelSqRho =  3.0808688933E-15 -4.8572257327E-15 -4.1078251911E-15
HessDelSqRho_EigVals = -2.3985567005E+00  1.8376389927E-01  1.1337563307E+01
HessDelSqRho_EigVec1 =  3.3964837981E-01  7.4818089151E-01 -5.6996871114E-01
HessDelSqRho_EigVec2 = -8.5361742068E-01 -9.2496138463E-03 -5.2081834046E-01
HessDelSqRho_EigVec3 = -3.9493832076E-01  6.6343032658E-01  6.3551862645E-01
</CP of DelSqRho>
<CP of DelSqRho>
CP# = 13      
Type = (3,-1)
Coords = -5.62116665390957E+00 -1.43079516824559E+00  1.65146933113254E+00
DistFromNuc =  1.0021779916E+00
Rho =  2.0295298640E-01
DelSqRho = -3.4063528670E-02
GradDelSqRho = -7.9936057773E-15 -3.3306690739E-15  1.7486012638E-14
HessDelSqRho_EigVals = -3.4588773246E+00 -1.7808701006E-01  1.2668955629E+01
HessDelSqRho_EigVec1 = -4.9438959430E-01  8.6801002594E-01 -4.6233363586E-02
HessDelSqRho_EigVec2 =  4.3809187078E-01  2.9475570045E-01  8.4923176448E-01
HessDelSqRho_EigVec3 =  7.5076923339E-01  3.9959688676E-01 -5.2599228729E-01
</CP of DelSqRho>
<CP of DelSqRho>
CP# = 14      
Type = (3,-1)
Coords = -4.91703609696786E+00 -7.21064329640378E-02  8.15605593122784E-01
DistFromNuc =  1.0073235353E+00
Rho =  2.0844429688E-01
DelSqRho =  1.4911090429E-02
GradDelSqRho = -2.7755575616E-16 -1.3322676296E-15  1.6653345369E-15
HessDelSqRho_EigVals = -3.7170433632E+00 -6.5780165902E-01  1.2390142132E+01
HessDelSqRho_EigVec1 =  8.9422910316E-01 -9.2834937963E-02 -4.3787667825E-01
HessDelSqRho_EigVec2 =  4.4469570677E-01  2.9569772260E-01  8.4546353276E-01
HessDelSqRho_EigVec3 = -5.0990581924E-02  9.5075997557E-01 -3.0570480764E-01
</CP of DelSqRho>
<CP of DelSqRho>
CP# = 15      
Type = (3,-1)
Coords = -4.38083341878481E+00 -8.81870915269244E-01  2.05154960639862E+00
DistFromNuc =  1.0571596551E+00
Rho =  1.4610065800E-01
DelSqRho = -7.4834086025E-03
GradDelSqRho =  7.4246164772E-16  5.6898930012E-16  2.7200464103E-15
HessDelSqRho_EigVals = -6.6542474903E-01 -3.9013455638E-01  8.4132038506E+00
HessDelSqRho_EigVec1 =  7.2571633793E-02  9.8129212036E-01 -1.7832311262E-01
HessDelSqRho_EigVec2 =  8.8451267670E-01 -1.4593613177E-01 -4.4310266327E-01
HessDelSqRho_EigVec3 =  4.6083693723E-01  1.2557236945E-01  8.7855614352E-01
</CP of DelSqRho>
<CP of DelSqRho>
CP# = 16      
Type = (3,-1)
Coords = -5.30951914351761E+00 -1.49738375697981E+00  2.85766817140672E-01
DistFromNuc =  1.0574755093E+00
Rho =  1.4593684932E-01
DelSqRho = -8.5028367511E-03
GradDelSqRho = -1.7486012638E-15 -1.3183898417E-15 -1.2490009027E-16
HessDelSqRho_EigVals = -6.5942803502E-01 -3.8417526516E-01  8.3994889059E+00
HessDelSqRho_EigVec1 =  8.6546138076E-02 -8.8192989137E-01  4.6336749206E-01
HessDelSqRho_EigVec2 =  9.0534986237E-01 -1.2447603945E-01 -4.0601396812E-01
HessDelSqRho_EigVec3 =  4.1575400502E-01  4.5464863611E-01  7.8768218527E-01
</CP of DelSqRho>
<CP of DelSqRho>
CP# = 17      
Type = (3,+1)
Coords = -5.16685988171458E+00 -1.20168388588912E+00  2.08469893165644E+00
DistFromNuc =  1.0193595978E+00
Rho =  1.8265687436E-01
DelSqRho = -5.1418234682E-02
GradDelSqRho =  1.0096090630E-15  2.0955459590E-15  5.5511151231E-16
HessDelSqRho_EigVals = -2.3576843116E+00  2.0770596603E-01  1.1360969474E+01
HessDelSqRho_EigVec1 = -4.2402066859E-01  9.0451546321E-01  4.5367933928E-02
HessDelSqRho_EigVec2 =  8.4470090912E-01  3.7692018996E-01  3.8001518988E-01
HessDelSqRho_EigVec3 = -3.2662952522E-01 -1.9945662992E-01  9.2386698503E-01
</CP of DelSqRho>
<CP of DelSqRho>
CP# = 18      
Type = (3,-1)
Coords = -4.06739097030854E+00 -1.58637475665269E+00  8.94422729293485E-01
DistFromNuc =  1.0026944706E+00
Rho =  2.0408010188E-01
DelSqRho = -3.5117352766E-02
GradDelSqRho =  2.1815882434E-14 -1.4765966228E-14 -5.6066262744E-15
HessDelSqRho_EigVals = -3.5208531752E+00 -1.5470843604E-01  1.2744286422E+01
HessDelSqRho_EigVec1 =  4.0405226807E-01  7.7607877553E-01 -4.8419365841E-01
HessDelSqRho_EigVec2 =  4.4692500759E-01  2.9435701359E-01  8.4475557775E-01
HessDelSqRho_EigVec3 =  7.9812267369E-01 -5.5772366161E-01 -2.2791339368E-01
</CP of DelSqRho>
<CP of DelSqRho>
CP# = 19      
Type = (3,+1)
Coords = -5.72413428700326E+00 -1.57393387308125E+00  1.01437629060079E+00
DistFromNuc =  1.0201954831E+00
Rho =  1.8184001973E-01
DelSqRho = -5.0760108436E-02
GradDelSqRho =  2.7200464103E-15  1.3045120539E-15  1.3877787808E-15
HessDelSqRho_EigVals = -2.3205131487E+00  2.0303098403E-01  1.1284537045E+01
HessDelSqRho_EigVec1 = -5.2835870298E-01  8.3517304542E-01 -1.5271890910E-01
HessDelSqRho_EigVec2 = -1.3284727849E-01  9.6336404899E-02  9.8644356032E-01
HessDelSqRho_EigVec3 =  8.3856346306E-01  5.4148433154E-01  6.0050288206E-02
</CP of DelSqRho>
<CP of DelSqRho>
CP# = 20      
Type = (3,+1)
Coords = -3.95932326256849E+00 -1.33661478929381E+00  1.46845003390408E+00
DistFromNuc =  1.0192392220E+00
Rho =  1.8434038778E-01
DelSqRho = -4.8768976965E-02
GradDelSqRho =  7.7715611724E-16 -8.3787143890E-16 -3.0531133177E-16
HessDelSqRho_EigVals = -2.4408337730E+00  1.8577768785E-01  1.1420116963E+01
HessDelSqRho_EigVec1 =  4.3785074555E-01  8.1336185110E-01 -3.8305250788E-01
HessDelSqRho_EigVec2 = -1.1658928989E-01  4.7383618512E-01  8.7286093231E-01
HessDelSqRho_EigVec3 =  8.9145592269E-01 -3.3752299009E-01  3.0229880757E-01
</CP of DelSqRho>
<CP of DelSqRho>
CP# = 21      
Type = (3,+1)
Coords = -5.25075151248739E+00 -6.65130025195317E-01  2.47096508216349E-01
DistFromNuc =  1.0247021710E+00
Rho =  1.8192081913E-01
DelSqRho = -9.0829251859E-02
GradDelSqRho = -5.5511151231E-17  3.7470027081E-16 -2.7200464103E-15
HessDelSqRho_EigVals = -2.0399591484E+00  5.6112598405E-01  1.1480311585E+01
HessDelSqRho_EigVec1 =  8.9835066248E-01 -8.9569866510E-02 -4.3005037640E-01
HessDelSqRho_EigVec2 =  2.4566030965E-01  9.1403082028E-01  3.2279819058E-01
HessDelSqRho_EigVec3 =  3.6416630746E-01 -3.9563227699E-01  8.4312395407E-01
</CP of DelSqRho>
<CP of DelSqRho>
CP# = 22      
Type = (3,+1)
Coords = -4.53565018868447E+00 -1.88911755887671E-01  1.60686730998627E+00
DistFromNuc =  1.0242964760E+00
Rho =  1.8221645084E-01
DelSqRho = -9.0913058774E-02
GradDelSqRho =  5.8826554739E-13  2.1884438706E-12  6.8700600764E-13
HessDelSqRho_EigVals = -2.0538054868E+00  5.6405779198E-01  1.1517458689E+01
HessDelSqRho_EigVec1 =  8.9004026267E-01 -9.5583583721E-02 -4.4574893085E-01
HessDelSqRho_EigVec2 =  3.3452896775E-01 -5.2732126993E-01  7.8103946636E-01
HessDelSqRho_EigVec3 =  3.0970744351E-01  8.4427250151E-01  4.3736168400E-01
</CP of DelSqRho>
<CP of DelSqRho>
CP# = 23      
Type = (3,+3)
Coords = -4.80647072321946E+00 -2.00804839627383E+00  1.43777625508136E+00
DistFromNuc =  1.0291839448E+00
Rho =  3.1128195318E-01
DelSqRho = -1.3130583697E+00
GradDelSqRho =  3.1641356202E-15  5.4400928207E-15 -1.3947176747E-15
HessDelSqRho_EigVals =  7.5143789238E+00  8.1765211719E+00  9.8082672130E+00
HessDelSqRho_EigVec1 =  4.4163650204E-01  2.9216328002E-01  8.4829111623E-01
HessDelSqRho_EigVec2 =  8.9707178938E-01 -1.2818568151E-01 -4.2288371423E-01
HessDelSqRho_EigVec3 = -1.4812318164E-02  9.4773891387E-01 -3.1870291239E-01
</CP of DelSqRho>
<CP of DelSqRho>
CP# = 24      
Type = (3,+3)
Coords = -5.67966130609968E+00 -4.62490251480767E-01  1.35443839477457E+00
DistFromNuc =  1.0157644083E+00
Rho =  3.3359068915E-01
DelSqRho = -1.1679207045E+00
GradDelSqRho = -4.4964032497E-15 -1.2212453271E-15  1.7763568394E-15
HessDelSqRho_EigVals =  4.8996379083E+00  7.2629144783E+00  9.4575872155E+00
HessDelSqRho_EigVec1 =  4.4512923274E-01  2.9480852939E-01  8.4554591664E-01
HessDelSqRho_EigVec2 =  3.7141109545E-01  7.9841740926E-01 -4.7390235152E-01
HessDelSqRho_EigVec3 =  8.1480903550E-01 -5.2499292528E-01 -2.4590376994E-01
</CP of DelSqRho>
<CP of DelSqRho>
CP# = 25      
Type = (3,+3)
Coords = -4.10326018749719E+00 -6.25645051736899E-01  5.83304938855581E-01
DistFromNuc =  1.0210236045E+00
Rho =  3.3001768473E-01
DelSqRho = -1.1373245353E+00
GradDelSqRho =  1.4432899320E-15 -4.1633363423E-16 -9.9920072216E-16
HessDelSqRho_EigVals =  4.8391308185E+00  7.0418372624E+00  9.1149642454E+00
HessDelSqRho_EigVec1 =  4.4409968618E-01  2.9334249535E-01  8.4659650906E-01
HessDelSqRho_EigVec2 = -4.6831079899E-01  8.8153866860E-01 -5.9787718693E-02
HessDelSqRho_EigVec3 =  7.6384583804E-01  3.6991858047E-01 -5.2886650446E-01
</CP of DelSqRho>
<CP of DelSqRho>
CP# = 26      
Type = (3,+1)
Coords = -5.03263079475785E+00 -9.62271129446797E-02  2.52362937453742E+00
DistFromNuc =  1.6891034251E+00
Rho =  7.9357589768E-02
DelSqRho =  1.1491562228E-01
GradDelSqRho = -3.2115109183E-13 -3.7299677236E-13  3.6495806377E-13
HessDelSqRho_EigVals = -1.0507360569E+00  9.1689286427E-02  1.1825775548E-01
HessDelSqRho_EigVec1 =  1.6143759768E-01  4.3617636810E-01  8.8526158731E-01
HessDelSqRho_EigVec2 =  8.4242977525E-01 -5.2815569613E-01  1.0660034905E-01
HessDelSqRho_EigVec3 = -5.1405250299E-01 -7.2856141577E-01  4.5271214653E-01
</CP of DelSqRho>
<CP of DelSqRho>
CP# = 27      
Type = (3,+1)
Coords = -6.26344687440995E+00 -9.16609287582032E-01  1.80583214338917E-01
DistFromNuc =  1.6884628821E+00
Rho =  7.9231234360E-02
DelSqRho =  1.1469614782E-01
GradDelSqRho = -1.2490009027E-16  2.5153490402E-16  1.2663481375E-16
HessDelSqRho_EigVals = -1.0497615360E+00  9.0959306873E-02  1.1743612096E-01
HessDelSqRho_EigVec1 =  6.8358336431E-01  1.2427241421E-01  7.1921495473E-01
HessDelSqRho_EigVec2 =  5.6884561396E-01 -7.0811910553E-01 -4.1830849844E-01
HessDelSqRho_EigVec3 =  4.5730564344E-01  6.9507100317E-01 -5.5475025825E-01
</CP of DelSqRho>
<CP of DelSqRho>
CP# = 28      
Type = (3,+1)
Coords = -3.53922956833017E+00 -2.85092912522254E-01  1.81544932174660E+00
DistFromNuc =  1.6725603551E+00
Rho =  7.8188747238E-02
DelSqRho =  1.1728802993E-01
GradDelSqRho = -9.9746599869E-15 -2.5344309984E-15 -9.5132235423E-15
HessDelSqRho_EigVals = -1.0776668374E+00  9.6979891867E-02  1.1324988603E-01
HessDelSqRho_EigVec1 =  6.7176436320E-01  3.7026842339E-01  6.4158704396E-01
HessDelSqRho_EigVec2 = -6.2491036993E-01 -1.8181370485E-01  7.5923040395E-01
HessDelSqRho_EigVec3 = -3.9776836211E-01  9.1095832581E-01 -1.0924860977E-01
</CP of DelSqRho>
<CP of DelSqRho>
CP# = 29      
Type = (3,+1)
Coords = -4.78023354466271E+00 -1.10522535670316E+00 -5.43661024370988E-01
DistFromNuc =  1.6730191259E+00
Rho =  7.8099598593E-02
DelSqRho =  1.1664757500E-01
GradDelSqRho =  4.1459891076E-16  4.5449755071E-16  1.9151347175E-15
HessDelSqRho_EigVals = -1.0715106748E+00  9.5923267601E-02  1.1155275107E-01
HessDelSqRho_EigVec1 =  1.7317361883E-01  1.8795328332E-01  9.6679080521E-01
HessDelSqRho_EigVec2 = -8.9565699887E-01 -3.7823200719E-01  2.3396386283E-01
HessDelSqRho_EigVec3 = -4.0964550298E-01  9.0642931993E-01 -1.0284186822E-01
</CP of DelSqRho>
<CP of DelSqRho>
CP# = 30      
Type = (3,-1)
Coords = -4.17343312930096E+00 -4.15243058761588E-01  2.35856031637969E+00
DistFromNuc =  1.5431598250E+00
Rho =  6.6572499660E-02
DelSqRho =  1.2670482768E-01
GradDelSqRho = -1.4571677198E-16  1.3183898417E-16  2.2204460493E-16
HessDelSqRho_EigVals = -1.2764697024E+00 -4.1510598097E-02  4.4765050022E-02
HessDelSqRho_EigVec1 =  4.5194839725E-01  3.3551456582E-01  8.2654257140E-01
HessDelSqRho_EigVec2 =  8.8697949467E-01 -7.0426054221E-02 -4.5640721611E-01
HessDelSqRho_EigVec3 = -9.4921137001E-02  9.3939882213E-01 -3.2942348238E-01
</CP of DelSqRho>
<CP of DelSqRho>
CP# = 31      
Type = (3,-1)
Coords = -5.54511397165050E+00 -1.32655653789601E+00 -2.29885707045442E-01
DistFromNuc =  1.5435494337E+00
Rho =  6.6478312433E-02
DelSqRho =  1.2594167235E-01
GradDelSqRho =  4.4339532046E-15  4.4096670759E-15  6.2727600891E-15
HessDelSqRho_EigVals = -1.2704530448E+00 -3.8683144499E-02  4.3056335292E-02
HessDelSqRho_EigVec1 =  4.3868003505E-01  2.5725042515E-01  8.6103544968E-01
HessDelSqRho_EigVec2 =  8.9744708722E-01 -7.5989832551E-02 -4.3452764122E-01
HessDelSqRho_EigVec3 = -4.6352480800E-02  9.6335235719E-01 -2.6420386714E-01
</CP of DelSqRho>
<CP of DelSqRho>
CP# = 32      
Type = (3,-3)
Coords = -3.36620068087665E+00 -1.55165082147408E+00  5.24852607908593E-01
DistFromNuc =  1.7001121611E+00
Rho =  9.8105292746E-02
DelSqRho =  2.4533813003E-01
GradDelSqRho = -2.5673907444E-16 -2.6020852140E-18 -1.5612511284E-17
HessDelSqRho_EigVals = -1.5659203077E+00 -2.2259864939E-01 -2.0024736980E-01
HessDelSqRho_EigVec1 = -5.8368984976E-01  8.1168309013E-01  2.1833929580E-02
HessDelSqRho_EigVec2 = -4.4329745984E-01 -2.9602055100E-01 -8.4608462667E-01
HessDelSqRho_EigVec3 =  6.8028929243E-01  5.0352993414E-01 -5.3260124299E-01
</CP of DelSqRho>
<CP of DelSqRho>
CP# = 33      
Type = (3,-1)
Coords = -6.49231180424961E+00 -6.91786431971216E-01  3.27767654632458E-01
DistFromNuc =  1.8402712346E+00
Rho =  8.9672499845E-02
DelSqRho =  1.1729632997E-01
GradDelSqRho = -3.4347524824E-16  9.1940344227E-17 -2.8622937354E-17
HessDelSqRho_EigVals = -9.0093008509E-01 -1.2091993748E-01  1.4040772822E-01
HessDelSqRho_EigVec1 =  4.6259844977E-01  3.0433758185E-01  8.3269520867E-01
HessDelSqRho_EigVec2 =  7.9020833239E-01 -5.6737999389E-01 -2.3162628081E-01
HessDelSqRho_EigVec3 =  4.0196202021E-01  7.6515265066E-01 -5.0295919864E-01
</CP of DelSqRho>
<CP of DelSqRho>
CP# = 34      
Type = (3,-1)
Coords = -5.33762678235093E+00  7.37942121172394E-02  2.52120911998881E+00
DistFromNuc =  1.8400102136E+00
Rho =  8.9654786016E-02
DelSqRho =  1.1745552352E-01
GradDelSqRho = -7.0186911838E-14  6.3239084108E-13  1.1500661534E-12
HessDelSqRho_EigVals = -9.0244877745E-01 -1.2010880461E-01  1.4073191706E-01
HessDelSqRho_EigVec1 =  4.2687675324E-01  2.8587108997E-01  8.5793587025E-01
HessDelSqRho_EigVec2 =  8.0184844984E-01 -5.5829676257E-01 -2.1294080962E-01
HessDelSqRho_EigVec3 =  4.1810919750E-01  7.7883402906E-01 -4.6754919970E-01
</CP of DelSqRho>
<CP of DelSqRho>
CP# = 35      
Type = (3,-1)
Coords = -4.29936315297596E+00 -1.71693175917018E+00  2.50131033134098E+00
DistFromNuc =  1.6401431396E+00
Rho =  7.5158804587E-02
DelSqRho =  1.4390263101E-01
GradDelSqRho =  5.1965870843E-12 -5.2724534808E-13  8.1738869145E-13
HessDelSqRho_EigVals = -1.4855645099E+00 -2.2944829666E-01  6.4707486050E-02
HessDelSqRho_EigVec1 =  4.1152391694E-01 -1.7743985775E-02  9.1122621602E-01
HessDelSqRho_EigVec2 =  8.8170700686E-02  9.9589592048E-01 -2.0426529364E-02
HessDelSqRho_EigVec3 =  9.0712402312E-01 -8.8749459323E-02 -4.1139948972E-01
</CP of DelSqRho>
<CP of DelSqRho>
CP# = 36      
Type = (3,-1)
Coords = -5.36282887878588E+00 -2.44331313039024E+00  4.50505988138480E-01
DistFromNuc =  1.6427885365E+00
Rho =  7.5190307631E-02
DelSqRho =  1.4257899445E-01
GradDelSqRho = -3.4694469520E-17  2.5326962749E-16  2.4980018054E-16
HessDelSqRho_EigVals = -1.4736069878E+00 -2.2798641728E-01  6.4957728119E-02
HessDelSqRho_EigVec1 =  4.2032558249E-01  5.8476975239E-01  6.9380886517E-01
HessDelSqRho_EigVec2 =  1.9709309130E-01 -8.0521783548E-01  5.5926608227E-01
HessDelSqRho_EigVec3 =  8.8570916111E-01 -9.8328907789E-02 -4.5370773393E-01
</CP of DelSqRho>
<CP of DelSqRho>
CP# = 37      
Type = (3,-3)
Coords = -5.00002945227866E+00  4.51603903731131E-01  6.79610298399654E-01
DistFromNuc =  1.5522048893E+00
Rho =  9.2137586584E-02
DelSqRho =  2.8053539136E-01
GradDelSqRho = -9.0205620751E-17  1.1102230246E-16 -3.7036346212E-16
HessDelSqRho_EigVals = -1.7194516308E+00 -2.6515589087E-01 -8.3926631822E-02
HessDelSqRho_EigVec1 = -3.5665490894E-03  9.4483056790E-01 -3.2754003982E-01
HessDelSqRho_EigVec2 =  4.4020313099E-01  2.9558244643E-01  8.4785153230E-01
HessDelSqRho_EigVec3 =  8.9789113104E-01 -1.4116024694E-01 -4.1697158355E-01
</CP of DelSqRho>
<CP of DelSqRho>
CP# = 38      
Type = (3,-1)
Coords = -5.31629984510658E+00  5.46596350400741E-01  8.12031122545303E-01
DistFromNuc =  1.6680567081E+00
Rho =  9.4408081231E-02
DelSqRho =  2.7898658486E-01
GradDelSqRho =  1.9637069748E-15  1.6653345369E-15 -1.7659484985E-15
HessDelSqRho_EigVals = -1.5461891963E+00 -2.7990661131E-01  4.1398816154E-02
HessDelSqRho_EigVec1 =  2.4394792832E-01  8.6849404107E-01 -4.3151768086E-01
HessDelSqRho_EigVec2 =  4.4472577462E-01  2.9523072528E-01  8.4561090593E-01
HessDelSqRho_EigVec3 =  8.6180531076E-01 -3.9819206356E-01 -3.1422076136E-01
</CP of DelSqRho>
<Path of -GradDelSqRho>
Starting CP# =      2
Ending CP# =     24
Number of Points =     12
 -5.9154833650E+00 -2.9483487891E-01  1.4200190714E+00  3.2360938889E-01 -1.0729691839E+00
 -5.8955592057E+00 -3.0886198880E-01  1.4144272865E+00  3.2369483966E-01 -1.0742702285E+00
 -5.8756387443E+00 -3.2289623321E-01  1.4088402307E+00  3.2393125336E-01 -1.0781255612E+00
 -5.8557221347E+00 -3.3693788754E-01  1.4032580629E+00  3.2431674009E-01 -1.0843827879E+00
 -5.8358097149E+00 -3.5098757882E-01  1.3976811727E+00  3.2484820767E-01 -1.0927815838E+00
 -5.8159020531E+00 -3.6504637118E-01  1.3921102353E+00  3.2552153941E-01 -1.1029528681E+00
 -5.7960000360E+00 -3.7911593129E-01  1.3865463182E+00  3.2633184826E-01 -1.1144171565E+00
 -5.7761050387E+00 -3.9319884519E-01  1.3809910877E+00  3.2727381140E-01 -1.1265813807E+00
 -5.7562192711E+00 -4.0729926487E-01  1.3754472305E+00  3.2834209017E-01 -1.1387328985E+00
 -5.7363465763E+00 -4.2142439320E-01  1.3699194258E+00  3.2953184212E-01 -1.1500284982E+00
 -5.7164946729E+00 -4.3558863303E-01  1.3644170742E+00  3.3083932976E-01 -1.1594747712E+00
 -5.6796613061E+00 -4.6249025148E-01  1.3544383948E+00  3.3359068915E-01 -1.1679207045E+00
</Path of -GradDelSqRho>
<Path of -GradDelSqRho>
Starting CP# =      2
Ending CP# =      0
Number of Points =    400
 -5.9154833650E+00 -2.9483487891E-01  1.4200190714E+00  3.2360938889E-01 -1.0729691839E+00
 -5.9354111649E+00 -2.8081481291E-01  1.4256155465E+00  3.2367548547E-01 -1.0742672665E+00
 -5.9553428391E+00 -2.6680226458E-01  1.4312170502E+00  3.2389237702E-01 -1.0781018578E+00
 -5.9752787368E+00 -2.5279793406E-01  1.4368240726E+00  3.2425801677E-01 -1.0843027465E+00
 -5.9952194282E+00 -2.3880295617E-01  1.4424373965E+00  3.2476917802E-01 -1.0925916927E+00
 -6.0151657810E+00 -2.2481905365E-01  1.4480582022E+00  3.2542164334E-01 -1.1025814954E+00
 -6.0351190988E+00 -2.1084881588E-01  1.4536882585E+00  3.2621047073E-01 -1.1137741484E+00
 -6.0550813828E+00 -1.9689622756E-01  1.4593302828E+00  3.2713034057E-01 -1.1255573089E+00
 -6.0750558712E+00 -1.8296776245E-01  1.4649886885E+00  3.2817598879E-01 -1.1371977026E+00
 -6.0950483087E+00 -1.6907497931E-01  1.4706713585E+00  3.2934273192E-01 -1.1478291109E+00
 -6.1150706764E+00 -1.5524224122E-01  1.4763949258E+00  3.3062708316E-01 -1.1564310981E+00
 -6.1351582612E+00 -1.4154288937E-01  1.4822095636E+00  3.3202736452E-01 -1.1617925198E+00
 -6.1473952690E+00 -1.3373049920E-01  1.4859805437E+00  3.3292168987E-01 -1.1628589573E+00
 -6.1473960055E+00 -1.3373165640E-01  1.4859813345E+00  3.3292169351E-01 -1.1628589573E+00
 -6.1473960056E+00 -1.3373165640E-01  1.4859813345E+00  3.3292169351E-01 -1.1628589573E+00
 -6.1473960056E+00 -1.3373165640E-01  1.4859813345E+00  3.3292169351E-01 -1.1628589573E+00
 -6.1473960056E+00 -1.3373165640E-01  1.4859813345E+00  3.3292169351E-01 -1.1628589573E+00
 -6.1473960056E+00 -1.3373165640E-01  1.4859813345E+00  3.3292169351E-01 -1.1628589573E+00
 -6.1473960056E+00 -1.3373165640E-01  1.4859813345E+00  3.3292169351E-01 -1.1628589573E+00
 -6.1473960056E+00 -1.3373165640E-01  1.4859813345E+00  3.3292169351E-01 -1.1628589573E+00
 -6.1473960056E+00 -1.3373165640E-01  1.4859813345E+00  3.3292169351E-01 -1.1628589573E+00
 -6.1473960056E+00 -1.3373165640E-01  1.4859813345E+00  3.3292169351E-01 -1.1628589573E+00
 -6.1473960056E+00 -1.3373165640E-01  1.4859813345E+00  3.3292169351E-01 -1.1628589573E+00
 -6.1473960056E+00 -1.3373165640E-01  1.4859813345E+00  3.3292169351E-01 -1.1628589573E+00
 -6.1473960056E+00 -1.3373165640E-01  1.4859813345E+00  3.3292169351E-01 -1.1628589573E+00
 -6.1473960056E+00 -1.3373165640E-01  1.4859813345E+00  3.3292169351E-01 -1.1628589573E+00
 -6.1473960056E+00 -1.3373165640E-01  1.4859813345E+00  3.3292169351E-01 -1.1628589573E+00
 -6.1473960056E+00 -1.3373165640E-01  1.4859813345E+00  3.3292169351E-01 -1.1628589573E+00
 -6.1473960056E+00 -1.3373165640E-01  1.4859813345E+00  3.3292169351E-01 -1.1628589573E+00
 -6.1473960056E+00 -1.3373165640E-01  1.4859813345E+00  3.3292169351E-01 -1.1628589573E+00
 -6.1473960056E+00 -1.3373165640E-01  1.4859813345E+00  3.3292169351E-01 -1.1628589573E+00
 -6.1473960056E+00 -1.3373165640E-01  1.4859813345E+00  3.3292169351E-01 -1.1628589573E+00
 -6.1473960056E+00 -1.3373165640E-01  1.4859813345E+00  3.3292169351E-01 -1.1628589573E+00
 -6.1473960056E+00 -1.3373165640E-01  1.4859813345E+00  3.3292169351E-01 -1.1628589573E+00
 -6.1473960056E+00 -1.3373165640E-01  1.4859813345E+00  3.3292169351E-01 -1.1628589573E+00
 -6.1473960056E+00 -1.3373165640E-01  1.4859813345E+00  3.3292169351E-01 -1.1628589573E+00
 -6.1473960056E+00 -1.3373165640E-01  1.4859813345E+00  3.3292169351E-01 -1.1628589573E+00
 -6.1473960056E+00 -1.3373165640E-01  1.4859813345E+00  3.3292169351E-01 -1.1628589573E+00
 -6.1473960056E+00 -1.3373165640E-01  1.4859813345E+00  3.3292169351E-01 -1.1628589573E+00
 -6.1473960056E+00 -1.3373165640E-01  1.4859813345E+00  3.3292169351E-01 -1.1628589573E+00
 -6.1473960056E+00 -1.3373165640E-01  1.4859813345E+00  3.3292169351E-01 -1.1628589573E+00
 -6.1473960056E+00 -1.3373165640E-01  1.4859813345E+00  3.3292169351E-01 -1.1628589573E+00
 -6.1473960056E+00 -1.3373165640E-01  1.4859813345E+00  3.3292169351E-01 -1.1628589573E+00
 -6.1473960056E+00 -1.3373165640E-01  1.4859813345E+00  3.3292169351E-01 -1.1628589573E+00
 -6.1473960056E+00 -1.3373165640E-01  1.4859813345E+00  3.3292169351E-01 -1.1628589573E+00
 -6.1473960056E+00 -1.3373165640E-01  1.4859813345E+00  3.3292169351E-01 -1.1628589573E+00
 -6.1473960056E+00 -1.3373165640E-01  1.4859813345E+00  3.3292169351E-01 -1.1628589573E+00
 -6.1473960056E+00 -1.3373165640E-01  1.4859813345E+00  3.3292169351E-01 -1.1628589573E+00
 -6.1473960056E+00 -1.3373165640E-01  1.4859813345E+00  3.3292169351E-01 -1.1628589573E+00
 -6.1473960056E+00 -1.3373165640E-01  1.4859813345E+00  3.3292169351E-01 -1.1628589573E+00
 -6.1473960056E+00 -1.3373165640E-01  1.4859813345E+00  3.3292169351E-01 -1.1628589573E+00
 -6.1473960056E+00 -1.3373165640E-01  1.4859813345E+00  3.3292169351E-01 -1.1628589573E+00
 -6.1473960056E+00 -1.3373165640E-01  1.4859813345E+00  3.3292169351E-01 -1.1628589573E+00
 -6.1473960056E+00 -1.3373165640E-01  1.4859813345E+00  3.3292169351E-01 -1.1628589573E+00
 -6.1473960056E+00 -1.3373165640E-01  1.4859813345E+00  3.3292169351E-01 -1.1628589573E+00
 -6.1473960056E+00 -1.3373165640E-01  1.4859813345E+00  3.3292169351E-01 -1.1628589573E+00
 -6.1473960056E+00 -1.3373165640E-01  1.4859813345E+00  3.3292169351E-01 -1.1628589573E+00
 -6.1473960056E+00 -1.3373165640E-01  1.4859813345E+00  3.3292169351E-01 -1.1628589573E+00
 -6.1473960056E+00 -1.3373165640E-01  1.4859813345E+00  3.3292169351E-01 -1.1628589573E+00
 -6.1473960056E+00 -1.3373165640E-01  1.4859813345E+00  3.3292169351E-01 -1.1628589573E+00
 -6.1473960056E+00 -1.3373165640E-01  1.4859813345E+00  3.3292169351E-01 -1.1628589573E+00
 -6.1473960056E+00 -1.3373165640E-01  1.4859813345E+00  3.3292169351E-01 -1.1628589573E+00
 -6.1473960056E+00 -1.3373165640E-01  1.4859813345E+00  3.3292169351E-01 -1.1628589573E+00
 -6.1473960056E+00 -1.3373165640E-01  1.4859813345E+00  3.3292169351E-01 -1.1628589573E+00
 -6.1473960056E+00 -1.3373165640E-01  1.4859813345E+00  3.3292169351E-01 -1.1628589573E+00
 -6.1473960056E+00 -1.3373165640E-01  1.4859813345E+00  3.3292169351E-01 -1.1628589573E+00
 -6.1473960056E+00 -1.3373165640E-01  1.4859813345E+00  3.3292169351E-01 -1.1628589573E+00
 -6.1473960056E+00 -1.3373165640E-01  1.4859813345E+00  3.3292169351E-01 -1.1628589573E+00
 -6.1473960056E+00 -1.3373165640E-01  1.4859813345E+00  3.3292169351E-01 -1.1628589573E+00
 -6.1473960056E+00 -1.3373165640E-01  1.4859813345E+00  3.3292169351E-01 -1.1628589573E+00
 -6.1473960056E+00 -1.3373165640E-01  1.4859813345E+00  3.3292169351E-01 -1.1628589573E+00
 -6.1473960056E+00 -1.3373165640E-01  1.4859813345E+00  3.3292169351E-01 -1.1628589573E+00
 -6.1473960056E+00 -1.3373165640E-01  1.4859813345E+00  3.3292169351E-01 -1.1628589573E+00
 -6.1473960056E+00 -1.3373165640E-01  1.4859813345E+00  3.3292169351E-01 -1.1628589573E+00
 -6.1473960056E+00 -1.3373165640E-01  1.4859813345E+00  3.3292169351E-01 -1.1628589573E+00
 -6.1473960056E+00 -1.3373165640E-01  1.4859813345E+00  3.3292169351E-01 -1.1628589573E+00
 -6.1473960056E+00 -1.3373165640E-01  1.4859813345E+00  3.3292169351E-01 -1.1628589573E+00
 -6.1473960056E+00 -1.3373165640E-01  1.4859813345E+00  3.3292169351E-01 -1.1628589573E+00
 -6.1473960056E+00 -1.3373165640E-01  1.4859813345E+00  3.3292169351E-01 -1.1628589573E+00
 -6.1473960056E+00 -1.3373165640E-01  1.4859813345E+00  3.3292169351E-01 -1.1628589573E+00
 -6.1473960056E+00 -1.3373165640E-01  1.4859813345E+00  3.3292169351E-01 -1.1628589573E+00
 -6.1473960056E+00 -1.3373165640E-01  1.4859813345E+00  3.3292169351E-01 -1.1628589573E+00
 -6.1473960056E+00 -1.3373165640E-01  1.4859813345E+00  3.3292169351E-01 -1.1628589573E+00
 -6.1473960056E+00 -1.3373165640E-01  1.4859813345E+00  3.3292169351E-01 -1.1628589573E+00
 -6.1473960056E+00 -1.3373165640E-01  1.4859813345E+00  3.3292169351E-01 -1.1628589573E+00
 -6.1473960056E+00 -1.3373165640E-01  1.4859813345E+00  3.3292169351E-01 -1.1628589573E+00
 -6.1473960056E+00 -1.3373165640E-01  1.4859813345E+00  3.3292169351E-01 -1.1628589573E+00
 -6.1473960056E+00 -1.3373165640E-01  1.4859813345E+00  3.3292169351E-01 -1.1628589573E+00
 -6.1473960056E+00 -1.3373165640E-01  1.4859813345E+00  3.3292169351E-01 -1.1628589573E+00
 -6.1473960056E+00 -1.3373165640E-01  1.4859813345E+00  3.3292169351E-01 -1.1628589573E+00
 -6.1473960056E+00 -1.3373165640E-01  1.4859813345E+00  3.3292169351E-01 -1.1628589573E+00
 -6.1473960056E+00 -1.3373165640E-01  1.4859813345E+00  3.3292169351E-01 -1.1628589573E+00
 -6.1473960056E+00 -1.3373165640E-01  1.4859813345E+00  3.3292169351E-01 -1.1628589573E+00
 -6.1473960056E+00 -1.3373165640E-01  1.4859813345E+00  3.3292169351E-01 -1.1628589573E+00
 -6.1473960056E+00 -1.3373165640E-01  1.4859813345E+00  3.3292169351E-01 -1.1628589573E+00
 -6.1473960056E+00 -1.3373165640E-01  1.4859813345E+00  3.3292169351E-01 -1.1628589573E+00
 -6.1473960056E+00 -1.3373165640E-01  1.4859813345E+00  3.3292169351E-01 -1.1628589573E+00
 -6.1473960056E+00 -1.3373165640E-01  1.4859813345E+00  3.3292169351E-01 -1.1628589573E+00
 -6.1473960056E+00 -1.3373165640E-01  1.4859813345E+00  3.3292169351E-01 -1.1628589573E+00
 -6.1473960056E+00 -1.3373165640E-01  1.4859813345E+00  3.3292169351E-01 -1.1628589573E+00
 -6.1473960056E+00 -1.3373165640E-01  1.4859813345E+00  3.3292169351E-01 -1.1628589573E+00
 -6.1473960056E+00 -1.3373165640E-01  1.4859813345E+00  3.3292169351E-01 -1.1628589573E+00
 -6.1473960056E+00 -1.3373165640E-01  1.4859813345E+00  3.3292169351E-01 -1.1628589573E+00
 -6.1473960056E+00 -1.3373165640E-01  1.4859813345E+00  3.3292169351E-01 -1.1628589573E+00
 -6.1473960056E+00 -1.3373165640E-01  1.4859813345E+00  3.3292169351E-01 -1.1628589573E+00
 -6.1473960056E+00 -1.3373165640E-01  1.4859813345E+00  3.3292169351E-01 -1.1628589573E+00
 -6.1473960056E+00 -1.3373165640E-01  1.4859813345E+00  3.3292169351E-01 -1.1628589573E+00
 -6.1473960056E+00 -1.3373165640E-01  1.4859813345E+00  3.3292169351E-01 -1.1628589573E+00
 -6.1473960056E+00 -1.3373165640E-01  1.4859813345E+00  3.3292169351E-01 -1.1628589573E+00
 -6.1473960056E+00 -1.3373165640E-01  1.4859813345E+00  3.3292169351E-01 -1.1628589573E+00
 -6.1473960056E+00 -1.3373165640E-01  1.4859813345E+00  3.3292169351E-01 -1.1628589573E+00
 -6.1473960056E+00 -1.3373165640E-01  1.4859813345E+00  3.3292169351E-01 -1.1628589573E+00
 -6.1473960056E+00 -1.3373165640E-01  1.4859813345E+00  3.3292169351E-01 -1.1628589573E+00
 -6.1473960056E+00 -1.3373165640E-01  1.4859813345E+00  3.3292169351E-01 -1.1628589573E+00
 -6.1473960056E+00 -1.3373165640E-01  1.4859813345E+00  3.3292169351E-01 -1.1628589573E+00
 -6.1473960056E+00 -1.3373165640E-01  1.4859813345E+00  3.3292169351E-01 -1.1628589573E+00
 -6.1473960056E+00 -1.3373165640E-01  1.4859813345E+00  3.3292169351E-01 -1.1628589573E+00
 -6.1473960056E+00 -1.3373165640E-01  1.4859813345E+00  3.3292169351E-01 -1.1628589573E+00
 -6.1473960056E+00 -1.3373165640E-01  1.4859813345E+00  3.3292169351E-01 -1.1628589573E+00
 -6.1473960056E+00 -1.3373165640E-01  1.4859813345E+00  3.3292169351E-01 -1.1628589573E+00
 -6.1473960056E+00 -1.3373165640E-01  1.4859813345E+00  3.3292169351E-01 -1.1628589573E+00
 -6.1473960056E+00 -1.3373165640E-01  1.4859813345E+00  3.3292169351E-01 -1.1628589573E+00
 -6.1473960056E+00 -1.3373165640E-01  1.4859813345E+00  3.3292169351E-01 -1.1628589573E+00
 -6.1473960056E+00 -1.3373165640E-01  1.4859813345E+00  3.3292169351E-01 -1.1628589573E+00
 -6.1473960056E+00 -1.3373165640E-01  1.4859813345E+00  3.3292169351E-01 -1.1628589573E+00
 -6.1473960056E+00 -1.3373165640E-01  1.4859813345E+00  3.3292169351E-01 -1.1628589573E+00
 -6.1473960056E+00 -1.3373165640E-01  1.4859813345E+00  3.3292169351E-01 -1.1628589573E+00
 -6.1473960056E+00 -1.3373165640E-01  1.4859813345E+00  3.3292169351E-01 -1.1628589573E+00
 -6.1473960056E+00 -1.3373165640E-01  1.4859813345E+00  3.3292169351E-01 -1.1628589573E+00
 -6.1473960056E+00 -1.3373165640E-01  1.4859813345E+00  3.3292169351E-01 -1.1628589573E+00
 -6.1473960056E+00 -1.3373165640E-01  1.4859813345E+00  3.3292169351E-01 -1.1628589573E+00
 -6.1473960056E+00 -1.3373165640E-01  1.4859813345E+00  3.3292169351E-01 -1.1628589573E+00
 -6.1473960056E+00 -1.3373165640E-01  1.4859813345E+00  3.3292169351E-01 -1.1628589573E+00
 -6.1473960056E+00 -1.3373165640E-01  1.4859813345E+00  3.3292169351E-01 -1.1628589573E+00
