 AIMInt (Version 19.10.12, Professional)
 Portions Copyright (c) 1997-2019 by Todd A. Keith
 AIMInt is a component of the AIMAll package ( http://aim.tkgristmill.com )

 TP:  64-bit Mac OS X

 AIMInt is a heavily modified and extended version of the PROAIMV program
 developed by members of R.F.W. Bader's research group

 Much of the Quantum Theory of Atoms in Molecules (QTAIM) is described in the book:
   "Atoms in Molecules - A Quantum Theory"
   R.F.W. Bader, Oxford University Press, Oxford, 1990

 For additional references see:  http://aim.tkgristmill.com/references.html

 Current Directory:  /Users/chemlab/Documents/SubstituentCoding/HanschLeoTaftSubstituents/QTAIM

 Inp File:  SubH_AsO-C6H5-2_wb97xd_aug-cc-pvtz_atomicfiles/c6.inp
 Wfx File:  SubH_AsO-C6H5-2_wb97xd_aug-cc-pvtz.wfx
 Out File:  SubH_AsO-C6H5-2_wb97xd_aug-cc-pvtz_atomicfiles/c6.int

 Wfx Title:   Title Card Required                                                           
 Job Title:   Title Card Required                                                           
 
<Atom>
C6      
</Atom>
<Nuclei of Molecule>
    25
As1       33.0          -5.3208027851E-02  -2.1440785859E+00  -1.0041145093E+00
H2         1.0           2.5355490096E-02  -2.2637913563E+00  -3.8679903787E+00
C3         6.0          -2.9027381812E+00   8.2426052836E-03  -2.6598873521E-01
C4         6.0          -4.8685685882E+00  -1.0294145350E+00   1.1253035154E+00
C5         6.0          -3.0098287713E+00   2.5072140174E+00  -1.0634474101E+00
C6         6.0          -6.9573376848E+00   4.4240606348E-01   1.7108104053E+00
H7         1.0          -4.7375792618E+00  -2.9748575537E+00   1.7448002278E+00
C8         6.0          -5.1007412639E+00   3.9686312833E+00  -4.7560734623E-01
H9         1.0          -1.4651528530E+00   3.3313815952E+00  -2.1234119422E+00
C10        6.0          -7.0733082177E+00   2.9337792338E+00   9.0939439492E-01
H11        1.0          -8.4927168011E+00  -3.5756130114E-01   2.7961476405E+00
H12        1.0          -5.1899011308E+00   5.9154152008E+00  -1.0901484378E+00
H13        1.0          -8.7028420811E+00   4.0784313649E+00   1.3691175077E+00
C14        6.0           2.9427084266E+00  -2.3629237246E-01  -2.1091324461E-01
C15        6.0           3.9242876386E+00   1.5282973486E+00  -1.8873568369E+00
C16        6.0           4.0957902706E+00  -6.4531044984E-01   2.1103199193E+00
C17        6.0           6.0515128812E+00   2.9087375100E+00  -1.2288899221E+00
H18        1.0           3.0546283623E+00   1.8193594109E+00  -3.7181850606E+00
C19        6.0           6.2240459142E+00   7.3621681630E-01   2.7597292293E+00
H20        1.0           3.3383557438E+00  -2.0591353464E+00   3.3799726920E+00
C21        6.0           7.1951015438E+00   2.5143928661E+00   1.0960672880E+00
H22        1.0           6.8227871455E+00   4.2797321806E+00  -2.5330442535E+00
H23        1.0           7.1309203250E+00   4.1938786511E-01   4.5630946304E+00
H24        1.0           8.8577836245E+00   3.5871793707E+00   1.6069009621E+00
O25        8.0          -2.5141468137E-01  -4.8552938024E+00   4.4149970960E-01
</Nuclei of Molecule>
<Total Number of CPs of DelSqRho>
    34
</Total Number of CPs of DelSqRho>
<Number of (3,+3) CPs of DelSqRho>
     4
</Number of (3,+3) CPs of DelSqRho>
<Number of (3,+1) CPs of DelSqRho>
    14
</Number of (3,+1) CPs of DelSqRho>
<Number of (3,-1) CPs of DelSqRho>
    12
</Number of (3,-1) CPs of DelSqRho>
<Number of (3,-3) CPs of DelSqRho>
     4
</Number of (3,-3) CPs of DelSqRho>
<Number of Degenerate CPs of DelSqRho>
     0
</Number of Degenerate CPs of DelSqRho>
<CP of DelSqRho>
CP# = 1       
Type = (3,+3)
Coords = -6.95733770237657E+00  4.42406053697187E-01  1.71081041752831E+00
DistFromNuc =  2.3513701863E-08
Rho =  1.2109800807E+02
DelSqRho = -7.4590981274E+05
GradDelSqRho =  3.3204325973E-06  1.6029844119E-09 -2.5724671104E-07
HessDelSqRho_EigVals =  1.5980293098E+10  1.5980295222E+10  1.5980296220E+10
HessDelSqRho_EigVec1 =  4.4469558151E-01  2.9387822982E-01  8.4609776375E-01
HessDelSqRho_EigVec2 =  7.4988725102E-01  3.9442782317E-01 -5.3112691804E-01
HessDelSqRho_EigVec3 = -4.8981113763E-01  8.7066771983E-01 -4.4975227711E-02
</CP of DelSqRho>
<CP of DelSqRho>
CP# = 2       
Type = (3,+1)
Coords = -7.93099870874483E+00 -6.44009760481290E-02  2.39888978702635E+00
DistFromNuc =  1.2955008299E+00
Rho =  2.9458410829E-01
DelSqRho = -1.1826515397E+00
GradDelSqRho =  1.0668549377E-15 -6.3837823916E-16  2.8033131372E-15
HessDelSqRho_EigVals = -9.8314931946E+00  8.8078112015E+00  9.1409572378E+00
HessDelSqRho_EigVec1 =  7.5123191780E-01  3.9178108216E-01 -5.3118564489E-01
HessDelSqRho_EigVec2 =  4.4392199959E-01  2.9565766923E-01  8.4588403514E-01
HessDelSqRho_EigVec3 = -4.8845047237E-01  8.7126007959E-01 -4.8187236474E-02
</CP of DelSqRho>
<CP of DelSqRho>
CP# = 3       
Type = (3,+1)
Coords = -7.02750924038950E+00  6.51900005802540E-01  1.67481945332722E+00
DistFromNuc =  2.2384616973E-01
Rho =  9.2597271045E+00
DelSqRho =  2.8027056488E+02
GradDelSqRho = -9.5923269328E-13  2.4193980153E-12 -1.0178524690E-12
HessDelSqRho_EigVals = -5.8912262844E+04  3.1670248503E+01  1.5568404366E+02
HessDelSqRho_EigVec1 = -3.1308790311E-01  9.3597508699E-01 -1.6101739489E-01
HessDelSqRho_EigVec2 = -8.3959317726E-01 -1.9352916719E-01  5.0757241665E-01
HessDelSqRho_EigVec3 =  4.4391357450E-01  2.9410388977E-01  8.4642993827E-01
</CP of DelSqRho>
<CP of DelSqRho>
CP# = 4       
Type = (3,-1)
Coords = -6.93204913021549E+00  2.28347591172752E-01  1.77144431362926E+00
DistFromNuc =  2.2391295496E-01
Rho =  9.2493756226E+00
DelSqRho =  2.8037094297E+02
GradDelSqRho = -1.3660184095E-12  6.4090954766E-12 -5.0128790008E-12
HessDelSqRho_EigVals = -5.8723492187E+04 -2.2909884704E+01  1.4360165874E+02
HessDelSqRho_EigVec1 = -1.1314027453E-01  9.5599412513E-01 -2.7069265043E-01
HessDelSqRho_EigVec2 =  8.8869620861E-01 -2.4464066964E-02 -4.5784337740E-01
HessDelSqRho_EigVec3 =  4.4431782215E-01  2.9236405755E-01  8.4682048320E-01
</CP of DelSqRho>
<CP of DelSqRho>
CP# = 5       
Type = (3,-3)
Coords = -6.85151912545007E+00  5.11278680595275E-01  1.89552847821229E+00
DistFromNuc =  2.2374488006E-01
Rho =  9.2296417058E+00
DelSqRho =  2.8411178186E+02
GradDelSqRho = -7.4535932981E-12  1.1581846593E-12 -3.1370461784E-12
HessDelSqRho_EigVals = -5.9495137394E+04 -1.5286157429E+02 -1.3767317223E+02
HessDelSqRho_EigVec1 =  4.7309698990E-01  3.0789969024E-01  8.2545564321E-01
HessDelSqRho_EigVec2 = -4.5580958984E-01  8.8734070494E-01 -6.9743036757E-02
HessDelSqRho_EigVec3 =  7.5393425175E-01  3.4325537740E-01 -5.6014184804E-01
</CP of DelSqRho>
<CP of DelSqRho>
CP# = 6       
Type = (3,-1)
Coords = -7.13158032835476E+00  5.75623280683780E-01  1.75586111086088E+00
DistFromNuc =  2.2391268801E-01
Rho =  9.2491184503E+00
DelSqRho =  2.8039604131E+02
GradDelSqRho =  2.6361135497E-12  2.4962254486E-12  1.7132961716E-12
HessDelSqRho_EigVals = -5.8725707474E+04 -2.5910617581E+01  1.4240422572E+02
HessDelSqRho_EigVec1 =  7.7808757770E-01 -5.9509219348E-01 -2.0110942964E-01
HessDelSqRho_EigVec2 =  4.4472733314E-01  7.4798486029E-01 -4.9268270513E-01
HessDelSqRho_EigVec3 =  4.4361844032E-01  2.9391143229E-01  8.4665149228E-01
</CP of DelSqRho>
<CP of DelSqRho>
CP# = 7       
Type = (3,+1)
Coords = -6.82069257294418E+00  2.65417633924751E-01  1.70020512177389E+00
DistFromNuc =  2.2385098355E-01
Rho =  9.2589388047E+00
DelSqRho =  2.8028329739E+02
GradDelSqRho =  5.7696070144E-12 -5.1656456890E-12  1.4033219031E-13
HessDelSqRho_EigVals = -5.8899932602E+04  2.7742716178E+01  1.5472696400E+02
HessDelSqRho_EigVec1 = -6.1075555027E-01  7.9038504757E-01  4.7635432184E-02
HessDelSqRho_EigVec2 =  6.5528708825E-01  5.3829961309E-01 -5.2993618345E-01
HessDelSqRho_EigVec3 =  4.4449577028E-01  2.9244658167E-01  8.4669859281E-01
</CP of DelSqRho>
<CP of DelSqRho>
CP# = 8       
Type = (3,+1)
Coords = -7.12367219495184E+00  3.51016157932197E-01  1.82957234717465E+00
DistFromNuc =  2.2388319037E-01
Rho =  9.2558871765E+00
DelSqRho =  2.8001593319E+02
GradDelSqRho = -2.2026824809E-12 -2.8506086380E-12  4.5439207952E-12
HessDelSqRho_EigVals = -5.8837638897E+04  3.1258938822E+01  1.6456822980E+02
HessDelSqRho_EigVec1 =  7.4296189445E-01  4.0818126391E-01 -5.3046741576E-01
HessDelSqRho_EigVec2 =  5.0105562373E-01 -8.6464738134E-01  3.6444037660E-02
HessDelSqRho_EigVec3 =  4.4379148857E-01  2.9287021313E-01  8.4692157425E-01
</CP of DelSqRho>
<CP of DelSqRho>
CP# = 9       
Type = (3,-1)
Coords = -6.78773912396614E+00  5.27519775200206E-01  1.59207785848120E+00
DistFromNuc =  2.2384242995E-01
Rho =  9.2502891624E+00
DelSqRho =  2.8120611488E+02
GradDelSqRho =  4.1637804316E-12  4.3129944061E-12 -4.2055248173E-12
HessDelSqRho_EigVals = -5.8943712045E+04 -5.6799417141E+01  1.1431341994E+02
HessDelSqRho_EigVec1 =  7.5767638197E-01  3.8023156182E-01 -5.3042479166E-01
HessDelSqRho_EigVec2 = -4.7751604651E-01  8.7699694236E-01 -5.3430220055E-02
HessDelSqRho_EigVec3 =  4.4486506441E-01  2.9376916530E-01  8.4604654244E-01
</CP of DelSqRho>
<CP of DelSqRho>
CP# = 10      
Type = (3,-3)
Coords = -7.05012938500679E+00  3.80138896746179E-01  1.51696694256026E+00
DistFromNuc =  2.2374715132E-01
Rho =  9.2295036413E+00
DelSqRho =  2.8409838365E+02
GradDelSqRho =  2.5046631436E-12  4.9782400424E-12  1.0281553386E-11
HessDelSqRho_EigVals = -5.9488614542E+04 -1.5259683030E+02 -1.3730203169E+02
HessDelSqRho_EigVec1 =  4.1455543518E-01  2.7820548815E-01  8.6645571008E-01
HessDelSqRho_EigVec2 = -4.5267975582E-01  8.8901009150E-01 -6.8862877368E-02
HessDelSqRho_EigVec3 =  7.8944590052E-01  3.6367947917E-01 -4.9448195780E-01
</CP of DelSqRho>
<CP of DelSqRho>
CP# = 11      
Type = (3,-1)
Coords = -6.19656659299537E+00  8.36620756587107E-01  1.17286652116963E+00
DistFromNuc =  1.0117121631E+00
Rho =  2.0483862702E-01
DelSqRho =  3.9193324400E-02
GradDelSqRho = -3.5860203695E-14 -1.6098233857E-14  3.7414515930E-14
HessDelSqRho_EigVals = -3.7140308736E+00 -7.7757000121E-01  1.1969500890E+01
HessDelSqRho_EigVec1 = -4.8657285370E-01  8.7231948120E-01 -4.8016463497E-02
HessDelSqRho_EigVec2 =  4.4489836472E-01  2.9471202479E-01  8.4570105091E-01
HessDelSqRho_EigVec3 =  7.5187253116E-01  3.9013272763E-01 -5.3149238162E-01
</CP of DelSqRho>
<CP of DelSqRho>
CP# = 12      
Type = (3,-1)
Coords = -7.76516372332454E+00  9.95226851569070E-01  1.94038352871113E+00
DistFromNuc =  1.0054340114E+00
Rho =  2.0154393135E-01
DelSqRho = -2.3463320886E-02
GradDelSqRho =  2.8865798640E-15 -1.3322676296E-15 -1.9706458687E-15
HessDelSqRho_EigVals = -3.4713676039E+00 -2.1365085444E-01  1.2372411230E+01
HessDelSqRho_EigVec1 =  4.0147091006E-01  7.7870764301E-01 -4.8211566568E-01
HessDelSqRho_EigVec2 =  4.4317170357E-01  2.9550155200E-01  8.4633189348E-01
HessDelSqRho_EigVec3 =  8.0151104143E-01 -5.5343765636E-01 -2.2646591573E-01
</CP of DelSqRho>
<CP of DelSqRho>
CP# = 13      
Type = (3,-1)
Coords = -6.92318753599762E+00 -5.11003327065529E-01  2.02604291654862E+00
DistFromNuc =  1.0047523251E+00
Rho =  2.0195062728E-01
DelSqRho = -2.5728328315E-02
GradDelSqRho = -3.8025138593E-15 -3.4527936066E-14  3.4000580129E-15
HessDelSqRho_EigVals = -3.4827143810E+00 -2.0614271080E-01  1.2443317912E+01
HessDelSqRho_EigVec1 =  8.9518929214E-01 -1.0680693596E-01 -4.3269898275E-01
HessDelSqRho_EigVec2 =  4.4410532010E-01  2.9546585409E-01  8.4585483018E-01
HessDelSqRho_EigVec3 = -3.7504611827E-02  9.4936410692E-01 -3.1193139725E-01
</CP of DelSqRho>
<CP of DelSqRho>
CP# = 14      
Type = (3,-1)
Coords = -6.64908793456549E+00  6.67836984889799E-01  2.69188960924445E+00
DistFromNuc =  1.0527836498E+00
Rho =  1.4904818083E-01
DelSqRho = -1.8662479897E-02
GradDelSqRho =  9.1593399532E-16 -1.3877787808E-16 -8.8817841970E-16
HessDelSqRho_EigVals = -6.7718621836E-01 -3.3867380620E-01  8.7211686789E+00
HessDelSqRho_EigVec1 =  8.2524599277E-01  4.4497348292E-01 -3.4780404097E-01
HessDelSqRho_EigVec2 = -4.8914099981E-01  8.7097536688E-01 -4.6292468034E-02
HessDelSqRho_EigVec3 =  2.8232983145E-01  2.0832789008E-01  9.3642370564E-01
</CP of DelSqRho>
<CP of DelSqRho>
CP# = 15      
Type = (3,+1)
Coords = -6.88882589177344E+00  4.23432122549354E-01  6.89191493305077E-01
DistFromNuc =  1.0240893895E+00
Rho =  1.8090487693E-01
DelSqRho = -9.9710948679E-02
GradDelSqRho =  9.4368957093E-16 -1.8301332672E-15 -2.6645352591E-15
HessDelSqRho_EigVals = -1.9298269016E+00  6.1311174955E-01  1.1538971088E+01
HessDelSqRho_EigVec1 = -4.8633374511E-01  8.7240494639E-01 -4.8878398953E-02
HessDelSqRho_EigVec2 =  8.6810758475E-01  4.8878366582E-01  8.6485544051E-02
HessDelSqRho_EigVec3 = -9.9341379441E-02  3.7087032534E-04  9.9505334168E-01
</CP of DelSqRho>
<CP of DelSqRho>
CP# = 16      
Type = (3,+1)
Coords = -7.27390866587408E+00  1.01270175209074E+00  2.50135642956558E+00
DistFromNuc =  1.0248987145E+00
Rho =  1.7782940236E-01
DelSqRho = -4.8327506270E-02
GradDelSqRho = -1.0408340856E-15 -6.6613381478E-16  8.8817841970E-16
HessDelSqRho_EigVals = -2.1180350831E+00  2.1213479034E-01  1.0910658347E+01
HessDelSqRho_EigVec1 =  4.7790913807E-01  7.9792556015E-01 -3.6731138863E-01
HessDelSqRho_EigVec2 = -8.0501182355E-01  2.3051565282E-01 -5.4664293442E-01
HessDelSqRho_EigVec3 = -3.5150934511E-01  5.5693566439E-01  7.5250504718E-01
</CP of DelSqRho>
<CP of DelSqRho>
CP# = 17      
Type = (3,-1)
Coords = -7.56809309316186E+00  6.09941017512901E-02  9.42658637946032E-01
DistFromNuc =  1.0528790961E+00
Rho =  1.4897995065E-01
DelSqRho = -1.8969439379E-02
GradDelSqRho =  4.4408920985E-16 -1.1102230246E-16  7.7715611724E-16
HessDelSqRho_EigVals = -6.7463454269E-01 -3.3588365746E-01  8.7165023813E+00
HessDelSqRho_EigVec1 =  6.4238005983E-01  3.2941631534E-01 -6.9197742010E-01
HessDelSqRho_EigVec2 = -4.9107361530E-01  8.7012162793E-01 -4.1654014964E-02
HessDelSqRho_EigVec3 =  5.8838300714E-01  3.6656956202E-01  7.2071644432E-01
</CP of DelSqRho>
<CP of DelSqRho>
CP# = 18      
Type = (3,+1)
Coords = -7.29122070127828E+00 -4.70868632284896E-01  1.38944878387121E+00
DistFromNuc =  1.0241200273E+00
Rho =  1.7838351205E-01
DelSqRho = -4.9162175678E-02
GradDelSqRho = -3.7678193898E-15 -6.5503158453E-15 -3.3584246495E-15
HessDelSqRho_EigVals = -2.1365178009E+00  2.0763120185E-01  1.0976301675E+01
HessDelSqRho_EigVec1 =  8.2554427788E-01 -1.2276708336E-01 -5.5082201163E-01
HessDelSqRho_EigVec2 =  4.6745209691E-01 -3.9807872031E-01  7.8931734399E-01
HessDelSqRho_EigVec3 =  3.1617270968E-01  9.0909932113E-01  2.7124387915E-01
</CP of DelSqRho>
<CP of DelSqRho>
CP# = 19      
Type = (3,+1)
Coords = -6.67898564700800E+00 -6.60250910472043E-02  2.55506659618631E+00
DistFromNuc =  1.0240852561E+00
Rho =  1.7840489118E-01
DelSqRho = -4.8919119508E-02
GradDelSqRho =  3.6082248300E-16  4.4408920985E-16 -1.2212453271E-15
HessDelSqRho_EigVals = -2.1412360023E+00  2.0784056421E-01  1.0980263413E+01
HessDelSqRho_EigVec1 =  9.4582545470E-01 -4.2926416260E-02 -3.2182531292E-01
HessDelSqRho_EigVec2 =  2.0667288409E-01  8.4406457288E-01  4.9481442561E-01
HessDelSqRho_EigVec3 =  2.5040073528E-01 -5.3452064469E-01  8.0720948469E-01
</CP of DelSqRho>
<CP of DelSqRho>
CP# = 20      
Type = (3,+1)
Coords = -7.89221783613484E+00  6.01820589389990E-01  1.32148749559128E+00
DistFromNuc =  1.0251761880E+00
Rho =  1.7753153121E-01
DelSqRho = -4.8051926532E-02
GradDelSqRho =  2.2204460493E-15 -5.5511151231E-17  5.5511151231E-16
HessDelSqRho_EigVals = -2.1060976748E+00  2.0988950558E-01  1.0887133537E+01
HessDelSqRho_EigVec1 =  3.5694792276E-01  7.1802087020E-01 -5.9752339736E-01
HessDelSqRho_EigVec2 = -1.3853145363E-01  6.7327773891E-01  7.2629616730E-01
HessDelSqRho_EigVec3 =  9.2379500799E-01 -1.7647412341E-01  3.3979356524E-01
</CP of DelSqRho>
<CP of DelSqRho>
CP# = 21      
Type = (3,+1)
Coords = -6.14218608919445E+00  9.17439299496212E-01  2.10820983594563E+00
DistFromNuc =  1.0237455771E+00
Rho =  1.8120192355E-01
DelSqRho = -1.0011727385E-01
GradDelSqRho = -2.2204460493E-15 -1.9984014443E-15 -2.3869795029E-15
HessDelSqRho_EigVals = -1.9403429883E+00  6.1566572174E-01  1.1571185267E+01
HessDelSqRho_EigVec1 = -4.8573240935E-01  8.7285045252E-01 -4.6862714744E-02
HessDelSqRho_EigVec2 = -3.3065785346E-01 -1.3385064076E-01  9.3421057044E-01
HessDelSqRho_EigVec3 =  8.0915351476E-01  4.6927187589E-01  3.5363045125E-01
</CP of DelSqRho>
<CP of DelSqRho>
CP# = 22      
Type = (3,+3)
Coords = -7.74050721782433E+00  3.49589348670635E-02  2.26417684262136E+00
DistFromNuc =  1.0419127094E+00
Rho =  3.0611609955E-01
DelSqRho = -1.2783675944E+00
GradDelSqRho = -1.1102230246E-16 -9.9920072216E-16  1.7763568394E-15
HessDelSqRho_EigVals =  7.3851655974E+00  8.0580963510E+00  9.0088715700E+00
HessDelSqRho_EigVec1 =  4.4364922354E-01  2.9513328722E-01  8.4621020393E-01
HessDelSqRho_EigVec2 = -4.8531840577E-01  8.7290652059E-01 -5.0002513290E-02
HessDelSqRho_EigVec3 =  7.5341981091E-01  3.8849781092E-01 -5.3049791652E-01
</CP of DelSqRho>
<CP of DelSqRho>
CP# = 23      
Type = (3,+3)
Coords = -7.00744575978810E+00  1.41176999968563E+00  1.40121699788565E+00
DistFromNuc =  1.0188352850E+00
Rho =  3.3378422122E-01
DelSqRho = -1.1671198873E+00
GradDelSqRho =  1.8552867576E-15 -1.9428902931E-15 -1.0685896612E-15
HessDelSqRho_EigVals =  4.8792887803E+00  7.3110717633E+00  9.1438673659E+00
HessDelSqRho_EigVec1 =  4.4442427167E-01  2.9381193983E-01  8.4626332235E-01
HessDelSqRho_EigVec2 =  8.8848985482E-01 -2.3997468969E-02 -4.5826837046E-01
HessDelSqRho_EigVec3 = -1.1433654107E-01  9.5556196319E-01 -2.7171398543E-01
</CP of DelSqRho>
<CP of DelSqRho>
CP# = 24      
Type = (3,+3)
Coords = -6.14798246779026E+00 -1.33259993554538E-01  1.48612432458510E+00
DistFromNuc =  1.0182981447E+00
Rho =  3.3296865136E-01
DelSqRho = -1.1628616581E+00
GradDelSqRho = -1.2212453271E-15  1.2212453271E-15  9.4368957093E-16
HessDelSqRho_EigVals =  4.8623765236E+00  7.2715900261E+00  9.2347314001E+00
HessDelSqRho_EigVec1 =  4.4391970177E-01  2.9551512992E-01  8.4593504855E-01
HessDelSqRho_EigVec2 = -4.6543736352E-01 -7.3066642747E-01  4.9949437675E-01
HessDelSqRho_EigVec3 =  7.6570448544E-01 -6.1546517347E-01 -1.8681343963E-01
</CP of DelSqRho>
<CP of DelSqRho>
CP# = 25      
Type = (3,+1)
Coords = -5.59036278105605E+00  2.99825916403538E-01  2.68755499123803E+00
DistFromNuc =  1.6861137186E+00
Rho =  7.8934546833E-02
DelSqRho =  1.1438840204E-01
GradDelSqRho =  5.7800986220E-14 -2.5677593732E-14  9.9982522261E-14
HessDelSqRho_EigVals = -1.0570645643E+00  9.1212369464E-02  1.1742230143E-01
HessDelSqRho_EigVec1 =  6.6250231532E-01  8.1153466877E-02  7.4465078863E-01
HessDelSqRho_EigVec2 =  6.6498246207E-01 -5.2132406020E-01 -5.3480795562E-01
HessDelSqRho_EigVec3 =  3.4480285284E-01  8.4949122366E-01 -3.9934402912E-01
</CP of DelSqRho>
<CP of DelSqRho>
CP# = 26      
Type = (3,+1)
Coords = -7.64044058720868E+00  9.45639426322874E-01  2.50744372807113E-01
DistFromNuc =  1.6886877189E+00
Rho =  7.9223217297E-02
DelSqRho =  1.1386038861E-01
GradDelSqRho =  1.9840899756E-17 -1.9255430583E-16 -2.5413698923E-16
HessDelSqRho_EigVals = -1.0493905210E+00  9.0951548443E-02  1.1739458122E-01
HessDelSqRho_EigVec1 =  4.5986899434E-01 -2.5608948291E-02  8.8761742311E-01
HessDelSqRho_EigVec2 = -1.8423752785E-01 -9.8058447668E-01  6.7161130393E-02
HessDelSqRho_EigVec3 =  8.6866394041E-01 -1.9441776120E-01 -4.5565852648E-01
</CP of DelSqRho>
<CP of DelSqRho>
CP# = 27      
Type = (3,+1)
Coords = -6.82994796064289E+00 -5.19204716508754E-01  3.32125001351987E-01
DistFromNuc =  1.6857333351E+00
Rho =  7.8879781548E-02
DelSqRho =  1.1419743505E-01
GradDelSqRho =  3.4115141267E-12  3.5435925028E-12 -8.6830716228E-12
HessDelSqRho_EigVals = -1.0555881556E+00  9.1015465649E-02  1.1692208975E-01
HessDelSqRho_EigVec1 =  1.8089019159E-01  4.7734350836E-01  8.5989645517E-01
HessDelSqRho_EigVec2 =  9.3120820167E-01 -3.6443132234E-01  6.4106508578E-03
HessDelSqRho_EigVec3 =  3.1643328480E-01  7.9958300777E-01 -5.1042824172E-01
</CP of DelSqRho>
<CP of DelSqRho>
CP# = 28      
Type = (3,+1)
Coords = -6.40638562168589E+00  1.76144528830544E+00  2.60857254208645E+00
DistFromNuc =  1.6880134794E+00
Rho =  7.9252274259E-02
DelSqRho =  1.1403996693E-01
GradDelSqRho = -3.6040614937E-14 -7.0842637312E-14 -1.0273726314E-13
HessDelSqRho_EigVals = -1.0516876845E+00  9.1758720181E-02  1.1765017689E-01
HessDelSqRho_EigVec1 =  3.8042682019E-01  5.8168628524E-01  7.1896905361E-01
HessDelSqRho_EigVec2 = -8.8667336017E-02  7.9678256744E-01 -5.9772539158E-01
HessDelSqRho_EigVec3 =  9.2055067107E-01 -1.6364169940E-01 -3.5469403182E-01
</CP of DelSqRho>
<CP of DelSqRho>
CP# = 29      
Type = (3,-1)
Coords = -6.14712323893309E+00  9.56815394571505E-01  2.92876551757514E+00
DistFromNuc =  1.5506382762E+00
Rho =  6.6707778445E-02
DelSqRho =  1.2473987512E-01
GradDelSqRho = -4.4669129506E-17 -1.1709383463E-16 -1.3877787808E-16
HessDelSqRho_EigVals = -1.2771429980E+00 -3.9203455046E-02  4.5969089844E-02
HessDelSqRho_EigVec1 =  4.7484878460E-01  3.0758221361E-01  8.2456765255E-01
HessDelSqRho_EigVec2 = -4.8726144027E-01  8.7211059744E-01 -4.4714591049E-02
HessDelSqRho_EigVec3 = -7.3286760099E-01 -3.8054735277E-01  5.6399360964E-01
</CP of DelSqRho>
<CP of DelSqRho>
CP# = 30      
Type = (3,-1)
Coords = -7.51745513662810E+00  5.32962243992659E-02  3.17697409052625E-01
DistFromNuc =  1.5510969818E+00
Rho =  6.6672987259E-02
DelSqRho =  1.2441148626E-01
GradDelSqRho =  9.3675067703E-17  1.0408340856E-17 -1.8735013541E-16
HessDelSqRho_EigVals = -1.2742508797E+00 -3.8382588661E-02  4.6198074237E-02
HessDelSqRho_EigVec1 =  4.1261207589E-01  2.7835910344E-01  8.6733354850E-01
HessDelSqRho_EigVec2 = -4.8461374542E-01  8.7331317792E-01 -4.9735410091E-02
HessDelSqRho_EigVec3 =  7.7129812172E-01  3.9980032867E-01 -4.9523621094E-01
</CP of DelSqRho>
<CP of DelSqRho>
CP# = 31      
Type = (3,-1)
Coords = -8.33301684533023E+00 -3.39274187242044E-01  1.27670917551055E+00
DistFromNuc =  1.6407196728E+00
Rho =  7.5437384898E-02
DelSqRho =  1.4310250300E-01
GradDelSqRho = -2.5673907444E-16 -3.6776137691E-16 -3.0617869351E-16
HessDelSqRho_EigVals = -1.4726753496E+00 -2.3695820141E-01  6.5767248015E-02
HessDelSqRho_EigVec1 =  6.6457744007E-01  3.9735069634E-01  6.3281059588E-01
HessDelSqRho_EigVec2 = -5.7074478615E-01 -2.7666219554E-01  7.7311604475E-01
HessDelSqRho_EigVec3 = -4.8227296756E-01  8.7496883011E-01 -4.2922384530E-02
</CP of DelSqRho>
<CP of DelSqRho>
CP# = 32      
Type = (3,-1)
Coords = -7.25634767143984E+00  3.71910085694948E-01  3.32186023674410E+00
DistFromNuc =  1.6400787220E+00
Rho =  7.5433693293E-02
DelSqRho =  1.4324881042E-01
GradDelSqRho = -2.8548344244E-14 -1.4805864867E-14 -1.3431443457E-13
HessDelSqRho_EigVals = -1.4741615540E+00 -2.3579681834E-01  6.5675347647E-02
HessDelSqRho_EigVec1 =  1.7829505607E-01  1.5939570152E-01  9.7098088721E-01
HessDelSqRho_EigVec2 =  8.5462656254E-01  4.6398207676E-01 -2.3309669890E-01
HessDelSqRho_EigVec3 = -4.8767234039E-01  8.7138604693E-01 -5.3498090080E-02
</CP of DelSqRho>
<CP of DelSqRho>
CP# = 33      
Type = (3,-3)
Coords = -5.80498740433968E+00  1.05275594081769E+00  8.94293252366846E-01
DistFromNuc =  1.5385507475E+00
Rho =  9.2207594201E-02
DelSqRho =  2.8576061493E-01
GradDelSqRho =  6.2574945225E-14  6.7792993441E-15 -3.5436931167E-14
HessDelSqRho_EigVals = -1.7528666463E+00 -2.8205487894E-01 -1.1878090077E-01
HessDelSqRho_EigVec1 =  7.5719108834E-01  3.8132360529E-01 -5.3033382297E-01
HessDelSqRho_EigVec2 =  4.4690901945E-01  2.8969100092E-01  8.4637547951E-01
HessDelSqRho_EigVec3 = -4.7637588528E-01  8.7787893928E-01 -4.8934485732E-02
</CP of DelSqRho>
<CP of DelSqRho>
CP# = 34      
Type = (3,-3)
Coords = -6.39281099354221E+00 -1.17774388892722E+00  1.97988491876781E+00
DistFromNuc =  1.7366569458E+00
Rho =  9.7829620627E-02
DelSqRho =  2.4593840297E-01
GradDelSqRho =  2.0816681712E-17 -8.5893792079E-13  2.9182212202E-13
HessDelSqRho_EigVals = -1.6578624191E+00 -2.2361416304E-01 -1.9083906950E-01
HessDelSqRho_EigVec1 =  3.9252468361E-01  7.8423494966E-01 -4.8052046417E-01
HessDelSqRho_EigVec2 =  4.3722623796E-01  3.0053649723E-01  8.4765029976E-01
HessDelSqRho_EigVec3 =  8.0917092731E-01 -5.4281982054E-01 -2.2492010323E-01
</CP of DelSqRho>
<Path of -GradDelSqRho>
Starting CP# =      2
Ending CP# =     22
Number of Points =     11
 -7.9309987087E+00 -6.4400976048E-02  2.3988897870E+00  2.9458410829E-01 -1.1826515397E+00
 -7.9122178342E+00 -5.4606609045E-02  2.3856101361E+00  2.9482677669E-01 -1.1854692867E+00
 -7.8934368189E+00 -4.4812551271E-02  2.3723304563E+00  2.9531875279E-01 -1.1929529725E+00
 -7.8746556974E+00 -3.5018759393E-02  2.3590507306E+00  2.9603793315E-01 -1.2037517585E+00
 -7.8558745214E+00 -2.5225166303E-02  2.3457709354E+00  2.9696296925E-01 -1.2166384928E+00
 -7.8370933670E+00 -1.5431671194E-02  2.3324910372E+00  2.9807371857E-01 -1.2304879312E+00
 -7.8183123501E+00 -5.6381211291E-03  2.3192109853E+00  2.9935167066E-01 -1.2442509688E+00
 -7.7995316563E+00  4.1557284989E-03  2.3059306972E+00  3.0078036967E-01 -1.2569250078E+00
 -7.7807516225E+00  1.3950315622E-02  2.2926500199E+00  3.0234585744E-01 -1.2675196083E+00
 -7.7619730126E+00  2.3746621494E-02  2.2793685967E+00  3.0403716455E-01 -1.2750151591E+00
 -7.7405072178E+00  3.4958934867E-02  2.2641768426E+00  3.0611609955E-01 -1.2783675944E+00
</Path of -GradDelSqRho>
<Path of -GradDelSqRho>
Starting CP# =      2
Ending CP# =      0
Number of Points =     31
 -7.9309987087E+00 -6.4400976048E-02  2.3988897870E+00  2.9458410829E-01 -1.1826515397E+00
 -7.9497794248E+00 -7.4195668753E-02  2.4121694218E+00  2.9461311047E-01 -1.1859911543E+00
 -7.9685599655E+00 -8.3990707820E-02  2.4254490491E+00  2.9493584865E-01 -1.1971304898E+00
 -7.9873403248E+00 -9.3786095232E-02  2.4387286760E+00  2.9557345877E-01 -1.2178638764E+00
 -8.0061205025E+00 -1.0358182460E-01  2.4520083073E+00  2.9654543112E-01 -1.2501246267E+00
 -8.0249005031E+00 -1.1337788273E-01  2.4652879468E+00  2.9786880884E-01 -1.2959498355E+00
 -8.0436803348E+00 -1.2317425047E-01  2.4785675967E+00  2.9955731321E-01 -1.3574088926E+00
 -8.0624600100E+00 -1.3297090261E-01  2.4918472581E+00  3.0162043147E-01 -1.4364728615E+00
 -8.0812395455E+00 -1.4276780675E-01  2.5051269310E+00  3.0406254340E-01 -1.5347914634E+00
 -8.1000189645E+00 -1.5256492060E-01  2.5184066142E+00  3.0688223031E-01 -1.6533377429E+00
 -8.1187982986E+00 -1.6236218722E-01  2.5316863046E+00  3.1007201232E-01 -1.7918904732E+00
 -8.1375775931E+00 -1.7215952707E-01  2.5449659970E+00  3.1361889858E-01 -1.9483735294E+00
 -8.1563569142E+00 -1.8195682489E-01  2.5582456827E+00  3.1750628927E-01 -2.1181888165E+00
 -8.1751363615E+00 -1.9175390853E-01  2.5715253481E+00  3.2171787572E-01 -2.2938852546E+00
 -8.1939160850E+00 -2.0155051921E-01  2.5848049716E+00  3.2624412668E-01 -2.4657815854E+00
 -8.2126962932E+00 -2.1134629852E-01  2.5980845231E+00  3.3109155217E-01 -2.6244066071E+00
 -8.2314771556E+00 -2.2114095457E-01  2.6113639780E+00  3.3629402337E-01 -2.7656369056E+00
 -8.2502583293E+00 -2.3093507601E-01  2.6246433869E+00  3.4192392500E-01 -2.8989401258E+00
 -8.2690384507E+00 -2.4073100459E-01  2.6379229510E+00  3.4809900568E-01 -3.0579896144E+00
 -8.2878164605E+00 -2.5053055894E-01  2.6512028260E+00  3.5497902385E-01 -3.3111902549E+00
 -8.3065927111E+00 -2.6033313275E-01  2.6644829600E+00  3.6274556642E-01 -3.7678068507E+00
 -8.3253679092E+00 -2.7013751215E-01  2.6777632491E+00  3.7155978316E-01 -4.5741403668E+00
 -8.3441425126E+00 -2.7994291163E-01  2.6910436260E+00  3.8149703339E-01 -5.8942876761E+00
 -8.3629167640E+00 -2.8974891396E-01  2.7043240553E+00  3.9246476180E-01 -7.8721189660E+00
 -8.3816907919E+00 -2.9955529876E-01  2.7176045181E+00  4.0411949599E-01 -1.0576047414E+01
 -8.4004646671E+00 -3.0936194447E-01  2.7308850041E+00  4.1580841530E-01 -1.3936725476E+01
 -8.4192384312E+00 -3.1916877956E-01  2.7441655075E+00  4.2656626791E-01 -1.7698922108E+01
 -8.4380121112E+00 -3.2897575729E-01  2.7574460242E+00  4.3519380154E-01 -2.1416949585E+01
 -8.4567857297E+00 -3.3878283887E-01  2.7707265514E+00  4.4042484566E-01 -2.4518368267E+01
 -8.4755593184E+00 -3.4858996879E-01  2.7840070848E+00  4.4115739977E-01 -2.6436431630E+01
 -8.4887008822E+00 -3.5545486720E-01  2.7933034535E+00  4.3859655094E-01 -2.6851255280E+01
</Path of -GradDelSqRho>
<Path of -GradDelSqRho>
Starting CP# =      3
Ending CP# =     23
Number of Points =     39
 -7.0275092404E+00  6.5190000580E-01  1.6748194533E+00  9.2597271045E+00  2.8027056488E+02
 -7.0353333487E+00  6.7530009920E-01  1.6707921773E+00  7.0098840112E+00  2.6801239188E+02
 -7.0431515352E+00  6.9870156267E-01  1.6667613628E+00  5.3234247360E+00  2.4340174048E+02
 -7.0509657088E+00  7.2210395124E-01  1.6627281384E+00  4.0590265130E+00  2.1248096316E+02
 -7.0587765340E+00  7.4550711005E-01  1.6586928980E+00  3.1129561820E+00  1.7831687244E+02
 -7.0665829896E+00  7.6891127367E-01  1.6546550306E+00  2.4066522353E+00  1.4463064249E+02
 -7.0743830122E+00  7.9231691542E-01  1.6506133015E+00  1.8800050105E+00  1.1445039978E+02
 -7.0821736698E+00  8.1572470516E-01  1.6465659542E+00  1.4873452645E+00  8.9224846841E+01
 -7.0899510839E+00  8.3913552388E-01  1.6425106652E+00  1.1944132713E+00  6.9035345043E+01
 -7.0977103682E+00  8.6255047250E-01  1.6384445078E+00  9.7576062590E-01  5.3220827820E+01
 -7.1054456520E+00  8.8597085874E-01  1.6343639678E+00  8.1255034028E-01  4.0906095926E+01
 -7.1131500721E+00  9.0939818799E-01  1.6302649418E+00  6.9080392562E-01  3.1291579608E+01
 -7.1208155146E+00  9.3283420635E-01  1.6261425865E+00  6.0008524675E-01  2.3751507587E+01
 -7.1284319396E+00  9.5628102715E-01  1.6219909229E+00  5.3255278066E-01  1.7828050068E+01
 -7.1359862597E+00  9.7974133619E-01  1.6178021788E+00  4.8229002868E-01  1.3188581346E+01
 -7.1434607836E+00  1.0032186522E+00  1.6135658864E+00  4.4483048056E-01  9.5823656944E+00
 -7.1508311562E+00  1.0267176220E+00  1.6092677027E+00  4.1681296011E-01  6.8098960450E+00
 -7.1580635904E+00  1.0502443287E+00  1.6048878556E+00  3.9572388650E-01  4.7055229264E+00
 -7.1651110591E+00  1.0738065581E+00  1.6003990607E+00  3.7969942155E-01  3.1292831586E+00
 -7.1719079949E+00  1.0974138803E+00  1.5957637217E+00  3.6737139468E-01  1.9634889776E+00
 -7.1783629123E+00  1.1210772160E+00  1.5909302249E+00  3.5774722921E-01  1.1109836432E+00
 -7.1843482338E+00  1.1448071917E+00  1.5858281925E+00  3.5011738806E-01  4.9348018145E-01
 -7.1896865257E+00  1.1686099033E+00  1.5803627619E+00  3.4398546099E-01  4.9471128801E-02
 -7.1941326045E+00  1.1924775054E+00  1.5744085058E+00  3.3901678244E-01 -2.6824105183E-01
 -7.1973523598E+00  1.2163691701E+00  1.5678049865E+00  3.3500170620E-01 -4.9514768128E-01
 -7.1989039089E+00  1.2401760182E+00  1.5603591043E+00  3.3182908140E-01 -6.5752605508E-01
 -7.1982393248E+00  1.2636655666E+00  1.5518653260E+00  3.2946314785E-01 -7.7464170221E-01
 -7.1947675146E+00  1.2864196334E+00  1.5421601601E+00  3.2791259975E-01 -8.6054464515E-01
 -7.1880239272E+00  1.3078289112E+00  1.5312127904E+00  3.2717996260E-01 -9.2538669036E-01
 -7.1779029841E+00  1.3272392297E+00  1.5191957793E+00  3.2720027102E-01 -9.7627096685E-01
 -7.1647512532E+00  1.3442153947E+00  1.5064421018E+00  3.2781479953E-01 -1.0178213093E+00
 -7.1491949775E+00  1.3586902229E+00  1.4933031868E+00  3.2880916148E-01 -1.0527417604E+00
 -7.1318770886E+00  1.3708815668E+00  1.4800402733E+00  3.2997470102E-01 -1.0824323342E+00
 -7.1133105814E+00  1.3811200888E+00  1.4668076606E+00  3.3114308655E-01 -1.1075244562E+00
 -7.0938573397E+00  1.3897284294E+00  1.4536837788E+00  3.3219065369E-01 -1.1282438232E+00
 -7.0737579186E+00  1.3969683492E+00  1.4407054645E+00  3.3303006849E-01 -1.1446201508E+00
 -7.0531644903E+00  1.4030205163E+00  1.4278930637E+00  3.3360102595E-01 -1.1565998445E+00
 -7.0321580643E+00  1.4079539360E+00  1.4152729706E+00  3.3386455495E-01 -1.1641056666E+00
 -7.0074457598E+00  1.4117699997E+00  1.4012169979E+00  3.3378422122E-01 -1.1671198873E+00
</Path of -GradDelSqRho>
<Path of -GradDelSqRho>
Starting CP# =      3
Ending CP# =      1
Number of Points =      9
 -7.0275092404E+00  6.5190000580E-01  1.6748194533E+00  9.2597271045E+00  2.8027056488E+02
 -7.0196794088E+00  6.2850124047E-01  1.6788433214E+00  1.2271701247E+01  2.4973734879E+02
 -7.0118456054E+00  6.0510339891E-01  1.6828648304E+00  1.6323104275E+01  7.4300901894E+01
 -7.0040097765E+00  5.8170602926E-01  1.6868851386E+00  2.1776245409E+01 -4.4330217878E+02
 -6.9961729756E+00  5.5830888617E-01  1.6909048708E+00  2.9082547680E+01 -1.4946870912E+03
 -6.9883353003E+00  5.3491194743E-01  1.6949240876E+00  3.8896243015E+01 -3.5586898872E+03
 -6.9804963874E+00  5.1151529896E-01  1.6989425804E+00  5.2241203208E+01 -9.5666696388E+03
 -6.9726568444E+00  4.8811879850E-01  1.7029607058E+00  7.0136718743E+01 -2.2978606229E+04
 -6.9573377024E+00  4.4240605370E-01  1.7108104175E+00  1.2109800807E+02 -7.4590981274E+05
</Path of -GradDelSqRho>
<Path of -GradDelSqRho>
Starting CP# =      7
Ending CP# =      1
Number of Points =      9
 -6.8206925729E+00  2.6541763392E-01  1.7002051218E+00  9.2589388047E+00  2.8028329739E+02
 -6.8359592664E+00  2.8517906135E-01  1.7013942611E+00  1.2270850464E+01  2.4975662896E+02
 -6.8512226533E+00  3.0494320079E-01  1.7025807741E+00  1.6322118605E+01  7.4353393040E+01
 -6.8664843556E+00  3.2470872114E-01  1.7037659519E+00  2.1775034331E+01 -4.4317734431E+02
 -6.8817452490E+00  3.4447490449E-01  1.7049504888E+00  2.9080995158E+01 -1.4944587842E+03
 -6.8970054190E+00  3.6424168051E-01  1.7061344558E+00  3.8894167491E+01 -3.5581291550E+03
 -6.9122645760E+00  3.8400928597E-01  1.7073176306E+00  5.2238364640E+01 -9.5648980370E+03
 -6.9275232190E+00  4.0377731215E-01  1.7085004047E+00  7.0132866306E+01 -2.2974805105E+04
 -6.9573377024E+00  4.4240605370E-01  1.7108104175E+00  1.2109800807E+02 -7.4590981274E+05
</Path of -GradDelSqRho>
<Path of -GradDelSqRho>
Starting CP# =      7
Ending CP# =     24
Number of Points =     40
 -6.8206925729E+00  2.6541763392E-01  1.7002051218E+00  9.2589388047E+00  2.8028329739E+02
 -6.8054211058E+00  2.4566012454E-01  1.6990121803E+00  7.0091035598E+00  2.6802731104E+02
 -6.7901446861E+00  2.2590668368E-01  1.6978152796E+00  5.3226114049E+00  2.4341961735E+02
 -6.7748648959E+00  2.0615601408E-01  1.6966156711E+00  4.0581487082E+00  2.1250118815E+02
 -6.7595822859E+00  1.8640766443E-01  1.6954137913E+00  3.1119880823E+00  1.7833929863E+02
 -6.7442960011E+00  1.6666233933E-01  1.6942089555E+00  2.4055719435E+00  1.4465550319E+02
 -6.7290043140E+00  1.4692146322E-01  1.6929997784E+00  1.8787936103E+00  1.1447798743E+02
 -6.7137047702E+00  1.2718706367E-01  1.6917842879E+00  1.4859863051E+00  8.9255380789E+01
 -6.6983941256E+00  1.0746182765E-01  1.6905598732E+00  1.1928924485E+00  6.9068964116E+01
 -6.6830683000E+00  8.7749147511E-02  1.6893232436E+00  9.7406556809E-01  5.3257602965E+01
 -6.6677224048E+00  6.8053109902E-02  1.6880704459E+00  8.1067045786E-01  4.0946026418E+01
 -6.6523507479E+00  4.8378507405E-02  1.6867968616E+00  6.8873028999E-01  3.1334579611E+01
 -6.6369466345E+00  2.8731026896E-02  1.6854970375E+00  5.9781047703E-01  2.3797398328E+01
 -6.6215018312E+00  9.1177330324E-03  1.6841642396E+00  5.3007092979E-01  1.7876565938E+01
 -6.6060056796E+00 -1.0452123865E-02  1.6827897122E+00  4.7959647533E-01  1.3239389620E+01
 -6.5904438896E+00 -2.9965971430E-02  1.6813616568E+00  4.4192184454E-01  9.6350944354E+00
 -6.5747969920E+00 -4.9406377871E-02  1.6798638933E+00  4.1368706804E-01  6.8641634932E+00
 -6.5590383452E+00 -6.8748927241E-02  1.6782740869E+00  3.9237982326E-01  4.7609628324E+00
 -6.5431315465E+00 -8.7959191207E-02  1.6765613504E+00  3.7613771294E-01  3.1855627561E+00
 -6.5270271061E+00 -1.0698831788E-01  1.6746829864E+00  3.6359438058E-01  2.0203183742E+00
 -6.5106583416E+00 -1.2576651927E-01  1.6725800979E+00  3.5375970885E-01  1.1681168751E+00
 -6.4939367171E+00 -1.4419337586E-01  1.6701718138E+00  3.4592765260E-01  5.5070886553E-01
 -6.4767474771E+00 -1.6212336132E-01  1.6673480263E+00  3.3960687723E-01  1.0661165832E-01
 -6.4589477857E+00 -1.7934443715E-01  1.6639610597E+00  3.3447014072E-01 -2.1136626180E-01
 -6.4403724053E+00 -1.9554769101E-01  1.6598182102E+00  3.3031852672E-01 -4.3873494164E-01
 -6.4208570848E+00 -2.1028947782E-01  1.6546809917E+00  3.2705574664E-01 -6.0182095902E-01
 -6.4002958405E+00 -2.2296155573E-01  1.6482848898E+00  3.2466453163E-01 -7.1997212547E-01
 -6.3787419164E+00 -2.3281855161E-01  1.6404017209E+00  3.2317135587E-01 -8.0734362389E-01
 -6.3565102648E+00 -2.3914268764E-01  1.6309499943E+00  3.2258635903E-01 -8.7418145315E-01
 -6.3341548258E+00 -2.4154062686E-01  1.6200851229E+00  3.2283465769E-01 -9.2762578981E-01
 -6.3122556685E+00 -2.4014157043E-01  1.6081560605E+00  3.2373641271E-01 -9.7226719292E-01
 -6.2911953076E+00 -2.3548257874E-01  1.5955486850E+00  3.2505878569E-01 -1.0107415373E+00
 -6.2711134860E+00 -2.2822743663E-01  1.5825654231E+00  3.2658278136E-01 -1.0443841501E+00
 -6.2519909198E+00 -2.1896951829E-01  1.5694013608E+00  3.2813510216E-01 -1.0737764701E+00
 -6.2337405753E+00 -2.0816864014E-01  1.5561704525E+00  3.2958903156E-01 -1.0991037922E+00
 -6.2162626294E+00 -1.9615802004E-01  1.5429369333E+00  3.3085430923E-01 -1.1203581353E+00
 -6.1994708726E+00 -1.8316864848E-01  1.5297380036E+00  3.3186693380E-01 -1.1374467723E+00
 -6.1833072284E+00 -1.6934771658E-01  1.5165989027E+00  3.3258192953E-01 -1.1502500644E+00
 -6.1677623381E+00 -1.5475641297E-01  1.5035464958E+00  3.3296965084E-01 -1.1586531652E+00
 -6.1479824678E+00 -1.3325999355E-01  1.4861243246E+00  3.3296865136E-01 -1.1628616581E+00
</Path of -GradDelSqRho>
<Path of -GradDelSqRho>
Starting CP# =      8
Ending CP# =      1
Number of Points =      9
 -7.1236721950E+00  3.5101615793E-01  1.8295723472E+00  9.2558871765E+00  2.8001593319E+02
 -7.1050982252E+00  3.6122085615E-01  1.8163106813E+00  1.2267337863E+01  2.4952474113E+02
 -7.0865243653E+00  3.7142579622E-01  1.8030490476E+00  1.6317724929E+01  7.4310996932E+01
 -7.0679505567E+00  3.8163085318E-01  1.7897874322E+00  2.1769187352E+01 -4.4279738944E+02
 -7.0493767721E+00  3.9183596574E-01  1.7765258257E+00  2.9072904737E+01 -1.4934670262E+03
 -7.0308030027E+00  4.0204111897E-01  1.7632642294E+00  3.8882546744E+01 -3.5550126496E+03
 -7.0122292411E+00  4.1224631024E-01  1.7500026514E+00  5.2221466666E+01 -9.5538168002E+03
 -6.9936554807E+00  4.2245151700E-01  1.7367410837E+00  7.0108790251E+01 -2.2950257139E+04
 -6.9573377024E+00  4.4240605370E-01  1.7108104175E+00  1.2109800807E+02 -7.4590981274E+05
</Path of -GradDelSqRho>
<Path of -GradDelSqRho>
Starting CP# =      8
Ending CP# =     22
Number of Points =     33
 -7.1236721950E+00  3.5101615793E-01  1.8295723472E+00  9.2558871765E+00  2.8001593319E+02
 -7.1422463404E+00  3.4081183102E-01  1.8428340526E+00  7.0062290528E+00  2.6776995299E+02
 -7.1608206906E+00  3.3060791759E-01  1.8560957896E+00  5.3197334730E+00  2.4317316059E+02
 -7.1793951996E+00  3.2040430971E-01  1.8693575391E+00  4.0551557709E+00  2.1226122824E+02
 -7.1979698484E+00  3.1020096485E-01  1.8826192953E+00  3.1088138951E+00  1.7810537295E+02
 -7.2165446708E+00  2.9999795158E-01  1.8958810634E+00  2.4021823838E+00  1.4442928430E+02
 -7.2351197393E+00  2.8979541386E-01  1.9091428526E+00  1.8751794306E+00  1.1426083547E+02
 -7.2536951602E+00  2.7959356059E-01  1.9224046748E+00  1.4821584299E+00  8.9047478124E+01
 -7.2722710774E+00  2.6939267208E-01  1.9356665440E+00  1.1888782447E+00  6.8869382536E+01
 -7.2908476759E+00  2.5919310687E-01  1.9489284766E+00  9.6990555380E-01  5.3064584920E+01
 -7.3094251840E+00  2.4899530456E-01  1.9621904909E+00  8.0641528009E-01  4.0757233446E+01
 -7.3280038771E+00  2.3879979239E-01  1.9754526057E+00  6.8443789733E-01  3.1147309671E+01
 -7.3465840917E+00  2.2860721087E-01  1.9887148420E+00  5.9354342661E-01  2.3608807523E+01
 -7.3651662544E+00  2.1841837086E-01  2.0019772235E+00  5.2589378118E-01  1.7683893232E+01
 -7.3837509311E+00  2.0823434601E-01  2.0152397808E+00  4.7557323595E-01  1.3040155416E+01
 -7.4023388933E+00  1.9805660209E-01  2.0285025552E+00  4.3811342549E-01  9.4272425917E+00
 -7.4209312089E+00  1.8788717045E-01  2.0417656036E+00  4.1014866579E-01  6.6461322128E+00
