 AIMInt (Version 19.10.12, Professional)
 Portions Copyright (c) 1997-2019 by Todd A. Keith
 AIMInt is a component of the AIMAll package ( http://aim.tkgristmill.com )

 TP:  64-bit Mac OS X

 AIMInt is a heavily modified and extended version of the PROAIMV program
 developed by members of R.F.W. Bader's research group

 Much of the Quantum Theory of Atoms in Molecules (QTAIM) is described in the book:
   "Atoms in Molecules - A Quantum Theory"
   R.F.W. Bader, Oxford University Press, Oxford, 1990

 For additional references see:  http://aim.tkgristmill.com/references.html

 Current Directory:  /Users/chemlab/Documents/SubstituentCoding/New Reorientation Test

 Inp File:  SubC6H5_OPH2O-ReorPosY-B3LYP-def2-TZVPPD-Field_atomicfiles/c13.inp
 Wfx File:  SubC6H5_OPH2O-ReorPosY-B3LYP-def2-TZVPPD-Field.wfx
 Out File:  SubC6H5_OPH2O-ReorPosY-B3LYP-def2-TZVPPD-Field_atomicfiles/c13.int

 Wfx Title:   SubC6H5_OPH2O-ReorPosY-B3LYP-def2-TZVPPD-Field.chk                            
 Job Title:   SubC6H5_OPH2O-ReorPosY-B3LYP-def2-TZVPPD-Field.chk                            
 
<Atom>
C13     
</Atom>
<Nuclei of Molecule>
    16
O1         8.0           0.0000000000E+00   0.0000000000E+00   0.0000000000E+00
C2         6.0          -2.6356814912E+00   0.0000000000E+00   0.0000000000E+00
P3        15.0           1.7126853449E+00   2.5113700864E+00   0.0000000000E+00
H4         1.0           4.0315829194E+00   1.3415413108E+00  -5.2816901981E-01
H5         1.0           9.9489081698E-01   3.7046189105E+00  -2.2698190616E+00
O6         8.0           1.6593574865E+00   4.1711117347E+00   2.2252373228E+00
C7         6.0          -3.8192678216E+00  -1.7320510999E+00  -1.5765588355E+00
C8         6.0          -4.0192679392E+00   1.5947777952E+00   1.5620093276E+00
C9         6.0          -6.4408587818E+00  -1.8604937531E+00  -1.5981954586E+00
H10        1.0          -2.6832853621E+00  -2.9561155908E+00  -2.7532592312E+00
C11        6.0          -6.6444764375E+00   1.4520630062E+00   1.5059258036E+00
H12        1.0          -3.0560966605E+00   2.9023225804E+00   2.7998521980E+00
C13        6.0          -7.8608549151E+00  -2.6698365554E-01  -6.3064843896E-02
H14        1.0          -7.3721211709E+00  -3.2086313682E+00  -2.8206281540E+00
H15        1.0          -7.7353379447E+00   2.6892991482E+00   2.7134392723E+00
H16        1.0          -9.9016539083E+00  -3.7080585530E-01  -8.5601106520E-02
</Nuclei of Molecule>
<Total Number of CPs of DelSqRho>
    34
</Total Number of CPs of DelSqRho>
<Number of (3,+3) CPs of DelSqRho>
     4
</Number of (3,+3) CPs of DelSqRho>
<Number of (3,+1) CPs of DelSqRho>
    14
</Number of (3,+1) CPs of DelSqRho>
<Number of (3,-1) CPs of DelSqRho>
    11
</Number of (3,-1) CPs of DelSqRho>
<Number of (3,-3) CPs of DelSqRho>
     5
</Number of (3,-3) CPs of DelSqRho>
<Number of Degenerate CPs of DelSqRho>
     0
</Number of Degenerate CPs of DelSqRho>
<CP of DelSqRho>
CP# = 1       
Type = (3,+3)
Coords = -7.86085493161928E+00 -2.66983658475686E-01 -6.30648463540656E-02
DistFromNuc =  1.6993220914E-08
Rho =  1.2205823019E+02
DelSqRho = -9.6823414826E+05
GradDelSqRho = -9.3539401860E-06 -6.5920448833E-07  8.3068698586E-08
HessDelSqRho_EigVals =  3.3372236240E+10  3.3372239851E+10  3.3372241188E+10
HessDelSqRho_EigVec1 =  2.4946270009E-02 -6.8201401331E-01  7.3091351695E-01
HessDelSqRho_EigVec2 =  9.9899978242E-01  4.4148030565E-02  7.0983188489E-03
HessDelSqRho_EigVec3 = -3.7109545213E-02  7.3000536782E-01  6.8243317959E-01
</CP of DelSqRho>
<CP of DelSqRho>
CP# = 2       
Type = (3,+1)
Coords = -9.12754981324067E+00 -3.31529655489066E-01 -7.72134137140413E-02
DistFromNuc =  1.2684172552E+00
Rho =  2.9250147947E-01
DelSqRho = -1.0938399536E+00
GradDelSqRho = -4.5935477644E-15 -4.0939474033E-16 -1.1102230246E-16
HessDelSqRho_EigVals = -9.5111435753E+00  7.8140532943E+00  8.2459416545E+00
HessDelSqRho_EigVec1 =  9.9865347991E-01  5.0722400070E-02  1.0884171384E-02
HessDelSqRho_EigVec2 =  2.6660425766E-02 -6.8178187977E-01  7.3106955218E-01
HessDelSqRho_EigVec3 = -4.4502233130E-02  7.2979497570E-01  6.8221612755E-01
</CP of DelSqRho>
<CP of DelSqRho>
CP# = 3       
Type = (3,+1)
Coords = -5.23381329225787E+00 -1.35633023010352E-01 -2.69285033378485E-02
DistFromNuc =  2.6305715181E+00
Rho =  2.3614832257E-02
DelSqRho =  1.4583099383E-01
GradDelSqRho =  5.9723927193E-14  3.6731902242E-14 -2.8129408525E-14
HessDelSqRho_EigVals = -1.3763193798E-01  3.7228944284E-01  3.8930725872E-01
HessDelSqRho_EigVec1 =  2.5590657448E-02 -6.8387757911E-01  7.2914784170E-01
HessDelSqRho_EigVec2 =  8.7162173991E-02  7.2813535628E-01  6.7986885379E-01
HessDelSqRho_EigVec3 =  9.9586538934E-01 -4.6155820096E-02 -7.8241719016E-02
</CP of DelSqRho>
<CP of DelSqRho>
CP# = 4       
Type = (3,-1)
Coords = -7.62319900089693E+00 -2.54368349178844E-01 -6.00323475772972E-02
DistFromNuc =  2.3800982233E-01
Rho =  7.8914489916E+00
DelSqRho =  2.9014942158E+02
GradDelSqRho = -4.4764192353E-12  2.8066438063E-13  9.5923269328E-14
HessDelSqRho_EigVals = -7.4027708812E+04 -4.8106487577E+01  7.3877793633E+01
HessDelSqRho_EigVec1 =  9.9851197994E-01  5.3019504096E-02  1.2757668068E-02
HessDelSqRho_EigVec2 = -4.7376395638E-02  7.2754987193E-01  6.8441702272E-01
HessDelSqRho_EigVec3 =  2.7005611370E-02 -6.8400300879E-01  7.2897913613E-01
</CP of DelSqRho>
<CP of DelSqRho>
CP# = 5       
Type = (3,-3)
Coords = -7.84370745449766E+00 -4.28017009910149E-01  1.11177395589245E-01
DistFromNuc =  2.3787840306E-01
Rho =  7.8739232198E+00
DelSqRho =  2.9230133042E+02
GradDelSqRho =  6.8922645369E-13 -8.6863849447E-13  2.1955770535E-12
HessDelSqRho_EigVals = -7.4221954933E+04 -1.0570384808E+02 -9.5069602686E+01
HessDelSqRho_EigVec1 =  7.2212930371E-02 -6.7693002255E-01  7.3249644181E-01
HessDelSqRho_EigVec2 =  9.0672728050E-03  7.3482903219E-01  6.7819177082E-01
HessDelSqRho_EigVec3 =  9.9734802213E-01  4.2332470058E-02 -5.9202066921E-02
</CP of DelSqRho>
<CP of DelSqRho>
CP# = 6       
Type = (3,+1)
Coords = -7.80885839320570E+00 -9.66087763165490E-02  9.48069691504529E-02
DistFromNuc =  2.3802257689E-01
Rho =  7.9004557525E+00
DelSqRho =  2.8933199498E+02
GradDelSqRho = -3.8617997689E-12 -1.5738521597E-12  4.2699177527E-12
HessDelSqRho_EigVals = -7.4025190525E+04  2.8162252849E+01  1.0795741420E+02
HessDelSqRho_EigVec1 =  2.1872755126E-01  7.1575185030E-01  6.6321757147E-01
HessDelSqRho_EigVec2 =  9.7542266238E-01 -1.4183442331E-01 -1.6862273299E-01
HessDelSqRho_EigVec3 =  2.6624951356E-02 -6.8379988678E-01  7.2918367152E-01
</CP of DelSqRho>
<CP of DelSqRho>
CP# = 7       
Type = (3,-3)
Coords = -7.85613279897177E+00 -1.02824196165570E-01 -2.35157812699674E-01
DistFromNuc =  2.3787941566E-01
Rho =  7.8738967563E+00
DelSqRho =  2.9229377624E+02
GradDelSqRho = -9.9475983006E-14 -2.9061197893E-12 -4.7251091928E-13
HessDelSqRho_EigVals = -7.4220983718E+04 -1.0559616466E+02 -9.4898563669E+01
HessDelSqRho_EigVec1 = -1.9979408267E-02 -6.9011299571E-01  7.2342579191E-01
HessDelSqRho_EigVec2 =  1.6428356791E-02  7.2324592899E-01  6.9039512983E-01
HessDelSqRho_EigVec3 =  9.9966541019E-01 -2.5678383186E-02  3.1126031734E-03
</CP of DelSqRho>
<CP of DelSqRho>
CP# = 8       
Type = (3,+1)
Coords = -8.09804493110377E+00 -2.85313997263029E-01 -7.19183602243939E-02
DistFromNuc =  2.3806194549E-01
Rho =  7.8979633700E+00
DelSqRho =  2.8894105846E+02
GradDelSqRho = -9.1269214408E-12 -1.9184653866E-12 -4.5297099405E-14
HessDelSqRho_EigVals = -7.3983931028E+04  3.2478408168E+01  1.2025283986E+02
HessDelSqRho_EigVec1 =  9.9634154871E-01  7.6961948219E-02  3.7153423031E-02
HessDelSqRho_EigVec2 = -8.1497605922E-02  7.2479871324E-01  6.8412350165E-01
HessDelSqRho_EigVec3 =  2.5722724304E-02 -6.8464858417E-01  7.2841928698E-01
</CP of DelSqRho>
<CP of DelSqRho>
CP# = 9       
Type = (3,+1)
Coords = -7.79930396687012E+00 -4.33407689692134E-01 -2.21737463628626E-01
DistFromNuc =  2.3803881746E-01
Rho =  7.8994531858E+00
DelSqRho =  2.8927098613E+02
GradDelSqRho = -3.4710012642E-12  6.0111915445E-12  4.8316906032E-13
HessDelSqRho_EigVals = -7.4009336639E+04  2.5498578776E+01  1.0842928759E+02
HessDelSqRho_EigVec1 = -2.5888463396E-01  6.9908135545E-01  6.6653132317E-01
HessDelSqRho_EigVec2 =  9.6556445359E-01  2.0571203320E-01  1.5927286451E-01
HessDelSqRho_EigVec3 =  2.5768823674E-02 -6.8481225008E-01  7.2826379140E-01
</CP of DelSqRho>
<CP of DelSqRho>
CP# = 10      
Type = (3,-1)
Coords = -7.96567758315847E+00 -1.12962236604969E-01  8.51422525117240E-02
DistFromNuc =  2.3806665592E-01
Rho =  7.8922139961E+00
DelSqRho =  2.8945634921E+02
GradDelSqRho =  1.5045742430E-12 -5.7411853049E-12  1.7088552795E-12
HessDelSqRho_EigVals = -7.3960817597E+04 -2.5152719579E+01  9.6023410097E+01
HessDelSqRho_EigVec1 = -4.4016172128E-01  6.4702127075E-01  6.2259226973E-01
HessDelSqRho_EigVec2 =  8.9753729052E-01  3.3723926540E-01  2.8407127627E-01
HessDelSqRho_EigVec3 = -2.6162401531E-02  6.8383708080E-01 -7.2916553379E-01
</CP of DelSqRho>
<CP of DelSqRho>
CP# = 11      
Type = (3,-1)
Coords = -7.94456440751788E+00 -4.30815686282020E-01 -2.14174303505101E-01
DistFromNuc =  2.3808041122E-01
Rho =  7.8920022014E+00
DelSqRho =  2.8936345255E+02
GradDelSqRho =  4.9027448767E-13 -5.5422333389E-13 -8.3630879999E-12
HessDelSqRho_EigVals = -7.3948112154E+04 -2.2060496835E+01  9.8221365213E+01
HessDelSqRho_EigVec1 =  3.5145781555E-01  6.8817436511E-01  6.3473888103E-01
HessDelSqRho_EigVec2 =  9.3585033862E-01 -2.3962158479E-01 -2.5839047932E-01
HessDelSqRho_EigVec3 =  2.5720567459E-02 -6.8483395017E-01  7.2824509137E-01
</CP of DelSqRho>
<CP of DelSqRho>
CP# = 12      
Type = (3,-1)
Coords = -6.91104830084001E+00 -2.19703032263397E-01 -5.32905893645392E-02
DistFromNuc =  9.5103291100E-01
Rho =  2.2096121028E-01
DelSqRho =  3.3510750627E-02
GradDelSqRho = -3.9968028887E-15 -1.2212453271E-15 -1.6653345369E-16
HessDelSqRho_EigVals = -4.9411617816E+00 -8.9821005643E-01  2.3396177596E+01
HessDelSqRho_EigVec1 = -4.3772869290E-02  7.2895959825E-01  6.8315579485E-01
HessDelSqRho_EigVec2 =  2.6346847564E-02 -6.8273108275E-01  7.3019457152E-01
HessDelSqRho_EigVec3 =  9.9869403700E-01  4.9961713124E-02  1.0679311030E-02
</CP of DelSqRho>
<CP of DelSqRho>
CP# = 13      
Type = (3,+3)
Coords = -8.81299732071339E+00 -3.15589513529133E-01 -7.38549578889757E-02
DistFromNuc =  9.5344329492E-01
Rho =  3.1467442900E-01
DelSqRho = -1.3143699210E+00
GradDelSqRho =  2.5981439222E-12  1.3156142842E-13  2.7894353494E-14
HessDelSqRho_EigVals =  7.7663245710E+00  8.7023006143E+00  2.4730347538E+01
HessDelSqRho_EigVec1 =  2.6381352088E-02 -6.8146324109E-01  7.3137669863E-01
HessDelSqRho_EigVec2 = -4.5440447440E-02  7.3005758235E-01  6.8187322296E-01
HessDelSqRho_EigVec3 =  9.9861864092E-01  5.1222822008E-02  1.1706088465E-02
</CP of DelSqRho>
<CP of DelSqRho>
CP# = 14      
Type = (3,+1)
Coords = -8.30393045444976E+00  5.86550867064831E-01 -1.29466045212600E-01
DistFromNuc =  9.6397418763E-01
Rho =  1.9477524977E-01
DelSqRho = -6.0625564293E-02
GradDelSqRho =  4.0939474033E-16  5.8841820305E-15  5.6898930012E-16
HessDelSqRho_EigVals = -2.7422032224E+00  3.0850296924E-01  1.9839649763E+01
HessDelSqRho_EigVec1 =  8.5138825705E-01  4.6706708491E-01  2.3871818938E-01
HessDelSqRho_EigVec2 = -2.2344334450E-01 -8.8804983860E-02  9.7066304485E-01
HessDelSqRho_EigVec3 = -4.7456412375E-01  8.7975110857E-01 -2.8755511135E-02
</CP of DelSqRho>
<CP of DelSqRho>
CP# = 15      
Type = (3,+1)
Coords = -8.21863827512703E+00 -1.16056422852301E+00 -2.06230076720761E-02
DistFromNuc =  9.6348143864E-01
Rho =  1.9544230538E-01
DelSqRho = -5.9675093110E-02
GradDelSqRho =  9.9920072216E-16  4.4408920985E-16  2.2204460493E-16
HessDelSqRho_EigVals = -2.7940505168E+00  2.9628400425E-01  1.9964477237E+01
HessDelSqRho_EigVec1 =  8.9899327991E-01 -3.7657740492E-01 -2.2360800695E-01
HessDelSqRho_EigVec2 =  2.0766787862E-01 -8.2991049889E-02  9.7467252851E-01
HessDelSqRho_EigVec3 =  3.8559711469E-01  9.2266025369E-01 -3.5946346711E-03
</CP of DelSqRho>
<CP of DelSqRho>
CP# = 16      
Type = (3,+1)
Coords = -8.27080791439988E+00 -2.89020160299697E-01  8.08769017085801E-01
DistFromNuc =  9.6366039161E-01
Rho =  1.9510318928E-01
DelSqRho = -6.1197278064E-02
GradDelSqRho = -6.3893335067E-14  7.4940054162E-16  1.2778667013E-13
HessDelSqRho_EigVals = -2.7571921799E+00  3.1254402739E-01  1.9927235475E+01
HessDelSqRho_EigVec1 =  8.5784438199E-01  3.0018913255E-01  4.1712048738E-01
HessDelSqRho_EigVec2 = -2.6251254289E-01  9.5374255088E-01 -1.4650020977E-01
HessDelSqRho_EigVec3 = -4.4180332855E-01  1.6175022080E-02  8.9696610167E-01
</CP of DelSqRho>
<CP of DelSqRho>
CP# = 17      
Type = (3,+1)
Coords = -8.25165081114927E+00 -2.96174320858831E-01 -9.43176013505662E-01
DistFromNuc =  9.6341538197E-01
Rho =  1.9538393092E-01
DelSqRho = -6.0730959877E-02
GradDelSqRho = -1.0180745136E-13  3.2196467714E-14 -2.2293278334E-13
HessDelSqRho_EigVals = -2.7803444567E+00  3.0053836955E-01  1.9981416511E+01
HessDelSqRho_EigVec1 = -8.9284091340E-01  2.1553766646E-01  3.9544736399E-01
HessDelSqRho_EigVec2 =  1.6720154540E-01  9.7392701959E-01 -1.5332907009E-01
HessDelSqRho_EigVec3 =  4.1818506259E-01  7.0779056612E-02  9.0560012068E-01
</CP of DelSqRho>
<CP of DelSqRho>
CP# = 18      
Type = (3,-1)
Coords = -8.37183728028124E+00  3.08702276325082E-01  4.89311345058259E-01
DistFromNuc =  9.4743692341E-01
Rho =  2.1677087584E-01
DelSqRho = -3.1625783711E-02
GradDelSqRho = -5.4023452378E-12  5.4202198285E-12  5.7890359173E-12
HessDelSqRho_EigVals = -4.5744062652E+00 -2.9409619581E-01  2.4448585080E+01
HessDelSqRho_EigVec1 =  8.4472414923E-01  4.0616506562E-01  3.4852697338E-01
HessDelSqRho_EigVec2 =  2.5271067261E-02 -6.8074967667E-01  7.3208008501E-01
HessDelSqRho_EigVec3 = -5.3460498021E-01  6.0959807840E-01  5.8530991616E-01
</CP of DelSqRho>
<CP of DelSqRho>
CP# = 19      
Type = (3,-1)
Coords = -8.03403881020335E+00 -9.45383345761252E-01  6.37392120417364E-01
DistFromNuc =  9.9038313802E-01
Rho =  1.6545839441E-01
DelSqRho = -2.0808327985E-02
GradDelSqRho =  1.3739009930E-15  4.4686476741E-15 -1.5315873569E-14
HessDelSqRho_EigVals = -9.6563227626E-01 -4.3210724722E-01  1.3740736061E+01
HessDelSqRho_EigVec1 =  9.8100543945E-01 -1.1280526218E-01  1.5780779634E-01
HessDelSqRho_EigVec2 = -2.8442760073E-02  7.2108406923E-01  6.9226351522E-01
HessDelSqRho_EigVec3 =  1.9188365527E-01  6.8360276326E-01 -7.0417890121E-01
</CP of DelSqRho>
<CP of DelSqRho>
CP# = 20      
Type = (3,-1)
Coords = -8.08484976664811E+00  3.82115431790367E-01 -7.76742340068327E-01
DistFromNuc =  9.9037310507E-01
Rho =  1.6540336095E-01
DelSqRho = -2.1320591195E-02
GradDelSqRho =  5.9674487574E-16  2.2204460493E-16 -2.0122792321E-15
HessDelSqRho_EigVals = -9.6101814639E-01 -4.3174799665E-01  1.3745054292E+01
HessDelSqRho_EigVec1 =  9.6918282447E-01  1.9416133070E-01 -1.5161144553E-01
HessDelSqRho_EigVec2 = -4.0652156383E-02  7.3307050743E-01  6.7893669315E-01
HessDelSqRho_EigVec3 =  2.4296513111E-01 -6.5185044971E-01  7.1837242171E-01
</CP of DelSqRho>
<CP of DelSqRho>
CP# = 21      
Type = (3,-1)
Coords = -8.29812870957473E+00 -8.91186367154921E-01 -6.25809803280746E-01
DistFromNuc =  9.4737494471E-01
Rho =  2.1677804097E-01
DelSqRho = -3.3438251693E-02
GradDelSqRho =  8.8817841970E-16  3.1086244690E-15  8.8817841970E-16
HessDelSqRho_EigVals = -4.5680728260E+00 -2.7715708440E-01  2.4482014704E+01
HessDelSqRho_EigVec1 =  8.8902470369E-01 -3.1856674479E-01 -3.2886213728E-01
HessDelSqRho_EigVec2 =  2.7264675959E-02 -6.8015161017E-01  7.3256428020E-01
HessDelSqRho_EigVec3 =  4.5704673029E-01  6.6023406175E-01  5.9598596463E-01
</CP of DelSqRho>
<CP of DelSqRho>
CP# = 22      
Type = (3,+1)
Coords = -7.29677898194616E+00 -7.86685946501647E-01  5.23863053966763E-01
DistFromNuc =  9.6579319051E-01
Rho =  1.9570418108E-01
DelSqRho = -1.1512708466E-01
GradDelSqRho = -1.2212453271E-15  1.3322676296E-15  1.6653345369E-15
HessDelSqRho_EigVals = -2.1691510784E+00  7.5215419730E-01  2.0244873473E+01
HessDelSqRho_EigVec1 = -4.5211269717E-02  7.2609106626E-01  6.8611056295E-01
HessDelSqRho_EigVec2 = -7.8745093387E-01 -4.4853068242E-01  4.2277801939E-01
HessDelSqRho_EigVec3 =  6.1471698191E-01 -5.2116407246E-01  5.9203972986E-01
</CP of DelSqRho>
<CP of DelSqRho>
CP# = 23      
Type = (3,+1)
Coords = -7.33932429858945E+00  3.03894064197246E-01 -6.41938877553738E-01
DistFromNuc =  9.6591443806E-01
Rho =  1.9544781037E-01
DelSqRho = -1.1492491900E-01
GradDelSqRho = -2.6922908347E-15 -3.3306690739E-15  2.7755575616E-15
HessDelSqRho_EigVals = -2.1590854728E+00  7.4882609512E-01  2.0205167238E+01
HessDelSqRho_EigVec1 = -4.4676079778E-02  7.3112316762E-01  6.8078114080E-01
HessDelSqRho_EigVec2 = -8.1921453463E-01  3.6319910263E-01 -4.4381748287E-01
HessDelSqRho_EigVec3 =  5.7174434334E-01  5.7753383072E-01 -5.8272041343E-01
</CP of DelSqRho>
<CP of DelSqRho>
CP# = 24      
Type = (3,+3)
Coords = -7.35903324317846E+00 -8.39651341911479E-01 -6.15397115255085E-01
DistFromNuc =  9.4066157962E-01
Rho =  3.3998552834E-01
DelSqRho = -1.2591789558E+00
GradDelSqRho = -2.3048229991E-13  3.3306690739E-13  1.5476508963E-13
HessDelSqRho_EigVals =  5.2226055345E+00  8.0577584883E+00  3.0382249052E+01
HessDelSqRho_EigVec1 = -2.6646346542E-02  6.8218559914E-01 -7.3069335602E-01
HessDelSqRho_EigVec2 =  8.4949202028E-01  4.0074930139E-01  3.4316658479E-01
HessDelSqRho_EigVec3 = -5.2692815421E-01  6.1157403947E-01  5.9018972758E-01
</CP of DelSqRho>
<CP of DelSqRho>
CP# = 25      
Type = (3,+3)
Coords = -7.43115370436106E+00  3.50901796649684E-01  5.00372453436409E-01
DistFromNuc =  9.4015272724E-01
Rho =  3.4114581841E-01
DelSqRho = -1.2656327028E+00
GradDelSqRho =  6.8833827527E-15  2.2204460493E-15  4.1078251911E-15
HessDelSqRho_EigVals =  5.2210147492E+00  8.0981569042E+00  3.0565843746E+01
HessDelSqRho_EigVec1 =  2.5935347176E-02 -6.8338202364E-01  7.2960014223E-01
HessDelSqRho_EigVec2 = -8.9240181214E-01  3.1307559809E-01  3.2496565292E-01
HessDelSqRho_EigVec3 =  4.5049568640E-01  6.5952458609E-01  6.0173163195E-01
</CP of DelSqRho>
<CP of DelSqRho>
CP# = 26      
Type = (3,+1)
Coords = -7.62323289926923E+00 -1.15669778217795E+00  1.20589212706059E+00
DistFromNuc =  1.5678989903E+00
Rho =  6.7158742881E-02
DelSqRho =  1.0266267048E-01
GradDelSqRho =  7.6067624422E-16  5.5892790396E-15  4.9960036108E-16
HessDelSqRho_EigVals = -4.6835109140E-01  1.3637803629E-02  7.3777933029E-02
HessDelSqRho_EigVec1 =  2.3597879927E-02 -6.6472341679E-01  7.4671675971E-01
HessDelSqRho_EigVec2 = -1.5714239617E-01  7.3517340634E-01  6.5941362583E-01
HessDelSqRho_EigVec3 =  9.8729398225E-01  1.3290162444E-01  8.7107696734E-02
</CP of DelSqRho>
<CP of DelSqRho>
CP# = 27      
Type = (3,+1)
Coords = -7.68310494868784E+00  6.79717753553975E-01 -1.29403008281074E+00
DistFromNuc =  1.5630463934E+00
Rho =  6.7222121315E-02
DelSqRho =  1.0252817459E-01
GradDelSqRho =  3.6255720648E-15 -1.4349632593E-14 -2.3037127761E-15
HessDelSqRho_EigVals = -4.6424653403E-01  4.6264889441E-03  7.2439340524E-02
HessDelSqRho_EigVec1 =  1.9594381309E-02 -6.6764348491E-01  7.4422324425E-01
HessDelSqRho_EigVec2 =  3.0142893559E-02  7.4442226637E-01  6.6702840666E-01
HessDelSqRho_EigVec3 =  9.9935352413E-01 -9.3630330912E-03 -3.4711200243E-02
</CP of DelSqRho>
<CP of DelSqRho>
CP# = 28      
Type = (3,-3)
Coords = -6.38201883590612E+00 -1.93976855770474E-01 -4.51147348428858E-02
DistFromNuc =  1.4807458756E+00
Rho =  1.0071581012E-01
DelSqRho =  2.7778854751E-01
GradDelSqRho =  9.7144514655E-16  5.8633653488E-16  3.0878077872E-16
HessDelSqRho_EigVals = -8.3744826039E-01 -4.0524865090E-01 -3.0844530891E-01
HessDelSqRho_EigVec1 =  9.9880882473E-01  4.8167181532E-02  7.8009149045E-03
HessDelSqRho_EigVec2 = -4.0599903565E-02  7.3169354407E-01  6.8042354853E-01
HessDelSqRho_EigVec3 =  2.7066205507E-02 -6.7992976122E-01  7.3277755174E-01
</CP of DelSqRho>
<CP of DelSqRho>
CP# = 29      
Type = (3,+1)
Coords = -7.70380996284277E+00  9.53053264499994E-01 -1.03753410907746E+00
DistFromNuc =  1.5693130829E+00
Rho =  6.7028048760E-02
DelSqRho =  1.0240904450E-01
GradDelSqRho =  8.0569231842E-15  8.2434059578E-15  5.5531967913E-14
HessDelSqRho_EigVals = -4.6779247616E-01  1.3953513546E-02  7.3426256394E-02
HessDelSqRho_EigVec1 =  2.8167028349E-02 -7.0208909266E-01  7.1153181551E-01
HessDelSqRho_EigVec2 = -1.5489280560E-01  7.0015113818E-01  6.9699110646E-01
HessDelSqRho_EigVec3 =  9.8752966400E-01  1.2984332743E-01  8.9027372386E-02
</CP of DelSqRho>
<CP of DelSqRho>
CP# = 30      
Type = (3,-3)
Coords = -8.35869807792352E+00  9.82828627184821E-01  1.12815737859999E+00
DistFromNuc =  1.7969109439E+00
Rho =  8.3459037218E-02
DelSqRho =  2.3131784803E-01
GradDelSqRho =  9.2155449938E-14 -5.1546440727E-14 -5.2163134923E-14
HessDelSqRho_EigVals = -1.2356038414E+00 -1.8269662058E-01 -1.7941289354E-02
HessDelSqRho_EigVec1 =  8.8834339473E-01 -3.1796345193E-01 -3.3127821583E-01
HessDelSqRho_EigVec2 =  2.6005779942E-02 -6.8545981575E-01  7.2764588943E-01
HessDelSqRho_EigVec3 =  4.5844270357E-01  6.5501456796E-01  6.0065481211E-01
</CP of DelSqRho>
<CP of DelSqRho>
CP# = 31      
Type = (3,-1)
Coords = -7.68251720544872E+00  7.46795098075145E-01 -1.23309119205917E+00
DistFromNuc =  1.5583688124E+00
Rho =  6.7336566264E-02
DelSqRho =  1.0253385279E-01
GradDelSqRho =  1.1700709845E-15 -2.4910629115E-15  8.3266726847E-17
HessDelSqRho_EigVals = -4.6122094825E-01 -3.6311278241E-03  7.1465712491E-02
HessDelSqRho_EigVec1 =  1.3436479736E-02 -6.7640568691E-01  7.3640668637E-01
HessDelSqRho_EigVec2 = -1.4350483084E-02  7.3626687145E-01  6.7653910282E-01
HessDelSqRho_EigVec3 =  9.9980674365E-01  1.9658095641E-02 -1.8608653073E-04
</CP of DelSqRho>
<CP of DelSqRho>
CP# = 32      
Type = (3,-1)
Coords = -9.12174281696308E+00 -1.17399259739933E+00  8.19934470625724E-01
DistFromNuc =  1.7866704540E+00
Rho =  6.5972050183E-02
DelSqRho =  1.3174099750E-01
GradDelSqRho =  3.4694469520E-17  4.5102810375E-17 -1.1102230246E-16
HessDelSqRho_EigVals = -1.0704409242E+00 -1.6780864657E-01  3.6762268331E-02
HessDelSqRho_EigVec1 = -7.9641463856E-02 -6.8512765791E-01  7.2405616467E-01
HessDelSqRho_EigVec2 =  9.9579184352E-01 -2.1642513998E-02  8.9051703904E-02
HessDelSqRho_EigVec3 =  4.5341389649E-02 -7.2810143109E-01 -6.8396817501E-01
</CP of DelSqRho>
<CP of DelSqRho>
CP# = 33      
Type = (3,-1)
Coords = -9.18858302513699E+00  5.05466741693725E-01 -9.77479851287687E-01
DistFromNuc =  1.7876510723E+00
Rho =  6.5942315043E-02
DelSqRho =  1.3162542868E-01
GradDelSqRho =  2.9490299092E-17  1.0148132334E-16 -1.4311468677E-16
HessDelSqRho_EigVals = -1.0705329149E+00 -1.6835710392E-01  3.6729482663E-02
HessDelSqRho_EigVec1 =  1.3284180413E-01 -6.7219933918E-01  7.2835506690E-01
HessDelSqRho_EigVec2 = -9.9010043714E-01 -1.2360470307E-01  6.6505651999E-02
HessDelSqRho_EigVec3 = -4.5323056451E-02  7.2997940093E-01  6.8196473132E-01
</CP of DelSqRho>
<CP of DelSqRho>
CP# = 34      
Type = (3,-3)
Coords = -8.20594082075182E+00 -1.56178693721164E+00 -1.25770468670994E+00
DistFromNuc =  1.7952058864E+00
Rho =  8.3232253471E-02
DelSqRho =  2.3032363778E-01
GradDelSqRho =  2.8836655286E-13  2.0171364579E-13  1.7876672365E-13
HessDelSqRho_EigVals = -1.2312872295E+00 -1.8035302698E-01 -1.8154742231E-02
HessDelSqRho_EigVec1 =  8.4497437500E-01  4.0584032649E-01  3.4829862905E-01
HessDelSqRho_EigVec2 =  2.6004920334E-02 -6.8166917309E-01  7.3119825122E-01
HessDelSqRho_EigVec3 = -5.3417417545E-01  6.0878630722E-01  5.8654682884E-01
</CP of DelSqRho>
<Path of -GradDelSqRho>
Starting CP# =      2
Ending CP# =     13
Number of Points =     13
 -9.1275498132E+00 -3.3152965549E-01 -7.7213413714E-02  2.9250147947E-01 -1.0938399536E+00
 -9.1025834811E+00 -3.3026152125E-01 -7.6941210148E-02  2.9300447540E-01 -1.0966658300E+00
 -9.0776171585E+00 -3.2899324060E-01 -7.6668811147E-02  2.9378334218E-01 -1.1046173145E+00
 -9.0526508444E+00 -3.2772483032E-01 -7.6396241357E-02  2.9482074547E-01 -1.1170206547E+00
 -9.0276845368E+00 -3.2645631875E-01 -7.6123543663E-02  2.9609945906E-01 -1.1333175005E+00
 -9.0027182329E+00 -3.2518774794E-01 -7.5850783317E-02  2.9760239140E-01 -1.1530055236E+00
 -8.9777519287E+00 -3.2391917701E-01 -7.5578054347E-02  2.9931259960E-01 -1.1755640806E+00
 -8.9527856185E+00 -3.2265068877E-01 -7.5305491586E-02  3.0121333977E-01 -1.2003624630E+00
 -8.9278192939E+00 -3.2138240386E-01 -7.5033295758E-02  3.0328821533E-01 -1.2265475562E+00
 -8.9028529418E+00 -3.2011451328E-01 -7.4761790520E-02  3.0552150058E-01 -1.2529071113E+00
 -8.8778865381E+00 -3.1884736309E-01 -7.4491570571E-02  3.0789873628E-01 -1.2777043894E+00
 -8.8529200289E+00 -3.1758173319E-01 -7.4223991029E-02  3.1040771896E-01 -1.2984797723E+00
 -8.8129973207E+00 -3.1558951353E-01 -7.3854957889E-02  3.1467442900E-01 -1.3143699210E+00
</Path of -GradDelSqRho>
<Path of -GradDelSqRho>
Starting CP# =      2
Ending CP# =      0
Number of Points =     32
 -9.1275498132E+00 -3.3152965549E-01 -7.7213413714E-02  2.9250147947E-01 -1.0938399536E+00
 -9.1525161551E+00 -3.3279764039E-01 -7.7485417680E-02  2.9229171856E-01 -1.0969749458E+00
 -9.1774825070E+00 -3.3406547245E-01 -7.7757218156E-02  2.9239242566E-01 -1.1071012754E+00
 -9.2024488685E+00 -3.3533315801E-01 -7.8028825161E-02  2.9282043492E-01 -1.1254658354E+00
 -9.2274152387E+00 -3.3660070745E-01 -7.8300254372E-02  2.9359179008E-01 -1.1535393176E+00
 -9.2523816170E+00 -3.3786813353E-01 -7.8571524631E-02  2.9472121877E-01 -1.1930063520E+00
 -9.2773480023E+00 -3.3913545002E-01 -7.8842655987E-02  2.9622147196E-01 -1.2457315254E+00
 -9.3023143938E+00 -3.4040267083E-01 -7.9113668343E-02  2.9810254162E-01 -1.3136885585E+00
 -9.3272807906E+00 -3.4166980947E-01 -7.9384580657E-02  3.0037079302E-01 -1.3988310892E+00
 -9.3522471917E+00 -3.4293687884E-01 -7.9655410635E-02  3.0302808709E-01 -1.5028725043E+00
 -9.3772135964E+00 -3.4420389144E-01 -7.9926174840E-02  3.0607103366E-01 -1.6269338233E+00
 -9.4021800040E+00 -3.4547085981E-01 -8.0196889188E-02  3.0949061681E-01 -1.7710248218E+00
 -9.4271464134E+00 -3.4673779741E-01 -8.0467569870E-02  3.1327257293E-01 -1.9333665931E+00
 -9.4521128238E+00 -3.4800471997E-01 -8.0738234835E-02  3.1739906347E-01 -2.1096738317E+00
 -9.4770792339E+00 -3.4927164766E-01 -8.1008906105E-02  3.2185231032E-01 -2.2927170006E+00
 -9.5020456419E+00 -3.5053860809E-01 -8.1279613062E-02  3.2662083759E-01 -2.4727670730E+00
 -9.5270120456E+00 -3.5180563827E-01 -8.1550394771E-02  3.3170861381E-01 -2.6397994266E+00
 -9.5519784428E+00 -3.5307277196E-01 -8.1821287618E-02  3.3714652166E-01 -2.7884026401E+00
 -9.5769448360E+00 -3.5433996764E-01 -8.2092251910E-02  3.4300409695E-01 -2.9259313199E+00
 -9.6019112391E+00 -3.5560700407E-01 -8.2363062485E-02  3.4939751475E-01 -3.0833444465E+00
 -9.6268776649E+00 -3.5687367090E-01 -8.2633500269E-02  3.5648788177E-01 -3.3264232613E+00
 -9.6518441109E+00 -3.5814001124E-01 -8.2903605132E-02  3.6446292592E-01 -3.7630981773E+00
 -9.6768105691E+00 -3.5940615404E-01 -8.3173507799E-02  3.7349624796E-01 -4.5411708867E+00
 -9.7017770341E+00 -3.6067218599E-01 -8.3443297187E-02  3.8368231610E-01 -5.8305754835E+00
 -9.7267435032E+00 -3.6193815287E-01 -8.3713020612E-02  3.9495264515E-01 -7.7861908411E+00
 -9.7517099748E+00 -3.6320407843E-01 -8.3982702795E-02  4.0698842542E-01 -1.0491966269E+01
 -9.7766764481E+00 -3.6446997546E-01 -8.4252357206E-02  4.1915509523E-01 -1.3895681156E+01
 -9.8016429228E+00 -3.6573585125E-01 -8.4521991722E-02  4.3049080401E-01 -1.7755317231E+01
 -9.8266093984E+00 -3.6700171028E-01 -8.4791611595E-02  4.3977743912E-01 -2.1627507188E+01
 -9.8515758748E+00 -3.6826755587E-01 -8.5061221517E-02  4.4570473914E-01 -2.4925699717E+01
 -9.8765423518E+00 -3.6953339191E-01 -8.5330828851E-02  4.4710572945E-01 -2.7052293734E+01
 -9.8952672085E+00 -3.7048278014E-01 -8.5533072431E-02  4.4469964535E-01 -2.7604785555E+01
</Path of -GradDelSqRho>
<Path of -GradDelSqRho>
Starting CP# =      3
Ending CP# =      0
Number of Points =    400
 -5.2338132923E+00 -1.3563302301E-01 -2.6928503338E-02  2.3614832257E-02  1.4583099383E-01
 -5.2331728073E+00 -1.5272983687E-01 -8.6997147153E-03  2.3610288503E-02  1.4578799182E-01
 -5.2325308604E+00 -1.6982640033E-01  9.5292573340E-03  2.3595923902E-02  1.4565908458E-01
 -5.2318874423E+00 -1.8692271992E-01  2.7758406228E-02  2.3571754268E-02  1.4544457043E-01
 -5.2312425438E+00 -2.0401880226E-01  4.5987725309E-02  2.3537808038E-02  1.4514494672E-01
 -5.2305961554E+00 -2.2111465404E-01  6.4217207856E-02  2.3494126228E-02  1.4476090769E-01
 -5.2299482677E+00 -2.3821028197E-01  8.2446847102E-02  2.3440762357E-02  1.4429334139E-01
 -5.2292988712E+00 -2.5530569281E-01  1.0067663625E-01  2.3377782355E-02  1.4374332592E-01
 -5.2286479565E+00 -2.7240089334E-01  1.1890656847E-01  2.3305264433E-02  1.4311212466E-01
 -5.2279955139E+00 -2.8949589032E-01  1.3713663694E-01  2.3223298934E-02  1.4240118089E-01
 -5.2273415337E+00 -3.0659069053E-01  1.5536683485E-01  2.3131988160E-02  1.4161211154E-01
 -5.2266860063E+00 -3.2368530069E-01  1.7359715538E-01  2.3031446168E-02  1.4074670026E-01
 -5.2260289217E+00 -3.4077972751E-01  1.9182759179E-01  2.2921798544E-02  1.3980688986E-01
 -5.2253702701E+00 -3.5787397763E-01  2.1005813733E-01  2.2803182147E-02  1.3879477402E-01
 -5.2247100415E+00 -3.7496805764E-01  2.2828878533E-01  2.2675744836E-02  1.3771258854E-01
 -5.2240482259E+00 -3.9206197405E-01  2.4651952918E-01  2.2539645166E-02  1.3656270194E-01
 -5.2233848128E+00 -4.0915573331E-01  2.6475036233E-01  2.2395052060E-02  1.3534760569E-01
 -5.2227197920E+00 -4.2624934176E-01  2.8298127831E-01  2.2242144465E-02  1.3406990394E-01
 -5.2220531529E+00 -4.4334280567E-01  3.0121227071E-01  2.2081110977E-02  1.3273230294E-01
 -5.2213848851E+00 -4.6043613120E-01  3.1944333321E-01  2.1912149449E-02  1.3133760017E-01
 -5.2207149776E+00 -4.7752932443E-01  3.3767445958E-01  2.1735466579E-02  1.2988867316E-01
 -5.2200434199E+00 -4.9462239135E-01  3.5590564367E-01  2.1551277476E-02  1.2838846822E-01
 -5.2193702009E+00 -5.1171533784E-01  3.7413687940E-01  2.1359805214E-02  1.2683998905E-01
 -5.2186953099E+00 -5.2880816970E-01  3.9236816078E-01  2.1161280359E-02  1.2524628520E-01
 -5.2180187360E+00 -5.4590089267E-01  4.1059948189E-01  2.0955940496E-02  1.2361044071E-01
 -5.2173404687E+00 -5.6299351238E-01  4.2883083687E-01  2.0744029725E-02  1.2193556266E-01
 -5.2166604974E+00 -5.8008603444E-01  4.4706221993E-01  2.0525798164E-02  1.2022476997E-01
 -5.2159788120E+00 -5.9717846440E-01  4.6529362534E-01  2.0301501424E-02  1.1848118235E-01
 -5.2152954029E+00 -6.1427080775E-01  4.8352504741E-01  2.0071400094E-02  1.1670790947E-01
 -5.2146102610E+00 -6.3136307000E-01  5.0175648047E-01  1.9835759201E-02  1.1490804052E-01
 -5.2139233780E+00 -6.4845525665E-01  5.1998791889E-01  1.9594847684E-02  1.1308463399E-01
 -5.2132347464E+00 -6.6554737322E-01  5.3821935705E-01  1.9348937853E-02  1.1124070801E-01
 -5.2125443599E+00 -6.8263942528E-01  5.5645078932E-01  1.9098304849E-02  1.0937923101E-01
 -5.2118522136E+00 -6.9973141846E-01  5.7468221007E-01  1.8843226117E-02  1.0750311293E-01
 -5.2111583043E+00 -7.1682335849E-01  5.9291361362E-01  1.8583980863E-02  1.0561519694E-01
 -5.2104626304E+00 -7.3391525121E-01  6.1114499428E-01  1.8320849534E-02  1.0371825170E-01
 -5.2097651927E+00 -7.5100710262E-01  6.2937634628E-01  1.8054113296E-02  1.0181496427E-01
 -5.2090659944E+00 -7.6809891888E-01  6.4760766380E-01  1.7784053518E-02  9.9907933561E-02
 -5.2083650414E+00 -7.8519070635E-01  6.6583894093E-01  1.7510951274E-02  9.7999664447E-02
 -5.2076623430E+00 -8.0228247162E-01  6.8407017168E-01  1.7235086853E-02  9.6092562544E-02
 -5.2069579118E+00 -8.1937422153E-01  7.0230134996E-01  1.6956739275E-02  9.4188929629E-02
 -5.2062517645E+00 -8.3646596321E-01  7.2053246957E-01  1.6676185834E-02  9.2290959730E-02
 -5.2055439221E+00 -8.5355770408E-01  7.3876352419E-01  1.6393701645E-02  9.0400735893E-02
 -5.2048344102E+00 -8.7064945191E-01  7.5699450740E-01  1.6109559211E-02  8.8520227613E-02
 -5.2041232599E+00 -8.8774121482E-01  7.7522541264E-01  1.5824028007E-02  8.6651288922E-02
 -5.2034105078E+00 -9.0483300129E-01  7.9345623323E-01  1.5537374081E-02  8.4795657140E-02
 -5.2026961964E+00 -9.2192482022E-01  8.1168696236E-01  1.5249859673E-02  8.2954952246E-02
 -5.2019803751E+00 -9.3901668089E-01  8.2991759314E-01  1.4961742854E-02  8.1130676882E-02
 -5.2012630999E+00 -9.5610859302E-01  8.4814811853E-01  1.4673277176E-02  7.9324216942E-02
 -5.2005444345E+00 -9.7320056674E-01  8.6637853142E-01  1.4384711357E-02  7.7536842732E-02
 -5.1998244503E+00 -9.9029261262E-01  8.8460882462E-01  1.4096288965E-02  7.5769710672E-02
 -5.1991032269E+00 -1.0073847417E+00  9.0283899087E-01  1.3808248136E-02  7.4023865506E-02
 -5.1983808524E+00 -1.0244769653E+00  9.2106902289E-01  1.3520821307E-02  7.2300242984E-02
 -5.1976574240E+00 -1.0415692953E+00  9.3929891336E-01  1.3234234964E-02  7.0599672980E-02
 -5.1969330479E+00 -1.0586617438E+00  9.5752865501E-01  1.2948709413E-02  6.8922883010E-02
 -5.1962078398E+00 -1.0757543236E+00  9.7575824060E-01  1.2664458568E-02  6.7270502112E-02
 -5.1954819249E+00 -1.0928470474E+00  9.9398766301E-01  1.2381689755E-02  6.5643065032E-02
 -5.1947554380E+00 -1.1099399283E+00  1.0122169152E+00  1.2100603538E-02  6.4041016693E-02
 -5.1940285237E+00 -1.1270329799E+00  1.0304459904E+00  1.1821393559E-02  6.2464716895E-02
 -5.1933013359E+00 -1.1441262157E+00  1.0486748821E+00  1.1544246398E-02  6.0914445198E-02
 -5.1925740383E+00 -1.1612196493E+00  1.0669035838E+00  1.1269341443E-02  5.9390405958E-02
 -5.1918468032E+00 -1.1783132944E+00  1.0851320896E+00  1.0996850784E-02  5.7892733459E-02
 -5.1911198121E+00 -1.1954071648E+00  1.1033603939E+00  1.0726939123E-02  5.6421497117E-02
 -5.1903932543E+00 -1.2125012740E+00  1.1215884916E+00  1.0459763689E-02  5.4976706698E-02
 -5.1896673271E+00 -1.2295956353E+00  1.1398163780E+00  1.0195474181E-02  5.3558317527E-02
 -5.1889422341E+00 -1.2466902617E+00  1.1580440489E+00  9.9342127183E-03  5.2166235643E-02
 -5.1882181854E+00 -1.2637851657E+00  1.1762715010E+00  9.6761138074E-03  5.0800322863E-02
 -5.1874953958E+00 -1.2808803595E+00  1.1944987314E+00  9.4213043220E-03  4.9460401737E-02
 -5.1867740840E+00 -1.2979758543E+00  1.2127257378E+00  9.1699034983E-03  4.8146260343E-02
 -5.1860544715E+00 -1.3150716610E+00  1.2309525190E+00  8.9220229428E-03  4.6857656915E-02
 -5.1853367811E+00 -1.3321677892E+00  1.2491790743E+00  8.6777666532E-03  4.5594324266E-02
 -5.1846212358E+00 -1.3492642479E+00  1.2674054040E+00  8.4372310531E-03  4.4355973995E-02
 -5.1839080570E+00 -1.3663610448E+00  1.2856315092E+00  8.2005050385E-03  4.3142300448E-02
 -5.1831974632E+00 -1.3834581866E+00  1.3038573919E+00  7.9676700372E-03  4.1952984430E-02
 -5.1824896684E+00 -1.4005556786E+00  1.3220830549E+00  7.7388000801E-03  4.0787696642E-02
 -5.1817848807E+00 -1.4176535250E+00  1.3403085020E+00  7.5139618848E-03  3.9646100852E-02
 -5.1810833006E+00 -1.4347517284E+00  1.3585337380E+00  7.2932149501E-03  3.8527856775E-02
 -5.1803851194E+00 -1.4518502900E+00  1.3767587684E+00  7.0766116625E-03  3.7432622668E-02
 -5.1796905178E+00 -1.4689492096E+00  1.3949835997E+00  6.8641974136E-03  3.6360057642E-02
 -5.1789996645E+00 -1.4860484854E+00  1.4132082393E+00  6.6560107275E-03  3.5309823684E-02
 -5.1783127148E+00 -1.5031481139E+00  1.4314326954E+00  6.4520833995E-03  3.4281587399E-02
 -5.1776298095E+00 -1.5202480905E+00  1.4496569771E+00  6.2524406440E-03  3.3275021488E-02
 -5.1769510736E+00 -1.5373484085E+00  1.4678810941E+00  6.0571012528E-03  3.2289805944E-02
 -5.1762766152E+00 -1.5544490600E+00  1.4861050569E+00  5.8660777615E-03  3.1325629013E-02
 -5.1756065250E+00 -1.5715500357E+00  1.5043288767E+00  5.6793766254E-03  3.0382187901E-02
 -5.1749408754E+00 -1.5886513245E+00  1.5225525654E+00  5.4969984034E-03  2.9459189261E-02
 -5.1742797198E+00 -1.6057529143E+00  1.5407761353E+00  5.3189379496E-03  2.8556349468E-02
 -5.1736230925E+00 -1.6228547915E+00  1.5589995992E+00  5.1451846115E-03  2.7673394696E-02
 -5.1729710085E+00 -1.6399569413E+00  1.5772229703E+00  4.9757224358E-03  2.6810060825E-02
 -5.1723234631E+00 -1.6570593477E+00  1.5954462625E+00  4.8105303794E-03  2.5966093178E-02
 -5.1716804323E+00 -1.6741619940E+00  1.6136694895E+00  4.6495825256E-03  2.5141246130E-02
 -5.1710418730E+00 -1.6912648620E+00  1.6318926655E+00  4.4928483055E-03  2.4335282583E-02
 -5.1704077232E+00 -1.7083679332E+00  1.6501158048E+00  4.3402927229E-03  2.3547973341E-02
 -5.1697779028E+00 -1.7254711881E+00  1.6683389219E+00  4.1918765828E-03  2.2779096401E-02
 -5.1691523141E+00 -1.7425746067E+00  1.6865620312E+00  4.0475567220E-03  2.2028436171E-02
 -5.1685308426E+00 -1.7596781682E+00  1.7047851471E+00  3.9072862422E-03  2.1295782641E-02
 -5.1679133575E+00 -1.7767818518E+00  1.7230082840E+00  3.7710147434E-03  2.0580930512E-02
 -5.1672997133E+00 -1.7938856361E+00  1.7412314562E+00  3.6386885584E-03  1.9883678311E-02
 -5.1666897500E+00 -1.8109894996E+00  1.7594546775E+00  3.5102509861E-03  1.9203827496E-02
 -5.1660832947E+00 -1.8280934207E+00  1.7776779619E+00  3.3856425250E-03  1.8541181574E-02
 -5.1654801623E+00 -1.8451973777E+00  1.7959013229E+00  3.2648011036E-03  1.7895545228E-02
 -5.1648801569E+00 -1.8623013489E+00  1.8141247738E+00  3.1476623092E-03  1.7266723489E-02
 -5.1642830725E+00 -1.8794053128E+00  1.8323483274E+00  3.0341596132E-03  1.6654520935E-02
 -5.1636886942E+00 -1.8965092481E+00  1.8505719965E+00  2.9242245929E-03  1.6058740945E-02
 -5.1630967997E+00 -1.9136131335E+00  1.8687957931E+00  2.8177871489E-03  1.5479185010E-02
 -5.1625071595E+00 -1.9307169484E+00  1.8870197290E+00  2.7147757175E-03  1.4915652102E-02
 -5.1619195389E+00 -1.9478206721E+00  1.9052438157E+00  2.6151174780E-03  1.4367938108E-02
 -5.1613336981E+00 -1.9649242846E+00  1.9234680641E+00  2.5187385537E-03  1.3835835342E-02
 -5.1607493936E+00 -1.9820277661E+00  1.9416924848E+00  2.4255642068E-03  1.3319132120E-02
 -5.1601663792E+00 -1.9991310972E+00  1.9599170880E+00  2.3355190263E-03  1.2817612410E-02
 -5.1595844062E+00 -2.0162342590E+00  1.9781418832E+00  2.2485271095E-03  1.2331055565E-02
 -5.1590032251E+00 -2.0333372331E+00  1.9963668800E+00  2.1645122350E-03  1.1859236113E-02
 -5.1584225855E+00 -2.0504400014E+00  2.0145920871E+00  2.0833980291E-03  1.1401923637E-02
 -5.1578422373E+00 -2.0675425463E+00  2.0328175130E+00  2.0051081233E-03  1.0958882709E-02
 -5.1572619308E+00 -2.0846448508E+00  2.0510431660E+00  1.9295663050E-03  1.0529872898E-02
 -5.1566814180E+00 -2.1017468981E+00  2.0692690538E+00  1.8566966585E-03  1.0114648844E-02
 -5.1561004523E+00 -2.1188486718E+00  2.0874951837E+00  1.7864236990E-03  9.7129603844E-03
 -5.1555187895E+00 -2.1359501562E+00  2.1057215630E+00  1.7186724976E-03  9.3245527392E-03
 -5.1549361878E+00 -2.1530513356E+00  2.1239481984E+00  1.6533687983E-03  8.9491667480E-03
 -5.1543524086E+00 -2.1701521948E+00  2.1421750965E+00  1.5904391266E-03  8.5865391496E-03
 -5.1537672163E+00 -2.1872527191E+00  2.1604022636E+00  1.5298108897E-03  8.2364029041E-03
 -5.1531803789E+00 -2.2043528938E+00  2.1786297057E+00  1.4714124690E-03  7.8984875494E-03
 -5.1525916679E+00 -2.2214527048E+00  2.1968574287E+00  1.4151733044E-03  7.5725195889E-03
 -5.1520008588E+00 -2.2385521378E+00  2.2150854383E+00  1.3610239707E-03  7.2582229038E-03
 -5.1514077309E+00 -2.2556511791E+00  2.2333137400E+00  1.3088962470E-03  6.9553191862E-03
 -5.1508120676E+00 -2.2727498151E+00  2.2515423394E+00  1.2587231777E-03  6.6635283875E-03
 -5.1502136566E+00 -2.2898480321E+00  2.2697712416E+00  1.2104391271E-03  6.3825691771E-03
 -5.1496122894E+00 -2.3069458167E+00  2.2880004522E+00  1.1639798273E-03  6.1121594086E-03
 -5.1490077618E+00 -2.3240431556E+00  2.3062299763E+00  1.1192824184E-03  5.8520165869E-03
 -5.1483998737E+00 -2.3411400354E+00  2.3244598191E+00  1.0762854838E-03  5.6018583344E-03
 -5.1477884291E+00 -2.3582364428E+00  2.3426899861E+00  1.0349290781E-03  5.3614028518E-03
 -5.1471732360E+00 -2.3753323645E+00  2.3609204825E+00  9.9515475010E-04  5.1303693701E-03
 -5.1465541062E+00 -2.3924277868E+00  2.3791513139E+00  9.5690556013E-04  4.9084785914E-03
 -5.1459308556E+00 -2.4095226964E+00  2.3973824857E+00  9.2012609209E-04  4.6954531150E-03
