 AIMInt (Version 19.10.12, Professional)
 Portions Copyright (c) 1997-2019 by Todd A. Keith
 AIMInt is a component of the AIMAll package ( http://aim.tkgristmill.com )

 TP:  64-bit Mac OS X

 AIMInt is a heavily modified and extended version of the PROAIMV program
 developed by members of R.F.W. Bader's research group

 Much of the Quantum Theory of Atoms in Molecules (QTAIM) is described in the book:
   "Atoms in Molecules - A Quantum Theory"
   R.F.W. Bader, Oxford University Press, Oxford, 1990

 For additional references see:  http://aim.tkgristmill.com/references.html

 Current Directory:  /Users/chemlab/Documents/SubstituentCoding/New Reorientation Test

 Inp File:  SubC6H5_OPH2O-ReorPosY-B3LYP-def2-TZVPPD-Field_atomicfiles/c2.inp
 Wfx File:  SubC6H5_OPH2O-ReorPosY-B3LYP-def2-TZVPPD-Field.wfx
 Out File:  SubC6H5_OPH2O-ReorPosY-B3LYP-def2-TZVPPD-Field_atomicfiles/c2.int

 Wfx Title:   SubC6H5_OPH2O-ReorPosY-B3LYP-def2-TZVPPD-Field.chk                            
 Job Title:   SubC6H5_OPH2O-ReorPosY-B3LYP-def2-TZVPPD-Field.chk                            
 
<Atom>
C2      
</Atom>
<Nuclei of Molecule>
    16
O1         8.0           0.0000000000E+00   0.0000000000E+00   0.0000000000E+00
C2         6.0          -2.6356814912E+00   0.0000000000E+00   0.0000000000E+00
P3        15.0           1.7126853449E+00   2.5113700864E+00   0.0000000000E+00
H4         1.0           4.0315829194E+00   1.3415413108E+00  -5.2816901981E-01
H5         1.0           9.9489081698E-01   3.7046189105E+00  -2.2698190616E+00
O6         8.0           1.6593574865E+00   4.1711117347E+00   2.2252373228E+00
C7         6.0          -3.8192678216E+00  -1.7320510999E+00  -1.5765588355E+00
C8         6.0          -4.0192679392E+00   1.5947777952E+00   1.5620093276E+00
C9         6.0          -6.4408587818E+00  -1.8604937531E+00  -1.5981954586E+00
H10        1.0          -2.6832853621E+00  -2.9561155908E+00  -2.7532592312E+00
C11        6.0          -6.6444764375E+00   1.4520630062E+00   1.5059258036E+00
H12        1.0          -3.0560966605E+00   2.9023225804E+00   2.7998521980E+00
C13        6.0          -7.8608549151E+00  -2.6698365554E-01  -6.3064843896E-02
H14        1.0          -7.3721211709E+00  -3.2086313682E+00  -2.8206281540E+00
H15        1.0          -7.7353379447E+00   2.6892991482E+00   2.7134392723E+00
H16        1.0          -9.9016539083E+00  -3.7080585530E-01  -8.5601106520E-02
</Nuclei of Molecule>
<Total Number of CPs of DelSqRho>
    23
</Total Number of CPs of DelSqRho>
<Number of (3,+3) CPs of DelSqRho>
     3
</Number of (3,+3) CPs of DelSqRho>
<Number of (3,+1) CPs of DelSqRho>
    10
</Number of (3,+1) CPs of DelSqRho>
<Number of (3,-1) CPs of DelSqRho>
     8
</Number of (3,-1) CPs of DelSqRho>
<Number of (3,-3) CPs of DelSqRho>
     2
</Number of (3,-3) CPs of DelSqRho>
<Number of Degenerate CPs of DelSqRho>
     0
</Number of Degenerate CPs of DelSqRho>
<CP of DelSqRho>
CP# = 1       
Type = (3,+3)
Coords = -2.63568113009033E+00  1.34739045792449E-08  3.59604445992187E-09
DistFromNuc =  3.6140382415E-07
Rho =  1.2204934718E+02
DelSqRho = -9.6816631820E+05
GradDelSqRho =  2.2369765702E-06  2.7284841053E-12  9.0949470177E-13
HessDelSqRho_EigVals =  3.3369865107E+10  3.3369870452E+10  3.3369871081E+10
HessDelSqRho_EigVec1 =  3.6809161881E-02 -6.8016207100E-01  7.3213703825E-01
HessDelSqRho_EigVec2 =  9.9929958356E-01  2.0111289455E-02 -3.1557539976E-02
HessDelSqRho_EigVec3 =  6.7400218483E-03  7.3278584403E-01  6.8042595401E-01
</CP of DelSqRho>
<CP of DelSqRho>
CP# = 2       
Type = (3,+1)
Coords = -3.21556154610674E+00 -8.90464746031834E-01 -8.09202958138535E-01
DistFromNuc =  1.3356637936E+00
Rho =  3.2555684081E-01
DelSqRho = -9.8238376159E-01
GradDelSqRho =  2.3592239273E-16 -3.8857805862E-16  3.0531133177E-16
HessDelSqRho_EigVals = -6.5706478967E+00  4.7368401993E+00  6.9220115535E+00
HessDelSqRho_EigVec1 =  4.6114666234E-01  6.5500802601E-01  5.9858854122E-01
HessDelSqRho_EigVec2 =  3.0244890184E-02 -6.8581087974E-01  7.2715107361E-01
HessDelSqRho_EigVec3 =  8.8680832339E-01 -3.1721904591E-01 -3.3607004400E-01
</CP of DelSqRho>
<CP of DelSqRho>
CP# = 3       
Type = (3,+1)
Coords = -3.31751931482770E+00  8.21376329421879E-01  8.07334551850630E-01
DistFromNuc =  1.3384136023E+00
Rho =  3.2340664269E-01
DelSqRho = -9.6454981926E-01
GradDelSqRho =  3.6082248300E-16 -2.7755575616E-17  8.8817841970E-16
HessDelSqRho_EigVals = -6.4616520812E+00  4.6372533676E+00  6.7863307588E+00
HessDelSqRho_EigVec1 = -5.3843864778E-01  6.0072053620E-01  5.9094725650E-01
HessDelSqRho_EigVec2 =  1.6388711575E-02 -6.9368608409E-01  7.2009098513E-01
HessDelSqRho_EigVec3 =  8.4250533097E-01  3.9740968046E-01  3.6366236150E-01
</CP of DelSqRho>
<CP of DelSqRho>
CP# = 4       
Type = (3,-1)
Coords = -2.39889788718255E+00  2.58345419282716E-02 -1.54234163990871E-02
DistFromNuc =  2.3868762111E-01
Rho =  7.8473466100E+00
DelSqRho =  2.8792865542E+02
GradDelSqRho =  4.9098503041E-12  5.9863225488E-13  2.0428103653E-14
HessDelSqRho_EigVals = -7.3505842092E+04 -6.4503181408E+01  2.7323795426E+01
HessDelSqRho_EigVec1 =  9.9199662745E-01  1.0838510730E-01 -6.4771596013E-02
HessDelSqRho_EigVec2 = -3.5683636054E-02  7.3272281893E-01  6.7959101579E-01
HessDelSqRho_EigVec3 =  1.2111717158E-01 -6.7184070965E-01  7.3072613995E-01
</CP of DelSqRho>
<CP of DelSqRho>
CP# = 5       
Type = (3,-3)
Coords = -2.87259093531234E+00 -6.64497319617448E-03 -5.51879386270805E-03
DistFromNuc =  2.3706686283E-01
Rho =  7.8915089217E+00
DelSqRho =  2.9742158357E+02
GradDelSqRho =  4.1282532948E-12 -9.0594198809E-14  8.3488771452E-14
HessDelSqRho_EigVals = -7.4943021962E+04 -2.9594748187E+02 -1.7155566107E+02
HessDelSqRho_EigVec1 =  9.9933617094E-01  2.8045454030E-02  2.3252310763E-02
HessDelSqRho_EigVec2 = -3.6373951069E-02  7.3240474749E-01  6.7989721395E-01
HessDelSqRho_EigVec3 =  2.0379232654E-03 -6.8029165683E-01  7.3293867991E-01
</CP of DelSqRho>
<CP of DelSqRho>
CP# = 6       
Type = (3,+1)
Coords = -2.54233820215856E+00  1.63758729540988E-01  1.46057617020300E-01
DistFromNuc =  2.3845905016E-01
Rho =  7.8801810008E+00
DelSqRho =  2.8678212240E+02
GradDelSqRho =  5.5635496210E-12 -3.5766944961E-12  2.3581137043E-12
HessDelSqRho_EigVals = -7.3577548397E+04  9.9112782077E+01  1.1614363970E+02
HessDelSqRho_EigVec1 =  3.8931336160E-01  6.8738321477E-01  6.1313899121E-01
HessDelSqRho_EigVec2 = -1.6250647097E-01 -6.0395751426E-01  7.8027364935E-01
HessDelSqRho_EigVec3 =  9.0665691051E-01 -4.0341001107E-01 -1.2342450970E-01
</CP of DelSqRho>
<CP of DelSqRho>
CP# = 7       
Type = (3,+1)
Coords = -2.52717664459257E+00 -1.52796219570262E-01 -1.47455595280156E-01
DistFromNuc =  2.3845993172E-01
Rho =  7.8802766882E+00
DelSqRho =  2.8677667729E+02
GradDelSqRho = -2.9594104944E-12  6.6009420152E-12  4.6611603466E-12
HessDelSqRho_EigVals = -7.3576307178E+04  9.9568922139E+01  1.1667586230E+02
HessDelSqRho_EigVec1 = -4.5295563817E-01  6.4155638728E-01  6.1906105659E-01
HessDelSqRho_EigVec2 =  1.5510118208E-01  7.4049558518E-01 -6.5391888766E-01
HessDelSqRho_EigVec3 =  8.7793781851E-01  2.0017914541E-01  4.3491780439E-01
</CP of DelSqRho>
<CP of DelSqRho>
CP# = 8       
Type = (3,-1)
Coords = -1.99817746852826E+00 -5.51635948566807E-01 -4.78758192563025E-01
DistFromNuc =  9.6949626387E-01
Rho =  1.9232359487E-01
DelSqRho =  1.1425718168E-01
GradDelSqRho = -1.1102230246E-16 -2.2204460493E-16  9.9920072216E-16
HessDelSqRho_EigVals = -4.1094703827E+00 -5.0965600819E-01  1.8537361195E+01
HessDelSqRho_EigVec1 =  7.8881485694E-01  4.8948737001E-01  3.7171660720E-01
HessDelSqRho_EigVec2 =  3.2937780035E-02 -6.3757646473E-01  7.6968263217E-01
HessDelSqRho_EigVec3 = -6.1374768766E-01  5.9489357555E-01  5.1905241514E-01
</CP of DelSqRho>
<CP of DelSqRho>
CP# = 9       
Type = (3,-1)
Coords = -3.61347825982097E+00 -3.80099711304665E-02 -1.77224324324239E-02
DistFromNuc =  9.7869574598E-01
Rho =  1.9715099329E-01
DelSqRho =  1.8422857786E-01
GradDelSqRho =  4.6096459982E-13 -3.9149239406E-14  4.6074255522E-14
HessDelSqRho_EigVals = -4.7721670448E+00 -1.6055859840E+00  1.5136850343E+01
HessDelSqRho_EigVec1 = -4.1875364851E-02  7.2513213089E-01  6.8733532324E-01
HessDelSqRho_EigVec2 =  1.6662565845E-02 -6.8733622916E-01  7.2614824036E-01
HessDelSqRho_EigVec3 =  9.9898389012E-01  4.1860492582E-02  1.6699893494E-02
</CP of DelSqRho>
<CP of DelSqRho>
CP# = 10      
Type = (3,-1)
Coords = -2.05636364150184E+00  5.34059466622313E-01  5.67781474331573E-01
DistFromNuc =  9.7118715369E-01
Rho =  1.9075089689E-01
DelSqRho =  9.2792901422E-02
GradDelSqRho =  5.0653925499E-16 -2.3869795029E-15 -9.8532293435E-16
HessDelSqRho_EigVals = -3.9708589850E+00 -4.7962994144E-01  1.7923537147E+01
HessDelSqRho_EigVec1 =  8.3916048170E-01 -3.6196774002E-01 -4.0594216478E-01
HessDelSqRho_EigVec2 =  1.4747814495E-02 -7.3095844096E-01  6.8226260307E-01
HessDelSqRho_EigVec3 =  5.4368390442E-01  5.7851457438E-01  6.0805320434E-01
</CP of DelSqRho>
<CP of DelSqRho>
CP# = 11      
Type = (3,+1)
Coords = -2.10270220811163E+00 -3.24501126637596E-01  7.67899317055794E-01
DistFromNuc =  9.8946311632E-01
Rho =  1.6543979184E-01
DelSqRho =  3.3564823206E-02
GradDelSqRho =  1.6653345369E-15 -9.9920072216E-16  1.7763568394E-15
HessDelSqRho_EigVals = -1.9754253323E+00  1.4961585172E-01  1.4244737686E+01
HessDelSqRho_EigVec1 =  8.4977198110E-01  8.7298858198E-02 -5.1987160867E-01
HessDelSqRho_EigVec2 = -9.3660191567E-02 -9.4549819579E-01 -3.1186684703E-01
HessDelSqRho_EigVec3 =  5.1876328770E-01 -3.1370698290E-01  7.9528144717E-01
</CP of DelSqRho>
<CP of DelSqRho>
CP# = 12      
Type = (3,+1)
Coords = -2.14722137379256E+00  7.59752603595964E-01 -3.92598649211292E-01
DistFromNuc =  9.8486090610E-01
Rho =  1.6996773736E-01
DelSqRho = -2.7826014322E-03
GradDelSqRho = -3.1086244690E-15 -3.5527136788E-15  3.6776137691E-15
HessDelSqRho_EigVals = -1.9710996911E+00  2.1848544584E-01  1.5274232448E+01
HessDelSqRho_EigVec1 =  8.6910236899E-01 -4.9058227412E-01  6.3167274233E-02
HessDelSqRho_EigVec2 =  1.3980534799E-01  3.6613441377E-01  9.2000003029E-01
HessDelSqRho_EigVec3 =  4.7446341997E-01  7.9074308304E-01 -3.8679431193E-01
</CP of DelSqRho>
<CP of DelSqRho>
CP# = 13      
Type = (3,+1)
Coords = -3.00460579607591E+00 -6.08514518997737E-01  6.26076364484361E-01
DistFromNuc =  9.4782207017E-01
Rho =  2.0351201805E-01
DelSqRho = -2.2546327800E-01
GradDelSqRho =  4.4408920985E-15  4.4408920985E-15 -3.1086244690E-15
HessDelSqRho_EigVals = -2.0325314382E+00  1.5613371188E+00  2.5506149394E+01
HessDelSqRho_EigVec1 =  4.2139930016E-02 -7.2819296561E-01 -6.8407545720E-01
HessDelSqRho_EigVec2 =  9.1542698279E-01 -2.4616258021E-01  3.1842962060E-01
HessDelSqRho_EigVec3 = -4.0027198936E-01 -6.3963973371E-01  6.5623421549E-01
</CP of DelSqRho>
<CP of DelSqRho>
CP# = 14      
Type = (3,+1)
Coords = -3.01828710067846E+00  5.80836212397678E-01 -6.47183127046269E-01
DistFromNuc =  9.5005460788E-01
Rho =  2.0097640505E-01
DelSqRho = -2.1680162982E-01
GradDelSqRho =  1.5543122345E-15 -4.8849813084E-15  6.6613381478E-15
HessDelSqRho_EigVals = -1.8872321332E+00  1.4342155335E+00  2.4761034930E+01
HessDelSqRho_EigVec1 = -2.8043732483E-02  7.3583175406E-01  6.7658346033E-01
HessDelSqRho_EigVec2 = -9.1043358999E-01 -2.9825018491E-01  2.8663130573E-01
HessDelSqRho_EigVec3 =  4.1270355861E-01 -6.0794609705E-01  6.7828999387E-01
</CP of DelSqRho>
<CP of DelSqRho>
CP# = 15      
Type = (3,+3)
Coords = -3.07645995102580E+00  5.79136893287340E-01  5.67382103769818E-01
DistFromNuc =  9.2282590095E-01
Rho =  3.5410066354E-01
DelSqRho = -1.3987565962E+00
GradDelSqRho =  1.2212453271E-15 -4.2188474936E-15 -2.3314683517E-15
HessDelSqRho_EigVals =  5.0843256812E+00  8.9882929584E+00  3.7873078350E+01
HessDelSqRho_EigVec1 = -1.2659399285E-02  6.9417441681E-01 -7.1969550412E-01
HessDelSqRho_EigVec2 =  8.9776673759E-01  3.2481567197E-01  2.9750573796E-01
HessDelSqRho_EigVec3 = -4.4028925093E-01  6.4235244087E-01  6.2731867278E-01
</CP of DelSqRho>
<CP of DelSqRho>
CP# = 16      
Type = (3,+3)
Coords = -3.00938742218801E+00 -6.26576429501191E-01 -5.65207184041682E-01
DistFromNuc =  9.2288314847E-01
Rho =  3.5534162252E-01
DelSqRho = -1.4142877543E+00
GradDelSqRho =  1.7763568394E-15  3.7747582837E-15  2.2204460493E-15
HessDelSqRho_EigVals =  5.2041002364E+00  9.1971421167E+00  3.7838989278E+01
HessDelSqRho_EigVec1 =  2.9971691254E-02 -6.7737354065E-01  7.3502842404E-01
HessDelSqRho_EigVec2 = -9.2893430316E-01  2.5261482994E-01  2.7067842195E-01
HessDelSqRho_EigVec3 =  3.6902948139E-01  6.9090580698E-01  6.2166422427E-01
</CP of DelSqRho>
<CP of DelSqRho>
CP# = 17      
Type = (3,+1)
Coords = -2.88894751461717E+00 -1.06852250211479E+00  1.20408921675988E+00
DistFromNuc =  1.6296364190E+00
Rho =  6.1383386525E-02
DelSqRho =  1.0062165693E-01
GradDelSqRho = -5.0914134020E-16  9.9226182826E-16 -2.1510571102E-16
HessDelSqRho_EigVals = -5.0943291841E-01  5.8127963230E-03  1.1373421418E-01
HessDelSqRho_EigVec1 = -2.9212330836E-02 -6.7948404340E-01  7.3310850118E-01
HessDelSqRho_EigVec2 = -1.9658532449E-02  7.3367019296E-01  6.7922131155E-01
HessDelSqRho_EigVec3 =  9.9937989865E-01 -5.4298004053E-03  3.4789875517E-02
</CP of DelSqRho>
<CP of DelSqRho>
CP# = 18      
Type = (3,+1)
Coords = -2.88905501158231E+00  1.30827207785128E+00 -9.70140461416403E-01
DistFromNuc =  1.6483162577E+00
Rho =  6.1026041197E-02
DelSqRho =  9.7182563906E-02
GradDelSqRho = -7.5894152074E-17  2.9837243787E-16  1.3183898417E-16
HessDelSqRho_EigVals = -5.0225347904E-01  2.7735471547E-02  1.1005197693E-01
HessDelSqRho_EigVec1 = -2.7666740999E-02  7.3209527076E-01 -6.8064018833E-01
HessDelSqRho_EigVec2 =  1.6418692958E-01  6.7498147171E-01  7.1933487682E-01
HessDelSqRho_EigVec3 =  9.8604117744E-01 -9.1850570942E-02 -1.3887501222E-01
</CP of DelSqRho>
<CP of DelSqRho>
CP# = 19      
Type = (3,-1)
Coords = -3.13195729560980E+00 -1.88856937997358E+00  2.05343654152615E-01
DistFromNuc =  1.9634535883E+00
Rho =  7.2384897325E-02
DelSqRho =  1.2464364033E-01
GradDelSqRho = -4.5102810375E-17  1.5612511284E-16 -2.9316826744E-16
HessDelSqRho_EigVals = -8.2129051625E-01 -1.6281057975E-01  9.1434233863E-02
HessDelSqRho_EigVec1 = -6.5797418310E-02  7.1672931294E-01 -6.9424044229E-01
HessDelSqRho_EigVec2 = -4.6097213073E-01 -6.3888822982E-01 -6.1589489728E-01
HessDelSqRho_EigVec3 =  8.8497197381E-01 -2.7950120173E-01 -3.7242943465E-01
</CP of DelSqRho>
<CP of DelSqRho>
CP# = 20      
Type = (3,-1)
Coords = -3.25566166101719E+00 -1.38126056134076E-01  1.85907004917619E+00
DistFromNuc =  1.9645853675E+00
Rho =  7.2369475887E-02
DelSqRho =  1.2441709658E-01
GradDelSqRho =  1.0608701417E-13  1.2885525980E-14  9.2197083301E-14
HessDelSqRho_EigVals = -8.1684182910E-01 -1.6340490231E-01  8.9531474163E-02
HessDelSqRho_EigVec1 =  4.9901856326E-02 -6.5600574734E-01  7.5310441785E-01
HessDelSqRho_EigVec2 = -5.4413766095E-01  6.1445019780E-01  5.7128378269E-01
HessDelSqRho_EigVec3 =  8.3751060332E-01  4.3830059763E-01  3.2629522744E-01
</CP of DelSqRho>
<CP of DelSqRho>
CP# = 21      
Type = (3,-1)
Coords = -3.22063248731795E+00  7.08933000010274E-02 -1.86529307412468E+00
DistFromNuc =  1.9561471775E+00
Rho =  7.3021614120E-02
DelSqRho =  1.2396739103E-01
GradDelSqRho = -5.5077470362E-16 -8.7430063189E-16  1.7416623699E-15
HessDelSqRho_EigVals = -8.1566689306E-01 -1.6772559419E-01  9.4439047476E-02
HessDelSqRho_EigVec1 = -4.3853920831E-04 -6.5105747477E-01  7.5902830793E-01
HessDelSqRho_EigVec2 =  4.6123854250E-01  6.7333608921E-01  5.7782135464E-01
HessDelSqRho_EigVec3 =  8.8727606448E-01 -3.5034650778E-01 -2.9999751647E-01
</CP of DelSqRho>
<CP of DelSqRho>
CP# = 22      
Type = (3,-1)
Coords = -3.28944017613121E+00  1.84799533811052E+00 -1.87845121216447E-01
DistFromNuc =  1.9692061795E+00
Rho =  7.3164887580E-02
DelSqRho =  1.2197371655E-01
GradDelSqRho = -1.4224732503E-16  1.5785983631E-16 -1.0061396161E-16
HessDelSqRho_EigVals = -7.9907687971E-01 -1.6934141068E-01  9.0088404945E-02
HessDelSqRho_EigVec1 =  2.5771010113E-02  7.3403387430E-01 -6.7862370016E-01
HessDelSqRho_EigVec2 = -5.5081211632E-01  5.7693189987E-01  6.0312154283E-01
HessDelSqRho_EigVec3 =  8.3423130339E-01  3.5825110509E-01  4.1918286958E-01
</CP of DelSqRho>
<CP of DelSqRho>
CP# = 23      
Type = (3,-3)
Coords = -4.00302498411410E+00 -6.47496633836193E-02 -1.64616183085062E-02
DistFromNuc =  1.3689747008E+00
Rho =  1.1038477927E-01
DelSqRho =  3.0459734880E-01
GradDelSqRho = -4.3298697960E-15  1.8526846723E-15  1.8995222062E-15
HessDelSqRho_EigVals = -1.1805205154E+00 -7.1235656713E-01 -4.6048340170E-01
HessDelSqRho_EigVec1 =  9.9949865787E-01  2.6721969141E-02  1.6981439142E-02
HessDelSqRho_EigVec2 = -3.0962128515E-02  7.1286038807E-01  7.0062216188E-01
HessDelSqRho_EigVec3 =  6.6166084921E-03 -7.0079669198E-01  7.1333037017E-01
</CP of DelSqRho>
<Path of -GradDelSqRho>
Starting CP# =      2
Ending CP# =     16
Number of Points =     17
 -3.2155615461E+00 -8.9046474603E-01 -8.0920295814E-01  3.2555684081E-01 -9.8238376159E-01
 -3.2040375543E+00 -8.7408720854E-01 -7.9423720159E-01  3.2590454654E-01 -9.8444351858E-01
 -3.1925228003E+00 -8.5770505467E-01 -7.7926938726E-01  3.2646860307E-01 -9.9065234459E-01
 -3.1810162819E+00 -8.4131874785E-01 -7.6429978546E-01  3.2724825127E-01 -1.0010633026E+00
 -3.1695162804E+00 -8.2492904186E-01 -7.4932889708E-01  3.2824118155E-01 -1.0157373011E+00
 -3.1580202425E+00 -8.0853703663E-01 -7.3435748176E-01  3.2944348866E-01 -1.0347317721E+00
 -3.1465246149E+00 -7.9214425462E-01 -7.1938660189E-01  3.3084961691E-01 -1.0580805104E+00
 -3.1350245932E+00 -7.7575275468E-01 -7.0441769333E-01  3.3245230872E-01 -1.0857630101E+00
 -3.1235137197E+00 -7.5936531324E-01 -6.8945268307E-01  3.3424257649E-01 -1.1176609966E+00
 -3.1119832118E+00 -7.4298572733E-01 -6.7449419096E-01  3.3620972704E-01 -1.1534992197E+00
 -3.1004207871E+00 -7.2661934696E-01 -6.5954588794E-01  3.3834147811E-01 -1.1927670014E+00
 -3.0888084995E+00 -7.1027406612E-01 -6.4461316655E-01  3.4062422003E-01 -1.2346165758E+00
 -3.0771184430E+00 -6.9396231977E-01 -6.2970449414E-01  3.4304348809E-01 -1.2777340639E+00
 -3.0653032725E+00 -6.7770558867E-01 -6.1483446685E-01  3.4558471293E-01 -1.3201792421E+00
 -3.0532716772E+00 -6.6154644316E-01 -6.0003197841E-01  3.4823424566E-01 -1.3591919306E+00
 -3.0408059638E+00 -6.4559130476E-01 -5.8536928906E-01  3.5098003289E-01 -1.3909699283E+00
 -3.0093874222E+00 -6.2657642950E-01 -5.6520718404E-01  3.5534162252E-01 -1.4142877543E+00
</Path of -GradDelSqRho>
<Path of -GradDelSqRho>
Starting CP# =      2
Ending CP# =      0
Number of Points =    400
 -3.2155615461E+00 -8.9046474603E-01 -8.0920295814E-01  3.2555684081E-01 -9.8238376159E-01
 -3.2270949185E+00 -9.0683757450E-01 -8.2416664084E-01  3.2542472194E-01 -9.8443136393E-01
 -3.2386377448E+00 -9.2320555349E-01 -8.3912833912E-01  3.2550591446E-01 -9.9055206433E-01
 -3.2501893704E+00 -9.3956883696E-01 -8.5408838231E-01  3.2579662157E-01 -1.0007075125E+00
 -3.2617486831E+00 -9.5592771954E-01 -8.6904730084E-01  3.2629150925E-01 -1.0148352552E+00
 -3.2733141245E+00 -9.7228260929E-01 -8.8400584834E-01  3.2698369355E-01 -1.0328187676E+00
 -3.2848836530E+00 -9.8863400742E-01 -8.9896505245E-01  3.2786475152E-01 -1.0544454054E+00
 -3.2964546246E+00 -1.0049824987E+00 -9.1392631736E-01  3.2892478409E-01 -1.0793495046E+00
 -3.3080235190E+00 -1.0213287591E+00 -9.2889162557E-01  3.3015256991E-01 -1.1069372386E+00
 -3.3195853484E+00 -1.0376735941E+00 -9.4386394850E-01  3.3153586283E-01 -1.1362892838E+00
 -3.3311323227E+00 -1.0540180398E+00 -9.5884815436E-01  3.3306190200E-01 -1.1660369302E+00
 -3.3426504238E+00 -1.0703636198E+00 -9.7385332568E-01  3.3471822229E-01 -1.1942070737E+00
 -3.3541082343E+00 -1.0867130973E+00 -9.8890032544E-01  3.3649386076E-01 -1.2180316902E+00
 -3.3653963906E+00 -1.1030734630E+00 -1.0040629237E+00  3.3838089290E-01 -1.2337185764E+00
 -3.3718287549E+00 -1.1142488868E+00 -1.0156864112E+00  3.3974170955E-01 -1.2372118143E+00
 -3.3718285296E+00 -1.1142362397E+00 -1.0157006285E+00  3.3974171707E-01 -1.2372118150E+00
 -3.3718285297E+00 -1.1142362384E+00 -1.0157006298E+00  3.3974171707E-01 -1.2372118150E+00
 -3.3718285297E+00 -1.1142362384E+00 -1.0157006298E+00  3.3974171707E-01 -1.2372118150E+00
 -3.3718285297E+00 -1.1142362384E+00 -1.0157006298E+00  3.3974171707E-01 -1.2372118150E+00
 -3.3718285297E+00 -1.1142362384E+00 -1.0157006298E+00  3.3974171707E-01 -1.2372118150E+00
 -3.3718285297E+00 -1.1142362384E+00 -1.0157006298E+00  3.3974171707E-01 -1.2372118150E+00
 -3.3718285297E+00 -1.1142362384E+00 -1.0157006298E+00  3.3974171707E-01 -1.2372118150E+00
 -3.3718285297E+00 -1.1142362384E+00 -1.0157006298E+00  3.3974171707E-01 -1.2372118150E+00
 -3.3718285297E+00 -1.1142362384E+00 -1.0157006298E+00  3.3974171707E-01 -1.2372118150E+00
 -3.3718285297E+00 -1.1142362384E+00 -1.0157006298E+00  3.3974171707E-01 -1.2372118150E+00
 -3.3718285297E+00 -1.1142362384E+00 -1.0157006298E+00  3.3974171707E-01 -1.2372118150E+00
 -3.3718285297E+00 -1.1142362384E+00 -1.0157006298E+00  3.3974171707E-01 -1.2372118150E+00
 -3.3718285297E+00 -1.1142362384E+00 -1.0157006298E+00  3.3974171707E-01 -1.2372118150E+00
 -3.3718285297E+00 -1.1142362384E+00 -1.0157006298E+00  3.3974171707E-01 -1.2372118150E+00
 -3.3718285297E+00 -1.1142362384E+00 -1.0157006298E+00  3.3974171707E-01 -1.2372118150E+00
 -3.3718285297E+00 -1.1142362384E+00 -1.0157006298E+00  3.3974171707E-01 -1.2372118150E+00
 -3.3718285297E+00 -1.1142362384E+00 -1.0157006298E+00  3.3974171707E-01 -1.2372118150E+00
 -3.3718285297E+00 -1.1142362384E+00 -1.0157006298E+00  3.3974171707E-01 -1.2372118150E+00
 -3.3718285297E+00 -1.1142362384E+00 -1.0157006298E+00  3.3974171707E-01 -1.2372118150E+00
 -3.3718285297E+00 -1.1142362384E+00 -1.0157006298E+00  3.3974171707E-01 -1.2372118150E+00
 -3.3718285297E+00 -1.1142362384E+00 -1.0157006298E+00  3.3974171707E-01 -1.2372118150E+00
 -3.3718285297E+00 -1.1142362384E+00 -1.0157006298E+00  3.3974171707E-01 -1.2372118150E+00
 -3.3718285297E+00 -1.1142362384E+00 -1.0157006298E+00  3.3974171707E-01 -1.2372118150E+00
 -3.3718285297E+00 -1.1142362384E+00 -1.0157006298E+00  3.3974171707E-01 -1.2372118150E+00
 -3.3718285297E+00 -1.1142362384E+00 -1.0157006298E+00  3.3974171707E-01 -1.2372118150E+00
 -3.3718285297E+00 -1.1142362384E+00 -1.0157006298E+00  3.3974171707E-01 -1.2372118150E+00
 -3.3718285297E+00 -1.1142362384E+00 -1.0157006298E+00  3.3974171707E-01 -1.2372118150E+00
 -3.3718285297E+00 -1.1142362384E+00 -1.0157006298E+00  3.3974171707E-01 -1.2372118150E+00
 -3.3718285297E+00 -1.1142362384E+00 -1.0157006298E+00  3.3974171707E-01 -1.2372118150E+00
 -3.3718285297E+00 -1.1142362384E+00 -1.0157006298E+00  3.3974171707E-01 -1.2372118150E+00
 -3.3718285297E+00 -1.1142362384E+00 -1.0157006298E+00  3.3974171707E-01 -1.2372118150E+00
 -3.3718285297E+00 -1.1142362384E+00 -1.0157006298E+00  3.3974171707E-01 -1.2372118150E+00
 -3.3718285297E+00 -1.1142362384E+00 -1.0157006298E+00  3.3974171707E-01 -1.2372118150E+00
 -3.3718285297E+00 -1.1142362384E+00 -1.0157006298E+00  3.3974171707E-01 -1.2372118150E+00
 -3.3718285297E+00 -1.1142362384E+00 -1.0157006298E+00  3.3974171707E-01 -1.2372118150E+00
 -3.3718285297E+00 -1.1142362384E+00 -1.0157006298E+00  3.3974171707E-01 -1.2372118150E+00
 -3.3718285297E+00 -1.1142362384E+00 -1.0157006298E+00  3.3974171707E-01 -1.2372118150E+00
 -3.3718285297E+00 -1.1142362384E+00 -1.0157006298E+00  3.3974171707E-01 -1.2372118150E+00
 -3.3718285297E+00 -1.1142362384E+00 -1.0157006298E+00  3.3974171707E-01 -1.2372118150E+00
 -3.3718285297E+00 -1.1142362384E+00 -1.0157006298E+00  3.3974171707E-01 -1.2372118150E+00
 -3.3718285297E+00 -1.1142362384E+00 -1.0157006298E+00  3.3974171707E-01 -1.2372118150E+00
 -3.3718285297E+00 -1.1142362384E+00 -1.0157006298E+00  3.3974171707E-01 -1.2372118150E+00
 -3.3718285297E+00 -1.1142362384E+00 -1.0157006298E+00  3.3974171707E-01 -1.2372118150E+00
 -3.3718285297E+00 -1.1142362384E+00 -1.0157006298E+00  3.3974171707E-01 -1.2372118150E+00
 -3.3718285297E+00 -1.1142362384E+00 -1.0157006298E+00  3.3974171707E-01 -1.2372118150E+00
 -3.3718285297E+00 -1.1142362384E+00 -1.0157006298E+00  3.3974171707E-01 -1.2372118150E+00
 -3.3718285297E+00 -1.1142362384E+00 -1.0157006298E+00  3.3974171707E-01 -1.2372118150E+00
 -3.3718285297E+00 -1.1142362384E+00 -1.0157006298E+00  3.3974171707E-01 -1.2372118150E+00
 -3.3718285297E+00 -1.1142362384E+00 -1.0157006298E+00  3.3974171707E-01 -1.2372118150E+00
 -3.3718285297E+00 -1.1142362384E+00 -1.0157006298E+00  3.3974171707E-01 -1.2372118150E+00
 -3.3718285297E+00 -1.1142362384E+00 -1.0157006298E+00  3.3974171707E-01 -1.2372118150E+00
 -3.3718285297E+00 -1.1142362384E+00 -1.0157006298E+00  3.3974171707E-01 -1.2372118150E+00
 -3.3718285297E+00 -1.1142362384E+00 -1.0157006298E+00  3.3974171707E-01 -1.2372118150E+00
 -3.3718285297E+00 -1.1142362384E+00 -1.0157006298E+00  3.3974171707E-01 -1.2372118150E+00
 -3.3718285297E+00 -1.1142362384E+00 -1.0157006298E+00  3.3974171707E-01 -1.2372118150E+00
 -3.3718285297E+00 -1.1142362384E+00 -1.0157006298E+00  3.3974171707E-01 -1.2372118150E+00
 -3.3718285297E+00 -1.1142362384E+00 -1.0157006298E+00  3.3974171707E-01 -1.2372118150E+00
 -3.3718285297E+00 -1.1142362384E+00 -1.0157006298E+00  3.3974171707E-01 -1.2372118150E+00
 -3.3718285297E+00 -1.1142362384E+00 -1.0157006298E+00  3.3974171707E-01 -1.2372118150E+00
 -3.3718285297E+00 -1.1142362384E+00 -1.0157006298E+00  3.3974171707E-01 -1.2372118150E+00
 -3.3718285297E+00 -1.1142362384E+00 -1.0157006298E+00  3.3974171707E-01 -1.2372118150E+00
 -3.3718285297E+00 -1.1142362384E+00 -1.0157006298E+00  3.3974171707E-01 -1.2372118150E+00
 -3.3718285297E+00 -1.1142362384E+00 -1.0157006298E+00  3.3974171707E-01 -1.2372118150E+00
 -3.3718285297E+00 -1.1142362384E+00 -1.0157006298E+00  3.3974171707E-01 -1.2372118150E+00
 -3.3718285297E+00 -1.1142362384E+00 -1.0157006298E+00  3.3974171707E-01 -1.2372118150E+00
 -3.3718285297E+00 -1.1142362384E+00 -1.0157006298E+00  3.3974171707E-01 -1.2372118150E+00
 -3.3718285297E+00 -1.1142362384E+00 -1.0157006298E+00  3.3974171707E-01 -1.2372118150E+00
 -3.3718285297E+00 -1.1142362384E+00 -1.0157006298E+00  3.3974171707E-01 -1.2372118150E+00
 -3.3718285297E+00 -1.1142362384E+00 -1.0157006298E+00  3.3974171707E-01 -1.2372118150E+00
 -3.3718285297E+00 -1.1142362384E+00 -1.0157006298E+00  3.3974171707E-01 -1.2372118150E+00
 -3.3718285297E+00 -1.1142362384E+00 -1.0157006298E+00  3.3974171707E-01 -1.2372118150E+00
 -3.3718285297E+00 -1.1142362384E+00 -1.0157006298E+00  3.3974171707E-01 -1.2372118150E+00
 -3.3718285297E+00 -1.1142362384E+00 -1.0157006298E+00  3.3974171707E-01 -1.2372118150E+00
 -3.3718285297E+00 -1.1142362384E+00 -1.0157006298E+00  3.3974171707E-01 -1.2372118150E+00
 -3.3718285297E+00 -1.1142362384E+00 -1.0157006298E+00  3.3974171707E-01 -1.2372118150E+00
 -3.3718285297E+00 -1.1142362384E+00 -1.0157006298E+00  3.3974171707E-01 -1.2372118150E+00
 -3.3718285297E+00 -1.1142362384E+00 -1.0157006298E+00  3.3974171707E-01 -1.2372118150E+00
 -3.3718285297E+00 -1.1142362384E+00 -1.0157006298E+00  3.3974171707E-01 -1.2372118150E+00
 -3.3718285297E+00 -1.1142362384E+00 -1.0157006298E+00  3.3974171707E-01 -1.2372118150E+00
 -3.3718285297E+00 -1.1142362384E+00 -1.0157006298E+00  3.3974171707E-01 -1.2372118150E+00
 -3.3718285297E+00 -1.1142362384E+00 -1.0157006298E+00  3.3974171707E-01 -1.2372118150E+00
 -3.3718285297E+00 -1.1142362384E+00 -1.0157006298E+00  3.3974171707E-01 -1.2372118150E+00
 -3.3718285297E+00 -1.1142362384E+00 -1.0157006298E+00  3.3974171707E-01 -1.2372118150E+00
 -3.3718285297E+00 -1.1142362384E+00 -1.0157006298E+00  3.3974171707E-01 -1.2372118150E+00
 -3.3718285297E+00 -1.1142362384E+00 -1.0157006298E+00  3.3974171707E-01 -1.2372118150E+00
 -3.3718285297E+00 -1.1142362384E+00 -1.0157006298E+00  3.3974171707E-01 -1.2372118150E+00
 -3.3718285297E+00 -1.1142362384E+00 -1.0157006298E+00  3.3974171707E-01 -1.2372118150E+00
 -3.3718285297E+00 -1.1142362384E+00 -1.0157006298E+00  3.3974171707E-01 -1.2372118150E+00
 -3.3718285297E+00 -1.1142362384E+00 -1.0157006298E+00  3.3974171707E-01 -1.2372118150E+00
 -3.3718285297E+00 -1.1142362384E+00 -1.0157006298E+00  3.3974171707E-01 -1.2372118150E+00
 -3.3718285297E+00 -1.1142362384E+00 -1.0157006298E+00  3.3974171707E-01 -1.2372118150E+00
 -3.3718285297E+00 -1.1142362384E+00 -1.0157006298E+00  3.3974171707E-01 -1.2372118150E+00
 -3.3718285297E+00 -1.1142362384E+00 -1.0157006298E+00  3.3974171707E-01 -1.2372118150E+00
 -3.3718285297E+00 -1.1142362384E+00 -1.0157006298E+00  3.3974171707E-01 -1.2372118150E+00
 -3.3718285297E+00 -1.1142362384E+00 -1.0157006298E+00  3.3974171707E-01 -1.2372118150E+00
 -3.3718285297E+00 -1.1142362384E+00 -1.0157006298E+00  3.3974171707E-01 -1.2372118150E+00
 -3.3718285297E+00 -1.1142362384E+00 -1.0157006298E+00  3.3974171707E-01 -1.2372118150E+00
 -3.3718285297E+00 -1.1142362384E+00 -1.0157006298E+00  3.3974171707E-01 -1.2372118150E+00
 -3.3718285297E+00 -1.1142362384E+00 -1.0157006298E+00  3.3974171707E-01 -1.2372118150E+00
 -3.3718285297E+00 -1.1142362384E+00 -1.0157006298E+00  3.3974171707E-01 -1.2372118150E+00
 -3.3718285297E+00 -1.1142362384E+00 -1.0157006298E+00  3.3974171707E-01 -1.2372118150E+00
 -3.3718285297E+00 -1.1142362384E+00 -1.0157006298E+00  3.3974171707E-01 -1.2372118150E+00
 -3.3718285297E+00 -1.1142362384E+00 -1.0157006298E+00  3.3974171707E-01 -1.2372118150E+00
 -3.3718285297E+00 -1.1142362384E+00 -1.0157006298E+00  3.3974171707E-01 -1.2372118150E+00
 -3.3718285297E+00 -1.1142362384E+00 -1.0157006298E+00  3.3974171707E-01 -1.2372118150E+00
 -3.3718285297E+00 -1.1142362384E+00 -1.0157006298E+00  3.3974171707E-01 -1.2372118150E+00
 -3.3718285297E+00 -1.1142362384E+00 -1.0157006298E+00  3.3974171707E-01 -1.2372118150E+00
 -3.3718285297E+00 -1.1142362384E+00 -1.0157006298E+00  3.3974171707E-01 -1.2372118150E+00
 -3.3718285297E+00 -1.1142362384E+00 -1.0157006298E+00  3.3974171707E-01 -1.2372118150E+00
 -3.3718285297E+00 -1.1142362384E+00 -1.0157006298E+00  3.3974171707E-01 -1.2372118150E+00
 -3.3718285297E+00 -1.1142362384E+00 -1.0157006298E+00  3.3974171707E-01 -1.2372118150E+00
 -3.3718285297E+00 -1.1142362384E+00 -1.0157006298E+00  3.3974171707E-01 -1.2372118150E+00
 -3.3718285297E+00 -1.1142362384E+00 -1.0157006298E+00  3.3974171707E-01 -1.2372118150E+00
 -3.3718285297E+00 -1.1142362384E+00 -1.0157006298E+00  3.3974171707E-01 -1.2372118150E+00
 -3.3718285297E+00 -1.1142362384E+00 -1.0157006298E+00  3.3974171707E-01 -1.2372118150E+00
 -3.3718285297E+00 -1.1142362384E+00 -1.0157006298E+00  3.3974171707E-01 -1.2372118150E+00
 -3.3718285297E+00 -1.1142362384E+00 -1.0157006298E+00  3.3974171707E-01 -1.2372118150E+00
 -3.3718285297E+00 -1.1142362384E+00 -1.0157006298E+00  3.3974171707E-01 -1.2372118150E+00
 -3.3718285297E+00 -1.1142362384E+00 -1.0157006298E+00  3.3974171707E-01 -1.2372118150E+00
 -3.3718285297E+00 -1.1142362384E+00 -1.0157006298E+00  3.3974171707E-01 -1.2372118150E+00
 -3.3718285297E+00 -1.1142362384E+00 -1.0157006298E+00  3.3974171707E-01 -1.2372118150E+00
 -3.3718285297E+00 -1.1142362384E+00 -1.0157006298E+00  3.3974171707E-01 -1.2372118150E+00
 -3.3718285297E+00 -1.1142362384E+00 -1.0157006298E+00  3.3974171707E-01 -1.2372118150E+00
 -3.3718285297E+00 -1.1142362384E+00 -1.0157006298E+00  3.3974171707E-01 -1.2372118150E+00
 -3.3718285297E+00 -1.1142362384E+00 -1.0157006298E+00  3.3974171707E-01 -1.2372118150E+00
 -3.3718285297E+00 -1.1142362384E+00 -1.0157006298E+00  3.3974171707E-01 -1.2372118150E+00
 -3.3718285297E+00 -1.1142362384E+00 -1.0157006298E+00  3.3974171707E-01 -1.2372118150E+00
 -3.3718285297E+00 -1.1142362384E+00 -1.0157006298E+00  3.3974171707E-01 -1.2372118150E+00
 -3.3718285297E+00 -1.1142362384E+00 -1.0157006298E+00  3.3974171707E-01 -1.2372118150E+00
 -3.3718285297E+00 -1.1142362384E+00 -1.0157006298E+00  3.3974171707E-01 -1.2372118150E+00
 -3.3718285297E+00 -1.1142362384E+00 -1.0157006298E+00  3.3974171707E-01 -1.2372118150E+00
 -3.3718285297E+00 -1.1142362384E+00 -1.0157006298E+00  3.3974171707E-01 -1.2372118150E+00
 -3.3718285297E+00 -1.1142362384E+00 -1.0157006298E+00  3.3974171707E-01 -1.2372118150E+00
 -3.3718285297E+00 -1.1142362384E+00 -1.0157006298E+00  3.3974171707E-01 -1.2372118150E+00
 -3.3718285297E+00 -1.1142362384E+00 -1.0157006298E+00  3.3974171707E-01 -1.2372118150E+00
 -3.3718285297E+00 -1.1142362384E+00 -1.0157006298E+00  3.3974171707E-01 -1.2372118150E+00
 -3.3718285297E+00 -1.1142362384E+00 -1.0157006298E+00  3.3974171707E-01 -1.2372118150E+00
 -3.3718285297E+00 -1.1142362384E+00 -1.0157006298E+00  3.3974171707E-01 -1.2372118150E+00
 -3.3718285297E+00 -1.1142362384E+00 -1.0157006298E+00  3.3974171707E-01 -1.2372118150E+00
 -3.3718285297E+00 -1.1142362384E+00 -1.0157006298E+00  3.3974171707E-01 -1.2372118150E+00
 -3.3718285297E+00 -1.1142362384E+00 -1.0157006298E+00  3.3974171707E-01 -1.2372118150E+00
 -3.3718285297E+00 -1.1142362384E+00 -1.0157006298E+00  3.3974171707E-01 -1.2372118150E+00
 -3.3718285297E+00 -1.1142362384E+00 -1.0157006298E+00  3.3974171707E-01 -1.2372118150E+00
 -3.3718285297E+00 -1.1142362384E+00 -1.0157006298E+00  3.3974171707E-01 -1.2372118150E+00
 -3.3718285297E+00 -1.1142362384E+00 -1.0157006298E+00  3.3974171707E-01 -1.2372118150E+00
 -3.3718285297E+00 -1.1142362384E+00 -1.0157006298E+00  3.3974171707E-01 -1.2372118150E+00
 -3.3718285297E+00 -1.1142362384E+00 -1.0157006298E+00  3.3974171707E-01 -1.2372118150E+00
 -3.3718285297E+00 -1.1142362384E+00 -1.0157006298E+00  3.3974171707E-01 -1.2372118150E+00
 -3.3718285297E+00 -1.1142362384E+00 -1.0157006298E+00  3.3974171707E-01 -1.2372118150E+00
 -3.3718285297E+00 -1.1142362384E+00 -1.0157006298E+00  3.3974171707E-01 -1.2372118150E+00
 -3.3718285297E+00 -1.1142362384E+00 -1.0157006298E+00  3.3974171707E-01 -1.2372118150E+00
 -3.3718285297E+00 -1.1142362384E+00 -1.0157006298E+00  3.3974171707E-01 -1.2372118150E+00
 -3.3718285297E+00 -1.1142362384E+00 -1.0157006298E+00  3.3974171707E-01 -1.2372118150E+00
 -3.3718285297E+00 -1.1142362384E+00 -1.0157006298E+00  3.3974171707E-01 -1.2372118150E+00
 -3.3718285297E+00 -1.1142362384E+00 -1.0157006298E+00  3.3974171707E-01 -1.2372118150E+00
 -3.3718285297E+00 -1.1142362384E+00 -1.0157006298E+00  3.3974171707E-01 -1.2372118150E+00
 -3.3718285297E+00 -1.1142362384E+00 -1.0157006298E+00  3.3974171707E-01 -1.2372118150E+00
 -3.3718285297E+00 -1.1142362384E+00 -1.0157006298E+00  3.3974171707E-01 -1.2372118150E+00
 -3.3718285297E+00 -1.1142362384E+00 -1.0157006298E+00  3.3974171707E-01 -1.2372118150E+00
 -3.3718285297E+00 -1.1142362384E+00 -1.0157006298E+00  3.3974171707E-01 -1.2372118150E+00
 -3.3718285297E+00 -1.1142362384E+00 -1.0157006298E+00  3.3974171707E-01 -1.2372118150E+00
 -3.3718285297E+00 -1.1142362384E+00 -1.0157006298E+00  3.3974171707E-01 -1.2372118150E+00
 -3.3718285297E+00 -1.1142362384E+00 -1.0157006298E+00  3.3974171707E-01 -1.2372118150E+00
 -3.3718285297E+00 -1.1142362384E+00 -1.0157006298E+00  3.3974171707E-01 -1.2372118150E+00
 -3.3718285297E+00 -1.1142362384E+00 -1.0157006298E+00  3.3974171707E-01 -1.2372118150E+00
 -3.3718285297E+00 -1.1142362384E+00 -1.0157006298E+00  3.3974171707E-01 -1.2372118150E+00
 -3.3718285297E+00 -1.1142362384E+00 -1.0157006298E+00  3.3974171707E-01 -1.2372118150E+00
 -3.3718285297E+00 -1.1142362384E+00 -1.0157006298E+00  3.3974171707E-01 -1.2372118150E+00
 -3.3718285297E+00 -1.1142362384E+00 -1.0157006298E+00  3.3974171707E-01 -1.2372118150E+00
 -3.3718285297E+00 -1.1142362384E+00 -1.0157006298E+00  3.3974171707E-01 -1.2372118150E+00
 -3.3718285297E+00 -1.1142362384E+00 -1.0157006298E+00  3.3974171707E-01 -1.2372118150E+00
 -3.3718285297E+00 -1.1142362384E+00 -1.0157006298E+00  3.3974171707E-01 -1.2372118150E+00
 -3.3718285297E+00 -1.1142362384E+00 -1.0157006298E+00  3.3974171707E-01 -1.2372118150E+00
 -3.3718285297E+00 -1.1142362384E+00 -1.0157006298E+00  3.3974171707E-01 -1.2372118150E+00
 -3.3718285297E+00 -1.1142362384E+00 -1.0157006298E+00  3.3974171707E-01 -1.2372118150E+00
 -3.3718285297E+00 -1.1142362384E+00 -1.0157006298E+00  3.3974171707E-01 -1.2372118150E+00
 -3.3718285297E+00 -1.1142362384E+00 -1.0157006298E+00  3.3974171707E-01 -1.2372118150E+00
 -3.3718285297E+00 -1.1142362384E+00 -1.0157006298E+00  3.3974171707E-01 -1.2372118150E+00
 -3.3718285297E+00 -1.1142362384E+00 -1.0157006298E+00  3.3974171707E-01 -1.2372118150E+00
 -3.3718285297E+00 -1.1142362384E+00 -1.0157006298E+00  3.3974171707E-01 -1.2372118150E+00
 -3.3718285297E+00 -1.1142362384E+00 -1.0157006298E+00  3.3974171707E-01 -1.2372118150E+00
 -3.3718285297E+00 -1.1142362384E+00 -1.0157006298E+00  3.3974171707E-01 -1.2372118150E+00
 -3.3718285297E+00 -1.1142362384E+00 -1.0157006298E+00  3.3974171707E-01 -1.2372118150E+00
 -3.3718285297E+00 -1.1142362384E+00 -1.0157006298E+00  3.3974171707E-01 -1.2372118150E+00
 -3.3718285297E+00 -1.1142362384E+00 -1.0157006298E+00  3.3974171707E-01 -1.2372118150E+00
 -3.3718285297E+00 -1.1142362384E+00 -1.0157006298E+00  3.3974171707E-01 -1.2372118150E+00
 -3.3718285297E+00 -1.1142362384E+00 -1.0157006298E+00  3.3974171707E-01 -1.2372118150E+00
 -3.3718285297E+00 -1.1142362384E+00 -1.0157006298E+00  3.3974171707E-01 -1.2372118150E+00
 -3.3718285297E+00 -1.1142362384E+00 -1.0157006298E+00  3.3974171707E-01 -1.2372118150E+00
 -3.3718285297E+00 -1.1142362384E+00 -1.0157006298E+00  3.3974171707E-01 -1.2372118150E+00
 -3.3718285297E+00 -1.1142362384E+00 -1.0157006298E+00  3.3974171707E-01 -1.2372118150E+00
 -3.3718285297E+00 -1.1142362384E+00 -1.0157006298E+00  3.3974171707E-01 -1.2372118150E+00
 -3.3718285297E+00 -1.1142362384E+00 -1.0157006298E+00  3.3974171707E-01 -1.2372118150E+00
 -3.3718285297E+00 -1.1142362384E+00 -1.0157006298E+00  3.3974171707E-01 -1.2372118150E+00
 -3.3718285297E+00 -1.1142362384E+00 -1.0157006298E+00  3.3974171707E-01 -1.2372118150E+00
 -3.3718285297E+00 -1.1142362384E+00 -1.0157006298E+00  3.3974171707E-01 -1.2372118150E+00
 -3.3718285297E+00 -1.1142362384E+00 -1.0157006298E+00  3.3974171707E-01 -1.2372118150E+00
 -3.3718285297E+00 -1.1142362384E+00 -1.0157006298E+00  3.3974171707E-01 -1.2372118150E+00
 -3.3718285297E+00 -1.1142362384E+00 -1.0157006298E+00  3.3974171707E-01 -1.2372118150E+00
 -3.3718285297E+00 -1.1142362384E+00 -1.0157006298E+00  3.3974171707E-01 -1.2372118150E+00
 -3.3718285297E+00 -1.1142362384E+00 -1.0157006298E+00  3.3974171707E-01 -1.2372118150E+00
 -3.3718285297E+00 -1.1142362384E+00 -1.0157006298E+00  3.3974171707E-01 -1.2372118150E+00
 -3.3718285297E+00 -1.1142362384E+00 -1.0157006298E+00  3.3974171707E-01 -1.2372118150E+00
 -3.3718285297E+00 -1.1142362384E+00 -1.0157006298E+00  3.3974171707E-01 -1.2372118150E+00
 -3.3718285297E+00 -1.1142362384E+00 -1.0157006298E+00  3.3974171707E-01 -1.2372118150E+00
 -3.3718285297E+00 -1.1142362384E+00 -1.0157006298E+00  3.3974171707E-01 -1.2372118150E+00
 -3.3718285297E+00 -1.1142362384E+00 -1.0157006298E+00  3.3974171707E-01 -1.2372118150E+00
 -3.3718285297E+00 -1.1142362384E+00 -1.0157006298E+00  3.3974171707E-01 -1.2372118150E+00
 -3.3718285297E+00 -1.1142362384E+00 -1.0157006298E+00  3.3974171707E-01 -1.2372118150E+00
 -3.3718285297E+00 -1.1142362384E+00 -1.0157006298E+00  3.3974171707E-01 -1.2372118150E+00
 -3.3718285297E+00 -1.1142362384E+00 -1.0157006298E+00  3.3974171707E-01 -1.2372118150E+00
 -3.3718285297E+00 -1.1142362384E+00 -1.0157006298E+00  3.3974171707E-01 -1.2372118150E+00
 -3.3718285297E+00 -1.1142362384E+00 -1.0157006298E+00  3.3974171707E-01 -1.2372118150E+00
 -3.3718285297E+00 -1.1142362384E+00 -1.0157006298E+00  3.3974171707E-01 -1.2372118150E+00
 -3.3718285297E+00 -1.1142362384E+00 -1.0157006298E+00  3.3974171707E-01 -1.2372118150E+00
 -3.3718285297E+00 -1.1142362384E+00 -1.0157006298E+00  3.3974171707E-01 -1.2372118150E+00
 -3.3718285297E+00 -1.1142362384E+00 -1.0157006298E+00  3.3974171707E-01 -1.2372118150E+00
 -3.3718285297E+00 -1.1142362384E+00 -1.0157006298E+00  3.3974171707E-01 -1.2372118150E+00
 -3.3718285297E+00 -1.1142362384E+00 -1.0157006298E+00  3.3974171707E-01 -1.2372118150E+00
 -3.3718285297E+00 -1.1142362384E+00 -1.0157006298E+00  3.3974171707E-01 -1.2372118150E+00
 -3.3718285297E+00 -1.1142362384E+00 -1.0157006298E+00  3.3974171707E-01 -1.2372118150E+00
