 AIMInt (Version 19.10.12, Professional)
 Portions Copyright (c) 1997-2019 by Todd A. Keith
 AIMInt is a component of the AIMAll package ( http://aim.tkgristmill.com )

 TP:  64-bit Mac OS X

 AIMInt is a heavily modified and extended version of the PROAIMV program
 developed by members of R.F.W. Bader's research group

 Much of the Quantum Theory of Atoms in Molecules (QTAIM) is described in the book:
   "Atoms in Molecules - A Quantum Theory"
   R.F.W. Bader, Oxford University Press, Oxford, 1990

 For additional references see:  http://aim.tkgristmill.com/references.html

 Current Directory:  /Users/chemlab/Documents/SubstituentCoding/New Reorientation Test

 Inp File:  SubC6H5_OPH2O-ReorPosY-B3LYP-def2-TZVPPD-Field_atomicfiles/c7.inp
 Wfx File:  SubC6H5_OPH2O-ReorPosY-B3LYP-def2-TZVPPD-Field.wfx
 Out File:  SubC6H5_OPH2O-ReorPosY-B3LYP-def2-TZVPPD-Field_atomicfiles/c7.int

 Wfx Title:   SubC6H5_OPH2O-ReorPosY-B3LYP-def2-TZVPPD-Field.chk                            
 Job Title:   SubC6H5_OPH2O-ReorPosY-B3LYP-def2-TZVPPD-Field.chk                            
 
<Atom>
C7      
</Atom>
<Nuclei of Molecule>
    16
O1         8.0           0.0000000000E+00   0.0000000000E+00   0.0000000000E+00
C2         6.0          -2.6356814912E+00   0.0000000000E+00   0.0000000000E+00
P3        15.0           1.7126853449E+00   2.5113700864E+00   0.0000000000E+00
H4         1.0           4.0315829194E+00   1.3415413108E+00  -5.2816901981E-01
H5         1.0           9.9489081698E-01   3.7046189105E+00  -2.2698190616E+00
O6         8.0           1.6593574865E+00   4.1711117347E+00   2.2252373228E+00
C7         6.0          -3.8192678216E+00  -1.7320510999E+00  -1.5765588355E+00
C8         6.0          -4.0192679392E+00   1.5947777952E+00   1.5620093276E+00
C9         6.0          -6.4408587818E+00  -1.8604937531E+00  -1.5981954586E+00
H10        1.0          -2.6832853621E+00  -2.9561155908E+00  -2.7532592312E+00
C11        6.0          -6.6444764375E+00   1.4520630062E+00   1.5059258036E+00
H12        1.0          -3.0560966605E+00   2.9023225804E+00   2.7998521980E+00
C13        6.0          -7.8608549151E+00  -2.6698365554E-01  -6.3064843896E-02
H14        1.0          -7.3721211709E+00  -3.2086313682E+00  -2.8206281540E+00
H15        1.0          -7.7353379447E+00   2.6892991482E+00   2.7134392723E+00
H16        1.0          -9.9016539083E+00  -3.7080585530E-01  -8.5601106520E-02
</Nuclei of Molecule>
<Total Number of CPs of DelSqRho>
    31
</Total Number of CPs of DelSqRho>
<Number of (3,+3) CPs of DelSqRho>
     4
</Number of (3,+3) CPs of DelSqRho>
<Number of (3,+1) CPs of DelSqRho>
    12
</Number of (3,+1) CPs of DelSqRho>
<Number of (3,-1) CPs of DelSqRho>
    12
</Number of (3,-1) CPs of DelSqRho>
<Number of (3,-3) CPs of DelSqRho>
     3
</Number of (3,-3) CPs of DelSqRho>
<Number of Degenerate CPs of DelSqRho>
     0
</Number of Degenerate CPs of DelSqRho>
<CP of DelSqRho>
CP# = 1       
Type = (3,+3)
Coords = -3.81926780007113E+00 -1.73205109617339E+00 -1.57655883000579E+00
DistFromNuc =  2.2530819119E-08
Rho =  1.2205990029E+02
DelSqRho = -9.6824506341E+05
GradDelSqRho = -1.2437340047E-08 -3.5263826703E-06  1.3642711565E-06
HessDelSqRho_EigVals =  3.3372611888E+10  3.3372615567E+10  3.3372617120E+10
HessDelSqRho_EigVec1 =  2.5678078628E-02 -6.8301897966E-01  7.2994911446E-01
HessDelSqRho_EigVec2 = -5.0603391731E-01  6.2084617972E-01  5.9873173931E-01
HessDelSqRho_EigVec3 =  8.6213126078E-01  3.8475329051E-01  3.2968863286E-01
</CP of DelSqRho>
<CP of DelSqRho>
CP# = 2       
Type = (3,+1)
Coords = -5.13076334012403E+00 -1.79830828072460E+00 -1.58736367810004E+00
DistFromNuc =  1.3132125699E+00
Rho =  3.2035804191E-01
DelSqRho = -9.4938141238E-01
GradDelSqRho = -2.4684768118E-13  9.7977181923E-14  1.7769119509E-13
HessDelSqRho_EigVals = -6.3381439130E+00  4.6500623696E+00  6.6014755363E+00
HessDelSqRho_EigVec1 =  9.9879431745E-01  4.8451764555E-02  7.8954380249E-03
HessDelSqRho_EigVec2 =  2.7295191939E-02 -6.8179400695E-01  7.3103481763E-01
HessDelSqRho_EigVec3 = -4.0802989193E-02  7.2993791421E-01  6.8229448002E-01
</CP of DelSqRho>
<CP of DelSqRho>
CP# = 3       
Type = (3,+1)
Coords = -3.11484236289332E+00 -2.49196929285224E+00 -2.30741784118525E+00
DistFromNuc =  1.2680085856E+00
Rho =  2.9218503775E-01
DelSqRho = -1.0915027103E+00
GradDelSqRho =  2.0261570199E-15 -1.5126788711E-15 -1.2351231149E-15
HessDelSqRho_EigVals = -9.5111825397E+00  7.8025479667E+00  8.2245186421E+00
HessDelSqRho_EigVec1 = -5.5696455943E-01  5.9878592973E-01  5.7553965102E-01
HessDelSqRho_EigVec2 = -2.4652482405E-02  6.8074911990E-01 -7.3210169435E-01
HessDelSqRho_EigVec3 = -8.3017030461E-01 -4.2194317877E-01 -3.6439157405E-01
</CP of DelSqRho>
<CP of DelSqRho>
CP# = 4       
Type = (3,-3)
Coords = -3.82315003556357E+00 -1.89244479426189E+00 -1.40090913151671E+00
DistFromNuc =  2.3789499213E-01
Rho =  7.8760906354E+00
DelSqRho =  2.9205245131E+02
GradDelSqRho = -5.4178883602E-14 -4.8281378895E-12  2.5508484214E-12
HessDelSqRho_EigVals = -7.4201989651E+04 -9.5131674603E+01 -7.9329160045E+01
HessDelSqRho_EigVec1 = -1.6484447049E-02 -6.7424381796E-01  7.3832481805E-01
HessDelSqRho_EigVec2 =  9.9980495549E-01 -1.9148495928E-02  4.8359160608E-03
HessDelSqRho_EigVec3 =  1.0877223264E-02  7.3826052925E-01  6.7442796277E-01
</CP of DelSqRho>
<CP of DelSqRho>
CP# = 5       
Type = (3,-3)
Coords = -3.83825539856265E+00 -1.57388059071455E+00 -1.75322447300577E+00
DistFromNuc =  2.3788481569E-01
Rho =  7.8764558942E+00
DelSqRho =  2.9210109323E+02
GradDelSqRho = -3.3395508581E-13 -5.1780801869E-12  2.7178259643E-12
HessDelSqRho_EigVals = -7.4210875673E+04 -9.6053259613E+01 -8.0134005352E+01
HessDelSqRho_EigVec1 =  7.9980028784E-02 -6.6487377509E-01  7.4266146944E-01
HessDelSqRho_EigVec2 =  9.9519099846E-01  1.0992598420E-02 -9.7334677060E-02
HessDelSqRho_EigVec3 =  5.6551494888E-02  7.4687483957E-01  6.6255558442E-01
</CP of DelSqRho>
<CP of DelSqRho>
CP# = 6       
Type = (3,+1)
Coords = -3.63239463818554E+00 -1.83771667188852E+00 -1.67944728630312E+00
DistFromNuc =  2.3806056606E-01
Rho =  7.8977304208E+00
DelSqRho =  2.8906045266E+02
GradDelSqRho =  3.6948222260E-12  2.8066438063E-13  2.7906565947E-12
HessDelSqRho_EigVals = -7.3982314498E+04  2.8983073061E+01  1.0761535987E+02
HessDelSqRho_EigVec1 =  7.8473844902E-01 -4.4407980660E-01 -4.3241032828E-01
HessDelSqRho_EigVec2 =  6.1913316857E-01  5.9460327606E-01  5.1295327631E-01
HessDelSqRho_EigVec3 =  2.9320406058E-02 -6.7025373514E-01  7.4155259040E-01
</CP of DelSqRho>
<CP of DelSqRho>
CP# = 7       
Type = (3,-1)
Coords = -3.93582076855733E+00 -1.58136199915644E+00 -1.43384700110406E+00
DistFromNuc =  2.3803038079E-01
Rho =  7.8910116820E+00
DelSqRho =  2.9012411657E+02
GradDelSqRho =  1.4708234630E-12 -4.7251091928E-13  1.7763568394E-14
HessDelSqRho_EigVals = -7.4014417676E+04 -4.2998307225E+01  6.4413682012E+01
HessDelSqRho_EigVec1 = -4.8974745794E-01  6.3303968644E-01  5.9950661617E-01
HessDelSqRho_EigVec2 =  8.7125915109E-01  3.8096266821E-01  3.0947526085E-01
HessDelSqRho_EigVec3 = -3.2479518018E-02  6.7389034778E-01 -7.3811711813E-01
</CP of DelSqRho>
<CP of DelSqRho>
CP# = 8       
Type = (3,-1)
Coords = -3.93393971888597E+00 -1.89042995124784E+00 -1.71225286699656E+00
DistFromNuc =  2.3800498898E-01
Rho =  7.8923079422E+00
DelSqRho =  2.9000290757E+02
GradDelSqRho =  2.0179413696E-12  3.1779023857E-12  3.0677682616E-12
HessDelSqRho_EigVals = -7.4024914313E+04 -4.3292922966E+01  7.2642856933E+01
HessDelSqRho_EigVec1 =  4.8187923389E-01  6.6540958288E-01  5.7010743809E-01
HessDelSqRho_EigVec2 = -8.7544563098E-01  3.3794835934E-01  3.4552258046E-01
HessDelSqRho_EigVec3 =  3.7247162792E-02 -6.6559822223E-01  7.4538020864E-01
</CP of DelSqRho>
<CP of DelSqRho>
CP# = 9       
Type = (3,+1)
Coords = -4.05673757737679E+00 -1.74752180029390E+00 -1.57880029800822E+00
DistFromNuc =  2.3798372135E-01
Rho =  7.9033348829E+00
DelSqRho =  2.8952372288E+02
GradDelSqRho =  3.7001512965E-12 -8.7929663550E-14  9.0594198809E-14
HessDelSqRho_EigVals = -7.4067494809E+04  4.0919297322E+01  9.6566191301E+01
HessDelSqRho_EigVec1 =  9.9783790682E-01  6.5037572412E-02  9.4670954259E-03
HessDelSqRho_EigVec2 = -5.4790752465E-02  7.4363130808E-01  6.6634109215E-01
HessDelSqRho_EigVec3 =  3.6297178476E-02 -6.6541910990E-01  7.4558696543E-01
</CP of DelSqRho>
<CP of DelSqRho>
CP# = 10      
Type = (3,-1)
Coords = -2.87519375038618E+00 -1.66396515806371E+00 -1.57244723967646E+00
DistFromNuc =  9.4653497171E-01
Rho =  2.1961627926E-01
DelSqRho = -4.2777471416E-02
GradDelSqRho =  2.2204460493E-15 -6.1062266354E-16 -1.3877787808E-16
HessDelSqRho_EigVals = -4.6580595914E+00 -2.5069469908E-01  2.4957687328E+01
HessDelSqRho_EigVec1 = -5.7953248687E-02  7.3100340000E-01  6.7990841306E-01
HessDelSqRho_EigVec2 =  4.4678658505E-02 -6.7847152847E-01  7.3326680174E-01
HessDelSqRho_EigVec3 =  9.9731902541E-01  7.2872589117E-02  6.6593779421E-03
</CP of DelSqRho>
<CP of DelSqRho>
CP# = 11      
Type = (3,+3)
Coords = -4.75666034242978E+00 -1.78211988626584E+00 -1.58555935311059E+00
DistFromNuc =  9.3877187365E-01
Rho =  3.4202061767E-01
DelSqRho = -1.2671440924E+00
GradDelSqRho = -9.9920072216E-15  1.4432899320E-15 -7.2164496601E-16
HessDelSqRho_EigVals =  5.1038187626E+00  8.0663373709E+00  3.1081875788E+01
HessDelSqRho_EigVec1 =  3.0090487333E-02 -6.8337512213E-01  7.2944705430E-01
HessDelSqRho_EigVec2 = -5.0490936229E-02  7.2780666117E-01  6.8392114261E-01
HessDelSqRho_EigVec3 =  9.9827111945E-01  5.7409985180E-02  1.2604192593E-02
</CP of DelSqRho>
<CP of DelSqRho>
CP# = 12      
Type = (3,+1)
Coords = -4.10449835356585E+00 -8.56704161648615E-01 -1.86170653173229E+00
DistFromNuc =  9.6379350864E-01
Rho =  1.9733608354E-01
DelSqRho = -1.3239593475E-01
GradDelSqRho =  1.2490009027E-15 -3.9968028887E-15 -8.8817841970E-16
HessDelSqRho_EigVals = -2.0068551660E+00  8.0419106412E-01  2.0854216196E+01
HessDelSqRho_EigVec1 =  8.4497475037E-01  3.9483886599E-01  3.6072141763E-01
HessDelSqRho_EigVec2 = -4.3447660945E-01  1.1350527523E-01  8.9350245010E-01
HessDelSqRho_EigVec3 = -3.1184571037E-01  9.1171202822E-01 -2.6745734338E-01
</CP of DelSqRho>
<CP of DelSqRho>
CP# = 13      
Type = (3,+1)
Coords = -4.03961007267527E+00 -2.66635636844091E+00 -1.47399954693856E+00
DistFromNuc =  9.6539911443E-01
Rho =  1.9180834615E-01
DelSqRho = -7.0159038414E-02
GradDelSqRho =  1.4432899320E-14  2.1094237468E-14  1.7930101848E-14
HessDelSqRho_EigVals = -2.4259817034E+00  3.7117721280E-01  1.9478312566E+01
HessDelSqRho_EigVec1 =  8.5638949373E-01 -2.4453088810E-01 -4.5475452696E-01
HessDelSqRho_EigVec2 =  4.5771175478E-01 -4.8058964584E-02  8.8780081407E-01
HessDelSqRho_EigVec3 =  2.3894975323E-01  9.6844978222E-01 -7.0767469542E-02
</CP of DelSqRho>
<CP of DelSqRho>
CP# = 14      
Type = (3,+1)
Coords = -4.05662606145056E+00 -1.96125800515524E+00 -6.69746489834789E-01
DistFromNuc =  9.6497842962E-01
Rho =  1.9624869808E-01
DelSqRho = -1.2348177256E-01
GradDelSqRho =  5.5511151231E-16  2.2204460493E-16 -3.9968028887E-15
HessDelSqRho_EigVals = -2.0524088707E+00  7.8324065984E-01  2.0507061470E+01
HessDelSqRho_EigVec1 =  8.4251511237E-01  4.2547682895E-01  3.3036003610E-01
HessDelSqRho_EigVec2 = -4.6986716135E-01  8.8038200681E-01  6.4438907252E-02
HessDelSqRho_EigVec3 = -2.6342576963E-01 -2.0951608557E-01  9.4165273524E-01
</CP of DelSqRho>
<CP of DelSqRho>
CP# = 15      
Type = (3,+1)
Coords = -4.06577653862511E+00 -1.67689516301815E+00 -2.51042125662982E+00
DistFromNuc =  9.6742325101E-01
Rho =  1.8973029520E-01
DelSqRho = -6.6767185525E-02
GradDelSqRho =  1.1876610806E-13  5.5400128929E-14  3.8857805862E-13
HessDelSqRho_EigVals = -2.3103215232E+00  3.3466156705E-01  1.8953787405E+01
HessDelSqRho_EigVec1 =  8.6138826327E-01 -4.4461026788E-01 -2.4562566967E-01
HessDelSqRho_EigVec2 = -4.3398348853E-01 -8.9546949987E-01  9.8958104724E-02
HessDelSqRho_EigVec3 =  2.6394808502E-01 -2.1356135031E-02  9.6430043239E-01
</CP of DelSqRho>
<CP of DelSqRho>
CP# = 16      
Type = (3,-1)
Coords = -4.31752924405216E+00 -1.15220295593212E+00 -1.00796376524714E+00
DistFromNuc =  9.5277944404E-01
Rho =  2.1976455783E-01
DelSqRho =  4.4916088613E-02
GradDelSqRho = -2.7755575616E-15  3.5527136788E-15  3.7747582837E-15
HessDelSqRho_EigVals = -4.8656246840E+00 -9.9570983277E-01  2.2868467250E+01
HessDelSqRho_EigVec1 =  8.5050877210E-01  4.0203103367E-01  3.3912516355E-01
HessDelSqRho_EigVec2 =  3.3018346533E-02 -6.8431275225E-01  7.2844069484E-01
HessDelSqRho_EigVec3 = -5.2492343954E-01  6.0834784875E-01  5.9528839863E-01
</CP of DelSqRho>
<CP of DelSqRho>
CP# = 17      
Type = (3,-1)
Coords = -3.64401104686461E+00 -2.49021199382409E+00 -9.72795424487770E-01
DistFromNuc =  9.8491275484E-01
Rho =  1.6938894342E-01
DelSqRho = -3.4299614346E-02
GradDelSqRho = -1.2212453271E-15 -1.9984014443E-15  3.3306690739E-15
HessDelSqRho_EigVals = -9.8098612992E-01 -4.1147313292E-01  1.4845747910E+01
HessDelSqRho_EigVec1 = -4.5392464225E-01  4.7443879006E-01  7.5422825036E-01
HessDelSqRho_EigVec2 =  8.7088247801E-01  4.1525479310E-01  2.6292045621E-01
HessDelSqRho_EigVec3 = -1.8845723293E-01  7.7619024169E-01 -6.0167481255E-01
</CP of DelSqRho>
<CP of DelSqRho>
CP# = 18      
Type = (3,-1)
Coords = -3.70540595037980E+00 -1.19083242426871E+00 -2.39066961364021E+00
DistFromNuc =  9.8420452127E-01
Rho =  1.7004941035E-01
DelSqRho = -3.9536499692E-02
GradDelSqRho =  8.0196960184E-13  1.6884271758E-12 -2.8241853300E-12
HessDelSqRho_EigVals = -9.9434525416E-01 -3.6574341735E-01  1.5021106643E+01
HessDelSqRho_EigVec1 =  5.0410580877E-01 -7.5796997346E-01 -4.1395513392E-01
HessDelSqRho_EigVec2 =  8.5437619314E-01  3.6765599082E-01  3.6724704630E-01
HessDelSqRho_EigVec3 = -1.2616914902E-01 -5.3880478074E-01  8.3292902104E-01
</CP of DelSqRho>
<CP of DelSqRho>
CP# = 19      
Type = (3,-1)
Coords = -4.24865871529887E+00 -2.34725736340607E+00 -2.15940021724943E+00
DistFromNuc =  9.5003124296E-01
Rho =  2.1390065075E-01
DelSqRho = -1.7806422053E-02
GradDelSqRho = -3.8605230124E-13 -4.4841907965E-13 -7.0282668574E-13
HessDelSqRho_EigVals = -4.4402193301E+00 -4.0407288377E-01  2.3504319920E+01
HessDelSqRho_EigVec1 =  8.8903071228E-01 -3.2047063604E-01 -3.2699077059E-01
HessDelSqRho_EigVec2 =  1.6136278352E-02 -6.9181624485E-01  7.2189327735E-01
HessDelSqRho_EigVec3 =  4.5756312476E-01  6.4706170865E-01  6.0987468554E-01
</CP of DelSqRho>
<CP of DelSqRho>
CP# = 20      
Type = (3,+1)
Coords = -3.06957598540579E+00 -2.14141604420172E+00 -1.13601113408194E+00
DistFromNuc =  9.6109301533E-01
Rho =  1.9893639845E-01
DelSqRho = -6.7292021898E-02
GradDelSqRho =  1.9984014443E-15 -4.4408920985E-16  8.8817841970E-16
HessDelSqRho_EigVals = -2.8643367789E+00  2.6940868385E-01  2.0705358238E+01
HessDelSqRho_EigVec1 = -8.1362619679E-02  6.4843057335E-01  7.5691341358E-01
HessDelSqRho_EigVec2 =  5.8859651753E-01  6.4411946325E-01 -4.8853275900E-01
HessDelSqRho_EigVec3 =  8.0432223870E-01 -4.0576829423E-01  4.3407122425E-01
</CP of DelSqRho>
<CP of DelSqRho>
CP# = 21      
Type = (3,+1)
Coords = -3.13182861065369E+00 -1.27735534798927E+00 -2.07351267248430E+00
DistFromNuc =  9.6243649748E-01
Rho =  1.9681528284E-01
DelSqRho = -6.7594491316E-02
GradDelSqRho =  8.8817841970E-16 -1.1102230246E-16 -8.8817841970E-16
HessDelSqRho_EigVals = -2.6903859406E+00  2.5988559170E-01  2.0311777714E+01
HessDelSqRho_EigVec1 = -9.5309782193E-02  8.0265778839E-01  5.8877544119E-01
HessDelSqRho_EigVec2 =  6.6381788684E-01 -3.8950692540E-01  6.3845921419E-01
HessDelSqRho_EigVec3 =  7.4179637269E-01  4.5169107784E-01 -4.9569477672E-01
</CP of DelSqRho>
<CP of DelSqRho>
CP# = 22      
Type = (3,+3)
Coords = -3.29009127104244E+00 -2.30349672228879E+00 -2.12619209263380E+00
DistFromNuc =  9.5324427009E-01
Rho =  3.1497484490E-01
DelSqRho = -1.3121200964E+00
GradDelSqRho = -8.3266726847E-15  9.3258734069E-15  8.8817841970E-15
HessDelSqRho_EigVals =  7.7138761584E+00  8.6804116423E+00  2.4779256337E+01
HessDelSqRho_EigVec1 = -2.3593244633E-02  6.8147299063E-01 -7.3146286430E-01
HessDelSqRho_EigVec2 =  8.3097946402E-01  4.2014342388E-01  3.6462670465E-01
HessDelSqRho_EigVec3 = -5.5580256313E-01  5.9922789188E-01  5.7620260708E-01
</CP of DelSqRho>
<CP of DelSqRho>
CP# = 23      
Type = (3,+3)
Coords = -3.37152054599295E+00 -1.11381868163043E+00 -1.01532383050675E+00
DistFromNuc =  9.4745642463E-01
Rho =  3.3968991177E-01
DelSqRho = -1.2372175365E+00
GradDelSqRho = -1.5765166950E-14 -1.8651746814E-14 -1.2878587086E-14
HessDelSqRho_EigVals =  5.1343702385E+00  8.0721953516E+00  2.7733739929E+01
HessDelSqRho_EigVec1 =  3.3275801036E-02 -6.8303393353E-01  7.2962823870E-01
HessDelSqRho_EigVec2 = -8.7653477783E-01  3.3080192476E-01  3.4965249866E-01
HessDelSqRho_EigVec3 =  4.8018694725E-01  6.5117949309E-01  5.8769529815E-01
</CP of DelSqRho>
<CP of DelSqRho>
CP# = 24      
Type = (3,+1)
Coords = -4.12459250113205E+00 -2.79195836626641E+00 -4.34463494879120E-01
DistFromNuc =  1.5877683522E+00
Rho =  6.6361554237E-02
DelSqRho =  1.0238572349E-01
GradDelSqRho = -1.2343823880E-12  3.1882066431E-12 -1.8361007159E-12
HessDelSqRho_EigVals = -4.7911800640E-01  2.9732609936E-02  7.1962453217E-02
HessDelSqRho_EigVec1 = -2.7488349516E-03 -7.0803410515E-01  7.0617288949E-01
HessDelSqRho_EigVec2 =  6.8092426331E-01  5.1584342069E-01  5.1985354953E-01
HessDelSqRho_EigVec3 =  7.3234868166E-01 -4.8227924615E-01 -4.8069963303E-01
</CP of DelSqRho>
<CP of DelSqRho>
CP# = 25      
Type = (3,+1)
Coords = -4.14684846532242E+00 -6.36282665205903E-01 -2.67546291684122E+00
DistFromNuc =  1.5860667453E+00
Rho =  6.6076704328E-02
DelSqRho =  1.0101997009E-01
GradDelSqRho = -3.4694469520E-17  6.5919492087E-16 -1.9428902931E-16
HessDelSqRho_EigVals = -4.6606407924E-01  1.8589866715E-02  6.8972687579E-02
HessDelSqRho_EigVec1 =  5.3168145529E-02 -6.6654041171E-01  7.4357045925E-01
HessDelSqRho_EigVec2 =  7.3876337171E-01  5.2724983557E-01  4.1980506370E-01
HessDelSqRho_EigVec3 =  6.7186444237E-01 -5.2700236286E-01 -5.2044853792E-01
</CP of DelSqRho>
<CP of DelSqRho>
CP# = 26      
Type = (3,-3)
Coords = -4.56531123645858E+00 -8.18429073155024E-01 -6.90192580635998E-01
DistFromNuc =  1.4754426869E+00
Rho =  1.0113925788E-01
DelSqRho =  2.8045287330E-01
GradDelSqRho =  1.3183898417E-16 -2.7755575616E-17  6.2450045135E-17
HessDelSqRho_EigVals = -8.7652051121E-01 -3.8432681570E-01 -3.2449386639E-01
HessDelSqRho_EigVec1 =  7.0902007257E-01 -4.9883154482E-01 -4.9845524031E-01
HessDelSqRho_EigVec2 =  7.0344505093E-01  5.4997225360E-01  4.5021725932E-01
HessDelSqRho_EigVec3 =  4.9553980860E-02 -6.6984894578E-01  7.4084194861E-01
</CP of DelSqRho>
<CP of DelSqRho>
CP# = 27      
Type = (3,-1)
Coords = -3.10414461752305E+00 -3.36369029926124E+00 -1.43927800493993E+00
DistFromNuc =  1.7867550757E+00
Rho =  6.5993962462E-02
DelSqRho =  1.3215376713E-01
GradDelSqRho = -5.2475385148E-17 -1.8041124150E-16  1.1275702594E-16
HessDelSqRho_EigVals = -1.0719492558E+00 -1.6904220165E-01  3.6240457098E-02
HessDelSqRho_EigVec1 = -5.6472945361E-02  7.5618365277E-01 -6.5191800844E-01
HessDelSqRho_EigVec2 = -5.5384014001E-01  5.1955781069E-01  6.5063106340E-01
HessDelSqRho_EigVec3 =  8.3070566734E-01  3.9780141357E-01  3.8946390027E-01
</CP of DelSqRho>
<CP of DelSqRho>
CP# = 28      
Type = (3,-1)
Coords = -3.15343402662236E+00 -1.68722823731862E+00 -3.23831371661614E+00
DistFromNuc =  1.7907464970E+00
Rho =  6.5965403861E-02
DelSqRho =  1.3135718315E-01
GradDelSqRho = -5.8113236445E-17  9.3241386834E-17 -9.1940344227E-17
HessDelSqRho_EigVals = -1.0687742164E+00 -1.7129005409E-01  3.7316712242E-02
HessDelSqRho_EigVec1 = -1.5173222498E-02 -5.9983449937E-01  7.9998021643E-01
HessDelSqRho_EigVec2 = -5.5813913952E-01  6.6890434876E-01  4.9096606110E-01
HessDelSqRho_EigVec3 =  8.2960862716E-01  4.3905073235E-01  3.4494054585E-01
</CP of DelSqRho>
<CP of DelSqRho>
CP# = 29      
Type = (3,-1)
Coords = -5.09804304328976E+00 -2.81577429323897E+00 -5.98746714748736E-01
DistFromNuc =  1.9405768655E+00
Rho =  7.2574224131E-02
DelSqRho =  1.2334993141E-01
GradDelSqRho = -9.0162252664E-16  1.5910883722E-14  1.7680301667E-14
HessDelSqRho_EigVals = -8.0545762967E-01 -1.5211444372E-01  8.8038785554E-02
HessDelSqRho_EigVec1 = -2.5283076442E-02  7.2544010893E-01 -6.8782077200E-01
HessDelSqRho_EigVec2 =  9.9907925931E-01  4.2192142726E-02  7.7753908403E-03
HessDelSqRho_EigVec3 =  3.4661212560E-02 -6.8699088163E-01 -7.2583891388E-01
</CP of DelSqRho>
<CP of DelSqRho>
CP# = 30      
Type = (3,-1)
Coords = -5.17864769898648E+00 -8.82088277103213E-01 -2.67143299830160E+00
DistFromNuc =  1.9414169783E+00
Rho =  7.2728475204E-02
DelSqRho =  1.2340664128E-01
GradDelSqRho =  9.5409791179E-17 -6.0784710598E-15  2.6756374893E-14
HessDelSqRho_EigVals = -8.0387932331E-01 -1.5393580833E-01  8.8453828747E-02
HessDelSqRho_EigVec1 =  2.9152258739E-02 -6.3574883051E-01  7.7134529902E-01
HessDelSqRho_EigVec2 =  9.9877969909E-01  4.9302868092E-02  2.8878850001E-03
HessDelSqRho_EigVec3 = -3.9865505043E-02  7.7031983728E-01  6.3641031560E-01
</CP of DelSqRho>
<CP of DelSqRho>
CP# = 31      
Type = (3,-1)
Coords = -4.34836535062832E+00 -5.17770886882425E-01 -4.15726761869143E-01
DistFromNuc =  1.7612358541E+00
Rho =  8.1987176730E-02
DelSqRho =  2.7046565964E-01
GradDelSqRho = -1.0616507673E-15  3.3306690739E-16  1.4571677198E-16
HessDelSqRho_EigVals = -1.1453046205E+00 -2.4592531377E-01  1.8383385669E-01
HessDelSqRho_EigVec1 =  8.8385784986E-01 -3.2336862023E-01 -3.3797638482E-01
HessDelSqRho_EigVec2 =  2.9127773249E-02 -6.8309725528E-01  7.2974633446E-01
HessDelSqRho_EigVec3 =  4.6684780611E-01  6.5483652562E-01  5.9434186345E-01
</CP of DelSqRho>
<Path of -GradDelSqRho>
Starting CP# =      2
Ending CP# =     11
Number of Points =     15
 -5.1307633401E+00 -1.7983082807E+00 -1.5873636781E+00  3.2035804191E-01 -9.4938141238E-01
 -5.1057934123E+00 -1.7970981597E+00 -1.5871679451E+00  3.2052885527E-01 -9.5136346631E-01
 -5.0808233424E+00 -1.7958904313E+00 -1.5869755980E+00  3.2090992010E-01 -9.5731789772E-01
 -5.0558531298E+00 -1.7946851198E+00 -1.5867866311E+00  3.2149911589E-01 -9.6726007730E-01
 -5.0308827710E+00 -1.7934823151E+00 -1.5866010538E+00  3.2229280938E-01 -9.8119943138E-01
 -5.0059122575E+00 -1.7922821995E+00 -1.5864189088E+00  3.2328581918E-01 -9.9911976004E-01
 -4.9809415742E+00 -1.7910850889E+00 -1.5862403020E+00  3.2447138486E-01 -1.0209493871E+00
 -4.9559706959E+00 -1.7898914983E+00 -1.5860654458E+00  3.2584116010E-01 -1.0465189463E+00
 -4.9309995818E+00 -1.7887022486E+00 -1.5858947281E+00  3.2738525840E-01 -1.0755039636E+00
 -4.9060281669E+00 -1.7875186498E+00 -1.5857288263E+00  3.2909239050E-01 -1.1073487841E+00
 -4.8810563448E+00 -1.7863428433E+00 -1.5855689148E+00  3.3095014717E-01 -1.1411678489E+00
 -4.8560839349E+00 -1.7851785115E+00 -1.5854170886E+00  3.3294549772E-01 -1.1756199312E+00
 -4.8311106044E+00 -1.7840325742E+00 -1.5852773621E+00  3.3506559554E-01 -1.2087507576E+00
 -4.8061356505E+00 -1.7829202245E+00 -1.5851586048E+00  3.3729900206E-01 -1.2377995737E+00
 -4.7566603424E+00 -1.7821198863E+00 -1.5855593531E+00  3.4202061767E-01 -1.2671440924E+00
</Path of -GradDelSqRho>
<Path of -GradDelSqRho>
Starting CP# =      2
Ending CP# =      0
Number of Points =    400
 -5.1307633401E+00 -1.7983082807E+00 -1.5873636781E+00  3.2035804191E-01 -9.4938141238E-01
 -5.1557331272E+00 -1.7995207633E+00 -1.5875627199E+00  3.2039811478E-01 -9.5136148717E-01
 -5.1807027660E+00 -1.8007357332E+00 -1.5877651642E+00  3.2064823415E-01 -9.5730193387E-01
 -5.2056722501E+00 -1.8019533070E+00 -1.5879710197E+00  3.2110607996E-01 -9.6720545999E-01
 -5.2306415701E+00 -1.8031736585E+00 -1.5881803028E+00  3.2176783067E-01 -9.8106749367E-01
 -5.2556107125E+00 -1.8043970406E+00 -1.5883930529E+00  3.2262813482E-01 -9.9885578492E-01
 -5.2805796576E+00 -1.8056238210E+00 -1.5886093548E+00  3.2368008846E-01 -1.0204797791E+00
 -5.3055483764E+00 -1.8068545410E+00 -1.5888293736E+00  3.2491523898E-01 -1.0457475468E+00
 -5.3305168248E+00 -1.8080900124E+00 -1.5890534095E+00  3.2632364419E-01 -1.0743074108E+00
 -5.3554849341E+00 -1.8093314887E+00 -1.5892819894E+00  3.2789402702E-01 -1.1055707997E+00
 -5.3804525924E+00 -1.8105809896E+00 -1.5895160361E+00  3.2961408030E-01 -1.1386123175E+00
 -5.4054196045E+00 -1.8118419878E+00 -1.5897572182E+00  3.3147099351E-01 -1.1720426254E+00
 -5.4303855919E+00 -1.8131210961E+00 -1.5900087993E+00  3.3345229507E-01 -1.2038495494E+00
 -5.4553496718E+00 -1.8144333046E+00 -1.5902782346E+00  3.3554712575E-01 -1.2312029600E+00
 -5.4803087891E+00 -1.8158274111E+00 -1.5905895187E+00  3.3774804850E-01 -1.2502195691E+00
 -5.5001842112E+00 -1.8179195606E+00 -1.5912129375E+00  3.3957859004E-01 -1.2559820164E+00
 -5.5001817455E+00 -1.8179782331E+00 -1.5911901357E+00  3.3957852869E-01 -1.2559820248E+00
 -5.5001817452E+00 -1.8179782412E+00 -1.5911901270E+00  3.3957852868E-01 -1.2559820248E+00
 -5.5001817452E+00 -1.8179782412E+00 -1.5911901270E+00  3.3957852868E-01 -1.2559820248E+00
 -5.5001817452E+00 -1.8179782412E+00 -1.5911901270E+00  3.3957852868E-01 -1.2559820248E+00
 -5.5001817452E+00 -1.8179782412E+00 -1.5911901270E+00  3.3957852868E-01 -1.2559820248E+00
 -5.5001817452E+00 -1.8179782412E+00 -1.5911901270E+00  3.3957852868E-01 -1.2559820248E+00
 -5.5001817452E+00 -1.8179782412E+00 -1.5911901270E+00  3.3957852868E-01 -1.2559820248E+00
 -5.5001817452E+00 -1.8179782412E+00 -1.5911901270E+00  3.3957852868E-01 -1.2559820248E+00
 -5.5001817452E+00 -1.8179782412E+00 -1.5911901270E+00  3.3957852868E-01 -1.2559820248E+00
 -5.5001817452E+00 -1.8179782412E+00 -1.5911901270E+00  3.3957852868E-01 -1.2559820248E+00
 -5.5001817452E+00 -1.8179782412E+00 -1.5911901270E+00  3.3957852868E-01 -1.2559820248E+00
 -5.5001817452E+00 -1.8179782412E+00 -1.5911901270E+00  3.3957852868E-01 -1.2559820248E+00
 -5.5001817452E+00 -1.8179782412E+00 -1.5911901270E+00  3.3957852868E-01 -1.2559820248E+00
 -5.5001817452E+00 -1.8179782412E+00 -1.5911901270E+00  3.3957852868E-01 -1.2559820248E+00
 -5.5001817452E+00 -1.8179782412E+00 -1.5911901270E+00  3.3957852868E-01 -1.2559820248E+00
 -5.5001817452E+00 -1.8179782412E+00 -1.5911901270E+00  3.3957852868E-01 -1.2559820248E+00
 -5.5001817452E+00 -1.8179782412E+00 -1.5911901270E+00  3.3957852868E-01 -1.2559820248E+00
 -5.5001817452E+00 -1.8179782412E+00 -1.5911901270E+00  3.3957852868E-01 -1.2559820248E+00
 -5.5001817452E+00 -1.8179782412E+00 -1.5911901270E+00  3.3957852868E-01 -1.2559820248E+00
 -5.5001817452E+00 -1.8179782412E+00 -1.5911901270E+00  3.3957852868E-01 -1.2559820248E+00
 -5.5001817452E+00 -1.8179782412E+00 -1.5911901270E+00  3.3957852868E-01 -1.2559820248E+00
 -5.5001817452E+00 -1.8179782412E+00 -1.5911901270E+00  3.3957852868E-01 -1.2559820248E+00
 -5.5001817452E+00 -1.8179782412E+00 -1.5911901270E+00  3.3957852868E-01 -1.2559820248E+00
 -5.5001817452E+00 -1.8179782412E+00 -1.5911901270E+00  3.3957852868E-01 -1.2559820248E+00
 -5.5001817452E+00 -1.8179782412E+00 -1.5911901270E+00  3.3957852868E-01 -1.2559820248E+00
 -5.5001817452E+00 -1.8179782412E+00 -1.5911901270E+00  3.3957852868E-01 -1.2559820248E+00
 -5.5001817452E+00 -1.8179782412E+00 -1.5911901270E+00  3.3957852868E-01 -1.2559820248E+00
 -5.5001817452E+00 -1.8179782412E+00 -1.5911901270E+00  3.3957852868E-01 -1.2559820248E+00
 -5.5001817452E+00 -1.8179782412E+00 -1.5911901270E+00  3.3957852868E-01 -1.2559820248E+00
 -5.5001817452E+00 -1.8179782412E+00 -1.5911901270E+00  3.3957852868E-01 -1.2559820248E+00
 -5.5001817452E+00 -1.8179782412E+00 -1.5911901270E+00  3.3957852868E-01 -1.2559820248E+00
 -5.5001817452E+00 -1.8179782412E+00 -1.5911901270E+00  3.3957852868E-01 -1.2559820248E+00
 -5.5001817452E+00 -1.8179782412E+00 -1.5911901270E+00  3.3957852868E-01 -1.2559820248E+00
 -5.5001817452E+00 -1.8179782412E+00 -1.5911901270E+00  3.3957852868E-01 -1.2559820248E+00
 -5.5001817452E+00 -1.8179782412E+00 -1.5911901270E+00  3.3957852868E-01 -1.2559820248E+00
 -5.5001817452E+00 -1.8179782412E+00 -1.5911901270E+00  3.3957852868E-01 -1.2559820248E+00
 -5.5001817452E+00 -1.8179782412E+00 -1.5911901270E+00  3.3957852868E-01 -1.2559820248E+00
 -5.5001817452E+00 -1.8179782412E+00 -1.5911901270E+00  3.3957852868E-01 -1.2559820248E+00
 -5.5001817452E+00 -1.8179782412E+00 -1.5911901270E+00  3.3957852868E-01 -1.2559820248E+00
 -5.5001817452E+00 -1.8179782412E+00 -1.5911901270E+00  3.3957852868E-01 -1.2559820248E+00
 -5.5001817452E+00 -1.8179782412E+00 -1.5911901270E+00  3.3957852868E-01 -1.2559820248E+00
 -5.5001817452E+00 -1.8179782412E+00 -1.5911901270E+00  3.3957852868E-01 -1.2559820248E+00
 -5.5001817452E+00 -1.8179782412E+00 -1.5911901270E+00  3.3957852868E-01 -1.2559820248E+00
 -5.5001817452E+00 -1.8179782412E+00 -1.5911901270E+00  3.3957852868E-01 -1.2559820248E+00
 -5.5001817452E+00 -1.8179782412E+00 -1.5911901270E+00  3.3957852868E-01 -1.2559820248E+00
 -5.5001817452E+00 -1.8179782412E+00 -1.5911901270E+00  3.3957852868E-01 -1.2559820248E+00
 -5.5001817452E+00 -1.8179782412E+00 -1.5911901270E+00  3.3957852868E-01 -1.2559820248E+00
 -5.5001817452E+00 -1.8179782412E+00 -1.5911901270E+00  3.3957852868E-01 -1.2559820248E+00
 -5.5001817452E+00 -1.8179782412E+00 -1.5911901270E+00  3.3957852868E-01 -1.2559820248E+00
 -5.5001817452E+00 -1.8179782412E+00 -1.5911901270E+00  3.3957852868E-01 -1.2559820248E+00
 -5.5001817452E+00 -1.8179782412E+00 -1.5911901270E+00  3.3957852868E-01 -1.2559820248E+00
 -5.5001817452E+00 -1.8179782412E+00 -1.5911901270E+00  3.3957852868E-01 -1.2559820248E+00
 -5.5001817452E+00 -1.8179782412E+00 -1.5911901270E+00  3.3957852868E-01 -1.2559820248E+00
 -5.5001817452E+00 -1.8179782412E+00 -1.5911901270E+00  3.3957852868E-01 -1.2559820248E+00
 -5.5001817452E+00 -1.8179782412E+00 -1.5911901270E+00  3.3957852868E-01 -1.2559820248E+00
 -5.5001817452E+00 -1.8179782412E+00 -1.5911901270E+00  3.3957852868E-01 -1.2559820248E+00
 -5.5001817452E+00 -1.8179782412E+00 -1.5911901270E+00  3.3957852868E-01 -1.2559820248E+00
 -5.5001817452E+00 -1.8179782412E+00 -1.5911901270E+00  3.3957852868E-01 -1.2559820248E+00
 -5.5001817452E+00 -1.8179782412E+00 -1.5911901270E+00  3.3957852868E-01 -1.2559820248E+00
 -5.5001817452E+00 -1.8179782412E+00 -1.5911901270E+00  3.3957852868E-01 -1.2559820248E+00
 -5.5001817452E+00 -1.8179782412E+00 -1.5911901270E+00  3.3957852868E-01 -1.2559820248E+00
 -5.5001817452E+00 -1.8179782412E+00 -1.5911901270E+00  3.3957852868E-01 -1.2559820248E+00
 -5.5001817452E+00 -1.8179782412E+00 -1.5911901270E+00  3.3957852868E-01 -1.2559820248E+00
 -5.5001817452E+00 -1.8179782412E+00 -1.5911901270E+00  3.3957852868E-01 -1.2559820248E+00
 -5.5001817452E+00 -1.8179782412E+00 -1.5911901270E+00  3.3957852868E-01 -1.2559820248E+00
 -5.5001817452E+00 -1.8179782412E+00 -1.5911901270E+00  3.3957852868E-01 -1.2559820248E+00
 -5.5001817452E+00 -1.8179782412E+00 -1.5911901270E+00  3.3957852868E-01 -1.2559820248E+00
 -5.5001817452E+00 -1.8179782412E+00 -1.5911901270E+00  3.3957852868E-01 -1.2559820248E+00
 -5.5001817452E+00 -1.8179782412E+00 -1.5911901270E+00  3.3957852868E-01 -1.2559820248E+00
 -5.5001817452E+00 -1.8179782412E+00 -1.5911901270E+00  3.3957852868E-01 -1.2559820248E+00
 -5.5001817452E+00 -1.8179782412E+00 -1.5911901270E+00  3.3957852868E-01 -1.2559820248E+00
 -5.5001817452E+00 -1.8179782412E+00 -1.5911901270E+00  3.3957852868E-01 -1.2559820248E+00
 -5.5001817452E+00 -1.8179782412E+00 -1.5911901270E+00  3.3957852868E-01 -1.2559820248E+00
 -5.5001817452E+00 -1.8179782412E+00 -1.5911901270E+00  3.3957852868E-01 -1.2559820248E+00
 -5.5001817452E+00 -1.8179782412E+00 -1.5911901270E+00  3.3957852868E-01 -1.2559820248E+00
 -5.5001817452E+00 -1.8179782412E+00 -1.5911901270E+00  3.3957852868E-01 -1.2559820248E+00
 -5.5001817452E+00 -1.8179782412E+00 -1.5911901270E+00  3.3957852868E-01 -1.2559820248E+00
 -5.5001817452E+00 -1.8179782412E+00 -1.5911901270E+00  3.3957852868E-01 -1.2559820248E+00
 -5.5001817452E+00 -1.8179782412E+00 -1.5911901270E+00  3.3957852868E-01 -1.2559820248E+00
 -5.5001817452E+00 -1.8179782412E+00 -1.5911901270E+00  3.3957852868E-01 -1.2559820248E+00
 -5.5001817452E+00 -1.8179782412E+00 -1.5911901270E+00  3.3957852868E-01 -1.2559820248E+00
 -5.5001817452E+00 -1.8179782412E+00 -1.5911901270E+00  3.3957852868E-01 -1.2559820248E+00
 -5.5001817452E+00 -1.8179782412E+00 -1.5911901270E+00  3.3957852868E-01 -1.2559820248E+00
 -5.5001817452E+00 -1.8179782412E+00 -1.5911901270E+00  3.3957852868E-01 -1.2559820248E+00
 -5.5001817452E+00 -1.8179782412E+00 -1.5911901270E+00  3.3957852868E-01 -1.2559820248E+00
 -5.5001817452E+00 -1.8179782412E+00 -1.5911901270E+00  3.3957852868E-01 -1.2559820248E+00
 -5.5001817452E+00 -1.8179782412E+00 -1.5911901270E+00  3.3957852868E-01 -1.2559820248E+00
 -5.5001817452E+00 -1.8179782412E+00 -1.5911901270E+00  3.3957852868E-01 -1.2559820248E+00
 -5.5001817452E+00 -1.8179782412E+00 -1.5911901270E+00  3.3957852868E-01 -1.2559820248E+00
 -5.5001817452E+00 -1.8179782412E+00 -1.5911901270E+00  3.3957852868E-01 -1.2559820248E+00
 -5.5001817452E+00 -1.8179782412E+00 -1.5911901270E+00  3.3957852868E-01 -1.2559820248E+00
 -5.5001817452E+00 -1.8179782412E+00 -1.5911901270E+00  3.3957852868E-01 -1.2559820248E+00
 -5.5001817452E+00 -1.8179782412E+00 -1.5911901270E+00  3.3957852868E-01 -1.2559820248E+00
 -5.5001817452E+00 -1.8179782412E+00 -1.5911901270E+00  3.3957852868E-01 -1.2559820248E+00
 -5.5001817452E+00 -1.8179782412E+00 -1.5911901270E+00  3.3957852868E-01 -1.2559820248E+00
 -5.5001817452E+00 -1.8179782412E+00 -1.5911901270E+00  3.3957852868E-01 -1.2559820248E+00
 -5.5001817452E+00 -1.8179782412E+00 -1.5911901270E+00  3.3957852868E-01 -1.2559820248E+00
 -5.5001817452E+00 -1.8179782412E+00 -1.5911901270E+00  3.3957852868E-01 -1.2559820248E+00
 -5.5001817452E+00 -1.8179782412E+00 -1.5911901270E+00  3.3957852868E-01 -1.2559820248E+00
 -5.5001817452E+00 -1.8179782412E+00 -1.5911901270E+00  3.3957852868E-01 -1.2559820248E+00
 -5.5001817452E+00 -1.8179782412E+00 -1.5911901270E+00  3.3957852868E-01 -1.2559820248E+00
 -5.5001817452E+00 -1.8179782412E+00 -1.5911901270E+00  3.3957852868E-01 -1.2559820248E+00
 -5.5001817452E+00 -1.8179782412E+00 -1.5911901270E+00  3.3957852868E-01 -1.2559820248E+00
 -5.5001817452E+00 -1.8179782412E+00 -1.5911901270E+00  3.3957852868E-01 -1.2559820248E+00
 -5.5001817452E+00 -1.8179782412E+00 -1.5911901270E+00  3.3957852868E-01 -1.2559820248E+00
 -5.5001817452E+00 -1.8179782412E+00 -1.5911901270E+00  3.3957852868E-01 -1.2559820248E+00
 -5.5001817452E+00 -1.8179782412E+00 -1.5911901270E+00  3.3957852868E-01 -1.2559820248E+00
 -5.5001817452E+00 -1.8179782412E+00 -1.5911901270E+00  3.3957852868E-01 -1.2559820248E+00
 -5.5001817452E+00 -1.8179782412E+00 -1.5911901270E+00  3.3957852868E-01 -1.2559820248E+00
 -5.5001817452E+00 -1.8179782412E+00 -1.5911901270E+00  3.3957852868E-01 -1.2559820248E+00
 -5.5001817452E+00 -1.8179782412E+00 -1.5911901270E+00  3.3957852868E-01 -1.2559820248E+00
 -5.5001817452E+00 -1.8179782412E+00 -1.5911901270E+00  3.3957852868E-01 -1.2559820248E+00
 -5.5001817452E+00 -1.8179782412E+00 -1.5911901270E+00  3.3957852868E-01 -1.2559820248E+00
 -5.5001817452E+00 -1.8179782412E+00 -1.5911901270E+00  3.3957852868E-01 -1.2559820248E+00
 -5.5001817452E+00 -1.8179782412E+00 -1.5911901270E+00  3.3957852868E-01 -1.2559820248E+00
 -5.5001817452E+00 -1.8179782412E+00 -1.5911901270E+00  3.3957852868E-01 -1.2559820248E+00
 -5.5001817452E+00 -1.8179782412E+00 -1.5911901270E+00  3.3957852868E-01 -1.2559820248E+00
 -5.5001817452E+00 -1.8179782412E+00 -1.5911901270E+00  3.3957852868E-01 -1.2559820248E+00
 -5.5001817452E+00 -1.8179782412E+00 -1.5911901270E+00  3.3957852868E-01 -1.2559820248E+00
 -5.5001817452E+00 -1.8179782412E+00 -1.5911901270E+00  3.3957852868E-01 -1.2559820248E+00
 -5.5001817452E+00 -1.8179782412E+00 -1.5911901270E+00  3.3957852868E-01 -1.2559820248E+00
 -5.5001817452E+00 -1.8179782412E+00 -1.5911901270E+00  3.3957852868E-01 -1.2559820248E+00
 -5.5001817452E+00 -1.8179782412E+00 -1.5911901270E+00  3.3957852868E-01 -1.2559820248E+00
 -5.5001817452E+00 -1.8179782412E+00 -1.5911901270E+00  3.3957852868E-01 -1.2559820248E+00
 -5.5001817452E+00 -1.8179782412E+00 -1.5911901270E+00  3.3957852868E-01 -1.2559820248E+00
 -5.5001817452E+00 -1.8179782412E+00 -1.5911901270E+00  3.3957852868E-01 -1.2559820248E+00
 -5.5001817452E+00 -1.8179782412E+00 -1.5911901270E+00  3.3957852868E-01 -1.2559820248E+00
 -5.5001817452E+00 -1.8179782412E+00 -1.5911901270E+00  3.3957852868E-01 -1.2559820248E+00
 -5.5001817452E+00 -1.8179782412E+00 -1.5911901270E+00  3.3957852868E-01 -1.2559820248E+00
 -5.5001817452E+00 -1.8179782412E+00 -1.5911901270E+00  3.3957852868E-01 -1.2559820248E+00
 -5.5001817452E+00 -1.8179782412E+00 -1.5911901270E+00  3.3957852868E-01 -1.2559820248E+00
 -5.5001817452E+00 -1.8179782412E+00 -1.5911901270E+00  3.3957852868E-01 -1.2559820248E+00
 -5.5001817452E+00 -1.8179782412E+00 -1.5911901270E+00  3.3957852868E-01 -1.2559820248E+00
 -5.5001817452E+00 -1.8179782412E+00 -1.5911901270E+00  3.3957852868E-01 -1.2559820248E+00
 -5.5001817452E+00 -1.8179782412E+00 -1.5911901270E+00  3.3957852868E-01 -1.2559820248E+00
 -5.5001817452E+00 -1.8179782412E+00 -1.5911901270E+00  3.3957852868E-01 -1.2559820248E+00
 -5.5001817452E+00 -1.8179782412E+00 -1.5911901270E+00  3.3957852868E-01 -1.2559820248E+00
 -5.5001817452E+00 -1.8179782412E+00 -1.5911901270E+00  3.3957852868E-01 -1.2559820248E+00
 -5.5001817452E+00 -1.8179782412E+00 -1.5911901270E+00  3.3957852868E-01 -1.2559820248E+00
 -5.5001817452E+00 -1.8179782412E+00 -1.5911901270E+00  3.3957852868E-01 -1.2559820248E+00
 -5.5001817452E+00 -1.8179782412E+00 -1.5911901270E+00  3.3957852868E-01 -1.2559820248E+00
 -5.5001817452E+00 -1.8179782412E+00 -1.5911901270E+00  3.3957852868E-01 -1.2559820248E+00
 -5.5001817452E+00 -1.8179782412E+00 -1.5911901270E+00  3.3957852868E-01 -1.2559820248E+00
 -5.5001817452E+00 -1.8179782412E+00 -1.5911901270E+00  3.3957852868E-01 -1.2559820248E+00
 -5.5001817452E+00 -1.8179782412E+00 -1.5911901270E+00  3.3957852868E-01 -1.2559820248E+00
 -5.5001817452E+00 -1.8179782412E+00 -1.5911901270E+00  3.3957852868E-01 -1.2559820248E+00
 -5.5001817452E+00 -1.8179782412E+00 -1.5911901270E+00  3.3957852868E-01 -1.2559820248E+00
 -5.5001817452E+00 -1.8179782412E+00 -1.5911901270E+00  3.3957852868E-01 -1.2559820248E+00
 -5.5001817452E+00 -1.8179782412E+00 -1.5911901270E+00  3.3957852868E-01 -1.2559820248E+00
 -5.5001817452E+00 -1.8179782412E+00 -1.5911901270E+00  3.3957852868E-01 -1.2559820248E+00
 -5.5001817452E+00 -1.8179782412E+00 -1.5911901270E+00  3.3957852868E-01 -1.2559820248E+00
 -5.5001817452E+00 -1.8179782412E+00 -1.5911901270E+00  3.3957852868E-01 -1.2559820248E+00
 -5.5001817452E+00 -1.8179782412E+00 -1.5911901270E+00  3.3957852868E-01 -1.2559820248E+00
 -5.5001817452E+00 -1.8179782412E+00 -1.5911901270E+00  3.3957852868E-01 -1.2559820248E+00
 -5.5001817452E+00 -1.8179782412E+00 -1.5911901270E+00  3.3957852868E-01 -1.2559820248E+00
 -5.5001817452E+00 -1.8179782412E+00 -1.5911901270E+00  3.3957852868E-01 -1.2559820248E+00
 -5.5001817452E+00 -1.8179782412E+00 -1.5911901270E+00  3.3957852868E-01 -1.2559820248E+00
 -5.5001817452E+00 -1.8179782412E+00 -1.5911901270E+00  3.3957852868E-01 -1.2559820248E+00
 -5.5001817452E+00 -1.8179782412E+00 -1.5911901270E+00  3.3957852868E-01 -1.2559820248E+00
 -5.5001817452E+00 -1.8179782412E+00 -1.5911901270E+00  3.3957852868E-01 -1.2559820248E+00
 -5.5001817452E+00 -1.8179782412E+00 -1.5911901270E+00  3.3957852868E-01 -1.2559820248E+00
 -5.5001817452E+00 -1.8179782412E+00 -1.5911901270E+00  3.3957852868E-01 -1.2559820248E+00
 -5.5001817452E+00 -1.8179782412E+00 -1.5911901270E+00  3.3957852868E-01 -1.2559820248E+00
 -5.5001817452E+00 -1.8179782412E+00 -1.5911901270E+00  3.3957852868E-01 -1.2559820248E+00
 -5.5001817452E+00 -1.8179782412E+00 -1.5911901270E+00  3.3957852868E-01 -1.2559820248E+00
 -5.5001817452E+00 -1.8179782412E+00 -1.5911901270E+00  3.3957852868E-01 -1.2559820248E+00
 -5.5001817452E+00 -1.8179782412E+00 -1.5911901270E+00  3.3957852868E-01 -1.2559820248E+00
 -5.5001817452E+00 -1.8179782412E+00 -1.5911901270E+00  3.3957852868E-01 -1.2559820248E+00
 -5.5001817452E+00 -1.8179782412E+00 -1.5911901270E+00  3.3957852868E-01 -1.2559820248E+00
