 AIMInt (Version 19.10.12, Professional)
 Portions Copyright (c) 1997-2019 by Todd A. Keith
 AIMInt is a component of the AIMAll package ( http://aim.tkgristmill.com )

 TP:  64-bit Mac OS X

 AIMInt is a heavily modified and extended version of the PROAIMV program
 developed by members of R.F.W. Bader's research group

 Much of the Quantum Theory of Atoms in Molecules (QTAIM) is described in the book:
   "Atoms in Molecules - A Quantum Theory"
   R.F.W. Bader, Oxford University Press, Oxford, 1990

 For additional references see:  http://aim.tkgristmill.com/references.html

 Current Directory:  /Users/chemlab/Documents/SubstituentCoding/New Reorientation Test

 Inp File:  SubC6H5_OPH2O-ReorPosY-B3LYP-def2-TZVPPD-Field_atomicfiles/c8.inp
 Wfx File:  SubC6H5_OPH2O-ReorPosY-B3LYP-def2-TZVPPD-Field.wfx
 Out File:  SubC6H5_OPH2O-ReorPosY-B3LYP-def2-TZVPPD-Field_atomicfiles/c8.int

 Wfx Title:   SubC6H5_OPH2O-ReorPosY-B3LYP-def2-TZVPPD-Field.chk                            
 Job Title:   SubC6H5_OPH2O-ReorPosY-B3LYP-def2-TZVPPD-Field.chk                            
 
<Atom>
C8      
</Atom>
<Nuclei of Molecule>
    16
O1         8.0           0.0000000000E+00   0.0000000000E+00   0.0000000000E+00
C2         6.0          -2.6356814912E+00   0.0000000000E+00   0.0000000000E+00
P3        15.0           1.7126853449E+00   2.5113700864E+00   0.0000000000E+00
H4         1.0           4.0315829194E+00   1.3415413108E+00  -5.2816901981E-01
H5         1.0           9.9489081698E-01   3.7046189105E+00  -2.2698190616E+00
O6         8.0           1.6593574865E+00   4.1711117347E+00   2.2252373228E+00
C7         6.0          -3.8192678216E+00  -1.7320510999E+00  -1.5765588355E+00
C8         6.0          -4.0192679392E+00   1.5947777952E+00   1.5620093276E+00
C9         6.0          -6.4408587818E+00  -1.8604937531E+00  -1.5981954586E+00
H10        1.0          -2.6832853621E+00  -2.9561155908E+00  -2.7532592312E+00
C11        6.0          -6.6444764375E+00   1.4520630062E+00   1.5059258036E+00
H12        1.0          -3.0560966605E+00   2.9023225804E+00   2.7998521980E+00
C13        6.0          -7.8608549151E+00  -2.6698365554E-01  -6.3064843896E-02
H14        1.0          -7.3721211709E+00  -3.2086313682E+00  -2.8206281540E+00
H15        1.0          -7.7353379447E+00   2.6892991482E+00   2.7134392723E+00
H16        1.0          -9.9016539083E+00  -3.7080585530E-01  -8.5601106520E-02
</Nuclei of Molecule>
<Total Number of CPs of DelSqRho>
    33
</Total Number of CPs of DelSqRho>
<Number of (3,+3) CPs of DelSqRho>
     4
</Number of (3,+3) CPs of DelSqRho>
<Number of (3,+1) CPs of DelSqRho>
    13
</Number of (3,+1) CPs of DelSqRho>
<Number of (3,-1) CPs of DelSqRho>
    13
</Number of (3,-1) CPs of DelSqRho>
<Number of (3,-3) CPs of DelSqRho>
     3
</Number of (3,-3) CPs of DelSqRho>
<Number of Degenerate CPs of DelSqRho>
     0
</Number of Degenerate CPs of DelSqRho>
<CP of DelSqRho>
CP# = 1       
Type = (3,+3)
Coords = -4.01926792039494E+00  1.59477778276843E+00  1.56200929903877E+00
DistFromNuc =  3.6363619405E-08
Rho =  1.2205841898E+02
DelSqRho = -9.6823427697E+05
GradDelSqRho =  1.3252833014E-05  3.4328303400E-06  8.8372803475E-07
HessDelSqRho_EigVals =  3.3372243237E+10  3.3372246889E+10  3.3372248382E+10
HessDelSqRho_EigVec1 =  2.3884907888E-02 -6.9401422810E-01  7.1956498134E-01
HessDelSqRho_EigVec2 =  4.1658524137E-01  6.6121103090E-01  6.2390440717E-01
HessDelSqRho_EigVec3 =  9.0878283866E-01 -2.8485825213E-01 -3.0490904929E-01
</CP of DelSqRho>
<CP of DelSqRho>
CP# = 2       
Type = (3,+1)
Coords = -5.33165143720792E+00  1.52297725693727E+00  1.53236660160830E+00
DistFromNuc =  1.3146803621E+00
Rho =  3.1880535546E-01
DelSqRho = -9.4187420622E-01
GradDelSqRho =  4.1404379925E-14 -7.1470607210E-14 -1.0576955978E-13
HessDelSqRho_EigVals = -6.2574458251E+00  4.6339713280E+00  6.5390776108E+00
HessDelSqRho_EigVec1 =  9.9829800107E-01  5.4363291578E-02  2.1112403573E-02
HessDelSqRho_EigVec2 =  2.2306286085E-02 -6.9042606727E-01  7.2305897079E-01
HessDelSqRho_EigVec3 = -5.3884419427E-02  7.2135738588E-01  6.9046360598E-01
</CP of DelSqRho>
<CP of DelSqRho>
CP# = 3       
Type = (3,+1)
Coords = -3.42012042100649E+00  2.40890576925253E+00  2.33207407533256E+00
DistFromNuc =  1.2707406590E+00
Rho =  2.9466201335E-01
DelSqRho = -1.1073193023E+00
GradDelSqRho = -9.1003593550E-15 -9.0621954385E-15 -8.6042284408E-15
HessDelSqRho_EigVals = -9.8760098547E+00  7.9308090745E+00  8.3338571425E+00
HessDelSqRho_EigVec1 =  4.7249394863E-01  6.3982529501E-01  6.0611307557E-01
HessDelSqRho_EigVec2 =  1.4402045527E-03 -6.8828201530E-01  7.2544179176E-01
HessDelSqRho_EigVec3 = -8.8133273757E-01  3.4189392988E-01  3.2613056648E-01
</CP of DelSqRho>
<CP of DelSqRho>
CP# = 4       
Type = (3,-3)
Coords = -4.02943327822478E+00  1.76663649589691E+00  1.39780717459812E+00
DistFromNuc =  2.3790984462E-01
Rho =  7.8746623741E+00
DelSqRho =  2.9203709571E+02
GradDelSqRho =  3.0286884112E-13 -1.5880630144E-12  3.3573144265E-12
HessDelSqRho_EigVals = -7.4189546872E+04 -1.0065357820E+02 -8.1518510522E+01
HessDelSqRho_EigVec1 = -4.2875503390E-02  7.2249070353E-01 -6.9004990727E-01
HessDelSqRho_EigVec2 =  8.2772464740E-01  4.1247763581E-01  3.8043936185E-01
HessDelSqRho_EigVec3 =  5.5949405654E-01 -5.5485978703E-01 -6.1570854910E-01
</CP of DelSqRho>
<CP of DelSqRho>
CP# = 5       
Type = (3,-3)
Coords = -4.03097685705639E+00  1.44423898564577E+00  1.74578869750934E+00
DistFromNuc =  2.3785266185E-01
Rho =  7.8765271105E+00
DelSqRho =  2.9234342744E+02
GradDelSqRho = -1.3660184095E-12  4.1140424401E-12  9.5141672318E-12
HessDelSqRho_EigVals = -7.4240720912E+04 -1.0725416218E+02 -8.6523809574E+01
HessDelSqRho_EigVec1 = -4.9362345463E-02 -6.3277499798E-01  7.7276073968E-01
HessDelSqRho_EigVec2 =  8.3392022401E-01  3.9969191481E-01  3.8055674114E-01
HessDelSqRho_EigVec3 = -5.4967301084E-01  6.6320598246E-01  5.0795413768E-01
</CP of DelSqRho>
<CP of DelSqRho>
CP# = 6       
Type = (3,+1)
Coords = -3.86685224498454E+00  1.46455479874081E+00  1.43355811358499E+00
DistFromNuc =  2.3809302179E-01
Rho =  7.8966981042E+00
DelSqRho =  2.8923910302E+02
GradDelSqRho = -8.3888451741E-13  1.5187850977E-13 -4.4728665216E-12
HessDelSqRho_EigVals = -7.3978976860E+04  2.0101251842E+01  9.9374956597E+01
HessDelSqRho_EigVec1 =  6.4011346377E-01 -5.4702407435E-01 -5.3946215398E-01
HessDelSqRho_EigVec2 =  7.6819125184E-01  4.6641063404E-01  4.3856963079E-01
HessDelSqRho_EigVec3 =  1.1702738956E-02 -6.9514443286E-01  7.1877483496E-01
</CP of DelSqRho>
<CP of DelSqRho>
CP# = 7       
Type = (3,-1)
Coords = -4.15987253294339E+00  1.74262155815833E+00  1.68447614323937E+00
DistFromNuc =  2.3796123837E-01
Rho =  7.8932507235E+00
DelSqRho =  2.9026644781E+02
GradDelSqRho = -4.8565595989E-12  7.6312289821E-12  1.7976731215E-12
HessDelSqRho_EigVals = -7.4065006171E+04 -5.4271840218E+01  7.0913945246E+01
HessDelSqRho_EigVec1 = -5.9086718634E-01  6.2124817914E-01  5.1471027581E-01
HessDelSqRho_EigVec2 =  8.0628079291E-01  4.3253081906E-01  4.0351997912E-01
HessDelSqRho_EigVec3 = -2.8057995093E-02 -6.5342772399E-01  7.5646874253E-01
</CP of DelSqRho>
<CP of DelSqRho>
CP# = 8       
Type = (3,+1)
Coords = -3.84960408949341E+00  1.72029280710620E+00  1.67208556010919E+00
DistFromNuc =  2.3802650499E-01
Rho =  7.9004854922E+00
DelSqRho =  2.8907876615E+02
GradDelSqRho = -5.4374282854E-12 -1.4717116414E-12 -4.3876013933E-12
HessDelSqRho_EigVals = -7.4006167579E+04  3.6187406152E+01  1.1482157563E+02
HessDelSqRho_EigVec1 =  7.1245138259E-01  5.2750555222E-01  4.6276443232E-01
HessDelSqRho_EigVec2 = -7.0163250970E-01  5.2500284850E-01  4.8175079699E-01
HessDelSqRho_EigVec3 =  1.1173575045E-02 -6.6791459143E-01  7.4415404976E-01
</CP of DelSqRho>
<CP of DelSqRho>
CP# = 9       
Type = (3,+1)
Coords = -4.24336390251776E+00  1.54064149855967E+00  1.50280834186143E+00
DistFromNuc =  2.3802204962E-01
Rho =  7.9007911884E+00
DelSqRho =  2.8940566986E+02
GradDelSqRho =  1.0402345652E-11  1.8438583993E-12  5.8975047068E-13
HessDelSqRho_EigVals = -7.4027894569E+04  3.2048919028E+01  9.9986875340E+01
HessDelSqRho_EigVec1 =  9.4165422938E-01  2.2717825854E-01  2.4834925236E-01
HessDelSqRho_EigVec2 =  3.3557681912E-01 -6.9065516136E-01 -6.4061193132E-01
HessDelSqRho_EigVec3 = -2.5990590003E-02 -6.8657518666E-01  7.2659411111E-01
</CP of DelSqRho>
<CP of DelSqRho>
CP# = 10      
Type = (3,-1)
Coords = -4.11839857860268E+00  1.44124527732088E+00  1.40939723868780E+00
DistFromNuc =  2.3809571057E-01
Rho =  7.8907504300E+00
DelSqRho =  2.8959609370E+02
GradDelSqRho =  2.7360336219E-12  7.9261042174E-12  4.5226045131E-12
HessDelSqRho_EigVals = -7.3947954396E+04 -2.4949955247E+01  8.1640010323E+01
HessDelSqRho_EigVec1 =  4.1650146300E-01  6.4483291542E-01  6.4087209528E-01
HessDelSqRho_EigVec2 = -9.0904474319E-01  3.0532289578E-01  2.8357641686E-01
HessDelSqRho_EigVec3 = -1.2813516330E-02 -7.0069140177E-01  7.1334940477E-01
</CP of DelSqRho>
<CP of DelSqRho>
CP# = 11      
Type = (3,-1)
Coords = -3.78431273604475E+00  1.57038882641632E+00  1.53210523814362E+00
DistFromNuc =  2.3810296900E-01
Rho =  7.8918032817E+00
DelSqRho =  2.8934595071E+02
GradDelSqRho = -8.2245321664E-12  5.2735593670E-13  5.0093262871E-13
HessDelSqRho_EigVals = -7.3936680198E+04 -1.9824616973E+01  9.2639419176E+01
HessDelSqRho_EigVec1 =  9.8679049399E-01 -1.0244645523E-01 -1.2549599507E-01
HessDelSqRho_EigVec2 =  1.6054490911E-01  7.2206537638E-01  6.7293901982E-01
HessDelSqRho_EigVec3 =  2.1676095749E-02 -6.8419757092E-01  7.2897450629E-01
</CP of DelSqRho>
<CP of DelSqRho>
CP# = 12      
Type = (3,-1)
Coords = -3.07416411830089E+00  1.65600350371434E+00  1.53550771139446E+00
DistFromNuc =  9.4745562181E-01
Rho =  2.1938958580E-01
DelSqRho = -4.2531084790E-02
GradDelSqRho =  6.6613381478E-15  1.0685896612E-15  1.1102230246E-16
HessDelSqRho_EigVals = -4.5870352257E+00 -2.5223419227E-01  2.4627559870E+01
HessDelSqRho_EigVec1 = -2.9307329871E-02  7.1829458089E-01  6.9512155446E-01
HessDelSqRho_EigVec2 =  5.8754518322E-02 -6.9297995238E-01  7.1855876042E-01
HessDelSqRho_EigVec3 =  9.9784216537E-01  6.1900570731E-02 -2.1893660055E-02
</CP of DelSqRho>
<CP of DelSqRho>
CP# = 13      
Type = (3,+3)
Coords = -4.95695254878458E+00  1.54451052482905E+00  1.54024576583798E+00
DistFromNuc =  9.3928317251E-01
Rho =  3.4052229164E-01
DelSqRho = -1.2580683895E+00
GradDelSqRho = -3.5527136788E-15 -6.1062266354E-16  2.0816681712E-17
HessDelSqRho_EigVals =  5.1202681067E+00  7.9840545380E+00  3.0881505071E+01
HessDelSqRho_EigVec1 =  1.9354155906E-02 -6.9347651938E-01  7.2021922615E-01
HessDelSqRho_EigVec2 = -5.3583740628E-02  7.1859942517E-01  6.9335679768E-01
HessDelSqRho_EigVec3 =  9.9837578065E-01  5.2011375770E-02  2.3251180638E-02
</CP of DelSqRho>
<CP of DelSqRho>
CP# = 14      
Type = (3,+1)
Coords = -4.35137652507216E+00  2.49669159503227E+00  1.47736564177974E+00
DistFromNuc =  9.6483634296E-01
Rho =  1.9262503241E-01
DelSqRho = -6.7732348897E-02
GradDelSqRho = -1.0547118734E-15 -2.2204460493E-16 -8.8817841970E-16
HessDelSqRho_EigVals = -2.5075194757E+00  3.4991591525E-01  1.9601781191E+01
HessDelSqRho_EigVec1 =  8.1243302939E-01  3.3474337961E-01  4.7738814665E-01
HessDelSqRho_EigVec2 = -4.6215181718E-01 -1.2948340279E-01  8.7729684046E-01
HessDelSqRho_EigVec3 = -3.5548315098E-01  9.3337072924E-01 -4.9505667987E-02
</CP of DelSqRho>
<CP of DelSqRho>
CP# = 15      
Type = (3,+1)
Coords = -4.23820479074679E+00  6.87170344854895E-01  1.79940298154360E+00
DistFromNuc =  9.6334852251E-01
Rho =  1.9844183913E-01
DelSqRho = -1.2886520979E-01
GradDelSqRho =  1.3322676296E-15  3.8524738954E-14 -5.1070259133E-15
HessDelSqRho_EigVals = -2.1112450152E+00  7.8624697254E-01  2.0981471460E+01
HessDelSqRho_EigVec1 =  8.9353751446E-01 -3.0434243646E-01 -3.3010057802E-01
HessDelSqRho_EigVec2 =  3.7770909523E-01  1.1202652902E-01  9.1912235104E-01
HessDelSqRho_EigVec3 =  2.4274791374E-01  9.4595229170E-01 -2.1505281261E-01
</CP of DelSqRho>
<CP of DelSqRho>
CP# = 16      
Type = (3,+1)
Coords = -4.32230794648413E+00  1.53004134511368E+00  2.47646258362233E+00
DistFromNuc =  9.6553032654E-01
Rho =  1.9230434325E-01
DelSqRho = -6.6146653881E-02
GradDelSqRho =  9.1593399532E-16  8.3266726847E-16  2.1649348980E-15
HessDelSqRho_EigVals = -2.4944853369E+00  3.3391010341E-01  1.9422500031E+01
HessDelSqRho_EigVec1 =  8.0781567158E-01  5.1087455187E-01  2.9400855940E-01
HessDelSqRho_EigVec2 =  4.9172483511E-01 -8.5913030404E-01  1.4178084223E-01
HessDelSqRho_EigVec3 = -3.2502388727E-01 -3.0038524110E-02  9.4522862831E-01
</CP of DelSqRho>
<CP of DelSqRho>
CP# = 17      
Type = (3,+1)
Coords = -4.25701254408849E+00  1.79126771006751E+00  6.46362801409367E-01
DistFromNuc =  9.6619839820E-01
Rho =  1.9594441420E-01
DelSqRho = -1.1945507033E-01
GradDelSqRho = -7.4013017937E-13 -4.4383940967E-13 -1.6570911310E-12
HessDelSqRho_EigVals = -2.0489181353E+00  7.5536791264E-01  2.0210615356E+01
HessDelSqRho_EigVec1 =  8.9179582917E-01 -3.3245486393E-01 -3.0687776478E-01
HessDelSqRho_EigVec2 =  3.6803984157E-01  9.2755850026E-01  6.4667639601E-02
HessDelSqRho_EigVec3 =  2.6314800794E-01 -1.7061357521E-01  9.4954943730E-01
</CP of DelSqRho>
<CP of DelSqRho>
CP# = 18      
Type = (3,-1)
Coords = -4.53525307019264E+00  2.15737690384661E+00  2.12552997165493E+00
DistFromNuc =  9.4884873861E-01
Rho =  2.1520545825E-01
DelSqRho = -2.3811079334E-02
GradDelSqRho =  4.2188474936E-15 -4.4408920985E-15 -7.3274719625E-15
HessDelSqRho_EigVals = -4.4929093493E+00 -3.6688880567E-01  2.3898482000E+01
HessDelSqRho_EigVec1 =  8.3743885832E-01  4.0548250619E-01  3.6644248627E-01
HessDelSqRho_EigVec2 =  2.2915241633E-02 -6.9594910862E-01  7.1772538614E-01
HessDelSqRho_EigVec3 = -5.4605041001E-01  5.9265400984E-01  5.9210655658E-01
</CP of DelSqRho>
<CP of DelSqRho>
CP# = 19      
Type = (3,-1)
Coords = -3.90314075221906E+00  1.04329562441998E+00  2.36994700936607E+00
DistFromNuc =  9.8507939065E-01
Rho =  1.6934076259E-01
DelSqRho = -3.4135103230E-02
GradDelSqRho =  8.1276652075E-13 -2.0381196730E-12  3.4786618031E-12
HessDelSqRho_EigVals = -9.9478578761E-01 -4.1110606376E-01  1.4814497352E+01
HessDelSqRho_EigVec1 =  4.5488367520E-01  7.7353284154E-01  4.4127971298E-01
HessDelSqRho_EigVec2 = -8.8143491004E-01  3.2035002571E-01  3.4705671062E-01
HessDelSqRho_EigVec3 =  1.2709579614E-01 -5.4682977615E-01  8.2754084765E-01
</CP of DelSqRho>
<CP of DelSqRho>
CP# = 20      
Type = (3,-1)
Coords = -3.91341797999103E+00  2.37151972992638E+00  9.60739868364760E-01
DistFromNuc =  9.8795607676E-01
Rho =  1.6773992015E-01
DelSqRho = -3.0123775401E-02
GradDelSqRho = -2.5202062659E-14  3.7225778016E-13 -2.2243318298E-13
HessDelSqRho_EigVals = -9.6471407488E-01 -4.0260882998E-01  1.4255531990E+01
HessDelSqRho_EigVec1 =  3.9881918078E-01  5.1153839963E-01  7.6109902558E-01
HessDelSqRho_EigVec2 =  9.0982031510E-01 -3.2458633534E-01 -2.5859370671E-01
HessDelSqRho_EigVec3 =  1.1476173266E-01  7.9559548554E-01 -5.9485928429E-01
</CP of DelSqRho>
<CP of DelSqRho>
CP# = 21      
Type = (3,-1)
Coords = -4.43625995417340E+00  9.80497298912790E-01  9.67967302631609E-01
DistFromNuc =  9.5084635777E-01
Rho =  2.2157848963E-01
DelSqRho =  3.0901472630E-02
GradDelSqRho =  3.8857805862E-16  2.4424906542E-15  8.8817841970E-16
HessDelSqRho_EigVals = -4.8542093717E+00 -9.4122228961E-01  2.3552639746E+01
HessDelSqRho_EigVec1 =  8.9714031019E-01 -3.1047688427E-01 -3.1423457508E-01
HessDelSqRho_EigVec2 =  9.9943143859E-03 -6.9689927444E-01  7.1709937593E-01
HessDelSqRho_EigVec3 =  4.4163262733E-01  6.4647931569E-01  6.2211342765E-01
</CP of DelSqRho>
<CP of DelSqRho>
CP# = 22      
Type = (3,+1)
Coords = -3.28699386646798E+00  1.20970773802044E+00  2.04979928897445E+00
DistFromNuc =  9.6043912506E-01
Rho =  1.9923032431E-01
DelSqRho = -7.2130935185E-02
GradDelSqRho = -1.4432899320E-15 -5.5511151231E-17  1.8873791419E-15
HessDelSqRho_EigVals = -2.8254083978E+00  2.9630029982E-01  2.0884373337E+01
HessDelSqRho_EigVec1 = -3.0783417161E-03  7.9198631877E-01  6.1053107594E-01
HessDelSqRho_EigVec2 = -6.1743041788E-01 -4.8176549960E-01  6.2183734406E-01
HessDelSqRho_EigVec3 =  7.8661947782E-01 -3.7504622951E-01  4.9047948259E-01
</CP of DelSqRho>
<CP of DelSqRho>
CP# = 23      
Type = (3,+1)
Coords = -3.30554732288434E+00  2.08099192505380E+00  1.13358825555395E+00
DistFromNuc =  9.6402588822E-01
Rho =  1.9718592235E-01
DelSqRho = -6.2644107787E-02
GradDelSqRho =  2.7533531011E-14  1.1990408666E-14 -1.0991207944E-14
HessDelSqRho_EigVals = -2.7599753917E+00  2.5541232653E-01  1.9903210017E+01
HessDelSqRho_EigVec1 = -6.0434577986E-04  6.4936961405E-01  7.6047270767E-01
HessDelSqRho_EigVec2 = -6.4103214617E-01  5.8342193629E-01 -4.9869492862E-01
HessDelSqRho_EigVec3 =  7.6751379293E-01  4.8778883608E-01 -4.1591420877E-01
</CP of DelSqRho>
<CP of DelSqRho>
CP# = 24      
Type = (3,+3)
Coords = -3.49916430024392E+00  1.02349413270591E+00  1.01000037394289E+00
DistFromNuc =  9.4951919579E-01
Rho =  3.3680053278E-01
DelSqRho = -1.2101169008E+00
GradDelSqRho = -3.1086244690E-15  7.7715611724E-16  1.3322676296E-15
HessDelSqRho_EigVals =  5.0237215359E+00  7.8968255094E+00  2.7011958345E+01
HessDelSqRho_EigVec1 =  1.1878512030E-02 -6.8511387219E-01  7.2833912643E-01
HessDelSqRho_EigVec2 =  8.3338431021E-01  4.0929558466E-01  3.7141313368E-01
HessDelSqRho_EigVec3 =  5.5256627878E-01 -6.0257456510E-01 -5.7582497432E-01
</CP of DelSqRho>
<CP of DelSqRho>
CP# = 25      
Type = (3,+3)
Coords = -3.57260991088063E+00  2.20252769095283E+00  2.13670118307360E+00
DistFromNuc =  9.4822679714E-01
Rho =  3.1992853541E-01
DelSqRho = -1.3505365687E+00
GradDelSqRho = -4.2654768606E-13 -5.8719695772E-13 -5.5333515547E-13
HessDelSqRho_EigVals =  7.8786491434E+00  8.8423506750E+00  2.6454884967E+01
HessDelSqRho_EigVec1 =  2.0116306087E-02 -6.9490919349E-01  7.1881607316E-01
HessDelSqRho_EigVec2 = -8.8176920358E-01  3.2654936667E-01  3.4036536655E-01
HessDelSqRho_EigVec3 =  4.7125195580E-01  6.4067677025E-01  6.0618055909E-01
</CP of DelSqRho>
<CP of DelSqRho>
CP# = 26      
Type = (3,+1)
Coords = -4.29657658049153E+00  4.61121308495147E-01  2.62638128898330E+00
DistFromNuc =  1.5795457526E+00
Rho =  6.6769656556E-02
DelSqRho =  1.0313774365E-01
GradDelSqRho = -1.9671764218E-15 -2.6645352591E-15 -3.5804692544E-15
HessDelSqRho_EigVals = -4.7743939165E-01  2.0677155095E-02  7.2093722294E-02
HessDelSqRho_EigVec1 = -1.3487636184E-02 -6.8038686956E-01  7.3272900270E-01
HessDelSqRho_EigVec2 = -7.8250200025E-01  4.6339041892E-01  4.1588452634E-01
HessDelSqRho_EigVec3 =  6.2250197049E-01  5.6775261107E-01  5.3865412776E-01
</CP of DelSqRho>
<CP of DelSqRho>
CP# = 27      
Type = (3,+1)
Coords = -4.30726372293928E+00  2.58506530548363E+00  3.70358151520961E-01
DistFromNuc =  1.5759579467E+00
Rho =  6.6651343152E-02
DelSqRho =  1.0136166615E-01
GradDelSqRho = -1.6866716357E-13 -6.7328087550E-14  2.0038137816E-13
HessDelSqRho_EigVals = -4.6056472606E-01  1.2626683726E-02  6.8945238884E-02
HessDelSqRho_EigVec1 =  3.7973780378E-02 -6.9322739375E-01  7.1971784232E-01
HessDelSqRho_EigVec2 = -8.4157553752E-01  3.6616006854E-01  3.9708616049E-01
HessDelSqRho_EigVec3 =  5.3880293860E-01  6.2077579266E-01  5.6949873450E-01
</CP of DelSqRho>
<CP of DelSqRho>
CP# = 28      
Type = (3,-3)
Coords = -4.64157787818369E+00  6.09036289720684E-01  6.35899300982753E-01
DistFromNuc =  1.4888370486E+00
Rho =  9.9916465855E-02
DelSqRho =  2.7879165628E-01
GradDelSqRho =  1.9428902931E-16  2.6541269182E-16  2.1337098755E-16
HessDelSqRho_EigVals = -8.5511568089E-01 -3.5558769075E-01 -3.1723702417E-01
HessDelSqRho_EigVec1 =  6.6789946478E-01  5.3816867430E-01  5.1408635748E-01
HessDelSqRho_EigVec2 = -7.4422286591E-01  4.7688008434E-01  4.6767265369E-01
HessDelSqRho_EigVec3 =  6.5292265263E-03 -6.9495313738E-01  7.1902538623E-01
</CP of DelSqRho>
<CP of DelSqRho>
CP# = 29      
Type = (3,-1)
Coords = -3.40868289976085E+00  3.28619916996963E+00  1.46712574733296E+00
DistFromNuc =  1.8007562998E+00
Rho =  6.5682286658E-02
DelSqRho =  1.3159347931E-01
GradDelSqRho = -1.6479873022E-17 -2.0816681712E-17 -8.4134088585E-17
HessDelSqRho_EigVals = -1.0824399145E+00 -1.7239796390E-01  3.4683700606E-02
HessDelSqRho_EigVec1 =  4.5073972034E-02  7.5887383176E-01 -6.4967595347E-01
HessDelSqRho_EigVec2 =  4.6691962227E-01  5.5892584465E-01  6.8526488785E-01
HessDelSqRho_EigVec3 =  8.8315027225E-01 -3.3423406118E-01 -3.2914007499E-01
</CP of DelSqRho>
<CP of DelSqRho>
CP# = 30      
Type = (3,-1)
Coords = -3.42251439598872E+00  1.58680412411331E+00  3.24879793450653E+00
DistFromNuc =  1.7892552013E+00
Rho =  6.5930118292E-02
DelSqRho =  1.3300886370E-01
GradDelSqRho =  2.7755575616E-17  8.3266726847E-17  1.2490009027E-16
HessDelSqRho_EigVals = -1.0831192099E+00 -1.6994066341E-01  3.4485647949E-02
HessDelSqRho_EigVec1 =  4.1500010881E-02 -6.0404822467E-01  7.9586650349E-01
HessDelSqRho_EigVec2 =  4.6516041457E-01  7.1664230252E-01  5.1966296670E-01
HessDelSqRho_EigVec3 =  8.8425309602E-01 -3.4863957393E-01 -3.1071998596E-01
</CP of DelSqRho>
<CP of DelSqRho>
CP# = 31      
Type = (3,-1)
Coords = -5.37470174724886E+00  2.54082200279678E+00  5.47551204305046E-01
DistFromNuc =  1.9394137606E+00
Rho =  7.2531976722E-02
DelSqRho =  1.2319764483E-01
GradDelSqRho = -3.7513395168E-16  6.5988881026E-15 -4.0800696155E-15
HessDelSqRho_EigVals = -8.0263813027E-01 -1.5264262846E-01  8.8046648810E-02
HessDelSqRho_EigVec1 = -2.9114598972E-02  7.2552982970E-01 -6.8757458239E-01
HessDelSqRho_EigVec2 =  9.9793860072E-01  6.0454762950E-02  2.1535338985E-02
HessDelSqRho_EigVec3 =  5.7191689215E-02 -6.8553022388E-01 -7.2579433921E-01
</CP of DelSqRho>
<CP of DelSqRho>
CP# = 32      
Type = (3,-1)
Coords = -5.31068753710995E+00  5.92604289482431E-01  2.60004707250939E+00
DistFromNuc =  1.9363983767E+00
Rho =  7.2499138250E-02
DelSqRho =  1.2420028725E-01
GradDelSqRho =  2.1668864619E-15 -1.2275597205E-13  2.3976653996E-13
HessDelSqRho_EigVals = -8.0629422870E-01 -1.5202684613E-01  8.8109082780E-02
HessDelSqRho_EigVec1 =  1.4728589911E-02 -6.4810216479E-01  7.6141096173E-01
HessDelSqRho_EigVec2 =  9.9825760207E-01  5.3046522168E-02  2.5842337442E-02
HessDelSqRho_EigVec3 =  5.7138678300E-02 -7.5970365965E-01 -6.4775421338E-01
</CP of DelSqRho>
<CP of DelSqRho>
CP# = 33      
Type = (3,-1)
Coords = -4.40043863735374E+00  3.44633047012866E-01  3.81533159798775E-01
DistFromNuc =  1.7611578507E+00
Rho =  8.1990773122E-02
DelSqRho =  2.7032811773E-01
GradDelSqRho = -6.7362782019E-14 -2.2648549702E-14 -1.5729605118E-14
HessDelSqRho_EigVals = -1.1309977765E+00 -2.4703164843E-01  1.7808584146E-01
HessDelSqRho_EigVec1 =  8.3858036853E-01  4.0286048088E-01  3.6672387222E-01
HessDelSqRho_EigVec2 =  1.3320636116E-02 -6.8812390591E-01  7.2547091655E-01
HessDelSqRho_EigVec3 = -5.4461502565E-01  6.0348067331E-01  5.8241355649E-01
</CP of DelSqRho>
<Path of -GradDelSqRho>
Starting CP# =      2
Ending CP# =     13
Number of Points =     16
 -5.3316514372E+00  1.5229772569E+00  1.5323666016E+00  3.1880535546E-01 -9.4187420622E-01
 -5.3066941308E+00  1.5243382103E+00  1.5328963733E+00  3.1896919233E-01 -9.4383092725E-01
 -5.2817371130E+00  1.5257029351E+00  1.5334300315E+00  3.1934363629E-01 -9.4970934533E-01
 -5.2567803741E+00  1.5270713233E+00  1.5339673336E+00  3.1992656286E-01 -9.5952577411E-01
 -5.2318239024E+00  1.5284432585E+00  1.5345079896E+00  3.2071436247E-01 -9.7329191803E-01
 -5.2068676854E+00  1.5298186303E+00  1.5350516668E+00  3.2170190350E-01 -9.9099542424E-01
 -5.1819117114E+00  1.5311973572E+00  1.5355979948E+00  3.2288249897E-01 -1.0125704824E+00
 -5.1569559712E+00  1.5325794190E+00  1.5361465709E+00  3.2424789616E-01 -1.0378562919E+00
 -5.1320004609E+00  1.5339649055E+00  1.5366969602E+00  3.2578831725E-01 -1.0665405786E+00
 -5.1070451859E+00  1.5353540943E+00  1.5372486876E+00  3.2749258953E-01 -1.0980847293E+00
 -5.0820901685E+00  1.5367475886E+00  1.5378012098E+00  3.2934841793E-01 -1.1316265682E+00
 -5.0571354620E+00  1.5381465934E+00  1.5383538446E+00  3.3134286982E-01 -1.1658563865E+00
 -5.0321811838E+00  1.5395535668E+00  1.5389055838E+00  3.3346316362E-01 -1.1988616359E+00
 -5.0072276144E+00  1.5409741393E+00  1.5394545093E+00  3.3569787842E-01 -1.2279357733E+00
 -4.9822756387E+00  1.5424254904E+00  1.5399951232E+00  3.3803872552E-01 -1.2493471816E+00
 -4.9569525488E+00  1.5445105248E+00  1.5402457658E+00  3.4052229164E-01 -1.2580683895E+00
</Path of -GradDelSqRho>
<Path of -GradDelSqRho>
Starting CP# =      2
Ending CP# =      0
Number of Points =    400
 -5.3316514372E+00  1.5229772569E+00  1.5323666016E+00  3.1880535546E-01 -9.4187420622E-01
 -5.3566090330E+00  1.5216200720E+00  1.5318408071E+00  3.1885279316E-01 -9.4382929960E-01
 -5.3815669311E+00  1.5202668225E+00  1.5313192366E+00  3.1911072740E-01 -9.4969631074E-01
 -5.4065251357E+00  1.5189175698E+00  1.5308020002E+00  3.1957692871E-01 -9.5948171208E-01
 -5.4314836506E+00  1.5175723744E+00  1.5302891812E+00  3.2024769366E-01 -9.7318726675E-01
 -5.4564424799E+00  1.5162313145E+00  1.5297808559E+00  3.2111781372E-01 -9.9079059037E-01
 -5.4814016308E+00  1.5148945155E+00  1.5292771203E+00  3.2218054793E-01 -1.0122158339E+00
 -5.5063611164E+00  1.5135621925E+00  1.5287781291E+00  3.2342761873E-01 -1.0372923328E+00
 -5.5313209600E+00  1.5122347168E+00  1.5282841530E+00  3.2484925899E-01 -1.0656984307E+00
 -5.5562812026E+00  1.5109127237E+00  1.5277956708E+00  3.2643434850E-01 -1.0968870689E+00
 -5.5812419162E+00  1.5095973109E+00  1.5273135338E+00  3.2817069261E-01 -1.1299891872E+00
 -5.6062032298E+00  1.5082904408E+00  1.5268392970E+00  3.3004551239E-01 -1.1636905581E+00
 -5.6311653909E+00  1.5069958991E+00  1.5263760018E+00  3.3204623700E-01 -1.1960774665E+00
 -5.6561289426E+00  1.5057221315E+00  1.5259304822E+00  3.3416171358E-01 -1.2244467140E+00
 -5.6810954629E+00  1.5044947602E+00  1.5255234912E+00  3.3638396358E-01 -1.2450758896E+00
 -5.7060588894E+00  1.5037599839E+00  1.5255078020E+00  3.3870652309E-01 -1.2529535609E+00
 -5.7060714018E+00  1.5039116804E+00  1.5255993780E+00  3.3870647693E-01 -1.2529536524E+00
 -5.7060714019E+00  1.5039116852E+00  1.5255993730E+00  3.3870647693E-01 -1.2529536524E+00
 -5.7060714019E+00  1.5039116852E+00  1.5255993730E+00  3.3870647693E-01 -1.2529536524E+00
 -5.7060714019E+00  1.5039116852E+00  1.5255993730E+00  3.3870647693E-01 -1.2529536524E+00
 -5.7060714019E+00  1.5039116852E+00  1.5255993730E+00  3.3870647693E-01 -1.2529536524E+00
 -5.7060714019E+00  1.5039116852E+00  1.5255993730E+00  3.3870647693E-01 -1.2529536524E+00
 -5.7060714019E+00  1.5039116852E+00  1.5255993730E+00  3.3870647693E-01 -1.2529536524E+00
 -5.7060714019E+00  1.5039116852E+00  1.5255993730E+00  3.3870647693E-01 -1.2529536524E+00
 -5.7060714019E+00  1.5039116852E+00  1.5255993730E+00  3.3870647693E-01 -1.2529536524E+00
 -5.7060714019E+00  1.5039116852E+00  1.5255993730E+00  3.3870647693E-01 -1.2529536524E+00
 -5.7060714019E+00  1.5039116852E+00  1.5255993730E+00  3.3870647693E-01 -1.2529536524E+00
 -5.7060714019E+00  1.5039116852E+00  1.5255993730E+00  3.3870647693E-01 -1.2529536524E+00
 -5.7060714019E+00  1.5039116852E+00  1.5255993730E+00  3.3870647693E-01 -1.2529536524E+00
 -5.7060714019E+00  1.5039116852E+00  1.5255993730E+00  3.3870647693E-01 -1.2529536524E+00
 -5.7060714019E+00  1.5039116852E+00  1.5255993730E+00  3.3870647693E-01 -1.2529536524E+00
 -5.7060714019E+00  1.5039116852E+00  1.5255993730E+00  3.3870647693E-01 -1.2529536524E+00
 -5.7060714019E+00  1.5039116852E+00  1.5255993730E+00  3.3870647693E-01 -1.2529536524E+00
 -5.7060714019E+00  1.5039116852E+00  1.5255993730E+00  3.3870647693E-01 -1.2529536524E+00
 -5.7060714019E+00  1.5039116852E+00  1.5255993730E+00  3.3870647693E-01 -1.2529536524E+00
 -5.7060714019E+00  1.5039116852E+00  1.5255993730E+00  3.3870647693E-01 -1.2529536524E+00
 -5.7060714019E+00  1.5039116852E+00  1.5255993730E+00  3.3870647693E-01 -1.2529536524E+00
 -5.7060714019E+00  1.5039116852E+00  1.5255993730E+00  3.3870647693E-01 -1.2529536524E+00
 -5.7060714019E+00  1.5039116852E+00  1.5255993730E+00  3.3870647693E-01 -1.2529536524E+00
 -5.7060714019E+00  1.5039116852E+00  1.5255993730E+00  3.3870647693E-01 -1.2529536524E+00
 -5.7060714019E+00  1.5039116852E+00  1.5255993730E+00  3.3870647693E-01 -1.2529536524E+00
 -5.7060714019E+00  1.5039116852E+00  1.5255993730E+00  3.3870647693E-01 -1.2529536524E+00
 -5.7060714019E+00  1.5039116852E+00  1.5255993730E+00  3.3870647693E-01 -1.2529536524E+00
 -5.7060714019E+00  1.5039116852E+00  1.5255993730E+00  3.3870647693E-01 -1.2529536524E+00
 -5.7060714019E+00  1.5039116852E+00  1.5255993730E+00  3.3870647693E-01 -1.2529536524E+00
 -5.7060714019E+00  1.5039116852E+00  1.5255993730E+00  3.3870647693E-01 -1.2529536524E+00
 -5.7060714019E+00  1.5039116852E+00  1.5255993730E+00  3.3870647693E-01 -1.2529536524E+00
 -5.7060714019E+00  1.5039116852E+00  1.5255993730E+00  3.3870647693E-01 -1.2529536524E+00
 -5.7060714019E+00  1.5039116852E+00  1.5255993730E+00  3.3870647693E-01 -1.2529536524E+00
 -5.7060714019E+00  1.5039116852E+00  1.5255993730E+00  3.3870647693E-01 -1.2529536524E+00
 -5.7060714019E+00  1.5039116852E+00  1.5255993730E+00  3.3870647693E-01 -1.2529536524E+00
 -5.7060714019E+00  1.5039116852E+00  1.5255993730E+00  3.3870647693E-01 -1.2529536524E+00
 -5.7060714019E+00  1.5039116852E+00  1.5255993730E+00  3.3870647693E-01 -1.2529536524E+00
 -5.7060714019E+00  1.5039116852E+00  1.5255993730E+00  3.3870647693E-01 -1.2529536524E+00
 -5.7060714019E+00  1.5039116852E+00  1.5255993730E+00  3.3870647693E-01 -1.2529536524E+00
 -5.7060714019E+00  1.5039116852E+00  1.5255993730E+00  3.3870647693E-01 -1.2529536524E+00
 -5.7060714019E+00  1.5039116852E+00  1.5255993730E+00  3.3870647693E-01 -1.2529536524E+00
 -5.7060714019E+00  1.5039116852E+00  1.5255993730E+00  3.3870647693E-01 -1.2529536524E+00
 -5.7060714019E+00  1.5039116852E+00  1.5255993730E+00  3.3870647693E-01 -1.2529536524E+00
 -5.7060714019E+00  1.5039116852E+00  1.5255993730E+00  3.3870647693E-01 -1.2529536524E+00
 -5.7060714019E+00  1.5039116852E+00  1.5255993730E+00  3.3870647693E-01 -1.2529536524E+00
 -5.7060714019E+00  1.5039116852E+00  1.5255993730E+00  3.3870647693E-01 -1.2529536524E+00
 -5.7060714019E+00  1.5039116852E+00  1.5255993730E+00  3.3870647693E-01 -1.2529536524E+00
 -5.7060714019E+00  1.5039116852E+00  1.5255993730E+00  3.3870647693E-01 -1.2529536524E+00
 -5.7060714019E+00  1.5039116852E+00  1.5255993730E+00  3.3870647693E-01 -1.2529536524E+00
 -5.7060714019E+00  1.5039116852E+00  1.5255993730E+00  3.3870647693E-01 -1.2529536524E+00
 -5.7060714019E+00  1.5039116852E+00  1.5255993730E+00  3.3870647693E-01 -1.2529536524E+00
 -5.7060714019E+00  1.5039116852E+00  1.5255993730E+00  3.3870647693E-01 -1.2529536524E+00
 -5.7060714019E+00  1.5039116852E+00  1.5255993730E+00  3.3870647693E-01 -1.2529536524E+00
 -5.7060714019E+00  1.5039116852E+00  1.5255993730E+00  3.3870647693E-01 -1.2529536524E+00
 -5.7060714019E+00  1.5039116852E+00  1.5255993730E+00  3.3870647693E-01 -1.2529536524E+00
 -5.7060714019E+00  1.5039116852E+00  1.5255993730E+00  3.3870647693E-01 -1.2529536524E+00
 -5.7060714019E+00  1.5039116852E+00  1.5255993730E+00  3.3870647693E-01 -1.2529536524E+00
 -5.7060714019E+00  1.5039116852E+00  1.5255993730E+00  3.3870647693E-01 -1.2529536524E+00
 -5.7060714019E+00  1.5039116852E+00  1.5255993730E+00  3.3870647693E-01 -1.2529536524E+00
 -5.7060714019E+00  1.5039116852E+00  1.5255993730E+00  3.3870647693E-01 -1.2529536524E+00
 -5.7060714019E+00  1.5039116852E+00  1.5255993730E+00  3.3870647693E-01 -1.2529536524E+00
 -5.7060714019E+00  1.5039116852E+00  1.5255993730E+00  3.3870647693E-01 -1.2529536524E+00
 -5.7060714019E+00  1.5039116852E+00  1.5255993730E+00  3.3870647693E-01 -1.2529536524E+00
 -5.7060714019E+00  1.5039116852E+00  1.5255993730E+00  3.3870647693E-01 -1.2529536524E+00
 -5.7060714019E+00  1.5039116852E+00  1.5255993730E+00  3.3870647693E-01 -1.2529536524E+00
 -5.7060714019E+00  1.5039116852E+00  1.5255993730E+00  3.3870647693E-01 -1.2529536524E+00
 -5.7060714019E+00  1.5039116852E+00  1.5255993730E+00  3.3870647693E-01 -1.2529536524E+00
 -5.7060714019E+00  1.5039116852E+00  1.5255993730E+00  3.3870647693E-01 -1.2529536524E+00
 -5.7060714019E+00  1.5039116852E+00  1.5255993730E+00  3.3870647693E-01 -1.2529536524E+00
 -5.7060714019E+00  1.5039116852E+00  1.5255993730E+00  3.3870647693E-01 -1.2529536524E+00
 -5.7060714019E+00  1.5039116852E+00  1.5255993730E+00  3.3870647693E-01 -1.2529536524E+00
 -5.7060714019E+00  1.5039116852E+00  1.5255993730E+00  3.3870647693E-01 -1.2529536524E+00
 -5.7060714019E+00  1.5039116852E+00  1.5255993730E+00  3.3870647693E-01 -1.2529536524E+00
 -5.7060714019E+00  1.5039116852E+00  1.5255993730E+00  3.3870647693E-01 -1.2529536524E+00
 -5.7060714019E+00  1.5039116852E+00  1.5255993730E+00  3.3870647693E-01 -1.2529536524E+00
 -5.7060714019E+00  1.5039116852E+00  1.5255993730E+00  3.3870647693E-01 -1.2529536524E+00
 -5.7060714019E+00  1.5039116852E+00  1.5255993730E+00  3.3870647693E-01 -1.2529536524E+00
 -5.7060714019E+00  1.5039116852E+00  1.5255993730E+00  3.3870647693E-01 -1.2529536524E+00
 -5.7060714019E+00  1.5039116852E+00  1.5255993730E+00  3.3870647693E-01 -1.2529536524E+00
 -5.7060714019E+00  1.5039116852E+00  1.5255993730E+00  3.3870647693E-01 -1.2529536524E+00
 -5.7060714019E+00  1.5039116852E+00  1.5255993730E+00  3.3870647693E-01 -1.2529536524E+00
 -5.7060714019E+00  1.5039116852E+00  1.5255993730E+00  3.3870647693E-01 -1.2529536524E+00
 -5.7060714019E+00  1.5039116852E+00  1.5255993730E+00  3.3870647693E-01 -1.2529536524E+00
 -5.7060714019E+00  1.5039116852E+00  1.5255993730E+00  3.3870647693E-01 -1.2529536524E+00
 -5.7060714019E+00  1.5039116852E+00  1.5255993730E+00  3.3870647693E-01 -1.2529536524E+00
 -5.7060714019E+00  1.5039116852E+00  1.5255993730E+00  3.3870647693E-01 -1.2529536524E+00
 -5.7060714019E+00  1.5039116852E+00  1.5255993730E+00  3.3870647693E-01 -1.2529536524E+00
 -5.7060714019E+00  1.5039116852E+00  1.5255993730E+00  3.3870647693E-01 -1.2529536524E+00
 -5.7060714019E+00  1.5039116852E+00  1.5255993730E+00  3.3870647693E-01 -1.2529536524E+00
 -5.7060714019E+00  1.5039116852E+00  1.5255993730E+00  3.3870647693E-01 -1.2529536524E+00
 -5.7060714019E+00  1.5039116852E+00  1.5255993730E+00  3.3870647693E-01 -1.2529536524E+00
 -5.7060714019E+00  1.5039116852E+00  1.5255993730E+00  3.3870647693E-01 -1.2529536524E+00
 -5.7060714019E+00  1.5039116852E+00  1.5255993730E+00  3.3870647693E-01 -1.2529536524E+00
 -5.7060714019E+00  1.5039116852E+00  1.5255993730E+00  3.3870647693E-01 -1.2529536524E+00
 -5.7060714019E+00  1.5039116852E+00  1.5255993730E+00  3.3870647693E-01 -1.2529536524E+00
 -5.7060714019E+00  1.5039116852E+00  1.5255993730E+00  3.3870647693E-01 -1.2529536524E+00
 -5.7060714019E+00  1.5039116852E+00  1.5255993730E+00  3.3870647693E-01 -1.2529536524E+00
 -5.7060714019E+00  1.5039116852E+00  1.5255993730E+00  3.3870647693E-01 -1.2529536524E+00
 -5.7060714019E+00  1.5039116852E+00  1.5255993730E+00  3.3870647693E-01 -1.2529536524E+00
 -5.7060714019E+00  1.5039116852E+00  1.5255993730E+00  3.3870647693E-01 -1.2529536524E+00
 -5.7060714019E+00  1.5039116852E+00  1.5255993730E+00  3.3870647693E-01 -1.2529536524E+00
 -5.7060714019E+00  1.5039116852E+00  1.5255993730E+00  3.3870647693E-01 -1.2529536524E+00
 -5.7060714019E+00  1.5039116852E+00  1.5255993730E+00  3.3870647693E-01 -1.2529536524E+00
 -5.7060714019E+00  1.5039116852E+00  1.5255993730E+00  3.3870647693E-01 -1.2529536524E+00
 -5.7060714019E+00  1.5039116852E+00  1.5255993730E+00  3.3870647693E-01 -1.2529536524E+00
 -5.7060714019E+00  1.5039116852E+00  1.5255993730E+00  3.3870647693E-01 -1.2529536524E+00
 -5.7060714019E+00  1.5039116852E+00  1.5255993730E+00  3.3870647693E-01 -1.2529536524E+00
 -5.7060714019E+00  1.5039116852E+00  1.5255993730E+00  3.3870647693E-01 -1.2529536524E+00
 -5.7060714019E+00  1.5039116852E+00  1.5255993730E+00  3.3870647693E-01 -1.2529536524E+00
 -5.7060714019E+00  1.5039116852E+00  1.5255993730E+00  3.3870647693E-01 -1.2529536524E+00
 -5.7060714019E+00  1.5039116852E+00  1.5255993730E+00  3.3870647693E-01 -1.2529536524E+00
 -5.7060714019E+00  1.5039116852E+00  1.5255993730E+00  3.3870647693E-01 -1.2529536524E+00
 -5.7060714019E+00  1.5039116852E+00  1.5255993730E+00  3.3870647693E-01 -1.2529536524E+00
 -5.7060714019E+00  1.5039116852E+00  1.5255993730E+00  3.3870647693E-01 -1.2529536524E+00
 -5.7060714019E+00  1.5039116852E+00  1.5255993730E+00  3.3870647693E-01 -1.2529536524E+00
 -5.7060714019E+00  1.5039116852E+00  1.5255993730E+00  3.3870647693E-01 -1.2529536524E+00
 -5.7060714019E+00  1.5039116852E+00  1.5255993730E+00  3.3870647693E-01 -1.2529536524E+00
 -5.7060714019E+00  1.5039116852E+00  1.5255993730E+00  3.3870647693E-01 -1.2529536524E+00
 -5.7060714019E+00  1.5039116852E+00  1.5255993730E+00  3.3870647693E-01 -1.2529536524E+00
 -5.7060714019E+00  1.5039116852E+00  1.5255993730E+00  3.3870647693E-01 -1.2529536524E+00
 -5.7060714019E+00  1.5039116852E+00  1.5255993730E+00  3.3870647693E-01 -1.2529536524E+00
 -5.7060714019E+00  1.5039116852E+00  1.5255993730E+00  3.3870647693E-01 -1.2529536524E+00
 -5.7060714019E+00  1.5039116852E+00  1.5255993730E+00  3.3870647693E-01 -1.2529536524E+00
 -5.7060714019E+00  1.5039116852E+00  1.5255993730E+00  3.3870647693E-01 -1.2529536524E+00
 -5.7060714019E+00  1.5039116852E+00  1.5255993730E+00  3.3870647693E-01 -1.2529536524E+00
 -5.7060714019E+00  1.5039116852E+00  1.5255993730E+00  3.3870647693E-01 -1.2529536524E+00
 -5.7060714019E+00  1.5039116852E+00  1.5255993730E+00  3.3870647693E-01 -1.2529536524E+00
 -5.7060714019E+00  1.5039116852E+00  1.5255993730E+00  3.3870647693E-01 -1.2529536524E+00
 -5.7060714019E+00  1.5039116852E+00  1.5255993730E+00  3.3870647693E-01 -1.2529536524E+00
 -5.7060714019E+00  1.5039116852E+00  1.5255993730E+00  3.3870647693E-01 -1.2529536524E+00
 -5.7060714019E+00  1.5039116852E+00  1.5255993730E+00  3.3870647693E-01 -1.2529536524E+00
 -5.7060714019E+00  1.5039116852E+00  1.5255993730E+00  3.3870647693E-01 -1.2529536524E+00
 -5.7060714019E+00  1.5039116852E+00  1.5255993730E+00  3.3870647693E-01 -1.2529536524E+00
 -5.7060714019E+00  1.5039116852E+00  1.5255993730E+00  3.3870647693E-01 -1.2529536524E+00
 -5.7060714019E+00  1.5039116852E+00  1.5255993730E+00  3.3870647693E-01 -1.2529536524E+00
 -5.7060714019E+00  1.5039116852E+00  1.5255993730E+00  3.3870647693E-01 -1.2529536524E+00
 -5.7060714019E+00  1.5039116852E+00  1.5255993730E+00  3.3870647693E-01 -1.2529536524E+00
 -5.7060714019E+00  1.5039116852E+00  1.5255993730E+00  3.3870647693E-01 -1.2529536524E+00
 -5.7060714019E+00  1.5039116852E+00  1.5255993730E+00  3.3870647693E-01 -1.2529536524E+00
 -5.7060714019E+00  1.5039116852E+00  1.5255993730E+00  3.3870647693E-01 -1.2529536524E+00
 -5.7060714019E+00  1.5039116852E+00  1.5255993730E+00  3.3870647693E-01 -1.2529536524E+00
 -5.7060714019E+00  1.5039116852E+00  1.5255993730E+00  3.3870647693E-01 -1.2529536524E+00
 -5.7060714019E+00  1.5039116852E+00  1.5255993730E+00  3.3870647693E-01 -1.2529536524E+00
 -5.7060714019E+00  1.5039116852E+00  1.5255993730E+00  3.3870647693E-01 -1.2529536524E+00
 -5.7060714019E+00  1.5039116852E+00  1.5255993730E+00  3.3870647693E-01 -1.2529536524E+00
 -5.7060714019E+00  1.5039116852E+00  1.5255993730E+00  3.3870647693E-01 -1.2529536524E+00
 -5.7060714019E+00  1.5039116852E+00  1.5255993730E+00  3.3870647693E-01 -1.2529536524E+00
 -5.7060714019E+00  1.5039116852E+00  1.5255993730E+00  3.3870647693E-01 -1.2529536524E+00
 -5.7060714019E+00  1.5039116852E+00  1.5255993730E+00  3.3870647693E-01 -1.2529536524E+00
 -5.7060714019E+00  1.5039116852E+00  1.5255993730E+00  3.3870647693E-01 -1.2529536524E+00
 -5.7060714019E+00  1.5039116852E+00  1.5255993730E+00  3.3870647693E-01 -1.2529536524E+00
 -5.7060714019E+00  1.5039116852E+00  1.5255993730E+00  3.3870647693E-01 -1.2529536524E+00
 -5.7060714019E+00  1.5039116852E+00  1.5255993730E+00  3.3870647693E-01 -1.2529536524E+00
 -5.7060714019E+00  1.5039116852E+00  1.5255993730E+00  3.3870647693E-01 -1.2529536524E+00
 -5.7060714019E+00  1.5039116852E+00  1.5255993730E+00  3.3870647693E-01 -1.2529536524E+00
