 AIMInt (Version 19.10.12, Professional)
 Portions Copyright (c) 1997-2019 by Todd A. Keith
 AIMInt is a component of the AIMAll package ( http://aim.tkgristmill.com )

 TP:  64-bit Mac OS X

 AIMInt is a heavily modified and extended version of the PROAIMV program
 developed by members of R.F.W. Bader's research group

 Much of the Quantum Theory of Atoms in Molecules (QTAIM) is described in the book:
   "Atoms in Molecules - A Quantum Theory"
   R.F.W. Bader, Oxford University Press, Oxford, 1990

 For additional references see:  http://aim.tkgristmill.com/references.html

 Current Directory:  /Users/chemlab/Documents/SubstituentCoding/New Reorientation Test

 Inp File:  SubC6H5_OPH2O-ReorPosY-B3LYP-def2-TZVPPD-Field_atomicfiles/c9.inp
 Wfx File:  SubC6H5_OPH2O-ReorPosY-B3LYP-def2-TZVPPD-Field.wfx
 Out File:  SubC6H5_OPH2O-ReorPosY-B3LYP-def2-TZVPPD-Field_atomicfiles/c9.int

 Wfx Title:   SubC6H5_OPH2O-ReorPosY-B3LYP-def2-TZVPPD-Field.chk                            
 Job Title:   SubC6H5_OPH2O-ReorPosY-B3LYP-def2-TZVPPD-Field.chk                            
 
<Atom>
C9      
</Atom>
<Nuclei of Molecule>
    16
O1         8.0           0.0000000000E+00   0.0000000000E+00   0.0000000000E+00
C2         6.0          -2.6356814912E+00   0.0000000000E+00   0.0000000000E+00
P3        15.0           1.7126853449E+00   2.5113700864E+00   0.0000000000E+00
H4         1.0           4.0315829194E+00   1.3415413108E+00  -5.2816901981E-01
H5         1.0           9.9489081698E-01   3.7046189105E+00  -2.2698190616E+00
O6         8.0           1.6593574865E+00   4.1711117347E+00   2.2252373228E+00
C7         6.0          -3.8192678216E+00  -1.7320510999E+00  -1.5765588355E+00
C8         6.0          -4.0192679392E+00   1.5947777952E+00   1.5620093276E+00
C9         6.0          -6.4408587818E+00  -1.8604937531E+00  -1.5981954586E+00
H10        1.0          -2.6832853621E+00  -2.9561155908E+00  -2.7532592312E+00
C11        6.0          -6.6444764375E+00   1.4520630062E+00   1.5059258036E+00
H12        1.0          -3.0560966605E+00   2.9023225804E+00   2.7998521980E+00
C13        6.0          -7.8608549151E+00  -2.6698365554E-01  -6.3064843896E-02
H14        1.0          -7.3721211709E+00  -3.2086313682E+00  -2.8206281540E+00
H15        1.0          -7.7353379447E+00   2.6892991482E+00   2.7134392723E+00
H16        1.0          -9.9016539083E+00  -3.7080585530E-01  -8.5601106520E-02
</Nuclei of Molecule>
<Total Number of CPs of DelSqRho>
    39
</Total Number of CPs of DelSqRho>
<Number of (3,+3) CPs of DelSqRho>
     4
</Number of (3,+3) CPs of DelSqRho>
<Number of (3,+1) CPs of DelSqRho>
    15
</Number of (3,+1) CPs of DelSqRho>
<Number of (3,-1) CPs of DelSqRho>
    16
</Number of (3,-1) CPs of DelSqRho>
<Number of (3,-3) CPs of DelSqRho>
     4
</Number of (3,-3) CPs of DelSqRho>
<Number of Degenerate CPs of DelSqRho>
     0
</Number of Degenerate CPs of DelSqRho>
<CP of DelSqRho>
CP# = 1       
Type = (3,+3)
Coords = -6.44085877615017E+00 -1.86049376962783E+00 -1.59819547679961E+00
DistFromNuc =  2.5214023529E-08
Rho =  1.2207012589E+02
DelSqRho = -9.6833266123E+05
GradDelSqRho = -1.0795343769E-05  7.5845400715E-07  2.1494383873E-06
HessDelSqRho_EigVals =  3.3375633389E+10  3.3375636915E+10  3.3375638326E+10
HessDelSqRho_EigVec1 =  2.5937949037E-02 -6.8077123537E-01  7.3203671212E-01
HessDelSqRho_EigVec2 =  4.5836590026E-01  6.5886744991E-01  5.9648502490E-01
HessDelSqRho_EigVec3 =  8.8838500903E-01 -3.2006906840E-01 -3.2913199051E-01
</CP of DelSqRho>
<CP of DelSqRho>
CP# = 2       
Type = (3,+1)
Coords = -7.15591296795945E+00 -1.06335392884265E+00 -8.30407904431818E-01
DistFromNuc =  1.3176616094E+00
Rho =  3.2018650035E-01
DelSqRho = -9.5169400300E-01
GradDelSqRho = -3.5416114486E-14  4.5963233219E-14  4.3284820173E-14
HessDelSqRho_EigVals = -6.3316940079E+00  4.6931120951E+00  6.6238416710E+00
HessDelSqRho_EigVec1 = -5.4085092995E-01  6.0593471929E-01  5.8337242610E-01
HessDelSqRho_EigVec2 =  2.5762009673E-02 -6.8130857623E-01  7.3154285098E-01
HessDelSqRho_EigVec3 =  8.4072384909E-01  4.1068447733E-01  3.5287628093E-01
</CP of DelSqRho>
<CP of DelSqRho>
CP# = 3       
Type = (3,+1)
Coords = -7.01898303121833E+00 -2.69795966454476E+00 -2.35774364138826E+00
DistFromNuc =  1.2698386679E+00
Rho =  2.9277488868E-01
DelSqRho = -1.0973839778E+00
GradDelSqRho =  3.4139358007E-15 -1.4953316363E-15 -2.5257573810E-15
HessDelSqRho_EigVals = -9.5856054696E+00  7.8560092137E+00  8.2710271436E+00
HessDelSqRho_EigVec1 =  4.5562430016E-01  6.5950223200E-01  5.9788234886E-01
HessDelSqRho_EigVec2 =  2.5255123350E-02 -6.8095451586E-01  7.3189010519E-01
HessDelSqRho_EigVec3 =  8.8981384337E-01 -3.1836732450E-01 -3.2691523495E-01
</CP of DelSqRho>
<CP of DelSqRho>
CP# = 4       
Type = (3,+1)
Coords = -6.60274201689445E+00 -1.73508865060387E+00 -1.47691840366281E+00
DistFromNuc =  2.3799316290E-01
Rho =  7.9026782832E+00
DelSqRho =  2.8941641874E+02
GradDelSqRho =  9.3081098385E-12 -7.1267436397E-12 -3.6948222260E-12
HessDelSqRho_EigVals = -7.4059112496E+04  3.1160135048E+01  1.1621616165E+02
HessDelSqRho_EigVec1 =  6.8004867591E-01 -5.2702368787E-01 -5.0968601199E-01
HessDelSqRho_EigVec2 =  7.3289009662E-01  5.0775929816E-01  4.5282734172E-01
HessDelSqRho_EigVec3 =  2.0147076132E-02 -6.8148846473E-01  7.3155147991E-01
</CP of DelSqRho>
<CP of DelSqRho>
CP# = 5       
Type = (3,-3)
Coords = -6.43650640067919E+00 -2.01348088685226E+00 -1.41610827270618E+00
DistFromNuc =  2.3786498185E-01
Rho =  7.8728596525E+00
DelSqRho =  2.9254057231E+02
GradDelSqRho = -1.1013412404E-13  3.7019276533E-12 -5.3361759456E-12
HessDelSqRho_EigVals = -7.4247281857E+04 -1.1559925190E+02 -1.0486501557E+02
HessDelSqRho_EigVec1 =  1.8266123404E-02 -6.4302769401E-01  7.6562506063E-01
HessDelSqRho_EigVec2 = -7.1922677229E-01  5.2348047803E-01  4.5681619843E-01
HessDelSqRho_EigVec3 =  6.9453523940E-01  5.5900230219E-01  4.5292077384E-01
</CP of DelSqRho>
<CP of DelSqRho>
CP# = 6       
Type = (3,-3)
Coords = -6.44749977008458E+00 -1.68908916014453E+00 -1.76299868833151E+00
DistFromNuc =  2.3787337332E-01
Rho =  7.8726117713E+00
DelSqRho =  2.9249703967E+02
GradDelSqRho = -2.4513724384E-13 -4.6185277824E-13 -2.5615065624E-12
HessDelSqRho_EigVals = -7.4239983163E+04 -1.1482260712E+02 -1.0389033661E+02
HessDelSqRho_EigVec1 = -2.7950277316E-02  7.2069776665E-01 -6.9268572321E-01
HessDelSqRho_EigVec2 = -7.2524195543E-01  4.6226894925E-01  5.1022693445E-01
HessDelSqRho_EigVec3 =  6.8792651357E-01  5.1662573271E-01  5.0975971224E-01
</CP of DelSqRho>
<CP of DelSqRho>
CP# = 7       
Type = (3,-1)
Coords = -6.27490224752012E+00 -1.98201362550437E+00 -1.71815167265702E+00
DistFromNuc =  2.3811372064E-01
Rho =  7.8922923725E+00
DelSqRho =  2.8913517274E+02
GradDelSqRho =  2.0996537842E-12 -2.4602542226E-12 -3.4070524180E-12
HessDelSqRho_EigVals = -7.3925852082E+04 -1.4230634851E+01  1.1169504113E+02
HessDelSqRho_EigVec1 =  6.9711268356E-01 -5.1024336419E-01 -5.0367213117E-01
HessDelSqRho_EigVec2 =  7.1649973306E-01  5.2100927965E-01  4.6387224863E-01
HessDelSqRho_EigVec3 =  2.5730117550E-02 -6.8425217561E-01  7.2879141133E-01
</CP of DelSqRho>
<CP of DelSqRho>
CP# = 8       
Type = (3,-1)
Coords = -6.33545683600501E+00 -1.70231088580929E+00 -1.45495718059014E+00
DistFromNuc =  2.3800965103E-01
Rho =  7.8921818659E+00
DelSqRho =  2.9010455531E+02
GradDelSqRho = -4.5474735089E-13  4.4941828037E-12  2.1564972030E-12
HessDelSqRho_EigVals = -7.4032775896E+04 -4.6968781224E+01  8.3606728433E+01
HessDelSqRho_EigVec1 =  4.4273281420E-01  6.6463765796E-01  6.0186745954E-01
HessDelSqRho_EigVec2 = -8.9630129652E-01  3.0922915752E-01  3.1783850301E-01
HessDelSqRho_EigVec3 =  2.5132470801E-02 -6.8017211922E-01  7.3262148969E-01
</CP of DelSqRho>
<CP of DelSqRho>
CP# = 9       
Type = (3,+1)
Coords = -6.51123336920156E+00 -2.02736305001469E+00 -1.75274389306960E+00
DistFromNuc =  2.3808226181E-01
Rho =  7.8978140599E+00
DelSqRho =  2.8881709082E+02
GradDelSqRho =  2.4291679779E-12  4.0429881665E-12  3.0233593407E-12
HessDelSqRho_EigVals = -7.3969411377E+04  3.2579824919E+01  1.3090868547E+02
HessDelSqRho_EigVec1 =  2.9582415500E-01  7.0084974239E-01  6.4907450104E-01
HessDelSqRho_EigVec2 =  9.5497421087E-01 -2.0088110375E-01 -2.1833698433E-01
HessDelSqRho_EigVec3 =  2.2634617037E-02 -6.8443876333E-01  7.2871891245E-01
</CP of DelSqRho>
<CP of DelSqRho>
CP# = 10      
Type = (3,+1)
Coords = -6.22018091322822E+00 -1.92159057339539E+00 -1.66339879250879E+00
DistFromNuc =  2.3808195625E-01
Rho =  7.8973142634E+00
DelSqRho =  2.8910946968E+02
GradDelSqRho =  6.4561689328E-12 -6.2172489379E-13 -1.5498713424E-12
HessDelSqRho_EigVals = -7.3972322985E+04  1.6367792216E+01  1.1749139494E+02
HessDelSqRho_EigVec1 =  9.2704536118E-01 -2.5636219112E-01 -2.7361528700E-01
HessDelSqRho_EigVec2 =  3.7403665721E-01  6.8318282289E-01  6.2718243723E-01
HessDelSqRho_EigVec3 =  2.6143400315E-02 -6.8376871636E-01  7.2923032380E-01
</CP of DelSqRho>
<CP of DelSqRho>
CP# = 11      
Type = (3,-1)
Coords = -6.67805405208296E+00 -1.84933288731136E+00 -1.58152223866348E+00
DistFromNuc =  2.3804234375E-01
Rho =  7.8933161180E+00
DelSqRho =  2.8959135031E+02
GradDelSqRho = -2.6574298317E-12  1.2607692668E-12  1.9184653866E-13
HessDelSqRho_EigVals = -7.3990281885E+04 -3.0604406988E+01  1.0151329586E+02
HessDelSqRho_EigVec1 =  9.9642226809E-01 -4.7047335370E-02 -7.0208346327E-02
HessDelSqRho_EigVec2 =  8.2290715942E-02  7.2939688898E-01  6.7912327041E-01
HessDelSqRho_EigVec3 =  1.9258809130E-02 -6.8247104450E-01  7.3065886136E-01
</CP of DelSqRho>
<CP of DelSqRho>
CP# = 12      
Type = (3,+3)
Coords = -5.50082533114450E+00 -1.81800482183983E+00 -1.59119324317990E+00
DistFromNuc =  9.4101924992E-01
Rho =  3.3963882540E-01
DelSqRho = -1.2559882840E+00
GradDelSqRho = -8.5820239804E-13 -3.9195036106E-13  3.7359004779E-13
HessDelSqRho_EigVals =  5.2211343008E+00  8.0028049741E+00  3.0272697182E+01
HessDelSqRho_EigVec1 =  2.4576909810E-02 -6.8131063097E-01  7.3158171084E-01
HessDelSqRho_EigVec2 = -3.3414832385E-02  7.3083399573E-01  6.8173684047E-01
HessDelSqRho_EigVec3 =  9.9913934187E-01  4.1200665086E-02  4.8042393370E-03
</CP of DelSqRho>
<CP of DelSqRho>
CP# = 13      
Type = (3,-1)
Coords = -7.38508517520368E+00 -1.91581503917555E+00 -1.61322238161531E+00
DistFromNuc =  9.4596497559E-01
Rho =  2.1771032127E-01
DelSqRho = -4.0839647580E-02
GradDelSqRho =  5.7731597281E-15 -1.1102230246E-16  1.6653345369E-16
HessDelSqRho_EigVals = -4.6109261488E+00 -2.2802742427E-01  2.4938307708E+01
HessDelSqRho_EigVec1 = -4.7687264398E-02  7.2956760898E-01  6.8224411229E-01
HessDelSqRho_EigVec2 =  2.8034718522E-02 -6.8177452028E-01  7.3102500509E-01
HessDelSqRho_EigVec3 =  9.9846881743E-01  5.3987104350E-02  1.2058739248E-02
</CP of DelSqRho>
<CP of DelSqRho>
CP# = 14      
Type = (3,+1)
Coords = -6.19385638723557E+00 -9.56173964411444E-01 -1.83236416259820E+00
DistFromNuc =  9.6625019797E-01
Rho =  1.9540544421E-01
DelSqRho = -1.0670530594E-01
GradDelSqRho = -1.2212453271E-15 -4.4408920985E-15  5.5511151231E-16
HessDelSqRho_EigVals = -2.2812106372E+00  7.3034932998E-01  2.0089988712E+01
HessDelSqRho_EigVec1 =  8.8825456278E-01 -3.2515793526E-01 -3.2446286204E-01
HessDelSqRho_EigVec2 =  3.7133862785E-01  9.2506418204E-02  9.2387779823E-01
HessDelSqRho_EigVec3 =  2.7039130009E-01  9.4112426370E-01 -2.0291294957E-01
</CP of DelSqRho>
<CP of DelSqRho>
CP# = 15      
Type = (3,-1)
Coords = -6.49687339788533E+00 -2.65692874933198E+00 -1.00512556727815E+00
DistFromNuc =  9.9457439966E-01
Rho =  1.6238532849E-01
DelSqRho = -6.8599882392E-03
GradDelSqRho = -6.8778316376E-14 -2.1760371283E-14  2.3092638912E-14
HessDelSqRho_EigVals = -9.7386568427E-01 -4.7158982028E-01  1.2903740313E+01
HessDelSqRho_EigVec1 =  4.6166295008E-01  4.9345998208E-01  7.3713266554E-01
HessDelSqRho_EigVec2 =  8.8470816723E-01 -3.1655140857E-01 -3.4217928717E-01
HessDelSqRho_EigVec3 =  6.4488598668E-02  8.1011878871E-01 -5.8270813348E-01
</CP of DelSqRho>
<CP of DelSqRho>
CP# = 16      
Type = (3,+1)
Coords = -6.15359973565564E+00 -2.01792276919366E+00 -6.89869833583495E-01
DistFromNuc =  9.6558639998E-01
Rho =  1.9591451031E-01
DelSqRho = -1.0909799335E-01
GradDelSqRho = -4.2188474936E-15  5.6059323850E-13 -3.4594549447E-13
HessDelSqRho_EigVals = -2.2930405393E+00  7.3953417892E-01  2.0263273830E+01
HessDelSqRho_EigVec1 =  8.8774882205E-01 -3.1656965516E-01 -3.3419407892E-01
HessDelSqRho_EigVec2 =  3.3949836292E-01  9.4054352138E-01  1.0897061842E-02
HessDelSqRho_EigVec3 =  3.1087439670E-01 -1.2313219650E-01  9.4244128287E-01
</CP of DelSqRho>
<CP of DelSqRho>
CP# = 17      
Type = (3,-1)
Coords = -6.54402522796929E+00 -1.32753045005912E+00 -2.43195391746195E+00
DistFromNuc =  9.9491022996E-01
Rho =  1.6222074864E-01
DelSqRho = -6.5458580245E-03
GradDelSqRho = -2.0516921495E-13 -1.7763568394E-13  2.0297097336E-12
HessDelSqRho_EigVals = -9.6589081226E-01 -4.7042768502E-01  1.2848885943E+01
HessDelSqRho_EigVec1 =  4.5747043669E-01  7.8295741806E-01  4.2154297652E-01
HessDelSqRho_EigVec2 = -8.8216112112E-01  3.3996671838E-01  3.2590548749E-01
HessDelSqRho_EigVec3 =  1.1185953663E-01 -5.2096095045E-01  8.4621931683E-01
</CP of DelSqRho>
<CP of DelSqRho>
CP# = 18      
Type = (3,-1)
Coords = -6.00143309808400E+00 -1.23468496741345E+00 -1.03564105492034E+00
DistFromNuc =  9.4931502933E-01
Rho =  2.2158191107E-01
DelSqRho =  2.2923468316E-02
GradDelSqRho = -3.9968028887E-15 -5.8841820305E-15 -4.7739590059E-15
HessDelSqRho_EigVals = -4.9095713401E+00 -8.3853189698E-01  2.3921176798E+01
HessDelSqRho_EigVec1 =  8.8707272501E-01 -3.2208521966E-01 -3.3070090991E-01
HessDelSqRho_EigVec2 =  2.6879665288E-02 -6.7912308795E-01  7.3353208178E-01
HessDelSqRho_EigVec3 =  4.6084646481E-01  6.5958543244E-01  5.9377402535E-01
</CP of DelSqRho>
<CP of DelSqRho>
CP# = 19      
Type = (3,-1)
Coords = -5.92905733724893E+00 -2.42834606777761E+00 -2.15601323262648E+00
DistFromNuc =  9.4633907187E-01
Rho =  2.1799757747E-01
DelSqRho = -4.0155054508E-02
GradDelSqRho = -2.1094237468E-15  6.2172489379E-15  5.2180482157E-15
HessDelSqRho_EigVals = -4.6312464783E+00 -2.1462481038E-01  2.4881770129E+01
HessDelSqRho_EigVec1 =  8.3861685742E-01  4.1352419394E-01  3.5456946777E-01
HessDelSqRho_EigVec2 =  3.0531977387E-02 -6.8557894974E-01  7.2735775381E-01
HessDelSqRho_EigVec3 = -5.4386539218E-01  5.9914876675E-01  5.8756377568E-01
</CP of DelSqRho>
<CP of DelSqRho>
CP# = 20      
Type = (3,+1)
Coords = -7.19169606490350E+00 -2.32234567027751E+00 -1.21705938138064E+00
DistFromNuc =  9.6037936693E-01
Rho =  1.9890905603E-01
DelSqRho = -5.8852018040E-02
GradDelSqRho =  3.1086244690E-15  1.3322676296E-15 -8.8817841970E-16
HessDelSqRho_EigVals = -3.0968786475E+00  2.7800883974E-01  2.0771862157E+01
HessDelSqRho_EigVec1 = -2.0114270242E-02  6.5137581880E-01  7.5848860163E-01
HessDelSqRho_EigVec2 = -5.8821765288E-01  6.0574026433E-01 -5.3579727977E-01
HessDelSqRho_EigVec3 =  8.0845247787E-01  4.5693355627E-01 -3.7096673190E-01
</CP of DelSqRho>
<CP of DelSqRho>
CP# = 21      
Type = (3,+1)
Coords = -6.06350978324476E+00 -1.95932549932237E+00 -2.47600441804270E+00
DistFromNuc =  9.6057719629E-01
Rho =  1.9936494600E-01
DelSqRho = -5.6114604841E-02
GradDelSqRho =  6.1062266354E-16  8.8817841970E-16  1.7763568394E-15
HessDelSqRho_EigVals = -3.1306084480E+00  2.6241201303E-01  2.0750974218E+01
HessDelSqRho_EigVec1 =  8.1878936652E-01  4.9496274435E-01  2.9085366594E-01
HessDelSqRho_EigVec2 =  4.0475537148E-01 -8.5699358636E-01  3.1895937391E-01
HessDelSqRho_EigVec3 = -4.0713273332E-01  1.4343596011E-01  9.0203606514E-01
</CP of DelSqRho>
<CP of DelSqRho>
CP# = 22      
Type = (3,+1)
Coords = -7.22135730598768E+00 -1.53984530639266E+00 -2.05668865081972E+00
DistFromNuc =  9.6031733290E-01
Rho =  1.9896002342E-01
DelSqRho = -5.9254035991E-02
GradDelSqRho =  6.6613381478E-15 -1.6653345369E-15  1.5543122345E-15
HessDelSqRho_EigVals = -3.0952252924E+00  2.8060481724E-01  2.0792513452E+01
HessDelSqRho_EigVec1 = -2.5962342475E-02  8.0159224555E-01  5.9730714767E-01
HessDelSqRho_EigVec2 = -5.4573465166E-01 -5.1198053723E-01  6.6336235911E-01
HessDelSqRho_EigVec3 =  8.3755575740E-01 -3.0874876741E-01  4.5074887894E-01
</CP of DelSqRho>
<CP of DelSqRho>
CP# = 23      
Type = (3,+1)
Coords = -6.03518717388746E+00 -2.72940123819529E+00 -1.65005991610721E+00
DistFromNuc =  9.6034347662E-01
Rho =  1.9952733172E-01
DelSqRho = -5.7319417254E-02
GradDelSqRho =  4.7739590059E-15 -4.6629367034E-15 -2.7755575616E-16
HessDelSqRho_EigVals = -3.1346183906E+00  2.6913976254E-01  2.0815225316E+01
HessDelSqRho_EigVec1 =  8.2397468456E-01  3.5282138945E-01  4.4337657397E-01
HessDelSqRho_EigVec2 = -3.6335640530E-01 -2.7140836894E-01  8.9124049504E-01
HessDelSqRho_EigVec3 = -4.3478482257E-01  8.9546332388E-01  9.5433713399E-02
</CP of DelSqRho>
<CP of DelSqRho>
CP# = 24      
Type = (3,+3)
Coords = -6.95198071784436E+00 -1.29491158318749E+00 -1.05301000561436E+00
DistFromNuc =  9.3720648876E-01
Rho =  3.4227545179E-01
DelSqRho = -1.2824549124E+00
GradDelSqRho =  9.8809849192E-15 -2.6645352591E-15 -6.4392935428E-15
HessDelSqRho_EigVals =  5.3134449397E+00  8.1223420932E+00  3.1728371142E+01
HessDelSqRho_EigVec1 =  2.6630887494E-02 -6.8137036845E-01  7.3145417958E-01
HessDelSqRho_EigVec2 =  8.3494968101E-01  4.1751356003E-01  3.5852678751E-01
HessDelSqRho_EigVec3 = -5.4968156783E-01  6.0117954737E-01  5.8002872844E-01
</CP of DelSqRho>
<CP of DelSqRho>
CP# = 25      
Type = (3,+3)
Coords = -6.87414624830503E+00 -2.48840705503559E+00 -2.16783104511164E+00
DistFromNuc =  9.5210180377E-01
Rho =  3.1541941058E-01
DelSqRho = -1.3243255097E+00
GradDelSqRho = -5.0237591864E-15 -2.6645352591E-15 -1.5543122345E-15
HessDelSqRho_EigVals =  7.8613638359E+00  8.7368586644E+00  2.5168084431E+01
HessDelSqRho_EigVec1 =  2.6301005294E-02 -6.8172903572E-01  7.3113184788E-01
HessDelSqRho_EigVec2 = -8.9035364729E-01  3.1656096934E-01  3.2719953461E-01
HessDelSqRho_EigVec3 =  4.5450922969E-01  6.5957158410E-01  5.9865406169E-01
</CP of DelSqRho>
<CP of DelSqRho>
CP# = 26      
Type = (3,+1)
Coords = -6.56086059654142E+00 -2.66648655726208E+00 -2.57537016553358E-01
DistFromNuc =  1.5688817337E+00
Rho =  6.7360494044E-02
DelSqRho =  1.0423421533E-01
GradDelSqRho = -9.4597940592E-14  1.0971085151E-13 -2.0414225865E-14
HessDelSqRho_EigVals = -4.8397706995E-01  2.4317354332E-02  7.8779469606E-02
HessDelSqRho_EigVec1 = -6.9541294289E-03 -6.7717379200E-01  7.3579025239E-01
HessDelSqRho_EigVec2 =  9.5831759185E-01 -2.1467997960E-01 -1.8852028936E-01
HessDelSqRho_EigVec3 =  2.8562043559E-01  7.0380974829E-01  6.5044046998E-01
</CP of DelSqRho>
<CP of DelSqRho>
CP# = 27      
Type = (3,+1)
Coords = -6.64217751639454E+00 -5.86624323482499E-01 -2.49160047010035E+00
DistFromNuc =  1.5688993184E+00
Rho =  6.7381035522E-02
DelSqRho =  1.0404988233E-01
GradDelSqRho = -1.2628786905E-15 -2.7755575616E-16  1.9428902931E-15
HessDelSqRho_EigVals = -4.8250722592E-01  2.4966552273E-02  7.8951198569E-02
HessDelSqRho_EigVec1 =  5.8926153348E-02 -6.8412181232E-01  7.2698353101E-01
HessDelSqRho_EigVec2 = -9.5487484514E-01  1.7373777997E-01  2.4089253606E-01
HessDelSqRho_EigVec3 =  2.9110434310E-01  7.0837315711E-01  6.4301301053E-01
</CP of DelSqRho>
<CP of DelSqRho>
CP# = 28      
Type = (3,+1)
Coords = -6.08607909908798E+00 -2.82980706252666E+00 -4.27892410728534E-01
DistFromNuc =  1.5604634373E+00
Rho =  6.7732140864E-02
DelSqRho =  1.0455915493E-01
GradDelSqRho = -9.3675067703E-17  1.0408340856E-16 -1.5265566589E-16
HessDelSqRho_EigVals = -4.7975187906E-01  1.2817764458E-02  7.7293674553E-02
HessDelSqRho_EigVec1 =  4.8236475871E-02 -6.8924991480E-01  7.2291617587E-01
HessDelSqRho_EigVec2 = -8.2555010308E-01  3.7990629255E-01  4.1729873734E-01
HessDelSqRho_EigVec3 =  5.6226352336E-01  6.1693254398E-01  5.5068499750E-01
</CP of DelSqRho>
<CP of DelSqRho>
CP# = 29      
Type = (3,-3)
Coords = -5.76356999129231E+00 -8.82667354394061E-01 -7.12734748310120E-01
DistFromNuc =  1.4828706084E+00
Rho =  9.9978642686E-02
DelSqRho =  2.7441854964E-01
GradDelSqRho = -1.1726730698E-15  5.2735593670E-15  4.8155923693E-15
HessDelSqRho_EigVals = -8.3908966511E-01 -3.7471762294E-01 -2.9840801792E-01
HessDelSqRho_EigVec1 =  4.9985166783E-01  6.4407867792E-01  5.7906041725E-01
HessDelSqRho_EigVec2 = -8.6586294885E-01  3.5560467932E-01  3.5189013323E-01
HessDelSqRho_EigVec3 =  2.0728337799E-02 -6.7727983042E-01  7.3543345539E-01
</CP of DelSqRho>
<CP of DelSqRho>
CP# = 30      
Type = (3,+1)
Coords = -6.19399265129464E+00 -7.41174290497971E-01 -2.65018595211546E+00
DistFromNuc =  1.5557965626E+00
Rho =  6.7939631887E-02
DelSqRho =  1.0446216229E-01
GradDelSqRho =  2.8063974755E-12 -1.5887569038E-12  4.8377968298E-13
HessDelSqRho_EigVals = -4.7601166511E-01  8.1789371341E-03  7.6912382306E-02
HessDelSqRho_EigVec1 =  6.5361610884E-03 -6.7573142900E-01  7.3711892830E-01
HessDelSqRho_EigVec2 = -8.3755069253E-01  3.9902104532E-01  3.7321715240E-01
HessDelSqRho_EigVec3 =  5.4632052501E-01  6.1981387630E-01  5.6335126049E-01
</CP of DelSqRho>
<CP of DelSqRho>
CP# = 31      
Type = (3,-3)
Coords = -5.22396502841281E+00 -2.70647624501976E+00 -2.43370325731579E+00
DistFromNuc =  1.7013494836E+00
Rho =  8.4939461622E-02
DelSqRho =  2.3051766243E-01
GradDelSqRho =  1.8104441557E-14  8.5299822761E-14  7.7986228586E-14
HessDelSqRho_EigVals = -1.2014839836E+00 -1.8627252414E-01 -1.4881811998E-02
HessDelSqRho_EigVec1 = -7.2512741802E-03  7.3017820945E-01  6.8321826781E-01
HessDelSqRho_EigVec2 =  2.8942966491E-02 -6.8279673072E-01  7.3003488219E-01
HessDelSqRho_EigVec3 =  9.9955476274E-01  2.5068046523E-02 -1.6182377145E-02
</CP of DelSqRho>
<CP of DelSqRho>
CP# = 32      
Type = (3,-1)
Coords = -6.99847980408787E+00 -3.54723007316284E+00 -1.46819429761595E+00
DistFromNuc =  1.7812694686E+00
Rho =  6.5918711434E-02
DelSqRho =  1.3229855031E-01
GradDelSqRho =  8.1532003371E-17  2.2551405188E-16 -2.1510571102E-16
HessDelSqRho_EigVals = -1.0710604098E+00 -1.6303258047E-01  3.7043398371E-02
HessDelSqRho_EigVec1 =  2.4481312031E-02  7.4602209981E-01 -6.6547103015E-01
HessDelSqRho_EigVec2 =  4.5439450058E-01  5.8462956757E-01  6.7211152837E-01
HessDelSqRho_EigVec3 =  8.9046409428E-01 -3.1884054844E-01 -3.2467584059E-01
</CP of DelSqRho>
<CP of DelSqRho>
CP# = 33      
Type = (3,-1)
Coords = -6.23674859426931E+00 -2.76774605052866E+00 -3.61695856311714E-01
DistFromNuc =  1.5471583521E+00
Rho =  6.8078218618E-02
DelSqRho =  1.0461752162E-01
GradDelSqRho =  4.7184478547E-16  1.5959455979E-16  0.0000000000E+00
HessDelSqRho_EigVals = -4.7201236228E-01 -9.4135671656E-03  7.5094793590E-02
HessDelSqRho_EigVec1 =  3.9590536420E-02 -6.7231280243E-01  7.3920774151E-01
HessDelSqRho_EigVec2 = -8.7769125683E-01  3.3019285979E-01  3.4731935308E-01
HessDelSqRho_EigVec3 =  4.7758836576E-01  6.6254673120E-01  5.7701055611E-01
</CP of DelSqRho>
<CP of DelSqRho>
CP# = 34      
Type = (3,-1)
Coords = -6.29280229817254E+00 -6.98165685560426E-01 -2.60873716392245E+00
DistFromNuc =  1.5472949936E+00
Rho =  6.8147368409E-02
DelSqRho =  1.0447880626E-01
GradDelSqRho =  7.6327832943E-17  3.0531133177E-16 -1.3877787808E-16
HessDelSqRho_EigVals = -4.7100742041E-01 -6.6863830185E-03  7.5484700084E-02
HessDelSqRho_EigVec1 =  1.1551108683E-02 -6.8703124629E-01  7.2653605451E-01
HessDelSqRho_EigVec2 = -8.6994501668E-01  3.5133504870E-01  3.4606264101E-01
HessDelSqRho_EigVec3 =  4.9301342764E-01  6.3604382724E-01  5.9362109968E-01
</CP of DelSqRho>
<CP of DelSqRho>
CP# = 35      
Type = (3,-1)
Coords = -7.17627876728699E+00 -2.05795299994031E+00  1.77823300336617E-01
DistFromNuc =  1.9323755694E+00
Rho =  7.2524212997E-02
DelSqRho =  1.2365573111E-01
GradDelSqRho = -2.0156415599E-12  2.7676541614E-12 -4.7693377025E-12
HessDelSqRho_EigVals = -8.0628618581E-01 -1.5270889580E-01  8.9923092394E-02
HessDelSqRho_EigVec1 = -2.7317135948E-02 -7.0463736110E-01  7.0904158089E-01
HessDelSqRho_EigVec2 = -5.4060420625E-01  6.0704477537E-01  5.8244633477E-01
HessDelSqRho_EigVec3 =  8.4083343551E-01  3.6740009532E-01  3.9751264594E-01
</CP of DelSqRho>
<CP of DelSqRho>
CP# = 36      
Type = (3,-1)
Coords = -7.06011900917806E+00 -1.87220027170006E+00 -3.26867669977484E+00
DistFromNuc =  1.7816082198E+00
Rho =  6.5926793349E-02
DelSqRho =  1.3216301040E-01
GradDelSqRho = -6.8057105090E-14  5.4470317146E-14  1.5328016634E-14
HessDelSqRho_EigVals = -1.0701841514E+00 -1.6319095986E-01  3.7101509912E-02
HessDelSqRho_EigVec1 =  7.4286293492E-02 -6.0816588428E-01  7.9032639068E-01
HessDelSqRho_EigVec2 =  4.4881140955E-01  7.2810670446E-01  5.1810128892E-01
HessDelSqRho_EigVec3 =  8.9053347229E-01 -3.1621967699E-01 -3.2704013610E-01
</CP of DelSqRho>
<CP of DelSqRho>
CP# = 37      
Type = (3,-1)
Coords = -7.24883896400460E+00 -1.30568451159889E-01 -1.89243716507572E+00
DistFromNuc =  1.9318518853E+00
Rho =  7.2534036315E-02
DelSqRho =  1.2342055555E-01
GradDelSqRho =  2.6194324487E-16  4.1633363423E-16 -1.0755285551E-16
HessDelSqRho_EigVals = -8.0541655207E-01 -1.5299768167E-01  9.0208093047E-02
HessDelSqRho_EigVec1 =  7.8794639690E-02 -6.5547577887E-01  7.5109447347E-01
HessDelSqRho_EigVec2 = -5.4045231118E-01  6.0501758214E-01  5.8469224781E-01
HessDelSqRho_EigVec3 =  8.3767696882E-01  4.5200135909E-01  3.0658125722E-01
</CP of DelSqRho>
<CP of DelSqRho>
CP# = 38      
Type = (3,-1)
Coords = -6.07173861154328E+00 -5.60230704388312E-01 -3.98821018684317E-01
DistFromNuc =  1.8070508413E+00
Rho =  8.0398315400E-02
DelSqRho =  2.6091451552E-01
GradDelSqRho =  6.8868521996E-14  3.1374208787E-14  2.7294139171E-14
HessDelSqRho_EigVals = -1.1000099386E+00 -2.1681697734E-01  1.5257717416E-01
HessDelSqRho_EigVec1 =  8.4128500536E-01  4.1003749388E-01  3.5229077957E-01
HessDelSqRho_EigVec2 =  2.7074944952E-02 -6.8281740656E-01  7.3008721167E-01
HessDelSqRho_EigVec3 = -5.3991340705E-01  6.0467317032E-01  5.8554578812E-01
</CP of DelSqRho>
<CP of DelSqRho>
CP# = 39      
Type = (3,-1)
Coords = -5.19433578682813E+00 -8.68869553725001E-01 -7.19282815907112E-01
DistFromNuc =  1.8192376325E+00
Rho =  7.9931074622E-02
DelSqRho =  2.5850541451E-01
GradDelSqRho =  3.5561831258E-16 -6.2450045135E-17  3.4694469520E-17
HessDelSqRho_EigVals = -1.0834461575E+00 -2.1484083651E-01  1.7062423129E-01
HessDelSqRho_EigVec1 = -4.8150093298E-02  7.3025731963E-01  6.8147326847E-01
HessDelSqRho_EigVec2 =  2.4230317419E-02 -6.8120987747E-01  7.3168708787E-01
HessDelSqRho_EigVec3 =  9.9854617331E-01  5.1743115154E-02  1.5105952503E-02
</CP of DelSqRho>
<Path of -GradDelSqRho>
Starting CP# =      2
Ending CP# =      0
Number of Points =    400
 -7.1559129680E+00 -1.0633539288E+00 -8.3040790443E-01  3.2018650035E-01 -9.5169400300E-01
 -7.1694352947E+00 -1.0482061131E+00 -8.1582399703E-01  3.2025369235E-01 -9.5367215797E-01
 -7.1829598410E+00 -1.0330594474E+00 -8.0124095318E-01  3.2053218257E-01 -9.5960770646E-01
 -7.1964867621E+00 -1.0179139857E+00 -7.8665886162E-01  3.2101956832E-01 -9.6950550819E-01
 -7.2100163221E+00 -1.0027698262E+00 -7.7207786581E-01  3.2171195695E-01 -9.8336396598E-01
 -7.2235489348E+00 -9.8762712888E-01 -7.5749818443E-01  3.2260393391E-01 -1.0011542890E+00
 -7.2370852271E+00 -9.7248614149E-01 -7.4292014306E-01  3.2368853664E-01 -1.0227895829E+00
 -7.2506261388E+00 -9.5734724161E-01 -7.2834422401E-01  3.2495725458E-01 -1.0480815246E+00
 -7.2641730878E+00 -9.4221100556E-01 -7.1377114861E-01  3.2640008459E-01 -1.0766817442E+00
 -7.2777282578E+00 -9.2707832899E-01 -6.9920202182E-01  3.2800568205E-01 -1.1080044273E+00
 -7.2912951459E+00 -9.1195065553E-01 -6.8463860816E-01  3.2976166185E-01 -1.1411261233E+00
 -7.3048797167E+00 -8.9683045934E-01 -6.7008391659E-01  3.3165512083E-01 -1.1746583539E+00
 -7.3184932245E+00 -8.8172242765E-01 -6.5554364093E-01  3.3367347278E-01 -1.2065884617E+00
 -7.3321608996E+00 -8.6663711539E-01 -6.4103063589E-01  3.3580570076E-01 -1.2340843339E+00
 -7.3459634021E+00 -8.5160857591E-01 -6.2658668819E-01  3.3804404085E-01 -1.2532596211E+00
 -7.3586233447E+00 -8.4012400844E-01 -6.1581804169E-01  3.3991383188E-01 -1.2591703627E+00
 -7.3586361567E+00 -8.4011213559E-01 -6.1584178561E-01  3.3991380489E-01 -1.2591703652E+00
 -7.3586361568E+00 -8.4011213345E-01 -6.1584178789E-01  3.3991380489E-01 -1.2591703652E+00
 -7.3586361568E+00 -8.4011213345E-01 -6.1584178789E-01  3.3991380489E-01 -1.2591703652E+00
 -7.3586361568E+00 -8.4011213345E-01 -6.1584178789E-01  3.3991380489E-01 -1.2591703652E+00
 -7.3586361568E+00 -8.4011213345E-01 -6.1584178789E-01  3.3991380489E-01 -1.2591703652E+00
 -7.3586361568E+00 -8.4011213345E-01 -6.1584178789E-01  3.3991380489E-01 -1.2591703652E+00
 -7.3586361568E+00 -8.4011213345E-01 -6.1584178789E-01  3.3991380489E-01 -1.2591703652E+00
 -7.3586361568E+00 -8.4011213345E-01 -6.1584178789E-01  3.3991380489E-01 -1.2591703652E+00
 -7.3586361568E+00 -8.4011213345E-01 -6.1584178789E-01  3.3991380489E-01 -1.2591703652E+00
 -7.3586361568E+00 -8.4011213345E-01 -6.1584178789E-01  3.3991380489E-01 -1.2591703652E+00
 -7.3586361568E+00 -8.4011213345E-01 -6.1584178789E-01  3.3991380489E-01 -1.2591703652E+00
 -7.3586361568E+00 -8.4011213345E-01 -6.1584178789E-01  3.3991380489E-01 -1.2591703652E+00
 -7.3586361568E+00 -8.4011213345E-01 -6.1584178789E-01  3.3991380489E-01 -1.2591703652E+00
 -7.3586361568E+00 -8.4011213345E-01 -6.1584178789E-01  3.3991380489E-01 -1.2591703652E+00
 -7.3586361568E+00 -8.4011213345E-01 -6.1584178789E-01  3.3991380489E-01 -1.2591703652E+00
 -7.3586361568E+00 -8.4011213345E-01 -6.1584178789E-01  3.3991380489E-01 -1.2591703652E+00
 -7.3586361568E+00 -8.4011213345E-01 -6.1584178789E-01  3.3991380489E-01 -1.2591703652E+00
 -7.3586361568E+00 -8.4011213345E-01 -6.1584178789E-01  3.3991380489E-01 -1.2591703652E+00
 -7.3586361568E+00 -8.4011213345E-01 -6.1584178789E-01  3.3991380489E-01 -1.2591703652E+00
 -7.3586361568E+00 -8.4011213345E-01 -6.1584178789E-01  3.3991380489E-01 -1.2591703652E+00
 -7.3586361568E+00 -8.4011213345E-01 -6.1584178789E-01  3.3991380489E-01 -1.2591703652E+00
 -7.3586361568E+00 -8.4011213345E-01 -6.1584178789E-01  3.3991380489E-01 -1.2591703652E+00
 -7.3586361568E+00 -8.4011213345E-01 -6.1584178789E-01  3.3991380489E-01 -1.2591703652E+00
 -7.3586361568E+00 -8.4011213345E-01 -6.1584178789E-01  3.3991380489E-01 -1.2591703652E+00
 -7.3586361568E+00 -8.4011213345E-01 -6.1584178789E-01  3.3991380489E-01 -1.2591703652E+00
 -7.3586361568E+00 -8.4011213345E-01 -6.1584178789E-01  3.3991380489E-01 -1.2591703652E+00
 -7.3586361568E+00 -8.4011213345E-01 -6.1584178789E-01  3.3991380489E-01 -1.2591703652E+00
 -7.3586361568E+00 -8.4011213345E-01 -6.1584178789E-01  3.3991380489E-01 -1.2591703652E+00
 -7.3586361568E+00 -8.4011213345E-01 -6.1584178789E-01  3.3991380489E-01 -1.2591703652E+00
 -7.3586361568E+00 -8.4011213345E-01 -6.1584178789E-01  3.3991380489E-01 -1.2591703652E+00
 -7.3586361568E+00 -8.4011213345E-01 -6.1584178789E-01  3.3991380489E-01 -1.2591703652E+00
 -7.3586361568E+00 -8.4011213345E-01 -6.1584178789E-01  3.3991380489E-01 -1.2591703652E+00
 -7.3586361568E+00 -8.4011213345E-01 -6.1584178789E-01  3.3991380489E-01 -1.2591703652E+00
 -7.3586361568E+00 -8.4011213345E-01 -6.1584178789E-01  3.3991380489E-01 -1.2591703652E+00
 -7.3586361568E+00 -8.4011213345E-01 -6.1584178789E-01  3.3991380489E-01 -1.2591703652E+00
 -7.3586361568E+00 -8.4011213345E-01 -6.1584178789E-01  3.3991380489E-01 -1.2591703652E+00
 -7.3586361568E+00 -8.4011213345E-01 -6.1584178789E-01  3.3991380489E-01 -1.2591703652E+00
 -7.3586361568E+00 -8.4011213345E-01 -6.1584178789E-01  3.3991380489E-01 -1.2591703652E+00
 -7.3586361568E+00 -8.4011213345E-01 -6.1584178789E-01  3.3991380489E-01 -1.2591703652E+00
 -7.3586361568E+00 -8.4011213345E-01 -6.1584178789E-01  3.3991380489E-01 -1.2591703652E+00
 -7.3586361568E+00 -8.4011213345E-01 -6.1584178789E-01  3.3991380489E-01 -1.2591703652E+00
 -7.3586361568E+00 -8.4011213345E-01 -6.1584178789E-01  3.3991380489E-01 -1.2591703652E+00
 -7.3586361568E+00 -8.4011213345E-01 -6.1584178789E-01  3.3991380489E-01 -1.2591703652E+00
 -7.3586361568E+00 -8.4011213345E-01 -6.1584178789E-01  3.3991380489E-01 -1.2591703652E+00
 -7.3586361568E+00 -8.4011213345E-01 -6.1584178789E-01  3.3991380489E-01 -1.2591703652E+00
 -7.3586361568E+00 -8.4011213345E-01 -6.1584178789E-01  3.3991380489E-01 -1.2591703652E+00
 -7.3586361568E+00 -8.4011213345E-01 -6.1584178789E-01  3.3991380489E-01 -1.2591703652E+00
 -7.3586361568E+00 -8.4011213345E-01 -6.1584178789E-01  3.3991380489E-01 -1.2591703652E+00
 -7.3586361568E+00 -8.4011213345E-01 -6.1584178789E-01  3.3991380489E-01 -1.2591703652E+00
 -7.3586361568E+00 -8.4011213345E-01 -6.1584178789E-01  3.3991380489E-01 -1.2591703652E+00
 -7.3586361568E+00 -8.4011213345E-01 -6.1584178789E-01  3.3991380489E-01 -1.2591703652E+00
 -7.3586361568E+00 -8.4011213345E-01 -6.1584178789E-01  3.3991380489E-01 -1.2591703652E+00
 -7.3586361568E+00 -8.4011213345E-01 -6.1584178789E-01  3.3991380489E-01 -1.2591703652E+00
 -7.3586361568E+00 -8.4011213345E-01 -6.1584178789E-01  3.3991380489E-01 -1.2591703652E+00
 -7.3586361568E+00 -8.4011213345E-01 -6.1584178789E-01  3.3991380489E-01 -1.2591703652E+00
 -7.3586361568E+00 -8.4011213345E-01 -6.1584178789E-01  3.3991380489E-01 -1.2591703652E+00
 -7.3586361568E+00 -8.4011213345E-01 -6.1584178789E-01  3.3991380489E-01 -1.2591703652E+00
 -7.3586361568E+00 -8.4011213345E-01 -6.1584178789E-01  3.3991380489E-01 -1.2591703652E+00
 -7.3586361568E+00 -8.4011213345E-01 -6.1584178789E-01  3.3991380489E-01 -1.2591703652E+00
 -7.3586361568E+00 -8.4011213345E-01 -6.1584178789E-01  3.3991380489E-01 -1.2591703652E+00
 -7.3586361568E+00 -8.4011213345E-01 -6.1584178789E-01  3.3991380489E-01 -1.2591703652E+00
 -7.3586361568E+00 -8.4011213345E-01 -6.1584178789E-01  3.3991380489E-01 -1.2591703652E+00
 -7.3586361568E+00 -8.4011213345E-01 -6.1584178789E-01  3.3991380489E-01 -1.2591703652E+00
 -7.3586361568E+00 -8.4011213345E-01 -6.1584178789E-01  3.3991380489E-01 -1.2591703652E+00
 -7.3586361568E+00 -8.4011213345E-01 -6.1584178789E-01  3.3991380489E-01 -1.2591703652E+00
 -7.3586361568E+00 -8.4011213345E-01 -6.1584178789E-01  3.3991380489E-01 -1.2591703652E+00
 -7.3586361568E+00 -8.4011213345E-01 -6.1584178789E-01  3.3991380489E-01 -1.2591703652E+00
 -7.3586361568E+00 -8.4011213345E-01 -6.1584178789E-01  3.3991380489E-01 -1.2591703652E+00
 -7.3586361568E+00 -8.4011213345E-01 -6.1584178789E-01  3.3991380489E-01 -1.2591703652E+00
 -7.3586361568E+00 -8.4011213345E-01 -6.1584178789E-01  3.3991380489E-01 -1.2591703652E+00
 -7.3586361568E+00 -8.4011213345E-01 -6.1584178789E-01  3.3991380489E-01 -1.2591703652E+00
 -7.3586361568E+00 -8.4011213345E-01 -6.1584178789E-01  3.3991380489E-01 -1.2591703652E+00
 -7.3586361568E+00 -8.4011213345E-01 -6.1584178789E-01  3.3991380489E-01 -1.2591703652E+00
 -7.3586361568E+00 -8.4011213345E-01 -6.1584178789E-01  3.3991380489E-01 -1.2591703652E+00
 -7.3586361568E+00 -8.4011213345E-01 -6.1584178789E-01  3.3991380489E-01 -1.2591703652E+00
 -7.3586361568E+00 -8.4011213345E-01 -6.1584178789E-01  3.3991380489E-01 -1.2591703652E+00
 -7.3586361568E+00 -8.4011213345E-01 -6.1584178789E-01  3.3991380489E-01 -1.2591703652E+00
 -7.3586361568E+00 -8.4011213345E-01 -6.1584178789E-01  3.3991380489E-01 -1.2591703652E+00
 -7.3586361568E+00 -8.4011213345E-01 -6.1584178789E-01  3.3991380489E-01 -1.2591703652E+00
 -7.3586361568E+00 -8.4011213345E-01 -6.1584178789E-01  3.3991380489E-01 -1.2591703652E+00
 -7.3586361568E+00 -8.4011213345E-01 -6.1584178789E-01  3.3991380489E-01 -1.2591703652E+00
 -7.3586361568E+00 -8.4011213345E-01 -6.1584178789E-01  3.3991380489E-01 -1.2591703652E+00
 -7.3586361568E+00 -8.4011213345E-01 -6.1584178789E-01  3.3991380489E-01 -1.2591703652E+00
 -7.3586361568E+00 -8.4011213345E-01 -6.1584178789E-01  3.3991380489E-01 -1.2591703652E+00
 -7.3586361568E+00 -8.4011213345E-01 -6.1584178789E-01  3.3991380489E-01 -1.2591703652E+00
 -7.3586361568E+00 -8.4011213345E-01 -6.1584178789E-01  3.3991380489E-01 -1.2591703652E+00
 -7.3586361568E+00 -8.4011213345E-01 -6.1584178789E-01  3.3991380489E-01 -1.2591703652E+00
 -7.3586361568E+00 -8.4011213345E-01 -6.1584178789E-01  3.3991380489E-01 -1.2591703652E+00
 -7.3586361568E+00 -8.4011213345E-01 -6.1584178789E-01  3.3991380489E-01 -1.2591703652E+00
 -7.3586361568E+00 -8.4011213345E-01 -6.1584178789E-01  3.3991380489E-01 -1.2591703652E+00
 -7.3586361568E+00 -8.4011213345E-01 -6.1584178789E-01  3.3991380489E-01 -1.2591703652E+00
 -7.3586361568E+00 -8.4011213345E-01 -6.1584178789E-01  3.3991380489E-01 -1.2591703652E+00
 -7.3586361568E+00 -8.4011213345E-01 -6.1584178789E-01  3.3991380489E-01 -1.2591703652E+00
 -7.3586361568E+00 -8.4011213345E-01 -6.1584178789E-01  3.3991380489E-01 -1.2591703652E+00
 -7.3586361568E+00 -8.4011213345E-01 -6.1584178789E-01  3.3991380489E-01 -1.2591703652E+00
 -7.3586361568E+00 -8.4011213345E-01 -6.1584178789E-01  3.3991380489E-01 -1.2591703652E+00
 -7.3586361568E+00 -8.4011213345E-01 -6.1584178789E-01  3.3991380489E-01 -1.2591703652E+00
 -7.3586361568E+00 -8.4011213345E-01 -6.1584178789E-01  3.3991380489E-01 -1.2591703652E+00
 -7.3586361568E+00 -8.4011213345E-01 -6.1584178789E-01  3.3991380489E-01 -1.2591703652E+00
 -7.3586361568E+00 -8.4011213345E-01 -6.1584178789E-01  3.3991380489E-01 -1.2591703652E+00
 -7.3586361568E+00 -8.4011213345E-01 -6.1584178789E-01  3.3991380489E-01 -1.2591703652E+00
 -7.3586361568E+00 -8.4011213345E-01 -6.1584178789E-01  3.3991380489E-01 -1.2591703652E+00
 -7.3586361568E+00 -8.4011213345E-01 -6.1584178789E-01  3.3991380489E-01 -1.2591703652E+00
 -7.3586361568E+00 -8.4011213345E-01 -6.1584178789E-01  3.3991380489E-01 -1.2591703652E+00
 -7.3586361568E+00 -8.4011213345E-01 -6.1584178789E-01  3.3991380489E-01 -1.2591703652E+00
 -7.3586361568E+00 -8.4011213345E-01 -6.1584178789E-01  3.3991380489E-01 -1.2591703652E+00
 -7.3586361568E+00 -8.4011213345E-01 -6.1584178789E-01  3.3991380489E-01 -1.2591703652E+00
 -7.3586361568E+00 -8.4011213345E-01 -6.1584178789E-01  3.3991380489E-01 -1.2591703652E+00
 -7.3586361568E+00 -8.4011213345E-01 -6.1584178789E-01  3.3991380489E-01 -1.2591703652E+00
 -7.3586361568E+00 -8.4011213345E-01 -6.1584178789E-01  3.3991380489E-01 -1.2591703652E+00
 -7.3586361568E+00 -8.4011213345E-01 -6.1584178789E-01  3.3991380489E-01 -1.2591703652E+00
 -7.3586361568E+00 -8.4011213345E-01 -6.1584178789E-01  3.3991380489E-01 -1.2591703652E+00
 -7.3586361568E+00 -8.4011213345E-01 -6.1584178789E-01  3.3991380489E-01 -1.2591703652E+00
 -7.3586361568E+00 -8.4011213345E-01 -6.1584178789E-01  3.3991380489E-01 -1.2591703652E+00
 -7.3586361568E+00 -8.4011213345E-01 -6.1584178789E-01  3.3991380489E-01 -1.2591703652E+00
 -7.3586361568E+00 -8.4011213345E-01 -6.1584178789E-01  3.3991380489E-01 -1.2591703652E+00
 -7.3586361568E+00 -8.4011213345E-01 -6.1584178789E-01  3.3991380489E-01 -1.2591703652E+00
 -7.3586361568E+00 -8.4011213345E-01 -6.1584178789E-01  3.3991380489E-01 -1.2591703652E+00
 -7.3586361568E+00 -8.4011213345E-01 -6.1584178789E-01  3.3991380489E-01 -1.2591703652E+00
 -7.3586361568E+00 -8.4011213345E-01 -6.1584178789E-01  3.3991380489E-01 -1.2591703652E+00
 -7.3586361568E+00 -8.4011213345E-01 -6.1584178789E-01  3.3991380489E-01 -1.2591703652E+00
 -7.3586361568E+00 -8.4011213345E-01 -6.1584178789E-01  3.3991380489E-01 -1.2591703652E+00
 -7.3586361568E+00 -8.4011213345E-01 -6.1584178789E-01  3.3991380489E-01 -1.2591703652E+00
 -7.3586361568E+00 -8.4011213345E-01 -6.1584178789E-01  3.3991380489E-01 -1.2591703652E+00
 -7.3586361568E+00 -8.4011213345E-01 -6.1584178789E-01  3.3991380489E-01 -1.2591703652E+00
 -7.3586361568E+00 -8.4011213345E-01 -6.1584178789E-01  3.3991380489E-01 -1.2591703652E+00
 -7.3586361568E+00 -8.4011213345E-01 -6.1584178789E-01  3.3991380489E-01 -1.2591703652E+00
 -7.3586361568E+00 -8.4011213345E-01 -6.1584178789E-01  3.3991380489E-01 -1.2591703652E+00
 -7.3586361568E+00 -8.4011213345E-01 -6.1584178789E-01  3.3991380489E-01 -1.2591703652E+00
 -7.3586361568E+00 -8.4011213345E-01 -6.1584178789E-01  3.3991380489E-01 -1.2591703652E+00
 -7.3586361568E+00 -8.4011213345E-01 -6.1584178789E-01  3.3991380489E-01 -1.2591703652E+00
 -7.3586361568E+00 -8.4011213345E-01 -6.1584178789E-01  3.3991380489E-01 -1.2591703652E+00
 -7.3586361568E+00 -8.4011213345E-01 -6.1584178789E-01  3.3991380489E-01 -1.2591703652E+00
