 AIMInt (Version 19.10.12, Professional)
 Portions Copyright (c) 1997-2019 by Todd A. Keith
 AIMInt is a component of the AIMAll package ( http://aim.tkgristmill.com )

 TP:  64-bit Mac OS X

 AIMInt is a heavily modified and extended version of the PROAIMV program
 developed by members of R.F.W. Bader's research group

 Much of the Quantum Theory of Atoms in Molecules (QTAIM) is described in the book:
   "Atoms in Molecules - A Quantum Theory"
   R.F.W. Bader, Oxford University Press, Oxford, 1990

 For additional references see:  http://aim.tkgristmill.com/references.html

 Current Directory:  /Users/chemlab/Documents/SubstituentCoding/New Reorientation Test/notDone

 Inp File:  SubH_CCCl-ReorPosY-B3LYP-def2-TZVPPD-Field_atomicfiles/c1.inp
 Wfx File:  SubH_CCCl-ReorPosY-B3LYP-def2-TZVPPD-Field.wfx
 Out File:  SubH_CCCl-ReorPosY-B3LYP-def2-TZVPPD-Field_atomicfiles/c1.int

 Wfx Title:   SubH_CCCl-ReorPosY-B3LYP-def2-TZVPPD-Field.chk                                
 Job Title:   SubH_CCCl-ReorPosY-B3LYP-def2-TZVPPD-Field.chk                                
 
<Atom>
C1      
</Atom>
<Nuclei of Molecule>
     4
C1         6.0           0.0000000000E+00   0.0000000000E+00   0.0000000000E+00
H2         1.0          -2.0053954702E+00   0.0000000000E+00   0.0000000000E+00
C3         6.0           2.2656087652E+00   0.0000000000E+00   0.0000000000E+00
Cl4       17.0           5.3573449952E+00   0.0000000000E+00   0.0000000000E+00
</Nuclei of Molecule>
<Total Number of CPs of DelSqRho>
    96
</Total Number of CPs of DelSqRho>
<Number of (3,+3) CPs of DelSqRho>
     3
</Number of (3,+3) CPs of DelSqRho>
<Number of (3,+1) CPs of DelSqRho>
    27
</Number of (3,+1) CPs of DelSqRho>
<Number of (3,-1) CPs of DelSqRho>
    28
</Number of (3,-1) CPs of DelSqRho>
<Number of (3,-3) CPs of DelSqRho>
     4
</Number of (3,-3) CPs of DelSqRho>
<Number of Degenerate CPs of DelSqRho>
    34
</Number of Degenerate CPs of DelSqRho>
<CP of DelSqRho>
CP# = 1       
Type = (3,+3)
Coords = -7.42276834273187E-08  2.79099214842183E-20 -5.25981167168538E-21
DistFromNuc =  7.4227683427E-08
Rho =  1.2218539356E+02
DelSqRho = -9.6927816443E+05
GradDelSqRho =  0.0000000000E+00  1.8094575900E-25  5.1698788285E-26
HessDelSqRho_EigVals =  3.3408268984E+10  3.3408268984E+10  3.3408279458E+10
HessDelSqRho_EigVec1 =  1.3810923850E-14  1.8060207364E-05  9.9999999984E-01
HessDelSqRho_EigVec2 = -1.3172116218E-14  9.9999999984E-01 -1.8060207364E-05
HessDelSqRho_EigVec3 =  1.0000000000E+00  1.3171866788E-14 -1.3811161739E-14
</CP of DelSqRho>
<CP of DelSqRho>
CP# = 2       
Type = (3,+1)
Coords = -1.24257438994857E+00 -9.52380359552159E-16  1.38283557028025E-15
DistFromNuc =  1.2425743899E+00
Rho =  2.9797440333E-01
DelSqRho = -1.1342576197E+00
GradDelSqRho = -1.2628786905E-15 -8.4408116859E-29 -1.9327092178E-29
HessDelSqRho_EigVals = -1.0558500169E+01  8.2095549403E+00  8.2095549403E+00
HessDelSqRho_EigVec1 =  1.0000000000E+00 -2.6353594861E-15 -2.4948376374E-15
HessDelSqRho_EigVec2 =  2.4472864655E-15  9.9736131543E-01 -7.2597565262E-02
HessDelSqRho_EigVec3 =  2.6795752301E-15  7.2597565262E-02  9.9736131543E-01
</CP of DelSqRho>
<CP of DelSqRho>
CP# = 3       
Type = (3,+1)
Coords =  2.37917268934388E-01  2.44988168012130E-14 -2.11825678492700E-14
DistFromNuc =  2.3791726893E-01
Rho =  7.9145501627E+00
DelSqRho =  2.9094350631E+02
GradDelSqRho =  6.8212102633E-12 -6.8258556407E-25  4.2005265481E-26
HessDelSqRho_EigVals = -7.4222784577E+04  3.8312981219E+01  3.8312981219E+01
HessDelSqRho_EigVec1 =  1.0000000000E+00  1.0279580281E-13 -8.9012417629E-14
HessDelSqRho_EigVec2 = -1.1380698610E-13  9.9096223625E-01 -1.3414114331E-01
HessDelSqRho_EigVec3 =  7.4418797912E-14  1.3414114331E-01  9.9096223625E-01
</CP of DelSqRho>
<CP of DelSqRho>
CP# = 4       
Type = (3,+1)
Coords = -2.38241717205635E-01  1.52877821766992E-14  8.62911836563594E-16
DistFromNuc =  2.3824171721E-01
Rho =  7.9046112192E+00
DelSqRho =  2.8786708566E+02
GradDelSqRho =  3.3537617128E-12 -1.6365897666E-24 -3.0292258760E-26
HessDelSqRho_EigVals = -7.3882619108E+04  1.1616526694E+02  1.1616526694E+02
HessDelSqRho_EigVec1 =  1.0000000000E+00 -6.3971156064E-14 -3.6490534639E-15
HessDelSqRho_EigVec2 =  6.3092188796E-14  9.9299827155E-01 -1.1812888169E-01
HessDelSqRho_EigVec3 =  1.1180344909E-14  1.1812888169E-01  9.9299827155E-01
</CP of DelSqRho>
<CP of DelSqRho>
CP# = 5       
Type = (3,-1)
Coords =  6.77078247120337E-02  2.28056469454459E-01 -1.14983246112998E-05
DistFromNuc =  2.3789515111E-01
Rho =  7.8904852741E+00
DelSqRho =  2.9180585250E+02
GradDelSqRho =  1.0267342532E-12 -4.3627323976E-12  7.1054273576E-14
HessDelSqRho_EigVals = -7.4273653953E+04 -6.4347492894E+01  2.8524068426E-07
HessDelSqRho_EigVec1 =  2.8497380842E-01  9.5853530252E-01 -4.8328162258E-05
HessDelSqRho_EigVec2 =  9.5853530374E-01 -2.8497380805E-01  1.4368026115E-05
HessDelSqRho_EigVec3 =  1.7655371583E-13  5.0418760810E-05  9.9999999873E-01
</CP of DelSqRho>
<CP of DelSqRho>
CP# = 6       
Type = (3,-1)
Coords =  6.77078247120284E-02 -2.28056469573585E-01  8.82482488052985E-06
DistFromNuc =  2.3789515111E-01
Rho =  7.8904852741E+00
DelSqRho =  2.9180585250E+02
GradDelSqRho = -2.4602542226E-12  6.0680349634E-12  7.1054273576E-15
HessDelSqRho_EigVals = -7.4273653953E+04 -6.4347492894E+01  2.8516985341E-07
HessDelSqRho_EigVec1 = -2.8497380842E-01  9.5853530302E-01 -3.7091279221E-05
HessDelSqRho_EigVec2 =  9.5853530374E-01  2.8497380820E-01 -1.1027286096E-05
HessDelSqRho_EigVec3 = -7.0788286539E-14  3.8695788309E-05  9.9999999925E-01
</CP of DelSqRho>
<CP of DelSqRho>
CP# = 7       
Type = (3,-1)
Coords =  6.77078247119246E-02 -5.85647679664341E-06  2.28056469669160E-01
DistFromNuc =  2.3789515111E-01
Rho =  7.8904852741E+00
DelSqRho =  2.9180585250E+02
GradDelSqRho = -6.9775296652E-12 -7.1054273576E-15 -2.6080471116E-11
HessDelSqRho_EigVals = -7.4273653953E+04 -6.4347492894E+01  2.8492177533E-07
HessDelSqRho_EigVec1 =  2.8497380842E-01 -2.4615130505E-05  9.5853530342E-01
HessDelSqRho_EigVec2 =  9.5853530374E-01  7.3181106381E-06 -2.8497380832E-01
HessDelSqRho_EigVec3 =  8.1301612476E-14  9.9999999967E-01  2.5679941454E-05
</CP of DelSqRho>
<CP of DelSqRho>
CP# = 8       
Type = (3,-1)
Coords =  6.77078247119185E-02  1.49024559499471E-05 -2.28056469257455E-01
DistFromNuc =  2.3789515111E-01
Rho =  7.8904852741E+00
DelSqRho =  2.9180585250E+02
GradDelSqRho =  4.5119463721E-12  2.8421709430E-14 -1.2869705301E-11
HessDelSqRho_EigVals = -7.4273653953E+04 -6.4347492894E+01  2.8508436328E-07
HessDelSqRho_EigVec1 = -2.8497380842E-01 -6.2635934672E-05  9.5853530169E-01
HessDelSqRho_EigVec2 =  9.5853530374E-01 -1.8621745704E-05  2.8497380781E-01
HessDelSqRho_EigVec3 = -1.7279598673E-13  9.9999999786E-01  6.5345464458E-05
</CP of DelSqRho>
<CP of DelSqRho>
CP# = 9       
Type = (3,-3)
Coords =  6.77078245702588E-02  1.61226996235817E-01  1.61293549456717E-01
DistFromNuc =  2.3789515111E-01
Rho =  7.8904852740E+00
DelSqRho =  2.9180585250E+02
GradDelSqRho = -4.5901060730E-12 -7.0379257977E-12 -9.9547037280E-12
HessDelSqRho_EigVals = -7.4273653952E+04 -6.4347493046E+01 -2.8518070650E-07
HessDelSqRho_EigVec1 =  2.8497380782E-01  6.7764693534E-01  6.7792666261E-01
HessDelSqRho_EigVec2 =  9.5853530392E-01 -2.0146532604E-01 -2.0154848932E-01
HessDelSqRho_EigVec3 =  1.9468218306E-13 -7.0725268004E-01  7.0696085222E-01
</CP of DelSqRho>
<CP of DelSqRho>
CP# = 10      
Type = (3,-3)
Coords =  6.77078245702541E-02 -1.61235724613172E-01  1.61284824208717E-01
DistFromNuc =  2.3789515111E-01
Rho =  7.8904852740E+00
DelSqRho =  2.9180585250E+02
GradDelSqRho = -1.5258905250E-12  4.6922465913E-12 -2.4655832931E-12
HessDelSqRho_EigVals = -7.4273653952E+04 -6.4347493046E+01 -2.8511986104E-07
HessDelSqRho_EigVec1 = -2.8497380782E-01  6.7768362125E-01 -6.7788998986E-01
HessDelSqRho_EigVec2 =  9.5853530392E-01  2.0147623281E-01 -2.0153758647E-01
HessDelSqRho_EigVec3 =  5.6319924104E-13  7.0721442088E-01  7.0699912510E-01
</CP of DelSqRho>
<CP of DelSqRho>
CP# = 11      
Type = (3,-3)
Coords =  6.77078245702833E-02  1.61231757249144E-01 -1.61288790267397E-01
DistFromNuc =  2.3789515111E-01
Rho =  7.8904852740E+00
DelSqRho =  2.9180585250E+02
GradDelSqRho = -2.9345414987E-12 -1.3153922396E-12 -3.6948222260E-13
HessDelSqRho_EigVals = -7.4273653952E+04 -6.4347493046E+01 -2.8509565461E-07
HessDelSqRho_EigVec1 =  2.8497380782E-01  6.7766694618E-01 -6.7790665944E-01
HessDelSqRho_EigVec2 =  9.5853530392E-01 -2.0147127529E-01  2.0154254236E-01
HessDelSqRho_EigVec3 = -2.0875012253E-13  7.0723181157E-01  7.0698172869E-01
</CP of DelSqRho>
<CP of DelSqRho>
CP# = 12      
Type = (3,-3)
Coords =  6.77078245702017E-02 -1.61225104491365E-01 -1.61295440398441E-01
DistFromNuc =  2.3789515111E-01
Rho =  7.8904852740E+00
DelSqRho =  2.9180585250E+02
GradDelSqRho =  1.6058265828E-12  1.9539925233E-13  7.1764816312E-12
HessDelSqRho_EigVals = -7.4273653952E+04 -6.4347493046E+01 -2.8516217535E-07
HessDelSqRho_EigVec1 = -2.8497380782E-01  6.7763898423E-01  6.7793461035E-01
HessDelSqRho_EigVec2 =  9.5853530392E-01  2.0146296216E-01  2.0155085220E-01
HessDelSqRho_EigVec3 = -7.5544832051E-13 -7.0726097159E-01  7.0695255715E-01
</CP of DelSqRho>
<CP of DelSqRho>
CP# = 13      
Type = (3,+3)
Coords =  9.66061861046652E-01  4.79516846752311E-15 -9.92186943450647E-16
DistFromNuc =  9.6606186105E-01
Rho =  4.1538652510E-01
DelSqRho = -1.1984484134E+00
GradDelSqRho = -7.8215212085E-14  6.4686594228E-27 -2.3413391667E-27
HessDelSqRho_EigVals =  2.7251503935E+00  2.7251503935E+00  1.7550819178E+01
HessDelSqRho_EigVec1 =  2.9684542683E-15 -1.1174212713E-01  9.9373723742E-01
HessDelSqRho_EigVec2 = -1.0727464975E-14  9.9373723742E-01  1.1174212713E-01
HessDelSqRho_EigVec3 =  1.0000000000E+00  1.0991982803E-14 -1.7511537890E-15
</CP of DelSqRho>
<CP of DelSqRho>
CP# = 14      
Type = (3,+3)
Coords = -9.50083914650147E-01 -2.68021636412109E-15 -5.39302752752923E-16
DistFromNuc =  9.5008391465E-01
Rho =  3.2239368760E-01
DelSqRho = -1.3414422242E+00
GradDelSqRho = -6.6613381478E-16 -2.9345625674E-28 -1.7039395553E-28
HessDelSqRho_EigVals =  7.6039310162E+00  7.6039310162E+00  2.5306096474E+01
HessDelSqRho_EigVec1 = -1.2775805802E-15 -1.9189378086E-01  9.8141570034E-01
HessDelSqRho_EigVec2 = -6.1485979878E-15  9.8141570034E-01  1.9189378086E-01
HessDelSqRho_EigVec3 =  1.0000000000E+00  5.7891708324E-15  2.4337153547E-15
</CP of DelSqRho>
<CP of DelSqRho>
CP# = 15      
Type = (3,+1)
Coords = -2.09321687312633E-01  9.44873347266870E-01 -1.47916040542692E-07
DistFromNuc =  9.6778159269E-01
Rho =  1.7875427958E-01
DelSqRho = -9.6323297223E-02
GradDelSqRho = -4.8405723874E-14  1.9451107391E-13 -4.4408920985E-16
HessDelSqRho_EigVals = -1.2507129814E+00  1.3034251399E-07  1.8768173149E+01
HessDelSqRho_EigVec1 =  9.7459302247E-01  2.2398312561E-01 -3.5063627847E-08
HessDelSqRho_EigVec2 = -9.1415804447E-15  1.5654588559E-07  1.0000000000E+00
HessDelSqRho_EigVec3 = -2.2398312561E-01  9.7459302247E-01 -1.5256852984E-07
</CP of DelSqRho>
<CP of DelSqRho>
CP# = 16      
Type = (3,+1)
Coords = -2.09321687312650E-01 -9.44873347266864E-01  1.61028534638471E-07
DistFromNuc =  9.6778159269E-01
Rho =  1.7875427958E-01
DelSqRho = -9.6323297223E-02
GradDelSqRho = -5.7065463466E-14 -2.2959412149E-13 -7.7715611724E-16
HessDelSqRho_EigVals = -1.2507129814E+00  1.3034257727E-07  1.8768173149E+01
HessDelSqRho_EigVec1 =  9.7459302247E-01 -2.2398312561E-01  3.8171959147E-08
HessDelSqRho_EigVec2 =  7.4148661584E-15  1.7042340252E-07  1.0000000000E+00
HessDelSqRho_EigVec3 =  2.2398312561E-01  9.7459302247E-01 -1.6609346062E-07
</CP of DelSqRho>
<CP of DelSqRho>
CP# = 17      
Type = (3,+1)
Coords = -2.09321687312557E-01 -1.59256204813939E-07  9.44873347266864E-01
DistFromNuc =  9.6778159269E-01
Rho =  1.7875427958E-01
DelSqRho = -9.6323297224E-02
GradDelSqRho = -5.5844218139E-14  1.1102230246E-15  2.2576385206E-13
HessDelSqRho_EigVals = -1.2507129814E+00  1.3034306985E-07  1.8768173149E+01
HessDelSqRho_EigVec1 =  9.7459302247E-01 -3.7751842865E-08  2.2398312561E-01
HessDelSqRho_EigVec2 =  8.4274960659E-15  1.0000000000E+00  1.6854767317E-07
HessDelSqRho_EigVec3 = -2.2398312561E-01 -1.6426538434E-07  9.7459302247E-01
</CP of DelSqRho>
<CP of DelSqRho>
CP# = 18      
Type = (3,+1)
Coords = -2.09321687312551E-01  2.48351682596990E-07 -9.44873347266866E-01
DistFromNuc =  9.6778159269E-01
Rho =  1.7875427958E-01
DelSqRho = -9.6323297224E-02
GradDelSqRho = -1.3491985307E-13 -4.4408920985E-16 -5.5233595475E-13
HessDelSqRho_EigVals = -1.2507129814E+00  1.3034340253E-07  1.8768173149E+01
HessDelSqRho_EigVec1 =  9.7459302247E-01  5.8871979130E-08 -2.2398312561E-01
HessDelSqRho_EigVec2 =  2.2082280117E-14  1.0000000000E+00  2.6284123186E-07
HessDelSqRho_EigVec3 =  2.2398312561E-01 -2.5616323553E-07  9.7459302247E-01
</CP of DelSqRho>
<CP of DelSqRho>
CP# = 19      
Type = (3,-1)
Coords = -2.09321675751622E-01  6.68126904171897E-01  6.68125802490761E-01
DistFromNuc =  9.6778159311E-01
Rho =  1.7875427885E-01
DelSqRho = -9.6323282677E-02
GradDelSqRho = -1.4015455463E-12  4.0396574974E-12  4.0148995240E-12
HessDelSqRho_EigVals = -1.2507130104E+00 -1.3033658384E-07  1.8768172947E+01
HessDelSqRho_EigVec1 =  9.7459302577E-01  1.5838010740E-01  1.5837984625E-01
HessDelSqRho_EigVec2 =  1.7310184233E-13 -7.0710619821E-01  7.0710736416E-01
HessDelSqRho_EigVec3 = -2.2398311124E-01  6.8914190559E-01  6.8914076925E-01
</CP of DelSqRho>
<CP of DelSqRho>
CP# = 20      
Type = (3,-1)
Coords = -2.09321675751646E-01 -6.68126910492792E-01  6.68125796169861E-01
DistFromNuc =  9.6778159311E-01
Rho =  1.7875427885E-01
DelSqRho = -9.6323282678E-02
GradDelSqRho = -1.4348522370E-12 -4.1366909898E-12  4.1100456372E-12
HessDelSqRho_EigVals = -1.2507130104E+00 -1.3033636009E-07  1.8768172947E+01
HessDelSqRho_EigVec1 =  9.7459302577E-01 -1.5838010890E-01  1.5837984475E-01
HessDelSqRho_EigVec2 =  1.7935490119E-13  7.0710619152E-01  7.0710737085E-01
HessDelSqRho_EigVec3 =  2.2398311124E-01  6.8914191211E-01 -6.8914076273E-01
</CP of DelSqRho>
<CP of DelSqRho>
CP# = 21      
Type = (3,-1)
Coords = -2.09321675751629E-01  6.68126904711354E-01 -6.68125801951307E-01
DistFromNuc =  9.6778159311E-01
Rho =  1.7875427885E-01
DelSqRho = -9.6323282677E-02
GradDelSqRho = -1.4037659923E-12  4.0452086125E-12 -4.0190073491E-12
HessDelSqRho_EigVals = -1.2507130104E+00 -1.3033648005E-07  1.8768172947E+01
HessDelSqRho_EigVec1 =  9.7459302577E-01  1.5838010753E-01 -1.5837984612E-01
HessDelSqRho_EigVec2 = -1.7126543123E-13  7.0710619764E-01  7.0710736474E-01
HessDelSqRho_EigVec3 = -2.2398311124E-01  6.8914190614E-01 -6.8914076870E-01
</CP of DelSqRho>
<CP of DelSqRho>
CP# = 22      
Type = (3,-1)
Coords = -2.09321675751632E-01 -6.68126857739543E-01 -6.68125848923112E-01
DistFromNuc =  9.6778159311E-01
Rho =  1.7875427885E-01
DelSqRho = -9.6323282677E-02
GradDelSqRho = -1.1748935158E-12 -3.3896774276E-12 -3.3668623445E-12
HessDelSqRho_EigVals = -1.2507130104E+00 -1.3033757028E-07  1.8768172947E+01
HessDelSqRho_EigVec1 =  9.7459302577E-01 -1.5838009640E-01 -1.5837985726E-01
HessDelSqRho_EigVec2 = -1.8159341727E-13 -7.0710624735E-01  7.0710731502E-01
HessDelSqRho_EigVec3 =  2.2398311124E-01  6.8914185769E-01  6.8914081715E-01
</CP of DelSqRho>
<CP of DelSqRho>
CP# = 23      
Type = (3,-1)
Coords = -1.06745322899752E-01  1.10151773942692E+00  1.10151765369904E+00
DistFromNuc =  1.5614342880E+00
Rho =  6.5811345605E-02
DelSqRho =  1.0275838203E-01
GradDelSqRho =  1.3530843113E-16 -6.1062266354E-16 -7.4940054162E-16
HessDelSqRho_EigVals = -4.9363352943E-01 -2.0058884556E-08  4.6266252434E-02
HessDelSqRho_EigVec1 = -1.5830883383E-01  6.9818994157E-01  6.9818988723E-01
HessDelSqRho_EigVec2 = -3.6451621122E-13 -7.0710675367E-01  7.0710680870E-01
HessDelSqRho_EigVec3 =  9.8738964605E-01  1.1194125428E-01  1.1194124557E-01
</CP of DelSqRho>
<CP of DelSqRho>
CP# = 24      
Type = (3,-1)
Coords = -1.06745322899869E-01 -1.10151776517335E+00  1.10151762795264E+00
DistFromNuc =  1.5614342880E+00
Rho =  6.5811345605E-02
DelSqRho =  1.0275838203E-01
GradDelSqRho =  2.4980018054E-16  1.4432899320E-15 -1.0408340856E-15
HessDelSqRho_EigVals = -4.9363352943E-01 -2.0058874168E-08  4.6266252434E-02
HessDelSqRho_EigVec1 =  1.5830883383E-01  6.9818995789E-01 -6.9818987091E-01
HessDelSqRho_EigVec2 = -3.3939806892E-13  7.0710673714E-01  7.0710682523E-01
HessDelSqRho_EigVec3 =  9.8738964605E-01 -1.1194125689E-01  1.1194124295E-01
</CP of DelSqRho>
<CP of DelSqRho>
CP# = 25      
Type = (3,-1)
Coords = -1.06745322899835E-01  1.10151778434960E+00 -1.10151760877641E+00
DistFromNuc =  1.5614342880E+00
Rho =  6.5811345605E-02
DelSqRho =  1.0275838203E-01
GradDelSqRho =  5.0653925499E-16 -2.0955459590E-15  1.9706458687E-15
HessDelSqRho_EigVals = -4.9363352943E-01 -2.0058873975E-08  4.6266252434E-02
HessDelSqRho_EigVec1 = -1.5830883383E-01  6.9818997004E-01 -6.9818985875E-01
HessDelSqRho_EigVec2 =  3.3586895595E-13  7.0710672483E-01  7.0710683754E-01
HessDelSqRho_EigVec3 =  9.8738964605E-01  1.1194125884E-01 -1.1194124100E-01
</CP of DelSqRho>
<CP of DelSqRho>
CP# = 26      
Type = (3,-1)
Coords = -1.06745322899693E-01 -1.10151768786157E+00 -1.10151770526439E+00
DistFromNuc =  1.5614342880E+00
Rho =  6.5811345605E-02
DelSqRho =  1.0275838203E-01
GradDelSqRho = -7.8062556419E-17  1.2490009027E-16  6.9388939039E-17
HessDelSqRho_EigVals = -4.9363352943E-01 -2.0058883524E-08  4.6266252434E-02
HessDelSqRho_EigVec1 =  1.5830883383E-01  6.9818990888E-01  6.9818991991E-01
HessDelSqRho_EigVec2 =  3.1223539572E-13 -7.0710678677E-01  7.0710677560E-01
HessDelSqRho_EigVec3 =  9.8738964605E-01 -1.1194124904E-01 -1.1194125081E-01
</CP of DelSqRho>
<CP of DelSqRho>
CP# = 27      
Type = (3,+1)
Coords = -1.06745310269434E-01  1.55778130416181E+00 -1.99776353714174E-07
DistFromNuc =  1.5614343255E+00
Rho =  6.5811341689E-02
DelSqRho =  1.0275837595E-01
GradDelSqRho =  1.1241008124E-15 -6.0368376964E-15 -8.6736173799E-17
HessDelSqRho_EigVals = -4.9363347952E-01  2.0058868566E-08  4.6266266750E-02
HessDelSqRho_EigVec1 = -1.5830882447E-01  9.8738964755E-01 -1.2662695341E-07
HessDelSqRho_EigVec2 =  7.3847550232E-14  1.2824416928E-07  1.0000000000E+00
HessDelSqRho_EigVec3 =  9.8738964755E-01  1.5830882447E-01 -2.0302256600E-08
</CP of DelSqRho>
<CP of DelSqRho>
CP# = 28      
Type = (3,+1)
Coords = -1.06745310269446E-01 -1.55778130416180E+00  1.52984602594511E-07
DistFromNuc =  1.5614343255E+00
Rho =  6.5811341689E-02
DelSqRho =  1.0275837595E-01
GradDelSqRho =  7.6327832943E-16  3.9135361618E-15 -3.4694469520E-17
HessDelSqRho_EigVals = -4.9363347952E-01  2.0058872031E-08  4.6266266750E-02
HessDelSqRho_EigVec1 =  1.5830882447E-01  9.8738964755E-01 -9.6968297194E-08
HessDelSqRho_EigVec2 = -1.1419598443E-13  9.8206736837E-08  1.0000000000E+00
HessDelSqRho_EigVec3 =  9.8738964755E-01 -1.5830882447E-01  1.5547105819E-08
</CP of DelSqRho>
<CP of DelSqRho>
CP# = 29      
Type = (3,+1)
Coords = -1.06745310269995E-01 -2.65481661169519E-07  1.55778130416182E+00
DistFromNuc =  1.5614343255E+00
Rho =  6.5811341689E-02
DelSqRho =  1.0275837595E-01
GradDelSqRho =  2.0296264669E-15  2.0816681712E-17 -1.1296519276E-14
HessDelSqRho_EigVals = -4.9363347952E-01  2.0058870464E-08  4.6266266749E-02
HessDelSqRho_EigVec1 = -1.5830882447E-01 -1.6827384486E-07  9.8738964755E-01
HessDelSqRho_EigVec2 =  7.6616351012E-14  1.0000000000E+00  1.7042295046E-07
HessDelSqRho_EigVec3 =  9.8738964755E-01 -2.6979532600E-08  1.5830882447E-01
</CP of DelSqRho>
<CP of DelSqRho>
CP# = 30      
Type = (3,+1)
Coords = -1.06745310269931E-01  2.42585708905844E-07 -1.55778130416183E+00
DistFromNuc =  1.5614343255E+00
Rho =  6.5811341689E-02
DelSqRho =  1.0275837595E-01
GradDelSqRho =  1.5543122345E-15  6.2450045135E-17  9.1870955288E-15
HessDelSqRho_EigVals = -4.9363347952E-01  2.0058870022E-08  4.6266266749E-02
HessDelSqRho_EigVec1 =  1.5830882447E-01 -1.5376137542E-07  9.8738964755E-01
HessDelSqRho_EigVec2 = -1.0587599976E-13  1.0000000000E+00  1.5572514109E-07
HessDelSqRho_EigVec3 =  9.8738964755E-01  2.4652768567E-08 -1.5830882447E-01
</CP of DelSqRho>
<CP of DelSqRho>
CP# = 31      
Type = (3,-1)
Coords = -2.09321675752233E-01  6.67954660084429E-01  6.68298002472163E-01
DistFromNuc =  9.6778159312E-01
Rho =  1.7875427884E-01
DelSqRho = -9.6323282677E-02
GradDelSqRho = -1.1757150808E-11  5.8567595218E-11  1.3661960452E-11
HessDelSqRho_EigVals = -1.2507130103E+00 -1.3028850326E-07  1.8768172946E+01
HessDelSqRho_EigVec1 =  9.7459302577E-01  1.5833927677E-01  1.5842066643E-01
HessDelSqRho_EigVec2 = -1.8806329092E-11 -7.0728844484E-01  7.0692507085E-01
HessDelSqRho_EigVec3 = -2.2398311124E-01  6.8896424380E-01  6.8931838554E-01
</CP of DelSqRho>
<CP of DelSqRho>
CP# = 32      
Type = (3,-1)
Coords = -2.09321675752257E-01 -6.67954616548765E-01  6.68298045985443E-01
DistFromNuc =  9.6778159312E-01
Rho =  1.7875427884E-01
DelSqRho = -9.6323282678E-02
GradDelSqRho = -1.1727174787E-11 -5.8485216670E-11  1.3569145807E-11
HessDelSqRho_EigVals = -1.2507130103E+00 -1.3028855487E-07  1.8768172946E+01
HessDelSqRho_EigVec1 =  9.7459302577E-01 -1.5833926645E-01  1.5842067674E-01
HessDelSqRho_EigVec2 = -1.8803242985E-11  7.0728849089E-01  7.0692502478E-01
HessDelSqRho_EigVec3 =  2.2398311124E-01  6.8896419889E-01 -6.8931843043E-01
</CP of DelSqRho>
<CP of DelSqRho>
CP# = 33      
Type = (3,-1)
Coords = -2.09321675752242E-01  6.67954562304496E-01 -6.68298100201828E-01
DistFromNuc =  9.6778159312E-01
Rho =  1.7875427884E-01
DelSqRho = -9.6323282678E-02
GradDelSqRho = -1.1688205959E-11  5.8386184776E-11 -1.3455903058E-11
HessDelSqRho_EigVals = -1.2507130103E+00 -1.3028869380E-07  1.8768172946E+01
HessDelSqRho_EigVec1 =  9.7459302577E-01  1.5833925359E-01 -1.5842068960E-01
HessDelSqRho_EigVec2 =  1.8815528147E-11  7.0728854827E-01  7.0692496737E-01
HessDelSqRho_EigVec3 = -2.2398311124E-01  6.8896414294E-01 -6.8931848635E-01
</CP of DelSqRho>
<CP of DelSqRho>
CP# = 34      
Type = (3,-1)
Coords = -2.09321675752244E-01 -6.67954555605007E-01 -6.68298106897878E-01
DistFromNuc =  9.6778159312E-01
Rho =  1.7875427884E-01
DelSqRho = -9.6323282677E-02
GradDelSqRho = -1.1721179582E-11 -5.8469784570E-11 -1.3553047573E-11
HessDelSqRho_EigVals = -1.2507130103E+00 -1.3028868172E-07  1.8768172946E+01
HessDelSqRho_EigVec1 =  9.7459302577E-01 -1.5833925200E-01 -1.5842069118E-01
HessDelSqRho_EigVec2 =  1.8802172893E-11 -7.0728855536E-01  7.0692496028E-01
HessDelSqRho_EigVec3 =  2.2398311124E-01  6.8896413603E-01  6.8931849326E-01
</CP of DelSqRho>
<CP of DelSqRho>
CP# = 35      
Type = (3,-1)
Coords = -2.09321675752271E-01  6.68301329978181E-01  6.67951330850929E-01
DistFromNuc =  9.6778159312E-01
Rho =  1.7875427885E-01
DelSqRho = -9.6323282677E-02
GradDelSqRho = -1.0228706770E-11  9.1464613661E-12  5.4580340247E-11
HessDelSqRho_EigVals = -1.2507130103E+00 -1.3029486346E-07  1.8768172946E+01
HessDelSqRho_EigVec1 =  9.7459302577E-01  1.5842145522E-01  1.5833848757E-01
HessDelSqRho_EigVec2 =  1.9394315380E-11 -7.0692154738E-01  7.0729196648E-01
HessDelSqRho_EigVec3 = -2.2398311124E-01  6.8932181771E-01  6.8896080985E-01
</CP of DelSqRho>
<CP of DelSqRho>
CP# = 36      
Type = (3,-1)
Coords = -2.09321675752297E-01 -6.68301434939593E-01  6.67951225834471E-01
DistFromNuc =  9.6778159312E-01
Rho =  1.7875427885E-01
DelSqRho = -9.6323282678E-02
GradDelSqRho = -1.0149658891E-11 -8.9104279510E-12  5.4370286051E-11
HessDelSqRho_EigVals = -1.2507130103E+00 -1.3029512200E-07  1.8768172946E+01
HessDelSqRho_EigVec1 =  9.7459302577E-01 -1.5842148010E-01  1.5833846268E-01
HessDelSqRho_EigVec2 =  1.9411653361E-11  7.0692143624E-01  7.0729207757E-01
HessDelSqRho_EigVec3 =  2.2398311124E-01  6.8932192598E-01 -6.8896070153E-01
</CP of DelSqRho>
<CP of DelSqRho>
CP# = 37      
Type = (3,-1)
Coords = -2.09321675752280E-01  6.68301412100875E-01 -6.67951248685174E-01
DistFromNuc =  9.6778159312E-01
Rho =  1.7875427885E-01
DelSqRho = -9.6323282678E-02
GradDelSqRho = -1.0163758724E-11  8.9541707382E-12 -5.4407589545E-11
HessDelSqRho_EigVals = -1.2507130103E+00 -1.3029503245E-07  1.8768172946E+01
HessDelSqRho_EigVec1 =  9.7459302577E-01  1.5842147469E-01 -1.5833846809E-01
HessDelSqRho_EigVec2 = -1.9402595830E-11  7.0692146042E-01  7.0729205340E-01
HessDelSqRho_EigVec3 = -2.2398311124E-01  6.8932190242E-01 -6.8896072510E-01
</CP of DelSqRho>
<CP of DelSqRho>
CP# = 38      
Type = (3,-1)
Coords = -2.09321675752279E-01 -6.68301168438204E-01 -6.67951492475533E-01
DistFromNuc =  9.6778159312E-01
Rho =  1.7875427885E-01
DelSqRho = -9.6323282677E-02
GradDelSqRho = -1.0303036202E-11 -9.3665075696E-12 -5.4771465141E-11
HessDelSqRho_EigVals = -1.2507130103E+00 -1.3029457531E-07  1.8768172946E+01
HessDelSqRho_EigVec1 =  9.7459302577E-01 -1.5842141693E-01 -1.5833852588E-01
HessDelSqRho_EigVec2 = -1.9389860191E-11 -7.0692171843E-01  7.0729179552E-01
HessDelSqRho_EigVec3 =  2.2398311124E-01  6.8932165109E-01  6.8896097656E-01
</CP of DelSqRho>
<CP of DelSqRho>
CP# = 39      
Type = (2,-2)
Coords = -1.37206327434814E+00  8.65733393384429E-01  8.65735110228253E-01
DistFromNuc =  1.8388989147E+00
Rho =  6.2949067722E-02
DelSqRho =  1.3160003620E-01
GradDelSqRho =  7.4008507656E-14 -4.6549222810E-13 -4.8312569223E-13
HessDelSqRho_EigVals = -1.1318925887E+00 -1.8316578083E-01 -2.3948702057E-09
HessDelSqRho_EigVec1 = -1.3097617331E-01  7.0101472629E-01  7.0101611647E-01
HessDelSqRho_EigVec2 =  9.9138551635E-01  9.2614048489E-02  9.2614232153E-02
HessDelSqRho_EigVec3 =  4.5086172106E-13  7.0710748232E-01 -7.0710608005E-01
</CP of DelSqRho>
<CP of DelSqRho>
CP# = 40      
Type = (2,-2)
Coords = -1.37206327434818E+00 -8.65733434124759E-01  8.65735069487927E-01
DistFromNuc =  1.8388989147E+00
Rho =  6.2949067722E-02
DelSqRho =  1.3160003620E-01
GradDelSqRho =  6.7491151556E-14  4.2215536622E-13 -4.3908279790E-13
HessDelSqRho_EigVals = -1.1318925887E+00 -1.8316578083E-01 -2.3948142048E-09
HessDelSqRho_EigVec1 =  1.3097617331E-01  7.0101475927E-01 -7.0101608349E-01
HessDelSqRho_EigVec2 =  9.9138551635E-01 -9.2614052847E-02  9.2614227795E-02
HessDelSqRho_EigVec3 =  4.4354793535E-13 -7.0710744905E-01 -7.0710611333E-01
</CP of DelSqRho>
<CP of DelSqRho>
CP# = 41      
Type = (2,-2)
Coords = -1.37206327434819E+00  8.65733339360628E-01 -8.65735164252054E-01
DistFromNuc =  1.8388989147E+00
Rho =  6.2949067722E-02
DelSqRho =  1.3160003620E-01
GradDelSqRho =  8.3818368912E-14 -5.2655449445E-13  5.4527563020E-13
HessDelSqRho_EigVals = -1.1318925887E+00 -1.8316578083E-01 -2.3949344604E-09
HessDelSqRho_EigVec1 = -1.3097617331E-01  7.0101468254E-01 -7.0101616022E-01
HessDelSqRho_EigVec2 = -9.9138551635E-01 -9.2614042709E-02  9.2614237933E-02
HessDelSqRho_EigVec3 =  4.6937368218E-13  7.0710752645E-01  7.0710603593E-01
</CP of DelSqRho>
<CP of DelSqRho>
CP# = 42      
Type = (2,-2)
Coords = -1.37206327434816E+00 -8.65733407889877E-01 -8.65735095722801E-01
DistFromNuc =  1.8388989147E+00
Rho =  6.2949067722E-02
DelSqRho =  1.3160003620E-01
GradDelSqRho =  7.1637140664E-14  4.4974093893E-13  4.6705174450E-13
HessDelSqRho_EigVals = -1.1318925887E+00 -1.8316578083E-01 -2.3948528537E-09
HessDelSqRho_EigVec1 =  1.3097617331E-01  7.0101473803E-01  7.0101610473E-01
HessDelSqRho_EigVec2 = -9.9138551635E-01  9.2614050040E-02  9.2614230601E-02
HessDelSqRho_EigVec3 =  4.5261813018E-13 -7.0710747047E-01  7.0710609190E-01
</CP of DelSqRho>
<CP of DelSqRho>
CP# = 43      
Type = (2,-2)
Coords = -1.37206328534877E+00  1.22433311971109E+00 -8.85817902297470E-07
DistFromNuc =  1.8388989225E+00
Rho =  6.2949067418E-02
DelSqRho =  1.3160003575E-01
GradDelSqRho =  3.9534348018E-14 -3.5709282753E-13  3.7296554734E-17
HessDelSqRho_EigVals = -1.1318925891E+00 -1.8316578764E-01  2.3940112167E-09
HessDelSqRho_EigVec1 = -1.3097617456E-01  9.9138551618E-01 -7.1727785716E-07
HessDelSqRho_EigVec2 =  9.9138551618E-01  1.3097617456E-01 -9.4762623544E-08
HessDelSqRho_EigVec3 = -1.7372086067E-14  7.2351052459E-07  1.0000000000E+00
</CP of DelSqRho>
<CP of DelSqRho>
CP# = 44      
Type = (2,-2)
Coords = -1.37206328534878E+00 -1.22433311971109E+00  7.74465902332432E-07
DistFromNuc =  1.8388989225E+00
Rho =  6.2949067418E-02
DelSqRho =  1.3160003575E-01
GradDelSqRho =  3.0211944058E-14  2.7292404448E-13 -4.0766001685E-17
HessDelSqRho_EigVals = -1.1318925891E+00 -1.8316578764E-01  2.3940814886E-09
HessDelSqRho_EigVec1 =  1.3097617456E-01  9.9138551618E-01 -6.2711223200E-07
HessDelSqRho_EigVec2 =  9.9138551618E-01 -1.3097617456E-01  8.2850444049E-08
HessDelSqRho_EigVec3 =  3.0929179507E-14  6.3256141805E-07  1.0000000000E+00
</CP of DelSqRho>
<CP of DelSqRho>
CP# = 45      
Type = (2,-2)
Coords = -1.37206328534924E+00 -8.54248911263452E-07  1.22433311971103E+00
DistFromNuc =  1.8388989225E+00
Rho =  6.2949067418E-02
DelSqRho =  1.3160003575E-01
GradDelSqRho =  3.6635625089E-14  3.4694469520E-17 -3.3202260386E-13
HessDelSqRho_EigVals = -1.1318925891E+00 -1.8316578764E-01  2.3940631969E-09
HessDelSqRho_EigVec1 = -1.3097617456E-01 -6.9171533612E-07  9.9138551618E-01
HessDelSqRho_EigVec2 =  9.9138551618E-01 -9.1385446968E-08  1.3097617456E-01
HessDelSqRho_EigVec3 = -2.0097167726E-14  1.0000000000E+00  6.9772588181E-07
</CP of DelSqRho>
<CP of DelSqRho>
CP# = 46      
Type = (2,-2)
Coords = -1.37206328534926E+00  9.19487541377383E-07 -1.22433311971103E+00
DistFromNuc =  1.8388989225E+00
Rho =  6.2949067418E-02
DelSqRho =  1.3160003575E-01
GradDelSqRho =  4.2390136540E-14 -1.8214596498E-17  3.8474431974E-13
HessDelSqRho_EigVals = -1.1318925891E+00 -1.8316578764E-01  2.3940208618E-09
HessDelSqRho_EigVec1 =  1.3097617456E-01 -7.4454134565E-07  9.9138551618E-01
HessDelSqRho_EigVec2 =  9.9138551618E-01  9.8364508770E-08 -1.3097617456E-01
HessDelSqRho_EigVec3 =  2.7955242776E-14  1.0000000000E+00  7.5101091334E-07
</CP of DelSqRho>
<CP of DelSqRho>
CP# = 47      
Type = (3,-1)
Coords = -1.06745322911889E-01  1.10139300343699E+00  1.10164237555744E+00
DistFromNuc =  1.5614342880E+00
Rho =  6.5811345606E-02
DelSqRho =  1.0275838203E-01
GradDelSqRho = -1.4544997151E-12  6.0300653359E-12  1.0269077255E-12
HessDelSqRho_EigVals = -4.9363352945E-01 -2.0055679279E-08  4.6266252434E-02
HessDelSqRho_EigVec1 = -1.5830883384E-01  6.9811087848E-01  6.9826894136E-01
HessDelSqRho_EigVec2 = -1.4128064806E-12 -7.0718681744E-01  7.0702673587E-01
HessDelSqRho_EigVec3 =  9.8738964605E-01  1.1192857805E-01  1.1195392037E-01
</CP of DelSqRho>
<CP of DelSqRho>
CP# = 48      
Type = (3,-1)
Coords = -1.06745322912003E-01 -1.10139301970047E+00  1.10164235929768E+00
DistFromNuc =  1.5614342880E+00
Rho =  6.5811345606E-02
DelSqRho =  1.0275838203E-01
GradDelSqRho = -1.4542464455E-12 -6.0300930915E-12  1.0269285422E-12
HessDelSqRho_EigVals = -4.9363352945E-01 -2.0055668279E-08  4.6266252434E-02
HessDelSqRho_EigVec1 =  1.5830883384E-01  6.9811088879E-01 -6.9826893106E-01
HessDelSqRho_EigVec2 = -1.3892132607E-12  7.0718680700E-01  7.0702674631E-01
HessDelSqRho_EigVec3 =  9.8738964605E-01 -1.1192857970E-01  1.1195391872E-01
</CP of DelSqRho>
<CP of DelSqRho>
CP# = 49      
Type = (3,-1)
Coords = -1.06745322911972E-01  1.10139304425840E+00 -1.10164233474532E+00
DistFromNuc =  1.5614342880E+00
Rho =  6.5811345606E-02
DelSqRho =  1.0275838203E-01
GradDelSqRho = -1.4544060400E-12  6.0301069693E-12 -1.0269424200E-12
HessDelSqRho_EigVals = -4.9363352945E-01 -2.0055666961E-08  4.6266252434E-02
HessDelSqRho_EigVec1 = -1.5830883384E-01  6.9811090436E-01 -6.9826891549E-01
HessDelSqRho_EigVec2 =  1.3805082577E-12  7.0718679124E-01  7.0702676208E-01
HessDelSqRho_EigVec3 =  9.8738964605E-01  1.1192858219E-01 -1.1195391623E-01
</CP of DelSqRho>
<CP of DelSqRho>
CP# = 50      
Type = (3,-1)
Coords = -1.06745322911829E-01 -1.10139295063640E+00 -1.10164242834608E+00
DistFromNuc =  1.5614342880E+00
Rho =  6.5811345606E-02
DelSqRho =  1.0275838203E-01
GradDelSqRho = -1.4545292054E-12 -6.0298849247E-12 -1.0268383366E-12
HessDelSqRho_EigVals = -4.9363352945E-01 -2.0055678018E-08  4.6266252434E-02
HessDelSqRho_EigVec1 =  1.5830883384E-01  6.9811084502E-01  6.9826897482E-01
HessDelSqRho_EigVec2 =  1.3586710017E-12 -7.0718685133E-01  7.0702670198E-01
HessDelSqRho_EigVec3 =  9.8738964605E-01 -1.1192857268E-01 -1.1195392574E-01
</CP of DelSqRho>
<CP of DelSqRho>
CP# = 51      
Type = (3,-1)
Coords = -1.06745322911887E-01  1.10164245587207E+00  1.10139292310418E+00
DistFromNuc =  1.5614342880E+00
Rho =  6.5811345606E-02
DelSqRho =  1.0275838203E-01
GradDelSqRho = -1.4544043053E-12  1.0270534423E-12  6.0300514582E-12
HessDelSqRho_EigVals = -4.9363352945E-01 -2.0055679174E-08  4.6266252434E-02
HessDelSqRho_EigVec1 = -1.5830883384E-01  6.9826899227E-01  6.9811082756E-01
HessDelSqRho_EigVec2 =  6.8212509695E-13 -7.0702668430E-01  7.0718686900E-01
HessDelSqRho_EigVec3 =  9.8738964605E-01  1.1195392854E-01  1.1192856988E-01
</CP of DelSqRho>
<CP of DelSqRho>
CP# = 52      
Type = (3,-1)
Coords = -1.06745322912004E-01 -1.10164247383985E+00  1.10139290513235E+00
DistFromNuc =  1.5614342880E+00
Rho =  6.5811345606E-02
DelSqRho =  1.0275838203E-01
GradDelSqRho = -1.4546142069E-12 -1.0276640650E-12  6.0304539140E-12
HessDelSqRho_EigVals = -4.9363352945E-01 -2.0055667441E-08  4.6266252434E-02
HessDelSqRho_EigVec1 =  1.5830883384E-01  6.9826900366E-01 -6.9811081617E-01
HessDelSqRho_EigVec2 =  7.0872074269E-13  7.0702667277E-01  7.0718688053E-01
HessDelSqRho_EigVec3 =  9.8738964605E-01 -1.1195393036E-01  1.1192856806E-01
</CP of DelSqRho>
<CP of DelSqRho>
CP# = 53      
Type = (3,-1)
Coords = -1.06745322911971E-01  1.10164249697219E+00 -1.10139288199479E+00
DistFromNuc =  1.5614342880E+00
Rho =  6.5811345606E-02
DelSqRho =  1.0275838203E-01
GradDelSqRho = -1.4545586957E-12  1.0275391649E-12 -6.0303706473E-12
HessDelSqRho_EigVals = -4.9363352945E-01 -2.0055666997E-08  4.6266252434E-02
HessDelSqRho_EigVec1 = -1.5830883384E-01  6.9826901832E-01 -6.9811080151E-01
HessDelSqRho_EigVec2 = -7.1789042542E-13  7.0702665792E-01  7.0718689538E-01
HessDelSqRho_EigVec3 =  9.8738964605E-01  1.1195393271E-01 -1.1192856570E-01
</CP of DelSqRho>
<CP of DelSqRho>
CP# = 54      
Type = (3,-1)
Coords = -1.06745322911826E-01 -1.10164240515956E+00 -1.10139297382817E+00
DistFromNuc =  1.5614342880E+00
Rho =  6.5811345606E-02
DelSqRho =  1.0275838203E-01
GradDelSqRho = -1.4544129789E-12 -1.0272754869E-12 -6.0302804417E-12
HessDelSqRho_EigVals = -4.9363352945E-01 -2.0055678271E-08  4.6266252434E-02
HessDelSqRho_EigVec1 =  1.5830883384E-01  6.9826896013E-01  6.9811085972E-01
HessDelSqRho_EigVec2 = -7.3635810663E-13 -7.0702671687E-01  7.0718683644E-01
HessDelSqRho_EigVec3 =  9.8738964605E-01 -1.1195392338E-01 -1.1192857504E-01
</CP of DelSqRho>
<CP of DelSqRho>
CP# = 55      
Type = (2,-2)
Coords = -1.37206328534904E+00  1.22433299088566E+00  5.61659045442324E-04
DistFromNuc =  1.8388989225E+00
Rho =  6.2949067418E-02
DelSqRho =  1.3160003575E-01
GradDelSqRho =  5.8147583970E-13 -4.7901474454E-12  1.3447550365E-12
HessDelSqRho_EigVals = -1.1318925890E+00 -1.8316578764E-01  2.3903869113E-09
HessDelSqRho_EigVec1 = -1.3097617456E-01  9.9138541186E-01  4.5479505373E-04
HessDelSqRho_EigVec2 =  9.9138551618E-01  1.3097616078E-01  6.0084884255E-05
HessDelSqRho_EigVec3 =  3.2355904523E-11 -4.5874691738E-04  9.9999989478E-01
</CP of DelSqRho>
<CP of DelSqRho>
CP# = 56      
Type = (2,-2)
Coords = -1.37206328534901E+00 -1.22433298720389E+00  5.69630384622552E-04
DistFromNuc =  1.8388989225E+00
Rho =  6.2949067418E-02
DelSqRho =  1.3160003575E-01
GradDelSqRho =  6.9716801776E-13  5.9077673309E-12  1.3592321713E-12
HessDelSqRho_EigVals = -1.1318925890E+00 -1.8316578764E-01  2.3894755074E-09
HessDelSqRho_EigVec1 =  1.3097617457E-01  9.9138540888E-01 -4.6124972699E-04
HessDelSqRho_EigVec2 =  9.9138551618E-01 -1.3097616039E-01  6.0937638291E-05
HessDelSqRho_EigVec3 =  3.2767576066E-11  4.6525767743E-04  9.9999989177E-01
</CP of DelSqRho>
<CP of DelSqRho>
CP# = 57      
Type = (2,-2)
Coords = -1.37206328534900E+00  1.22433298694160E+00 -5.70194035145990E-04
DistFromNuc =  1.8388989225E+00
Rho =  6.2949067418E-02
DelSqRho =  1.3160003575E-01
GradDelSqRho =  7.0659450513E-13 -5.9970188537E-12 -1.3602383109E-12
HessDelSqRho_EigVals = -1.1318925890E+00 -1.8316578764E-01  2.3894006880E-09
HessDelSqRho_EigVec1 = -1.3097617457E-01  9.9138540867E-01 -4.6170613461E-04
HessDelSqRho_EigVec2 =  9.9138551618E-01  1.3097616036E-01 -6.0997936239E-05
HessDelSqRho_EigVec3 = -3.2779961465E-11  4.6571805093E-04  9.9999989155E-01
</CP of DelSqRho>
<CP of DelSqRho>
CP# = 58      
Type = (2,-2)
Coords = -1.37206328534905E+00 -1.22433299066837E+00 -5.62132617477576E-04
DistFromNuc =  1.8388989225E+00
Rho =  6.2949067418E-02
DelSqRho =  1.3160003575E-01
GradDelSqRho =  5.8732532726E-13  4.8474314840E-12 -1.3455868364E-12
HessDelSqRho_EigVals = -1.1318925890E+00 -1.8316578764E-01  2.3903414241E-09
HessDelSqRho_EigVec1 =  1.3097617456E-01  9.9138541169E-01  4.5517852163E-04
HessDelSqRho_EigVec2 =  9.9138551618E-01 -1.3097616076E-01 -6.0135545831E-05
HessDelSqRho_EigVec3 = -3.2363091844E-11 -4.5913371737E-04  9.9999989460E-01
</CP of DelSqRho>
<CP of DelSqRho>
CP# = 59      
Type = (2,-2)
Coords = -1.37206328534952E+00  5.60320144924778E-04  1.22433299149892E+00
DistFromNuc =  1.8388989225E+00
Rho =  6.2949067418E-02
DelSqRho =  1.3160003575E-01
GradDelSqRho =  5.6130620985E-13  1.3415718189E-12 -4.5925711151E-12
HessDelSqRho_EigVals = -1.1318925890E+00 -1.8316578764E-01  2.3905796450E-09
HessDelSqRho_EigVec1 = -1.3097617456E-01  4.5371089896E-04  9.9138541236E-01
HessDelSqRho_EigVec2 =  9.9138551618E-01  5.9941652020E-05  1.3097616085E-01
HessDelSqRho_EigVec3 =  3.2274886010E-11  9.9999989528E-01 -4.5765334204E-04
</CP of DelSqRho>
<CP of DelSqRho>
CP# = 60      
Type = (2,-2)
Coords = -1.37206328534948E+00 -5.68793857652914E-04  1.22433298759260E+00
DistFromNuc =  1.8388989225E+00
Rho =  6.2949067418E-02
DelSqRho =  1.3160003575E-01
GradDelSqRho =  6.7901196818E-13 -1.3571374927E-12 -5.7336392578E-12
HessDelSqRho_EigVals = -1.1318925890E+00 -1.8316578764E-01  2.3896478290E-09
HessDelSqRho_EigVec1 = -1.3097617457E-01 -4.6057236172E-04  9.9138540920E-01
HessDelSqRho_EigVec2 =  9.9138551618E-01 -6.0848148737E-05  1.3097616043E-01
HessDelSqRho_EigVec3 = -3.2704633454E-11  9.9999989209E-01  4.6457442632E-04
</CP of DelSqRho>
<CP of DelSqRho>
CP# = 61      
Type = (2,-2)
Coords = -1.37206328534950E+00  5.69067442871223E-04 -1.22433298746550E+00
DistFromNuc =  1.8388989225E+00
Rho =  6.2949067418E-02
DelSqRho =  1.3160003575E-01
GradDelSqRho =  6.8335051159E-13  1.3576119395E-12  5.7753472144E-12
HessDelSqRho_EigVals = -1.1318925890E+00 -1.8316578764E-01  2.3896144631E-09
HessDelSqRho_EigVec1 =  1.3097617457E-01 -4.6079389328E-04  9.9138540909E-01
HessDelSqRho_EigVec2 =  9.9138551618E-01  6.0877416197E-05 -1.3097616042E-01
HessDelSqRho_EigVec3 =  3.2724389517E-11  9.9999989198E-01  4.6479788284E-04
</CP of DelSqRho>
<CP of DelSqRho>
CP# = 62      
Type = (2,-2)
Coords = -1.37206328534955E+00 -5.59958686290088E-04 -1.22433299166424E+00
DistFromNuc =  1.8388989225E+00
Rho =  6.2949067418E-02
DelSqRho =  1.3160003575E-01
GradDelSqRho =  5.5699281992E-13 -1.3408805316E-12  4.5493712963E-12
HessDelSqRho_EigVals = -1.1318925890E+00 -1.8316578764E-01  2.3906158830E-09
HessDelSqRho_EigVec1 =  1.3097617456E-01  4.5341821321E-04  9.9138541250E-01
HessDelSqRho_EigVec2 =  9.9138551618E-01 -5.9902984081E-05 -1.3097616087E-01
HessDelSqRho_EigVec3 = -3.2250303715E-11  9.9999989541E-01 -4.5735811305E-04
</CP of DelSqRho>
<CP of DelSqRho>
CP# = 63      
Type = (2,-2)
Coords = -1.37206328535253E+00  1.22433237120114E+00  1.35382623386571E-03
DistFromNuc =  1.8388989225E+00
Rho =  6.2949067418E-02
DelSqRho =  1.3160003575E-01
GradDelSqRho =  5.0931134310E-13  1.8082167708E-12  3.2456337964E-12
HessDelSqRho_EigVals = -1.1318925891E+00 -1.8316578764E-01  2.3957590789E-09
HessDelSqRho_EigVec1 = -1.3097617456E-01  9.9138491009E-01  1.0962406459E-03
HessDelSqRho_EigVec2 =  9.9138551618E-01  1.3097609449E-01  1.4482895494E-04
HessDelSqRho_EigVec3 =  7.7945214132E-11 -1.1057662411E-03  9.9999938864E-01
</CP of DelSqRho>
<CP of DelSqRho>
CP# = 64      
Type = (2,-2)
Coords = -1.37206328535276E+00 -1.22433274678959E+00  9.55589151620772E-04
DistFromNuc =  1.8388989225E+00
Rho =  6.2949067418E-02
