 AIMInt (Version 19.10.12, Professional)
 Portions Copyright (c) 1997-2019 by Todd A. Keith
 AIMInt is a component of the AIMAll package ( http://aim.tkgristmill.com )

 TP:  64-bit Mac OS X

 AIMInt is a heavily modified and extended version of the PROAIMV program
 developed by members of R.F.W. Bader's research group

 Much of the Quantum Theory of Atoms in Molecules (QTAIM) is described in the book:
   "Atoms in Molecules - A Quantum Theory"
   R.F.W. Bader, Oxford University Press, Oxford, 1990

 For additional references see:  http://aim.tkgristmill.com/references.html

 Current Directory:  /Users/chemlab/Documents/SubstituentCoding/New Reorientation Test/notDone

 Inp File:  SubH_CCCl-ReorPosY-B3LYP-def2-TZVPPD-Field_atomicfiles/c3.inp
 Wfx File:  SubH_CCCl-ReorPosY-B3LYP-def2-TZVPPD-Field.wfx
 Out File:  SubH_CCCl-ReorPosY-B3LYP-def2-TZVPPD-Field_atomicfiles/c3.int

 Wfx Title:   SubH_CCCl-ReorPosY-B3LYP-def2-TZVPPD-Field.chk                                
 Job Title:   SubH_CCCl-ReorPosY-B3LYP-def2-TZVPPD-Field.chk                                
 
<Atom>
C3      
</Atom>
<Nuclei of Molecule>
     4
C1         6.0           0.0000000000E+00   0.0000000000E+00   0.0000000000E+00
H2         1.0          -2.0053954702E+00   0.0000000000E+00   0.0000000000E+00
C3         6.0           2.2656087652E+00   0.0000000000E+00   0.0000000000E+00
Cl4       17.0           5.3573449952E+00   0.0000000000E+00   0.0000000000E+00
</Nuclei of Molecule>
<Total Number of CPs of DelSqRho>
    70
</Total Number of CPs of DelSqRho>
<Number of (3,+3) CPs of DelSqRho>
     3
</Number of (3,+3) CPs of DelSqRho>
<Number of (3,+1) CPs of DelSqRho>
    10
</Number of (3,+1) CPs of DelSqRho>
<Number of (3,-1) CPs of DelSqRho>
     8
</Number of (3,-1) CPs of DelSqRho>
<Number of (3,-3) CPs of DelSqRho>
     1
</Number of (3,-3) CPs of DelSqRho>
<Number of Degenerate CPs of DelSqRho>
    48
</Number of Degenerate CPs of DelSqRho>
<CP of DelSqRho>
CP# = 1       
Type = (3,+3)
Coords =  2.26560917686556E+00 -7.56449364226955E-21 -1.22808086592598E-20
DistFromNuc =  4.1167356279E-07
Rho =  1.2209167132E+02
DelSqRho = -9.6843012517E+05
GradDelSqRho = -6.1700629885E-06 -7.6740388860E-26 -3.1342390398E-25
HessDelSqRho_EigVals =  3.3378790393E+10  3.3378790393E+10  3.3378802887E+10
HessDelSqRho_EigVec1 =  4.2213424865E-15  9.9999999778E-01  6.6637992711E-05
HessDelSqRho_EigVec2 = -2.6645228522E-14 -6.6637992711E-05  9.9999999778E-01
HessDelSqRho_EigVec3 =  1.0000000000E+00 -4.2231180616E-15  2.6644947161E-14
</CP of DelSqRho>
<CP of DelSqRho>
CP# = 2       
Type = (3,+1)
Coords =  1.12734567206487E+00  1.16385250072100E-16 -8.06588979887176E-16
DistFromNuc =  1.1382630931E+00
Rho =  4.1508133328E-01
DelSqRho = -1.1458074716E+00
GradDelSqRho = -6.0400573432E-12  8.8439590515E-26  1.3596017701E-27
HessDelSqRho_EigVals = -7.9442764220E+00  3.6818057696E+00  3.6818057696E+00
HessDelSqRho_EigVec1 =  1.0000000000E+00 -8.0996481959E-15  0.0000000000E+00
HessDelSqRho_EigVec2 = -3.9796330915E-15 -4.9133406726E-01  8.7097120179E-01
HessDelSqRho_EigVec3 =  7.0545603233E-15  8.7097120179E-01  4.9133406726E-01
</CP of DelSqRho>
<CP of DelSqRho>
CP# = 3       
Type = (3,+1)
Coords =  2.50456544296651E+00  2.39322901783152E-16 -5.70835604743972E-15
DistFromNuc =  2.3895667777E-01
Rho =  7.8648873746E+00
DelSqRho =  2.8511394720E+02
GradDelSqRho =  9.2370555649E-13 -4.8467614017E-27 -2.5849394142E-26
HessDelSqRho_EigVals = -7.3230568988E+04  9.9782881623E+01  9.9782881623E+01
HessDelSqRho_EigVec1 =  1.0000000000E+00  1.0705598087E-15 -2.3866956651E-14
HessDelSqRho_EigVec2 =  2.3594578418E-14  1.1261293851E-01  9.9363893144E-01
HessDelSqRho_EigVec3 = -3.7514780263E-15  9.9363893144E-01 -1.1261293851E-01
</CP of DelSqRho>
<CP of DelSqRho>
CP# = 4       
Type = (3,-3)
Coords =  2.02851001374293E+00  3.95634697899159E-15  1.47415791636390E-15
DistFromNuc =  2.3709875145E-01
Rho =  7.9255613531E+00
DelSqRho =  2.9613307127E+02
GradDelSqRho = -8.4128259914E-12  9.2896260199E-26  3.5139020162E-26
HessDelSqRho_EigVals = -7.4920989195E+04 -1.1800036075E+02 -1.1800036075E+02
HessDelSqRho_EigVec1 =  1.0000000000E+00 -1.6708330540E-14 -6.3051063402E-15
HessDelSqRho_EigVec2 =  8.4808036942E-15  1.3359921459E-01  9.9103544329E-01
HessDelSqRho_EigVec3 =  1.5716190508E-14  9.9103544329E-01 -1.3359921459E-01
</CP of DelSqRho>
<CP of DelSqRho>
CP# = 5       
Type = (3,+1)
Coords =  2.59451844377017E+00  6.43441066073286E-01  6.43441020194775E-01
DistFromNuc =  9.6758169094E-01
Rho =  1.7722013329E-01
DelSqRho = -7.9966862173E-02
GradDelSqRho = -3.8358205501E-12 -3.8733460883E-12 -4.0630832032E-12
HessDelSqRho_EigVals = -1.5330953597E+00  1.9832442958E-07  1.8919718516E+01
HessDelSqRho_EigVec1 =  9.4709366099E-01 -2.2695110118E-01 -2.2695108500E-01
HessDelSqRho_EigVec2 =  7.0801674965E-14 -7.0710675598E-01  7.0710680640E-01
HessDelSqRho_EigVec3 =  3.2095731384E-01  6.6969637398E-01  6.6969632623E-01
</CP of DelSqRho>
<CP of DelSqRho>
CP# = 6       
Type = (3,+1)
Coords =  2.59451844377014E+00 -6.43441064993620E-01  6.43441021274463E-01
DistFromNuc =  9.6758169094E-01
Rho =  1.7722013329E-01
DelSqRho = -7.9966862173E-02
GradDelSqRho = -3.8347103271E-12  3.8743730446E-12 -4.0550895974E-12
HessDelSqRho_EigVals = -1.5330953597E+00  1.9832422499E-07  1.8919718516E+01
HessDelSqRho_EigVec1 =  9.4709366099E-01  2.2695110080E-01 -2.2695108538E-01
HessDelSqRho_EigVec2 =  7.2766235474E-14  7.0710675716E-01  7.0710680521E-01
HessDelSqRho_EigVec3 = -3.2095731384E-01  6.6969637286E-01 -6.6969632736E-01
</CP of DelSqRho>
<CP of DelSqRho>
CP# = 7       
Type = (3,+1)
Coords =  2.59451844377015E+00  6.43441064067583E-01 -6.43441022200492E-01
DistFromNuc =  9.6758169094E-01
Rho =  1.7722013329E-01
DelSqRho = -7.9966862173E-02
GradDelSqRho = -3.8312686357E-12 -3.8761077681E-12  4.0497605269E-12
HessDelSqRho_EigVals = -1.5330953597E+00  1.9832418823E-07  1.8919718516E+01
HessDelSqRho_EigVec1 =  9.4709366099E-01 -2.2695110047E-01  2.2695108570E-01
HessDelSqRho_EigVec2 = -6.1494334376E-14  7.0710675818E-01  7.0710680419E-01
HessDelSqRho_EigVec3 =  3.2095731384E-01  6.6969637189E-01 -6.6969632832E-01
</CP of DelSqRho>
<CP of DelSqRho>
CP# = 8       
Type = (3,+1)
Coords =  2.59451844377017E+00 -6.43441064398468E-01 -6.43441021869593E-01
DistFromNuc =  9.6758169094E-01
Rho =  1.7722013329E-01
DelSqRho = -7.9966862173E-02
GradDelSqRho = -3.8344882825E-12  3.8768988020E-12  4.0534242629E-12
HessDelSqRho_EigVals = -1.5330953597E+00  1.9832442073E-07  1.8919718516E+01
HessDelSqRho_EigVec1 =  9.4709366099E-01  2.2695110059E-01  2.2695108559E-01
HessDelSqRho_EigVec2 = -7.3342501904E-14 -7.0710675782E-01  7.0710680455E-01
HessDelSqRho_EigVec3 = -3.2095731384E-01  6.6969637224E-01  6.6969632797E-01
</CP of DelSqRho>
<CP of DelSqRho>
CP# = 9       
Type = (3,+3)
Coords =  3.23122964706481E+00  6.71007145543382E-15 -1.41081831082138E-14
DistFromNuc =  9.6562088187E-01
Rho =  2.6898162238E-01
DelSqRho = -7.6907954813E-01
GradDelSqRho =  1.3322676296E-15 -2.1457016622E-28 -3.6603146002E-28
HessDelSqRho_EigVals =  3.3750680490E+00  3.3750680490E+00  2.3294226134E+01
HessDelSqRho_EigVec1 = -9.5409992462E-15  9.9978723130E-01 -2.0627460607E-02
HessDelSqRho_EigVec2 =  1.3162325745E-14  2.0627460607E-02  9.9978723130E-01
HessDelSqRho_EigVec3 =  1.0000000000E+00  9.2674638643E-15 -1.3356331800E-14
</CP of DelSqRho>
<CP of DelSqRho>
CP# = 10      
Type = (3,+3)
Coords =  1.30782528270812E+00 -7.81757966637570E-15 -1.09524143071619E-15
DistFromNuc =  9.5778348248E-01
Rho =  4.1873573070E-01
DelSqRho = -1.2173115744E+00
GradDelSqRho =  4.4408920985E-15 -3.8370194430E-27 -3.1585990645E-27
HessDelSqRho_EigVals =  2.3719226377E+00  2.3719226377E+00  2.0098481298E+01
HessDelSqRho_EigVec1 = -1.7438957008E-14  9.7544100207E-01 -2.2026087143E-01
HessDelSqRho_EigVec2 = -4.8953253499E-15  2.2026087143E-01  9.7544100207E-01
HessDelSqRho_EigVec3 =  1.0000000000E+00  1.8088922327E-14  9.3398119721E-16
</CP of DelSqRho>
<CP of DelSqRho>
CP# = 11      
Type = (3,-1)
Coords =  2.59451842343369E+00  9.09963057219561E-01 -3.03036388965301E-07
DistFromNuc =  9.6758169102E-01
Rho =  1.7722013225E-01
DelSqRho = -7.9966841645E-02
GradDelSqRho =  3.1841196346E-13  8.6047835524E-13 -7.7715611724E-16
HessDelSqRho_EigVals = -1.5330953623E+00 -1.9832979999E-07  1.8919718310E+01
HessDelSqRho_EigVec1 =  9.4709366904E-01 -3.2095729011E-01  1.0688542321E-07
HessDelSqRho_EigVec2 = -5.1207567883E-14  3.3302055445E-07  1.0000000000E+00
HessDelSqRho_EigVec3 =  3.2095729011E-01  9.4709366904E-01 -3.1540164235E-07
</CP of DelSqRho>
<CP of DelSqRho>
CP# = 12      
Type = (3,-1)
Coords =  2.59451842343368E+00 -9.09963057219564E-01  1.88702799806297E-07
DistFromNuc =  9.6758169102E-01
Rho =  1.7722013225E-01
DelSqRho = -7.9966841645E-02
GradDelSqRho =  1.2284617767E-13 -3.3351099660E-13  2.2204460493E-16
HessDelSqRho_EigVals = -1.5330953623E+00 -1.9833038593E-07  1.8919718310E+01
HessDelSqRho_EigVec1 =  9.4709366904E-01  3.2095729011E-01 -6.6558233956E-08
HessDelSqRho_EigVec2 = -4.5220872956E-15  2.0737412824E-07  1.0000000000E+00
HessDelSqRho_EigVec3 = -3.2095729011E-01  9.4709366904E-01 -1.9640272543E-07
</CP of DelSqRho>
<CP of DelSqRho>
CP# = 13      
Type = (3,-1)
Coords =  2.59451842343377E+00 -2.35879746264721E-07  9.09963057219446E-01
DistFromNuc =  9.6758169102E-01
Rho =  1.7722013225E-01
DelSqRho = -7.9966841645E-02
GradDelSqRho =  1.9373391780E-13  0.0000000000E+00  5.2580162446E-13
HessDelSqRho_EigVals = -1.5330953623E+00 -1.9832963623E-07  1.8919718310E+01
HessDelSqRho_EigVec1 =  9.4709366904E-01  8.3198248939E-08 -3.2095729011E-01
HessDelSqRho_EigVec2 = -1.0221104675E-14  1.0000000000E+00  2.5921903575E-07
HessDelSqRho_EigVec3 =  3.2095729011E-01 -2.4550470437E-07  9.4709366904E-01
</CP of DelSqRho>
<CP of DelSqRho>
CP# = 14      
Type = (3,-1)
Coords =  2.59451842343377E+00  2.89679872743394E-07 -9.09963057219446E-01
DistFromNuc =  9.6758169102E-01
Rho =  1.7722013225E-01
DelSqRho = -7.9966841645E-02
GradDelSqRho =  2.9187763317E-13  5.5511151231E-16 -7.9158901656E-13
HessDelSqRho_EigVals = -1.5330953623E+00 -1.9832933905E-07  1.8919718310E+01
HessDelSqRho_EigVec1 =  9.4709366904E-01 -1.0217436214E-07  3.2095729011E-01
HessDelSqRho_EigVec2 =  2.9926059531E-14  1.0000000000E+00  3.1834246158E-07
HessDelSqRho_EigVec3 = -3.2095729011E-01 -3.0150012034E-07  9.4709366904E-01
</CP of DelSqRho>
<CP of DelSqRho>
CP# = 15      
Type = (3,+1)
Coords =  2.16516807004494E+00  1.11773856039431E+00  1.11773629525454E+00
DistFromNuc =  1.5839072727E+00
Rho =  6.7164723142E-02
DelSqRho =  1.1116848702E-01
GradDelSqRho = -7.6702533214E-14 -3.4522384951E-13 -3.6610992016E-13
HessDelSqRho_EigVals = -5.8793912656E-01  3.1485939778E-08  1.1573510358E-01
HessDelSqRho_EigVec1 =  1.0265488413E-01  7.0337187175E-01  7.0337044634E-01
HessDelSqRho_EigVec2 =  1.6672009226E-13 -7.0710606470E-01  7.0710749768E-01
HessDelSqRho_EigVec3 =  9.9471703251E-01 -7.2588038238E-02 -7.2587891136E-02
</CP of DelSqRho>
<CP of DelSqRho>
CP# = 16      
Type = (3,+1)
Coords =  2.16516807004479E+00 -1.11773861595233E+00  1.11773623969650E+00
DistFromNuc =  1.5839072727E+00
Rho =  6.7164723142E-02
DelSqRho =  1.1116848702E-01
GradDelSqRho = -8.2496509624E-14  3.7805869546E-13 -3.9959702214E-13
HessDelSqRho_EigVals = -5.8793912656E-01  3.1485903308E-08  1.1573510358E-01
HessDelSqRho_EigVec1 = -1.0265488413E-01  7.0337190672E-01 -7.0337041138E-01
HessDelSqRho_EigVec2 =  1.9684720638E-13  7.0710602955E-01  7.0710753282E-01
HessDelSqRho_EigVec3 =  9.9471703251E-01  7.2588041846E-02 -7.2587887528E-02
</CP of DelSqRho>
<CP of DelSqRho>
CP# = 17      
Type = (3,+1)
Coords =  2.16516807004482E+00  1.11773862154053E+00 -1.11773623410830E+00
DistFromNuc =  1.5839072727E+00
Rho =  6.7164723142E-02
DelSqRho =  1.1116848702E-01
GradDelSqRho = -8.3211215696E-14 -3.8158365356E-13  4.0320524697E-13
HessDelSqRho_EigVals = -5.8793912656E-01  3.1485900577E-08  1.1573510358E-01
HessDelSqRho_EigVec1 =  1.0265488413E-01  7.0337191023E-01 -7.0337040787E-01
HessDelSqRho_EigVec2 = -2.0025128586E-13  7.0710602601E-01  7.0710753636E-01
HessDelSqRho_EigVec3 =  9.9471703251E-01 -7.2588042209E-02  7.2587887165E-02
</CP of DelSqRho>
<CP of DelSqRho>
CP# = 18      
Type = (3,+1)
Coords =  2.16516807004490E+00 -1.11773861610822E+00 -1.11773623954064E+00
DistFromNuc =  1.5839072727E+00
Rho =  6.7164723142E-02
DelSqRho =  1.1116848702E-01
GradDelSqRho = -8.2572837456E-14  3.7812808440E-13  3.9983294453E-13
HessDelSqRho_EigVals = -5.8793912656E-01  3.1485910840E-08  1.1573510358E-01
HessDelSqRho_EigVec1 = -1.0265488413E-01  7.0337190681E-01  7.0337041128E-01
HessDelSqRho_EigVec2 = -2.2932654722E-13 -7.0710602945E-01  7.0710753292E-01
HessDelSqRho_EigVec3 =  9.9471703251E-01  7.2588041856E-02  7.2587887518E-02
</CP of DelSqRho>
<CP of DelSqRho>
CP# = 19      
Type = (3,-1)
Coords =  2.16516804119903E+00  1.58071938193204E+00 -2.61267437504724E-08
DistFromNuc =  1.5839072269E+00
Rho =  6.7164728863E-02
DelSqRho =  1.1116849685E-01
GradDelSqRho = -2.3678975447E-13 -3.4960923045E-13 -1.1830814106E-15
HessDelSqRho_EigVals = -5.8793921547E-01 -3.1486436272E-08  1.1573509987E-01
HessDelSqRho_EigVec1 =  1.0265489623E-01  9.9471703126E-01 -1.6441078387E-08
HessDelSqRho_EigVec2 =  8.1629435510E-14  1.6528388969E-08  1.0000000000E+00
HessDelSqRho_EigVec3 =  9.9471703126E-01 -1.0265489623E-01  1.6966388563E-09
</CP of DelSqRho>
<CP of DelSqRho>
CP# = 20      
Type = (3,-1)
Coords =  2.16516804119897E+00 -1.58071938193205E+00  3.28703701051941E-08
DistFromNuc =  1.5839072269E+00
Rho =  6.7164728863E-02
DelSqRho =  1.1116849685E-01
GradDelSqRho = -2.3682444894E-13  3.5002556409E-13  1.5924761509E-15
HessDelSqRho_EigVals = -5.8793921547E-01 -3.1486435152E-08  1.1573509987E-01
HessDelSqRho_EigVec1 = -1.0265489623E-01  9.9471703126E-01 -2.0684726328E-08
HessDelSqRho_EigVec2 = -5.8578892451E-14  2.0794577417E-08  1.0000000000E+00
HessDelSqRho_EigVec3 =  9.9471703126E-01  1.0265489623E-01 -2.1346069174E-09
</CP of DelSqRho>
<CP of DelSqRho>
CP# = 21      
Type = (3,-1)
Coords =  2.16516804119904E+00 -4.18922624522415E-08  1.58071938193180E+00
DistFromNuc =  1.5839072269E+00
Rho =  6.7164728863E-02
DelSqRho =  1.1116849685E-01
GradDelSqRho = -2.3685567396E-13 -1.9498291870E-15 -3.5012964750E-13
HessDelSqRho_EigVals = -5.8793921547E-01 -3.1486528705E-08  1.1573509987E-01
HessDelSqRho_EigVec1 =  1.0265489623E-01 -2.6362030914E-08  9.9471703126E-01
HessDelSqRho_EigVec2 =  8.5876572054E-14  1.0000000000E+00  2.6502031503E-08
HessDelSqRho_EigVec3 =  9.9471703126E-01  2.7204778709E-09 -1.0265489623E-01
</CP of DelSqRho>
<CP of DelSqRho>
CP# = 22      
Type = (3,-1)
Coords =  2.16516804119907E+00  4.60471302880449E-08 -1.58071938193179E+00
DistFromNuc =  1.5839072269E+00
Rho =  6.7164728863E-02
DelSqRho =  1.1116849685E-01
GradDelSqRho = -2.3679322392E-13  2.0990154059E-15  3.5018515865E-13
HessDelSqRho_EigVals = -5.8793921547E-01 -3.1486530931E-08  1.1573509987E-01
HessDelSqRho_EigVec1 = -1.0265489623E-01 -2.8976613540E-08  9.9471703126E-01
HessDelSqRho_EigVec2 = -5.9967276879E-14  1.0000000000E+00  2.9130502921E-08
HessDelSqRho_EigVec3 =  9.9471703126E-01 -2.9903291040E-09  1.0265489623E-01
</CP of DelSqRho>
<CP of DelSqRho>
CP# = 23      
Type = (2,-2)
Coords =  1.14284259869235E+00 -9.08648214930395E-09  1.50546075441634E+00
DistFromNuc =  1.8780351295E+00
Rho =  8.3284134492E-02
DelSqRho =  1.4799834421E-01
GradDelSqRho = -1.1497747199E-14  2.1579960041E-15  2.1149748619E-13
HessDelSqRho_EigVals = -1.0452171786E+00 -2.1826242966E-01 -5.4519547662E-09
HessDelSqRho_EigVec1 = -2.1285644289E-02 -6.0343097554E-09  9.9977343501E-01
HessDelSqRho_EigVec2 =  9.9977343501E-01 -1.2848217362E-10  2.1285644289E-02
HessDelSqRho_EigVec3 =  8.8930732145E-15  1.0000000000E+00  6.0356774179E-09
</CP of DelSqRho>
<CP of DelSqRho>
CP# = 24      
Type = (2,-2)
Coords =  1.14284259869237E+00  9.47958126725993E-09 -1.50546075441634E+00
DistFromNuc =  1.8780351295E+00
Rho =  8.3284134492E-02
DelSqRho =  1.4799834421E-01
GradDelSqRho = -1.1392362748E-14 -2.2343238371E-15 -2.1120605265E-13
HessDelSqRho_EigVals = -1.0452171786E+00 -2.1826242966E-01 -5.4519569833E-09
HessDelSqRho_EigVec1 =  2.1285644289E-02 -6.2953613254E-09  9.9977343501E-01
HessDelSqRho_EigVec2 =  9.9977343501E-01  1.3402908944E-10 -2.1285644289E-02
HessDelSqRho_EigVec3 =  2.0987033845E-15  1.0000000000E+00  6.2967879125E-09
</CP of DelSqRho>
<CP of DelSqRho>
CP# = 25      
Type = (2,-2)
Coords =  1.14284259869180E+00  1.50546075441634E+00 -1.13513731619263E-08
DistFromNuc =  1.8780351295E+00
Rho =  8.3284134492E-02
DelSqRho =  1.4799834421E-01
GradDelSqRho = -1.1367642938E-14  2.1160850849E-13  2.7686186677E-15
HessDelSqRho_EigVals = -1.0452171786E+00 -2.1826242966E-01 -5.4519533849E-09
HessDelSqRho_EigVec1 = -2.1285644289E-02  9.9977343501E-01 -7.5384091361E-09
HessDelSqRho_EigVec2 =  9.9977343501E-01  2.1285644289E-02 -1.6051126033E-10
HessDelSqRho_EigVec3 =  1.4998721835E-14  7.5401177821E-09  1.0000000000E+00
</CP of DelSqRho>
<CP of DelSqRho>
CP# = 26      
Type = (2,-2)
Coords =  1.14284259869177E+00 -1.50546075441633E+00  4.95085308920575E-09
DistFromNuc =  1.8780351295E+00
Rho =  8.3284134492E-02
DelSqRho =  1.4799834421E-01
GradDelSqRho = -1.1270064743E-14 -2.1116441928E-13 -1.1102230246E-15
HessDelSqRho_EigVals = -1.0452171786E+00 -2.1826242966E-01 -5.4519542101E-09
HessDelSqRho_EigVec1 =  2.1285644289E-02  9.9977343501E-01 -3.2878441967E-09
HessDelSqRho_EigVec2 =  9.9977343501E-01 -2.1285644289E-02  7.0010600197E-11
HessDelSqRho_EigVec3 = -1.0856197895E-14  3.2885895070E-09  1.0000000000E+00
</CP of DelSqRho>
<CP of DelSqRho>
CP# = 27      
Type = (2,-2)
Coords =  1.14284254406231E+00  1.06452158351394E+00  1.06452143751348E+00
DistFromNuc =  1.8780351647E+00
Rho =  8.3284134096E-02
DelSqRho =  1.4799834267E-01
GradDelSqRho =  1.8648277367E-17 -2.5535129566E-15 -2.3661628212E-15
HessDelSqRho_EigVals = -1.0452171651E+00 -2.1826243302E-01  5.4520868931E-09
HessDelSqRho_EigVec1 =  2.1285654087E-02 -7.0694662388E-01 -7.0694652692E-01
HessDelSqRho_EigVec2 =  9.9977343480E-01  1.5051231380E-02  1.5051229315E-02
HessDelSqRho_EigVec3 = -3.4192879877E-13  7.0710673270E-01 -7.0710682968E-01
</CP of DelSqRho>
<CP of DelSqRho>
CP# = 28      
Type = (2,-2)
Coords =  1.14284254406229E+00 -1.06452154596807E+00  1.06452147505936E+00
DistFromNuc =  1.8780351647E+00
Rho =  8.3284134096E-02
DelSqRho =  1.4799834267E-01
GradDelSqRho =  8.3266726847E-17  4.4408920985E-16 -4.4408920985E-16
HessDelSqRho_EigVals = -1.0452171651E+00 -2.1826243302E-01  5.4520946719E-09
HessDelSqRho_EigVec1 =  2.1285654087E-02  7.0694659894E-01 -7.0694655185E-01
HessDelSqRho_EigVec2 = -9.9977343480E-01  1.5051230849E-02 -1.5051229846E-02
HessDelSqRho_EigVec3 = -3.7610858515E-13 -7.0710675764E-01 -7.0710680474E-01
</CP of DelSqRho>
<CP of DelSqRho>
CP# = 29      
Type = (2,-2)
Coords =  1.14284254406231E+00  1.06452161897094E+00 -1.06452140205651E+00
DistFromNuc =  1.8780351647E+00
Rho =  8.3284134096E-02
DelSqRho =  1.4799834267E-01
GradDelSqRho =  8.9338259013E-17 -6.0229599086E-15  5.7176485768E-15
HessDelSqRho_EigVals = -1.0452171651E+00 -2.1826243302E-01  5.4520909712E-09
HessDelSqRho_EigVec1 = -2.1285654087E-02  7.0694664742E-01 -7.0694650337E-01
HessDelSqRho_EigVec2 =  9.9977343480E-01  1.5051231881E-02 -1.5051228814E-02
HessDelSqRho_EigVec3 = -3.5502035586E-13  7.0710670914E-01  7.0710685323E-01
</CP of DelSqRho>
<CP of DelSqRho>
CP# = 30      
Type = (2,-2)
Coords =  1.14284254406230E+00 -1.06452162210107E+00 -1.06452139892634E+00
DistFromNuc =  1.8780351647E+00
Rho =  8.3284134096E-02
DelSqRho =  1.4799834267E-01
GradDelSqRho =  2.1727411537E-16  6.1617377867E-15  5.8772431366E-15
HessDelSqRho_EigVals = -1.0452171651E+00 -2.1826243302E-01  5.4520855487E-09
HessDelSqRho_EigVec1 = -2.1285654087E-02 -7.0694664950E-01 -7.0694650129E-01
HessDelSqRho_EigVec2 = -9.9977343480E-01  1.5051231925E-02  1.5051228769E-02
HessDelSqRho_EigVec3 = -3.5859129672E-13 -7.0710670706E-01  7.0710685531E-01
</CP of DelSqRho>
<CP of DelSqRho>
CP# = 31      
Type = (2,-2)
Coords =  1.14284259869057E+00 -4.63770311886993E-03  1.50545361098407E+00
DistFromNuc =  1.8780351295E+00
Rho =  8.3284134491E-02
DelSqRho =  1.4799834421E-01
GradDelSqRho =  8.2418013386E-14  2.5314805807E-11 -9.0794316510E-12
HessDelSqRho_EigVals = -1.0452171785E+00 -2.1826242966E-01 -5.4577640866E-09
HessDelSqRho_EigVec1 = -2.1285644289E-02 -3.0798891520E-03  9.9976869106E-01
HessDelSqRho_EigVec2 =  9.9977343501E-01 -6.5573174513E-05  2.1285543286E-02
HessDelSqRho_EigVec3 =  8.9299266142E-10  9.9999525498E-01  3.0805871242E-03
</CP of DelSqRho>
<CP of DelSqRho>
CP# = 32      
Type = (2,-2)
Coords =  1.14284259869057E+00  4.63610139738601E-03  1.50545361591762E+00
DistFromNuc =  1.8780351295E+00
Rho =  8.3284134491E-02
DelSqRho =  1.4799834421E-01
GradDelSqRho =  8.4789814059E-14 -2.5302274165E-11 -9.2165511334E-12
HessDelSqRho_EigVals = -1.0452171785E+00 -2.1826242966E-01 -5.4578554951E-09
HessDelSqRho_EigVec1 = -2.1285644289E-02  3.0788254520E-03  9.9976869434E-01
HessDelSqRho_EigVec2 =  9.9977343501E-01  6.5550527520E-05  2.1285543355E-02
HessDelSqRho_EigVec3 = -8.9266946829E-10  9.9999525826E-01 -3.0795231832E-03
</CP of DelSqRho>
<CP of DelSqRho>
CP# = 33      
Type = (2,-2)
Coords =  1.14284259869059E+00 -4.63603321615441E-03 -1.50545361612759E+00
DistFromNuc =  1.8780351295E+00
Rho =  8.3284134491E-02
DelSqRho =  1.4799834421E-01
GradDelSqRho =  8.4844457848E-14  2.5301837014E-11  9.2215332592E-12
HessDelSqRho_EigVals = -1.0452171785E+00 -2.1826242966E-01 -5.4578605311E-09
HessDelSqRho_EigVec1 =  2.1285644289E-02  3.0787801730E-03  9.9976869448E-01
HessDelSqRho_EigVec2 =  9.9977343501E-01 -6.5549563507E-05 -2.1285543358E-02
HessDelSqRho_EigVec3 =  8.9266769031E-10  9.9999525840E-01 -3.0794778939E-03
</CP of DelSqRho>
<CP of DelSqRho>
CP# = 34      
Type = (2,-2)
Coords =  1.14284259869059E+00  4.63776907596547E-03 -1.50545361078088E+00
DistFromNuc =  1.8780351295E+00
Rho =  8.3284134491E-02
DelSqRho =  1.4799834421E-01
GradDelSqRho =  8.2254082018E-14 -2.5315236019E-11  9.0736931857E-12
HessDelSqRho_EigVals = -1.0452171785E+00 -2.1826242966E-01 -5.4577623094E-09
HessDelSqRho_EigVec1 =  2.1285644289E-02 -3.0799329539E-03  9.9976869093E-01
HessDelSqRho_EigVec2 =  9.9977343501E-01  6.5574107079E-05 -2.1285543283E-02
HessDelSqRho_EigVec3 = -8.9299447235E-10  9.9999525485E-01  3.0806309361E-03
</CP of DelSqRho>
<CP of DelSqRho>
CP# = 35      
Type = (2,-2)
Coords =  1.14284259869002E+00  1.50545361019438E+00 -4.63795944812428E-03
DistFromNuc =  1.8780351295E+00
Rho =  8.3284134491E-02
DelSqRho =  1.4799834421E-01
GradDelSqRho =  8.1805655999E-14 -9.0579210799E-12  2.5316630736E-11
HessDelSqRho_EigVals = -1.0452171785E+00 -2.1826242966E-01 -5.4577484120E-09
HessDelSqRho_EigVec1 = -2.1285644289E-02  9.9976869054E-01 -3.0800593797E-03
HessDelSqRho_EigVec2 =  9.9977343501E-01  2.1285543275E-02 -6.5576798792E-05
HessDelSqRho_EigVec3 =  8.9304313202E-10  3.0807573905E-03  9.9999525446E-01
</CP of DelSqRho>
<CP of DelSqRho>
CP# = 36      
Type = (2,-2)
Coords =  1.14284259869000E+00 -1.50545361475107E+00 -4.63648017232071E-03
DistFromNuc =  1.8780351295E+00
Rho =  8.3284134491E-02
DelSqRho =  1.4799834421E-01
GradDelSqRho =  8.4149701096E-14  9.1837093485E-12  2.5305119111E-11
HessDelSqRho_EigVals = -1.0452171785E+00 -2.1826242966E-01 -5.4578327211E-09
HessDelSqRho_EigVec1 =  2.1285644289E-02  9.9976869356E-01  3.0790769957E-03
HessDelSqRho_EigVec2 =  9.9977343501E-01 -2.1285543339E-02 -6.5555883069E-05
HessDelSqRho_EigVec3 =  8.9273528755E-10 -3.0797747838E-03  9.9999525748E-01
</CP of DelSqRho>
<CP of DelSqRho>
CP# = 37      
Type = (2,-2)
Coords =  1.14284259869002E+00  1.50545361655052E+00  4.63589588011084E-03
DistFromNuc =  1.8780351295E+00
Rho =  8.3284134491E-02
DelSqRho =  1.4799834421E-01
GradDelSqRho =  8.5116809434E-14 -9.2346408298E-12 -2.5300671280E-11
HessDelSqRho_EigVals = -1.0452171785E+00 -2.1826242966E-01 -5.4578661737E-09
HessDelSqRho_EigVec1 = -2.1285644289E-02  9.9976869476E-01  3.0786889684E-03
HessDelSqRho_EigVec2 =  9.9977343501E-01  2.1285543365E-02  6.5547621672E-05
HessDelSqRho_EigVec3 = -8.9261994925E-10 -3.0793866686E-03  9.9999525868E-01
</CP of DelSqRho>
<CP of DelSqRho>
CP# = 38      
Type = (2,-2)
Coords =  1.14284259869000E+00 -1.50545361197198E+00  4.63738242713331E-03
DistFromNuc =  1.8780351295E+00
Rho =  8.3284134491E-02
DelSqRho =  1.4799834421E-01
GradDelSqRho =  8.2601026713E-14  9.1073537600E-12 -2.5312238416E-11
HessDelSqRho_EigVals = -1.0452171785E+00 -2.1826242966E-01 -5.4577817994E-09
HessDelSqRho_EigVec1 =  2.1285644289E-02  9.9976869172E-01 -3.0796761812E-03
HessDelSqRho_EigVec2 =  9.9977343501E-01 -2.1285543300E-02  6.5568640203E-05
HessDelSqRho_EigVec3 = -8.9292899933E-10  3.0803741052E-03  9.9999525564E-01
</CP of DelSqRho>
<CP of DelSqRho>
CP# = 39      
Type = (2,-2)
Coords =  1.14284259869185E+00  1.50546074753916E+00  1.43866979105505E-04
DistFromNuc =  1.8780351295E+00
Rho =  8.3284134493E-02
DelSqRho =  1.4799834421E-01
GradDelSqRho = -7.5750603706E-14  3.3196501104E-12 -7.8133333137E-13
HessDelSqRho_EigVals = -1.0452171786E+00 -2.1826242966E-01 -5.4498887844E-09
HessDelSqRho_EigVec1 = -2.1285644289E-02  9.9977343044E-01  9.5541766471E-05
HessDelSqRho_EigVec2 =  9.9977343501E-01  2.1285644192E-02  2.0341566137E-06
HessDelSqRho_EigVec3 = -2.7689188576E-11 -9.5563418385E-05  9.9999999543E-01
</CP of DelSqRho>
<CP of DelSqRho>
CP# = 40      
Type = (2,-2)
Coords =  1.14284259869183E+00 -1.50546074759790E+00  1.43250898145654E-04
DistFromNuc =  1.8780351295E+00
Rho =  8.3284134493E-02
DelSqRho =  1.4799834421E-01
GradDelSqRho = -7.5829099944E-14 -3.3199554217E-12 -7.8195783182E-13
HessDelSqRho_EigVals = -1.0452171786E+00 -2.1826242966E-01 -5.4498884717E-09
HessDelSqRho_EigVec1 =  2.1285644289E-02  9.9977343048E-01 -9.5132628344E-05
HessDelSqRho_EigVec2 =  9.9977343501E-01 -2.1285644193E-02  2.0254457756E-06
HessDelSqRho_EigVec3 = -2.7593308055E-11  9.5154187539E-05  9.9999999547E-01
</CP of DelSqRho>
<CP of DelSqRho>
CP# = 41      
Type = (2,-2)
Coords =  1.14284259869185E+00  1.50546074762176E+00 -1.42999999900897E-04
DistFromNuc =  1.8780351295E+00
Rho =  8.3284134493E-02
DelSqRho =  1.4799834421E-01
GradDelSqRho = -7.5732389110E-14  3.3197888882E-12  7.8204109855E-13
HessDelSqRho_EigVals = -1.0452171786E+00 -2.1826242966E-01 -5.4498884692E-09
HessDelSqRho_EigVec1 = -2.1285644289E-02  9.9977343050E-01 -9.4966007326E-05
HessDelSqRho_EigVec2 =  9.9977343501E-01  2.1285644193E-02 -2.0218982908E-06
HessDelSqRho_EigVec3 =  2.7547968350E-11  9.4987528761E-05  9.9999999549E-01
</CP of DelSqRho>
<CP of DelSqRho>
CP# = 42      
Type = (2,-2)
Coords =  1.14284259869183E+00 -1.50546074756162E+00 -1.43631666926488E-04
DistFromNuc =  1.8780351295E+00
Rho =  8.3284134493E-02
DelSqRho =  1.4799834421E-01
GradDelSqRho = -7.5853819753E-14 -3.3197611327E-12  7.8167333717E-13
HessDelSqRho_EigVals = -1.0452171786E+00 -2.1826242966E-01 -5.4498890649E-09
HessDelSqRho_EigVec1 =  2.1285644289E-02  9.9977343046E-01  9.5385496127E-05
HessDelSqRho_EigVec2 =  9.9977343501E-01 -2.1285644192E-02 -2.0308295024E-06
HessDelSqRho_EigVec3 =  2.7646700928E-11 -9.5407112627E-05  9.9999999545E-01
</CP of DelSqRho>
<CP of DelSqRho>
CP# = 43      
Type = (2,-2)
Coords =  1.14284259869241E+00  1.43780180350808E-04  1.50546074754745E+00
DistFromNuc =  1.8780351295E+00
Rho =  8.3284134493E-02
DelSqRho =  1.4799834421E-01
GradDelSqRho = -7.5956602119E-14 -7.8147904814E-13  3.3198582772E-12
HessDelSqRho_EigVals = -1.0452171786E+00 -2.1826242966E-01 -5.4498898175E-09
HessDelSqRho_EigVec1 = -2.1285644289E-02  9.5484123590E-05  9.9977343045E-01
HessDelSqRho_EigVec2 =  9.9977343501E-01  2.0329293561E-06  2.1285644192E-02
HessDelSqRho_EigVec3 = -2.7675535355E-11  9.9999999544E-01 -9.5505762441E-05
</CP of DelSqRho>
<CP of DelSqRho>
CP# = 44      
Type = (2,-2)
Coords =  1.14284259869241E+00 -1.43088062009878E-04  1.50546074761339E+00
DistFromNuc =  1.8780351295E+00
Rho =  8.3284134493E-02
DelSqRho =  1.4799834421E-01
GradDelSqRho = -7.5725016535E-14  7.8187456509E-13  3.3196431715E-12
HessDelSqRho_EigVals = -1.0452171786E+00 -2.1826242966E-01 -5.4498896149E-09
HessDelSqRho_EigVec1 = -2.1285644289E-02 -9.5024489198E-05  9.9977343049E-01
HessDelSqRho_EigVec2 =  9.9977343501E-01 -2.0231434061E-06  2.1285644193E-02
HessDelSqRho_EigVec3 =  2.7556892501E-11  9.9999999548E-01  9.5046023886E-05
</CP of DelSqRho>
<CP of DelSqRho>
CP# = 45      
Type = (2,-2)
Coords =  1.14284259869242E+00  1.43045413908588E-04 -1.50546074761745E+00
DistFromNuc =  1.8780351295E+00
Rho =  8.3284134493E-02
DelSqRho =  1.4799834421E-01
GradDelSqRho = -7.5639147723E-14 -7.8170803164E-13 -3.3203370609E-12
HessDelSqRho_EigVals = -1.0452171786E+00 -2.1826242966E-01 -5.4498913074E-09
HessDelSqRho_EigVec1 =  2.1285644289E-02 -9.4996166676E-05  9.9977343049E-01
HessDelSqRho_EigVec2 =  9.9977343501E-01  2.0225403872E-06 -2.1285644193E-02
HessDelSqRho_EigVec3 = -2.7537667062E-11  9.9999999549E-01  9.5017694945E-05
</CP of DelSqRho>
<CP of DelSqRho>
CP# = 46      
Type = (2,-2)
Coords =  1.14284259869242E+00 -1.43796818837621E-04 -1.50546074754586E+00
DistFromNuc =  1.8780351295E+00
Rho =  8.3284134493E-02
DelSqRho =  1.4799834421E-01
GradDelSqRho = -7.5821727369E-14  7.8148598703E-13 -3.3200595051E-12
HessDelSqRho_EigVals = -1.0452171786E+00 -2.1826242966E-01 -5.4498914585E-09
HessDelSqRho_EigVec1 =  2.1285644289E-02  9.5495173180E-05  9.9977343045E-01
HessDelSqRho_EigVec2 =  9.9977343501E-01 -2.0331646212E-06 -2.1285644192E-02
HessDelSqRho_EigVec3 =  2.7689697402E-11  9.9999999544E-01 -9.5516814536E-05
</CP of DelSqRho>
<CP of DelSqRho>
CP# = 47      
Type = (2,-2)
Coords =  1.14284254406244E+00  1.06415236707631E+00  1.06489052597969E+00
DistFromNuc =  1.8780351647E+00
Rho =  8.3284134097E-02
DelSqRho =  1.4799834267E-01
GradDelSqRho = -1.2324299567E-13  2.2445656445E-12  6.2730792783E-12
HessDelSqRho_EigVals = -1.0452171651E+00 -2.1826243302E-01  5.4560857781E-09
HessDelSqRho_EigVec1 = -2.1285654088E-02  7.0670142798E-01  7.0719163783E-01
HessDelSqRho_EigVec2 = -9.9977343480E-01 -1.5046011113E-02 -1.5056447772E-02
HessDelSqRho_EigVec3 = -1.0086622691E-10  7.0735189915E-01 -7.0686157822E-01
</CP of DelSqRho>
<CP of DelSqRho>
CP# = 48      
Type = (2,-2)
Coords =  1.14284254406242E+00 -1.06414787000070E+00  1.06489501991899E+00
DistFromNuc =  1.8780351647E+00
Rho =  8.3284134097E-02
DelSqRho =  1.4799834267E-01
GradDelSqRho = -1.2408216815E-13 -2.2557233859E-12  6.3327121325E-12
HessDelSqRho_EigVals = -1.0452171651E+00 -2.1826243302E-01  5.4561241331E-09
HessDelSqRho_EigVec1 = -2.1285654087E-02 -7.0669844149E-01  7.0719462224E-01
HessDelSqRho_EigVec2 =  9.9977343480E-01 -1.5045947530E-02  1.5056511311E-02
HessDelSqRho_EigVec3 = -1.0211438592E-10 -7.0735488424E-01 -7.0685859105E-01
</CP of DelSqRho>
<CP of DelSqRho>
CP# = 49      
Type = (2,-2)
Coords =  1.14284254406243E+00  1.06415068153449E+00 -1.06489221035046E+00
DistFromNuc =  1.8780351647E+00
Rho =  8.3284134097E-02
DelSqRho =  1.4799834267E-01
GradDelSqRho = -1.2344118783E-13  2.2481738693E-12 -6.2954919056E-12
HessDelSqRho_EigVals = -1.0452171651E+00 -2.1826243302E-01  5.4561041075E-09
HessDelSqRho_EigVec1 =  2.1285654088E-02 -7.0670030862E-01  7.0719275642E-01
HessDelSqRho_EigVec2 = -9.9977343480E-01 -1.5045987282E-02  1.5056471587E-02
HessDelSqRho_EigVec3 = -1.0134648670E-10  7.0735301799E-01  7.0686045860E-01
</CP of DelSqRho>
<CP of DelSqRho>
CP# = 50      
Type = (2,-2)
Coords =  1.14284254406243E+00 -1.06415152595688E+00 -1.06489136651539E+00
DistFromNuc =  1.8780351647E+00
Rho =  8.3284134097E-02
DelSqRho =  1.4799834267E-01
GradDelSqRho = -1.2328549640E-13 -2.2464113902E-12 -6.2846672311E-12
HessDelSqRho_EigVals = -1.0452171651E+00 -2.1826243302E-01  5.4560935123E-09
HessDelSqRho_EigVec1 =  2.1285654088E-02  7.0670086940E-01  7.0719219603E-01
HessDelSqRho_EigVec2 =  9.9977343480E-01 -1.5045999221E-02 -1.5056459656E-02
HessDelSqRho_EigVec3 = -1.0112294965E-10 -7.0735245748E-01  7.0686101951E-01
</CP of DelSqRho>
<CP of DelSqRho>
CP# = 51      
Type = (2,-2)
Coords =  1.14284254406244E+00  1.06489751221275E+00  1.06414537595118E+00
DistFromNuc =  1.8780351647E+00
Rho =  8.3284134097E-02
DelSqRho =  1.4799834267E-01
GradDelSqRho = -1.2466460156E-13  6.3648392112E-12  2.2619822682E-12
HessDelSqRho_EigVals = -1.0452171651E+00 -2.1826243302E-01  5.4561362839E-09
HessDelSqRho_EigVec1 =  2.1285654088E-02 -7.0719627737E-01 -7.0669678519E-01
HessDelSqRho_EigVec2 =  9.9977343480E-01  1.5056546549E-02  1.5045912267E-02
HessDelSqRho_EigVec3 =  1.0204566231E-10  7.0685693438E-01 -7.0735653975E-01
</CP of DelSqRho>
<CP of DelSqRho>
CP# = 52      
Type = (2,-2)
Coords =  1.14284254406242E+00 -1.06489719966136E+00  1.06414568872341E+00
DistFromNuc =  1.8780351647E+00
Rho =  8.3284134097E-02
DelSqRho =  1.4799834267E-01
GradDelSqRho = -1.2470753596E-13 -6.3611060863E-12  2.2611912343E-12
HessDelSqRho_EigVals = -1.0452171651E+00 -2.1826243302E-01  5.4561394571E-09
HessDelSqRho_EigVec1 =  2.1285654087E-02  7.0719606981E-01 -7.0669699290E-01
HessDelSqRho_EigVec2 = -9.9977343480E-01  1.5056542130E-02 -1.5045916689E-02
HessDelSqRho_EigVec3 =  1.0193625337E-10 -7.0685714214E-01 -7.0735633214E-01
</CP of DelSqRho>
<CP of DelSqRho>
CP# = 53      
Type = (2,-2)
Coords =  1.14284254406244E+00  1.06489909513811E+00 -1.06414379190466E+00
DistFromNuc =  1.8780351647E+00
Rho =  8.3284134097E-02
DelSqRho =  1.4799834267E-01
GradDelSqRho = -1.2515249254E-13  6.3855587484E-12 -2.2659374377E-12
HessDelSqRho_EigVals = -1.0452171651E+00 -2.1826243302E-01  5.4561546105E-09
HessDelSqRho_EigVec1 = -2.1285654088E-02  7.0719732859E-01 -7.0669573323E-01
HessDelSqRho_EigVec2 =  9.9977343480E-01  1.5056568930E-02 -1.5045889870E-02
HessDelSqRho_EigVec3 =  1.0245489990E-10  7.0685588218E-01  7.0735759120E-01
</CP of DelSqRho>
<CP of DelSqRho>
CP# = 54      
Type = (2,-2)
Coords =  1.14284254406243E+00 -1.06490027356397E+00 -1.06414261264102E+00
DistFromNuc =  1.8780351647E+00
Rho =  8.3284134097E-02
DelSqRho =  1.4799834267E-01
GradDelSqRho = -1.2547645215E-13 -6.4019484158E-12 -2.2695456625E-12
HessDelSqRho_EigVals = -1.0452171651E+00 -2.1826243302E-01  5.4561586791E-09
HessDelSqRho_EigVec1 = -2.1285654088E-02 -7.0719811118E-01 -7.0669495008E-01
HessDelSqRho_EigVec2 = -9.9977343480E-01  1.5056585592E-02  1.5045873197E-02
HessDelSqRho_EigVec3 =  1.0277067508E-10 -7.0685509885E-01  7.0735837397E-01
</CP of DelSqRho>
<CP of DelSqRho>
CP# = 55      
Type = (2,-2)
Coords =  1.14284259869259E+00 -2.56375173995739E-04  1.50546073256651E+00
DistFromNuc =  1.8780351295E+00
Rho =  8.3284134495E-02
DelSqRho =  1.4799834421E-01
GradDelSqRho = -4.1526504457E-13  1.3963205592E-12  2.1009687046E-11
HessDelSqRho_EigVals = -1.0452171786E+00 -2.1826242967E-01 -5.4381384902E-09
HessDelSqRho_EigVec1 = -2.1285644289E-02 -1.7025822847E-04  9.9977342051E-01
HessDelSqRho_EigVec2 =  9.9977343501E-01 -3.6249267421E-06  2.1285643980E-02
HessDelSqRho_EigVec3 =  4.9372084654E-11  9.9999998550E-01  1.7029681282E-04
</CP of DelSqRho>
<CP of DelSqRho>
CP# = 56      
Type = (2,-2)
Coords =  1.14284259869259E+00  2.57123350297801E-04  1.50546073243890E+00
DistFromNuc =  1.8780351295E+00
Rho =  8.3284134495E-02
DelSqRho =  1.4799834421E-01
GradDelSqRho = -4.1515575699E-13 -1.3961748424E-12  2.1012247498E-11
HessDelSqRho_EigVals = -1.0452171786E+00 -2.1826242967E-01 -5.4381364032E-09
HessDelSqRho_EigVec1 = -2.1285644289E-02  1.7075509084E-04  9.9977342043E-01
HessDelSqRho_EigVec2 =  9.9977343501E-01  3.6355053040E-06  2.1285643978E-02
HessDelSqRho_EigVec3 = -4.9501607154E-11  9.9999998541E-01 -1.7079378779E-04
</CP of DelSqRho>
<CP of DelSqRho>
CP# = 57      
Type = (2,-2)
Coords =  1.14284259869261E+00 -2.57149818167278E-04 -1.50546073243438E+00
DistFromNuc =  1.8780351295E+00
Rho =  8.3284134495E-02
DelSqRho =  1.4799834421E-01
GradDelSqRho = -4.1529887168E-13  1.3961887202E-12 -2.1012226681E-11
HessDelSqRho_EigVals = -1.0452171786E+00 -2.1826242967E-01 -5.4381388868E-09
HessDelSqRho_EigVec1 =  2.1285644289E-02  1.7077266810E-04  9.9977342042E-01
HessDelSqRho_EigVec2 =  9.9977343501E-01 -3.6358795484E-06 -2.1285643978E-02
HessDelSqRho_EigVec3 =  4.9517904973E-11  9.9999998541E-01 -1.7081136903E-04
</CP of DelSqRho>
<CP of DelSqRho>
CP# = 58      
Type = (2,-2)
Coords =  1.14284259869261E+00  2.56356701144479E-04 -1.50546073256965E+00
DistFromNuc =  1.8780351295E+00
Rho =  8.3284134495E-02
DelSqRho =  1.4799834421E-01
GradDelSqRho = -4.1530407585E-13 -1.3963274981E-12 -2.1010262974E-11
HessDelSqRho_EigVals = -1.0452171786E+00 -2.1826242967E-01 -5.4381403716E-09
HessDelSqRho_EigVec1 =  2.1285644289E-02 -1.7024596068E-04  9.9977342051E-01
HessDelSqRho_EigVec2 =  9.9977343501E-01  3.6246655406E-06 -2.1285643980E-02
HessDelSqRho_EigVec3 = -4.9357511547E-11  9.9999998550E-01  1.7028454225E-04
</CP of DelSqRho>
<CP of DelSqRho>
CP# = 59      
Type = (2,-2)
Coords =  1.14284259869204E+00  1.50546073258216E+00 -2.56283210194719E-04
DistFromNuc =  1.8780351295E+00
Rho =  8.3284134495E-02
DelSqRho =  1.4799834421E-01
GradDelSqRho = -4.1517570631E-13  2.1009860518E-11  1.3963205592E-12
HessDelSqRho_EigVals = -1.0452171786E+00 -2.1826242967E-01 -5.4381371033E-09
HessDelSqRho_EigVec1 = -2.1285644289E-02  9.9977342052E-01 -1.7019715549E-04
HessDelSqRho_EigVec2 =  9.9977343501E-01  2.1285643981E-02 -3.6236264588E-06
HessDelSqRho_EigVec3 =  4.9361036932E-11  1.7023572600E-04  9.9999998551E-01
</CP of DelSqRho>
<CP of DelSqRho>
CP# = 60      
Type = (2,-2)
Coords =  1.14284259869201E+00 -1.50546073246834E+00 -2.56950861215516E-04
DistFromNuc =  1.8780351295E+00
Rho =  8.3284134495E-02
DelSqRho =  1.4799834421E-01
GradDelSqRho = -4.1516443061E-13 -2.1012330764E-11  1.3961817813E-12
HessDelSqRho_EigVals = -1.0452171786E+00 -2.1826242967E-01 -5.4381357550E-09
HessDelSqRho_EigVec1 =  2.1285644289E-02  9.9977342045E-01  1.7064054119E-04
HessDelSqRho_EigVec2 =  9.9977343501E-01 -2.1285643979E-02 -3.6330664534E-06
HessDelSqRho_EigVec3 =  4.9466630003E-11 -1.7067921218E-04  9.9999998543E-01
</CP of DelSqRho>
<CP of DelSqRho>
CP# = 61      
Type = (2,-2)
Coords =  1.14284259869204E+00  1.50546073242183E+00  2.57223291199391E-04
DistFromNuc =  1.8780351295E+00
Rho =  8.3284134495E-02
DelSqRho =  1.4799834421E-01
GradDelSqRho = -4.1526330985E-13  2.1012441787E-11 -1.3961748424E-12
HessDelSqRho_EigVals = -1.0452171786E+00 -2.1826242967E-01 -5.4381354087E-09
HessDelSqRho_EigVec1 = -2.1285644289E-02  9.9977342041E-01  1.7082146139E-04
HessDelSqRho_EigVec2 =  9.9977343501E-01  2.1285643978E-02  3.6369183788E-06
HessDelSqRho_EigVec3 = -4.9516195226E-11 -1.7086017338E-04  9.9999998540E-01
</CP of DelSqRho>
<CP of DelSqRho>
CP# = 62      
Type = (2,-2)
Coords =  1.14284259869201E+00 -1.50546073253779E+00  2.56543668619185E-04
DistFromNuc =  1.8780351295E+00
Rho =  8.3284134495E-02
DelSqRho =  1.4799834421E-01
GradDelSqRho = -4.1522124281E-13 -2.1010165829E-11 -1.3964038259E-12
HessDelSqRho_EigVals = -1.0452171786E+00 -2.1826242967E-01 -5.4381369768E-09
HessDelSqRho_EigVec1 =  2.1285644289E-02  9.9977342049E-01 -1.7037012541E-04
HessDelSqRho_EigVec2 =  9.9977343501E-01 -2.1285643980E-02  3.6273091161E-06
HessDelSqRho_EigVec3 = -4.9407900424E-11  1.7040873511E-04  9.9999998548E-01
</CP of DelSqRho>
<CP of DelSqRho>
CP# = 63      
Type = (2,-2)
Coords =  1.14284254406236E+00  1.06436732007075E+00  1.06467567862259E+00
DistFromNuc =  1.8780351647E+00
Rho =  8.3284134096E-02
DelSqRho =  1.4799834267E-01
GradDelSqRho = -5.4475954997E-14  1.0503958814E-12  2.7329805086E-12
HessDelSqRho_EigVals = -1.0452171651E+00 -2.1826243302E-01  5.4538655880E-09
HessDelSqRho_EigVec1 = -2.1285654087E-02  7.0684417783E-01  7.0704895813E-01
HessDelSqRho_EigVec2 = -9.9977343480E-01 -1.5049050284E-02 -1.5053410095E-02
HessDelSqRho_EigVec3 = -4.2346607144E-11  7.0720918712E-01 -7.0700436042E-01
</CP of DelSqRho>
<CP of DelSqRho>
CP# = 64      
Type = (2,-2)
Coords =  1.14284254406234E+00 -1.06436724606456E+00  1.06467575260735E+00
DistFromNuc =  1.8780351647E+00
Rho =  8.3284134096E-02
