 AIMInt (Version 19.10.12, Professional)
 Portions Copyright (c) 1997-2019 by Todd A. Keith
 AIMInt is a component of the AIMAll package ( http://aim.tkgristmill.com )

 TP:  64-bit Mac OS X

 AIMInt is a heavily modified and extended version of the PROAIMV program
 developed by members of R.F.W. Bader's research group

 Much of the Quantum Theory of Atoms in Molecules (QTAIM) is described in the book:
   "Atoms in Molecules - A Quantum Theory"
   R.F.W. Bader, Oxford University Press, Oxford, 1990

 For additional references see:  http://aim.tkgristmill.com/references.html

 Current Directory:  /Users/chemlab/Documents/SubstituentCoding/New Reorientation Test/notDone

 Inp File:  SubH_CCCl-ReorPosY-B3LYP-def2-TZVPPD-Field_atomicfiles/cl4.inp
 Wfx File:  SubH_CCCl-ReorPosY-B3LYP-def2-TZVPPD-Field.wfx
 Out File:  SubH_CCCl-ReorPosY-B3LYP-def2-TZVPPD-Field_atomicfiles/cl4.int

 Wfx Title:   SubH_CCCl-ReorPosY-B3LYP-def2-TZVPPD-Field.chk                                
 Job Title:   SubH_CCCl-ReorPosY-B3LYP-def2-TZVPPD-Field.chk                                
 
<Atom>
Cl4     
</Atom>
<Nuclei of Molecule>
     4
C1         6.0           0.0000000000E+00   0.0000000000E+00   0.0000000000E+00
H2         1.0          -2.0053954702E+00   0.0000000000E+00   0.0000000000E+00
C3         6.0           2.2656087652E+00   0.0000000000E+00   0.0000000000E+00
Cl4       17.0           5.3573449952E+00   0.0000000000E+00   0.0000000000E+00
</Nuclei of Molecule>
<Total Number of CPs of DelSqRho>
    53
</Total Number of CPs of DelSqRho>
<Number of (3,+3) CPs of DelSqRho>
     8
</Number of (3,+3) CPs of DelSqRho>
<Number of (3,+1) CPs of DelSqRho>
    18
</Number of (3,+1) CPs of DelSqRho>
<Number of (3,-1) CPs of DelSqRho>
    18
</Number of (3,-1) CPs of DelSqRho>
<Number of (3,-3) CPs of DelSqRho>
     9
</Number of (3,-3) CPs of DelSqRho>
<Number of Degenerate CPs of DelSqRho>
     0
</Number of Degenerate CPs of DelSqRho>
<CP of DelSqRho>
CP# = 1       
Type = (3,+3)
Coords =  5.35734493730363E+00  3.80693163810139E-20 -3.30346851892149E-20
DistFromNuc =  5.7903365658E-08
Rho =  3.1030373968E+03
DelSqRho = -1.5746094143E+08
GradDelSqRho = -3.6027356982E-03  3.6425233116E-16 -3.1713824106E-16
HessDelSqRho_EigVals =  2.8378756858E+13  2.8378756858E+13  2.8378759642E+13
HessDelSqRho_EigVec1 = -7.9044481399E-14  3.0040740953E-05  9.9999999955E-01
HessDelSqRho_EigVec2 = -3.1982293139E-14  9.9999999955E-01 -3.0040740953E-05
HessDelSqRho_EigVec3 =  1.0000000000E+00  3.1984667680E-14  7.9043520592E-14
</CP of DelSqRho>
<CP of DelSqRho>
CP# = 2       
Type = (3,+1)
Coords =  3.66563142707833E+00  3.85594811707871E-15 -1.49504709733638E-14
DistFromNuc =  1.6917135681E+00
Rho =  2.4906670040E-01
DelSqRho = -4.8406834673E-01
GradDelSqRho =  9.7144514655E-17 -2.8398992588E-29 -6.3582188961E-28
HessDelSqRho_EigVals = -4.0843910284E+00  2.9515246276E+00  2.9515246276E+00
HessDelSqRho_EigVec1 =  1.0000000000E+00  0.0000000000E+00  1.8924798558E-15
HessDelSqRho_EigVec2 =  0.0000000000E+00  1.0000000000E+00  0.0000000000E+00
HessDelSqRho_EigVec3 = -1.8924798558E-15  0.0000000000E+00  1.0000000000E+00
</CP of DelSqRho>
<CP of DelSqRho>
CP# = 3       
Type = (3,-1)
Coords =  5.61618102474400E+00 -5.45692807989200E-15 -2.98353745537307E-14
DistFromNuc =  2.5883602954E-01
Rho =  2.1604111272E+01
DelSqRho = -5.2629021018E+02
GradDelSqRho =  5.0931703299E-11  4.1359030628E-25 -5.3766739816E-24
HessDelSqRho_EigVals = -4.9806729300E+02 -4.9806729300E+02  3.4778661917E+05
HessDelSqRho_EigVec1 =  6.7557391006E-14 -7.0710678119E-01  7.0710678119E-01
HessDelSqRho_EigVec2 =  9.7177539545E-14  7.0710678119E-01  7.0710678119E-01
HessDelSqRho_EigVec3 =  1.0000000000E+00 -2.0944607892E-14 -1.1648518649E-13
</CP of DelSqRho>
<CP of DelSqRho>
CP# = 4       
Type = (3,+3)
Coords =  5.41359749824625E+00  4.37510248288927E-07 -2.51150408075888E-01
DistFromNuc =  2.5737302029E-01
Rho =  2.1927239441E+01
DelSqRho = -5.4182959157E+02
GradDelSqRho =  2.0463630790E-11 -4.5474735089E-13 -5.8207660913E-11
HessDelSqRho_EigVals =  3.8121838232E-05  9.5403665985E+02  3.6094625466E+05
HessDelSqRho_EigVec1 =  7.1028757271E-14  1.0000000000E+00  1.7420248516E-06
HessDelSqRho_EigVec2 =  9.7589683420E-01 -3.8016628798E-07  2.1823237385E-01
HessDelSqRho_EigVec3 = -2.1823237385E-01 -1.7000365223E-06  9.7589683420E-01
</CP of DelSqRho>
<CP of DelSqRho>
CP# = 5       
Type = (3,+3)
Coords =  5.41359749824625E+00  2.51150408076044E-01 -3.36538538180128E-07
DistFromNuc =  2.5737302029E-01
Rho =  2.1927239441E+01
DelSqRho = -5.4182959157E+02
GradDelSqRho =  7.2759576142E-12  3.2741809264E-11  1.3642420527E-12
HessDelSqRho_EigVals =  3.8121873028E-05  9.5403665985E+02  3.6094625466E+05
HessDelSqRho_EigVec1 = -1.6668521571E-14  1.3399880242E-06  1.0000000000E+00
HessDelSqRho_EigVec2 =  9.7589683420E-01 -2.1823237385E-01  2.9242878373E-07
HessDelSqRho_EigVec3 =  2.1823237385E-01  9.7589683420E-01 -1.3076900671E-06
</CP of DelSqRho>
<CP of DelSqRho>
CP# = 6       
Type = (3,+1)
Coords =  4.89259109144890E+00  6.47111111514996E-14  8.92526383904972E-14
DistFromNuc =  4.6475390376E-01
Rho =  5.1605865493E+00
DelSqRho =  1.2513608143E+02
GradDelSqRho = -5.6843418861E-12  1.2120216960E-12  1.2120217050E-12
HessDelSqRho_EigVals = -1.5433141955E+04  3.8773035645E+01  3.8773035645E+01
HessDelSqRho_EigVec1 =  1.0000000000E+00 -1.3888484289E-13 -1.8934885369E-13
HessDelSqRho_EigVec2 =  9.7667280034E-14  9.7928506915E-01 -2.0248642753E-01
HessDelSqRho_EigVec3 =  2.1354880095E-13  2.0248642753E-01  9.7928506915E-01
</CP of DelSqRho>
<CP of DelSqRho>
CP# = 7       
Type = (3,+1)
Coords =  5.41359749931278E+00  1.77589929198890E-01  1.77590383756961E-01
DistFromNuc =  2.5737302029E-01
Rho =  2.1927239440E+01
DelSqRho = -5.4182959126E+02
GradDelSqRho =  2.2737367544E-12  2.0463630790E-11  1.9099388737E-11
HessDelSqRho_EigVals = -3.8121643649E-05  9.5403663845E+02  3.6094625470E+05
HessDelSqRho_EigVec1 = -3.0105012717E-14 -7.0710768614E-01  7.0710587623E-01
HessDelSqRho_EigVec2 =  9.7589683329E-01 -1.5431339681E-01 -1.5431379179E-01
HessDelSqRho_EigVec3 =  2.1823237792E-01  6.9006238542E-01  6.9006415170E-01
</CP of DelSqRho>
<CP of DelSqRho>
CP# = 8       
Type = (3,+1)
Coords =  5.41359749931277E+00  1.77589973488825E-01 -1.77590339467130E-01
DistFromNuc =  2.5737302029E-01
Rho =  2.1927239440E+01
DelSqRho = -5.4182959126E+02
GradDelSqRho =  1.4779288904E-11  2.7284841053E-11 -3.1377567211E-11
HessDelSqRho_EigVals = -3.8121458667E-05  9.5403663845E+02  3.6094625470E+05
HessDelSqRho_EigVec1 =  1.5935909011E-14  7.0710750979E-01  7.0710605258E-01
HessDelSqRho_EigVec2 =  9.7589683329E-01 -1.5431343529E-01  1.5431375330E-01
HessDelSqRho_EigVec3 =  2.1823237792E-01  6.9006255752E-01 -6.9006397960E-01
</CP of DelSqRho>
<CP of DelSqRho>
CP# = 9       
Type = (3,+1)
Coords =  5.41359749931277E+00 -1.77590022056894E-01 -1.77590290899149E-01
DistFromNuc =  2.5737302029E-01
Rho =  2.1927239440E+01
DelSqRho = -5.4182959126E+02
GradDelSqRho = -4.5474735089E-12  1.4097167877E-11  1.6370904632E-11
HessDelSqRho_EigVals = -3.8121999537E-05  9.5403663845E+02  3.6094625470E+05
HessDelSqRho_EigVec1 = -1.5300246169E-14 -7.0710731641E-01  7.0710624596E-01
HessDelSqRho_EigVec2 =  9.7589683329E-01  1.5431347750E-01  1.5431371110E-01
HessDelSqRho_EigVec3 = -2.1823237792E-01  6.9006274624E-01  6.9006379088E-01
</CP of DelSqRho>
<CP of DelSqRho>
CP# = 10      
Type = (3,+1)
Coords =  5.82301611989147E+00 -2.39428576026920E-14  3.05432483495331E-14
DistFromNuc =  4.6567112468E-01
Rho =  5.1460989796E+00
DelSqRho =  1.2910033909E+02
GradDelSqRho = -1.5631940187E-12  2.8434333557E-25 -2.6495628996E-25
HessDelSqRho_EigVals = -1.5849757336E+04  6.0297944719E+01  6.0297944719E+01
HessDelSqRho_EigVec1 =  1.0000000000E+00 -5.0699957218E-14  6.4800940560E-14
HessDelSqRho_EigVec2 = -8.2268248038E-14 -6.0408873029E-01  7.9691706340E-01
HessDelSqRho_EigVec3 =  1.2581431165E-15  7.9691706340E-01  6.0408873029E-01
</CP of DelSqRho>
<CP of DelSqRho>
CP# = 11      
Type = (3,-1)
Coords =  5.50567191138875E+00  4.39360808506273E-01 -2.45041079175067E-07
DistFromNuc =  4.6372275566E-01
Rho =  5.2174008220E+00
DelSqRho =  1.3324368036E+02
GradDelSqRho = -2.3305801733E-12 -7.7307049651E-12 -2.2026824809E-13
HessDelSqRho_EigVals = -1.6626545162E+04 -6.2992088931E+01  1.0585802093E-05
HessDelSqRho_EigVec1 =  3.1960632388E-01  9.4755041963E-01 -5.2846947846E-07
HessDelSqRho_EigVec2 =  9.4755041963E-01 -3.1960632388E-01  1.7825132341E-07
HessDelSqRho_EigVec3 =  7.0995799841E-14  5.5772172628E-07  1.0000000000E+00
</CP of DelSqRho>
<CP of DelSqRho>
CP# = 12      
Type = (3,-1)
Coords =  5.50567191138874E+00 -4.39360808506277E-01  2.44689950818079E-07
DistFromNuc =  4.6372275566E-01
Rho =  5.2174008220E+00
DelSqRho =  1.3324368036E+02
GradDelSqRho = -9.6633812063E-13  3.0695446185E-12 -1.5276668819E-13
HessDelSqRho_EigVals = -1.6626545162E+04 -6.2992088931E+01  1.0585816983E-05
HessDelSqRho_EigVec1 = -3.1960632388E-01  9.4755041963E-01 -5.2771221379E-07
HessDelSqRho_EigVec2 =  9.4755041963E-01  3.1960632388E-01 -1.7799586405E-07
HessDelSqRho_EigVec3 = -1.0504697486E-13  5.5692253340E-07  1.0000000000E+00
</CP of DelSqRho>
<CP of DelSqRho>
CP# = 13      
Type = (3,-1)
Coords =  5.50567191138870E+00 -3.18045599932060E-07  4.39360808506241E-01
DistFromNuc =  4.6372275566E-01
Rho =  5.2174008220E+00
DelSqRho =  1.3324368036E+02
GradDelSqRho = -9.4146912488E-13 -1.0658141036E-13 -1.6768808564E-12
HessDelSqRho_EigVals = -1.6626545162E+04 -6.2992088931E+01  1.0585809623E-05
HessDelSqRho_EigVec1 =  3.1960632388E-01 -6.8591516396E-07  9.4755041963E-01
HessDelSqRho_EigVec2 =  9.4755041963E-01  2.3135728556E-07 -3.1960632388E-01
HessDelSqRho_EigVec3 =  1.3103434242E-13  1.0000000000E+00  7.2388245298E-07
</CP of DelSqRho>
<CP of DelSqRho>
CP# = 14      
Type = (3,-1)
Coords =  5.50567191138874E+00  1.79878238895082E-07 -4.39360808506308E-01
DistFromNuc =  4.6372275566E-01
Rho =  5.2174008220E+00
DelSqRho =  1.3324368036E+02
GradDelSqRho = -4.6185277824E-14 -1.0658141036E-14 -2.4158453016E-13
HessDelSqRho_EigVals = -1.6626545162E+04 -6.2992088931E+01  1.0585820409E-05
HessDelSqRho_EigVec1 = -3.1960632388E-01 -3.8793560423E-07  9.4755041963E-01
HessDelSqRho_EigVec2 =  9.4755041963E-01 -1.3084961682E-07  3.1960632388E-01
HessDelSqRho_EigVec3 = -6.3047406689E-14  1.0000000000E+00  4.0940890959E-07
</CP of DelSqRho>
<CP of DelSqRho>
CP# = 15      
Type = (3,-3)
Coords =  5.50567190035115E+00  3.10674918455037E-01  3.10675100905746E-01
DistFromNuc =  4.6372275561E-01
Rho =  5.2174008227E+00
DelSqRho =  1.3324368062E+02
GradDelSqRho = -2.5295321393E-12 -6.1959326558E-12 -6.4801497501E-12
HessDelSqRho_EigVals = -1.6626545184E+04 -6.2992092475E+01 -1.0585856372E-05
HessDelSqRho_EigVec1 =  3.1960630024E-01  6.7001913613E-01  6.7001952961E-01
HessDelSqRho_EigVec2 =  9.4755042760E-01 -2.2599571585E-01 -2.2599584857E-01
HessDelSqRho_EigVec3 = -1.7330166201E-14 -7.0710698882E-01  7.0710657355E-01
</CP of DelSqRho>
<CP of DelSqRho>
CP# = 16      
Type = (3,-3)
Coords =  5.50567190035116E+00 -3.10674857275335E-01  3.10675162085398E-01
DistFromNuc =  4.6372275561E-01
Rho =  5.2174008227E+00
DelSqRho =  1.3324368062E+02
GradDelSqRho = -9.1482377229E-13  1.0302869669E-12 -9.6989083431E-13
HessDelSqRho_EigVals = -1.6626545184E+04 -6.2992092475E+01 -1.0585805673E-05
HessDelSqRho_EigVec1 = -3.1960630024E-01  6.7001900419E-01 -6.7001966156E-01
HessDelSqRho_EigVec2 =  9.4755042760E-01  2.2599567135E-01 -2.2599589308E-01
HessDelSqRho_EigVec3 =  1.6907844799E-14  7.0710712807E-01  7.0710643431E-01
</CP of DelSqRho>
<CP of DelSqRho>
CP# = 17      
Type = (3,-3)
Coords =  5.50567190035119E+00  3.10675002448177E-01 -3.10675016912615E-01
DistFromNuc =  4.6372275561E-01
Rho =  5.2174008227E+00
DelSqRho =  1.3324368062E+02
GradDelSqRho = -2.1982415888E-12 -2.6716406865E-12  2.7888802379E-12
HessDelSqRho_EigVals = -1.6626545184E+04 -6.2992092475E+01 -1.0585821095E-05
HessDelSqRho_EigVec1 =  3.1960630024E-01  6.7001931727E-01 -6.7001934847E-01
HessDelSqRho_EigVec2 =  9.4755042760E-01 -2.2599577695E-01  2.2599578747E-01
HessDelSqRho_EigVec3 = -1.5534372366E-15  7.0710679765E-01  7.0710676473E-01
</CP of DelSqRho>
<CP of DelSqRho>
CP# = 18      
Type = (3,-3)
Coords =  5.50567190035117E+00 -3.10674915834063E-01 -3.10675103526711E-01
DistFromNuc =  4.6372275561E-01
Rho =  5.2174008227E+00
DelSqRho =  1.3324368062E+02
GradDelSqRho =  6.5369931690E-13 -1.9326762413E-12 -1.0800249584E-12
HessDelSqRho_EigVals = -1.6626545184E+04 -6.2992092475E+01 -1.0585825543E-05
HessDelSqRho_EigVec1 = -3.1960630024E-01  6.7001913048E-01  6.7001953527E-01
HessDelSqRho_EigVec2 =  9.4755042760E-01  2.2599571394E-01  2.2599585048E-01
HessDelSqRho_EigVec3 = -1.9688877633E-14 -7.0710699478E-01  7.0710656759E-01
</CP of DelSqRho>
<CP of DelSqRho>
CP# = 19      
Type = (3,-1)
Coords =  6.58921448239856E+00  1.15516695582129E-14 -1.14821039088422E-14
DistFromNuc =  1.2318694872E+00
Rho =  1.9928732818E-01
DelSqRho = -1.9669447354E-01
GradDelSqRho = -2.8865798640E-15  1.2621774484E-28 -2.0510383536E-28
HessDelSqRho_EigVals = -1.1143874488E+00 -1.1143874488E+00  2.1547409027E+01
HessDelSqRho_EigVec1 =  1.1450041496E-14  1.3386281006E-01  9.9099987290E-01
HessDelSqRho_EigVec2 = -6.6886135540E-15  9.9099987290E-01 -1.3386281006E-01
HessDelSqRho_EigVec3 =  1.0000000000E+00  5.0956804519E-15 -1.2242346273E-14
</CP of DelSqRho>
<CP of DelSqRho>
CP# = 20      
Type = (3,+3)
Coords =  4.06315654216373E+00  5.30734103574931E-15 -1.66043240733979E-14
DistFromNuc =  1.2941884530E+00
Rho =  2.7648570277E-01
DelSqRho = -6.8871001123E-01
GradDelSqRho =  1.7252865803E-13  6.1108321162E-26 -1.9473504762E-25
HessDelSqRho_EigVals =  2.3717985003E+00  2.3717985003E+00  1.4782903582E+01
HessDelSqRho_EigVec1 =  9.0753618033E-15  9.9917255669E-01 -4.0671881548E-02
HessDelSqRho_EigVec2 = -1.8490967508E-14  4.0671881548E-02  9.9917255669E-01
HessDelSqRho_EigVec3 =  1.0000000000E+00 -8.3157900158E-15  1.8844779321E-14
</CP of DelSqRho>
<CP of DelSqRho>
CP# = 21      
Type = (3,-1)
Coords =  4.44026667235888E+00  8.27991919619952E-01  4.78175054054403E-09
DistFromNuc =  1.2355578777E+00
Rho =  2.3260584340E-01
DelSqRho = -3.4046595429E-01
GradDelSqRho = -2.3885338152E-12 -1.7655876761E-12 -2.4313884239E-14
HessDelSqRho_EigVals = -1.5152219439E+00 -7.4016951451E-07  2.4835548427E+01
HessDelSqRho_EigVec1 =  7.0805738194E-01  7.0615490076E-01  4.0781595664E-09
HessDelSqRho_EigVec2 = -2.1067490884E-14 -5.7751417501E-09  1.0000000000E+00
HessDelSqRho_EigVec3 = -7.0615490076E-01  7.0805738194E-01  4.0891168710E-09
</CP of DelSqRho>
<CP of DelSqRho>
CP# = 22      
Type = (3,-1)
Coords =  4.44026667235887E+00 -8.27991919619945E-01  4.34571913149083E-09
DistFromNuc =  1.2355578777E+00
Rho =  2.3260584340E-01
DelSqRho = -3.4046595429E-01
GradDelSqRho = -2.3978596886E-12  1.7548185127E-12 -2.2204460493E-14
HessDelSqRho_EigVals = -1.5152219439E+00 -7.4016948736E-07  2.4835548427E+01
HessDelSqRho_EigVec1 =  7.0805738194E-01 -7.0615490076E-01  3.7062588868E-09
HessDelSqRho_EigVec2 = -1.3285952388E-15  5.2485055928E-09  1.0000000000E+00
HessDelSqRho_EigVec3 =  7.0615490076E-01  7.0805738194E-01 -3.7162421910E-09
</CP of DelSqRho>
<CP of DelSqRho>
CP# = 23      
Type = (3,-1)
Coords =  4.44026667235875E+00  1.08428065896821E-09  8.27991919619798E-01
DistFromNuc =  1.2355578777E+00
Rho =  2.3260584340E-01
DelSqRho = -3.4046595429E-01
GradDelSqRho = -2.3955282202E-12 -5.3290705182E-15 -1.7595924717E-12
HessDelSqRho_EigVals = -1.5152219439E+00 -7.4016900327E-07  2.4835548427E+01
HessDelSqRho_EigVec1 =  7.0805738194E-01  9.2475301247E-10  7.0615490077E-01
HessDelSqRho_EigVec2 = -1.4003213236E-14  1.0000000000E+00 -1.3095470928E-09
HessDelSqRho_EigVec3 = -7.0615490077E-01  9.2722459766E-10  7.0805738194E-01
</CP of DelSqRho>
<CP of DelSqRho>
CP# = 24      
Type = (3,-1)
Coords =  4.44026667235876E+00 -1.06091415440142E-09 -8.27991919619814E-01
DistFromNuc =  1.2355578777E+00
Rho =  2.3260584340E-01
DelSqRho = -3.4046595429E-01
GradDelSqRho = -2.3986368447E-12  5.4400928207E-15  1.7559287357E-12
HessDelSqRho_EigVals = -1.5152219439E+00 -7.4016897816E-07  2.4835548427E+01
HessDelSqRho_EigVec1 =  7.0805738194E-01 -9.0482555734E-10 -7.0615490077E-01
HessDelSqRho_EigVec2 =  1.5195574718E-14  1.0000000000E+00 -1.2813262317E-09
HessDelSqRho_EigVec3 =  7.0615490077E-01  9.0724176661E-10  7.0805738194E-01
</CP of DelSqRho>
<CP of DelSqRho>
CP# = 25      
Type = (3,+1)
Coords =  4.44026657020293E+00  5.85478530831500E-01  5.85478724920851E-01
DistFromNuc =  1.2355578841E+00
Rho =  2.3260584991E-01
DelSqRho = -3.4046601772E-01
GradDelSqRho = -1.5287771049E-13  1.0451361998E-13  9.0261131902E-14
HessDelSqRho_EigVals = -1.5152225175E+00  7.4016713777E-07  2.4835547956E+01
HessDelSqRho_EigVec1 =  7.0805730189E-01  4.9932689289E-01  4.9932705842E-01
HessDelSqRho_EigVec2 =  9.2506703811E-15 -7.0710689839E-01  7.0710666398E-01
HessDelSqRho_EigVec3 =  7.0615498104E-01 -5.0067203665E-01 -5.0067220262E-01
</CP of DelSqRho>
<CP of DelSqRho>
CP# = 26      
Type = (3,+1)
Coords =  4.44026657020293E+00 -5.85478537906796E-01  5.85478717845569E-01
DistFromNuc =  1.2355578841E+00
Rho =  2.3260584991E-01
DelSqRho = -3.4046601772E-01
GradDelSqRho = -1.2634338020E-13 -8.9706020390E-14  7.5051076465E-14
HessDelSqRho_EigVals = -1.5152225175E+00  7.4016709058E-07  2.4835547956E+01
HessDelSqRho_EigVec1 = -7.0805730189E-01  4.9932689893E-01 -4.9932705239E-01
HessDelSqRho_EigVec2 =  1.0303312947E-14  7.0710688985E-01  7.0710667253E-01
HessDelSqRho_EigVec3 =  7.0615498104E-01  5.0067204270E-01 -5.0067219657E-01
</CP of DelSqRho>
<CP of DelSqRho>
CP# = 27      
Type = (3,+1)
Coords =  4.44026657020295E+00  5.85478541214156E-01 -5.85478714538234E-01
DistFromNuc =  1.2355578841E+00
Rho =  2.3260584991E-01
DelSqRho = -3.4046601772E-01
GradDelSqRho = -1.1657341759E-13  8.2378548427E-14 -6.6835426082E-14
HessDelSqRho_EigVals = -1.5152225175E+00  7.4016702741E-07  2.4835547956E+01
HessDelSqRho_EigVec1 =  7.0805730189E-01  4.9932690175E-01 -4.9932704957E-01
HessDelSqRho_EigVec2 = -6.8418502941E-15  7.0710688585E-01  7.0710667652E-01
HessDelSqRho_EigVec3 =  7.0615498104E-01 -5.0067204553E-01  5.0067219374E-01
</CP of DelSqRho>
<CP of DelSqRho>
CP# = 28      
Type = (3,+1)
Coords =  4.44026657020294E+00 -5.85478541061561E-01 -5.85478714690810E-01
DistFromNuc =  1.2355578841E+00
Rho =  2.3260584991E-01
DelSqRho = -3.4046601772E-01
GradDelSqRho = -1.1535217226E-13 -8.1365469917E-14 -6.5836225360E-14
HessDelSqRho_EigVals = -1.5152225175E+00  7.4016703303E-07  2.4835547956E+01
HessDelSqRho_EigVec1 = -7.0805730189E-01  4.9932690162E-01  4.9932704970E-01
HessDelSqRho_EigVec2 = -9.9534952668E-15 -7.0710688604E-01  7.0710667634E-01
HessDelSqRho_EigVec3 =  7.0615498104E-01  5.0067204539E-01  5.0067219387E-01
</CP of DelSqRho>
<CP of DelSqRho>
CP# = 29      
Type = (3,+3)
Coords =  5.67066783182590E+00  8.02690719892438E-01  8.02690769405015E-01
DistFromNuc =  1.1776230564E+00
Rho =  2.7646778386E-01
DelSqRho = -8.2638999059E-01
GradDelSqRho = -2.3712143360E-12 -3.3155700407E-12 -3.5946801091E-12
HessDelSqRho_EigVals =  1.5370657592E-06  1.3835587608E+00  4.2086784146E+01
HessDelSqRho_EigVec1 =  3.4331211668E-14 -7.0710680299E-01  7.0710675938E-01
HessDelSqRho_EigVec2 = -9.6304788071E-01  1.9044523490E-01  1.9044524665E-01
HessDelSqRho_EigVec3 =  2.6933024239E-01  6.8097766605E-01  6.8097770806E-01
</CP of DelSqRho>
<CP of DelSqRho>
CP# = 30      
Type = (3,+3)
Coords =  5.67066783182591E+00 -8.02690723233751E-01  8.02690766063702E-01
DistFromNuc =  1.1776230564E+00
Rho =  2.7646778386E-01
DelSqRho = -8.2638999059E-01
GradDelSqRho = -2.3723245590E-12  3.3371083674E-12 -3.5784708530E-12
HessDelSqRho_EigVals =  1.5370655567E-06  1.3835587608E+00  4.2086784146E+01
HessDelSqRho_EigVec1 =  2.5951302895E-14  7.0710680005E-01  7.0710676232E-01
HessDelSqRho_EigVec2 = -9.6304788071E-01 -1.9044523569E-01  1.9044524585E-01
HessDelSqRho_EigVec3 = -2.6933024239E-01  6.8097766889E-01 -6.8097770522E-01
</CP of DelSqRho>
<CP of DelSqRho>
CP# = 31      
Type = (3,+3)
Coords =  5.67066783182592E+00  8.02690722295672E-01 -8.02690767001781E-01
DistFromNuc =  1.1776230564E+00
Rho =  2.7646778386E-01
DelSqRho = -8.2638999059E-01
GradDelSqRho = -2.3714363806E-12 -3.3333336091E-12  3.5851321911E-12
HessDelSqRho_EigVals =  1.5370655567E-06  1.3835587608E+00  4.2086784146E+01
HessDelSqRho_EigVec1 =  3.2101826924E-14 -7.0710680088E-01 -7.0710676150E-01
HessDelSqRho_EigVec2 =  9.6304788071E-01 -1.9044523547E-01  1.9044524608E-01
HessDelSqRho_EigVec3 =  2.6933024239E-01  6.8097766809E-01 -6.8097770602E-01
</CP of DelSqRho>
<CP of DelSqRho>
CP# = 32      
Type = (3,+3)
Coords =  5.67066783182593E+00 -8.02690724183790E-01 -8.02690765113651E-01
DistFromNuc =  1.1776230564E+00
Rho =  2.7646778386E-01
DelSqRho = -8.2638999059E-01
GradDelSqRho = -2.3723245590E-12  3.3431035718E-12  3.5758063177E-12
HessDelSqRho_EigVals =  1.5370657570E-06  1.3835587608E+00  4.2086784146E+01
HessDelSqRho_EigVec1 =  1.9674370528E-14  7.0710679921E-01 -7.0710676316E-01
HessDelSqRho_EigVec2 =  9.6304788071E-01  1.9044523592E-01  1.9044524563E-01
HessDelSqRho_EigVec3 = -2.6933024239E-01  6.8097766969E-01  6.8097770442E-01
</CP of DelSqRho>
<CP of DelSqRho>
CP# = 33      
Type = (3,+1)
Coords =  5.67066800010732E+00  1.13517609242806E+00  1.92130768739530E-08
DistFromNuc =  1.1776230578E+00
Rho =  2.7646777010E-01
DelSqRho = -8.2638974300E-01
GradDelSqRho =  2.1058155220E-12 -1.9217960556E-13 -8.4376949872E-14
HessDelSqRho_EigVals = -1.5370704151E-06  1.3835582645E+00  4.2086781181E+01
HessDelSqRho_EigVec1 = -1.0850068754E-14 -1.6925196988E-08  1.0000000000E+00
HessDelSqRho_EigVec2 =  9.6304784449E-01 -2.6933037188E-01 -4.5584591499E-09
HessDelSqRho_EigVec3 =  2.6933037188E-01  9.6304784449E-01  1.6299777399E-08
</CP of DelSqRho>
<CP of DelSqRho>
CP# = 34      
Type = (3,+1)
Coords =  5.67066800010733E+00 -1.13517609242806E+00 -1.64013013060036E-08
DistFromNuc =  1.1776230578E+00
Rho =  2.7646777010E-01
DelSqRho = -8.2638974300E-01
GradDelSqRho =  2.1032203756E-12  2.0217161278E-13  7.2164496601E-14
HessDelSqRho_EigVals = -1.5370703760E-06  1.3835582645E+00  4.2086781181E+01
HessDelSqRho_EigVec1 = -1.3472662179E-14 -1.4448253125E-08  1.0000000000E+00
HessDelSqRho_EigVec2 =  9.6304784449E-01  2.6933037188E-01  3.8913663620E-09
HessDelSqRho_EigVec3 = -2.6933037188E-01  9.6304784449E-01  1.3914355400E-08
</CP of DelSqRho>
<CP of DelSqRho>
CP# = 35      
Type = (3,+1)
Coords =  5.67066800010728E+00  1.78853326177059E-08  1.13517609242806E+00
DistFromNuc =  1.1776230578E+00
Rho =  2.7646777010E-01
DelSqRho = -8.2638974300E-01
GradDelSqRho =  2.1039281428E-12 -7.8603790143E-14 -1.9881318813E-13
HessDelSqRho_EigVals = -1.5370695837E-06  1.3835582645E+00  4.2086781181E+01
HessDelSqRho_EigVec1 = -1.5125391570E-14  1.0000000000E+00 -1.5755558086E-08
HessDelSqRho_EigVec2 =  9.6304784449E-01 -4.2434357521E-09 -2.6933037188E-01
HessDelSqRho_EigVec3 =  2.6933037188E-01  1.5173360327E-08  9.6304784449E-01
</CP of DelSqRho>
<CP of DelSqRho>
CP# = 36      
Type = (3,+1)
Coords =  5.67066800010729E+00 -2.35859350736092E-08 -1.13517609242806E+00
DistFromNuc =  1.1776230578E+00
Rho =  2.7646777010E-01
DelSqRho = -8.2638974300E-01
GradDelSqRho =  2.1055379662E-12  1.0347278590E-13  1.9449719613E-13
HessDelSqRho_EigVals = -1.5370696136E-06  1.3835582645E+00  4.2086781181E+01
HessDelSqRho_EigVec1 =  1.2190001588E-15  1.0000000000E+00 -2.0777341908E-08
HessDelSqRho_EigVec2 =  9.6304784449E-01  5.5959680489E-09  2.6933037188E-01
HessDelSqRho_EigVec3 = -2.6933037188E-01  2.0009574667E-08  9.6304784449E-01
</CP of DelSqRho>
<CP of DelSqRho>
CP# = 37      
Type = (3,-3)
Coords =  7.15286965423113E+00 -6.19022203330064E-14 -3.39469617070985E-14
DistFromNuc =  1.7955246590E+00
Rho =  7.0586732686E-02
DelSqRho =  1.5675765126E-01
GradDelSqRho =  1.1102230246E-16 -1.9050990861E-28 -5.5220263365E-29
HessDelSqRho_EigVals = -1.4323090694E+00 -4.0561576518E-02 -4.0561576518E-02
HessDelSqRho_EigVec1 =  1.0000000000E+00 -3.1665202014E-14 -2.7214759661E-14
HessDelSqRho_EigVec2 =  2.7214759661E-14 -8.6176086241E-28  1.0000000000E+00
HessDelSqRho_EigVec3 =  3.1665202014E-14  1.0000000000E+00  0.0000000000E+00
</CP of DelSqRho>
<CP of DelSqRho>
CP# = 38      
Type = (3,-1)
Coords =  5.82005465742680E+00  1.86960988635573E+00  1.39938593797514E-09
DistFromNuc =  1.9260169674E+00
Rho =  7.5138229702E-02
DelSqRho =  1.2119231401E-01
GradDelSqRho = -2.1505366932E-14  5.3429483060E-15  7.8929918157E-17
HessDelSqRho_EigVals = -1.2394940691E+00 -8.2443230860E-08  2.7187957472E-02
HessDelSqRho_EigVec1 =  2.3495936885E-01  9.7200519288E-01  7.2752797778E-10
HessDelSqRho_EigVec2 =  9.8560937239E-14 -7.4850539989E-10  1.0000000000E+00
HessDelSqRho_EigVec3 =  9.7200519288E-01 -2.3495936885E-01 -1.7596415808E-10
</CP of DelSqRho>
<CP of DelSqRho>
CP# = 39      
Type = (3,-1)
Coords =  5.82005465742672E+00 -1.86960988635575E+00 -3.15708027691901E-09
DistFromNuc =  1.9260169674E+00
Rho =  7.5138229702E-02
DelSqRho =  1.2119231401E-01
GradDelSqRho = -2.1595572552E-14 -4.9127368840E-15 -1.7694179455E-16
HessDelSqRho_EigVals = -1.2394940691E+00 -8.2443230864E-08  2.7187957472E-02
HessDelSqRho_EigVec1 = -2.3495936885E-01  9.7200519288E-01  1.6413514250E-09
HessDelSqRho_EigVec2 = -5.0681124613E-14 -1.6886363828E-09  1.0000000000E+00
HessDelSqRho_EigVec3 =  9.7200519288E-01  2.3495936885E-01  3.9681020104E-10
</CP of DelSqRho>
<CP of DelSqRho>
CP# = 40      
Type = (3,-1)
Coords =  5.82005465742826E+00 -6.07667955759238E-09  1.86960988635547E+00
DistFromNuc =  1.9260169674E+00
Rho =  7.5138229702E-02
DelSqRho =  1.2119231401E-01
GradDelSqRho = -2.1482815526E-14 -3.6429192996E-16  5.1070259133E-15
HessDelSqRho_EigVals = -1.2394940691E+00 -8.2443238161E-08  2.7187957472E-02
HessDelSqRho_EigVec1 =  2.3495936885E-01 -3.1592591249E-09  9.7200519288E-01
HessDelSqRho_EigVec2 =  9.2743503936E-14  1.0000000000E+00  3.2502268064E-09
HessDelSqRho_EigVec3 =  9.7200519288E-01  7.6358109189E-10 -2.3495936885E-01
</CP of DelSqRho>
<CP of DelSqRho>
CP# = 41      
Type = (3,-1)
Coords =  5.82005465742809E+00  9.84434411677193E-10 -1.86960988635550E+00
DistFromNuc =  1.9260169674E+00
Rho =  7.5138229702E-02
DelSqRho =  1.2119231401E-01
GradDelSqRho = -2.1503632208E-14  2.4286128664E-17 -4.8849813084E-15
HessDelSqRho_EigVals = -1.2394940691E+00 -8.2443239214E-08  2.7187957472E-02
HessDelSqRho_EigVec1 = -2.3495936885E-01 -5.1181388127E-10  9.7200519288E-01
HessDelSqRho_EigVec2 = -4.2899048965E-14  1.0000000000E+00  5.2654430808E-10
HessDelSqRho_EigVec3 =  9.7200519288E-01 -1.2367482020E-10  2.3495936885E-01
</CP of DelSqRho>
<CP of DelSqRho>
CP# = 42      
Type = (3,+1)
Coords =  5.82005398704135E+00  1.32201404322311E+00  1.32201405096635E+00
DistFromNuc =  1.9260171060E+00
Rho =  7.5138215209E-02
DelSqRho =  1.2119227799E-01
GradDelSqRho =  2.0149992785E-12 -6.8696992539E-12 -6.8649252949E-12
HessDelSqRho_EigVals = -1.2394933728E+00  8.2437991031E-08  2.7187980489E-02
HessDelSqRho_EigVec1 =  2.3495901631E-01  6.8731152148E-01  6.8731152551E-01
HessDelSqRho_EigVec2 =  7.6441520281E-13 -7.0710678326E-01  7.0710677912E-01
HessDelSqRho_EigVec3 =  9.7200527810E-01 -1.6614111325E-01 -1.6614111422E-01
</CP of DelSqRho>
<CP of DelSqRho>
CP# = 43      
Type = (3,-1)
Coords =  3.96109128518529E+00  9.21760270524085E-01  9.21759970420703E-01
DistFromNuc =  1.9101852952E+00
Rho =  8.9693123613E-02
DelSqRho =  1.7763723855E-01
GradDelSqRho =  6.2172489379E-15 -1.1740608485E-14 -1.1567136138E-14
HessDelSqRho_EigVals = -1.1750842543E+00 -3.0292726624E-01  6.0826528500E-08
HessDelSqRho_EigVec1 =  4.8519306560E-01 -6.1829925523E-01 -6.1829905392E-01
HessDelSqRho_EigVec2 =  8.7440705000E-01  3.4308336272E-01  3.4308325102E-01
HessDelSqRho_EigVec3 = -4.3025079569E-13 -7.0710666608E-01  7.0710689630E-01
</CP of DelSqRho>
<CP of DelSqRho>
CP# = 44      
Type = (3,+1)
Coords =  5.82005398704116E+00 -1.32201404230126E+00  1.32201405188823E+00
DistFromNuc =  1.9260171060E+00
Rho =  7.5138215209E-02
DelSqRho =  1.2119227799E-01
GradDelSqRho =  2.0149871355E-12  6.8704000822E-12 -6.8643563056E-12
HessDelSqRho_EigVals = -1.2394933728E+00  8.2437990197E-08  2.7187980489E-02
HessDelSqRho_EigVec1 = -2.3495901631E-01  6.8731152100E-01 -6.8731152599E-01
HessDelSqRho_EigVec2 =  8.0760019773E-13  7.0710678375E-01  7.0710677862E-01
HessDelSqRho_EigVec3 =  9.7200527810E-01  1.6614111313E-01 -1.6614111434E-01
</CP of DelSqRho>
<CP of DelSqRho>
CP# = 45      
Type = (3,-1)
Coords =  3.96109128518528E+00 -9.21760279523003E-01  9.21759961421777E-01
DistFromNuc =  1.9101852952E+00
Rho =  8.9693123613E-02
DelSqRho =  1.7763723855E-01
GradDelSqRho =  7.2442052357E-15  1.3329615189E-14 -1.3156142842E-14
HessDelSqRho_EigVals = -1.1750842543E+00 -3.0292726624E-01  6.0826533578E-08
HessDelSqRho_EigVec1 =  4.8519306560E-01  6.1829926126E-01 -6.1829904789E-01
HessDelSqRho_EigVec2 = -8.7440705000E-01  3.4308336607E-01 -3.4308324767E-01
HessDelSqRho_EigVec3 = -4.2650418342E-13  7.0710665917E-01  7.0710690320E-01
</CP of DelSqRho>
<CP of DelSqRho>
CP# = 46      
Type = (3,+1)
Coords =  5.82005398704113E+00  1.32201404161094E+00 -1.32201405257855E+00
DistFromNuc =  1.9260171060E+00
Rho =  7.5138215209E-02
DelSqRho =  1.2119227799E-01
GradDelSqRho =  2.0151380564E-12 -6.8704625322E-12  6.8635375161E-12
HessDelSqRho_EigVals = -1.2394933728E+00  8.2437991462E-08  2.7187980489E-02
HessDelSqRho_EigVec1 =  2.3495901631E-01  6.8731152064E-01 -6.8731152634E-01
HessDelSqRho_EigVec2 = -6.9867824347E-13  7.0710678412E-01  7.0710677825E-01
HessDelSqRho_EigVec3 =  9.7200527810E-01 -1.6614111305E-01  1.6614111442E-01
</CP of DelSqRho>
<CP of DelSqRho>
CP# = 47      
Type = (3,-1)
Coords =  3.96109128518528E+00  9.21760290717799E-01 -9.21759950226951E-01
DistFromNuc =  1.9101852952E+00
Rho =  8.9693123613E-02
DelSqRho =  1.7763723855E-01
GradDelSqRho =  8.3266726847E-15 -1.5445977830E-14  1.5265566589E-14
HessDelSqRho_EigVals = -1.1750842543E+00 -3.0292726624E-01  6.0826520936E-08
HessDelSqRho_EigVec1 =  4.8519306560E-01 -6.1829926877E-01  6.1829904038E-01
HessDelSqRho_EigVec2 =  8.7440705000E-01  3.4308337023E-01 -3.4308324350E-01
HessDelSqRho_EigVec3 =  4.4201671199E-13  7.0710665059E-01  7.0710691179E-01
</CP of DelSqRho>
<CP of DelSqRho>
CP# = 48      
Type = (3,+1)
Coords =  5.82005398704120E+00 -1.32201404253597E+00 -1.32201405165352E+00
DistFromNuc =  1.9260171060E+00
Rho =  7.5138215209E-02
DelSqRho =  1.2119227799E-01
GradDelSqRho =  2.0150964231E-12  6.8697547650E-12  6.8642175277E-12
HessDelSqRho_EigVals = -1.2394933728E+00  8.2437990672E-08  2.7187980489E-02
HessDelSqRho_EigVec1 = -2.3495901631E-01  6.8731152112E-01  6.8731152586E-01
HessDelSqRho_EigVec2 = -7.1583650041E-13 -7.0710678362E-01  7.0710677875E-01
HessDelSqRho_EigVec3 =  9.7200527810E-01  1.6614111316E-01  1.6614111431E-01
</CP of DelSqRho>
<CP of DelSqRho>
CP# = 49      
Type = (3,-1)
Coords =  3.96109128518528E+00 -9.21760281077987E-01 -9.21759959866769E-01
DistFromNuc =  1.9101852952E+00
Rho =  8.9693123613E-02
DelSqRho =  1.7763723855E-01
GradDelSqRho =  7.2303274479E-15  1.3294920720E-14  1.3100631691E-14
HessDelSqRho_EigVals = -1.1750842543E+00 -3.0292726624E-01  6.0826519073E-08
HessDelSqRho_EigVec1 =  4.8519306560E-01  6.1829926231E-01  6.1829904684E-01
HessDelSqRho_EigVec2 = -8.7440705000E-01  3.4308336665E-01  3.4308324709E-01
HessDelSqRho_EigVec3 =  4.3207016360E-13 -7.0710665798E-01  7.0710690439E-01
</CP of DelSqRho>
<CP of DelSqRho>
CP# = 50      
Type = (3,-3)
Coords =  3.96109141286225E+00  1.30356569109558E+00 -4.26823088985549E-07
DistFromNuc =  1.9101852207E+00
Rho =  8.9693125908E-02
DelSqRho =  1.7763725147E-01
GradDelSqRho =  3.2940317141E-13 -8.6314289049E-13  2.3706731023E-14
HessDelSqRho_EigVals = -1.1750846179E+00 -3.0292711051E-01 -6.0827208039E-08
HessDelSqRho_EigVec1 = -4.8519310248E-01  8.7440702954E-01 -2.8630471630E-07
HessDelSqRho_EigVec2 =  8.7440702954E-01  4.8519310248E-01 -1.5886574637E-07
HessDelSqRho_EigVec3 =  2.5181957149E-13  3.2742742088E-07  1.0000000000E+00
</CP of DelSqRho>
<CP of DelSqRho>
CP# = 51      
Type = (3,-3)
Coords =  3.96109141286224E+00 -1.30356569109555E+00 -5.01385646337888E-07
DistFromNuc =  1.9101852207E+00
Rho =  8.9693125908E-02
DelSqRho =  1.7763725147E-01
GradDelSqRho =  3.2901459335E-13  8.6317064607E-13  2.3644280978E-14
HessDelSqRho_EigVals = -1.1750846179E+00 -3.0292711051E-01 -6.0827209134E-08
HessDelSqRho_EigVec1 =  4.8519310248E-01  8.7440702954E-01  3.3631984929E-07
HessDelSqRho_EigVec2 =  8.7440702954E-01 -4.8519310248E-01 -1.8661829164E-07
HessDelSqRho_EigVec3 =  2.7495193891E-13 -3.8462634830E-07  1.0000000000E+00
</CP of DelSqRho>
<CP of DelSqRho>
CP# = 52      
Type = (3,-3)
Coords =  3.96109141286186E+00 -3.52876815902432E-07  1.30356569109534E+00
DistFromNuc =  1.9101852207E+00
Rho =  8.9693125909E-02
DelSqRho =  1.7763725147E-01
GradDelSqRho =  3.2865377086E-13  2.3678975447E-14 -8.6197715632E-13
HessDelSqRho_EigVals = -1.1750846179E+00 -3.0292711051E-01 -6.0827252406E-08
HessDelSqRho_EigVec1 = -4.8519310248E-01 -2.3670296686E-07  8.7440702954E-01
HessDelSqRho_EigVec2 =  8.7440702954E-01 -1.3134254822E-07  4.8519310248E-01
HessDelSqRho_EigVec3 =  2.0058679124E-13  1.0000000000E+00  2.7070123660E-07
</CP of DelSqRho>
<CP of DelSqRho>
CP# = 53      
Type = (3,-3)
Coords =  3.96109141286186E+00 -4.05103231243280E-07 -1.30356569109530E+00
DistFromNuc =  1.9101852207E+00
Rho =  8.9693125909E-02
DelSqRho =  1.7763725147E-01
GradDelSqRho =  3.2949337703E-13  2.3706731023E-14  8.6344820183E-13
HessDelSqRho_EigVals = -1.1750846179E+00 -3.0292711051E-01 -6.0827248785E-08
HessDelSqRho_EigVec1 =  4.8519310248E-01  2.7173544218E-07  8.7440702954E-01
HessDelSqRho_EigVec2 =  8.7440702954E-01 -1.5078147538E-07 -4.8519310248E-01
HessDelSqRho_EigVec3 =  2.1975205731E-13  1.0000000000E+00 -3.1076551265E-07
</CP of DelSqRho>
<Path of -GradDelSqRho>
Starting CP# =      2
Ending CP# =     20
Number of Points =     16
  3.6656314271E+00  3.8559481171E-15 -1.4950470973E-14  2.4906670040E-01 -4.8406834673E-01
  3.6906314271E+00  3.7509207867E-15 -1.4592397527E-14  2.4965656580E-01 -4.8534390565E-01
  3.7156314271E+00  3.7148129512E-15 -1.4512748725E-14  2.5044304564E-01 -4.8916453305E-01
  3.7406314271E+00  3.6878830495E-15 -1.4466419852E-14  2.5142103103E-01 -4.9551154894E-01
  3.7656314271E+00  3.6642129970E-15 -1.4426246902E-14  2.5258399905E-01 -5.0434623695E-01
  3.7906314271E+00  3.6366487952E-15 -1.4357999219E-14  2.5392397121E-01 -5.1559863231E-01
  3.8156314271E+00  3.6076006813E-15 -1.4271985965E-14  2.5543148446E-01 -5.2915352472E-01
  3.8406314271E+00  3.5785657801E-15 -1.4173916367E-14  2.5709558431E-01 -5.4483343039E-01
  3.8656314271E+00  3.5508079428E-15 -1.4067854766E-14  2.5890385173E-01 -5.6237825872E-01
  3.8906314271E+00  3.5256703144E-15 -1.3957370380E-14  2.6084247824E-01 -5.8142139194E-01
  3.9156314271E+00  3.5048348916E-15 -1.3846225094E-14  2.6289640627E-01 -6.0146190438E-01
  3.9406314271E+00  3.4906887318E-15 -1.3739095613E-14  2.6504955536E-01 -6.2183266001E-01
  3.9656314271E+00  3.4870316342E-15 -1.3642794784E-14  2.6728515818E-01 -6.4166402071E-01
  3.9906314271E+00  3.5007694247E-15 -1.3569076831E-14  2.6958623462E-01 -6.5984283436E-01
  4.0156314271E+00  3.5470966119E-15 -1.3543132843E-14  2.7193623680E-01 -6.7496619325E-01
  4.0631565422E+00  5.3073410357E-15 -1.6604324073E-14  2.7648570277E-01 -6.8871001123E-01
</Path of -GradDelSqRho>
<Path of -GradDelSqRho>
Starting CP# =      2
Ending CP# =      0
Number of Points =    400
  3.6656314271E+00  3.8559481171E-15 -1.4950470973E-14  2.4906670040E-01 -4.8406834673E-01
  3.6406314271E+00  3.8174313603E-15 -1.4699628202E-14  2.4867719073E-01 -4.8534511983E-01
  3.6156314271E+00  3.8475070103E-15 -1.4724950471E-14  2.4849045611E-01 -4.8917621287E-01
  3.5906314271E+00  3.8765191573E-15 -1.4735747813E-14  2.4850763456E-01 -4.9556200229E-01
  3.5656314271E+00  3.9038754964E-15 -1.4729211341E-14  2.4872861588E-01 -5.0450229536E-01
  3.5406314271E+00  3.9294268630E-15 -1.4704322168E-14  2.4915206630E-01 -5.1599441321E-01
  3.5156314271E+00  3.9531819906E-15 -1.4660590209E-14  2.4977544571E-01 -5.3002773091E-01
  3.4906314271E+00  3.9752845233E-15 -1.4597880441E-14  2.5059502077E-01 -5.4657378115E-01
  3.4656314271E+00  3.9960347452E-15 -1.4516382327E-14  2.5160588019E-01 -5.6557064633E-01
  3.4406314271E+00  4.0165143124E-15 -1.4416899959E-14  2.5280196238E-01 -5.8689990790E-01
  3.4156314271E+00  4.0381996347E-15 -1.4300555653E-14  2.5417611072E-01 -6.1035389361E-01
  3.3906314271E+00  4.0609631203E-15 -1.4167889787E-14  2.5572017893E-01 -6.3559037839E-01
  3.3656314271E+00  4.0867651187E-15 -1.4020651148E-14  2.5742521810E-01 -6.6207128043E-01
  3.3406314271E+00  4.1187832477E-15 -1.3861254896E-14  2.5928178903E-01 -6.8898129539E-01
  3.3156314271E+00  4.1626357567E-15 -1.3693291555E-14  2.6128045920E-01 -7.1512189208E-01
  3.2906314271E+00  4.2297278422E-15 -1.3522981067E-14  2.6341256372E-01 -7.3877573117E-01
  3.2656314271E+00  4.3497096267E-15 -1.3364688307E-14  2.6567133409E-01 -7.5753645322E-01
  3.2406314271E+00  4.6671592617E-15 -1.3283969278E-14  2.6805352934E-01 -7.6809898683E-01
  3.2306314271E+00  6.6863377629E-15 -1.4092123922E-14  2.6904128429E-01 -7.6907536704E-01
  3.2306314271E+00  6.7044651612E-15 -1.4100201189E-14  2.6904128429E-01 -7.6907536704E-01
  3.2306314271E+00  6.7044841644E-15 -1.4100209656E-14  2.6904128429E-01 -7.6907536704E-01
  3.2306314271E+00  6.7044841843E-15 -1.4100209665E-14  2.6904128429E-01 -7.6907536704E-01
  3.2306314271E+00  6.7044841843E-15 -1.4100209665E-14  2.6904128429E-01 -7.6907536704E-01
  3.2306314271E+00  6.7044841843E-15 -1.4100209665E-14  2.6904128429E-01 -7.6907536704E-01
  3.2306314271E+00  6.7044841843E-15 -1.4100209665E-14  2.6904128429E-01 -7.6907536704E-01
  3.2306314271E+00  6.7044841843E-15 -1.4100209665E-14  2.6904128429E-01 -7.6907536704E-01
  3.2306314271E+00  6.7044841843E-15 -1.4100209665E-14  2.6904128429E-01 -7.6907536704E-01
  3.2306314271E+00  6.7044841843E-15 -1.4100209665E-14  2.6904128429E-01 -7.6907536704E-01
  3.2306314271E+00  6.7044841843E-15 -1.4100209665E-14  2.6904128429E-01 -7.6907536704E-01
  3.2306314271E+00  6.7044841843E-15 -1.4100209665E-14  2.6904128429E-01 -7.6907536704E-01
  3.2306314271E+00  6.7044841843E-15 -1.4100209665E-14  2.6904128429E-01 -7.6907536704E-01
  3.2306314271E+00  6.7044841843E-15 -1.4100209665E-14  2.6904128429E-01 -7.6907536704E-01
  3.2306314271E+00  6.7044841843E-15 -1.4100209665E-14  2.6904128429E-01 -7.6907536704E-01
  3.2306314271E+00  6.7044841843E-15 -1.4100209665E-14  2.6904128429E-01 -7.6907536704E-01
  3.2306314271E+00  6.7044841843E-15 -1.4100209665E-14  2.6904128429E-01 -7.6907536704E-01
  3.2306314271E+00  6.7044841843E-15 -1.4100209665E-14  2.6904128429E-01 -7.6907536704E-01
  3.2306314271E+00  6.7044841843E-15 -1.4100209665E-14  2.6904128429E-01 -7.6907536704E-01
  3.2306314271E+00  6.7044841843E-15 -1.4100209665E-14  2.6904128429E-01 -7.6907536704E-01
  3.2306314271E+00  6.7044841843E-15 -1.4100209665E-14  2.6904128429E-01 -7.6907536704E-01
  3.2306314271E+00  6.7044841843E-15 -1.4100209665E-14  2.6904128429E-01 -7.6907536704E-01
  3.2306314271E+00  6.7044841843E-15 -1.4100209665E-14  2.6904128429E-01 -7.6907536704E-01
  3.2306314271E+00  6.7044841843E-15 -1.4100209665E-14  2.6904128429E-01 -7.6907536704E-01
  3.2306314271E+00  6.7044841843E-15 -1.4100209665E-14  2.6904128429E-01 -7.6907536704E-01
  3.2306314271E+00  6.7044841843E-15 -1.4100209665E-14  2.6904128429E-01 -7.6907536704E-01
  3.2306314271E+00  6.7044841843E-15 -1.4100209665E-14  2.6904128429E-01 -7.6907536704E-01
  3.2306314271E+00  6.7044841843E-15 -1.4100209665E-14  2.6904128429E-01 -7.6907536704E-01
  3.2306314271E+00  6.7044841843E-15 -1.4100209665E-14  2.6904128429E-01 -7.6907536704E-01
  3.2306314271E+00  6.7044841843E-15 -1.4100209665E-14  2.6904128429E-01 -7.6907536704E-01
  3.2306314271E+00  6.7044841843E-15 -1.4100209665E-14  2.6904128429E-01 -7.6907536704E-01
