 AIMInt (Version 19.10.12, Professional)
 Portions Copyright (c) 1997-2019 by Todd A. Keith
 AIMInt is a component of the AIMAll package ( http://aim.tkgristmill.com )

 TP:  64-bit Mac OS X

 AIMInt is a heavily modified and extended version of the PROAIMV program
 developed by members of R.F.W. Bader's research group

 Much of the Quantum Theory of Atoms in Molecules (QTAIM) is described in the book:
   "Atoms in Molecules - A Quantum Theory"
   R.F.W. Bader, Oxford University Press, Oxford, 1990

 For additional references see:  http://aim.tkgristmill.com/references.html

 Current Directory:  /Users/chemlab/Documents/SubstituentCoding/New Reorientation Test/notDone

 Inp File:  SubH_CCCl-ReorPosY-B3LYP-def2-TZVPPD-Field_atomicfiles/h2.inp
 Wfx File:  SubH_CCCl-ReorPosY-B3LYP-def2-TZVPPD-Field.wfx
 Out File:  SubH_CCCl-ReorPosY-B3LYP-def2-TZVPPD-Field_atomicfiles/h2.int

 Wfx Title:   SubH_CCCl-ReorPosY-B3LYP-def2-TZVPPD-Field.chk                                
 Job Title:   SubH_CCCl-ReorPosY-B3LYP-def2-TZVPPD-Field.chk                                
 
<Atom>
H2      
</Atom>
<Nuclei of Molecule>
     4
C1         6.0           0.0000000000E+00   0.0000000000E+00   0.0000000000E+00
H2         1.0          -2.0053954702E+00   0.0000000000E+00   0.0000000000E+00
C3         6.0           2.2656087652E+00   0.0000000000E+00   0.0000000000E+00
Cl4       17.0           5.3573449952E+00   0.0000000000E+00   0.0000000000E+00
</Nuclei of Molecule>
<Total Number of CPs of DelSqRho>
   177
</Total Number of CPs of DelSqRho>
<Number of (3,+3) CPs of DelSqRho>
     1
</Number of (3,+3) CPs of DelSqRho>
<Number of (3,+1) CPs of DelSqRho>
     0
</Number of (3,+1) CPs of DelSqRho>
<Number of (3,-1) CPs of DelSqRho>
     0
</Number of (3,-1) CPs of DelSqRho>
<Number of (3,-3) CPs of DelSqRho>
     1
</Number of (3,-3) CPs of DelSqRho>
<Number of Degenerate CPs of DelSqRho>
   175
</Number of Degenerate CPs of DelSqRho>
<CP of DelSqRho>
CP# = 1       
Type = (3,+3)
Coords = -1.99951403758786E+00  7.72262507575557E-18  3.97742040846442E-17
DistFromNuc =  5.8814325891E-03
Rho =  4.2084166940E-01
DelSqRho = -2.6049133836E+01
GradDelSqRho = -9.6761647778E-08 -1.2817747569E-22 -6.5509233526E-22
HessDelSqRho_EigVals =  2.6797520739E+03  2.7094011789E+03  2.7094011789E+03
HessDelSqRho_EigVec1 =  1.0000000000E+00  0.0000000000E+00  5.6486236926E-15
HessDelSqRho_EigVec2 =  9.0381204452E-16  9.8711608880E-01 -1.6000571001E-01
HessDelSqRho_EigVec3 = -5.5758473265E-15  1.6000571001E-01  9.8711608880E-01
</CP of DelSqRho>
<CP of DelSqRho>
CP# = 2       
Type = (3,-3)
Coords = -2.71197691836759E+00  1.12808019731240E-14  6.04669357846430E-14
DistFromNuc =  7.0658144819E-01
Rho =  6.6992177436E-02
DelSqRho =  1.4005683269E-01
GradDelSqRho = -2.6997414720E-12 -4.0884529492E-22 -2.5598995178E-21
HessDelSqRho_EigVals = -5.6825630927E+00 -7.6450407394E-02 -7.6450407394E-02
HessDelSqRho_EigVec1 =  1.0000000000E+00 -1.4041013966E-14 -7.5773546120E-14
HessDelSqRho_EigVec2 =  7.5773546120E-14 -1.0639374193E-27  1.0000000000E+00
HessDelSqRho_EigVec3 =  1.4041013966E-14  1.0000000000E+00  0.0000000000E+00
</CP of DelSqRho>
<CP of DelSqRho>
CP# = 3       
Type = (2, 0)
Coords = -2.14228865589556E+00 -4.00048844894996E-07  9.35685263705018E-01
DistFromNuc =  9.4564615846E-01
Rho =  6.0736609430E-02
DelSqRho =  1.0270681106E-01
GradDelSqRho =  3.7798757180E-14  1.0863705768E-15 -9.8879238131E-17
HessDelSqRho_EigVals = -6.0057812470E-01  1.9486226022E-11  3.3600203662E-01
HessDelSqRho_EigVec1 =  8.0100906737E-01  2.5595157948E-07 -5.9865221455E-01
HessDelSqRho_EigVec2 =  9.4278310826E-15  1.0000000000E+00  4.2754637971E-07
HessDelSqRho_EigVec3 =  5.9865221455E-01 -3.4246853251E-07  8.0100906737E-01
</CP of DelSqRho>
<CP of DelSqRho>
CP# = 4       
Type = (2, 0)
Coords = -2.14228865589555E+00  7.20023006052343E-07 -9.35685263705005E-01
DistFromNuc =  9.4564615846E-01
Rho =  6.0736609430E-02
DelSqRho =  1.0270681106E-01
GradDelSqRho =  1.2390869580E-13 -1.9441913357E-15 -1.0408340856E-17
HessDelSqRho_EigVals = -6.0057812470E-01  1.9487456440E-11  3.3600203662E-01
HessDelSqRho_EigVec1 =  8.0100906737E-01 -4.6067130735E-07  5.9865221455E-01
HessDelSqRho_EigVec2 = -1.6592688439E-14  1.0000000000E+00  7.6951410091E-07
HessDelSqRho_EigVec3 = -5.9865221455E-01 -6.1638778223E-07  8.0100906737E-01
</CP of DelSqRho>
<CP of DelSqRho>
CP# = 5       
Type = (2, 0)
Coords = -2.14228865589560E+00  9.35685263705083E-01 -4.74404526068156E-07
DistFromNuc =  9.4564615846E-01
Rho =  6.0736609430E-02
DelSqRho =  1.0270681106E-01
GradDelSqRho =  5.3175346071E-14  6.6743485738E-16  1.2737207122E-15
HessDelSqRho_EigVals = -6.0057812470E-01  1.9487492677E-11  3.3600203662E-01
HessDelSqRho_EigVec1 =  8.0100906737E-01 -5.9865221455E-01  3.0352441282E-07
HessDelSqRho_EigVec2 =  7.5635735483E-15  5.0701293923E-07  1.0000000000E+00
HessDelSqRho_EigVec3 =  5.9865221455E-01  8.0100906737E-01 -4.0612196613E-07
</CP of DelSqRho>
<CP of DelSqRho>
CP# = 6       
Type = (2, 0)
Coords = -2.14228865589560E+00 -9.35685263705081E-01  6.47895692852684E-07
DistFromNuc =  9.4564615846E-01
Rho =  6.0736609430E-02
DelSqRho =  1.0270681106E-01
GradDelSqRho =  1.0006058482E-13 -5.7462715142E-16 -1.7529380725E-15
HessDelSqRho_EigVals = -6.0057812470E-01  1.9488540631E-11  3.3600203662E-01
HessDelSqRho_EigVec1 =  8.0100906737E-01  5.9865221455E-01 -4.1452418580E-07
HessDelSqRho_EigVec2 = -2.2478145093E-14  6.9242908275E-07  1.0000000000E+00
HessDelSqRho_EigVec3 = -5.9865221455E-01  8.0100906737E-01 -5.5464198725E-07
</CP of DelSqRho>
<CP of DelSqRho>
CP# = 7       
Type = (2, 0)
Coords = -2.14228865583095E+00  6.61629395718688E-01  6.61629394224843E-01
DistFromNuc =  9.4564615838E-01
Rho =  6.0736609441E-02
DelSqRho =  1.0270681107E-01
GradDelSqRho = -1.3892619694E-13  2.3370194668E-13  2.3395608367E-13
HessDelSqRho_EigVals = -6.0057812490E-01 -1.9135853698E-11  3.3600203675E-01
HessDelSqRho_EigVec1 =  8.0100906718E-01 -4.2331104114E-01 -4.2331104019E-01
HessDelSqRho_EigVec2 =  4.8361198104E-14 -7.0710678039E-01  7.0710678198E-01
HessDelSqRho_EigVec3 =  5.9865221481E-01  5.6639894383E-01  5.6639894256E-01
</CP of DelSqRho>
<CP of DelSqRho>
CP# = 8       
Type = (2, 0)
Coords = -2.14228865583096E+00 -6.61629394905098E-01  6.61629395038431E-01
DistFromNuc =  9.4564615838E-01
Rho =  6.0736609441E-02
DelSqRho =  1.0270681107E-01
GradDelSqRho = -1.3912569014E-13 -2.3426529813E-13  2.3422323109E-13
HessDelSqRho_EigVals = -6.0057812490E-01 -1.9129778961E-11  3.3600203675E-01
HessDelSqRho_EigVec1 =  8.0100906718E-01  4.2331104062E-01 -4.2331104071E-01
HessDelSqRho_EigVec2 =  4.4469100373E-14  7.0710678126E-01  7.0710678112E-01
HessDelSqRho_EigVec3 = -5.9865221481E-01  5.6639894314E-01 -5.6639894325E-01
</CP of DelSqRho>
<CP of DelSqRho>
CP# = 9       
Type = (2, 0)
Coords = -2.14228865583095E+00  6.61629395115114E-01 -6.61629394828404E-01
DistFromNuc =  9.4564615838E-01
Rho =  6.0736609441E-02
DelSqRho =  1.0270681107E-01
GradDelSqRho = -1.3903288243E-13  2.3390577669E-13 -2.3393917012E-13
HessDelSqRho_EigVals = -6.0057812490E-01 -1.9130324622E-11  3.3600203675E-01
HessDelSqRho_EigVec1 =  8.0100906718E-01 -4.2331104076E-01  4.2331104057E-01
HessDelSqRho_EigVec2 = -5.6726092542E-14  7.0710678103E-01  7.0710678134E-01
HessDelSqRho_EigVec3 =  5.9865221481E-01  5.6639894332E-01 -5.6639894307E-01
</CP of DelSqRho>
<CP of DelSqRho>
CP# = 10      
Type = (2, 0)
Coords = -2.14228865583094E+00 -6.61629395084368E-01 -6.61629394859145E-01
DistFromNuc =  9.4564615838E-01
Rho =  6.0736609441E-02
DelSqRho =  1.0270681107E-01
GradDelSqRho = -1.3921979888E-13 -2.3388062320E-13 -2.3405409555E-13
HessDelSqRho_EigVals = -6.0057812490E-01 -1.9137741903E-11  3.3600203675E-01
HessDelSqRho_EigVec1 =  8.0100906718E-01  4.2331104074E-01  4.2331104059E-01
HessDelSqRho_EigVec2 = -5.4785086474E-14 -7.0710678107E-01  7.0710678131E-01
HessDelSqRho_EigVec3 = -5.9865221481E-01  5.6639894329E-01  5.6639894310E-01
</CP of DelSqRho>
<CP of DelSqRho>
CP# = 11      
Type = (2, 0)
Coords = -2.14228865587081E+00  2.95908102462780E-01  8.87662834605249E-01
DistFromNuc =  9.4564615863E-01
Rho =  6.0736609410E-02
DelSqRho =  1.0270681106E-01
GradDelSqRho =  8.9752801545E-11  4.4226814051E-12 -5.7320120872E-13
HessDelSqRho_EigVals = -6.0057812408E-01  6.3666097057E-12  3.3600203638E-01
HessDelSqRho_EigVec1 =  8.0100906726E-01 -1.8932225172E-01 -5.6792742421E-01
HessDelSqRho_EigVec2 =  1.4147922039E-10  9.4867672799E-01 -3.1624747552E-01
HessDelSqRho_EigVec3 =  5.9865221470E-01  2.5331709531E-01  7.5989866104E-01
</CP of DelSqRho>
<CP of DelSqRho>
CP# = 12      
Type = (2, 0)
Coords = -2.14228865587081E+00 -2.95908094680847E-01  8.87662837199224E-01
DistFromNuc =  9.4564615863E-01
Rho =  6.0736609410E-02
DelSqRho =  1.0270681106E-01
GradDelSqRho =  8.9676338837E-11 -4.4207528263E-12 -5.7320901498E-13
HessDelSqRho_EigVals = -6.0057812408E-01  6.3687757527E-12  3.3600203638E-01
HessDelSqRho_EigVec1 =  8.0100906726E-01  1.8932224674E-01 -5.6792742587E-01
HessDelSqRho_EigVec2 = -1.4146280157E-10  9.4867673076E-01  3.1624746721E-01
HessDelSqRho_EigVec3 =  5.9865221470E-01 -2.5331708865E-01  7.5989866326E-01
</CP of DelSqRho>
<CP of DelSqRho>
CP# = 13      
Type = (2, 0)
Coords = -2.14228865587080E+00  2.95908093154975E-01 -8.87662837707837E-01
DistFromNuc =  9.4564615863E-01
Rho =  6.0736609410E-02
DelSqRho =  1.0270681106E-01
GradDelSqRho =  8.9661185160E-11  4.4203252170E-12  5.7315567223E-13
HessDelSqRho_EigVals = -6.0057812408E-01  6.3703944381E-12  3.3600203638E-01
HessDelSqRho_EigVec1 =  8.0100906726E-01 -1.8932224577E-01  5.6792742619E-01
HessDelSqRho_EigVec2 =  1.4145241056E-10  9.4867673130E-01  3.1624746558E-01
HessDelSqRho_EigVec3 = -5.9865221470E-01 -2.5331708735E-01  7.5989866370E-01
</CP of DelSqRho>
<CP of DelSqRho>
CP# = 14      
Type = (2, 0)
Coords = -2.14228865587080E+00 -2.95908106092275E-01 -8.87662833395401E-01
DistFromNuc =  9.4564615863E-01
Rho =  6.0736609410E-02
DelSqRho =  1.0270681106E-01
GradDelSqRho =  8.9788496083E-11 -4.4234377446E-12  5.7381183138E-13
HessDelSqRho_EigVals = -6.0057812408E-01  6.3656526680E-12  3.3600203638E-01
HessDelSqRho_EigVec1 =  8.0100906726E-01  1.8932225405E-01  5.6792742343E-01
HessDelSqRho_EigVec2 = -1.4148231357E-10  9.4867672669E-01 -3.1624747940E-01
HessDelSqRho_EigVec3 = -5.9865221470E-01  2.5331709842E-01  7.5989866001E-01
</CP of DelSqRho>
<CP of DelSqRho>
CP# = 15      
Type = (2, 0)
Coords = -2.14228865587085E+00  8.87662834399326E-01  2.95908103080714E-01
DistFromNuc =  9.4564615863E-01
Rho =  6.0736609410E-02
DelSqRho =  1.0270681106E-01
GradDelSqRho =  8.9758868740E-11 -5.7399484471E-13  4.4227468909E-12
HessDelSqRho_EigVals = -6.0057812408E-01  6.3663029870E-12  3.3600203638E-01
HessDelSqRho_EigVec1 =  8.0100906726E-01 -5.6792742408E-01 -1.8932225212E-01
HessDelSqRho_EigVec2 =  1.4154591168E-10 -3.1624747618E-01  9.4867672777E-01
HessDelSqRho_EigVec3 =  5.9865221470E-01  7.5989866087E-01  2.5331709584E-01
</CP of DelSqRho>
<CP of DelSqRho>
CP# = 16      
Type = (2, 0)
Coords = -2.14228865587085E+00 -8.87662837285617E-01  2.95908094421836E-01
DistFromNuc =  9.4564615863E-01
Rho =  6.0736609410E-02
DelSqRho =  1.0270681106E-01
GradDelSqRho =  8.9673808309E-11  5.7281696747E-13  4.4208521392E-12
HessDelSqRho_EigVals = -6.0057812408E-01  6.3709282854E-12  3.3600203638E-01
HessDelSqRho_EigVec1 =  8.0100906726E-01  5.6792742592E-01 -1.8932224658E-01
HessDelSqRho_EigVec2 =  1.4152275806E-10  3.1624746693E-01  9.4867673085E-01
HessDelSqRho_EigVec3 = -5.9865221470E-01  7.5989866334E-01 -2.5331708843E-01
</CP of DelSqRho>
<CP of DelSqRho>
CP# = 17      
Type = (2, 0)
Coords = -2.14228865587085E+00  8.87662837301420E-01 -2.95908094374418E-01
DistFromNuc =  9.4564615863E-01
Rho =  6.0736609410E-02
DelSqRho =  1.0270681106E-01
GradDelSqRho =  8.9672905386E-11 -5.7246091548E-13 -4.4209235881E-12
HessDelSqRho_EigVals = -6.0057812408E-01  6.3695457832E-12  3.3600203638E-01
HessDelSqRho_EigVec1 =  8.0100906726E-01 -5.6792742593E-01  1.8932224655E-01
HessDelSqRho_EigVec2 = -1.4153559297E-10  3.1624746688E-01  9.4867673087E-01
HessDelSqRho_EigVec3 =  5.9865221470E-01  7.5989866335E-01 -2.5331708839E-01
</CP of DelSqRho>
<CP of DelSqRho>
CP# = 18      
Type = (2, 0)
Coords = -2.14228865587084E+00 -8.87662833511586E-01 -2.95908105743911E-01
DistFromNuc =  9.4564615863E-01
Rho =  6.0736609410E-02
DelSqRho =  1.0270681106E-01
GradDelSqRho =  8.9785031840E-11  5.7390030228E-13 -4.4233436358E-12
HessDelSqRho_EigVals = -6.0057812408E-01  6.3660113620E-12  3.3600203638E-01
HessDelSqRho_EigVec1 =  8.0100906726E-01  5.6792742351E-01  1.8932225382E-01
HessDelSqRho_EigVec2 = -1.4155897135E-10 -3.1624747903E-01  9.4867672682E-01
HessDelSqRho_EigVec3 = -5.9865221470E-01  7.5989866011E-01  2.5331709812E-01
</CP of DelSqRho>
<CP of DelSqRho>
CP# = 19      
Type = (2, 0)
Coords = -2.14228865585591E+00  4.03130233401136E-01  8.44389085536950E-01
DistFromNuc =  9.4564615853E-01
Rho =  6.0736609422E-02
DelSqRho =  1.0270681107E-01
GradDelSqRho =  5.3012636815E-11  4.2385209925E-12 -1.4695449718E-12
HessDelSqRho_EigVals = -6.0057812441E-01 -3.5466260413E-12  3.3600203653E-01
HessDelSqRho_EigVec1 =  8.0100906723E-01 -2.5792306085E-01 -5.4024084342E-01
HessDelSqRho_EigVec2 =  1.4410683588E-10  9.0242853892E-01 -4.3083956660E-01
HessDelSqRho_EigVec3 =  5.9865221474E-01  3.4510639929E-01  7.2285344224E-01
</CP of DelSqRho>
<CP of DelSqRho>
CP# = 20      
Type = (2, 0)
Coords = -2.14228865585591E+00 -4.03130237960500E-01  8.44389083360117E-01
DistFromNuc =  9.4564615853E-01
Rho =  6.0736609422E-02
DelSqRho =  1.0270681107E-01
GradDelSqRho =  5.2976428366E-11 -4.2371453568E-12 -1.4684651065E-12
HessDelSqRho_EigVals = -6.0057812441E-01 -3.5431579899E-12  3.3600203653E-01
HessDelSqRho_EigVec1 =  8.0100906723E-01  2.5792306376E-01 -5.4024084202E-01
HessDelSqRho_EigVec2 = -1.4409269631E-10  9.0242853659E-01  4.3083957147E-01
HessDelSqRho_EigVec3 =  5.9865221474E-01 -3.4510640319E-01  7.2285344037E-01
</CP of DelSqRho>
<CP of DelSqRho>
CP# = 21      
Type = (2, 0)
Coords = -2.14228865585591E+00  4.03130238160881E-01 -8.44389083264435E-01
DistFromNuc =  9.4564615853E-01
Rho =  6.0736609422E-02
DelSqRho =  1.0270681107E-01
GradDelSqRho =  5.2974811603E-11  4.2370967845E-12  1.4683445432E-12
HessDelSqRho_EigVals = -6.0057812441E-01 -3.5409609265E-12  3.3600203653E-01
HessDelSqRho_EigVec1 =  8.0100906723E-01 -2.5792306389E-01  5.4024084196E-01
HessDelSqRho_EigVec2 =  1.4408351139E-10  9.0242853649E-01  4.3083957169E-01
HessDelSqRho_EigVec3 = -5.9865221474E-01 -3.4510640337E-01  7.2285344029E-01
</CP of DelSqRho>
<CP of DelSqRho>
CP# = 22      
Type = (2, 0)
Coords = -2.14228865585590E+00 -4.03130231497901E-01 -8.44389086445618E-01
DistFromNuc =  9.4564615853E-01
Rho =  6.0736609422E-02
DelSqRho =  1.0270681107E-01
GradDelSqRho =  5.3027514671E-11 -4.2391255436E-12  1.4697895678E-12
HessDelSqRho_EigVals = -6.0057812441E-01 -3.5485068156E-12  3.3600203653E-01
HessDelSqRho_EigVec1 =  8.0100906723E-01  2.5792305963E-01  5.4024084400E-01
HessDelSqRho_EigVec2 = -1.4410672536E-10  9.0242853989E-01 -4.3083956457E-01
HessDelSqRho_EigVec3 = -5.9865221474E-01  3.4510639766E-01  7.2285344302E-01
</CP of DelSqRho>
<CP of DelSqRho>
CP# = 23      
Type = (2, 0)
Coords = -2.14228865585594E+00  8.44389085998513E-01  4.03130232434491E-01
DistFromNuc =  9.4564615853E-01
Rho =  6.0736609422E-02
DelSqRho =  1.0270681107E-01
GradDelSqRho =  5.3020240108E-11 -1.4696282385E-12  4.2388165460E-12
HessDelSqRho_EigVals = -6.0057812441E-01 -3.5466837445E-12  3.3600203653E-01
HessDelSqRho_EigVec1 =  8.0100906723E-01 -5.4024084371E-01 -2.5792306023E-01
HessDelSqRho_EigVec2 =  1.4418037941E-10 -4.3083956557E-01  9.0242853941E-01
HessDelSqRho_EigVec3 =  5.9865221474E-01  7.2285344263E-01  3.4510639846E-01
</CP of DelSqRho>
<CP of DelSqRho>
CP# = 24      
Type = (2, 0)
Coords = -2.14228865585594E+00 -8.44389083408931E-01  4.03130237858354E-01
DistFromNuc =  9.4564615853E-01
Rho =  6.0736609422E-02
DelSqRho =  1.0270681107E-01
GradDelSqRho =  5.2977045494E-11  1.4685024030E-12  4.2373318396E-12
HessDelSqRho_EigVals = -6.0057812441E-01 -3.5410768163E-12  3.3600203653E-01
HessDelSqRho_EigVec1 =  8.0100906723E-01  5.4024084206E-01 -2.5792306370E-01
HessDelSqRho_EigVec2 =  1.4416132149E-10  4.3083957136E-01  9.0242853664E-01
HessDelSqRho_EigVec3 = -5.9865221474E-01  7.2285344042E-01 -3.4510640311E-01
</CP of DelSqRho>
<CP of DelSqRho>
CP# = 25      
Type = (2, 0)
Coords = -2.14228865585594E+00  8.44389083408867E-01 -4.03130237858481E-01
DistFromNuc =  9.4564615853E-01
Rho =  6.0736609422E-02
DelSqRho =  1.0270681107E-01
GradDelSqRho =  5.2977133964E-11 -1.4682170410E-12 -4.2371375505E-12
HessDelSqRho_EigVals = -6.0057812441E-01 -3.5420492033E-12  3.3600203653E-01
HessDelSqRho_EigVec1 =  8.0100906723E-01 -5.4024084206E-01  2.5792306370E-01
HessDelSqRho_EigVec2 = -1.4417354027E-10  4.3083957136E-01  9.0242853664E-01
HessDelSqRho_EigVec3 =  5.9865221474E-01  7.2285344042E-01 -3.4510640311E-01
</CP of DelSqRho>
<CP of DelSqRho>
CP# = 26      
Type = (2, 0)
Coords = -2.14228865585593E+00 -8.44389086500252E-01 -4.03130231383581E-01
DistFromNuc =  9.4564615853E-01
Rho =  6.0736609422E-02
DelSqRho =  1.0270681107E-01
GradDelSqRho =  5.3028638772E-11  1.4697670164E-12 -4.2391582866E-12
HessDelSqRho_EigVals = -6.0057812441E-01 -3.5479973974E-12  3.3600203653E-01
HessDelSqRho_EigVec1 =  8.0100906723E-01  5.4024084403E-01  2.5792305956E-01
HessDelSqRho_EigVec2 = -1.4419169085E-10 -4.3083956444E-01  9.0242853995E-01
HessDelSqRho_EigVec3 = -5.9865221474E-01  7.2285344306E-01  3.4510639756E-01
</CP of DelSqRho>
<CP of DelSqRho>
CP# = 27      
Type = (2, 0)
Coords = -2.14228865589554E+00  1.00724307944957E-04 -9.35685258283679E-01
DistFromNuc =  9.4564615846E-01
Rho =  6.0736609430E-02
DelSqRho =  1.0270681106E-01
GradDelSqRho =  1.7854641376E-14  2.1684043450E-18 -1.7867651803E-16
HessDelSqRho_EigVals = -6.0057812470E-01  1.9487203059E-11  3.3600203662E-01
HessDelSqRho_EigVec1 =  8.0100906737E-01 -6.4443496567E-05  5.9865221108E-01
HessDelSqRho_EigVec2 =  4.4844621986E-14  9.9999999421E-01  1.0764763742E-04
HessDelSqRho_EigVec3 = -5.9865221455E-01 -8.6226733625E-05  8.0100906273E-01
</CP of DelSqRho>
<CP of DelSqRho>
CP# = 28      
Type = (2, 0)
Coords = -2.14228865584479E+00  4.47601441773562E-01  8.21681119426495E-01
DistFromNuc =  9.4564615845E-01
Rho =  6.0736609433E-02
DelSqRho =  1.0270681107E-01
GradDelSqRho =  1.7529557667E-11  4.8748557274E-12  2.6407868947E-13
HessDelSqRho_EigVals = -6.0057812471E-01 -5.2853822756E-12  3.3600203665E-01
HessDelSqRho_EigVec1 =  8.0100906722E-01 -2.8637577719E-01 -5.2571226775E-01
HessDelSqRho_EigVec2 =  1.3429258027E-10  8.7815973089E-01 -4.7836752298E-01
HessDelSqRho_EigVec3 =  5.9865221475E-01  3.8317672330E-01  7.0341390695E-01
</CP of DelSqRho>
<CP of DelSqRho>
CP# = 29      
Type = (2, 0)
Coords = -2.14228865584480E+00 -4.47601442173890E-01  8.21681119208418E-01
DistFromNuc =  9.4564615845E-01
Rho =  6.0736609433E-02
DelSqRho =  1.0270681107E-01
GradDelSqRho =  1.7529417154E-11 -4.8732779964E-12  2.6407391898E-13
HessDelSqRho_EigVals = -6.0057812471E-01 -5.2827593738E-12  3.3600203665E-01
HessDelSqRho_EigVec1 =  8.0100906722E-01  2.8637577745E-01 -5.2571226761E-01
HessDelSqRho_EigVec2 = -1.3428199367E-10  8.7815973066E-01  4.7836752341E-01
HessDelSqRho_EigVec3 =  5.9865221475E-01 -3.8317672364E-01  7.0341390677E-01
</CP of DelSqRho>
<CP of DelSqRho>
CP# = 30      
Type = (2, 0)
Coords = -2.14228865584479E+00  4.47601442253661E-01 -8.21681119164953E-01
DistFromNuc =  9.4564615845E-01
Rho =  6.0736609433E-02
DelSqRho =  1.0270681107E-01
GradDelSqRho =  1.7529250620E-11  4.8736249411E-12 -2.6466892913E-13
HessDelSqRho_EigVals = -6.0057812471E-01 -5.2809382716E-12  3.3600203665E-01
HessDelSqRho_EigVec1 =  8.0100906722E-01 -2.8637577750E-01  5.2571226758E-01
HessDelSqRho_EigVec2 =  1.3427170082E-10  8.7815973061E-01  4.7836752349E-01
HessDelSqRho_EigVec3 = -5.9865221475E-01 -3.8317672371E-01  7.0341390673E-01
</CP of DelSqRho>
<CP of DelSqRho>
CP# = 31      
Type = (2, 0)
Coords = -2.14228865584478E+00 -4.47601441542978E-01 -8.21681119552088E-01
DistFromNuc =  9.4564615845E-01
Rho =  6.0736609433E-02
DelSqRho =  1.0270681107E-01
GradDelSqRho =  1.7529827416E-11 -4.8755166571E-12 -2.6379939899E-13
HessDelSqRho_EigVals = -6.0057812471E-01 -5.2878681612E-12  3.3600203665E-01
HessDelSqRho_EigVec1 =  8.0100906722E-01  2.8637577704E-01  5.2571226783E-01
HessDelSqRho_EigVec2 = -1.3429126639E-10  8.7815973103E-01 -4.7836752273E-01
HessDelSqRho_EigVec3 = -5.9865221475E-01  3.8317672310E-01  7.0341390706E-01
</CP of DelSqRho>
<CP of DelSqRho>
CP# = 32      
Type = (2, 0)
Coords = -2.14228865584482E+00  8.21681119478105E-01  4.47601441678895E-01
DistFromNuc =  9.4564615845E-01
Rho =  6.0736609433E-02
DelSqRho =  1.0270681107E-01
GradDelSqRho =  1.7529738078E-11  2.6373001005E-13  4.8748865188E-12
HessDelSqRho_EigVals = -6.0057812471E-01 -5.2859298821E-12  3.3600203665E-01
HessDelSqRho_EigVec1 =  8.0100906722E-01 -5.2571226778E-01 -2.8637577713E-01
HessDelSqRho_EigVec2 =  1.3437288757E-10 -4.7836752288E-01  8.7815973095E-01
HessDelSqRho_EigVec3 =  5.9865221475E-01  7.0341390700E-01  3.8317672322E-01
</CP of DelSqRho>
<CP of DelSqRho>
CP# = 33      
Type = (2, 0)
Coords = -2.14228865584482E+00 -8.21681119225320E-01  4.47601442142937E-01
DistFromNuc =  9.4564615845E-01
Rho =  6.0736609433E-02
DelSqRho =  1.0270681107E-01
GradDelSqRho =  1.7529399807E-11 -2.6440395012E-13  4.8736470588E-12
HessDelSqRho_EigVals = -6.0057812471E-01 -5.2811645187E-12  3.3600203665E-01
HessDelSqRho_EigVec1 =  8.0100906722E-01  5.2571226762E-01 -2.8637577743E-01
HessDelSqRho_EigVec2 =  1.3435604295E-10  4.7836752337E-01  8.7815973068E-01
HessDelSqRho_EigVec3 = -5.9865221475E-01  7.0341390678E-01 -3.8317672362E-01
</CP of DelSqRho>
<CP of DelSqRho>
CP# = 34      
Type = (2, 0)
Coords = -2.14228865584482E+00  8.21681119203668E-01 -4.47601442182676E-01
DistFromNuc =  9.4564615845E-01
Rho =  6.0736609433E-02
DelSqRho =  1.0270681107E-01
GradDelSqRho =  1.7529463124E-11  2.6423871771E-13 -4.8736071602E-12
HessDelSqRho_EigVals = -6.0057812471E-01 -5.2817648370E-12  3.3600203665E-01
HessDelSqRho_EigVec1 =  8.0100906722E-01 -5.2571226761E-01  2.8637577745E-01
HessDelSqRho_EigVec2 = -1.3436988767E-10  4.7836752342E-01  8.7815973065E-01
HessDelSqRho_EigVec3 =  5.9865221475E-01  7.0341390676E-01 -3.8317672365E-01
</CP of DelSqRho>
<CP of DelSqRho>
CP# = 35      
Type = (2, 0)
Coords = -2.14228865584481E+00 -8.21681119580764E-01 -4.47601441490420E-01
DistFromNuc =  9.4564615845E-01
Rho =  6.0736609433E-02
DelSqRho =  1.0270681107E-01
GradDelSqRho =  1.7529867315E-11 -2.6334143199E-13 -4.8753878538E-12
HessDelSqRho_EigVals = -6.0057812471E-01 -5.2879184923E-12  3.3600203665E-01
HessDelSqRho_EigVec1 =  8.0100906722E-01  5.2571226785E-01  2.8637577701E-01
HessDelSqRho_EigVec2 = -1.3438342068E-10 -4.7836752268E-01  8.7815973106E-01
HessDelSqRho_EigVec3 = -5.9865221475E-01  7.0341390708E-01  3.8317672306E-01
</CP of DelSqRho>
<CP of DelSqRho>
CP# = 36      
Type = (2, 0)
Coords = -2.14228865589556E+00 -1.25754669372386E-04  9.35685255255833E-01
DistFromNuc =  9.4564615846E-01
Rho =  6.0736609430E-02
DelSqRho =  1.0270681106E-01
GradDelSqRho =  6.4351649010E-13 -1.3617579286E-15  3.8163916471E-17
HessDelSqRho_EigVals = -6.0057812470E-01  1.9486849392E-11  3.3600203662E-01
HessDelSqRho_EigVec1 =  8.0100906737E-01  8.0457942780E-05 -5.9865220914E-01
HessDelSqRho_EigVec2 = -6.8633642722E-14  9.9999999097E-01  1.3439847172E-04
HessDelSqRho_EigVec3 =  5.9865221455E-01 -1.0765439444E-04  8.0100906014E-01
</CP of DelSqRho>
<CP of DelSqRho>
CP# = 37      
Type = (2, 0)
Coords = -2.14228865589560E+00 -9.35685249297900E-01  1.64208015222335E-04
DistFromNuc =  9.4564615846E-01
Rho =  6.0736609430E-02
DelSqRho =  1.0270681106E-01
GradDelSqRho =  7.4334028516E-13 -2.3028454144E-16  1.4363510381E-15
HessDelSqRho_EigVals = -6.0057812469E-01  1.9488085362E-11  3.3600203662E-01
HessDelSqRho_EigVec1 =  8.0100906737E-01  5.9865220533E-01 -1.0506042565E-04
HessDelSqRho_EigVec2 =  8.1605602175E-14  1.7549492514E-04  9.9999998460E-01
HessDelSqRho_EigVec3 = -5.9865221455E-01  8.0100905504E-01 -1.4057302627E-04
</CP of DelSqRho>
<CP of DelSqRho>
CP# = 38      
Type = (2, 0)
Coords = -2.14228865589560E+00  9.35685253646625E-01 -1.37207703705319E-04
DistFromNuc =  9.4564615846E-01
Rho =  6.0736609430E-02
DelSqRho =  1.0270681106E-01
GradDelSqRho =  6.8442387174E-13 -3.0617869351E-16 -1.3773704399E-15
HessDelSqRho_EigVals = -6.0057812470E-01  1.9485582364E-11  3.3600203662E-01
HessDelSqRho_EigVec1 =  8.0100906737E-01 -5.9865220811E-01  8.7785603744E-05
HessDelSqRho_EigVec2 = -7.9325391005E-14  1.4663873539E-04  9.9999998925E-01
HessDelSqRho_EigVec3 =  5.9865221455E-01  8.0100905876E-01 -1.1745895663E-04
</CP of DelSqRho>
<CP of DelSqRho>
CP# = 39      
Type = (2, 0)
Coords = -2.14228865586609E+00  8.93014099762003E-01  2.79343391751954E-01
DistFromNuc =  9.4564615855E-01
Rho =  6.0736609420E-02
DelSqRho =  1.0270681106E-01
GradDelSqRho =  4.9943492050E-11  2.5179797483E-12  5.2620074097E-12
HessDelSqRho_EigVals = -6.0057812439E-01  1.1076265511E-11  3.3600203650E-01
HessDelSqRho_EigVec1 =  8.0100906728E-01 -5.7135116817E-01 -1.7872413596E-01
HessDelSqRho_EigVec2 =  1.3808407403E-10 -2.9854418220E-01  9.5439581478E-01
HessDelSqRho_EigVec3 =  5.9865221468E-01  7.6447970144E-01  2.3913659684E-01
</CP of DelSqRho>
<CP of DelSqRho>
CP# = 40      
Type = (2, 0)
Coords = -2.14228865586609E+00 -8.93014102541561E-01  2.79343382865630E-01
DistFromNuc =  9.4564615855E-01
Rho =  6.0736609420E-02
DelSqRho =  1.0270681106E-01
GradDelSqRho =  4.9871541792E-11 -2.5187716496E-12  5.2596624972E-12
HessDelSqRho_EigVals = -6.0057812439E-01  1.1080746059E-11  3.3600203650E-01
HessDelSqRho_EigVec1 =  8.0100906728E-01  5.7135116994E-01 -1.7872413027E-01
HessDelSqRho_EigVec2 =  1.3806129840E-10  2.9854417270E-01  9.5439581775E-01
HessDelSqRho_EigVec3 = -5.9865221468E-01  7.6447970382E-01 -2.3913658924E-01
</CP of DelSqRho>
<CP of DelSqRho>
CP# = 41      
Type = (2, 0)
Coords = -2.14228865586609E+00  8.93014102311143E-01 -2.79343383602278E-01
DistFromNuc =  9.4564615855E-01
Rho =  6.0736609420E-02
DelSqRho =  1.0270681106E-01
GradDelSqRho =  4.9877408627E-11  2.5191641308E-12 -5.2600645194E-12
HessDelSqRho_EigVals = -6.0057812439E-01  1.1080308415E-11  3.3600203650E-01
HessDelSqRho_EigVec1 =  8.0100906728E-01 -5.7135116980E-01  1.7872413074E-01
HessDelSqRho_EigVec2 = -1.3807579458E-10  2.9854417349E-01  9.5439581751E-01
HessDelSqRho_EigVec3 =  5.9865221468E-01  7.6447970362E-01 -2.3913658987E-01
</CP of DelSqRho>
<CP of DelSqRho>
CP# = 42      
Type = (2, 0)
Coords = -2.14228865586608E+00 -8.93014099227857E-01 -2.79343393459612E-01
DistFromNuc =  9.4564615855E-01
Rho =  6.0736609420E-02
DelSqRho =  1.0270681106E-01
GradDelSqRho =  4.9957453539E-11 -2.5177950003E-12 -5.2624497641E-12
HessDelSqRho_EigVals = -6.0057812439E-01  1.1075866032E-11  3.3600203650E-01
HessDelSqRho_EigVec1 =  8.0100906728E-01  5.7135116782E-01  1.7872413705E-01
HessDelSqRho_EigVec2 = -1.3809752376E-10 -2.9854418402E-01  9.5439581421E-01
HessDelSqRho_EigVec3 = -5.9865221468E-01  7.6447970098E-01  2.3913659831E-01
</CP of DelSqRho>
<CP of DelSqRho>
CP# = 43      
Type = (2, 0)
Coords = -2.14228865586605E+00  2.79343390387882E-01  8.93014100188616E-01
DistFromNuc =  9.4564615855E-01
Rho =  6.0736609420E-02
DelSqRho =  1.0270681106E-01
GradDelSqRho =  4.9932554619E-11  5.2618005439E-12  2.5181211283E-12
HessDelSqRho_EigVals = -6.0057812439E-01  1.1076407934E-11  3.3600203650E-01
HessDelSqRho_EigVec1 =  8.0100906728E-01 -1.7872413508E-01 -5.7135116844E-01
HessDelSqRho_EigVec2 =  1.3803200491E-10  9.5439581524E-01 -2.9854418074E-01
HessDelSqRho_EigVec3 =  5.9865221468E-01  2.3913659568E-01  7.6447970180E-01
</CP of DelSqRho>
<CP of DelSqRho>
CP# = 44      
Type = (2, 0)
Coords = -2.14228865586606E+00 -2.79343384393818E-01  8.93014102063503E-01
DistFromNuc =  9.4564615855E-01
Rho =  6.0736609420E-02
DelSqRho =  1.0270681106E-01
GradDelSqRho =  4.9884033970E-11 -5.2601152600E-12  2.5190370623E-12
HessDelSqRho_EigVals = -6.0057812439E-01  1.1078980784E-11  3.3600203650E-01
HessDelSqRho_EigVec1 =  8.0100906728E-01  1.7872413125E-01 -5.7135116964E-01
HessDelSqRho_EigVec2 = -1.3801425025E-10  9.5439581724E-01  2.9854417433E-01
HessDelSqRho_EigVec3 =  5.9865221468E-01 -2.3913659054E-01  7.6447970341E-01
</CP of DelSqRho>
<CP of DelSqRho>
CP# = 45      
Type = (2, 0)
Coords = -2.14228865586605E+00  2.79343382223654E-01 -8.93014102742297E-01
DistFromNuc =  9.4564615855E-01
Rho =  6.0736609420E-02
DelSqRho =  1.0270681106E-01
GradDelSqRho =  4.9866305096E-11  5.2595358624E-12 -2.5189394841E-12
HessDelSqRho_EigVals = -6.0057812439E-01  1.1081393455E-11  3.3600203650E-01
HessDelSqRho_EigVec1 =  8.0100906728E-01 -1.7872412986E-01  5.7135117007E-01
HessDelSqRho_EigVec2 =  1.3800551244E-10  9.5439581797E-01  2.9854417201E-01
HessDelSqRho_EigVec3 = -5.9865221468E-01 -2.3913658869E-01  7.6447970399E-01
</CP of DelSqRho>
<CP of DelSqRho>
CP# = 46      
Type = (2, 0)
Coords = -2.14228865586604E+00 -2.79343393821284E-01 -8.93014099114665E-01
DistFromNuc =  9.4564615855E-01
Rho =  6.0736609420E-02
DelSqRho =  1.0270681106E-01
GradDelSqRho =  4.9960268561E-11 -5.2627095390E-12 -2.5178435725E-12
HessDelSqRho_EigVals = -6.0057812439E-01  1.1075416226E-11  3.3600203650E-01
HessDelSqRho_EigVec1 =  8.0100906728E-01  1.7872413728E-01  5.7135116775E-01
HessDelSqRho_EigVec2 = -1.3803495163E-10  9.5439581409E-01 -2.9854418441E-01
HessDelSqRho_EigVec3 = -5.9865221468E-01  2.3913659862E-01  7.6447970088E-01
</CP of DelSqRho>
<CP of DelSqRho>
CP# = 47      
Type = (2, 0)
Coords = -2.14228865587796E+00  6.11176798878827E-02  9.33687068490227E-01
DistFromNuc =  9.4564615843E-01
Rho =  6.0736609435E-02
DelSqRho =  1.0270681106E-01
GradDelSqRho = -1.6783624837E-11  1.6605189446E-12  7.3117085303E-12
HessDelSqRho_EigVals = -6.0057812485E-01  2.6738133871E-11  3.3600203667E-01
HessDelSqRho_EigVec1 =  8.0100906736E-01 -3.9103142781E-02 -5.9737376761E-01
HessDelSqRho_EigVec2 =  3.8106609015E-11  9.9786445799E-01 -6.5318630415E-02
HessDelSqRho_EigVec3 =  5.9865221457E-01  5.2320815207E-02  7.9929847885E-01
</CP of DelSqRho>
<CP of DelSqRho>
CP# = 48      
Type = (2, 0)
Coords = -2.14228865589619E+00 -1.68765884704607E-02  9.35533053167062E-01
DistFromNuc =  9.4564615851E-01
Rho =  6.0736609424E-02
DelSqRho =  1.0270681106E-01
GradDelSqRho =  2.2250828784E-11 -3.2199590216E-13 -3.0872786966E-13
HessDelSqRho_EigVals = -6.0057812453E-01  1.9112865270E-11  3.3600203655E-01
HessDelSqRho_EigVec1 =  8.0100906736E-01  1.0797655437E-02 -5.9855483010E-01
HessDelSqRho_EigVec2 = -1.0609599026E-11  9.9983732715E-01  1.8036608178E-02
HessDelSqRho_EigVec3 =  5.9865221456E-01 -1.4447486689E-02  8.0087876494E-01
</CP of DelSqRho>
<CP of DelSqRho>
CP# = 49      
Type = (2, 0)
Coords = -2.14228865589620E+00  1.68006859479785E-02 -9.35534419329506E-01
DistFromNuc =  9.4564615850E-01
Rho =  6.0736609425E-02
DelSqRho =  1.0270681106E-01
GradDelSqRho =  2.0351159993E-11  3.1944976178E-13  3.2175824505E-13
HessDelSqRho_EigVals = -6.0057812454E-01  1.9099741720E-11  3.3600203656E-01
HessDelSqRho_EigVec1 =  8.0100906737E-01 -1.0749092940E-02  5.9855570417E-01
HessDelSqRho_EigVec2 =  1.0553715312E-11  9.9983878722E-01  1.7955488462E-02
HessDelSqRho_EigVec3 = -5.9865221456E-01 -1.4382509061E-02  8.0087993447E-01
</CP of DelSqRho>
<CP of DelSqRho>
CP# = 50      
Type = (2, 0)
Coords = -2.14228865589607E+00 -1.72139328385604E-02 -9.35526906807456E-01
DistFromNuc =  9.4564615853E-01
Rho =  6.0736609422E-02
DelSqRho =  1.0270681106E-01
GradDelSqRho =  3.1354877462E-11 -3.3245064687E-13  2.5810430182E-13
HessDelSqRho_EigVals = -6.0057812446E-01  1.9165460886E-11  3.3600203652E-01
HessDelSqRho_EigVec1 =  8.0100906736E-01  1.1013488647E-02  5.9855089765E-01
HessDelSqRho_EigVec2 = -1.0850638561E-11  9.9983075830E-01 -1.8397140059E-02
HessDelSqRho_EigVec3 = -5.9865221457E-01  1.4736275994E-02  8.0087350322E-01
</CP of DelSqRho>
<CP of DelSqRho>
CP# = 51      
Type = (2, 0)
Coords = -2.14228865589615E+00  9.35528438067909E-01  1.71305108199024E-02
DistFromNuc =  9.4564615852E-01
Rho =  6.0736609422E-02
DelSqRho =  1.0270681106E-01
GradDelSqRho =  2.8981652148E-11 -2.6983667037E-13  3.2995221139E-13
HessDelSqRho_EigVals = -6.0057812448E-01  1.9152719230E-11  3.3600203653E-01
HessDelSqRho_EigVec1 =  8.0100906736E-01 -5.9855187735E-01 -1.0960115169E-02
HessDelSqRho_EigVec2 =  1.0794528606E-11 -1.8307983991E-02  9.9983239482E-01
HessDelSqRho_EigVec3 =  5.9865221457E-01  8.0087481409E-01  1.4664861176E-02
</CP of DelSqRho>
<CP of DelSqRho>
CP# = 52      
Type = (2, 0)
Coords = -2.14228865589625E+00 -9.35534056704619E-01  1.68208664030401E-02
DistFromNuc =  9.4564615851E-01
Rho =  6.0736609425E-02
DelSqRho =  1.0270681106E-01
GradDelSqRho =  2.0850981532E-11  3.1850607221E-13  3.2010678830E-13
HessDelSqRho_EigVals = -6.0057812454E-01  1.9103243053E-11  3.3600203655E-01
HessDelSqRho_EigVec1 =  8.0100906736E-01  5.9855547217E-01 -1.0762004412E-02
HessDelSqRho_EigVec2 =  1.0570931365E-11  1.7977056030E-02  9.9983839967E-01
HessDelSqRho_EigVec3 = -5.9865221456E-01  8.0087962404E-01 -1.4399784878E-02
</CP of DelSqRho>
<CP of DelSqRho>
CP# = 53      
Type = (2, 0)
Coords = -2.14228865589623E+00  9.35533157595851E-01 -1.68707985739360E-02
DistFromNuc =  9.4564615851E-01
Rho =  6.0736609424E-02
DelSqRho =  1.0270681106E-01
GradDelSqRho =  2.2054588190E-11 -3.1034723402E-13 -3.2165633004E-13
HessDelSqRho_EigVals = -6.0057812453E-01  1.9111012322E-11  3.3600203655E-01
HessDelSqRho_EigVec1 =  8.0100906736E-01 -5.9855489691E-01  1.0793951057E-02
HessDelSqRho_EigVec2 = -1.0616964035E-11  1.8030420310E-02  9.9983743876E-01
HessDelSqRho_EigVec3 =  5.9865221456E-01  8.0087885434E-01 -1.4442530151E-02
</CP of DelSqRho>
<CP of DelSqRho>
CP# = 54      
Type = (2, 0)
Coords = -2.14228865589613E+00 -9.35527050280759E-01 -1.72061336865243E-02
DistFromNuc =  9.4564615853E-01
Rho =  6.0736609422E-02
DelSqRho =  1.0270681106E-01
GradDelSqRho =  3.1071367701E-11  2.5887885585E-13 -3.3209372752E-13
HessDelSqRho_EigVals = -6.0057812446E-01  1.9165269762E-11  3.3600203652E-01
HessDelSqRho_EigVec1 =  8.0100906736E-01  5.9855098944E-01  1.1008498743E-02
HessDelSqRho_EigVec2 = -1.0856871149E-11 -1.8388804829E-02  9.9983091163E-01
HessDelSqRho_EigVec3 = -5.9865221457E-01  8.0087362605E-01  1.4729599399E-02
</CP of DelSqRho>
<CP of DelSqRho>
CP# = 55      
Type = (2, 0)
Coords = -2.14228865590293E+00 -8.86053660982272E-01  3.00692238220646E-01
DistFromNuc =  9.4564615822E-01
Rho =  6.0736609458E-02
DelSqRho =  1.0270681106E-01
GradDelSqRho = -8.7570669466E-11  1.4669778847E-11 -3.3036681030E-13
HessDelSqRho_EigVals = -6.0057812543E-01 -9.9071783985E-12  3.3600203696E-01
HessDelSqRho_EigVec1 =  8.0100906738E-01  5.6689787368E-01 -1.9238314582E-01
HessDelSqRho_EigVec2 =  1.4238002064E-10  3.2136045109E-01  9.4695694753E-01
HessDelSqRho_EigVec3 = -5.9865221454E-01  7.5852110142E-01 -2.5741263514E-01
</CP of DelSqRho>
<CP of DelSqRho>
CP# = 56      
Type = (2, 0)
Coords = -2.14228865590900E+00  2.46888934138829E-01  9.02525770771618E-01
DistFromNuc =  9.4564615846E-01
Rho =  6.0736609429E-02
DelSqRho =  1.0270681106E-01
GradDelSqRho =  1.4423669724E-11  3.0044434822E-13 -1.4043462573E-11
HessDelSqRho_EigVals = -6.0057812462E-01 -5.0044550157E-12  3.3600203662E-01
HessDelSqRho_EigVec1 =  8.0100906735E-01 -1.5795974680E-01 -5.7743674321E-01
HessDelSqRho_EigVec2 =  1.2914991540E-10  9.6456127477E-01 -2.6385895325E-01
HessDelSqRho_EigVec3 =  5.9865221458E-01  2.1135341398E-01  7.7262232713E-01
</CP of DelSqRho>
<CP of DelSqRho>
CP# = 57      
Type = (2, 0)
Coords = -2.14228865590901E+00 -2.46888933147396E-01  9.02525771042823E-01
DistFromNuc =  9.4564615846E-01
Rho =  6.0736609429E-02
DelSqRho =  1.0270681106E-01
GradDelSqRho =  1.4422575113E-11 -2.9853029770E-13 -1.4043344612E-11
HessDelSqRho_EigVals = -6.0057812462E-01 -5.0029995984E-12  3.3600203662E-01
HessDelSqRho_EigVec1 =  8.0100906735E-01  1.5795974617E-01 -5.7743674339E-01
HessDelSqRho_EigVec2 = -1.2913311350E-10  9.6456127506E-01  2.6385895219E-01
HessDelSqRho_EigVec3 =  5.9865221458E-01 -2.1135341313E-01  7.7262232736E-01
</CP of DelSqRho>
<CP of DelSqRho>
CP# = 58      
Type = (2, 0)
Coords = -2.14228865590900E+00  2.46888932869137E-01 -9.02525771118929E-01
DistFromNuc =  9.4564615846E-01
Rho =  6.0736609429E-02
DelSqRho =  1.0270681106E-01
GradDelSqRho =  1.4422326614E-11  2.9784334721E-13  1.4043420073E-11
HessDelSqRho_EigVals = -6.0057812462E-01 -5.0013615457E-12  3.3600203662E-01
HessDelSqRho_EigVec1 =  8.0100906735E-01 -1.5795974599E-01  5.7743674343E-01
HessDelSqRho_EigVec2 =  1.2912180431E-10  9.6456127514E-01  2.6385895190E-01
HessDelSqRho_EigVec3 = -5.9865221458E-01 -2.1135341290E-01  7.7262232743E-01
</CP of DelSqRho>
<CP of DelSqRho>
CP# = 59      
Type = (2, 0)
Coords = -2.14228865590899E+00 -2.46888934572299E-01 -9.02525770653026E-01
DistFromNuc =  9.4564615846E-01
Rho =  6.0736609429E-02
DelSqRho =  1.0270681106E-01
GradDelSqRho =  1.4424181467E-11 -3.0127191974E-13  1.4044156463E-11
HessDelSqRho_EigVals = -6.0057812462E-01 -5.0059307241E-12  3.3600203662E-01
HessDelSqRho_EigVec1 =  8.0100906735E-01  1.5795974708E-01  5.7743674314E-01
HessDelSqRho_EigVec2 = -1.2915431723E-10  9.6456127464E-01 -2.6385895372E-01
HessDelSqRho_EigVec3 = -5.9865221458E-01  2.1135341435E-01  7.7262232703E-01
</CP of DelSqRho>
<CP of DelSqRho>
CP# = 60      
Type = (2, 0)
Coords = -2.14228865590904E+00  9.02525770725928E-01  2.46888934306068E-01
DistFromNuc =  9.4564615846E-01
Rho =  6.0736609429E-02
DelSqRho =  1.0270681106E-01
GradDelSqRho =  1.4424064373E-11 -1.4044138248E-11  3.0060415962E-13
HessDelSqRho_EigVals = -6.0057812462E-01 -5.0055681511E-12  3.3600203662E-01
HessDelSqRho_EigVec1 =  8.0100906735E-01 -5.7743674318E-01 -1.5795974691E-01
HessDelSqRho_EigVec2 =  1.2919695188E-10 -2.6385895343E-01  9.6456127472E-01
HessDelSqRho_EigVec3 =  5.9865221458E-01  7.7262232709E-01  2.1135341413E-01
</CP of DelSqRho>
<CP of DelSqRho>
CP# = 61      
Type = (2, 0)
Coords = -2.14228865590904E+00 -9.02525771074096E-01  2.46888933033287E-01
DistFromNuc =  9.4564615846E-01
Rho =  6.0736609429E-02
DelSqRho =  1.0270681106E-01
GradDelSqRho =  1.4422681799E-11  1.4043457803E-11  2.9823257579E-13
HessDelSqRho_EigVals = -6.0057812462E-01 -5.0011417790E-12  3.3600203662E-01
HessDelSqRho_EigVec1 =  8.0100906735E-01  5.7743674340E-01 -1.5795974609E-01
HessDelSqRho_EigVec2 =  1.2917330240E-10  2.6385895207E-01  9.6456127509E-01
HessDelSqRho_EigVec3 = -5.9865221458E-01  7.7262232739E-01 -2.1135341304E-01
</CP of DelSqRho>
<CP of DelSqRho>
CP# = 62      
Type = (2, 0)
Coords = -2.14228865590904E+00  9.02525771072198E-01 -2.46888933040219E-01
DistFromNuc =  9.4564615846E-01
Rho =  6.0736609429E-02
DelSqRho =  1.0270681106E-01
GradDelSqRho =  1.4422301894E-11 -1.4042665468E-11 -2.9840756602E-13
HessDelSqRho_EigVals = -6.0057812462E-01 -5.0019544157E-12  3.3600203662E-01
HessDelSqRho_EigVec1 =  8.0100906735E-01 -5.7743674340E-01  1.5795974610E-01
HessDelSqRho_EigVec2 = -1.2918575061E-10  2.6385895208E-01  9.6456127509E-01
HessDelSqRho_EigVec3 =  5.9865221458E-01  7.7262232739E-01 -2.1135341304E-01
</CP of DelSqRho>
<CP of DelSqRho>
CP# = 63      
Type = (2, 0)
Coords = -2.14228865590903E+00 -9.02525770649645E-01 -2.46888934584905E-01
DistFromNuc =  9.4564615846E-01
Rho =  6.0736609429E-02
DelSqRho =  1.0270681106E-01
GradDelSqRho =  1.4424388333E-11  1.4044196361E-11 -3.0115059751E-13
HessDelSqRho_EigVals = -6.0057812462E-01 -5.0055575189E-12  3.3600203662E-01
HessDelSqRho_EigVec1 =  8.0100906735E-01  5.7743674313E-01  1.5795974709E-01
HessDelSqRho_EigVec2 = -1.2921152671E-10 -2.6385895373E-01  9.6456127464E-01
HessDelSqRho_EigVec3 = -5.9865221458E-01  7.7262232702E-01  2.1135341436E-01
</CP of DelSqRho>
<CP of DelSqRho>
CP# = 64      
Type = (2, 0)
Coords = -2.14228865584938E+00  4.48073884245985E-01  8.21423585763454E-01
DistFromNuc =  9.4564615860E-01
Rho =  6.0736609413E-02
