 AIMInt (Version 19.10.12, Professional)
 Portions Copyright (c) 1997-2019 by Todd A. Keith
 AIMInt is a component of the AIMAll package ( http://aim.tkgristmill.com )

 TP:  64-bit Mac OS X

 AIMInt is a heavily modified and extended version of the PROAIMV program
 developed by members of R.F.W. Bader's research group

 Much of the Quantum Theory of Atoms in Molecules (QTAIM) is described in the book:
   "Atoms in Molecules - A Quantum Theory"
   R.F.W. Bader, Oxford University Press, Oxford, 1990

 For additional references see:  http://aim.tkgristmill.com/references.html

 Current Directory:  /Users/chemlab/Documents/SubstituentCoding/BCP Map Reference/BCPMapReference

 Inp File:  SubH_NHCHO_wb97xd_aug-cc-pvtz_reor_atomicfiles/c3.inp
 Wfx File:  SubH_NHCHO_wb97xd_aug-cc-pvtz_reor.wfx
 Out File:  SubH_NHCHO_wb97xd_aug-cc-pvtz_reor_atomicfiles/c3.int

 Wfx Title:   single point on SubH_NHCHO_wb97xd_aug-cc-pvtz reoriented by subproptools      
 Job Title:   single point on SubH_NHCHO_wb97xd_aug-cc-pvtz reoriented by subproptools      
 
<Atom>
C3      
</Atom>
<Nuclei of Molecule>
     6
N1         7.0           0.0000000000E+00   0.0000000000E+00   0.0000000000E+00
H2         1.0          -1.8931333008E+00   0.0000000000E+00   0.0000000000E+00
C3         6.0           1.3291728848E+00  -2.1859236871E+00  -2.4413522981E-04
O4         8.0           3.6047168333E+00  -2.3243328976E+00  -3.0363476863E-04
H5         1.0           1.0124018740E-01  -3.8710416052E+00  -2.3143249080E-04
H6         1.0           9.3163308968E-01   1.6544387814E+00   0.0000000000E+00
</Nuclei of Molecule>
<Total Number of CPs of DelSqRho>
    24
</Total Number of CPs of DelSqRho>
<Number of (3,+3) CPs of DelSqRho>
     2
</Number of (3,+3) CPs of DelSqRho>
<Number of (3,+1) CPs of DelSqRho>
    10
</Number of (3,+1) CPs of DelSqRho>
<Number of (3,-1) CPs of DelSqRho>
    10
</Number of (3,-1) CPs of DelSqRho>
<Number of (3,-3) CPs of DelSqRho>
     2
</Number of (3,-3) CPs of DelSqRho>
<Number of Degenerate CPs of DelSqRho>
     0
</Number of Degenerate CPs of DelSqRho>
<CP of DelSqRho>
CP# = 1       
Type = (3,+3)
Coords =  1.32917279579094E+00 -2.18592349355854E+00 -2.44135214330620E-04
DistFromNuc =  2.1298088145E-07
Rho =  1.2113208789E+02
DelSqRho = -7.4601864732E+05
GradDelSqRho =  1.1071165318E-06 -2.5578701752E-06  3.5564884371E-12
HessDelSqRho_EigVals =  1.5982316647E+10  1.5982318720E+10  1.5982321523E+10
HessDelSqRho_EigVec1 =  4.4371192111E-05 -4.7821188956E-05  9.9999999787E-01
HessDelSqRho_EigVec2 =  2.1068360235E-01  9.7755430453E-01  3.7399526597E-05
HessDelSqRho_EigVec3 =  9.7755430424E-01 -2.1068360024E-01 -5.3450390203E-05
</CP of DelSqRho>
<CP of DelSqRho>
CP# = 2       
Type = (3,+1)
Coords =  5.33782152692657E-01 -3.26595505090521E+00 -2.39052974701233E-04
DistFromNuc =  1.3413106141E+00
Rho =  2.8943804056E-01
DelSqRho = -1.1519574752E+00
GradDelSqRho =  2.4158453016E-12  3.4861835640E-12 -4.8409627001E-17
HessDelSqRho_EigVals = -1.1111000626E+01  8.6773967740E+00  9.1372918963E+00
HessDelSqRho_EigVec1 =  5.8723226778E-01  8.0941847247E-01 -1.0573120738E-05
HessDelSqRho_EigVec2 =  6.8536443139E-05 -3.6660505330E-05  9.9999999698E-01
HessDelSqRho_EigVec3 =  8.0941846963E-01 -5.8723226673E-01 -7.7002894797E-05
</CP of DelSqRho>
<CP of DelSqRho>
CP# = 3       
Type = (3,+1)
Coords =  1.24039947168111E+00 -1.97976957905095E+00 -2.30348022919785E-04
DistFromNuc =  2.2445541943E-01
Rho =  9.2093049882E+00
DelSqRho =  2.7851316236E+02
GradDelSqRho = -2.4158453016E-13  1.2967404928E-12  1.7034984534E-15
HessDelSqRho_EigVals = -5.7437779003E+04  1.1993773277E+01  2.0110333498E+02
HessDelSqRho_EigVec1 = -3.9565256600E-01  9.1840026309E-01  6.1401245889E-05
HessDelSqRho_EigVec2 =  9.1840026464E-01  3.9565256712E-01 -6.7873517064E-06
HessDelSqRho_EigVec3 =  3.0527066153E-05 -5.3705487354E-05  9.9999999809E-01
</CP of DelSqRho>
<CP of DelSqRho>
CP# = 4       
Type = (3,-3)
Coords =  1.36603678711075E+00 -2.25719295977416E+00  2.08506395865372E-01
DistFromNuc =  2.2364042739E-01
Rho =  9.2287016167E+00
DelSqRho =  2.8508788811E+02
GradDelSqRho =  1.1137757383E-12 -2.7711166695E-13 -2.1458390620E-12
HessDelSqRho_EigVals = -5.9865251520E+04 -2.2368653700E+02 -1.1245592500E+02
HessDelSqRho_EigVec1 =  1.6550326571E-01 -3.2028477060E-01  9.3275202211E-01
HessDelSqRho_EigVec2 =  8.7020580137E-01  4.9246915375E-01  1.4696797917E-02
HessDelSqRho_EigVec3 = -4.6405875954E-01  8.0925385283E-01  3.6021891868E-01
</CP of DelSqRho>
<CP of DelSqRho>
CP# = 5       
Type = (3,-3)
Coords =  1.36602447659898E+00 -2.25717218023686E+00 -2.09003912394759E-01
DistFromNuc =  2.2364040816E-01
Rho =  9.2287030625E+00
DelSqRho =  2.8508792098E+02
GradDelSqRho = -1.4388490399E-12  1.2665424265E-12  2.4300561563E-12
HessDelSqRho_EigVals = -5.9865303108E+04 -2.2368679222E+02 -1.1245588173E+02
HessDelSqRho_EigVec1 = -1.6544825448E-01  3.2019190897E-01  9.3279366235E-01
HessDelSqRho_EigVec2 =  8.7020575941E-01  4.9246917854E-01 -1.4698451548E-02
HessDelSqRho_EigVec3 = -4.6407845390E-01  8.0929058417E-01 -3.6011100928E-01
</CP of DelSqRho>
<CP of DelSqRho>
CP# = 6       
Type = (3,-1)
Coords =  1.43769233771069E+00 -2.38122229181439E+00 -2.55403485527163E-04
DistFromNuc =  2.2342340256E-01
Rho =  9.2670966749E+00
DelSqRho =  2.8382367727E+02
GradDelSqRho =  1.7692514120E-12  8.2422957348E-13 -1.0842021725E-16
HessDelSqRho_EigVals = -6.0199104319E+04 -1.6096911021E+02  7.6959916054E+01
HessDelSqRho_EigVec1 = -4.8548355160E-01  8.7424579986E-01  5.0479137868E-05
HessDelSqRho_EigVec2 =  8.7424580093E-01  4.8548355230E-01 -1.7266354661E-06
HessDelSqRho_EigVec3 =  2.6016294973E-05 -4.3292921197E-05  9.9999999872E-01
</CP of DelSqRho>
<CP of DelSqRho>
CP# = 7       
Type = (3,-1)
Coords =  1.82663645706319E+00 -1.29896914792282E+00 -2.02530588864488E-04
DistFromNuc =  1.0169357708E+00
Rho =  1.9075083194E-01
DelSqRho =  2.0430292311E-01
GradDelSqRho = -4.9960036108E-16  0.0000000000E+00 -5.9631119487E-19
HessDelSqRho_EigVals = -4.2837678782E+00 -6.9553269494E-01  1.0857012095E+01
HessDelSqRho_EigVec1 =  8.6318546624E-01 -5.0488696487E-01 -5.9873593290E-05
HessDelSqRho_EigVec2 =  3.0812121300E-05 -6.5909837563E-05  9.9999999735E-01
HessDelSqRho_EigVec3 =  5.0488696748E-01  8.6318546580E-01  4.1335775462E-05
</CP of DelSqRho>
<CP of DelSqRho>
CP# = 8       
Type = (3,-1)
Coords =  3.37394300343550E-01 -2.08424069851871E+00 -2.16997662124052E-05
DistFromNuc =  9.9697755250E-01
Rho =  2.0304819007E-01
DelSqRho =  1.7038952865E-02
GradDelSqRho = -6.6613381478E-16  1.6722734308E-15 -1.3715157482E-17
HessDelSqRho_EigVals = -4.4050533401E+00 -4.7087443553E-02  1.3451307094E+01
HessDelSqRho_EigVec1 =  9.2869590971E-02  9.9567827832E-01  7.1742019218E-05
HessDelSqRho_EigVec2 =  1.8635527810E-04 -8.9435270485E-05  9.9999997864E-01
HessDelSqRho_EigVec3 =  9.9567826347E-01 -9.2869575617E-02 -1.9385571944E-04
</CP of DelSqRho>
<CP of DelSqRho>
CP# = 9       
Type = (3,-1)
Coords =  1.78711908861980E+00 -3.07966313028632E+00 -3.14270854926446E-04
DistFromNuc =  1.0042335002E+00
Rho =  2.0180117686E-01
DelSqRho =  1.2461815050E-01
GradDelSqRho =  2.2204460493E-16 -3.3306690739E-15  1.6534083130E-18
HessDelSqRho_EigVals = -4.0010291476E+00 -6.0547176233E-01  1.2248134953E+01
HessDelSqRho_EigVec1 =  8.8440384324E-01  4.6672244642E-01 -8.4931395371E-06
HessDelSqRho_EigVec2 =  3.8772956839E-05 -5.5274419995E-05  9.9999999772E-01
HessDelSqRho_EigVec3 = -4.6672244489E-01  8.8440384155E-01  6.6981118747E-05
</CP of DelSqRho>
<CP of DelSqRho>
CP# = 10      
Type = (3,-1)
Coords =  1.19438297352841E+00 -2.08622632185541E+00  1.06513194009788E+00
DistFromNuc =  1.0784869339E+00
Rho =  1.2608802214E-01
DelSqRho =  7.5960489193E-02
GradDelSqRho = -2.7755575616E-16  1.2490009027E-15  5.1070259133E-15
HessDelSqRho_EigVals = -6.6715494274E-01 -2.7302694463E-01  6.4930518866E+00
HessDelSqRho_EigVec1 = -3.7014253594E-01  9.1761998956E-01 -1.4480351464E-01
HessDelSqRho_EigVec2 =  9.2053579781E-01  3.8325962578E-01  7.5669704660E-02
HessDelSqRho_EigVec3 = -1.2493337443E-01  1.0528824250E-01  9.8656273898E-01
</CP of DelSqRho>
<CP of DelSqRho>
CP# = 11      
Type = (3,-1)
Coords =  1.19427386297367E+00 -2.08610701732450E+00 -1.06559022025853E+00
DistFromNuc =  1.0784819862E+00
Rho =  1.2608810163E-01
DelSqRho =  7.5939858730E-02
GradDelSqRho =  0.0000000000E+00  1.2212453271E-15 -4.2188474936E-15
HessDelSqRho_EigVals = -6.6709878825E-01 -2.7299541836E-01  6.4933948660E+00
HessDelSqRho_EigVec1 = -3.7006064159E-01  9.1763142094E-01  1.4494032166E-01
HessDelSqRho_EigVec2 =  9.2055395390E-01  3.8320228126E-01 -7.5739221036E-02
HessDelSqRho_EigVec3 =  1.2504215093E-01 -1.0539728146E-01  9.8653731483E-01
</CP of DelSqRho>
<CP of DelSqRho>
CP# = 12      
Type = (3,+1)
Coords =  1.52222416094420E+00 -1.73184992916899E+00  9.28956738909680E-01
DistFromNuc =  1.0520770111E+00
Rho =  1.4703742716E-01
DelSqRho =  6.1877626534E-02
GradDelSqRho =  3.8857805862E-16  2.2204460493E-15  1.5543122345E-15
HessDelSqRho_EigVals = -1.6445048661E+00  3.1730034674E-01  8.5920562959E+00
HessDelSqRho_EigVec1 =  8.2740417559E-01 -5.5631233006E-01  7.6934528242E-02
HessDelSqRho_EigVec2 =  5.0961986184E-01  6.8617118099E-01 -5.1909219489E-01
HessDelSqRho_EigVec3 =  2.3598713236E-01  4.6870641323E-01  8.5124871311E-01
</CP of DelSqRho>
<CP of DelSqRho>
CP# = 13      
Type = (3,+1)
Coords =  1.56230704869574E+00 -2.72583874740575E+00  8.51376532941961E-01
DistFromNuc =  1.0349481017E+00
Rho =  1.5900476519E-01
DelSqRho =  2.0778966307E-02
GradDelSqRho = -4.4420023215E-12  5.1536552803E-13 -1.2700951402E-13
HessDelSqRho_EigVals = -1.8517377105E+00  4.2218512585E-01  9.8979631697E+00
HessDelSqRho_EigVec1 =  8.8692706031E-01  4.6075512041E-01  3.2636003295E-02
HessDelSqRho_EigVec2 = -3.7946953212E-01  6.8652507472E-01  6.2023076026E-01
HessDelSqRho_EigVec3 =  2.6336906403E-01 -5.6248381381E-01  7.8374019631E-01
</CP of DelSqRho>
<CP of DelSqRho>
CP# = 14      
Type = (3,+1)
Coords =  1.52212123584123E+00 -1.73177636361257E+00 -9.29432629036969E-01
DistFromNuc =  1.0520789488E+00
Rho =  1.4703262140E-01
DelSqRho =  6.1860058167E-02
GradDelSqRho =  8.8817841970E-16  3.3306690739E-16 -1.5543122345E-15
HessDelSqRho_EigVals = -1.6441674847E+00  3.1727523168E-01  8.5918780668E+00
HessDelSqRho_EigVec1 =  8.2738716050E-01 -5.5631693393E-01 -7.7084081838E-02
HessDelSqRho_EigVec2 =  5.0969482011E-01  6.8612327484E-01  5.1908192232E-01
HessDelSqRho_EigVec3 = -2.3588488081E-01 -4.6877107500E-01  8.5124144768E-01
</CP of DelSqRho>
<CP of DelSqRho>
CP# = 15      
Type = (3,+1)
Coords =  1.56222080272080E+00 -2.72570229047674E+00 -8.51980018311642E-01
DistFromNuc =  1.0349523116E+00
Rho =  1.5899821020E-01
DelSqRho =  2.0770509076E-02
GradDelSqRho = -4.7500336997E-12  3.9279690611E-13 -8.4598994476E-14
HessDelSqRho_EigVals = -1.8514040095E+00  4.2214804055E-01  9.8975778560E+00
HessDelSqRho_EigVec1 =  8.8692286780E-01  4.6076212413E-01 -3.2651057301E-02
HessDelSqRho_EigVec2 = -3.7953487632E-01  6.8662757907E-01 -6.2007728979E-01
HessDelSqRho_EigVec3 = -2.6328901274E-01  5.6235294311E-01  7.8386099734E-01
</CP of DelSqRho>
<CP of DelSqRho>
CP# = 16      
Type = (3,+1)
Coords =  3.76143392542822E-01 -2.09256122042352E+00  3.03005288851722E-01
DistFromNuc =  1.0044610378E+00
Rho =  1.9536901105E-01
DelSqRho =  1.5993525313E-02
GradDelSqRho = -1.5543122345E-15  6.3143934526E-16  6.6613381478E-16
HessDelSqRho_EigVals = -3.9884949538E+00  7.9576875704E-02  1.2677094835E+01
HessDelSqRho_EigVec1 =  9.1381713359E-02  9.9544390337E-01  2.7217966634E-02
HessDelSqRho_EigVec2 =  2.5312587058E-01 -4.9654167852E-02  9.6615824649E-01
HessDelSqRho_EigVec3 =  9.6310782164E-01 -8.1399624440E-02 -2.5651008759E-01
</CP of DelSqRho>
<CP of DelSqRho>
CP# = 17      
Type = (3,+1)
Coords =  3.76164751851720E-01 -2.09253613295638E+00 -3.03581982830657E-01
DistFromNuc =  1.0044698037E+00
Rho =  1.9535857489E-01
DelSqRho =  1.5988678020E-02
GradDelSqRho =  8.8817841970E-16 -1.1275702594E-15  1.7486012638E-15
HessDelSqRho_EigVals = -3.9878860541E+00  7.9696014411E-02  1.2676129271E+01
HessDelSqRho_EigVec1 =  9.1375735220E-02  9.9544718122E-01 -2.7117972003E-02
HessDelSqRho_EigVec2 = -2.5319945402E-01  4.9561790154E-02  9.6614370848E-01
HessDelSqRho_EigVec3 =  9.6308904651E-01 -8.1415835986E-02  2.5657542780E-01
</CP of DelSqRho>
<CP of DelSqRho>
CP# = 18      
Type = (3,+3)
Coords =  7.33345207130617E-01 -2.99482537656387E+00 -2.45524051846678E-04
DistFromNuc =  1.0046554458E+00
Rho =  3.1004811408E-01
DelSqRho = -1.3423793224E+00
GradDelSqRho = -2.4424906542E-15 -2.6645352591E-15 -1.0842021725E-19
HessDelSqRho_EigVals =  7.6006654766E+00  8.5833910370E+00  1.1465889302E+01
HessDelSqRho_EigVec1 =  3.5002150477E-05 -8.2035520453E-05  9.9999999602E-01
HessDelSqRho_EigVec2 =  8.1933826413E-01 -5.7331038993E-01 -7.5710417733E-05
HessDelSqRho_EigVec3 =  5.7331039386E-01  8.1933826352E-01  4.7147744387E-05
</CP of DelSqRho>
<CP of DelSqRho>
CP# = 19      
Type = (3,+1)
Coords =  9.09865956341074E-01 -2.81021251735686E+00  1.33504189015587E+00
DistFromNuc =  1.5324958771E+00
Rho =  6.5386340165E-02
DelSqRho =  1.3909982891E-01
GradDelSqRho = -6.8313410484E-15 -6.1957383668E-14  1.2470580124E-13
HessDelSqRho_EigVals = -1.4473757023E+00  6.3094153615E-02  1.2355375881E-01
HessDelSqRho_EigVec1 = -1.7131126784E-01 -2.5773953261E-01  9.5090629551E-01
HessDelSqRho_EigVec2 =  7.1010289386E-01  6.3674468492E-01  3.0051636620E-01
HessDelSqRho_EigVec3 =  6.8293947729E-01 -7.2672315194E-01 -7.3940048707E-02
</CP of DelSqRho>
<CP of DelSqRho>
CP# = 20      
Type = (3,+1)
Coords =  9.09757134084345E-01 -2.81004515077712E+00 -1.33557367536382E+00
DistFromNuc =  1.5324954010E+00
Rho =  6.5383909190E-02
DelSqRho =  1.3909106777E-01
GradDelSqRho = -9.0309704159E-15 -5.7599758296E-14 -1.2188861032E-13
HessDelSqRho_EigVals = -1.4472999270E+00  6.3098891816E-02  1.2354481833E-01
HessDelSqRho_EigVec1 =  1.7140988300E-01  2.5764901770E-01  9.5091305370E-01
HessDelSqRho_EigVec2 =  7.1010086551E-01  6.3674228403E-01 -3.0052624598E-01
HessDelSqRho_EigVec3 =  6.8291684180E-01 -7.2675735112E-01  7.3812870064E-02
</CP of DelSqRho>
<CP of DelSqRho>
CP# = 21      
Type = (3,-1)
Coords =  9.24844460488375E-01 -1.66172258393240E+00  1.37916001381267E+00
DistFromNuc =  1.5300405477E+00
Rho =  6.9305543084E-02
DelSqRho =  1.6337784407E-01
GradDelSqRho = -2.6637719808E-13 -1.0100947856E-13 -1.7857937351E-13
HessDelSqRho_EigVals = -1.4164249796E+00 -9.5337037549E-02  1.1920598152E-01
HessDelSqRho_EigVec1 = -1.3129324872E-01  8.6363340852E-02  9.8757453197E-01
HessDelSqRho_EigVec2 = -4.5442869448E-01  8.8012556769E-01 -1.3738102757E-01
HessDelSqRho_EigVec3 =  8.8105428009E-01  4.6681940669E-01  7.6308564830E-02
</CP of DelSqRho>
<CP of DelSqRho>
CP# = 22      
Type = (3,-1)
Coords =  9.24704356997379E-01 -1.66147228563025E+00 -1.37954036463693E+00
DistFromNuc =  1.5300660610E+00
Rho =  6.9304699242E-02
DelSqRho =  1.6336817338E-01
GradDelSqRho = -3.0121738437E-13 -1.1889621232E-13  2.3381296899E-13
HessDelSqRho_EigVals = -1.4163737968E+00 -9.5323154452E-02  1.1920649057E-01
HessDelSqRho_EigVec1 =  1.3138380049E-01 -8.6528371932E-02  9.8754804330E-01
HessDelSqRho_EigVec2 = -4.5445027349E-01  8.8008448038E-01  1.3757273100E-01
HessDelSqRho_EigVec3 =  8.8102965098E-01  4.6686630660E-01 -7.6306001492E-02
</CP of DelSqRho>
<CP of DelSqRho>
CP# = 23      
Type = (3,-1)
Coords =  6.96964476333408E-01 -3.03392579333581E+00  1.22515881224384E+00
DistFromNuc =  1.6187672556E+00
Rho =  7.0555525544E-02
DelSqRho =  1.4075444830E-01
GradDelSqRho = -4.3368086899E-17  8.3266726847E-17  2.7755575616E-17
HessDelSqRho_EigVals = -1.4669351684E+00 -1.2119076943E-01  9.8153854462E-02
HessDelSqRho_EigVec1 = -2.0058328994E-01 -2.5855602046E-01  9.4494186492E-01
HessDelSqRho_EigVec2 =  6.0756069653E-01  7.2382784892E-01  3.2702178085E-01
HessDelSqRho_EigVec3 =  7.6852868770E-01 -6.3970464232E-01 -1.1900704597E-02
</CP of DelSqRho>
<CP of DelSqRho>
CP# = 24      
Type = (3,-1)
Coords =  6.96766145482450E-01 -3.03386948541822E+00 -1.22562950006220E+00
DistFromNuc =  1.6188019191E+00
Rho =  7.0555936329E-02
DelSqRho =  1.4074775694E-01
GradDelSqRho =  4.8572257327E-17 -9.0205620751E-17  1.9428902931E-16
HessDelSqRho_EigVals = -1.4668705366E+00 -1.2124347546E-01  9.8139512496E-02
HessDelSqRho_EigVec1 =  2.0070381947E-01  2.5846963197E-01  9.4493990613E-01
HessDelSqRho_EigVec2 =  6.0751016767E-01  7.2386508437E-01 -3.2703323350E-01
HessDelSqRho_EigVec3 =  7.6853716438E-01 -6.3969741987E-01  1.1740442240E-02
</CP of DelSqRho>
<Path of -GradDelSqRho>
Starting CP# =      2
Ending CP# =     18
Number of Points =     14
  5.3378215269E-01 -3.2659550509E+00 -2.3905297470E-04  2.8943804056E-01 -1.1519574752E+00
  5.4846981946E-01 -3.2457245685E+00 -2.3931932310E-04  2.8968323972E-01 -1.1551923715E+00
  5.6317200693E-01 -3.2255046363E+00 -2.3959062458E-04  2.9020660760E-01 -1.1640007747E+00
  5.7788929161E-01 -3.2052956903E+00 -2.3986832526E-04  2.9098683714E-01 -1.1771508439E+00
  5.9262219577E-01 -3.1850981285E+00 -2.4015426460E-04  2.9200293623E-01 -1.1935465570E+00
  6.0737122536E-01 -3.1649123391E+00 -2.4045081130E-04  2.9323458620E-01 -1.2122063160E+00
  6.2213694117E-01 -3.1447387524E+00 -2.4076107523E-04  2.9466246147E-01 -1.2322385175E+00
  6.3692007764E-01 -3.1245779282E+00 -2.4108925698E-04  2.9626852989E-01 -1.2528150630E+00
  6.5172173836E-01 -3.1044307002E+00 -2.4144126208E-04  2.9803635403E-01 -1.2731432549E+00
  6.6654373394E-01 -3.0842984280E+00 -2.4182586923E-04  2.9995141477E-01 -1.2924358225E+00
  6.8138923611E-01 -3.0641834838E+00 -2.4225720342E-04  3.0200147931E-01 -1.3098777981E+00
  6.9626429261E-01 -3.0440903869E+00 -2.4276085105E-04  3.0417703734E-01 -1.3245874578E+00
  7.1118245537E-01 -3.0240292795E+00 -2.4339336825E-04  3.0647182528E-01 -1.3355663638E+00
  7.3334520713E-01 -2.9948253766E+00 -2.4552405185E-04  3.1004811408E-01 -1.3423793224E+00
</Path of -GradDelSqRho>
<Path of -GradDelSqRho>
Starting CP# =      2
Ending CP# =      0
Number of Points =     31
  5.3378215269E-01 -3.2659550509E+00 -2.3905297470E-04  2.8943804056E-01 -1.1519574752E+00
  5.1910798474E-01 -3.2861953269E+00 -2.3879034386E-04  2.8949221749E-01 -1.1556806441E+00
  5.0444699205E-01 -3.3064451484E+00 -2.3853063983E-04  2.8986638836E-01 -1.1679094502E+00
  4.8979840482E-01 -3.3267039459E+00 -2.3827313742E-04  2.9058000891E-01 -1.1903549608E+00
  4.7516140392E-01 -3.3469711161E+00 -2.3801726354E-04  2.9165070391E-01 -1.2248771396E+00
  4.6053512979E-01 -3.3672460290E+00 -2.3776256802E-04  2.9309350509E-01 -1.2734461423E+00
  4.4591868407E-01 -3.3875280284E+00 -2.3750870044E-04  2.9492001010E-01 -1.3380642018E+00
  4.3131111869E-01 -3.4078164247E+00 -2.3725539208E-04  2.9713750313E-01 -1.4206236563E+00
  4.1671140759E-01 -3.4281104739E+00 -2.3700244205E-04  2.9974812187E-01 -1.5226663638E+00
  4.0211839490E-01 -3.4484093402E+00 -2.3674970738E-04  3.0274822771E-01 -1.6450045694E+00
  3.8753070980E-01 -3.4687120356E+00 -2.3649709671E-04  3.0612824427E-01 -1.7871775331E+00
  3.7294663072E-01 -3.4890173216E+00 -2.3624456787E-04  3.0987337286E-01 -1.9467758346E+00
  3.5836386843E-01 -3.5093235532E+00 -2.3599212984E-04  3.1396574567E-01 -2.1187952795E+00
  3.4377922921E-01 -3.5296284368E+00 -2.3573985043E-04  3.1838866892E-01 -2.2954014789E+00
  3.2918819464E-01 -3.5499287249E+00 -2.3548786698E-04  3.2313351035E-01 -2.4667656900E+00
  3.1458503395E-01 -3.5702202914E+00 -2.3523637334E-04  3.2820931858E-01 -2.6238585646E+00
  2.9996670295E-01 -3.5905009318E+00 -2.3498544660E-04  3.3365425687E-01 -2.7640471328E+00
  2.8534758672E-01 -3.6107810059E+00 -2.3473443306E-04  3.3954636372E-01 -2.8997734411E+00
  2.7076722924E-01 -3.6310889538E+00 -2.3448167768E-04  3.4600925544E-01 -3.0693503267E+00
  2.5624690770E-01 -3.6514398719E+00 -2.3422636242E-04  3.5320665668E-01 -3.3471303990E+00
  2.4177191271E-01 -3.6718230603E+00 -2.3396915240E-04  3.6131914550E-01 -3.8484888235E+00
  2.2732312305E-01 -3.6922248355E+00 -2.3371084876E-04  3.7049828071E-01 -4.7239697553E+00
  2.1288904705E-01 -3.7126370239E+00 -2.3345191693E-04  3.8079807954E-01 -6.1373004514E+00
  1.9846371280E-01 -3.7330553913E+00 -2.3319259051E-04  3.9209155362E-01 -8.2244480736E+00
  1.8404399791E-01 -3.7534777276E+00 -2.3293298584E-04  4.0398973612E-01 -1.1036373953E+01
  1.6962819893E-01 -3.7739028282E+00 -2.3267316096E-04  4.1578987679E-01 -1.4477280889E+01
  1.5521533851E-01 -3.7943300026E+00 -2.3241314235E-04  4.2648365731E-01 -1.8261321330E+01
  1.4080481757E-01 -3.8147588275E+00 -2.3215293509E-04  4.3484960411E-01 -2.1917518606E+01
  1.2639621259E-01 -3.8351890038E+00 -2.3189252029E-04  4.3963250005E-01 -2.4865107496E+01
  1.1198904950E-01 -3.8556201969E+00 -2.3163181890E-04  4.3977960687E-01 -2.6554254621E+01
  1.0478498408E-01 -3.8658354524E+00 -2.3150107671E-04  4.3789933376E-01 -2.6804362825E+01
</Path of -GradDelSqRho>
<Path of -GradDelSqRho>
Starting CP# =      3
Ending CP# =      0
Number of Points =     35
  1.2403994717E+00 -1.9797695791E+00 -2.3034802292E-04  9.2093049882E+00  2.7851316236E+02
  1.2305069978E+00 -1.9568100721E+00 -2.2881311620E-04  6.9691576856E+00  2.6651002993E+02
  1.2206123124E+00 -1.9338515182E+00 -2.2727838290E-04  5.2889699940E+00  2.4222220969E+02
  1.2107160961E+00 -1.9108936241E+00 -2.2574367560E-04  4.0285836835E+00  2.1152642062E+02
  1.2008185264E+00 -1.8879363135E+00 -2.2420893563E-04  3.0849949618E+00  1.7754781425E+02
  1.1909191448E+00 -1.8649797841E+00 -2.2267415874E-04  2.3801261312E+00  1.4405002245E+02
  1.1810170803E+00 -1.8420244119E+00 -2.2113933673E-04  1.8542179339E+00  1.1406048691E+02
  1.1711110870E+00 -1.8190707348E+00 -2.1960443000E-04  1.4618675440E+00  8.9011622515E+01
  1.1611994888E+00 -1.7961194774E+00 -2.1806934880E-04  1.1690179970E+00  6.8972040021E+01
  1.1512801314E+00 -1.7731715725E+00 -2.1653393547E-04  9.5037149739E-01  5.3275802380E+01
  1.1413503713E+00 -1.7502281672E+00 -2.1499795051E-04  7.8719921653E-01  4.1048434303E+01
  1.1314070536E+00 -1.7272906345E+00 -2.1346106455E-04  6.6559724088E-01  3.1493667370E+01
  1.1214463873E+00 -1.7043606304E+00 -2.1192285010E-04  5.7517801177E-01  2.3989764894E+01
  1.1114636369E+00 -1.6814402327E+00 -2.1038276043E-04  5.0812866390E-01  1.8082922958E+01
  1.1014526115E+00 -1.6585321715E+00 -2.0884008464E-04  4.5854616907E-01  1.3444359376E+01
  1.0914049507E+00 -1.6356401568E+00 -2.0729387282E-04  4.2196598907E-01  9.8269867524E+00
  1.0813091825E+00 -1.6127693204E+00 -2.0574282662E-04  3.9502032338E-01  7.0347157707E+00
  1.0711494802E+00 -1.5899268182E+00 -2.0418514715E-04  3.7518261826E-01  4.9049981359E+00
  1.0609040050E+00 -1.5671226683E+00 -2.0261832588E-04  3.6057133013E-01  3.3005566054E+00
  1.0505426989E+00 -1.5443709315E+00 -2.0103885804E-04  3.4979678806E-01  2.1059060029E+00
  1.0400243789E+00 -1.5216913901E+00 -1.9944185147E-04  3.4184129798E-01  1.2255939417E+00
  1.0292929828E+00 -1.4991119545E+00 -1.9782049545E-04  3.3596590836E-01  5.8257819458E-01
  1.0182728152E+00 -1.4766721602E+00 -1.9616534155E-04  3.3163886322E-01  1.1621513051E-01
  1.0068626250E+00 -1.4544283694E+00 -1.9446332412E-04  3.2848160250E-01 -2.2010876662E-01
  9.9492827285E-01 -1.4324617597E+00 -1.9269639967E-04  3.2622871573E-01 -4.6147336210E-01
  9.8229365749E-01 -1.4108910809E+00 -1.9083959686E-04  3.2469869767E-01 -6.3381866039E-01
  9.6872977408E-01 -1.3898937576E+00 -1.8885813789E-04  3.2377267607E-01 -7.5607836023E-01
  9.5394349270E-01 -1.3697413939E+00 -1.8670318228E-04  3.2337825532E-01 -8.4197679721E-01
  9.3757433283E-01 -1.3508578753E+00 -1.8430594197E-04  3.2347468616E-01 -9.0147341586E-01
  9.1922629153E-01 -1.3339021143E+00 -1.8157121396E-04  3.2403286300E-01 -9.4186888687E-01
  8.9859412734E-01 -1.3198360357E+00 -1.7837435634E-04  3.2500019022E-01 -9.6858315381E-01
  8.7572820272E-01 -1.3098355280E+00 -1.7456259976E-04  3.2624829335E-01 -9.8559548992E-01
  8.5126857339E-01 -1.3049214659E+00 -1.6991241576E-04  3.2754152474E-01 -9.9559401786E-01
  8.2635265009E-01 -1.3058322837E+00 -1.6369747659E-04  3.2857520408E-01 -1.0000850251E+00
  8.1669968491E-01 -1.3083797837E+00 -1.5860964514E-04  3.2883046820E-01 -1.0005054796E+00
</Path of -GradDelSqRho>
<Path of -GradDelSqRho>
Starting CP# =      3
Ending CP# =      1
Number of Points =      9
  1.2403994717E+00 -1.9797695791E+00 -2.3034802292E-04  9.2093049882E+00  2.7851316236E+02
  1.2502897872E+00 -2.0027300158E+00 -2.3188318142E-04  1.2206384381E+01  2.4877445605E+02
  1.2601785845E+00 -2.0256911065E+00 -2.3341855330E-04  1.6235413980E+01  7.7405365424E+01
  1.2700665923E+00 -2.0486525372E+00 -2.3495404628E-04  2.1656350572E+01 -4.3131683313E+02
  1.2799542003E+00 -2.0716141401E+00 -2.3648959633E-04  2.8917312514E+01 -1.4701187341E+03
  1.2898414724E+00 -2.0945758875E+00 -2.3802521143E-04  3.8664154069E+01 -3.4935556555E+03
  1.2997283562E+00 -2.1175378022E+00 -2.3956095860E-04  5.1913009568E+01 -9.3508579329E+03
  1.3096150469E+00 -2.1404998001E+00 -2.4109678198E-04  6.9681995035E+01 -2.2515946086E+04
  1.3291727958E+00 -2.1859234936E+00 -2.4413521433E-04  1.2113208789E+02 -7.4601864732E+05
</Path of -GradDelSqRho>
<Path of -GradDelSqRho>
Starting CP# =     12
Ending CP# =      0
Number of Points =     59
  1.5222241609E+00 -1.7318499292E+00  9.2895673891E-01  1.4703742716E-01  6.1877626534E-02
  1.5429450638E+00 -1.7457579933E+00  9.3041635766E-01  1.4745748776E-01  6.1364330925E-02
  1.5637313001E+00 -1.7596358778E+00  9.3092742780E-01  1.4814995871E-01  5.9825062340E-02
  1.5845570065E+00 -1.7734569083E+00  9.3048755618E-01  1.4911644120E-01  5.7256590473E-02
  1.6053954762E+00 -1.7871957387E+00  9.2909916604E-01  1.5035809334E-01  5.3650068312E-02
  1.6262194211E+00 -1.8008288568E+00  9.2676949817E-01  1.5187561900E-01  4.8991160454E-02
  1.6470013616E+00 -1.8143350292E+00  9.2351039404E-01  1.5366927918E-01  4.3260422937E-02
  1.6677140038E+00 -1.8276956534E+00  9.1933790361E-01  1.5573891943E-01  3.6433939116E-02
  1.6883305808E+00 -1.8408949973E+00  9.1427174666E-01  1.5808400991E-01  2.8484207001E-02
  1.7088251346E+00 -1.8539203136E+00  9.0833466709E-01  1.6070369366E-01  1.9381264121E-02
  1.7291727247E+00 -1.8667618321E+00  9.0155172532E-01  1.6359683758E-01  9.0940265206E-03
  1.7493495564E+00 -1.8794126402E+00  8.9394957383E-01  1.6676208106E-01 -2.4081906489E-03
  1.7693330289E+00 -1.8918684698E+00  8.8555575605E-01  1.7019787768E-01 -1.5154012451E-02
  1.7891017097E+00 -1.9041274123E+00  8.7639806097E-01  1.7390252627E-01 -2.9168253444E-02
  1.8086352482E+00 -1.9161895826E+00  8.6650395699E-01  1.7787418887E-01 -4.4470135153E-02
  1.8279142411E+00 -1.9280567556E+00  8.5590011940E-01  1.8211089395E-01 -6.1071537484E-02
  1.8469200677E+00 -1.9397319891E+00  8.4461205827E-01  1.8661052381E-01 -7.8975356338E-02
  1.8656347102E+00 -1.9512192472E+00  8.3266384787E-01  1.9137078561E-01 -9.8174044532E-02
  1.8840405773E+00 -1.9625230330E+00  8.2007795485E-01  1.9638916510E-01 -1.1864841544E-01
  1.9021203463E+00 -1.9736480337E+00  8.0687516052E-01  2.0166286230E-01 -1.4036678764E-01
  1.9198568432E+00 -1.9845987806E+00  7.9307457160E-01  2.0718870761E-01 -1.6328454283E-01
  1.9372329749E+00 -1.9953793239E+00  7.7869371394E-01  2.1296305683E-01 -1.8734415803E-01
  1.9542317345E+00 -2.0059929207E+00  7.6374870351E-01  2.1898166354E-01 -2.1247575442E-01
  1.9708362941E+00 -2.0164417374E+00  7.4825448836E-01  2.2523952803E-01 -2.3859818065E-01
  1.9870302036E+00 -2.0267265665E+00  7.3222515357E-01  2.3173072319E-01 -2.6562061596E-01
  2.0027977061E+00 -2.0368465662E+00  7.1567427748E-01  2.3844820041E-01 -2.9344464196E-01
  2.0181241740E+00 -2.0467990282E+00  6.9861532298E-01  2.4538358190E-01 -3.2196669176E-01
  2.0329966604E+00 -2.0565791909E+00  6.8106204122E-01  2.5252694963E-01 -3.5108074663E-01
  2.0474045400E+00 -2.0661801127E+00  6.6302885865E-01  2.5986664556E-01 -3.8068111859E-01
  2.0613401974E+00 -2.0755926266E+00  6.4453121408E-01  2.6738910077E-01 -4.1066513648E-01
  2.0747996967E+00 -2.0848053964E+00  6.2558581091E-01  2.7507871203E-01 -4.4093554970E-01
  2.0877833524E+00 -2.0938050899E+00  6.0621075484E-01  2.8291778220E-01 -4.7140247863E-01
  2.1002961131E+00 -2.1025766789E+00  5.8642555853E-01  2.9088653459E-01 -5.0198477366E-01
  2.1123476815E+00 -2.1111038663E+00  5.6625101153E-01  2.9896320220E-01 -5.3261069055E-01
  2.1239523196E+00 -2.1193696267E+00  5.4570893326E-01  3.0712418246E-01 -5.6321784057E-01
  2.1351283340E+00 -2.1273568376E+00  5.2482184357E-01  3.1534423889E-01 -5.9375242131E-01
  2.1458972841E+00 -2.1350489661E+00  5.0361259526E-01  3.2359672656E-01 -6.2416777239E-01
  2.1562830031E+00 -2.1424307707E+00  4.8210401319E-01  3.3185381840E-01 -6.5442232779E-01
  2.1663105498E+00 -2.1494889698E+00  4.6031857515E-01  3.4008671588E-01 -6.8447705543E-01
  2.1760052133E+00 -2.1562128335E+00  4.3827815494E-01  3.4826583576E-01 -7.1429249046E-01
  2.1853916718E+00 -2.1625946523E+00  4.1600383234E-01  3.5636097409E-01 -7.4382548441E-01
  2.1944933729E+00 -2.1686300502E+00  3.9351576237E-01  3.6434145515E-01 -7.7302581082E-01
  2.2033321579E+00 -2.1743181197E+00  3.7083309067E-01  3.7217627625E-01 -8.0183278590E-01
  2.2119281149E+00 -2.1796613728E+00  3.4797390105E-01  3.7983425899E-01 -8.3017207714E-01
  2.2202996201E+00 -2.1846655217E+00  3.2495518534E-01  3.8728421494E-01 -8.5795287849E-01
  2.2284635131E+00 -2.1893391161E+00  3.0179282994E-01  3.9449512988E-01 -8.8506562506E-01
  2.2364353513E+00 -2.1936930776E+00  2.7850161749E-01  4.0143636734E-01 -9.1138040143E-01
  2.2442296938E+00 -2.1977401744E+00  2.5509524333E-01  4.0807788906E-01 -9.3674616709E-01
  2.2518603789E+00 -2.2014944792E+00  2.3158634620E-01  4.1439048785E-01 -9.6099088237E-01
  2.2593407620E+00 -2.2049708441E+00  2.0798655054E-01  4.2034602633E-01 -9.8392257185E-01
  2.2666838902E+00 -2.2081844168E+00  1.8430651442E-01  4.2591767286E-01 -1.0053313137E+00
  2.2739025840E+00 -2.2111502091E+00  1.6055597315E-01  4.3108012243E-01 -1.0249920952E+00
  2.2810093789E+00 -2.2138827109E+00  1.3674376119E-01  4.3580978379E-01 -1.0426684331E+00
  2.2880162281E+00 -2.2163955253E+00  1.1287777914E-01  4.4008489917E-01 -1.0581166179E+00
  2.2949337250E+00 -2.2187009574E+00  8.8964831248E-02  4.4388552393E-01 -1.0710904213E+00
  2.3017691332E+00 -2.2208093860E+00  6.5010124660E-02  4.4719317045E-01 -1.0813460859E+00
  2.3085205840E+00 -2.2227278343E+00  4.1015673216E-02  4.4998941751E-01 -1.0886474255E+00
  2.3151519310E+00 -2.2244545649E+00  1.6973259545E-02  4.5224949285E-01 -1.0927709079E+00
  2.3195357509E+00 -2.2255128187E+00  6.6668994311E-05  4.5345845591E-01 -1.0936555467E+00
</Path of -GradDelSqRho>
<Path of -GradDelSqRho>
Starting CP# =     12
Ending CP# =      0
Number of Points =     55
  1.5222241609E+00 -1.7318499292E+00  9.2895673891E-01  1.4703742716E-01  6.1877626534E-02
  1.5015828344E+00 -1.7179512620E+00  9.2657255418E-01  1.4688508013E-01  6.1362694302E-02
  1.4810540136E+00 -1.7040765397E+00  9.2325784360E-01  1.4700077729E-01  5.9812140172E-02
  1.4606590546E+00 -1.6902532788E+00  9.1902786524E-01  1.4738176515E-01  5.7213929991E-02
  1.4404174323E+00 -1.6765082563E+00  9.1390118322E-01  1.4802500064E-01  5.3552051850E-02
  1.4203467556E+00 -1.6628672532E+00  9.0789909082E-01  1.4892719937E-01  4.8807330770E-02
  1.4004628180E+00 -1.6493547868E+00  9.0104497654E-01  1.5008488173E-01  4.2958340623E-02
  1.3807797092E+00 -1.6359939304E+00  8.9336371129E-01  1.5149440976E-01  3.5982379683E-02
  1.3613099730E+00 -1.6228062101E+00  8.8488108427E-01  1.5315201173E-01  2.7856477092E-02
  1.3420647982E+00 -1.6098115672E+00  8.7562330730E-01  1.5505379290E-01  1.8558399014E-02
  1.3230542247E+00 -1.5970283722E+00  8.6561659890E-01  1.5719573145E-01  8.0676251439E-03
  1.3042873560E+00 -1.5844734726E+00  8.5488685288E-01  1.5957365991E-01 -3.6337314191E-03
  1.2857725646E+00 -1.5721622632E+00  8.4345939028E-01  1.6218323272E-01 -1.6560085143E-02
  1.2675176837E+00 -1.5601087626E+00  8.3135879004E-01  1.6501988101E-01 -3.0721640769E-02
  1.2495301780E+00 -1.5483256862E+00  8.1860879091E-01  1.6807875605E-01 -4.6123774572E-02
  1.2318172894E+00 -1.5368245077E+00  8.0523225552E-01  1.7135466287E-01 -6.2766546105E-02
  1.2143861539E+00 -1.5256155009E+00  7.9125118703E-01  1.7484198556E-01 -8.0644346607E-02
  1.1972438874E+00 -1.5147077592E+00  7.7668678806E-01  1.7853460622E-01 -9.9745683623E-02
  1.1803976391E+00 -1.5041091911E+00  7.6155955177E-01  1.8242581927E-01 -1.2005309414E-01
  1.1638546119E+00 -1.4938264920E+00  7.4588937487E-01  1.8650824336E-01 -1.4154317094E-01
  1.1476220509E+00 -1.4838650950E+00  7.2969568252E-01  1.9077373333E-01 -1.6418667949E-01
  1.1317072007E+00 -1.4742291076E+00  7.1299755527E-01  1.9521329496E-01 -1.8794873596E-01
  1.1161172360E+00 -1.4649212390E+00  6.9581384881E-01  1.9981700536E-01 -2.1278901191E-01
  1.1008591680E+00 -1.4559427290E+00  6.7816329785E-01  2.0457394238E-01 -2.3866192779E-01
  1.0859397353E+00 -1.4472932861E+00  6.6006459691E-01  2.0947212600E-01 -2.6551679732E-01
  1.0713652839E+00 -1.4389710468E+00  6.4153645234E-01  2.1449847469E-01 -2.9329788725E-01
  1.0571416471E+00 -1.4309725636E+00  6.2259760203E-01  2.1963877928E-01 -3.2194436277E-01
  1.0432740331E+00 -1.4232928298E+00  6.0326680179E-01  2.2487769601E-01 -3.5139009774E-01
  1.0297669285E+00 -1.4159253471E+00  5.8356277988E-01  2.3019875983E-01 -3.8156333998E-01
  1.0166240271E+00 -1.4088622361E+00  5.6350416361E-01  2.3558441789E-01 -4.1238623453E-01
  1.0038481888E+00 -1.4020943896E+00  5.4310938390E-01  2.4101608256E-01 -4.4377422125E-01
  9.9144143393E-01 -1.3956116626E+00  5.2239656503E-01  2.4647420214E-01 -4.7563533591E-01
  9.7940497373E-01 -1.3894030922E+00  5.0138340734E-01  2.5193834748E-01 -5.0786945556E-01
  9.6773927795E-01 -1.3834571369E+00  4.8008707023E-01  2.5738731189E-01 -5.4036753835E-01
  9.5644417673E-01 -1.3777619271E+00  4.5852406183E-01  2.6279922217E-01 -5.7301091463E-01
  9.4551899402E-01 -1.3723055147E+00  4.3671014031E-01  2.6815165838E-01 -6.0567068991E-01
  9.3496270925E-01 -1.3670761177E+00  4.1466022962E-01  2.7342178041E-01 -6.3820732099E-01
  9.2477414453E-01 -1.3620623528E+00  3.9238835082E-01  2.7858645957E-01 -6.7047042364E-01
  9.1495217621E-01 -1.3572534571E+00  3.6990756819E-01  2.8362241359E-01 -7.0229886524E-01
  9.0549597259E-01 -1.3526395005E+00  3.4722994781E-01  2.8850634342E-01 -7.3352118731E-01
  8.9640526272E-01 -1.3482115994E+00  3.2436652483E-01  2.9321506995E-01 -7.6395639244E-01
  8.8768064678E-01 -1.3439621437E+00  3.0132727490E-01  2.9772566853E-01 -7.9341511795E-01
  8.7932396522E-01 -1.3398850590E+00  2.7812108370E-01  3.0201559803E-01 -8.2170120481E-01
  8.7133875482E-01 -1.3359761342E+00  2.5475570813E-01  3.0606282069E-01 -8.4861365663E-01
  8.6373083529E-01 -1.3322334590E+00  2.3123772112E-01  3.0984590685E-01 -8.7394896984E-01
  8.5650909674E-01 -1.3286580381E+00  2.0757243059E-01  3.1334411685E-01 -8.9750380461E-01
  8.4968660282E-01 -1.3252546866E+00  1.8376376139E-01  3.1653744851E-01 -9.1907795805E-01
  8.4328220652E-01 -1.3220333799E+00  1.5981408663E-01  3.1940663286E-01 -9.3847759863E-01
  8.3732303377E-01 -1.3190113580E+00  1.3572399448E-01  3.2193305027E-01 -9.5551872735E-01
  8.3184852300E-01 -1.3162165398E+00  1.1149198257E-01  3.2409851896E-01 -9.7003085248E-01
  8.2691747924E-01 -1.3136933561E+00  8.7114106233E-02  3.2588486548E-01 -9.8186090990E-01
  8.2262166036E-01 -1.3115134376E+00  6.2583743230E-02  3.2727308499E-01 -9.9087754857E-01
  8.1911625771E-01 -1.3097972828E+00  3.7892206502E-02  3.2824159998E-01 -9.9697605703E-01
  8.1671257674E-01 -1.3087658985E+00  1.3033790726E-02  3.2876180833E-01 -1.0000844204E+00
  8.1617917636E-01 -1.3086266603E+00  5.4755744333E-04  3.2883891192E-01 -1.0005055184E+00
</Path of -GradDelSqRho>
<Path of -GradDelSqRho>
Starting CP# =     13
Ending CP# =      0
Number of Points =     56
  1.5623070487E+00 -2.7258387474E+00  8.5137653294E-01  1.5900476519E-01  2.0778966307E-02
  1.5844560150E+00 -2.7142537268E+00  8.5174256781E-01  1.6003823248E-01  2.0195707639E-02
  1.6065425709E+00 -2.7025567416E+00  8.5119911846E-01  1.6135462292E-01  1.8426154245E-02
  1.6285374775E+00 -2.6907633652E+00  8.4975929757E-01  1.6295417770E-01  1.5438017454E-02
  1.6504128127E+00 -2.6788881524E+00  8.4743897110E-01  1.6483688463E-01  1.1196414387E-02
  1.6721419720E+00 -2.6669444720E+00  8.4425631815E-01  1.6700249685E-01  5.6651418372E-03
  1.6936997270E+00 -2.6549443803E+00  8.4023133872E-01  1.6945055423E-01 -1.1919185295E-03
  1.7150622207E+00 -2.6428985446E+00  8.3538536397E-01  1.7218039797E-01 -9.4092849947E-03
  1.7362069087E+00 -2.6308162166E+00  8.2974058519E-01  1.7519117718E-01 -1.9018280713E-02
  1.7571124548E+00 -2.6187052530E+00  8.2331961574E-01  1.7848184637E-01 -3.0045397931E-02
  1.7777585912E+00 -2.6065721796E+00  8.1614509668E-01  1.8205115310E-01 -4.2510669752E-02
  1.7981259556E+00 -2.5944222965E+00  8.0823935413E-01  1.8589761500E-01 -5.6426106118E-02
  1.8181959173E+00 -2.5822598195E+00  7.9962411370E-01  1.9001948545E-01 -7.1794257618E-02
  1.8379504049E+00 -2.5700880572E+00  7.9032027517E-01  1.9441470685E-01 -8.8606975500E-02
  1.8573717488E+00 -2.5579096217E+00  7.8034774895E-01  1.9908085059E-01 -1.0684443779E-01
  1.8764425538E+00 -2.5457266714E+00  7.6972535464E-01  2.0401504230E-01 -1.2647450876E-01
  1.8951456142E+00 -2.5335411885E+00  7.5847078092E-01  2.0921387134E-01 -1.4745249131E-01
  1.9134638898E+00 -2.5213552885E+00  7.4660060508E-01  2.1467328340E-01 -1.6972131815E-01
  1.9313805549E+00 -2.5091715635E+00  7.3413036877E-01  2.2038845606E-01 -1.9321220805E-01
  1.9488791382E+00 -2.4969934551E+00  7.2107470516E-01  2.2635365832E-01 -2.1784578734E-01
  1.9659437612E+00 -2.4848256521E+00  7.0744750924E-01  2.3256209699E-01 -2.4353364634E-01
  1.9825594852E+00 -2.4726745036E+00  6.9326214021E-01  2.3900575559E-01 -2.7018026656E-01
  1.9987127607E+00 -2.4605484318E+00  6.7853164049E-01  2.4567523417E-01 -2.9768522106E-01
  2.0143919655E+00 -2.4484583252E+00  6.6326895228E-01  2.5255960154E-01 -3.2594552156E-01
  2.0295880000E+00 -2.4364178853E+00  6.4748711040E-01  2.5964627323E-01 -3.5485796576E-01
  2.0442948909E+00 -2.4244439011E+00  6.3119939019E-01  2.6692092918E-01 -3.8432133193E-01
  2.0585103423E+00 -2.4125564198E+00  6.1441939342E-01  2.7436748267E-01 -4.1423827659E-01
  2.0722361602E+00 -2.4007787918E+00  5.9716106371E-01  2.8196810718E-01 -4.4451681612E-01
  2.0854784853E+00 -2.3891375705E+00  5.7943863508E-01  2.8970332039E-01 -4.7507130989E-01
  2.0982477757E+00 -2.3776622599E+00  5.6126653098E-01  2.9755211578E-01 -5.0582290484E-01
  2.1105585193E+00 -2.3663849142E+00  5.4265924294E-01  3.0549212494E-01 -5.3669944225E-01
  2.1224286829E+00 -2.3553396021E+00  5.2363122452E-01  3.1349978886E-01 -5.6763485846E-01
  2.1338789510E+00 -2.3445617575E+00  5.0419683480E-01  3.2155051675E-01 -5.9856813045E-01
  2.1449318323E+00 -2.3340874440E+00  4.8437035546E-01  3.2961881583E-01 -6.2944182348E-01
  2.1556107317E+00 -2.3239525632E+00  4.6416608931E-01  3.3767838417E-01 -6.6020029691E-01
  2.1659390825E+00 -2.3141920404E+00  4.4359852873E-01  3.4570216884E-01 -6.9078762107E-01
  2.1759396186E+00 -2.3048390252E+00  4.2268256618E-01  3.5366240075E-01 -7.2114525925E-01
  2.1856338364E+00 -2.2959241462E+00  4.0143370762E-01  3.6153062357E-01 -7.5120957701E-01
  2.1950416677E+00 -2.2874748621E+00  3.7986824846E-01  3.6927773605E-01 -7.8090925795E-01
  2.2041813523E+00 -2.2795149508E+00  3.5800337763E-01  3.7687406509E-01 -8.1016272630E-01
  2.2130694807E+00 -2.2720641696E+00  3.3585718913E-01  3.8428948161E-01 -8.3887569954E-01
  2.2217211618E+00 -2.2651381137E+00  3.1344859641E-01  3.9149356453E-01 -8.6693901165E-01
  2.2301502688E+00 -2.2587482825E+00  2.9079716114E-01  3.9845581147E-01 -8.9422685614E-01
  2.2383697177E+00 -2.2529023502E+00  2.6792285911E-01  4.0514588920E-01 -9.2059559300E-01
  2.2463917385E+00 -2.2476046262E+00  2.4484581265E-01  4.1153391262E-01 -9.4588324514E-01
  2.2542281082E+00 -2.2428566809E+00  2.2158601859E-01  4.1759073937E-01 -9.6990977813E-01
