 AIMInt (Version 19.10.12, Professional)
 Portions Copyright (c) 1997-2019 by Todd A. Keith
 AIMInt is a component of the AIMAll package ( http://aim.tkgristmill.com )

 TP:  64-bit Mac OS X

 AIMInt is a heavily modified and extended version of the PROAIMV program
 developed by members of R.F.W. Bader's research group

 Much of the Quantum Theory of Atoms in Molecules (QTAIM) is described in the book:
   "Atoms in Molecules - A Quantum Theory"
   R.F.W. Bader, Oxford University Press, Oxford, 1990

 For additional references see:  http://aim.tkgristmill.com/references.html

 Current Directory:  /Users/chemlab/Documents/SubstituentCoding/BCP Map Reference/BCPMapReference

 Inp File:  SubH_NHCHO_wb97xd_aug-cc-pvtz_reor_atomicfiles/o4.inp
 Wfx File:  SubH_NHCHO_wb97xd_aug-cc-pvtz_reor.wfx
 Out File:  SubH_NHCHO_wb97xd_aug-cc-pvtz_reor_atomicfiles/o4.int

 Wfx Title:   single point on SubH_NHCHO_wb97xd_aug-cc-pvtz reoriented by subproptools      
 Job Title:   single point on SubH_NHCHO_wb97xd_aug-cc-pvtz reoriented by subproptools      
 
<Atom>
O4      
</Atom>
<Nuclei of Molecule>
     6
N1         7.0           0.0000000000E+00   0.0000000000E+00   0.0000000000E+00
H2         1.0          -1.8931333008E+00   0.0000000000E+00   0.0000000000E+00
C3         6.0           1.3291728848E+00  -2.1859236871E+00  -2.4413522981E-04
O4         8.0           3.6047168333E+00  -2.3243328976E+00  -3.0363476863E-04
H5         1.0           1.0124018740E-01  -3.8710416052E+00  -2.3143249080E-04
H6         1.0           9.3163308968E-01   1.6544387814E+00   0.0000000000E+00
</Nuclei of Molecule>
<Total Number of CPs of DelSqRho>
    28
</Total Number of CPs of DelSqRho>
<Number of (3,+3) CPs of DelSqRho>
     5
</Number of (3,+3) CPs of DelSqRho>
<Number of (3,+1) CPs of DelSqRho>
     8
</Number of (3,+1) CPs of DelSqRho>
<Number of (3,-1) CPs of DelSqRho>
     9
</Number of (3,-1) CPs of DelSqRho>
<Number of (3,-3) CPs of DelSqRho>
     6
</Number of (3,-3) CPs of DelSqRho>
<Number of Degenerate CPs of DelSqRho>
     0
</Number of Degenerate CPs of DelSqRho>
<CP of DelSqRho>
CP# = 1       
Type = (3,+3)
Coords =  3.60471625639931E+00 -2.32433283448168E+00 -3.03634757493012E-04
DistFromNuc =  5.8033897951E-07
Rho =  2.9805854150E+02
DelSqRho = -3.3377176145E+06
GradDelSqRho =  1.7578924599E-05  2.8288537578E-05  3.0239455384E-09
HessDelSqRho_EigVals =  1.3273088547E+11  1.3273089972E+11  1.3273090429E+11
HessDelSqRho_EigVec1 =  6.2206889711E-02  9.9806327429E-01  5.8272418412E-05
HessDelSqRho_EigVec2 = -2.0536779945E-05 -5.7105486764E-05  9.9999999816E-01
HessDelSqRho_EigVec3 =  9.9806327578E-01 -6.2206890793E-02  1.6944651118E-05
</CP of DelSqRho>
<CP of DelSqRho>
CP# = 2       
Type = (3,+3)
Coords =  2.31961508190126E+00 -2.22553184792892E+00 -2.68639861605374E-04
DistFromNuc =  1.2888941617E+00
Rho =  4.5347792985E-01
DelSqRho = -1.0936558816E+00
GradDelSqRho = -1.6597834218E-13  8.4376949872E-15  2.6020852140E-18
HessDelSqRho_EigVals =  5.6045279579E+00  5.9744076236E+00  9.4386301216E+00
HessDelSqRho_EigVec1 =  1.6131393119E-04 -8.7387139260E-05  9.9999998317E-01
HessDelSqRho_EigVec2 =  9.7240603488E-01 -2.3329481760E-01 -1.7724960990E-04
HessDelSqRho_EigVec3 =  2.3329482916E-01  9.7240604711E-01  4.7342077433E-05
</CP of DelSqRho>
<CP of DelSqRho>
CP# = 3       
Type = (3,-1)
Coords =  3.43511017161717E+00 -2.32205835303123E+00 -2.96499407501584E-04
DistFromNuc =  1.6962191276E-01
Rho =  2.2155100598E+01
DelSqRho =  1.2437004832E+03
GradDelSqRho = -7.0031092037E-11  9.6633812063E-13  4.4964032497E-15
HessDelSqRho_EigVals = -3.9156276400E+05 -1.0324921559E+03  1.5711811131E+03
HessDelSqRho_EigVec1 =  9.9992105049E-01 -1.2565468652E-02 -4.2266586115E-05
HessDelSqRho_EigVec2 =  1.2565471205E-02  9.9992104951E-01  6.0699986901E-05
HessDelSqRho_EigVec3 =  4.1500525364E-05 -6.1226294237E-05  9.9999999726E-01
</CP of DelSqRho>
<CP of DelSqRho>
CP# = 4       
Type = (3,+1)
Coords =  3.50033536584433E+00 -2.45720564140830E+00 -3.08439757159977E-04
DistFromNuc =  1.6896939610E-01
Rho =  2.2385993089E+01
DelSqRho =  1.2381781221E+03
GradDelSqRho = -2.5067947718E-11 -3.0922819860E-11  2.3592239273E-16
HessDelSqRho_EigVals = -4.0235742920E+05  1.5371776068E+03  2.5722864368E+03
HessDelSqRho_EigVec1 =  6.1184465107E-01  7.9097795300E-01  2.8740773085E-05
HessDelSqRho_EigVec2 =  7.9097795154E-01 -6.1184464656E-01 -9.3051820147E-05
HessDelSqRho_EigVec3 =  5.6017050073E-05 -7.9666576249E-05  9.9999999526E-01
</CP of DelSqRho>
<CP of DelSqRho>
CP# = 5       
Type = (3,+1)
Coords =  3.52488867978677E+00 -2.17532289547523E+00 -2.92433414070086E-04
DistFromNuc =  1.6904589599E-01
Rho =  2.2373785861E+01
DelSqRho =  1.2354436313E+03
GradDelSqRho =  2.2737367544E-12  3.6379788071E-12  5.1625370645E-15
HessDelSqRho_EigVals = -4.0051268180E+05  1.7580383041E+03  2.7131996713E+03
HessDelSqRho_EigVec1 = -4.6577679083E-01  8.8490224133E-01  6.6419587320E-05
HessDelSqRho_EigVec2 =  8.8490224168E-01  4.6577679362E-01 -3.4672012665E-05
HessDelSqRho_EigVec3 =  6.1618044134E-05 -4.2625422920E-05  9.9999999719E-01
</CP of DelSqRho>
<CP of DelSqRho>
CP# = 6       
Type = (3,-3)
Coords =  3.77038952030834E+00 -2.33809087136724E+00 -3.00021632220537E-04
DistFromNuc =  1.6624295798E-01
Rho =  2.2891417645E+01
DelSqRho =  1.3200909406E+03
GradDelSqRho =  1.5830892153E-11 -3.1761260288E-12  5.5511151231E-17
HessDelSqRho_EigVals = -4.7253940529E+05 -3.9591881278E+03 -1.1824426365E+03
HessDelSqRho_EigVec1 =  9.9655134510E-01 -8.2978407583E-02  2.1407964287E-05
HessDelSqRho_EigVec2 =  8.2978406238E-02  9.9655134378E-01  5.7513165451E-05
HessDelSqRho_EigVec3 = -2.6106486462E-05 -5.5538423633E-05  9.9999999812E-01
</CP of DelSqRho>
<CP of DelSqRho>
CP# = 7       
Type = (3,+1)
Coords =  4.26886588738565E+00 -2.35961277195045E+00 -4.38016422299356E-04
DistFromNuc =  6.6508544838E-01
Rho =  8.2405285804E-01
DelSqRho = -2.8299624430E+00
GradDelSqRho =  8.3488771452E-14 -2.2204460493E-15  3.4694469520E-18
HessDelSqRho_EigVals = -1.0822513207E+01  7.4980977241E-01  2.4964665620E+02
HessDelSqRho_EigVec1 =  5.3413813698E-02  9.9857246144E-01  6.1319560499E-05
HessDelSqRho_EigVec2 =  1.9279726899E-04 -7.1719979646E-05  9.9999997884E-01
HessDelSqRho_EigVec3 =  9.9857244471E-01 -5.3413800745E-02 -1.9635288108E-04
</CP of DelSqRho>
<CP of DelSqRho>
CP# = 8       
Type = (3,+3)
Coords =  2.85885708723632E+00 -2.27097763767373E+00 -2.74082913349974E-04
DistFromNuc =  7.4776570223E-01
Rho =  7.5750001694E-01
DelSqRho = -2.7776824435E+00
GradDelSqRho = -1.1457501614E-13  3.0642155480E-14 -5.2041704279E-18
HessDelSqRho_EigVals =  1.0219841844E+01  1.1649645062E+01  1.1600253938E+02
HessDelSqRho_EigVec1 =  6.9873535312E-02  9.9755585559E-01  6.3564126223E-05
HessDelSqRho_EigVec2 =  4.1825050364E-05 -6.6649491141E-05  9.9999999690E-01
HessDelSqRho_EigVec3 =  9.9755585674E-01 -6.9873532437E-02 -4.6379859474E-05
</CP of DelSqRho>
<CP of DelSqRho>
CP# = 9       
Type = (3,+1)
Coords =  3.06572686787568E+00 -1.86263256345623E+00 -2.45378329373589E-04
DistFromNuc =  7.0970232123E-01
Rho =  7.6704936155E-01
DelSqRho = -2.3159403171E+00
GradDelSqRho = -1.0658141036E-14  2.5757174171E-14  5.1152658498E-16
HessDelSqRho_EigVals = -1.1504022068E+01  5.3848236945E+00  1.6362464081E+02
HessDelSqRho_EigVec1 =  7.2957684650E-01  6.8389884067E-01  2.7963566994E-05
HessDelSqRho_EigVec2 =  3.9328981745E-05 -8.2844242430E-05  9.9999999580E-01
HessDelSqRho_EigVec3 = -6.8389884011E-01  7.2957684234E-01  8.7338286163E-05
</CP of DelSqRho>
<CP of DelSqRho>
CP# = 10      
Type = (3,+1)
Coords =  3.00543155061291E+00 -2.70251428606132E+00 -2.92929613593250E-04
DistFromNuc =  7.0863531717E-01
Rho =  7.7048808594E-01
DelSqRho = -2.3173881324E+00
GradDelSqRho = -1.7763568394E-14 -2.3980817332E-14  1.7347234760E-18
HessDelSqRho_EigVals = -1.1703087441E+01  4.7520925629E+00  1.6510467514E+02
HessDelSqRho_EigVec1 = -6.2487468042E-01  7.8072506736E-01  5.4340031143E-05
HessDelSqRho_EigVec2 =  4.2153140850E-05 -3.5863586059E-05  9.9999999847E-01
HessDelSqRho_EigVec3 =  7.8072506812E-01  6.2487468176E-01 -1.0499766852E-05
</CP of DelSqRho>
<CP of DelSqRho>
CP# = 11      
Type = (3,-1)
Coords =  3.30836069346756E+00 -2.28480043256838E+00  6.54093776945438E-01
DistFromNuc =  7.1946212538E-01
Rho =  6.6993782079E-01
DelSqRho = -1.4577637127E+00
GradDelSqRho =  2.7977620221E-14 -5.5289106626E-14 -2.5934809855E-13
HessDelSqRho_EigVals = -6.4655803560E+00 -6.2212482290E+00  1.4976257619E+02
HessDelSqRho_EigVec1 =  4.7627692289E-01  8.6785816105E-01  1.4135948862E-01
HessDelSqRho_EigVec2 =  7.9578380292E-01 -4.9381832836E-01  3.5053045173E-01
HessDelSqRho_EigVec3 = -3.7401661960E-01  5.4457973491E-02  9.2582174169E-01
</CP of DelSqRho>
<CP of DelSqRho>
CP# = 12      
Type = (3,-1)
Coords =  3.30831334343920E+00 -2.28472203761964E+00 -6.54678385948882E-01
DistFromNuc =  7.1946533204E-01
Rho =  6.6993029817E-01
DelSqRho = -1.4576996631E+00
GradDelSqRho =  1.9539925233E-14 -5.3179682880E-14  2.0783375021E-13
HessDelSqRho_EigVals = -6.4656364172E+00 -6.2215599703E+00  1.4975874479E+02
HessDelSqRho_EigVec1 =  4.7685410329E-01  8.6751062585E-01 -1.4154673506E-01
HessDelSqRho_EigVec2 =  7.9540853375E-01 -4.9441641230E-01 -3.5053912148E-01
HessDelSqRho_EigVec3 =  3.7407944159E-01 -5.4568537450E-02  9.2578984986E-01
</CP of DelSqRho>
<CP of DelSqRho>
CP# = 13      
Type = (3,+3)
Coords =  3.77773727308827E+00 -2.93755395749854E+00 -3.45835606178194E-04
DistFromNuc =  6.3716257162E-01
Rho =  9.5202676524E-01
DelSqRho = -4.4694467359E+00
GradDelSqRho = -3.5527136788E-14  8.5265128291E-14  0.0000000000E+00
HessDelSqRho_EigVals =  1.4378421863E+01  1.4835262669E+01  3.5114740517E+02
HessDelSqRho_EigVec1 = -3.7349460391E-04 -1.7341173967E-04  9.9999991522E-01
HessDelSqRho_EigVec2 =  9.6291587985E-01  2.6980148841E-01  4.0643066507E-04
HessDelSqRho_EigVec3 = -2.6980153602E-01  9.6291595001E-01  6.6211517834E-05
</CP of DelSqRho>
<CP of DelSqRho>
CP# = 14      
Type = (3,+3)
Coords =  3.85859766089461E+00 -1.73763554686832E+00 -2.76792885239262E-04
DistFromNuc =  6.3927244325E-01
Rho =  9.4218091822E-01
DelSqRho = -4.3846250136E+00
GradDelSqRho =  2.9487523534E-13  8.0291329141E-13  1.3110172670E-13
HessDelSqRho_EigVals =  1.4491539961E+01  1.4516271682E+01  3.4020964879E+02
HessDelSqRho_EigVec1 = -7.3364683704E-03  3.1237903828E-03  9.9996820858E-01
HessDelSqRho_EigVec2 =  9.1796127859E-01 -3.9658985231E-01  7.9737109477E-03
HessDelSqRho_EigVec3 =  3.9660215235E-01  9.1799059417E-01  4.2050293677E-05
</CP of DelSqRho>
<CP of DelSqRho>
CP# = 15      
Type = (3,-3)
Coords =  4.78135278151573E+00 -2.40533785305450E+00 -3.26560338241157E-04
DistFromNuc =  1.1794210266E+00
Rho =  2.3352704774E-01
DelSqRho =  6.8120919198E-01
GradDelSqRho = -3.9968028887E-15 -1.5265566589E-16  4.6078592331E-19
HessDelSqRho_EigVals = -1.6145538936E+01 -1.9494093497E-01 -1.0627860508E-01
HessDelSqRho_EigVec1 =  9.9770720294E-01 -6.7678185867E-02 -1.8872183999E-05
HessDelSqRho_EigVec2 =  6.7678186748E-02  9.9770720177E-01  5.0768356742E-05
HessDelSqRho_EigVec3 =  1.5393003606E-05 -5.1929190396E-05  9.9999999853E-01
</CP of DelSqRho>
<CP of DelSqRho>
CP# = 16      
Type = (3,+1)
Coords =  4.08936115546743E+00 -1.21541105644308E+00 -2.58698530565774E-04
DistFromNuc =  1.2102015414E+00
Rho =  2.3864127014E-01
DelSqRho =  6.0274226495E-01
GradDelSqRho =  1.7330581414E-13 -3.9934722196E-12  4.0512742222E-14
HessDelSqRho_EigVals = -1.5995140524E+01  8.3591652526E-02  1.8984623946E-01
HessDelSqRho_EigVec1 =  4.0096693670E-01  9.1609252497E-01  3.6918992712E-05
HessDelSqRho_EigVec2 =  3.0047421424E-05 -5.3452040958E-05  9.9999999812E-01
HessDelSqRho_EigVec3 =  9.1609252522E-01 -4.0096693483E-01 -4.8958719284E-05
</CP of DelSqRho>
<CP of DelSqRho>
CP# = 17      
Type = (3,+1)
Coords =  4.00855993079473E+00 -3.46361855699069E+00 -3.84501575914284E-04
DistFromNuc =  1.2087435905E+00
Rho =  2.3884767596E-01
DelSqRho =  6.1485103826E-01
GradDelSqRho =  8.0491169285E-16  1.8873791419E-15  3.0154372922E-19
HessDelSqRho_EigVals = -1.6159367290E+01  4.5644916459E-02  1.7813339984E-01
HessDelSqRho_EigVec1 = -3.3705034426E-01  9.4148662282E-01  6.6922615437E-05
HessDelSqRho_EigVec2 =  3.1790262284E-05 -5.9701003790E-05  9.9999999771E-01
HessDelSqRho_EigVec3 =  9.4148662467E-01  3.3705034562E-01 -9.8078627964E-06
</CP of DelSqRho>
<CP of DelSqRho>
CP# = 18      
Type = (3,-3)
Coords =  3.54789509113633E+00 -2.20597501475110E+00  1.16222929271944E+00
DistFromNuc =  1.1699231198E+00
Rho =  2.2908219166E-01
DelSqRho =  6.7725135575E-01
GradDelSqRho =  1.1102230246E-16 -2.7755575616E-16 -1.2212453271E-15
HessDelSqRho_EigVals = -1.5812869657E+01 -1.9489139555E-01 -8.2369244821E-02
HessDelSqRho_EigVec1 = -4.8561217894E-02  9.5780071612E-02  9.9421727303E-01
HessDelSqRho_EigVec2 = -9.5731182333E-01 -2.8843395619E-01 -1.8971711292E-02
HessDelSqRho_EigVec3 = -2.8494890951E-01  9.5269723984E-01 -1.0569809919E-01
</CP of DelSqRho>
<CP of DelSqRho>
CP# = 19      
Type = (3,-3)
Coords =  3.54784110737913E+00 -2.20585030535615E+00 -1.16282093564454E+00
DistFromNuc =  1.1699228384E+00
Rho =  2.2908194010E-01
DelSqRho =  6.7724988075E-01
GradDelSqRho =  2.2204460493E-16 -4.9960036108E-16  4.8849813084E-15
HessDelSqRho_EigVals = -1.5812824635E+01 -1.9488600673E-01 -8.2372763461E-02
HessDelSqRho_EigVec1 =  4.8609565972E-02 -9.5887470674E-02  9.9420455796E-01
HessDelSqRho_EigVec2 = -9.5731445026E-01 -2.8842413739E-01  1.8988425229E-02
HessDelSqRho_EigVec3 = -2.8493183995E-01  9.5268940896E-01  1.0581463341E-01
</CP of DelSqRho>
<CP of DelSqRho>
CP# = 20      
Type = (3,-1)
Coords =  3.28386447981354E+00 -1.68793917349524E+00  9.44604281433139E-01
DistFromNuc =  1.1835515092E+00
Rho =  2.3894702739E-01
DelSqRho =  6.7131814442E-01
GradDelSqRho = -9.2981178312E-16  1.2767564783E-15  1.3322676296E-15
HessDelSqRho_EigVals = -1.5587798904E+01 -3.5279087969E-01  8.3567980370E-02
HessDelSqRho_EigVec1 = -2.4969757802E-01  5.1961622624E-01  8.1709858460E-01
HessDelSqRho_EigVec2 =  8.6333848305E-01  5.0160202951E-01 -5.5154942472E-02
HessDelSqRho_EigVec3 = -4.3851771141E-01  6.9166059698E-01 -5.7385349643E-01
</CP of DelSqRho>
<CP of DelSqRho>
CP# = 21      
Type = (3,-1)
Coords =  3.28381594484312E+00 -1.68782494858355E+00 -9.45117739286999E-01
DistFromNuc =  1.1835511993E+00
Rho =  2.3894698690E-01
DelSqRho =  6.7131599445E-01
GradDelSqRho = -1.2212453271E-15 -1.3877787808E-15 -1.9984014443E-15
HessDelSqRho_EigVals = -1.5587724172E+01 -3.5279081727E-01  8.3573603297E-02
HessDelSqRho_EigVec1 =  2.4974085438E-01 -5.1971443588E-01  8.1702289490E-01
HessDelSqRho_EigVec2 =  8.6334159560E-01  5.0159509810E-01  5.5169256608E-02
HessDelSqRho_EigVec3 = -4.3848693819E-01  6.9159183244E-01  5.7395987869E-01
</CP of DelSqRho>
<CP of DelSqRho>
CP# = 22      
Type = (3,-1)
Coords =  4.34956217181822E+00 -2.36981615223895E+00  9.16128115456784E-01
DistFromNuc =  1.1818250537E+00
Rho =  2.2560785122E-01
DelSqRho =  6.5797821577E-01
GradDelSqRho =  4.6185277824E-14 -6.4323546489E-14  5.9618976422E-14
HessDelSqRho_EigVals = -1.5654155950E+01 -1.1179968049E-01  1.0475668308E-01
HessDelSqRho_EigVec1 =  6.2277919994E-01 -3.7788258188E-02  7.8148455881E-01
HessDelSqRho_EigVec2 =  8.3150907386E-02  9.9637284431E-01 -1.8085400568E-02
HessDelSqRho_EigVec3 =  7.7796657686E-01 -7.6244361469E-02 -6.2366241078E-01
</CP of DelSqRho>
<CP of DelSqRho>
CP# = 23      
Type = (3,-1)
Coords =  4.34951660383577E+00 -2.36971287186975E+00 -9.16778541851977E-01
DistFromNuc =  1.1818258313E+00
Rho =  2.2560809810E-01
DelSqRho =  6.5797745758E-01
GradDelSqRho =  2.6478819137E-14 -7.0256300777E-14  1.5543122345E-13
HessDelSqRho_EigVals = -1.5654189445E+01 -1.1179787798E-01  1.0475363679E-01
HessDelSqRho_EigVec1 = -6.2273965686E-01  3.7699994079E-02  7.8152033257E-01
HessDelSqRho_EigVec2 =  8.3154853506E-02  9.9637049855E-01  1.8196152359E-02
HessDelSqRho_EigVec3 =  7.7799780855E-01 -7.6318674443E-02  6.2361435986E-01
</CP of DelSqRho>
<CP of DelSqRho>
CP# = 24      
Type = (3,+1)
Coords =  2.38202429536414E+00 -2.23273481036846E+00 -2.69980330365239E-04
DistFromNuc =  1.2261187761E+00
Rho =  4.7055406481E-01
DelSqRho = -1.0898819495E+00
GradDelSqRho = -7.9369844030E-13  4.1300296516E-14  2.0816681712E-17
HessDelSqRho_EigVals = -5.5179421766E+00  6.9058615819E+00  1.0434532062E+01
HessDelSqRho_EigVec1 =  9.9576522822E-01 -9.1932636606E-02 -2.4258710786E-05
HessDelSqRho_EigVec2 =  1.9226322003E-05 -5.5625597346E-05  9.9999999827E-01
HessDelSqRho_EigVec3 =  9.1932637797E-02  9.9576522696E-01  5.3622509162E-05
</CP of DelSqRho>
<CP of DelSqRho>
CP# = 25      
Type = (3,-3)
Coords =  2.86411067068132E+00 -3.27918419011286E+00 -3.32015844607888E-04
DistFromNuc =  1.2084032769E+00
Rho =  2.5742656486E-01
DelSqRho =  7.3158130370E-01
GradDelSqRho =  8.7707618945E-15  9.9920072216E-15 -1.0772497261E-15
HessDelSqRho_EigVals = -1.5226502704E+01 -1.3086161154E+00 -3.0182274287E-01
HessDelSqRho_EigVec1 =  5.5792540339E-01  8.2989110342E-01  2.6899514201E-05
HessDelSqRho_EigVec2 =  8.2989110339E-01 -5.5792540171E-01 -5.1332829131E-05
HessDelSqRho_EigVec3 =  2.7592735942E-05 -5.0963556921E-05  9.9999999832E-01
</CP of DelSqRho>
<CP of DelSqRho>
CP# = 26      
Type = (3,-3)
Coords =  3.00393008122386E+00 -1.27350593561814E+00 -2.17076378462288E-04
DistFromNuc =  1.2104470385E+00
Rho =  2.5667157473E-01
DelSqRho =  7.0066285897E-01
GradDelSqRho =  2.2204460493E-16  0.0000000000E+00  2.2361669808E-19
HessDelSqRho_EigVals = -1.4907531729E+01 -1.1896805226E+00 -1.3597549905E-01
HessDelSqRho_EigVec1 = -4.3578668673E-01  9.0004997554E-01  7.2063380473E-05
HessDelSqRho_EigVec2 =  9.0004997793E-01  4.3578668775E-01  1.7035620296E-06
HessDelSqRho_EigVec3 =  2.9870970922E-05 -6.5603033657E-05  9.9999999740E-01
</CP of DelSqRho>
<CP of DelSqRho>
CP# = 27      
Type = (3,-1)
Coords =  3.25802052183327E+00 -2.88745925794721E+00  9.80938726812526E-01
DistFromNuc =  1.1832777367E+00
Rho =  2.3745805065E-01
DelSqRho =  6.6252251814E-01
GradDelSqRho =  1.2237849623E-12  2.1304069620E-12 -3.0997149292E-12
HessDelSqRho_EigVals = -1.5617112195E+01 -2.5373770486E-01  1.5548739883E-01
HessDelSqRho_EigVec1 = -2.7561174441E-01 -4.5820220762E-01  8.4503781174E-01
HessDelSqRho_EigVec2 =  8.0883304210E-01 -5.8558000405E-01 -5.3713767944E-02
HessDelSqRho_EigVec3 =  5.1944901228E-01  6.6869035867E-01  5.3200181190E-01
</CP of DelSqRho>
<CP of DelSqRho>
CP# = 28      
Type = (3,-1)
Coords =  3.25797008540605E+00 -2.88735028220256E+00 -9.81590539532756E-01
DistFromNuc =  1.1832775972E+00
Rho =  2.3745796259E-01
DelSqRho =  6.6252106959E-01
GradDelSqRho = -2.1510571102E-15 -2.1649348980E-15 -5.5511151231E-15
HessDelSqRho_EigVals = -1.5617054975E+01 -2.5373981940E-01  1.5548679444E-01
HessDelSqRho_EigVec1 =  2.7565623385E-01  4.5810754082E-01  8.4507462498E-01
HessDelSqRho_EigVec2 =  8.0883748726E-01 -5.8558392929E-01  5.3603926705E-02
HessDelSqRho_EigVec3 =  5.1941848248E-01  6.6875177966E-01 -5.3195441276E-01
</CP of DelSqRho>
<Path of -GradDelSqRho>
Starting CP# =      4
Ending CP# =      1
Number of Points =      7
  3.5003353658E+00 -2.4572056414E+00 -3.0843975716E-04  2.2385993089E+01  1.2381781221E+03
  3.5156717750E+00 -2.4374624489E+00 -3.0772330679E-04  3.2579811886E+01  9.9327077206E+02
  3.5310720207E+00 -2.4177689938E+00 -3.0701014056E-04  4.7759193007E+01 -7.4532420357E+02
  3.5465007074E+00 -2.3980978070E+00 -3.0629844028E-04  7.0297302059E+01 -6.2659727499E+03
  3.5619492420E+00 -2.3784422064E+00 -3.0558776267E-04  1.0372067812E+02 -2.0191653574E+04
  3.5774314307E+00 -2.3588131016E+00 -3.0487881853E-04  1.5385404663E+02 -7.3808251456E+04
  3.6047162564E+00 -2.3243328345E+00 -3.0363475749E-04  2.9805854150E+02 -3.3377176145E+06
</Path of -GradDelSqRho>
<Path of -GradDelSqRho>
Starting CP# =      4
Ending CP# =     13
Number of Points =     43
  3.5003353658E+00 -2.4572056414E+00 -3.0843975716E-04  2.2385993089E+01  1.2381781221E+03
  3.4850717377E+00 -2.4770051662E+00 -3.0915994180E-04  1.5492926583E+01  1.1570732336E+03
  3.4698384194E+00 -2.4968280319E+00 -3.0988168132E-04  1.0817456295E+01  9.8716311894E+02
  3.4546119150E+00 -2.5166561319E+00 -3.1060376837E-04  7.6564859126E+00  7.7848387845E+02
  3.4394035942E+00 -2.5364981802E+00 -3.1132677498E-04  5.5278905061E+00  5.7758959402E+02
  3.4242318465E+00 -2.5563682025E+00 -3.1205162434E-04  4.0958103563E+00  4.1332281246E+02
  3.4091160376E+00 -2.5762808055E+00 -3.1277927418E-04  3.1303708664E+00  2.9063820687E+02
  3.3940747388E+00 -2.5962497421E+00 -3.1351062124E-04  2.4772038886E+00  2.0226756590E+02
  3.3791238900E+00 -2.6162864806E+00 -3.1424640801E-04  2.0332301997E+00  1.3898140357E+02
  3.3642774330E+00 -2.6364006825E+00 -3.1498725638E-04  1.7292311447E+00  9.3599244765E+01
  3.3495512228E+00 -2.6566030730E+00 -3.1573385836E-04  1.5183712042E+00  6.1261389235E+01
  3.3349681387E+00 -2.6769089962E+00 -3.1648721148E-04  1.3689090898E+00  3.8626485786E+01
  3.3205629934E+00 -2.6973414897E+00 -3.1724882393E-04  1.2594859970E+00  2.3198530129E+01
  3.3063880112E+00 -2.7179342402E+00 -3.1802091797E-04  1.1759321016E+00  1.3001982300E+01
  3.2925209004E+00 -2.7387353910E+00 -3.1880670524E-04  1.1090132461E+00  6.4729552550E+00
  3.2790787553E+00 -2.7598133263E+00 -3.1961083205E-04  1.0528230131E+00  2.4194067313E+00
  3.2662448688E+00 -2.7812663189E+00 -3.2044018582E-04  1.0036566968E+00 -2.1469104244E-02
  3.2543289644E+00 -2.8032406514E+00 -3.2130558212E-04  9.5926313120E-01 -1.4423100682E+00
  3.2439334326E+00 -2.8259679479E+00 -3.2222592460E-04  9.1843319751E-01 -2.2316196375E+00
  3.2365460682E+00 -2.8498145655E+00 -3.2323945070E-04  8.8114496631E-01 -2.6360642443E+00
  3.2370237365E+00 -2.8745404359E+00 -3.2440905778E-04  8.5143485278E-01 -2.8184063811E+00
  3.2522786449E+00 -2.8938050697E+00 -3.2556416296E-04  8.4209974696E-01 -2.9161979521E+00
  3.2740051327E+00 -2.9061012534E+00 -3.2653488854E-04  8.4624152909E-01 -3.0074083986E+00
  3.2969772130E+00 -2.9159538937E+00 -3.2745452097E-04  8.5340492356E-01 -3.1017441378E+00
  3.3204108141E+00 -2.9246591420E+00 -3.2836804486E-04  8.6123021227E-01 -3.1989285122E+00
  3.3441552193E+00 -2.9324781787E+00 -3.2928186763E-04  8.6920991801E-01 -3.2981702489E+00
  3.3681579153E+00 -2.9394645496E+00 -3.3019485066E-04  8.7718721096E-01 -3.3986078219E+00
  3.3923844293E+00 -2.9456303249E+00 -3.3110486045E-04  8.8507493896E-01 -3.4993451519E+00
  3.4168042414E+00 -2.9509796154E+00 -3.3201004357E-04  8.9280009083E-01 -3.5994638782E+00
  3.4413882033E+00 -2.9555152635E+00 -3.3290903170E-04  9.0029319975E-01 -3.6980339550E+00
  3.4661080463E+00 -2.9592399974E+00 -3.3380094650E-04  9.0748704613E-01 -3.7941248294E+00
  3.4909362423E+00 -2.9621564682E+00 -3.3468538709E-04  9.1431726903E-01 -3.8868174257E+00
  3.5158458987E+00 -2.9642671075E+00 -3.3556244099E-04  9.2072330177E-01 -3.9752167541E+00
  3.5408106398E+00 -2.9655740038E+00 -3.3643273243E-04  9.2664927613E-01 -4.0584648343E+00
  3.5658044738E+00 -2.9660788372E+00 -3.3729752178E-04  9.3204480688E-01 -4.1357535708E+00
  3.5908016568E+00 -2.9657828730E+00 -3.3815887878E-04  9.3686563302E-01 -4.2063371979E+00
  3.6157765607E+00 -2.9646870037E+00 -3.3901997234E-04  9.4107411222E-01 -4.2695439180E+00
  3.6407035526E+00 -2.9627918278E+00 -3.3988556160E-04  9.4463957420E-01 -4.3247863858E+00
  3.6655568882E+00 -2.9600977509E+00 -3.4076286885E-04  9.4753854363E-01 -4.3715707299E+00
  3.6903106220E+00 -2.9566050992E+00 -3.4166326613E-04  9.4975484486E-01 -4.4095038617E+00
  3.7149385319E+00 -2.9523142353E+00 -3.4260598322E-04  9.5127960087E-01 -4.4382988816E+00
  3.7394140579E+00 -2.9472256707E+00 -3.4362819330E-04  9.5211113771E-01 -4.4577784604E+00
  3.7777372731E+00 -2.9375539575E+00 -3.4583560618E-04  9.5202676524E-01 -4.4694467359E+00
</Path of -GradDelSqRho>
<Path of -GradDelSqRho>
Starting CP# =      5
Ending CP# =     14
Number of Points =     42
  3.5248886798E+00 -2.1753228955E+00 -2.9243341407E-04  2.2373785861E+01  1.2354436313E+03
  3.5132795588E+00 -2.1531818056E+00 -2.9077208536E-04  1.5487655174E+01  1.1546172228E+03
  3.5017032448E+00 -2.1310235353E+00 -2.8910998455E-04  1.0816406874E+01  9.8506271601E+02
  3.4901343719E+00 -2.1088613791E+00 -2.8744770903E-04  7.6579260246E+00  7.7673210081E+02
  3.4785854294E+00 -2.0866888324E+00 -2.8578495771E-04  5.5306813681E+00  5.7618912146E+02
  3.4670764808E+00 -2.0644955039E+00 -2.8412125208E-04  4.0992129475E+00  4.1223473577E+02
  3.4556286458E+00 -2.0422705960E+00 -2.8245609134E-04  3.1339201545E+00  2.8979803131E+02
  3.4442621776E+00 -2.0200039722E+00 -2.8078900031E-04  2.4806159421E+00  2.0161421853E+02
  3.4329944792E+00 -1.9976872120E+00 -2.7911957900E-04  2.0363373946E+00  1.3846904359E+02
  3.4218408260E+00 -1.9753132433E+00 -2.7744748781E-04  1.7319406042E+00  9.3195974936E+01
  3.4108186631E+00 -1.9528742184E+00 -2.7577235177E-04  1.5206390975E+00  6.0944269182E+01
  3.3999532071E+00 -1.9303589171E+00 -2.7409364260E-04  1.3707243350E+00  3.8377642912E+01
  3.3892828443E+00 -1.9077505460E+00 -2.7241058073E-04  1.2608592759E+00  2.3003223788E+01
  3.3788651842E+00 -1.8850247034E+00 -2.7072205188E-04  1.1768880841E+00  1.2847924038E+01
  3.3687859770E+00 -1.8621468928E+00 -2.6902652076E-04  1.1095850987E+00  6.3500941484E+00
  3.3591744117E+00 -1.8390690224E+00 -2.6732194361E-04  1.0530488453E+00  2.3197496770E+00
  3.3502324135E+00 -1.8157242415E+00 -2.6560572693E-04  1.0035779853E+00 -1.0412295390E-01
  3.3422998375E+00 -1.7920191978E+00 -2.6387494063E-04  9.5892598462E-01 -1.5126996802E+00
  3.3360320465E+00 -1.7678264140E+00 -2.6212794155E-04  9.1789674668E-01 -2.2933796585E+00
  3.3330172410E+00 -1.7430468276E+00 -2.6037657498E-04  8.8052128003E-01 -2.6921506155E+00
  3.3381250915E+00 -1.7188624110E+00 -2.5876604953E-04  8.5107885988E-01 -2.8718982559E+00
  3.3567035384E+00 -1.7027433476E+00 -2.5790738511E-04  8.4215201848E-01 -2.9698778913E+00
  3.3802358335E+00 -1.6944029956E+00 -2.5769914413E-04  8.4628607492E-01 -3.0611907282E+00
  3.4045556835E+00 -1.6886287464E+00 -2.5772643471E-04  8.5332194503E-01 -3.1548623418E+00
  3.4291307986E+00 -1.6840482784E+00 -2.5788324156E-04  8.6095526574E-01 -3.2505767861E+00
  3.4538594474E+00 -1.6803836549E+00 -2.5814534891E-04  8.6868458421E-01 -3.3475320661E+00
  3.4786998902E+00 -1.6775743019E+00 -2.5850509681E-04  8.7635459903E-01 -3.4448637156E+00
  3.5036208781E+00 -1.6756029280E+00 -2.5895865954E-04  8.8387944717E-01 -3.5416801187E+00
  3.5285936343E+00 -1.6744606951E+00 -2.5950345645E-04  8.9118793904E-01 -3.6370753356E+00
  3.5535904681E+00 -1.6741403707E+00 -2.6013760171E-04  8.9821324323E-01 -3.7301403557E+00
  3.5785844752E+00 -1.6746351500E+00 -2.6085979092E-04  9.0489166459E-01 -3.8199748815E+00
  3.6035493903E+00 -1.6759385770E+00 -2.6166930019E-04  9.1116322224E-01 -3.9056997743E+00
  3.6284594487E+00 -1.6780446260E+00 -2.6256603610E-04  9.1697249805E-01 -3.9864699154E+00
  3.6532892419E+00 -1.6809477589E+00 -2.6355063461E-04  9.2226942805E-01 -4.0614871251E+00
  3.6780135770E+00 -1.6846429265E+00 -2.6462462927E-04  9.2700996414E-01 -4.1300127530E+00
  3.7026073443E+00 -1.6891255206E+00 -2.6579073169E-04  9.3115659133E-01 -4.1913795479E+00
  3.7270454010E+00 -1.6943912879E+00 -2.6705331032E-04  9.3467870280E-01 -4.2450024416E+00
  3.7513024715E+00 -1.7004362194E+00 -2.6841924988E-04  9.3755284154E-01 -4.2903879203E+00
  3.7753530651E+00 -1.7072564273E+00 -2.6989962537E-04  9.3976282026E-01 -4.3271417109E+00
  3.7991714098E+00 -1.7148480174E+00 -2.7151340576E-04  9.4129973176E-01 -4.3549745728E+00
  3.8227314005E+00 -1.7232069662E+00 -2.7329758848E-04  9.4216186123E-01 -4.3737060549E+00
  3.8585976609E+00 -1.7376355469E+00 -2.7679288524E-04  9.4218091822E-01 -4.3846250136E+00
</Path of -GradDelSqRho>
<Path of -GradDelSqRho>
Starting CP# =      5
Ending CP# =      1
Number of Points =      7
  3.5248886798E+00 -2.1753228955E+00 -2.9243341407E-04  2.2373785861E+01  1.2354436313E+03
  3.5365770496E+00 -2.1974222427E+00 -2.9409284576E-04  3.2556272271E+01  9.9172935984E+02
  3.5483351699E+00 -2.2194845716E+00 -2.9575058134E-04  4.7717612549E+01 -7.4001957254E+02
  3.5601244056E+00 -2.2415302942E+00 -2.9740755150E-04  7.0228486788E+01 -6.2469832235E+03
  3.5719352321E+00 -2.2635644550E+00 -2.9906398529E-04  1.0360914371E+02 -2.0121342388E+04
  3.5837827531E+00 -2.2855789087E+00 -3.0071949952E-04  1.5367952058E+02 -7.3564934853E+04
  3.6047162564E+00 -2.3243328345E+00 -3.0363475749E-04  2.9805854150E+02 -3.3377176145E+06
</Path of -GradDelSqRho>
<Path of -GradDelSqRho>
Starting CP# =      7
Ending CP# =     14
Number of Points =     33
  4.2688658874E+00 -2.3596127720E+00 -4.3801642230E-04  8.2405285804E-01 -2.8299624430E+00
  4.2692797794E+00 -2.3437473045E+00 -4.3694386246E-04  8.2448037531E-01 -2.8313190650E+00
  4.2696430266E+00 -2.3188603382E+00 -4.3514401105E-04  8.2464314788E-01 -2.8389380958E+00
  4.2687330526E+00 -2.2938787511E+00 -4.3301482437E-04  8.2566007978E-01 -2.8532587809E+00
  4.2667724747E+00 -2.2689575906E+00 -4.3061071532E-04  8.2716606546E-01 -2.8741666706E+00
  4.2637671545E+00 -2.2441407287E+00 -4.2793627941E-04  8.2914990503E-01 -2.9015136249E+00
  4.2597254615E+00 -2.2194714380E+00 -4.2499668124E-04  8.3159705826E-01 -2.9351056723E+00
  4.2546582088E+00 -2.1949922048E+00 -4.2179762107E-04  8.3448965012E-01 -2.9747026684E+00
  4.2485785732E+00 -2.1707445499E+00 -4.1834529653E-04  8.3780648190E-01 -3.0200179863E+00
  4.2415019981E+00 -2.1467688588E+00 -4.1464635966E-04  8.4152305061E-01 -3.0707182891E+00
  4.2334460818E+00 -2.1231042240E+00 -4.1070786961E-04  8.4561157984E-01 -3.1264234439E+00
  4.2244304506E+00 -2.0997883010E+00 -4.0653724127E-04  8.5004106565E-01 -3.1867066482E+00
  4.2144766190E+00 -2.0768571792E+00 -4.0214218995E-04  8.5477734172E-01 -3.2510948441E+00
  4.2036078373E+00 -2.0543452709E+00 -3.9753067245E-04  8.5978316811E-01 -3.3190695053E+00
  4.1918489291E+00 -2.0322852186E+00 -3.9271082449E-04  8.6501834847E-01 -3.3900678883E+00
  4.1792261203E+00 -2.0107078233E+00 -3.8769089475E-04  8.7043988036E-01 -3.4634848378E+00
  4.1657668612E+00 -1.9896419943E+00 -3.8247917521E-04  8.7600214349E-01 -3.5386752421E+00
  4.1514996458E+00 -1.9691147216E+00 -3.7708392770E-04  8.8165713008E-01 -3.6149572253E+00
  4.1364538296E+00 -1.9491510705E+00 -3.7151330560E-04  8.8735472090E-01 -3.6916161570E+00
  4.1206594499E+00 -1.9297741996E+00 -3.6577526946E-04  8.9304300971E-01 -3.7679095454E+00
  4.1041470517E+00 -1.9110053991E+00 -3.5987749402E-04  8.9866867730E-01 -3.8430728596E+00
  4.0869475220E+00 -1.8928641494E+00 -3.5382726240E-04  9.0417741495E-01 -3.9163263005E+00
  4.0690919356E+00 -1.8753681961E+00 -3.4763134088E-04  9.0951439528E-01 -3.9868825111E+00
  4.0506114158E+00 -1.8585336400E+00 -3.4129582263E-04  9.1462478668E-01 -4.0539551774E+00
  4.0315370103E+00 -1.8423750370E+00 -3.3482592148E-04  9.1945430572E-01 -4.1167684370E+00
  4.0118995859E+00 -1.8269055053E+00 -3.2822568162E-04  9.2394980015E-01 -4.1745669655E+00
  3.9917297407E+00 -1.8121368362E+00 -3.2149754042E-04  9.2805985403E-01 -4.2266265773E+00
  3.9710577347E+00 -1.7980796055E+00 -3.1464161832E-04  9.3173540515E-01 -4.2722651326E+00
  3.9499134376E+00 -1.7847432822E+00 -3.0765445834E-04  9.3493036464E-01 -4.3108535155E+00
  3.9283262918E+00 -1.7721363342E+00 -3.0052651596E-04  9.3760222838E-01 -4.3418264145E+00
  3.9063252901E+00 -1.7602663289E+00 -2.9323625544E-04  9.3971267005E-01 -4.3646926256E+00
  3.8839389640E+00 -1.7491400300E+00 -2.8573169382E-04  9.4122810611E-01 -4.3790445842E+00
  3.8585976609E+00 -1.7376355469E+00 -2.7679288524E-04  9.4218091822E-01 -4.3846250136E+00
</Path of -GradDelSqRho>
<Path of -GradDelSqRho>
Starting CP# =      7
Ending CP# =     13
Number of Points =     33
  4.2688658874E+00 -2.3596127720E+00 -4.3801642230E-04  8.2405285804E-01 -2.8299624430E+00
  4.2675851001E+00 -2.3754350088E+00 -4.3888977602E-04  8.2453740438E-01 -2.8313201781E+00
  4.2652906072E+00 -2.4002192382E+00 -4.4014006737E-04  8.2479216366E-01 -2.8389491601E+00
  4.2617199255E+00 -2.4249610621E+00 -4.4106453967E-04  8.2590327085E-01 -2.8533011495E+00
  4.2571101478E+00 -2.4495305119E+00 -4.4170016605E-04  8.2750737538E-01 -2.8742753661E+00
  4.2514714490E+00 -2.4738844316E+00 -4.4204633996E-04  8.2959477758E-01 -2.9017379135E+00
  4.2448164522E+00 -2.4979804871E+00 -4.4210311100E-04  8.3215243589E-01 -2.9355099090E+00
  4.2371601497E+00 -2.5217773475E+00 -4.4187117390E-04  8.3516396996E-01 -2.9753673115E+00
  4.2285198073E+00 -2.5452348579E+00 -4.4135185145E-04  8.3860966791E-01 -3.0210407342E+00
  4.2189148542E+00 -2.5683142009E+00 -4.4054707141E-04  8.4246650009E-01 -3.0722152834E+00
  4.2083667573E+00 -2.5909780453E+00 -4.3945933735E-04  8.4670814234E-01 -3.1285304752E+00
  4.1968988831E+00 -2.6131906801E+00 -4.3809169344E-04  8.5130501210E-01 -3.1895802893E+00
  4.1845363466E+00 -2.6349181321E+00 -4.3644768315E-04  8.5622432132E-01 -3.2549134321E+00
  4.1713058504E+00 -2.6561282646E+00 -4.3453130165E-04  8.6143015051E-01 -3.3240338854E+00
  4.1572355137E+00 -2.6767908572E+00 -4.3234694200E-04  8.6688354860E-01 -3.3964018282E+00
  4.1423546961E+00 -2.6968776638E+00 -4.2989933465E-04  8.7254266345E-01 -3.4714350222E+00
  4.1266938154E+00 -2.7163624483E+00 -4.2719348017E-04  8.7836290772E-01 -3.5485107554E+00
  4.1102841647E+00 -2.7352209981E+00 -4.2423457443E-04  8.8429716473E-01 -3.6269684371E+00
  4.0931577299E+00 -2.7534311142E+00 -4.2102792521E-04  8.9029603820E-01 -3.7061129328E+00
  4.0753470119E+00 -2.7709725794E+00 -4.1757885879E-04  8.9630814887E-01 -3.7852187180E+00
  4.0568848556E+00 -2.7878271054E+00 -4.1389261365E-04  9.0228048010E-01 -3.8635349130E+00
  4.0378042893E+00 -2.8039782613E+00 -4.0997421700E-04  9.0815877275E-01 -3.9402912414E+00
  4.0181383773E+00 -2.8194113854E+00 -4.0582833706E-04  9.1388796822E-01 -4.0147049260E+00
  3.9979200880E+00 -2.8341134848E+00 -4.0145909942E-04  9.1941269666E-01 -4.0859885054E+00
  3.9771821787E+00 -2.8480731254E+00 -3.9686984815E-04  9.2467780571E-01 -4.1533585169E+00
  3.9559570993E+00 -2.8612803165E+00 -3.9206281780E-04  9.2962892324E-01 -4.2160449526E+00
  3.9342769141E+00 -2.8737263944E+00 -3.8703865591E-04  9.3421304632E-01 -4.2733013560E+00
  3.9121732420E+00 -2.8854039067E+00 -3.8179567989E-04  9.3837914762E-01 -4.3244153855E+00
  3.8896772136E+00 -2.8963065016E+00 -3.7632862758E-04  9.4207878937E-01 -4.3687196370E+00
  3.8668194433E+00 -2.9064288234E+00 -3.7062634608E-04  9.4526673522E-01 -4.4056024850E+00
  3.8436300153E+00 -2.9157664143E+00 -3.6466692707E-04  9.4790154996E-01 -4.4345186793E+00
  3.8201384797E+00 -2.9243156232E+00 -3.5840524577E-04  9.4994617768E-01 -4.4549994156E+00
  3.7777372731E+00 -2.9375539575E+00 -3.4583560618E-04  9.5202676524E-01 -4.4694467359E+00
</Path of -GradDelSqRho>
<Path of -GradDelSqRho>
Starting CP# =      9
Ending CP# =     14
Number of Points =     35
  3.0657268679E+00 -1.8626325635E+00 -2.4537832937E-04  7.6704936155E-01 -2.3159403171E+00
  3.0829388320E+00 -1.8470238876E+00 -2.4476912192E-04  7.6954710913E-01 -2.3190894101E+00
  3.1020248641E+00 -1.8308790198E+00 -2.4420563104E-04  7.7263480326E-01 -2.3296795554E+00
  3.1216778992E+00 -1.8154293918E+00 -2.4373831848E-04  7.7615150409E-01 -2.3479238761E+00
  3.1418748856E+00 -1.8006979976E+00 -2.4336794035E-04  7.8010643053E-01 -2.3739129773E+00
  3.1625915567E+00 -1.7867068831E+00 -2.4309512507E-04  7.8450325754E-01 -2.4076371230E+00
  3.1838023376E+00 -1.7734768365E+00 -2.4292034235E-04  7.8933982218E-01 -2.4489913687E+00
  3.2054803166E+00 -1.7610270834E+00 -2.4284387758E-04  7.9460788493E-01 -2.4977811260E+00
  3.2275972792E+00 -1.7493750011E+00 -2.4286581170E-04  8.0029295122E-01 -2.5537278213E+00
  3.2501238030E+00 -1.7385358631E+00 -2.4298600768E-04  8.0637416117E-01 -2.6164743882E+00
  3.2730294072E+00 -1.7285226307E+00 -2.4320410437E-04  8.1282425766E-01 -2.6855904253E+00
  3.2962827490E+00 -1.7193458031E+00 -2.4351951864E-04  8.1960964531E-01 -2.7605769495E+00
  3.3198518565E+00 -1.7110133365E+00 -2.4393145606E-04  8.2669055391E-01 -2.8408707752E+00
  3.3437043838E+00 -1.7035306425E+00 -2.4443893034E-04  8.3402131991E-01 -2.9258486411E+00
  3.3678078751E+00 -1.6969006669E+00 -2.4504079119E-04  8.4155079814E-01 -3.0148312826E+00
  3.3921300216E+00 -1.6911240507E+00 -2.4573575979E-04  8.4922291209E-01 -3.1070877015E+00
  3.4166388954E+00 -1.6861993653E+00 -2.4652247111E-04  8.5697734581E-01 -3.2018399095E+00
  3.4413031483E+00 -1.6821234096E+00 -2.4739952151E-04  8.6475037289E-01 -3.2982684172E+00
  3.4660921631E+00 -1.6788915531E+00 -2.4836552062E-04  8.7247580880E-01 -3.3955187046E+00
  3.4909761509E+00 -1.6764981018E+00 -2.4941914604E-04  8.8008606370E-01 -3.4927088418E+00
  3.5159261931E+00 -1.6749366650E+00 -2.5055920057E-04  8.8751326355E-01 -3.5889383464E+00
  3.5409142275E+00 -1.6742004995E+00 -2.5178467183E-04  8.9469040106E-01 -3.6832982620E+00
  3.5659129873E+00 -1.6742828090E+00 -2.5309479630E-04  9.0155247410E-01 -3.7748823422E+00
  3.5908959019E+00 -1.6751769852E+00 -2.5448913120E-04  9.0803757037E-01 -3.8627991284E+00
  3.6158369703E+00 -1.6768767793E+00 -2.5596764116E-04  9.1408786157E-01 -3.9461846315E+00
  3.6407106217E+00 -1.6793764031E+00 -2.5753081120E-04  9.1965047865E-01 -4.0242152675E+00
  3.6654915708E+00 -1.6826705626E+00 -2.5917980557E-04  9.2467824946E-01 -4.0961206634E+00
  3.6901546815E+00 -1.6867544348E+00 -2.6091670630E-04  9.2913029071E-01 -4.1611959401E+00
  3.7146748413E+00 -1.6916235990E+00 -2.6274489413E-04  9.3297245440E-01 -4.2188130907E+00
  3.7390268534E+00 -1.6972739371E+00 -2.6466969656E-04  9.3617763578E-01 -4.2684311056E+00
  3.7631853451E+00 -1.7037015158E+00 -2.6669957977E-04  9.3872595348E-01 -4.3096045438E+00
  3.7871246947E+00 -1.7109024598E+00 -2.6884859037E-04  9.4060481390E-01 -4.3419903070E+00
  3.8108189716E+00 -1.7188728265E+00 -2.7114225178E-04  9.4180887192E-01 -4.3653524416E+00
  3.8342418905E+00 -1.7276084841E+00 -2.7363664245E-04  9.4233989857E-01 -4.3795648636E+00
  3.8585976609E+00 -1.7376355469E+00 -2.7679288524E-04  9.4218091822E-01 -4.3846250136E+00
</Path of -GradDelSqRho>
<Path of -GradDelSqRho>
Starting CP# =      9
Ending CP# =      8
Number of Points =     19
  3.0657268679E+00 -1.8626325635E+00 -2.4537832937E-04  7.6704936155E-01 -2.3159403171E+00
  3.0490489611E+00 -1.8787901180E+00 -2.4606797802E-04  7.6489257708E-01 -2.3189920779E+00
  3.0317001795E+00 -1.8967888540E+00 -2.4690066449E-04  7.6293241240E-01 -2.3288344853E+00
  3.0149996058E+00 -1.9153906216E+00 -2.4782603793E-04  7.6132104739E-01 -2.3449804982E+00
  2.9989677292E+00 -1.9345717014E+00 -2.4884320035E-04  7.6002829825E-01 -2.3668190985E+00
  2.9836255699E+00 -1.9543087911E+00 -2.4995132470E-04  7.5902128869E-01 -2.3936390018E+00
  2.9689951642E+00 -1.9745790920E+00 -2.5114968170E-04  7.5826517102E-01 -2.4246370734E+00
  2.9551000994E+00 -1.9953603315E+00 -2.5243766250E-04  7.5772393075E-01 -2.4589297507E+00
  2.9419660939E+00 -2.0166307095E+00 -2.5381479356E-04  7.5736127884E-01 -2.4955674569E+00
  2.9296216120E+00 -2.0383687538E+00 -2.5528073954E-04  7.5714163200E-01 -2.5335518714E+00
  2.9180984928E+00 -2.0605530615E+00 -2.5683528765E-04  7.5703117449E-01 -2.5718558072E+00
  2.9074325498E+00 -2.0831619003E+00 -2.5847830312E-04  7.5699898272E-01 -2.6094453328E+00
  2.8976640674E+00 -2.1061726342E+00 -2.6020963825E-04  7.5701817203E-01 -2.6453036668E+00
  2.8888380591E+00 -2.1295609405E+00 -2.6202896539E-04  7.5706698980E-01 -2.6784562669E+00
  2.8810040766E+00 -2.1532997942E+00 -2.6393547974E-04  7.5712972312E-01 -2.7079964186E+00
  2.8742152490E+00 -2.1773582354E+00 -2.6592736328E-04  7.5719721090E-01 -2.7331104915E+00
  2.8685261301E+00 -2.2017000232E+00 -2.6800074983E-04  7.5726666272E-01 -2.7531018872E+00
  2.8639889310E+00 -2.2262824339E+00 -2.7014738280E-04  7.5734044299E-01 -2.7674125537E+00
  2.8588570872E+00 -2.2709776377E+00 -2.7408291335E-04  7.5750001694E-01 -2.7776824435E+00
</Path of -GradDelSqRho>
<Path of -GradDelSqRho>
Starting CP# =     10
Ending CP# =      8
Number of Points =     19
  3.0054315506E+00 -2.7025142861E+00 -2.9292961359E-04  7.7048808594E-01 -2.3173881324E+00
