 AIMInt (Version 19.10.12, Professional)
 Portions Copyright (c) 1997-2019 by Todd A. Keith
 AIMInt is a component of the AIMAll package ( http://aim.tkgristmill.com )

 TP:  64-bit Mac OS X

 AIMInt is a heavily modified and extended version of the PROAIMV program
 developed by members of R.F.W. Bader's research group

 Much of the Quantum Theory of Atoms in Molecules (QTAIM) is described in the book:
   "Atoms in Molecules - A Quantum Theory"
   R.F.W. Bader, Oxford University Press, Oxford, 1990

 For additional references see:  http://aim.tkgristmill.com/references.html

 Current Directory:  /Users/chemlab/Documents/SubstituentCoding/BCP Map Reference/BCPMapReference

 Inp File:  SubH_GeFHCH3_reor_wb97xd_aug-cc-pvtz_reor_atomicfiles/c4.inp
 Wfx File:  SubH_GeFHCH3_reor_wb97xd_aug-cc-pvtz_reor.wfx
 Out File:  SubH_GeFHCH3_reor_wb97xd_aug-cc-pvtz_reor_atomicfiles/c4.int

 Wfx Title:   single point on SubH_GeFHCH3_reor_wb97xd_aug-cc-pvtz reoriented by subproptool
 Job Title:   single point on SubH_GeFHCH3_reor_wb97xd_aug-cc-pvtz reoriented by subproptool
 
<Atom>
C4      
</Atom>
<Nuclei of Molecule>
     8
Ge1       32.0           0.0000000000E+00   0.0000000000E+00   0.0000000000E+00
H2         1.0          -2.8970068407E+00   0.0000000000E+00   0.0000000000E+00
H3         1.0           1.0719150188E+00   2.6914008589E+00   0.0000000000E+00
C4         6.0           1.4585303072E+00  -2.1508465907E+00   2.5794289169E+00
H5         1.0           7.3468583298E-01  -4.0662049605E+00   2.3898648201E+00
H6         1.0           3.5057802220E+00  -2.1870726405E+00   2.3898648201E+00
H7         1.0           9.7832822222E-01  -1.4427072524E+00   4.4525443488E+00
F8         9.0           8.8006435347E-01  -1.2978007855E+00  -2.9138953231E+00
</Nuclei of Molecule>
<Total Number of CPs of DelSqRho>
    36
</Total Number of CPs of DelSqRho>
<Number of (3,+3) CPs of DelSqRho>
     5
</Number of (3,+3) CPs of DelSqRho>
<Number of (3,+1) CPs of DelSqRho>
    13
</Number of (3,+1) CPs of DelSqRho>
<Number of (3,-1) CPs of DelSqRho>
    13
</Number of (3,-1) CPs of DelSqRho>
<Number of (3,-3) CPs of DelSqRho>
     5
</Number of (3,-3) CPs of DelSqRho>
<Number of Degenerate CPs of DelSqRho>
     0
</Number of Degenerate CPs of DelSqRho>
<CP of DelSqRho>
CP# = 1       
Type = (3,+3)
Coords =  1.45853027956154E+00 -2.15084654998102E+00  2.57942889173869E+00
DistFromNuc =  5.5278994027E-08
Rho =  1.2086576391E+02
DelSqRho = -7.4428370181E+05
GradDelSqRho = -8.7097987489E-08 -5.1757297115E-07 -2.4746418603E-07
HessDelSqRho_EigVals =  1.5945108223E+10  1.5945108578E+10  1.5945108591E+10
HessDelSqRho_EigVec1 =  3.9843356060E-01 -5.8758233697E-01  7.0427103807E-01
HessDelSqRho_EigVec2 = -3.9776942049E-01  5.8119001578E-01  7.0992792147E-01
HessDelSqRho_EigVec3 =  8.2645640291E-01  5.6299659220E-01  2.1566782904E-03
</CP of DelSqRho>
<CP of DelSqRho>
CP# = 2       
Type = (3,+1)
Coords =  1.00128083146419E+00 -3.35216430801065E+00  2.45804604190764E+00
DistFromNuc =  1.2911139157E+00
Rho =  2.8225150252E-01
DelSqRho = -1.0720547743E+00
GradDelSqRho =  6.6613381478E-16 -1.1102230246E-15  2.1371793224E-15
HessDelSqRho_EigVals = -7.7960351789E+00  7.9415864916E+00  8.1339697354E+00
HessDelSqRho_EigVec1 =  3.4823163482E-01  9.3324204610E-01  8.8283701224E-02
HessDelSqRho_EigVec2 =  5.4051716952E-01 -2.7684644618E-01  7.9447922231E-01
HessDelSqRho_EigVec3 =  7.6588244395E-01 -2.2894394212E-01 -6.0084003979E-01
</CP of DelSqRho>
<CP of DelSqRho>
CP# = 3       
Type = (3,+1)
Coords =  2.74377539537809E+00 -2.17054668151893E+00  2.45804825559855E+00
DistFromNuc =  1.2911143618E+00
Rho =  2.8225106665E-01
DelSqRho = -1.0720464459E+00
GradDelSqRho = -1.1102230246E-16 -9.9920072216E-16  1.1102230246E-16
HessDelSqRho_EigVals = -7.7961564205E+00  7.9415853771E+00  8.1338438277E+00
HessDelSqRho_EigVec1 =  9.9585699682E-01 -2.1786895783E-02 -8.8284613877E-02
HessDelSqRho_EigVec2 =  5.7221044274E-02 -6.0441175410E-01  7.9461448741E-01
HessDelSqRho_EigVec3 =  7.0672441358E-02  7.9637413486E-01  6.0066100535E-01
</CP of DelSqRho>
<CP of DelSqRho>
CP# = 4       
Type = (3,+1)
Coords =  1.15499924594307E+00 -1.70323405620108E+00  3.75239159336706E+00
DistFromNuc =  1.2916383111E+00
Rho =  2.8013493060E-01
DelSqRho = -1.0568131267E+00
GradDelSqRho = -2.4980018054E-16 -1.1518563880E-15 -5.5511151231E-16
HessDelSqRho_EigVals = -7.5496196806E+00  7.8114681268E+00  8.0019795606E+00
HessDelSqRho_EigVec1 = -2.3023491067E-01  3.3952085552E-01  9.1198545744E-01
HessDelSqRho_EigVec2 = -5.1192220617E-01  7.5475368884E-01 -4.1022252987E-01
HessDelSqRho_EigVec3 =  8.2760349246E-01  5.6131315488E-01 -3.7617266715E-05
</CP of DelSqRho>
<CP of DelSqRho>
CP# = 5       
Type = (3,+1)
Coords =  1.35535656704799E+00 -1.99869776538869E+00  2.45140080879015E+00
DistFromNuc =  2.2402071817E-01
Rho =  9.2250648676E+00
DelSqRho =  2.8001637713E+02
GradDelSqRho = -6.3344884893E-12 -1.4992451725E-12 -7.6738615462E-13
HessDelSqRho_EigVals = -5.8452745826E+04  1.9044182102E+01  1.9598935130E+01
HessDelSqRho_EigVec1 = -4.6049684629E-01  6.7908795293E-01 -5.7164867423E-01
HessDelSqRho_EigVec2 = -3.2086205743E-01  4.7310648666E-01  8.2049850236E-01
HessDelSqRho_EigVec3 =  8.2764134422E-01  5.6125734246E-01  2.9512687128E-05
</CP of DelSqRho>
<CP of DelSqRho>
CP# = 6       
Type = (3,-3)
Coords =  1.55615043727217E+00 -2.29482551942678E+00  2.72021280324095E+00
DistFromNuc =  2.2378499585E-01
Rho =  9.2354778938E+00
DelSqRho =  2.8155330235E+02
GradDelSqRho =  5.9241500594E-13 -3.8760106236E-12  3.0704327969E-12
HessDelSqRho_EigVals = -5.9070568331E+04 -4.6296346981E+01 -3.5507821379E+01
HessDelSqRho_EigVec1 = -4.3628032884E-01  6.4346548416E-01 -6.2897666519E-01
HessDelSqRho_EigVec2 =  8.2765001199E-01  5.6124455478E-01  8.5980577136E-05
HessDelSqRho_EigVec3 = -3.5306505396E-01  5.2053503285E-01  7.7742417460E-01
</CP of DelSqRho>
<CP of DelSqRho>
CP# = 7       
Type = (3,+1)
Coords =  2.11033127638072E+00 -1.89391634718288E+00  3.29403998654887E+00
DistFromNuc =  1.0007630261E+00
Rho =  2.0794121086E-01
DelSqRho = -1.5862714827E-01
GradDelSqRho =  0.0000000000E+00  4.4408920985E-16  1.8041124150E-16
HessDelSqRho_EigVals = -3.2774050502E+00  1.1200231951E+00  1.3908034065E+01
HessDelSqRho_EigVec1 = -7.5746969045E-01  2.2217755023E-01  6.1390292736E-01
HessDelSqRho_EigVec2 = -5.9824594061E-04  9.4007711671E-01 -3.4096137134E-01
HessDelSqRho_EigVec3 =  6.5287005609E-01  2.5863516934E-01  7.1194700578E-01
</CP of DelSqRho>
<CP of DelSqRho>
CP# = 8       
Type = (3,-1)
Coords =  4.35398408352124E-01 -2.19432616324116E+00  2.76212253838645E+00
DistFromNuc =  1.0402241657E+00
Rho =  1.7114414524E-01
DelSqRho =  3.1568113046E-02
GradDelSqRho = -5.5178084324E-14  4.3742787170E-14 -2.1413426587E-14
HessDelSqRho_EigVals = -1.4418603433E+00 -1.1916200944E+00  9.1417196647E+00
HessDelSqRho_EigVec1 =  7.2319342044E-02  7.9217904888E-01  6.0598866926E-01
HessDelSqRho_EigVec2 =  1.8546939082E-01 -6.0766358557E-01  7.7223446688E-01
HessDelSqRho_EigVec3 =  9.7998521307E-01  5.6544860781E-02 -1.9087079631E-01
</CP of DelSqRho>
<CP of DelSqRho>
CP# = 9       
Type = (3,-1)
Coords =  1.87748633977772E+00 -1.21641062751415E+00  2.76211575955188E+00
DistFromNuc =  1.0402255568E+00
Rho =  1.7114357947E-01
DelSqRho =  3.1567939873E-02
GradDelSqRho =  5.5511151231E-16 -1.4988010832E-15 -1.4016565686E-15
HessDelSqRho_EigVals = -1.4417740379E+00 -1.1916614816E+00  9.1416458652E+00
HessDelSqRho_EigVec1 = -7.6274546577E-01  2.2594560394E-01  6.0594384105E-01
HessDelSqRho_EigVec2 =  4.9587176155E-01 -3.9712581903E-01  7.7227085919E-01
HessDelSqRho_EigVec3 =  4.1512714985E-01  8.8951653606E-01  1.9086587316E-01
</CP of DelSqRho>
<CP of DelSqRho>
CP# = 10      
Type = (3,-1)
Coords =  1.87111392934289E+00 -2.75927449552503E+00  3.31122065045206E+00
DistFromNuc =  1.0372699272E+00
Rho =  1.7281658191E-01
DelSqRho =  2.4741601543E-02
GradDelSqRho =  7.7715611724E-16  2.2204460493E-16  1.1102230246E-15
HessDelSqRho_EigVals = -1.1249252768E+00 -1.1044545265E+00  9.3366139864E+00
HessDelSqRho_EigVec1 =  8.2748303156E-01  5.6149064316E-01  3.0019908380E-04
HessDelSqRho_EigVec2 = -3.9599895213E-01  5.8321451844E-01  7.0925711515E-01
HessDelSqRho_EigVec3 =  3.9806615329E-01 -5.8701710632E-01  7.0494982409E-01
</CP of DelSqRho>
<CP of DelSqRho>
CP# = 11      
Type = (3,-1)
Coords =  1.75791806962532E+00 -2.59236875267613E+00  1.68696966127596E+00
DistFromNuc =  1.0397395706E+00
Rho =  1.7107102288E-01
DelSqRho =  3.2591271512E-02
GradDelSqRho =  5.8841820305E-15 -8.4376949872E-15 -3.9968028887E-15
HessDelSqRho_EigVals = -1.4589746087E+00 -1.1826335327E+00  9.1705698237E+00
HessDelSqRho_EigVec1 =  8.2763210905E-01  5.6127095996E-01 -3.9663688753E-05
HessDelSqRho_EigVec2 = -4.7552397834E-01  7.0115482294E-01 -5.3128039706E-01
HessDelSqRho_EigVec3 = -2.9816444808E-01  4.3972357655E-01  8.4719604469E-01
</CP of DelSqRho>
<CP of DelSqRho>
CP# = 12      
Type = (3,+1)
Coords =  8.04983619220613E-01 -2.45831522336311E+00  1.88992575386139E+00
DistFromNuc =  9.9853635147E-01
Rho =  2.0894342490E-01
DelSqRho = -2.5292739932E-01
GradDelSqRho = -6.6613381478E-16  3.3306690739E-16 -6.3837823916E-16
HessDelSqRho_EigVals = -2.5517977504E+00  1.4370774550E+00  1.4397917878E+01
HessDelSqRho_EigVec1 = -4.8581210591E-02  9.1650085201E-01 -3.9707185023E-01
HessDelSqRho_EigVec2 = -7.5522548357E-01  2.2645914846E-01  6.1510220537E-01
HessDelSqRho_EigVec3 =  6.5366224837E-01  3.2976118988E-01  6.8116313957E-01
</CP of DelSqRho>
<CP of DelSqRho>
CP# = 13      
Type = (3,+1)
Coords =  9.78667544082165E-01 -2.66132639542726E+00  3.29404154347163E+00
DistFromNuc =  1.0007642622E+00
Rho =  2.0793991048E-01
DelSqRho = -1.5861667724E-01
GradDelSqRho =  8.8318241609E-13  1.4127587988E-12 -3.2876479317E-13
HessDelSqRho_EigVals = -3.2774065059E+00  1.1199650646E+00  1.3907815542E+01
HessDelSqRho_EigVec1 =  7.3858306799E-02  7.8591726983E-01  6.1390471207E-01
HessDelSqRho_EigVec2 =  8.7313885548E-01 -3.4838935824E-01  3.4095951975E-01
HessDelSqRho_EigVec3 = -4.8184384355E-01 -5.1084136486E-01  7.1194635359E-01
</CP of DelSqRho>
<CP of DelSqRho>
CP# = 14      
Type = (3,+3)
Coords =  1.20373354628506E+00 -1.77510202022504E+00  3.55541112017261E+00
DistFromNuc =  1.0764044931E+00
Rho =  2.8816846900E-01
DelSqRho = -1.1102332599E+00
GradDelSqRho =  1.0547118734E-15 -7.7715611724E-16 -1.9984014443E-15
HessDelSqRho_EigVals =  6.5884352888E+00  6.9139063766E+00  6.9509086291E+00
HessDelSqRho_EigVec1 =  3.3969014403E-01 -5.0079350934E-01  7.9612591156E-01
HessDelSqRho_EigVec2 = -4.4674415430E-01  6.5896596384E-01  6.0513099334E-01
HessDelSqRho_EigVec3 =  8.2766555241E-01  5.6122163136E-01 -1.1767036314E-04
</CP of DelSqRho>
<CP of DelSqRho>
CP# = 15      
Type = (3,+1)
Coords =  2.01554678778738E+00 -2.97226671373416E+00  2.45188237443171E+00
DistFromNuc =  1.0006330489E+00
Rho =  2.0765348564E-01
DelSqRho = -1.5506124866E-01
GradDelSqRho =  3.9745984282E-14 -2.1760371283E-14 -3.3306690739E-15
HessDelSqRho_EigVals = -3.2938209742E+00  1.1011246114E+00  1.3900675197E+01
HessDelSqRho_EigVec1 =  8.2765094809E-01  5.6124318089E-01 -6.1102217892E-06
HessDelSqRho_EigVec2 =  7.3010708592E-02 -1.0765622806E-01  9.9150369288E-01
HessDelSqRho_EigVec3 = -5.5647402865E-01  8.2061941755E-01  1.3007854155E-01
</CP of DelSqRho>
<CP of DelSqRho>
CP# = 16      
Type = (3,+1)
Coords =  9.07191716472827E-01 -1.33781329758868E+00  2.77202662625481E+00
DistFromNuc =  1.0010450814E+00
Rho =  2.0724532000E-01
DelSqRho = -2.4697142181E-01
GradDelSqRho =  7.1120886957E-13 -1.5405454690E-12  1.7563728250E-13
HessDelSqRho_EigVals = -2.5072325968E+00  1.4108435550E+00  1.4155888689E+01
HessDelSqRho_EigVec1 =  1.1985031365E-01 -1.7674267148E-01  9.7693292011E-01
HessDelSqRho_EigVec2 =  8.2764775076E-01  5.6124789591E-01  2.6715917257E-06
HessDelSqRho_EigVec3 = -5.4830201804E-01  8.0855601378E-01  2.1354641088E-01
</CP of DelSqRho>
<CP of DelSqRho>
CP# = 17      
Type = (3,+1)
Coords =  1.98600030477837E+00 -1.65746531838986E+00  1.88991678778442E+00
DistFromNuc =  9.9853725740E-01
Rho =  2.0894290561E-01
DelSqRho = -2.5292233701E-01
GradDelSqRho =  1.3322676296E-15  0.0000000000E+00  1.4988010832E-15
HessDelSqRho_EigVals = -2.5518229377E+00  1.4370170763E+00  1.4397827808E+01
HessDelSqRho_EigVec1 =  8.3347575768E-01 -3.8425335572E-01  3.9707369590E-01
HessDelSqRho_EigVec2 =  6.9066071248E-02  7.8542424277E-01  6.1509238060E-01
HessDelSqRho_EigVec3 = -5.4822261825E-01 -4.8524026779E-01  6.8117093549E-01
</CP of DelSqRho>
<CP of DelSqRho>
CP# = 18      
Type = (3,+3)
Coords =  2.52540871155028E+00 -2.16452024030697E+00  2.47605163555074E+00
DistFromNuc =  1.0719623877E+00
Rho =  2.9088501232E-01
DelSqRho = -1.1291760333E+00
GradDelSqRho = -1.2423395646E-13  8.8817841970E-16  1.3378187447E-14
HessDelSqRho_EigVals =  6.6936115942E+00  7.0524164184E+00  7.1280354485E+00
HessDelSqRho_EigVec1 =  4.2314308990E-01 -5.8557700524E-01  6.9141123538E-01
HessDelSqRho_EigVec2 = -1.3624380074E-01  7.1329594982E-01  6.8749291977E-01
HessDelSqRho_EigVec3 =  8.9576087893E-01  3.8510837293E-01 -2.2204501541E-01
</CP of DelSqRho>
<CP of DelSqRho>
CP# = 19      
Type = (3,+3)
Coords =  1.06245457201481E+00 -1.56676427681647E+00  1.87626400106600E+00
DistFromNuc =  9.9622740188E-01
Rho =  2.3793030201E-01
DelSqRho = -6.7147319652E-01
GradDelSqRho =  1.9984014443E-15 -2.2204460493E-16  6.6613381478E-16
HessDelSqRho_EigVals =  2.3583625021E+00  2.3709417440E+00  1.5246404754E+01
HessDelSqRho_EigVec1 =  8.2783656048E-01  5.6096926679E-01 -3.3293080489E-04
HessDelSqRho_EigVec2 = -3.9587401203E-01  5.8462160179E-01  7.0816759974E-01
HessDelSqRho_EigVec3 =  3.9745489773E-01 -5.8611523136E-01  7.0604429028E-01
</CP of DelSqRho>
<CP of DelSqRho>
CP# = 20      
Type = (3,+3)
Coords =  1.07647723434131E+00 -3.14706696397358E+00  2.47604920113477E+00
DistFromNuc =  1.0719640610E+00
Rho =  2.9088516440E-01
DelSqRho = -1.1291823499E+00
GradDelSqRho =  2.6407764864E-12  6.8116345897E-12  7.3679951029E-13
HessDelSqRho_EigVals =  6.6935710894E+00  7.0525501861E+00  7.1279879904E+00
HessDelSqRho_EigVec1 =  3.8749605039E-01 -6.0997351522E-01  6.9121568389E-01
HessDelSqRho_EigVec2 = -6.1146547435E-01  3.9105833587E-01  6.8788323982E-01
HessDelSqRho_EigVec3 =  6.8989621292E-01  6.8920656459E-01  2.2144418421E-01
</CP of DelSqRho>
<CP of DelSqRho>
CP# = 21      
Type = (3,-3)
Coords =  2.22531979901903E+00 -9.43555809317574E-01  3.05905279610734E+00
DistFromNuc =  1.5084946872E+00
Rho =  8.2226156781E-02
DelSqRho =  1.8816735022E-01
GradDelSqRho = -7.7715611724E-16  7.0776717820E-15 -2.9629076970E-15
HessDelSqRho_EigVals = -1.7483141536E+00 -6.6823161431E-02 -3.4911426005E-02
HessDelSqRho_EigVec1 =  4.5991600626E-01  8.4847650869E-01  2.6184896676E-01
HessDelSqRho_EigVec2 =  5.0842011489E-01 -4.9338921610E-01  7.0574504477E-01
HessDelSqRho_EigVec3 = -7.2800154805E-01  1.9145416067E-01  6.5830012183E-01
</CP of DelSqRho>
<CP of DelSqRho>
CP# = 22      
Type = (3,-1)
Coords =  5.66801823117112E-01 -8.35880212497585E-01  3.17025711232497E+00
DistFromNuc =  1.6951089115E+00
Rho =  8.4229533511E-02
DelSqRho =  1.3971905345E-01
GradDelSqRho = -9.0205620751E-17  2.5673907444E-16  1.5959455979E-16
HessDelSqRho_EigVals = -1.2714833261E+00 -4.5915044921E-01  7.9738004940E-02
HessDelSqRho_EigVec1 = -5.5811078797E-01  8.2299944221E-01 -1.0575569241E-01
HessDelSqRho_EigVec2 = -5.9354128100E-02  8.7529160632E-02  9.9439214273E-01
HessDelSqRho_EigVec3 =  8.2764088579E-01  5.6125801924E-01 -2.5544918889E-06
</CP of DelSqRho>
<CP of DelSqRho>
CP# = 23      
Type = (3,-3)
Coords =  2.03383439059623E+00 -2.99958145563053E+00  1.47398822943747E+00
DistFromNuc =  1.5077548782E+00
Rho =  8.2101152173E-02
DelSqRho =  1.8919085721E-01
GradDelSqRho = -9.3258734069E-15  1.3045120539E-14  7.7493567119E-14
HessDelSqRho_EigVals = -1.7578372345E+00 -6.3970360168E-02 -3.3022717405E-02
HessDelSqRho_EigVec1 = -3.4372268495E-01  5.0687833397E-01  7.9052455395E-01
HessDelSqRho_EigVec2 = -4.4368971014E-01  6.5426944878E-01 -6.1243034666E-01
HessDelSqRho_EigVec3 =  8.2764373795E-01  5.6125381330E-01 -9.4494614779E-06
</CP of DelSqRho>
<CP of DelSqRho>
CP# = 24      
Type = (3,-3)
Coords =  5.31996096316938E-02 -2.41662387717612E+00  3.05897110885084E+00
DistFromNuc =  1.5084935033E+00
Rho =  8.2226572561E-02
DelSqRho =  1.8816888556E-01
GradDelSqRho = -1.1102230246E-16 -3.3827107782E-16 -6.9388939039E-17
HessDelSqRho_EigVals = -1.7483383025E+00 -6.6825239056E-02 -3.4932586752E-02
HessDelSqRho_EigVec1 =  9.5842865146E-01  1.1333600177E-01 -2.6185773002E-01
HessDelSqRho_EigVec2 =  2.7027521270E-01 -6.5478854802E-01  7.0583515553E-01
HessDelSqRho_EigVec3 =  9.1464908394E-02  7.4726628994E-01  6.5820001705E-01
</CP of DelSqRho>
<CP of DelSqRho>
CP# = 25      
Type = (3,-3)
Coords =  2.06018649361584E+00 -3.03799714294259E+00  3.62288866069586E+00
DistFromNuc =  1.4959393390E+00
Rho =  7.9982869222E-02
DelSqRho =  1.8273095019E-01
GradDelSqRho =  6.2450045135E-17  4.4408920985E-16  1.1102230246E-16
HessDelSqRho_EigVals = -1.7099561861E+00 -2.3223159306E-02 -2.1069759032E-02
HessDelSqRho_EigVec1 =  4.0009279496E-01 -5.8997724246E-01  7.0132204357E-01
HessDelSqRho_EigVec2 =  8.2728250694E-01  5.6178575995E-01  6.4313262608E-04
HessDelSqRho_EigVec3 = -3.9437217083E-01  5.7993414565E-01  7.1284428705E-01
</CP of DelSqRho>
<CP of DelSqRho>
CP# = 26      
Type = (3,-1)
Coords =  2.34128973914812E+00 -3.45262496253219E+00  2.73759417522987E+00
DistFromNuc =  1.5807932796E+00
Rho =  8.4626612357E-02
DelSqRho =  1.7777497211E-01
GradDelSqRho =  6.3837823916E-16 -2.2204460493E-16  1.1796119637E-16
HessDelSqRho_EigVals = -1.6674648834E+00 -1.0145324400E-01  1.9586599151E-02
HessDelSqRho_EigVec1 = -5.5323721262E-01  8.1584142939E-01 -1.6831918686E-01
HessDelSqRho_EigVec2 =  8.2765256294E-01  5.6124079883E-01 -2.7931431928E-05
HessDelSqRho_EigVec3 = -9.4444807275E-02  1.3932525911E-01  9.8573254514E-01
</CP of DelSqRho>
<CP of DelSqRho>
CP# = 27      
Type = (3,-1)
Coords =  2.57836980578679E+00 -1.43222621727333E+00  1.52882866940444E+00
DistFromNuc =  1.6953514750E+00
Rho =  8.4140962950E-02
DelSqRho =  1.4273638713E-01
GradDelSqRho = -1.4099242607E-12 -2.7123789326E-12  3.7886360715E-12
HessDelSqRho_EigVals = -1.2915083900E+00 -4.6776409553E-01  7.7204971058E-02
HessDelSqRho_EigVec1 = -2.5206865370E-01 -5.7991281329E-01  7.7470157015E-01
HessDelSqRho_EigVec2 =  9.6519966037E-01 -2.0828209302E-01  1.5813976522E-01
HessDelSqRho_EigVec3 =  6.9649188356E-02  7.8760377012E-01  6.1223303721E-01
</CP of DelSqRho>
<CP of DelSqRho>
CP# = 28      
Type = (3,-1)
Coords =  3.76531937689509E-01 -2.92530290882071E+00  1.52884633647762E+00
DistFromNuc =  1.6953544817E+00
Rho =  8.4140547946E-02
DelSqRho =  1.4273603061E-01
GradDelSqRho = -3.7961994659E-13 -5.7072402360E-15 -1.4456491559E-13
HessDelSqRho_EigVals = -1.2915010605E+00 -4.6775415441E-01  7.7210197801E-02
HessDelSqRho_EigVec1 =  6.3204035284E-01  1.9598845317E-02  7.7468760003E-01
HessDelSqRho_EigVec2 =  1.6363110417E-01  9.7376476379E-01 -1.5813616456E-01
HessDelSqRho_EigVec3 = -7.5746277409E-01  2.2671142463E-01  6.1225164419E-01
</CP of DelSqRho>
<CP of DelSqRho>
CP# = 29      
Type = (3,-1)
Coords =  2.46916877672956E+00 -2.06276241044293E+00  3.79772872666122E+00
DistFromNuc =  1.5853716805E+00
Rho =  8.4866481173E-02
DelSqRho =  1.7684679018E-01
GradDelSqRho = -5.8980598183E-17  7.6327832943E-17 -1.2490009027E-16
HessDelSqRho_EigVals = -1.6539531083E+00 -1.0993234574E-01  1.9902133291E-02
HessDelSqRho_EigVec1 =  6.3020164404E-01 -9.2130541242E-03  7.7637684630E-01
HessDelSqRho_EigVec2 =  7.5406261358E-01 -2.3102673896E-01 -6.1483023729E-01
HessDelSqRho_EigVec3 =  1.8502827526E-01  9.7290378020E-01 -1.3864621104E-01
</CP of DelSqRho>
<CP of DelSqRho>
CP# = 30      
Type = (3,-1)
Coords =  1.00283312510747E+00 -3.05719861175780E+00  3.79772282100363E+00
DistFromNuc =  1.5853624017E+00
Rho =  8.4866324351E-02
DelSqRho =  1.7684616129E-01
GradDelSqRho =  1.2143064332E-16 -2.4980018054E-16  4.8225312632E-16
HessDelSqRho_EigVals = -1.6539612279E+00 -1.0990759564E-01  1.9905545011E-02
HessDelSqRho_EigVec1 = -2.2456177174E-01 -5.8888781766E-01  7.7639110562E-01
HessDelSqRho_EigVec2 =  6.4375760441E-02  7.8603418335E-01  6.1482194502E-01
HessDelSqRho_EigVec3 =  9.7233110212E-01 -1.8804627310E-01  1.3860312778E-01
</CP of DelSqRho>
<CP of DelSqRho>
CP# = 31      
Type = (3,-1)
Coords =  1.36343766181674E+00 -2.01060584049995E+00  2.72054140034670E-01
DistFromNuc =  2.3135877852E+00
Rho =  3.7965263410E-02
DelSqRho =  6.5823705249E-02
GradDelSqRho = -6.9909356082E-16  1.1449174941E-15 -1.4184833863E-14
HessDelSqRho_EigVals = -1.5072066825E-01 -1.2908133771E-02  2.3165458485E-01
HessDelSqRho_EigVec1 = -4.1887065506E-01  6.1769374392E-01  6.6558381370E-01
HessDelSqRho_EigVec2 =  8.2764951591E-01  5.6124529292E-01  5.8391940796E-07
HessDelSqRho_EigVec3 =  3.7355542180E-01 -5.5087036579E-01  7.4632311162E-01
</CP of DelSqRho>
<CP of DelSqRho>
CP# = 32      
Type = (3,+1)
Coords = -1.64752250189240E-01 -2.23563127779085E+00  8.80031828533409E-01
DistFromNuc =  2.3516345737E+00
Rho =  4.0570278177E-02
DelSqRho =  5.8125872748E-02
GradDelSqRho =  2.2755246038E-12  1.9123175266E-12  3.7076938741E-13
HessDelSqRho_EigVals = -1.3629030681E-01  1.0570938812E-02  2.3446232469E-01
HessDelSqRho_EigVec1 =  6.1608547853E-01  7.1943224466E-01  3.2071159704E-01
HessDelSqRho_EigVec2 = -7.0275380308E-01  3.1813243585E-01  6.3634019637E-01
HessDelSqRho_EigVec3 =  3.5577489427E-01 -6.1742124890E-01  7.0158051998E-01
</CP of DelSqRho>
<CP of DelSqRho>
CP# = 33      
Type = (3,-1)
Coords = -6.14841776342284E-01 -1.35485625803295E+00  1.88792901388094E+00
DistFromNuc =  2.3260792167E+00
Rho =  4.0756376696E-02
DelSqRho =  6.1772562592E-02
GradDelSqRho =  5.2370885406E-12 -4.1814642027E-13 -3.0029000120E-12
HessDelSqRho_EigVals = -1.5021726189E-01 -7.0789741041E-03  2.3598264811E-01
HessDelSqRho_EigVec1 =  9.0715061640E-01  1.5506147955E-01 -3.9119521562E-01
HessDelSqRho_EigVec2 =  1.2664320516E-01  7.8593325655E-01  6.0520278819E-01
HessDelSqRho_EigVec3 =  4.0129696953E-01 -5.9855229830E-01  6.9332235536E-01
</CP of DelSqRho>
<CP of DelSqRho>
CP# = 34      
Type = (3,-1)
Coords =  1.48616232561434E+00  6.98982258287802E-02  1.88795252291741E+00
DistFromNuc =  2.3260719404E+00
Rho =  4.0756714982E-02
DelSqRho =  6.1772868174E-02
GradDelSqRho = -2.9490299092E-17 -8.1965684240E-17 -6.5919492087E-17
HessDelSqRho_EigVals = -1.5021842711E-01 -7.0795950609E-03  2.3598663810E-01
HessDelSqRho_EigVec1 =  4.7968632167E-01  7.8540161442E-01  3.9121009301E-01
HessDelSqRho_EigVec2 =  7.7702780525E-01 -1.7312548843E-01 -6.0519034619E-01
HessDelSqRho_EigVec3 =  4.0758903650E-01 -5.9428265103E-01  6.9332482143E-01
</CP of DelSqRho>
<CP of DelSqRho>
CP# = 35      
Type = (3,+1)
Coords =  1.60173770863235E-01 -2.36262534204091E-01  2.38477666499672E+00
DistFromNuc =  2.3214761046E+00
Rho =  4.2119773749E-02
DelSqRho =  5.8292501934E-02
GradDelSqRho =  3.1102290882E-14 -2.2743092132E-14 -2.5202062659E-14
HessDelSqRho_EigVals = -1.3623416588E-01  7.9393834798E-03  2.4895546460E-01
HessDelSqRho_EigVec1 =  4.1443092634E-01 -6.1111709141E-01 -6.7437593957E-01
HessDelSqRho_EigVec2 =  8.2764309918E-01  5.6125475518E-01  1.2637977339E-05
HessDelSqRho_EigVec3 =  3.7848897958E-01 -5.5814783021E-01  7.3838817161E-01
</CP of DelSqRho>
<CP of DelSqRho>
CP# = 36      
Type = (3,+1)
Coords =  2.13792575435314E+00 -6.74143203555297E-01  8.80035737168154E-01
DistFromNuc =  2.3516309758E+00
Rho =  4.0570375680E-02
DelSqRho =  5.8125749418E-02
GradDelSqRho =  1.0408340856E-17 -4.1633363423E-17  5.5511151231E-17
HessDelSqRho_EigVals = -1.3629004369E-01  1.0571486857E-02  2.3446146234E-01
HessDelSqRho_EigVec1 =  8.9633070504E-01  3.0616852697E-01 -3.2070562873E-01
HessDelSqRho_EigVec2 = -3.5534579774E-02  7.7058724493E-01  6.3634313982E-01
HessDelSqRho_EigVec3 =  4.4195990864E-01 -5.5897775541E-01  7.0158057849E-01
</CP of DelSqRho>
<Path of -GradDelSqRho>
Starting CP# =      2
Ending CP# =     20
Number of Points =      9
  1.0012808315E+00 -3.3521643080E+00  2.4580460419E+00  2.8225150252E-01 -1.0720547743E+00
  1.0099836075E+00 -3.3288317399E+00  2.4602489820E+00  2.8249085118E-01 -1.0742634917E+00
  1.0186786753E+00 -3.3054953300E+00  2.4624416396E+00  2.8296468231E-01 -1.0800251132E+00
  1.0273630339E+00 -3.2821536471E+00  2.4646205652E+00  2.8365223285E-01 -1.0881371299E+00
  1.0360323288E+00 -3.2588046283E+00  2.4667807912E+00  2.8453369324E-01 -1.0975054160E+00
  1.0446798668E+00 -3.2354451274E+00  2.4689147198E+00  2.8559059319E-01 -1.1071194091E+00
  1.0532943946E+00 -3.2120699064E+00  2.4710096157E+00  2.8680617137E-01 -1.1160239335E+00
  1.0618539678E+00 -3.1886688949E+00  2.4730406864E+00  2.8816574310E-01 -1.1232875284E+00
  1.0764772343E+00 -3.1470669640E+00  2.4760492011E+00  2.9088516440E-01 -1.1291823499E+00
</Path of -GradDelSqRho>
<Path of -GradDelSqRho>
Starting CP# =      2
Ending CP# =      0
Number of Points =     32
  1.0012808315E+00 -3.3521643080E+00  2.4580460419E+00  2.8225150252E-01 -1.0720547743E+00
  9.9257260869E-01 -3.3754941229E+00  2.4558354794E+00  2.8226793226E-01 -1.0747307412E+00
  9.8386035958E-01 -3.3988218671E+00  2.4536189362E+00  2.8256149739E-01 -1.0837681990E+00
  9.7514526149E-01 -3.4221481124E+00  2.4513978228E+00  2.8315307420E-01 -1.1007976326E+00
  9.6642819398E-01 -3.4454732890E+00  2.4491732173E+00  2.8406243746E-01 -1.1276015435E+00
  9.5770981317E-01 -3.4687977206E+00  2.4469459485E+00  2.8530755156E-01 -1.1660970102E+00
  9.4899060386E-01 -3.4921216489E+00  2.4447166541E+00  2.8690377608E-01 -1.2182929764E+00
  9.4027091589E-01 -3.5154452514E+00  2.4424858227E+00  2.8886300294E-01 -1.2862061673E+00
  9.3155098873E-01 -3.5387686527E+00  2.4402538233E+00  2.9119276974E-01 -1.3717101941E+00
  9.2283096553E-01 -3.5620919321E+00  2.4380209254E+00  2.9389544065E-01 -1.4762824626E+00
  9.1411089721E-01 -3.5854151260E+00  2.4357873107E+00  2.9696762134E-01 -1.6006100787E+00
  9.0539073510E-01 -3.6087382254E+00  2.4335530755E+00  3.0040008649E-01 -1.7440344006E+00
  8.9667030869E-01 -3.6320611669E+00  2.4313182229E+00  3.0417864241E-01 -1.9038789744E+00
  8.8794928174E-01 -3.6553838138E+00  2.4290826398E+00  3.0828649364E-01 -2.0748454505E+00
  8.7922707751E-01 -3.6787059243E+00  2.4268460552E+00  3.1270875503E-01 -2.2488890328E+00
  8.7050278305E-01 -3.7020271101E+00  2.4246079805E+00  3.1743961400E-01 -2.4162610311E+00
  8.6177519180E-01 -3.7253468527E+00  2.4223677225E+00  3.2249212476E-01 -2.5686050849E+00
  8.5304380543E-01 -3.7486649322E+00  2.4201249434E+00  3.2790954748E-01 -2.7048939704E+00
  8.4431229058E-01 -3.7719829181E+00  2.4178816909E+00  3.3377552058E-01 -2.8403460593E+00
  8.3558927513E-01 -3.7953045255E+00  2.4156430283E+00  3.4021845396E-01 -3.0171455432E+00
  8.2687846495E-01 -3.8186313610E+00  2.4134113219E+00  3.4740399581E-01 -3.3139991328E+00
  8.1817657092E-01 -3.8419620198E+00  2.4111848009E+00  3.5550920141E-01 -3.8498433667E+00
  8.0947984748E-01 -3.8652948966E+00  2.4089613219E+00  3.6467416850E-01 -4.7761089393E+00
  8.0078607544E-01 -3.8886290398E+00  2.4067395910E+00  3.7493200138E-01 -6.2525454876E+00
  7.9209408765E-01 -3.9119639486E+00  2.4045189196E+00  3.8612593455E-01 -8.4044005854E+00
  7.8340326314E-01 -3.9352993563E+00  2.4022989388E+00  3.9783215876E-01 -1.1264619588E+01
  7.7471325679E-01 -3.9586351148E+00  2.4000794422E+00  4.0931556649E-01 -1.4714177208E+01
  7.6602386560E-01 -3.9819711369E+00  2.3978603081E+00  4.1954855521E-01 -1.8444520967E+01
  7.5733495858E-01 -4.0053073662E+00  2.3956414582E+00  4.2731453878E-01 -2.1971377544E+01
  7.4864642947E-01 -4.0286437573E+00  2.3934228296E+00  4.3139479114E-01 -2.4719082224E+01
  7.3995811462E-01 -4.0519802402E+00  2.3912043272E+00  4.3080403371E-01 -2.6165392145E+01
  7.3648266151E-01 -4.0613147791E+00  2.3903168538E+00  4.2912171864E-01 -2.6299910090E+01
</Path of -GradDelSqRho>
<Path of -GradDelSqRho>
Starting CP# =      3
Ending CP# =      0
Number of Points =     32
  2.7437753954E+00 -2.1705466815E+00  2.4580482556E+00  2.8225106665E-01 -1.0720464459E+00
  2.7686715713E+00 -2.1710886415E+00  2.4558376676E+00  2.8226748677E-01 -1.0747224520E+00
  2.7935673125E+00 -2.1716261028E+00  2.4536210937E+00  2.8256104403E-01 -1.0837600328E+00
  2.8184627147E+00 -2.1721603697E+00  2.4513999443E+00  2.8315261477E-01 -1.1007896800E+00
  2.8433578523E+00 -2.1726924176E+00  2.4491752979E+00  2.8406197369E-01 -1.1275939008E+00
  2.8682527830E+00 -2.1732229753E+00  2.4469479835E+00  2.8530708514E-01 -1.1660897769E+00
  2.8931475524E+00 -2.1737525818E+00  2.4447186392E+00  2.8690330857E-01 -1.2182862511E+00
  2.9180421956E+00 -2.1742816272E+00  2.4424877538E+00  2.8886253571E-01 -1.2862000412E+00
  2.9429367400E+00 -2.1748103797E+00  2.4402556968E+00  2.9119230397E-01 -1.3717047401E+00
  2.9678312064E+00 -2.1753390011E+00  2.4380227380E+00  2.9389497725E-01 -1.4762777188E+00
  2.9927256097E+00 -2.1758675516E+00  2.4357890597E+00  2.9696716096E-01 -1.6006060237E+00
  3.0176199596E+00 -2.1763959821E+00  2.4335547587E+00  3.0039962953E-01 -1.7440309222E+00
  3.0425142604E+00 -2.1769241102E+00  2.4313198383E+00  3.0417818910E-01 -1.9038758367E+00
  3.0674085097E+00 -2.1774515723E+00  2.4290841866E+00  3.0828604425E-01 -2.0748422757E+00
  3.0923026962E+00 -2.1779777421E+00  2.4268475331E+00  3.1270831017E-01 -2.2488853278E+00
  3.1171967972E+00 -2.1785016265E+00  2.4246093904E+00  3.1743917508E-01 -2.4162563008E+00
  3.1420907774E+00 -2.1790219114E+00  2.4223690667E+00  3.2249169448E-01 -2.5685990786E+00
  3.1669846171E+00 -2.1795380523E+00  2.4201262244E+00  3.2790913046E-01 -2.7048870861E+00
  3.1918784171E+00 -2.1800540413E+00  2.4178829065E+00  3.3377512365E-01 -2.8403398738E+00
  3.2167724355E+00 -2.1805792788E+00  2.4156441672E+00  3.4021808598E-01 -3.0171433502E+00
  3.2416667934E+00 -2.1811178046E+00  2.4134123697E+00  3.4740366670E-01 -3.3140062705E+00
  3.2665614031E+00 -2.1816660384E+00  2.4111857479E+00  3.5550891999E-01 -3.8498670513E+00
  3.2914561596E+00 -2.1822199021E+00  2.4089621627E+00  3.6467393919E-01 -4.7761573148E+00
  3.3163510002E+00 -2.1827769793E+00  2.4067403228E+00  3.7493182000E-01 -6.2526257076E+00
  3.3412458918E+00 -2.1833359993E+00  2.4045195408E+00  3.8612578403E-01 -8.4045159820E+00
  3.3661408163E+00 -2.1838962857E+00  2.4022994484E+00  3.9783200613E-01 -1.1264766412E+01
  3.3910357639E+00 -2.1844574628E+00  2.4000798396E+00  4.0931536266E-01 -1.4714342007E+01
  3.4159307287E+00 -2.1850193096E+00  2.3978605928E+00  4.1954823907E-01 -1.8444680158E+01
  3.4408257069E+00 -2.1855816833E+00  2.3956416299E+00  4.2731404606E-01 -2.1971500597E+01
  3.4657206955E+00 -2.1861444683E+00  2.3934228881E+00  4.3139406684E-01 -2.4719138685E+01
  3.4906156901E+00 -2.1867074868E+00  2.3912042721E+00  4.3080304506E-01 -2.6165360661E+01
  3.5005736845E+00 -2.1869325564E+00  2.3903167531E+00  4.2912062198E-01 -2.6299841018E+01
</Path of -GradDelSqRho>
<Path of -GradDelSqRho>
Starting CP# =      3
Ending CP# =     18
Number of Points =      9
  2.7437753954E+00 -2.1705466815E+00  2.4580482556E+00  2.8225106665E-01 -1.0720464459E+00
  2.7188786764E+00 -2.1699986518E+00  2.4602512159E+00  2.8249042666E-01 -1.0742551998E+00
  2.6939812395E+00 -2.1694420503E+00  2.4624438883E+00  2.8296427077E-01 -1.0800169252E+00
  2.6690828656E+00 -2.1688735618E+00  2.4646228237E+00  2.8365183582E-01 -1.0881291048E+00
  2.6441832493E+00 -2.1682883809E+00  2.4667830550E+00  2.8453331214E-01 -1.0974976047E+00
  2.6192819440E+00 -2.1676791302E+00  2.4689169850E+00  2.8559022930E-01 -1.1071118546E+00
  2.5943782472E+00 -2.1670334256E+00  2.4710118802E+00  2.8680582581E-01 -1.1160166717E+00
  2.5694709222E+00 -2.1663271713E+00  2.4730429513E+00  2.8816541688E-01 -1.1232805887E+00
  2.5254087116E+00 -2.1645202403E+00  2.4760516356E+00  2.9088501232E-01 -1.1291760333E+00
</Path of -GradDelSqRho>
<Path of -GradDelSqRho>
Starting CP# =      4
Ending CP# =      0
Number of Points =     32
  1.1549992459E+00 -1.7032340562E+00  3.7523915934E+00  2.8013493060E-01 -1.0568131267E+00
  1.1492416567E+00 -1.6947435118E+00  3.7751898569E+00  2.8018361281E-01 -1.0594082124E+00
  1.1434813052E+00 -1.6862489105E+00  3.7979859113E+00  2.8050732636E-01 -1.0681874896E+00
  1.1377191116E+00 -1.6777516081E+00  3.8207804934E+00  2.8112691780E-01 -1.0847585999E+00
  1.1319557531E+00 -1.6692526026E+00  3.8435741462E+00  2.8206220430E-01 -1.1108830268E+00
  1.1261917258E+00 -1.6607526243E+00  3.8663672670E+00  2.8333127819E-01 -1.1484607769E+00
  1.1204273863E+00 -1.6522521983E+00  3.8891601419E+00  2.8494972429E-01 -1.1994909790E+00
  1.1146629823E+00 -1.6437516885E+00  3.9119529693E+00  2.8692976526E-01 -1.2659930925E+00
  1.1088986714E+00 -1.6352513266E+00  3.9347458754E+00  2.8927937615E-01 -1.3498643143E+00
  1.1031345319E+00 -1.6267512267E+00  3.9575389225E+00  2.9200145342E-01 -1.4526386867E+00
  1.0973705639E+00 -1.6182513877E+00  3.9803321103E+00  2.9509319598E-01 -1.5751088045E+00
  1.0916066800E+00 -1.6097516793E+00  4.0031253681E+00  2.9854596355E-01 -1.7167863171E+00
  1.0858426823E+00 -1.6012518081E+00  4.0259185364E+00  3.0234601951E-01 -1.8752365175E+00
  1.0800782183E+00 -1.5927512521E+00  4.0487113314E+00  3.0647671376E-01 -2.0454535876E+00
  1.0743127073E+00 -1.5842491524E+00  4.0715032857E+00  3.1092274612E-01 -2.2196617598E+00
  1.0685452426E+00 -1.5757441684E+00  4.0942936695E+00  3.1567704255E-01 -2.3882025556E+00
  1.0627746042E+00 -1.5672344969E+00  4.1170815000E+00  3.2075030023E-01 -2.5423833503E+00
  1.0570001126E+00 -1.5587191348E+00  4.1398662285E+00  3.2618224773E-01 -2.6801043022E+00
  1.0512249060E+00 -1.5502027218E+00  4.1626503830E+00  3.3205209133E-01 -2.8144968718E+00
  1.0454575859E+00 -1.5416979723E+00  4.1854408900E+00  3.3848373139E-01 -2.9845573938E+00
  1.0397027772E+00 -1.5332117182E+00  4.2082414519E+00  3.4563972230E-01 -3.2649974673E+00
  1.0339574916E+00 -1.5247395399E+00  4.2310496493E+00  3.5369752709E-01 -3.7707753985E+00
  1.0282177769E+00 -1.5162755949E+00  4.2538623060E+00  3.6280349022E-01 -4.6507512418E+00
  1.0224812276E+00 -1.5078163273E+00  4.2766774938E+00  3.7300475980E-01 -6.0653249082E+00
  1.0167465761E+00 -1.4993598639E+00  4.2994941981E+00  3.8416708678E-01 -8.1454505519E+00
  1.0110131515E+00 -1.4909052134E+00  4.3223118827E+00  3.9589605308E-01 -1.0935947344E+01
  1.0052805836E+00 -1.4824518285E+00  4.3451302513E+00  4.0748823669E-01 -1.4335148982E+01
  9.9954865665E-01 -1.4739993903E+00  4.3679491317E+00  4.1794256591E-01 -1.8053889667E+01
  9.9381723355E-01 -1.4655476965E+00  4.3907684144E+00  4.2605497284E-01 -2.1623078691E+01
  9.8808620751E-01 -1.4570965894E+00  4.4135880141E+00  4.3059783574E-01 -2.4470883657E+01
  9.8235543030E-01 -1.4486458506E+00  4.4364078126E+00  4.3055303490E-01 -2.6063005153E+01
  9.7948993511E-01 -1.4444203248E+00  4.4478176272E+00  4.2860608495E-01 -2.6271484770E+01
</Path of -GradDelSqRho>
<Path of -GradDelSqRho>
Starting CP# =      4
Ending CP# =     14
Number of Points =      9
  1.1549992459E+00 -1.7032340562E+00  3.7523915934E+00  2.8013493060E-01 -1.0568131267E+00
  1.1607529398E+00 -1.7117188730E+00  3.7295902144E+00  2.8034001109E-01 -1.0589486594E+00
  1.1665009480E+00 -1.7201953233E+00  3.7067842902E+00  2.8077769168E-01 -1.0645056211E+00
  1.1722408605E+00 -1.7286598540E+00  3.6839719011E+00  2.8142737526E-01 -1.0723026693E+00
  1.1779691547E+00 -1.7371072715E+00  3.6611502508E+00  2.8226943918E-01 -1.0812648123E+00
  1.1836803666E+00 -1.7455295195E+00  3.6383150223E+00  2.8328561049E-01 -1.0903981164E+00
  1.1893651774E+00 -1.7539128592E+00  3.6154589029E+00  2.8445932602E-01 -1.0987611684E+00
  1.1950049150E+00 -1.7622297615E+00  3.5925673904E+00  2.8577608961E-01 -1.1054331475E+00
  1.2037335463E+00 -1.7751020202E+00  3.5554111202E+00  2.8816846900E-01 -1.1102332599E+00
</Path of -GradDelSqRho>
<Path of -GradDelSqRho>
Starting CP# =      5
Ending CP# =     19
Number of Points =     36
  1.3553565670E+00 -1.9986977654E+00  2.4514008088E+00  9.2250648676E+00  2.8001637713E+02
  1.3438445976E+00 -1.9817212332E+00  2.4371084362E+00  6.9798303320E+00  2.6783524683E+02
  1.3323334841E+00 -1.9647459642E+00  2.4228138740E+00  5.2959075706E+00  2.4332046058E+02
  1.3208229340E+00 -1.9477715263E+00  2.4085178712E+00  4.0325958375E+00  2.1247125350E+02
  1.3093128387E+00 -1.9307977592E+00  2.3942207060E+00  3.0865751032E+00  1.7837419109E+02
  1.2978033285E+00 -1.9138248550E+00  2.3799220453E+00  2.3795728915E+00  1.4476056162E+02
  1.2862946704E+00 -1.8968532079E+00  2.3656212067E+00  1.8516933573E+00  1.1465546726E+02
  1.2747872343E+00 -1.8798833633E+00  2.3513172463E+00  1.4574300657E+00  8.9501349879E+01
  1.2632814937E+00 -1.8629160199E+00  2.3370089554E+00  1.1626479097E+00  6.9375188537E+01
  1.2517780260E+00 -1.8459520292E+00  2.3226948628E+00  9.4199329837E-01  5.3613814618E+01
  1.2402775026E+00 -1.8289923817E+00  2.3083732600E+00  7.7670053099E-01  4.1341193401E+01
  1.2287806862E+00 -1.8120382021E+00  2.2940422099E+00  6.5284362052E-01  3.1757468581E+01
  1.2172884599E+00 -1.7950907931E+00  2.2796994752E+00  5.6002362981E-01  2.4236953219E+01
  1.2058019040E+00 -1.7781517479E+00  2.2653423254E+00  4.9042349467E-01  1.8322355282E+01
  1.1943224185E+00 -1.7612231310E+00  2.2509672326E+00  4.3814043510E-01  1.3682115542E+01
  1.1828518834E+00 -1.7443077155E+00  2.2365694736E+00  3.9871260212E-01  1.0067047009E+01
  1.1713928626E+00 -1.7274092824E+00  2.2221426353E+00  3.6877588824E-01  7.2795139365E+00
  1.1599488658E+00 -1.7105330078E+00  2.2076779866E+00  3.4580740313E-01  5.1558509815E+00
  1.1485246983E+00 -1.6936859790E+00  2.1931636623E+00  3.2792847228E-01  3.5579969534E+00
  1.1371269361E+00 -1.6768778938E+00  2.1785835878E+00  3.1375090344E-01  2.3699448930E+00
  1.1257645753E+00 -1.6601220201E+00  2.1639160669E+00  3.0225659057E-01  1.4959280080E+00
  1.1144499332E+00 -1.6434365232E+00  2.1491319278E+00  2.9270382341E-01  8.5875163591E-01
  1.1031999252E+00 -1.6268463495E+00  2.1341920717E+00  2.8455530008E-01  3.9774298766E-01
  1.0920379562E+00 -1.6103860162E+00  2.1190441236E+00  2.7742371175E-01  6.6350632020E-02
  1.0809969230E+00 -1.5941040386E+00  2.1036175581E+00  2.7103138911E-01 -1.7037662581E-01
  1.0701244134E+00 -1.5780705975E+00  2.0878159391E+00  2.6518111473E-01 -3.3820053306E-01
  1.0594926288E+00 -1.5623921728E+00  2.0715033502E+00  2.5973597076E-01 -4.5583728236E-01
  1.0492193873E+00 -1.5472425175E+00  2.0544787225E+00  2.5460733677E-01 -5.3676216150E-01
  1.0395182061E+00 -1.5329365159E+00  2.0364245127E+00  2.4975313572E-01 -5.9067222187E-01
  1.0308366027E+00 -1.5201341411E+00  2.0168054818E+00  2.4519896091E-01 -6.2466429449E-01
  1.0242947330E+00 -1.5104873205E+00  1.9947641465E+00  2.4114158184E-01 -6.4428189256E-01
  1.0226593184E+00 -1.5080761654E+00  1.9701854967E+00  2.3828751978E-01 -6.5473668988E-01
  1.0277083935E+00 -1.5155226418E+00  1.9470509102E+00  2.3736673772E-01 -6.6115353037E-01
  1.0360463594E+00 -1.5278191612E+00  1.9269711470E+00  2.3746339393E-01 -6.6587416287E-01
  1.0453141506E+00 -1.5414868145E+00  1.9082041631E+00  2.3772021463E-01 -6.6917568006E-01
  1.0624545720E+00 -1.5667642768E+00  1.8762640011E+00  2.3793030201E-01 -6.7147319652E-01
</Path of -GradDelSqRho>
<Path of -GradDelSqRho>
Starting CP# =      5
Ending CP# =      1
Number of Points =      9
  1.3553565670E+00 -1.9986977654E+00  2.4514008088E+00  9.2250648676E+00  2.8001637713E+02
  1.3668693757E+00 -2.0156755362E+00  2.4656910339E+00  1.2229427193E+01  2.4974178490E+02
  1.3783827697E+00 -2.0326541711E+00  2.4799797608E+00  1.6268944208E+01  7.5717024418E+01
  1.3898964619E+00 -2.0496332462E+00  2.4942677243E+00  2.1704401444E+01 -4.3847733371E+02
  1.4014102965E+00 -2.0666125316E+00  2.5085553232E+00  2.8985166002E+01 -1.4843113139E+03
  1.4129242568E+00 -2.0835920027E+00  2.5228425999E+00  3.8761468894E+01 -3.5324794660E+03
  1.4244383940E+00 -2.1005717352E+00  2.5371294236E+00  5.2052555449E+01 -9.4845789356E+03
