 AIMInt (Version 19.10.12, Professional)
 Portions Copyright (c) 1997-2019 by Todd A. Keith
 AIMInt is a component of the AIMAll package ( http://aim.tkgristmill.com )

 TP:  64-bit Mac OS X

 AIMInt is a heavily modified and extended version of the PROAIMV program
 developed by members of R.F.W. Bader's research group

 Much of the Quantum Theory of Atoms in Molecules (QTAIM) is described in the book:
   "Atoms in Molecules - A Quantum Theory"
   R.F.W. Bader, Oxford University Press, Oxford, 1990

 For additional references see:  http://aim.tkgristmill.com/references.html

 Current Directory:  /Users/chemlab/Documents/SubstituentCoding/BCP Map Reference/BCPMapReference

 Inp File:  SubH_GeFHCH3_reor_wb97xd_aug-cc-pvtz_reor_atomicfiles/f8.inp
 Wfx File:  SubH_GeFHCH3_reor_wb97xd_aug-cc-pvtz_reor.wfx
 Out File:  SubH_GeFHCH3_reor_wb97xd_aug-cc-pvtz_reor_atomicfiles/f8.int

 Wfx Title:   single point on SubH_GeFHCH3_reor_wb97xd_aug-cc-pvtz reoriented by subproptool
 Job Title:   single point on SubH_GeFHCH3_reor_wb97xd_aug-cc-pvtz reoriented by subproptool
 
<Atom>
F8      
</Atom>
<Nuclei of Molecule>
     8
Ge1       32.0           0.0000000000E+00   0.0000000000E+00   0.0000000000E+00
H2         1.0          -2.8970068407E+00   0.0000000000E+00   0.0000000000E+00
H3         1.0           1.0719150188E+00   2.6914008589E+00   0.0000000000E+00
C4         6.0           1.4585303072E+00  -2.1508465907E+00   2.5794289169E+00
H5         1.0           7.3468583298E-01  -4.0662049605E+00   2.3898648201E+00
H6         1.0           3.5057802220E+00  -2.1870726405E+00   2.3898648201E+00
H7         1.0           9.7832822222E-01  -1.4427072524E+00   4.4525443488E+00
F8         9.0           8.8006435347E-01  -1.2978007855E+00  -2.9138953231E+00
</Nuclei of Molecule>
<Total Number of CPs of DelSqRho>
    16
</Total Number of CPs of DelSqRho>
<Number of (3,+3) CPs of DelSqRho>
     4
</Number of (3,+3) CPs of DelSqRho>
<Number of (3,+1) CPs of DelSqRho>
     5
</Number of (3,+1) CPs of DelSqRho>
<Number of (3,-1) CPs of DelSqRho>
     4
</Number of (3,-1) CPs of DelSqRho>
<Number of (3,-3) CPs of DelSqRho>
     3
</Number of (3,-3) CPs of DelSqRho>
<Number of Degenerate CPs of DelSqRho>
     0
</Number of Degenerate CPs of DelSqRho>
<CP of DelSqRho>
CP# = 1       
Type = (3,+3)
Coords =  8.80064274241259E-01 -1.29780066865839E+00 -2.91389505914023E+00
DistFromNuc =  2.9935404584E-07
Rho =  4.2965151718E+02
DelSqRho = -6.1051492827E+06
GradDelSqRho =  1.3955786017E-05  8.1349171523E-06  2.7199076612E-05
HessDelSqRho_EigVals =  3.0874105773E+11  3.0874105778E+11  3.0874108244E+11
HessDelSqRho_EigVec1 = -4.9111163346E-01  7.2360489828E-01 -4.8497970542E-01
HessDelSqRho_EigVec2 =  8.2747914564E-01  5.6149642403E-01 -1.7128978393E-04
HessDelSqRho_EigVec3 = -2.7219042419E-01  4.0139471469E-01  8.7452538899E-01
</CP of DelSqRho>
<CP of DelSqRho>
CP# = 2       
Type = (3,-1)
Coords =  4.90406018557484E-01 -7.23219346818458E-01 -1.61271697077217E+00
DistFromNuc =  1.4748025469E+00
Rho =  1.7548638043E-01
DelSqRho =  3.5401921216E-01
GradDelSqRho =  4.6213033400E-15 -5.9119376061E-15  2.2315482795E-14
HessDelSqRho_EigVals = -3.2953140019E-01 -3.2724721793E-01  9.3451004680E+00
HessDelSqRho_EigVec1 = -4.9043801372E-01  7.3089529673E-01 -4.7461839400E-01
HessDelSqRho_EigVec2 =  8.2976684338E-01  5.5810646325E-01  2.0399263139E-03
HessDelSqRho_EigVec3 = -2.6637856582E-01  3.9282214919E-01  8.8018930849E-01
</CP of DelSqRho>
<CP of DelSqRho>
CP# = 3       
Type = (3,+1)
Coords =  9.29402832934756E-01 -1.37060364137311E+00 -2.79336641875915E+00
DistFromNuc =  1.4920374715E-01
Rho =  3.2688885308E+01
DelSqRho =  2.3247014443E+03
GradDelSqRho =  6.8212102633E-13 -5.7355009631E-11  2.7057467378E-11
HessDelSqRho_EigVals = -9.8631570188E+05  3.1514093702E+01  3.5400921003E+03
HessDelSqRho_EigVec1 =  3.3269799268E-01 -4.9092121988E-01  8.0517600656E-01
HessDelSqRho_EigVec2 =  8.2774246672E-01  5.6110818999E-01  8.8999151146E-05
HessDelSqRho_EigVec3 = -4.5183454323E-01  6.6644876397E-01  5.9303590999E-01
</CP of DelSqRho>
<CP of DelSqRho>
CP# = 4       
Type = (3,-3)
Coords =  9.20015971396262E-01 -1.35671684956570E+00 -3.04348167706386E+00
DistFromNuc =  1.4785079475E-01
Rho =  3.3056652350E+01
DelSqRho =  2.4223645457E+03
GradDelSqRho = -1.1425527191E-11  9.3791641120E-12 -1.5916157281E-12
HessDelSqRho_EigVals = -1.0813438713E+06 -6.2748425565E+03 -6.2697573849E+03
HessDelSqRho_EigVec1 = -2.7019141771E-01  3.9844731912E-01  8.7649091934E-01
HessDelSqRho_EigVec2 = -4.9137833663E-01  7.2579870623E-01 -4.8141828832E-01
HessDelSqRho_EigVec3 =  8.2797580163E-01  5.6076373985E-01  3.1620050157E-04
</CP of DelSqRho>
<CP of DelSqRho>
CP# = 5       
Type = (3,+3)
Coords =  5.53529580777409E-01 -1.76290884550559E+00 -2.95310682803814E+00
DistFromNuc =  5.6963848832E-01
Rho =  1.4546774443E+00
DelSqRho = -6.8737843571E+00
GradDelSqRho = -3.5527136788E-14 -1.4210854715E-14  8.8817841970E-15
HessDelSqRho_EigVals =  1.3401036786E-01  1.8593453002E+01  7.0332087798E+02
HessDelSqRho_EigVec1 =  7.0304468539E-01 -5.3358498318E-01  4.7012257559E-01
HessDelSqRho_EigVec2 =  4.2197518697E-01 -2.1911074354E-01 -8.7973144973E-01
HessDelSqRho_EigVec3 =  5.7242039790E-01  8.1687058203E-01  7.1114979286E-02
</CP of DelSqRho>
<CP of DelSqRho>
CP# = 6       
Type = (3,-3)
Coords =  8.38564002831842E-01 -1.23660063599523E+00 -2.78388852421652E+00
DistFromNuc =  1.4956438467E-01
Rho =  3.2439039861E+01
DelSqRho =  2.3409566523E+03
GradDelSqRho =  1.9895196601E-12 -1.1027623259E-11  5.2295945352E-12
HessDelSqRho_EigVals = -9.7145358138E+05 -2.4330053060E+03 -2.4280122541E+03
HessDelSqRho_EigVec1 = -2.7753667897E-01  4.0928054672E-01  8.6917364543E-01
HessDelSqRho_EigVec2 = -4.8723985845E-01  7.1976403354E-01 -4.9450688202E-01
HessDelSqRho_EigVec3 =  8.2799197591E-01  5.6073984172E-01  3.4312385958E-04
</CP of DelSqRho>
<CP of DelSqRho>
CP# = 7       
Type = (3,-1)
Coords =  7.96512864584299E-01 -1.17460645626855E+00 -2.92380693538047E+00
DistFromNuc =  1.4918422875E-01
Rho =  3.2695359921E+01
DelSqRho =  2.3257369529E+03
GradDelSqRho = -2.0918378141E-11 -1.7053025658E-12 -6.2527760747E-12
HessDelSqRho_EigVals = -9.8754129065E+05 -2.0799659425E+01  3.4650337599E+03
HessDelSqRho_EigVec1 = -5.5988211381E-01  8.2553019922E-01 -7.0935948721E-02
HessDelSqRho_EigVec2 =  8.2761652358E-01  5.6129394132E-01 -3.6503966462E-05
HessDelSqRho_EigVec3 = -3.9785783113E-02  5.8728201195E-02  9.9748087192E-01
</CP of DelSqRho>
<CP of DelSqRho>
CP# = 8       
Type = (3,+1)
Coords =  1.18874265557244E+00 -1.75274295230034E+00 -2.76419927032948E+00
DistFromNuc =  5.6979257414E-01
Rho =  1.4532577879E+00
DelSqRho = -6.8491563381E+00
GradDelSqRho =  1.7585932710E-13 -9.3258734069E-14  4.2188474936E-14
HessDelSqRho_EigVals = -2.8791656480E-01  1.8576605170E+01  7.0152625520E+02
HessDelSqRho_EigVec1 = -8.2752218280E-01 -5.6143300734E-01  1.2349139796E-04
HessDelSqRho_EigVec2 = -1.4643162988E-01  2.1604471355E-01  9.6534059250E-01
HessDelSqRho_EigVec3 = -5.4200075161E-01  7.9882267120E-01 -2.6099334327E-01
</CP of DelSqRho>
<CP of DelSqRho>
CP# = 9       
Type = (3,+3)
Coords =  6.43495209174139E-01 -9.49202218319192E-01 -3.29692603485862E+00
DistFromNuc =  5.6938427025E-01
Rho =  1.4563236359E+00
DelSqRho = -6.8912641373E+00
GradDelSqRho =  6.3504757009E-14 -5.8619775700E-14  8.7041485131E-14
HessDelSqRho_EigVals =  1.9224968999E-01  1.8740274692E+01  7.0585745899E+02
HessDelSqRho_EigVec1 =  8.2751647106E-01  5.6144142606E-01 -1.2339402033E-04
HessDelSqRho_EigVec2 = -3.7865436816E-01  5.5826628231E-01  7.3821380881E-01
HessDelSqRho_EigVec3 =  4.1453270028E-01 -6.1083736227E-01  6.7456679229E-01
</CP of DelSqRho>
<CP of DelSqRho>
CP# = 10      
Type = (3,-1)
Coords =  7.08597159005269E-01 -1.04493021153632E+00 -2.36568268654523E+00
DistFromNuc =  6.2759988914E-01
Rho =  1.1431943170E+00
DelSqRho = -3.6992435259E+00
GradDelSqRho = -2.3536728122E-14  1.6875389974E-14  0.0000000000E+00
HessDelSqRho_EigVals = -7.3083557519E+00 -7.2136551364E+00  3.7050032864E+02
HessDelSqRho_EigVec1 =  8.2802120973E-01  5.6069666527E-01  3.5467997078E-04
HessDelSqRho_EigVec2 = -4.8937024413E-01  7.2299680498E-01 -4.8763960478E-01
HessDelSqRho_EigVec3 = -2.7367433274E-01  4.0360236564E-01  8.7304495305E-01
</CP of DelSqRho>
<CP of DelSqRho>
CP# = 11      
Type = (3,-1)
Coords =  1.04102200132539E+00 -1.53516646012449E+00 -3.42825714695900E+00
DistFromNuc =  5.8891248392E-01
Rho =  1.3137424136E+00
DelSqRho = -5.0073134827E+00
GradDelSqRho = -1.4210854715E-14 -1.4210854715E-14 -2.4868995752E-14
HessDelSqRho_EigVals = -1.3477860602E+01 -1.3415020673E+01  5.5612864023E+02
HessDelSqRho_EigVec1 =  8.2825222001E-01  5.6035516450E-01  5.9132103412E-04
HessDelSqRho_EigVec2 = -4.8923172700E-01  7.2363950455E-01 -4.8682459340E-01
HessDelSqRho_EigVec3 = -2.7322257838E-01  4.0292425723E-01  8.7349955100E-01
</CP of DelSqRho>
<CP of DelSqRho>
CP# = 12      
Type = (3,+3)
Coords =  1.43293844667734E+00 -1.16637299965224E+00 -2.95319786971614E+00
DistFromNuc =  5.6963823257E-01
Rho =  1.4546785785E+00
DelSqRho = -6.8738064766E+00
GradDelSqRho =  1.9895196601E-13  3.6415315208E-14 -5.3290705182E-15
HessDelSqRho_EigVals =  1.3444319975E-01  1.8593530017E+01  7.0332472942E+02
HessDelSqRho_EigVec1 = -2.3590474338E-01  8.5046113962E-01 -4.7017528863E-01
HessDelSqRho_EigVec2 = -4.7443860365E-02  4.7317438290E-01  8.7969033386E-01
HessDelSqRho_EigVec3 =  9.7061734590E-01  2.2983005320E-01 -7.1274921818E-02
</CP of DelSqRho>
<CP of DelSqRho>
CP# = 13      
Type = (3,+1)
Coords =  4.07969381889468E-01 -1.56091284479908E+00 -3.09357750567426E+00
DistFromNuc =  5.6955008969E-01
Rho =  1.4549665884E+00
DelSqRho = -6.8719338083E+00
GradDelSqRho = -9.9475983006E-14 -5.6843418861E-14 -5.6843418861E-14
HessDelSqRho_EigVals = -1.1934073510E-01  1.8642658921E+01  7.0429399177E+02
HessDelSqRho_EigVec1 =  2.8236266558E-01 -8.3265264943E-01  4.7640412517E-01
HessDelSqRho_EigVec2 = -4.8440760035E-01  3.0489275957E-01  8.1999370844E-01
HessDelSqRho_EigVec3 =  8.2802210224E-01  4.6230938835E-01  3.1725293953E-01
</CP of DelSqRho>
<CP of DelSqRho>
CP# = 14      
Type = (3,+1)
Coords =  1.29864128907970E+00 -9.56105698942870E-01 -3.09396360277730E+00
DistFromNuc =  5.6954961903E-01
Rho =  1.4549681645E+00
DelSqRho = -6.8719418444E+00
GradDelSqRho =  9.9475983006E-14  8.5265128291E-14 -2.1316282073E-14
HessDelSqRho_EigVals = -1.1969499325E-01  1.8642888331E+01  7.0429986579E+02
HessDelSqRho_EigVec1 = -6.7009028182E-01  5.6938428573E-01 -4.7621481431E-01
HessDelSqRho_EigVec2 =  1.0423040184E-01 -5.6302382728E-01 -8.1984156594E-01
HessDelSqRho_EigVec3 =  7.3492519180E-01  5.9900392743E-01 -3.1792964220E-01
</CP of DelSqRho>
<CP of DelSqRho>
CP# = 15      
Type = (3,+1)
Coords =  5.98641114647707E-01 -8.82792900618823E-01 -1.98515953924145E+00
DistFromNuc =  1.0554528602E+00
Rho =  4.0687372072E-01
DelSqRho =  8.8601470085E-01
GradDelSqRho = -1.1934897515E-15 -1.7763568394E-15  1.9984014443E-15
HessDelSqRho_EigVals = -3.4210050530E+01  1.6152254025E+00  1.6252640417E+00
HessDelSqRho_EigVec1 = -2.6680360781E-01  3.9345051725E-01  8.7977981640E-01
HessDelSqRho_EigVec2 =  8.2747540316E-01  5.6150193960E-01 -1.7027627765E-04
HessDelSqRho_EigVec3 = -4.9406506862E-01  7.2795072794E-01 -4.7538136866E-01
</CP of DelSqRho>
<CP of DelSqRho>
CP# = 16      
Type = (3,-3)
Coords =  1.15706841588352E+00 -1.70633105039548E+00 -3.81841910560156E+00
DistFromNuc =  1.0304326766E+00
Rho =  3.7977989137E-01
DelSqRho =  1.4912641351E+00
GradDelSqRho = -7.2164496601E-16  5.0515147620E-15  1.1435297154E-14
HessDelSqRho_EigVals = -4.7143546382E+01 -1.9889543356E-01 -1.9523855764E-01
HessDelSqRho_EigVec1 = -2.6886699426E-01  3.9652928018E-01  8.7776709289E-01
HessDelSqRho_EigVec2 = -4.9320631924E-01  7.2610103693E-01 -4.7908747722E-01
HessDelSqRho_EigVec3 =  8.2731980882E-01  5.6173108702E-01 -3.4614342463E-04
</CP of DelSqRho>
<Path of -GradDelSqRho>
Starting CP# =      3
Ending CP# =      8
Number of Points =     32
  9.2940283293E-01 -1.3706036414E+00 -2.7933664188E+00  3.2688885308E+01  2.3247014443E+03
  9.3773256925E-01 -1.3828947945E+00 -2.7732531682E+00  2.1641588450E+01  2.1354113885E+03
  9.4607291425E-01 -1.3952015954E+00 -2.7531538824E+00  1.4527142425E+01  1.7517807632E+03
  9.5441670780E-01 -1.4075134830E+00 -2.7330591438E+00  9.9678835919E+00  1.3063964061E+03
  9.6277003206E-01 -1.4198394284E+00 -2.7129769883E+00  7.0587353154E+00  9.1169074660E+02
  9.7114101876E-01 -1.4321914260E+00 -2.6929182111E+00  5.2013702460E+00  6.1458523033E+02
  9.7953787570E-01 -1.4445815823E+00 -2.6728938146E+00  4.0100513520E+00  4.0683750141E+02
  9.8796798719E-01 -1.4570207891E+00 -2.6529138546E+00  3.2400432666E+00  2.6430940337E+02
  9.9643797408E-01 -1.4695188123E+00 -2.6329875414E+00  2.7358576070E+00  1.6677048583E+02
  1.0049556322E+00 -1.4820871507E+00 -2.6131258896E+00  2.3980083777E+00  1.0080082443E+02
  1.0135328175E+00 -1.4947432923E+00 -2.5933457972E+00  2.1628724293E+00  5.7415224629E+01
  1.0221885721E+00 -1.5075153240E+00 -2.5736747636E+00  1.9902834479E+00  2.9998451696E+01
  1.0309532908E+00 -1.5204480785E+00 -2.5541576857E+00  1.8554495936E+00  1.3444454400E+01
  1.0398759087E+00 -1.5336137354E+00 -2.5348694466E+00  1.7434739607E+00  3.9133830862E+00
  1.0490383202E+00 -1.5471330886E+00 -2.5159423099E+00  1.6456517948E+00 -1.3063761867E+00
  1.0585900014E+00 -1.5612266127E+00 -2.4976389466E+00  1.5570908979E+00 -3.9982503993E+00
  1.0688577605E+00 -1.5763763317E+00 -2.4806248203E+00  1.4754971775E+00 -5.2597193337E+00
  1.0808049287E+00 -1.5940029741E+00 -2.4678202327E+00  1.4033420936E+00 -5.7373382962E+00
  1.0937331632E+00 -1.6130742791E+00 -2.4739346911E+00  1.3766710597E+00 -5.8873038642E+00
  1.1037653319E+00 -1.6278716724E+00 -2.4913852645E+00  1.3846409789E+00 -6.0064063726E+00
  1.1131101272E+00 -1.6416549180E+00 -2.5100294382E+00  1.3943859801E+00 -6.1213077676E+00
  1.1220317860E+00 -1.6548139110E+00 -2.5293210714E+00  1.4036433867E+00 -6.2310461510E+00
  1.1305297137E+00 -1.6673477906E+00 -2.5492110274E+00  1.4122638477E+00 -6.3345628346E+00
  1.1385933405E+00 -1.6792409813E+00 -2.5696671690E+00  1.4201812240E+00 -6.4308406826E+00
  1.1462121092E+00 -1.6904779310E+00 -2.5906578689E+00  1.4273384448E+00 -6.5189252423E+00
  1.1533757406E+00 -1.7010435056E+00 -2.6121514816E+00  1.4336861253E+00 -6.5979438441E+00
  1.1600742086E+00 -1.7109229570E+00 -2.6341162580E+00  1.4391832495E+00 -6.6671232784E+00
  1.1662977187E+00 -1.7201019028E+00 -2.6565202585E+00  1.4437977427E+00 -6.7258055076E+00
  1.1720366927E+00 -1.7285663265E+00 -2.6793312614E+00  1.4475068821E+00 -6.7734609144E+00
  1.1772817455E+00 -1.7363026071E+00 -2.7025166703E+00  1.4502975425E+00 -6.8096986823E+00
  1.1820235952E+00 -1.7432976105E+00 -2.7260434236E+00  1.4521662834E+00 -6.8342740148E+00
  1.1887426556E+00 -1.7527429523E+00 -2.7641992703E+00  1.4532577879E+00 -6.8491563381E+00
</Path of -GradDelSqRho>
<Path of -GradDelSqRho>
Starting CP# =      3
Ending CP# =      1
Number of Points =      6
  9.2940283293E-01 -1.3706036414E+00 -2.7933664188E+00  3.2688885308E+01  2.3247014443E+03
  9.2110064101E-01 -1.3583531163E+00 -2.8135158073E+00  4.9896802318E+01  1.6664561799E+03
  9.1282098688E-01 -1.3461358345E+00 -2.8336946396E+00  7.6890879238E+01 -3.2837616981E+03
  9.0455027519E-01 -1.3339317429E+00 -2.8538851190E+00  1.1896826688E+02 -1.8677875999E+04
  8.9629059224E-01 -1.3217439186E+00 -2.8740899324E+00  1.8512524246E+02 -7.6077159624E+04
  8.8006427424E-01 -1.2978006687E+00 -2.9138950591E+00  4.2965151718E+02 -6.1051492827E+06
</Path of -GradDelSqRho>
<Path of -GradDelSqRho>
Starting CP# =      8
Ending CP# =      0
Number of Points =    306
  1.1887426556E+00 -1.7527429523E+00 -2.7641992703E+00  1.4532577879E+00 -6.8491563381E+00
  1.1866254630E+00 -1.7528128379E+00 -2.7645053636E+00  1.4571128146E+00 -6.8486731812E+00
  1.1865223838E+00 -1.7528829451E+00 -2.7645053543E+00  1.4571110246E+00 -6.8486736995E+00
  1.1864128809E+00 -1.7529574440E+00 -2.7645053930E+00  1.4571090062E+00 -6.8486742841E+00
  1.1862966890E+00 -1.7530365020E+00 -2.7645054398E+00  1.4571067362E+00 -6.8486749420E+00
  1.1861735633E+00 -1.7531202857E+00 -2.7645054960E+00  1.4571041905E+00 -6.8486756804E+00
  1.1860432778E+00 -1.7532089488E+00 -2.7645055633E+00  1.4571013444E+00 -6.8486765066E+00
  1.1859056290E+00 -1.7533026289E+00 -2.7645056434E+00  1.4570981726E+00 -6.8486774281E+00
  1.1857604403E+00 -1.7534014450E+00 -2.7645057385E+00  1.4570946505E+00 -6.8486784524E+00
  1.1856075657E+00 -1.7535054943E+00 -2.7645058511E+00  1.4570907536E+00 -6.8486795869E+00
  1.1854468927E+00 -1.7536148505E+00 -2.7645059840E+00  1.4570864590E+00 -6.8486808387E+00
  1.1852783447E+00 -1.7537295620E+00 -2.7645061401E+00  1.4570817453E+00 -6.8486822146E+00
  1.1851018826E+00 -1.7538496506E+00 -2.7645063229E+00  1.4570765932E+00 -6.8486837206E+00
  1.1849175049E+00 -1.7539751112E+00 -2.7645065361E+00  1.4570709861E+00 -6.8486853623E+00
  1.1847252477E+00 -1.7541059124E+00 -2.7645067836E+00  1.4570649104E+00 -6.8486871443E+00
  1.1845251821E+00 -1.7542419974E+00 -2.7645070700E+00  1.4570583557E+00 -6.8486890705E+00
  1.1843174122E+00 -1.7543832860E+00 -2.7645073996E+00  1.4570513152E+00 -6.8486911437E+00
  1.1841020715E+00 -1.7545296769E+00 -2.7645077775E+00  1.4570437855E+00 -6.8486933660E+00
  1.1838793185E+00 -1.7546810509E+00 -2.7645082085E+00  1.4570357665E+00 -6.8486957385E+00
  1.1836493324E+00 -1.7548372735E+00 -2.7645086981E+00  1.4570272615E+00 -6.8486982611E+00
  1.1834123086E+00 -1.7549981986E+00 -2.7645092515E+00  1.4570182768E+00 -6.8487009334E+00
  1.1831684536E+00 -1.7551636720E+00 -2.7645098741E+00  1.4570088214E+00 -6.8487037540E+00
  1.1829179811E+00 -1.7553335339E+00 -2.7645105716E+00  1.4569989064E+00 -6.8487067207E+00
  1.1826611075E+00 -1.7555076224E+00 -2.7645113495E+00  1.4569885451E+00 -6.8487098312E+00
  1.1823980484E+00 -1.7556857757E+00 -2.7645122133E+00  1.4569777520E+00 -6.8487130825E+00
  1.1821290158E+00 -1.7558678348E+00 -2.7645131685E+00  1.4569665431E+00 -6.8487164712E+00
  1.1818542151E+00 -1.7560536446E+00 -2.7645142206E+00  1.4569549350E+00 -6.8487199940E+00
  1.1815738433E+00 -1.7562430560E+00 -2.7645153750E+00  1.4569429446E+00 -6.8487236472E+00
  1.1812880874E+00 -1.7564359269E+00 -2.7645166371E+00  1.4569305892E+00 -6.8487274272E+00
  1.1809971232E+00 -1.7566321226E+00 -2.7645180121E+00  1.4569178861E+00 -6.8487313303E+00
  1.1807011150E+00 -1.7568315170E+00 -2.7645195053E+00  1.4569048522E+00 -6.8487353530E+00
  1.1804002144E+00 -1.7570339923E+00 -2.7645211217E+00  1.4568915041E+00 -6.8487394918E+00
  1.1800945610E+00 -1.7572394394E+00 -2.7645228666E+00  1.4568778579E+00 -6.8487437434E+00
  1.1797842817E+00 -1.7574477577E+00 -2.7645247448E+00  1.4568639291E+00 -6.8487481047E+00
  1.1794694917E+00 -1.7576588552E+00 -2.7645267613E+00  1.4568497325E+00 -6.8487525727E+00
  1.1791502944E+00 -1.7578726480E+00 -2.7645289210E+00  1.4568352823E+00 -6.8487571447E+00
  1.1788267816E+00 -1.7580890599E+00 -2.7645312288E+00  1.4568205920E+00 -6.8487618182E+00
  1.1784990348E+00 -1.7583080223E+00 -2.7645336897E+00  1.4568056742E+00 -6.8487665908E+00
  1.1781671249E+00 -1.7585294737E+00 -2.7645363084E+00  1.4567905411E+00 -6.8487714606E+00
  1.1778311132E+00 -1.7587533591E+00 -2.7645390897E+00  1.4567752041E+00 -6.8487764255E+00
  1.1774910519E+00 -1.7589796302E+00 -2.7645420387E+00  1.4567596739E+00 -6.8487814839E+00
  1.1771469845E+00 -1.7592082441E+00 -2.7645451600E+00  1.4567439606E+00 -6.8487866344E+00
  1.1767989463E+00 -1.7594391638E+00 -2.7645484588E+00  1.4567280738E+00 -6.8487918757E+00
  1.1764469651E+00 -1.7596723573E+00 -2.7645519400E+00  1.4567120225E+00 -6.8487972066E+00
  1.1760910614E+00 -1.7599077975E+00 -2.7645556085E+00  1.4566958152E+00 -6.8488026264E+00
  1.1757312490E+00 -1.7601454618E+00 -2.7645594695E+00  1.4566794599E+00 -6.8488081342E+00
  1.1753675353E+00 -1.7603853318E+00 -2.7645635282E+00  1.4566629641E+00 -6.8488137295E+00
  1.1749999216E+00 -1.7606273929E+00 -2.7645677898E+00  1.4566463351E+00 -6.8488194119E+00
  1.1746284037E+00 -1.7608716344E+00 -2.7645722597E+00  1.4566295796E+00 -6.8488251811E+00
  1.1742529720E+00 -1.7611180491E+00 -2.7645769433E+00  1.4566127041E+00 -6.8488310371E+00
  1.1738736117E+00 -1.7613666327E+00 -2.7645818463E+00  1.4565957147E+00 -6.8488369798E+00
  1.1734903032E+00 -1.7616173842E+00 -2.7645869743E+00  1.4565786174E+00 -6.8488430094E+00
  1.1731030222E+00 -1.7618703054E+00 -2.7645923332E+00  1.4565614177E+00 -6.8488491264E+00
  1.1727117401E+00 -1.7621254009E+00 -2.7645979289E+00  1.4565441210E+00 -6.8488553309E+00
  1.1723164240E+00 -1.7623826778E+00 -2.7646037677E+00  1.4565267326E+00 -6.8488616238E+00
  1.1719170368E+00 -1.7626421455E+00 -2.7646098557E+00  1.4565092575E+00 -6.8488680055E+00
  1.1715135375E+00 -1.7629038158E+00 -2.7646161995E+00  1.4564917007E+00 -6.8488744769E+00
  1.1711058814E+00 -1.7631677029E+00 -2.7646228057E+00  1.4564740667E+00 -6.8488810389E+00
  1.1706940197E+00 -1.7634338227E+00 -2.7646296812E+00  1.4564563604E+00 -6.8488876925E+00
  1.1702779003E+00 -1.7637021936E+00 -2.7646368330E+00  1.4564385863E+00 -6.8488944388E+00
  1.1698574672E+00 -1.7639728355E+00 -2.7646442684E+00  1.4564207488E+00 -6.8489012792E+00
  1.1694326612E+00 -1.7642457704E+00 -2.7646519948E+00  1.4564028525E+00 -6.8489082148E+00
  1.1690034194E+00 -1.7645210223E+00 -2.7646600201E+00  1.4563849017E+00 -6.8489152473E+00
  1.1685696755E+00 -1.7647986165E+00 -2.7646683520E+00  1.4563669008E+00 -6.8489223780E+00
  1.1681313597E+00 -1.7650785805E+00 -2.7646769990E+00  1.4563488543E+00 -6.8489296088E+00
  1.1676883990E+00 -1.7653609432E+00 -2.7646859694E+00  1.4563307666E+00 -6.8489369414E+00
  1.1672407168E+00 -1.7656457351E+00 -2.7646952720E+00  1.4563126421E+00 -6.8489443776E+00
  1.1667882333E+00 -1.7659329886E+00 -2.7647049159E+00  1.4562944853E+00 -6.8489519196E+00
  1.1663308650E+00 -1.7662227374E+00 -2.7647149104E+00  1.4562763007E+00 -6.8489595693E+00
  1.1658685254E+00 -1.7665150168E+00 -2.7647252652E+00  1.4562580929E+00 -6.8489673291E+00
  1.1654011242E+00 -1.7668098638E+00 -2.7647359904E+00  1.4562398667E+00 -6.8489752013E+00
  1.1649285678E+00 -1.7671073167E+00 -2.7647470963E+00  1.4562216269E+00 -6.8489831883E+00
  1.1644507590E+00 -1.7674074156E+00 -2.7647585936E+00  1.4562033783E+00 -6.8489912927E+00
  1.1639675974E+00 -1.7677102017E+00 -2.7647704934E+00  1.4561851260E+00 -6.8489995173E+00
  1.1634789786E+00 -1.7680157180E+00 -2.7647828072E+00  1.4561668751E+00 -6.8490078649E+00
  1.1629847948E+00 -1.7683240089E+00 -2.7647955470E+00  1.4561486309E+00 -6.8490163385E+00
  1.1624849346E+00 -1.7686351201E+00 -2.7648087250E+00  1.4561303990E+00 -6.8490249412E+00
  1.1619792827E+00 -1.7689490989E+00 -2.7648223540E+00  1.4561121849E+00 -6.8490336763E+00
  1.1614677203E+00 -1.7692659941E+00 -2.7648364472E+00  1.4560939945E+00 -6.8490425471E+00
  1.1609501244E+00 -1.7695858557E+00 -2.7648510184E+00  1.4560758338E+00 -6.8490515572E+00
  1.1604263686E+00 -1.7699087353E+00 -2.7648660817E+00  1.4560577090E+00 -6.8490607104E+00
  1.1598963221E+00 -1.7702346859E+00 -2.7648816519E+00  1.4560396265E+00 -6.8490700105E+00
  1.1593598506E+00 -1.7705637619E+00 -2.7648977443E+00  1.4560215930E+00 -6.8490794615E+00
  1.1588168152E+00 -1.7708960191E+00 -2.7649143747E+00  1.4560036153E+00 -6.8490890676E+00
  1.1582670734E+00 -1.7712315145E+00 -2.7649315594E+00  1.4559857007E+00 -6.8490988333E+00
  1.1577104784E+00 -1.7715703068E+00 -2.7649493156E+00  1.4559678564E+00 -6.8491087631E+00
  1.1571468789E+00 -1.7719124557E+00 -2.7649676608E+00  1.4559500902E+00 -6.8491188619E+00
  1.1565761197E+00 -1.7722580224E+00 -2.7649866134E+00  1.4559324100E+00 -6.8491291345E+00
  1.1559980411E+00 -1.7726070695E+00 -2.7650061923E+00  1.4559148238E+00 -6.8491395861E+00
  1.1554124792E+00 -1.7729596606E+00 -2.7650264172E+00  1.4558973402E+00 -6.8491502223E+00
  1.1548192656E+00 -1.7733158607E+00 -2.7650473085E+00  1.4558799680E+00 -6.8491610485E+00
  1.1542182275E+00 -1.7736757360E+00 -2.7650688874E+00  1.4558627161E+00 -6.8491720707E+00
  1.1536091876E+00 -1.7740393539E+00 -2.7650911757E+00  1.4558455938E+00 -6.8491832949E+00
  1.1529919643E+00 -1.7744067826E+00 -2.7651141961E+00  1.4558286108E+00 -6.8491947276E+00
  1.1523663712E+00 -1.7747780918E+00 -2.7651379724E+00  1.4558117770E+00 -6.8492063753E+00
  1.1517322177E+00 -1.7751533520E+00 -2.7651625287E+00  1.4557951024E+00 -6.8492182450E+00
  1.1510893087E+00 -1.7755326344E+00 -2.7651878905E+00  1.4557785976E+00 -6.8492303437E+00
  1.1504374444E+00 -1.7759160115E+00 -2.7652140840E+00  1.4557622731E+00 -6.8492426791E+00
  1.1497764209E+00 -1.7763035562E+00 -2.7652411363E+00  1.4557461400E+00 -6.8492552589E+00
  1.1491060296E+00 -1.7766953423E+00 -2.7652690754E+00  1.4557302094E+00 -6.8492680912E+00
  1.1484260578E+00 -1.7770914441E+00 -2.7652979306E+00  1.4557144926E+00 -6.8492811844E+00
  1.1477362882E+00 -1.7774919364E+00 -2.7653277318E+00  1.4556990013E+00 -6.8492945472E+00
  1.1470364997E+00 -1.7778968946E+00 -2.7653585104E+00  1.4556837472E+00 -6.8493081889E+00
  1.1463264668E+00 -1.7783063940E+00 -2.7653902984E+00  1.4556687421E+00 -6.8493221188E+00
  1.1456059600E+00 -1.7787205103E+00 -2.7654231293E+00  1.4556539981E+00 -6.8493363469E+00
  1.1448747461E+00 -1.7791393191E+00 -2.7654570375E+00  1.4556395271E+00 -6.8493508833E+00
  1.1441325880E+00 -1.7795628959E+00 -2.7654920586E+00  1.4556253412E+00 -6.8493657388E+00
  1.1433792451E+00 -1.7799913159E+00 -2.7655282293E+00  1.4556114524E+00 -6.8493809244E+00
  1.1426144733E+00 -1.7804246540E+00 -2.7655655876E+00  1.4555978727E+00 -6.8493964516E+00
  1.1418380253E+00 -1.7808629843E+00 -2.7656041726E+00  1.4555846140E+00 -6.8494123324E+00
  1.1410496507E+00 -1.7813063802E+00 -2.7656440248E+00  1.4555716877E+00 -6.8494285791E+00
  1.1402490962E+00 -1.7817549142E+00 -2.7656851859E+00  1.4555591053E+00 -6.8494452045E+00
  1.1394361059E+00 -1.7822086577E+00 -2.7657276986E+00  1.4555468778E+00 -6.8494622221E+00
  1.1386104216E+00 -1.7826676809E+00 -2.7657716073E+00  1.4555350158E+00 -6.8494796455E+00
  1.1377717827E+00 -1.7831320522E+00 -2.7658169574E+00  1.4555235296E+00 -6.8494974892E+00
  1.1369199268E+00 -1.7836018388E+00 -2.7658637958E+00  1.4555124286E+00 -6.8495157680E+00
  1.1360545895E+00 -1.7840771058E+00 -2.7659121707E+00  1.4555017221E+00 -6.8495344972E+00
  1.1351755053E+00 -1.7845579163E+00 -2.7659621316E+00  1.4554914181E+00 -6.8495536926E+00
  1.1342824071E+00 -1.7850443313E+00 -2.7660137294E+00  1.4554815244E+00 -6.8495733708E+00
  1.1333750269E+00 -1.7855364093E+00 -2.7660670163E+00  1.4554720475E+00 -6.8495935487E+00
  1.1324530959E+00 -1.7860342065E+00 -2.7661220461E+00  1.4554629932E+00 -6.8496142439E+00
  1.1315163447E+00 -1.7865377763E+00 -2.7661788738E+00  1.4554543664E+00 -6.8496354743E+00
  1.1305645033E+00 -1.7870471691E+00 -2.7662375559E+00  1.4554461708E+00 -6.8496572588E+00
  1.1295973019E+00 -1.7875624325E+00 -2.7662981504E+00  1.4554384090E+00 -6.8496796166E+00
  1.1286144701E+00 -1.7880836109E+00 -2.7663607167E+00  1.4554310825E+00 -6.8497025674E+00
  1.1276157382E+00 -1.7886107454E+00 -2.7664253157E+00  1.4554241916E+00 -6.8497261318E+00
  1.1266008362E+00 -1.7891438737E+00 -2.7664920097E+00  1.4554177354E+00 -6.8497503307E+00
  1.1255694947E+00 -1.7896830299E+00 -2.7665608626E+00  1.4554117118E+00 -6.8497751858E+00
  1.1245214450E+00 -1.7902282446E+00 -2.7666319399E+00  1.4554061175E+00 -6.8498007192E+00
  1.1234564184E+00 -1.7907795444E+00 -2.7667053086E+00  1.4554009478E+00 -6.8498269537E+00
  1.1223741471E+00 -1.7913369524E+00 -2.7667810372E+00  1.4553961969E+00 -6.8498539127E+00
  1.1212743641E+00 -1.7919004874E+00 -2.7668591960E+00  1.4553918579E+00 -6.8498816202E+00
  1.1201568028E+00 -1.7924701643E+00 -2.7669398568E+00  1.4553879227E+00 -6.8499101006E+00
  1.1190211974E+00 -1.7930459940E+00 -2.7670230930E+00  1.4553843821E+00 -6.8499393790E+00
  1.1178672828E+00 -1.7936279828E+00 -2.7671089800E+00  1.4553812261E+00 -6.8499694812E+00
  1.1166947947E+00 -1.7942161329E+00 -2.7671975947E+00  1.4553784434E+00 -6.8500004332E+00
  1.1155034694E+00 -1.7948104422E+00 -2.7672890159E+00  1.4553760223E+00 -6.8500322619E+00
  1.1142930439E+00 -1.7954109037E+00 -2.7673833240E+00  1.4553739503E+00 -6.8500649944E+00
  1.1130632562E+00 -1.7960175062E+00 -2.7674806016E+00  1.4553722140E+00 -6.8500986586E+00
  1.1118138447E+00 -1.7966302335E+00 -2.7675809328E+00  1.4553708000E+00 -6.8501332827E+00
  1.1105445489E+00 -1.7972490645E+00 -2.7676844039E+00  1.4553696941E+00 -6.8501688954E+00
  1.1092551088E+00 -1.7978739734E+00 -2.7677911031E+00  1.4553688822E+00 -6.8502055260E+00
  1.1079452655E+00 -1.7985049292E+00 -2.7679011205E+00  1.4553683498E+00 -6.8502432041E+00
  1.1066147609E+00 -1.7991418955E+00 -2.7680145482E+00  1.4553680827E+00 -6.8502819597E+00
  1.1052633381E+00 -1.7997848308E+00 -2.7681314804E+00  1.4553680664E+00 -6.8503218233E+00
  1.1038907410E+00 -1.8004336879E+00 -2.7682520134E+00  1.4553682872E+00 -6.8503628257E+00
  1.1024967151E+00 -1.8010884143E+00 -2.7683762455E+00  1.4553687313E+00 -6.8504049981E+00
  1.1010810072E+00 -1.8017489512E+00 -2.7685042771E+00  1.4553693855E+00 -6.8504483720E+00
  1.0996433656E+00 -1.8024152343E+00 -2.7686362108E+00  1.4553702371E+00 -6.8504929792E+00
  1.0981835405E+00 -1.8030871929E+00 -2.7687721514E+00  1.4553712739E+00 -6.8505388519E+00
  1.0967012841E+00 -1.8037647500E+00 -2.7689122055E+00  1.4553724847E+00 -6.8505860223E+00
  1.0951963508E+00 -1.8044478225E+00 -2.7690564821E+00  1.4553738585E+00 -6.8506345231E+00
  1.0936684977E+00 -1.8051363203E+00 -2.7692050924E+00  1.4553753856E+00 -6.8506843870E+00
  1.0921174846E+00 -1.8058301467E+00 -2.7693581493E+00  1.4553770567E+00 -6.8507356470E+00
  1.0905430746E+00 -1.8065291980E+00 -2.7695157683E+00  1.4553788634E+00 -6.8507883361E+00
  1.0889450341E+00 -1.8072333634E+00 -2.7696780666E+00  1.4553807981E+00 -6.8508424877E+00
  1.0873231334E+00 -1.8079425250E+00 -2.7698451636E+00  1.4553828541E+00 -6.8508981351E+00
  1.0856771471E+00 -1.8086565572E+00 -2.7700171806E+00  1.4553850254E+00 -6.8509553115E+00
  1.0840068544E+00 -1.8093753271E+00 -2.7701942409E+00  1.4553873067E+00 -6.8510140503E+00
  1.0823120396E+00 -1.8100986939E+00 -2.7703764698E+00  1.4553896935E+00 -6.8510743850E+00
  1.0805924921E+00 -1.8108265089E+00 -2.7705639943E+00  1.4553921820E+00 -6.8511363488E+00
  1.0788480077E+00 -1.8115586157E+00 -2.7707569433E+00  1.4553947690E+00 -6.8511999750E+00
  1.0770783883E+00 -1.8122948494E+00 -2.7709554475E+00  1.4553974519E+00 -6.8512652967E+00
  1.0752834426E+00 -1.8130350372E+00 -2.7711596389E+00  1.4554002287E+00 -6.8513323467E+00
  1.0734629867E+00 -1.8137789977E+00 -2.7713696514E+00  1.4554030978E+00 -6.8514011577E+00
  1.0716168444E+00 -1.8145265412E+00 -2.7715856203E+00  1.4554060581E+00 -6.8514717622E+00
  1.0697448481E+00 -1.8152774694E+00 -2.7718076821E+00  1.4554091090E+00 -6.8515441923E+00
  1.0678468388E+00 -1.8160315753E+00 -2.7720359748E+00  1.4554122501E+00 -6.8516184796E+00
  1.0659226671E+00 -1.8167886435E+00 -2.7722706373E+00  1.4554154815E+00 -6.8516946554E+00
  1.0639721932E+00 -1.8175484494E+00 -2.7725118098E+00  1.4554188032E+00 -6.8517727504E+00
  1.0619952881E+00 -1.8183107599E+00 -2.7727596331E+00  1.4554222158E+00 -6.8518527949E+00
  1.0599918338E+00 -1.8190753330E+00 -2.7730142490E+00  1.4554257200E+00 -6.8519348183E+00
  1.0579617239E+00 -1.8198419178E+00 -2.7732757997E+00  1.4554293165E+00 -6.8520188496E+00
  1.0559048639E+00 -1.8206102546E+00 -2.7735444280E+00  1.4554330063E+00 -6.8521049167E+00
  1.0538211726E+00 -1.8213800748E+00 -2.7738202769E+00  1.4554367903E+00 -6.8521930468E+00
  1.0517105817E+00 -1.8221511011E+00 -2.7741034896E+00  1.4554406696E+00 -6.8522832662E+00
  1.0495730369E+00 -1.8229230473E+00 -2.7743942091E+00  1.4554446454E+00 -6.8523756000E+00
  1.0474084987E+00 -1.8236956185E+00 -2.7746925782E+00  1.4554487188E+00 -6.8524700725E+00
  1.0452169424E+00 -1.8244685113E+00 -2.7749987392E+00  1.4554528911E+00 -6.8525667064E+00
  1.0429983590E+00 -1.8252414139E+00 -2.7753128338E+00  1.4554571633E+00 -6.8526655233E+00
  1.0407527559E+00 -1.8260140059E+00 -2.7756350027E+00  1.4554615367E+00 -6.8527665436E+00
  1.0384801573E+00 -1.8267859589E+00 -2.7759653855E+00  1.4554660123E+00 -6.8528697859E+00
  1.0361806047E+00 -1.8275569364E+00 -2.7763041204E+00  1.4554705913E+00 -6.8529752674E+00
  1.0338541577E+00 -1.8283265940E+00 -2.7766513442E+00  1.4554752748E+00 -6.8530830037E+00
  1.0315008941E+00 -1.8290945800E+00 -2.7770071914E+00  1.4554800637E+00 -6.8531930085E+00
  1.0291209112E+00 -1.8298605351E+00 -2.7773717949E+00  1.4554849590E+00 -6.8533052936E+00
  1.0267143254E+00 -1.8306240931E+00 -2.7777452848E+00  1.4554899616E+00 -6.8534198691E+00
  1.0242812733E+00 -1.8313848811E+00 -2.7781277886E+00  1.4554950723E+00 -6.8535367428E+00
  1.0218219121E+00 -1.8321425198E+00 -2.7785194311E+00  1.4555002919E+00 -6.8536559206E+00
  1.0193364198E+00 -1.8328966237E+00 -2.7789203337E+00  1.4555056211E+00 -6.8537774059E+00
  1.0168249960E+00 -1.8336468021E+00 -2.7793306140E+00  1.4555110604E+00 -6.8539012000E+00
  1.0142878618E+00 -1.8343926587E+00 -2.7797503862E+00  1.4555166103E+00 -6.8540273017E+00
  1.0117252608E+00 -1.8351337927E+00 -2.7801797601E+00  1.4555222712E+00 -6.8541557074E+00
  1.0091374588E+00 -1.8358697990E+00 -2.7806188411E+00  1.4555280435E+00 -6.8542864108E+00
  1.0065247446E+00 -1.8366002685E+00 -2.7810677300E+00  1.4555339272E+00 -6.8544194029E+00
  1.0038874298E+00 -1.8373247893E+00 -2.7815265223E+00  1.4555399226E+00 -6.8545546723E+00
  1.0012258496E+00 -1.8380429465E+00 -2.7819953083E+00  1.4555460297E+00 -6.8546922045E+00
  9.9854036241E-01 -1.8387543232E+00 -2.7824741726E+00  1.4555522482E+00 -6.8548319824E+00
  9.9583135030E-01 -1.8394585011E+00 -2.7829631937E+00  1.4555585780E+00 -6.8549739856E+00
  9.9309921902E-01 -1.8401550610E+00 -2.7834624440E+00  1.4555650186E+00 -6.8551181913E+00
  9.9034439798E-01 -1.8408435834E+00 -2.7839719892E+00  1.4555715696E+00 -6.8552645732E+00
  9.8756734032E-01 -1.8415236494E+00 -2.7844918881E+00  1.4555782304E+00 -6.8554131023E+00
  9.8476852276E-01 -1.8421948412E+00 -2.7850221924E+00  1.4555850003E+00 -6.8555637464E+00
  9.8194844552E-01 -1.8428567429E+00 -2.7855629464E+00  1.4555918783E+00 -6.8557164703E+00
  9.7910763214E-01 -1.8435089410E+00 -2.7861141866E+00  1.4555988635E+00 -6.8558712356E+00
  9.7624662920E-01 -1.8441510256E+00 -2.7866759414E+00  1.4556059547E+00 -6.8560280010E+00
  9.7336600606E-01 -1.8447825906E+00 -2.7872482312E+00  1.4556131506E+00 -6.8561867219E+00
  9.7046635450E-01 -1.8454032346E+00 -2.7878310679E+00  1.4556204499E+00 -6.8563473508E+00
  9.6754828828E-01 -1.8460125622E+00 -2.7884244546E+00  1.4556278510E+00 -6.8565098371E+00
  9.6461244267E-01 -1.8466101837E+00 -2.7890283856E+00  1.4556353521E+00 -6.8566741273E+00
  9.6165947392E-01 -1.8471957168E+00 -2.7896428461E+00  1.4556429516E+00 -6.8568401648E+00
  9.5869005864E-01 -1.8477687868E+00 -2.7902678120E+00  1.4556506473E+00 -6.8570078902E+00
  9.5570489318E-01 -1.8483290278E+00 -2.7909032500E+00  1.4556584373E+00 -6.8571772413E+00
  9.5270469286E-01 -1.8488760828E+00 -2.7915491169E+00  1.4556663193E+00 -6.8573481532E+00
  9.4969019124E-01 -1.8494096050E+00 -2.7922053603E+00  1.4556742909E+00 -6.8575205581E+00
  9.4666213928E-01 -1.8499292582E+00 -2.7928719178E+00  1.4556823497E+00 -6.8576943860E+00
  9.4362130441E-01 -1.8504347176E+00 -2.7935487172E+00  1.4556904930E+00 -6.8578695643E+00
  9.4056846968E-01 -1.8509256704E+00 -2.7942356765E+00  1.4556987181E+00 -6.8580460179E+00
  9.3750443270E-01 -1.8514018164E+00 -2.7949327038E+00  1.4557070221E+00 -6.8582236697E+00
  9.3443000464E-01 -1.8518628689E+00 -2.7956396976E+00  1.4557154021E+00 -6.8584024406E+00
  9.3134600913E-01 -1.8523085548E+00 -2.7963565463E+00  1.4557238550E+00 -6.8585822494E+00
  9.2825328119E-01 -1.8527386155E+00 -2.7970831285E+00  1.4557323776E+00 -6.8587630131E+00
  9.2515266604E-01 -1.8531528076E+00 -2.7978193134E+00  1.4557409666E+00 -6.8589446473E+00
  9.2204501792E-01 -1.8535509026E+00 -2.7985649604E+00  1.4557496187E+00 -6.8591270661E+00
  9.1893119885E-01 -1.8539326884E+00 -2.7993199195E+00  1.4557583303E+00 -6.8593101820E+00
  9.1581207747E-01 -1.8542979687E+00 -2.8000840316E+00  1.4557670979E+00 -6.8594939069E+00
  9.1268852766E-01 -1.8546465643E+00 -2.8008571282E+00  1.4557759179E+00 -6.8596781514E+00
  9.0956142739E-01 -1.8549783124E+00 -2.8016390321E+00  1.4557847866E+00 -6.8598628256E+00
  9.0643165731E-01 -1.8552930679E+00 -2.8024295574E+00  1.4557937002E+00 -6.8600478388E+00
  9.0330009954E-01 -1.8555907029E+00 -2.8032285099E+00  1.4558026550E+00 -6.8602331001E+00
  9.0016763632E-01 -1.8558711070E+00 -2.8040356871E+00  1.4558116469E+00 -6.8604185184E+00
  8.9703514873E-01 -1.8561341878E+00 -2.8048508788E+00  1.4558206722E+00 -6.8606040026E+00
  8.9390351543E-01 -1.8563798705E+00 -2.8056738673E+00  1.4558297270E+00 -6.8607894618E+00
  8.9077361129E-01 -1.8566080983E+00 -2.8065044276E+00  1.4558388072E+00 -6.8609748055E+00
  8.8764630622E-01 -1.8568188323E+00 -2.8073423280E+00  1.4558479089E+00 -6.8611599436E+00
  8.8452246387E-01 -1.8570120512E+00 -2.8081873304E+00  1.4558570281E+00 -6.8613447871E+00
  8.8140294043E-01 -1.8571877514E+00 -2.8090391906E+00  1.4558661608E+00 -6.8615292476E+00
  8.7828858343E-01 -1.8573459470E+00 -2.8098976586E+00  1.4558753031E+00 -6.8617132378E+00
  8.7518023057E-01 -1.8574866692E+00 -2.8107624794E+00  1.4558844511E+00 -6.8618966719E+00
  8.7207870861E-01 -1.8576099664E+00 -2.8116333930E+00  1.4558936007E+00 -6.8620794654E+00
  8.6898483229E-01 -1.8577159038E+00 -2.8125101351E+00  1.4559027481E+00 -6.8622615353E+00
  8.6589940325E-01 -1.8578045631E+00 -2.8133924375E+00  1.4559118895E+00 -6.8624428004E+00
  8.6282320907E-01 -1.8578760420E+00 -2.8142800283E+00  1.4559210209E+00 -6.8626231813E+00
  8.5975702231E-01 -1.8579304541E+00 -2.8151726328E+00  1.4559301387E+00 -6.8628026008E+00
  8.5670159961E-01 -1.8579679281E+00 -2.8160699734E+00  1.4559392391E+00 -6.8629809834E+00
  8.5365768082E-01 -1.8579886076E+00 -2.8169717705E+00  1.4559483185E+00 -6.8631582564E+00
  8.5062598826E-01 -1.8579926506E+00 -2.8178777428E+00  1.4559573733E+00 -6.8633343488E+00
  8.4760722592E-01 -1.8579802288E+00 -2.8187876076E+00  1.4559664000E+00 -6.8635091926E+00
  8.4460207884E-01 -1.8579515272E+00 -2.8197010816E+00  1.4559753953E+00 -6.8636827218E+00
  8.4161121245E-01 -1.8579067436E+00 -2.8206178809E+00  1.4559843557E+00 -6.8638548735E+00
  8.3863527201E-01 -1.8578460879E+00 -2.8215377216E+00  1.4559932780E+00 -6.8640255870E+00
  8.3567488215E-01 -1.8577697815E+00 -2.8224603204E+00  1.4560021591E+00 -6.8641948045E+00
  8.3273064634E-01 -1.8576780566E+00 -2.8233853947E+00  1.4560109959E+00 -6.8643624710E+00
  8.2980314661E-01 -1.8575711560E+00 -2.8243126634E+00  1.4560197855E+00 -6.8645285343E+00
  8.2689294314E-01 -1.8574493318E+00 -2.8252418468E+00  1.4560285250E+00 -6.8646929448E+00
  8.2400057402E-01 -1.8573128454E+00 -2.8261726672E+00  1.4560372117E+00 -6.8648556561E+00
  8.2112655503E-01 -1.8571619665E+00 -2.8271048494E+00  1.4560458429E+00 -6.8650166242E+00
  8.1827137950E-01 -1.8569969725E+00 -2.8280381210E+00  1.4560544163E+00 -6.8651758084E+00
  8.1543551819E-01 -1.8568181481E+00 -2.8289722124E+00  1.4560629292E+00 -6.8653331706E+00
  8.1261941923E-01 -1.8566257842E+00 -2.8299068575E+00  1.4560713795E+00 -6.8654886755E+00
  8.0982350812E-01 -1.8564201777E+00 -2.8308417939E+00  1.4560797649E+00 -6.8656422906E+00
  8.0704818782E-01 -1.8562016308E+00 -2.8317767630E+00  1.4560880835E+00 -6.8657939864E+00
  8.0429383875E-01 -1.8559704501E+00 -2.8327115106E+00  1.4560963332E+00 -6.8659437359E+00
  8.0156081904E-01 -1.8557269463E+00 -2.8336457867E+00  1.4561045122E+00 -6.8660915148E+00
  7.9884946463E-01 -1.8554714335E+00 -2.8345793461E+00  1.4561126187E+00 -6.8662373017E+00
  7.9616008949E-01 -1.8552042288E+00 -2.8355119485E+00  1.4561206513E+00 -6.8663810775E+00
  7.9349298594E-01 -1.8549256514E+00 -2.8364433588E+00  1.4561286083E+00 -6.8665228258E+00
