 AIMInt (Version 19.10.12, Professional)
 Portions Copyright (c) 1997-2019 by Todd A. Keith
 AIMInt is a component of the AIMAll package ( http://aim.tkgristmill.com )

 TP:  64-bit Mac OS X

 AIMInt is a heavily modified and extended version of the PROAIMV program
 developed by members of R.F.W. Bader's research group

 Much of the Quantum Theory of Atoms in Molecules (QTAIM) is described in the book:
   "Atoms in Molecules - A Quantum Theory"
   R.F.W. Bader, Oxford University Press, Oxford, 1990

 For additional references see:  http://aim.tkgristmill.com/references.html

 Current Directory:  /Users/chemlab/Documents/SubstituentCoding/BCP Map Reference/BCPMapReference

 Inp File:  SubH_SeMeONH_wb97xd_aug-cc-pvtz_reor_atomicfiles/c3.inp
 Wfx File:  SubH_SeMeONH_wb97xd_aug-cc-pvtz_reor.wfx
 Out File:  SubH_SeMeONH_wb97xd_aug-cc-pvtz_reor_atomicfiles/c3.int

 Wfx Title:   single point on SubH_SeMeONH_wb97xd_aug-cc-pvtz reoriented by subproptools    
 Job Title:   single point on SubH_SeMeONH_wb97xd_aug-cc-pvtz reoriented by subproptools    
 
<Atom>
C3      
</Atom>
<Nuclei of Molecule>
     9
Se1       34.0           0.0000000000E+00   0.0000000000E+00   0.0000000000E+00
H2         1.0          -2.8490021280E+00   0.0000000000E+00   0.0000000000E+00
C3         6.0           6.0464810917E-01   3.5590364837E+00   0.0000000000E+00
H4         1.0          -1.6459136600E-01   4.3357233695E+00   1.7367284173E+00
H5         1.0           2.6436021263E+00   3.7865689577E+00  -6.6768804988E-02
H6         1.0          -2.8869723950E-01   4.3468141721E+00  -1.6709532870E+00
O7         8.0           7.4894192687E-01  -1.2158463870E+00  -2.6941145057E+00
N8         7.0           1.2341593450E+00  -9.0847544089E-01   2.7920363340E+00
H9         1.0           1.1670117066E+00  -2.8285212763E+00   2.8909294815E+00
</Nuclei of Molecule>
<Total Number of CPs of DelSqRho>
    37
</Total Number of CPs of DelSqRho>
<Number of (3,+3) CPs of DelSqRho>
     5
</Number of (3,+3) CPs of DelSqRho>
<Number of (3,+1) CPs of DelSqRho>
    12
</Number of (3,+1) CPs of DelSqRho>
<Number of (3,-1) CPs of DelSqRho>
    14
</Number of (3,-1) CPs of DelSqRho>
<Number of (3,-3) CPs of DelSqRho>
     6
</Number of (3,-3) CPs of DelSqRho>
<Number of Degenerate CPs of DelSqRho>
     0
</Number of Degenerate CPs of DelSqRho>
<CP of DelSqRho>
CP# = 1       
Type = (3,+3)
Coords =  6.04648056377159E-01  3.55903627675819E+00 -3.76367007956366E-09
DistFromNuc =  2.1359086522E-07
Rho =  1.2095552619E+02
DelSqRho = -7.4487265208E+05
GradDelSqRho =  8.0424661064E-07 -2.7027263059E-06  5.6843418861E-13
HessDelSqRho_EigVals =  1.5957755989E+10  1.5957756041E+10  1.5957756050E+10
HessDelSqRho_EigVec1 =  9.1811192688E-02  9.9577269801E-01  2.7274157619E-03
HessDelSqRho_EigVec2 =  8.7228176431E-01 -8.1745741732E-02  4.8212255430E-01
HessDelSqRho_EigVec3 = -4.8030743129E-01  4.1885171699E-02  8.7609953992E-01
</CP of DelSqRho>
<CP of DelSqRho>
CP# = 2       
Type = (3,+1)
Coords =  1.14352275099078E-01  4.04640884550205E+00  1.09857403759193E+00
DistFromNuc =  1.2979933513E+00
Rho =  2.8841023828E-01
DelSqRho = -1.1254491522E+00
GradDelSqRho = -1.3322676296E-15  2.4147350786E-15 -1.3392065235E-15
HessDelSqRho_EigVals = -9.0657784578E+00  8.4781487839E+00  8.5970773805E+00
HessDelSqRho_EigVec1 = -3.7092475577E-01  3.8416056477E-01  8.4547944152E-01
HessDelSqRho_EigVec2 = -4.5434210843E-01 -8.6909597865E-01  1.9556438426E-01
HessDelSqRho_EigVec3 = -8.0993090697E-01  3.1159724063E-01 -4.9690953460E-01
</CP of DelSqRho>
<CP of DelSqRho>
CP# = 3       
Type = (3,+1)
Coords =  1.89548958283040E+00  3.69878970921900E+00 -4.31644319939060E-02
DistFromNuc =  1.2991019369E+00
Rho =  2.8855124104E-01
DelSqRho = -1.1269184245E+00
GradDelSqRho = -3.1918911958E-15 -1.6653345369E-15  8.3266726847E-17
HessDelSqRho_EigVals = -9.1326495701E+00  8.4976534224E+00  8.6199623209E+00
HessDelSqRho_EigVec1 =  9.9263926969E-01  1.1688324908E-01 -3.1710981657E-02
HessDelSqRho_EigVec2 = -1.1443268718E-01  9.9093218552E-01  7.0417070416E-02
HessDelSqRho_EigVec3 =  3.9654008339E-02 -6.6269976508E-02  9.9701346522E-01
</CP of DelSqRho>
<CP of DelSqRho>
CP# = 4       
Type = (3,+1)
Coords =  3.63597443176662E-02  4.05235925908872E+00 -1.05699078349482E+00
DistFromNuc =  1.2975162977E+00
Rho =  2.8869321669E-01
DelSqRho = -1.1264619542E+00
GradDelSqRho = -1.3877787808E-15 -2.9976021665E-15 -1.6930901126E-15
HessDelSqRho_EigVals = -9.0354457959E+00  8.4815496103E+00  8.5881384169E+00
HessDelSqRho_EigVec1 =  4.3165356951E-01 -3.9035611426E-01  8.1320188145E-01
HessDelSqRho_EigVec2 =  4.4160946911E-01  8.7753950452E-01  1.8683012286E-01
HessDelSqRho_EigVec3 =  7.8654705690E-01 -2.7847176172E-01 -5.5117801589E-01
</CP of DelSqRho>
<CP of DelSqRho>
CP# = 5       
Type = (3,-1)
Coords =  3.87110394693691E-01  3.50758497646832E+00  1.69903675826392E-02
DistFromNuc =  2.2418427109E-01
Rho =  9.2182327897E+00
DelSqRho =  2.7957932555E+02
GradDelSqRho =  2.0090595854E-12  1.0569323194E-12 -1.0658141036E-14
HessDelSqRho_EigVals = -5.8009029992E+04 -1.8728630305E+01  8.2637769231E+01
HessDelSqRho_EigVec1 =  9.7073856827E-01  2.2781932993E-01 -7.5927498242E-02
HessDelSqRho_EigVec2 =  7.7372460426E-02  2.5950357499E-03  9.9699888072E-01
HessDelSqRho_EigVec3 = -2.2733265152E-01  9.7369996339E-01  1.5107840801E-02
</CP of DelSqRho>
<CP of DelSqRho>
CP# = 6       
Type = (3,-3)
Coords =  6.47703452108696E-01  3.77817303975400E+00 -1.16175690673134E-05
DistFromNuc =  2.2332620289E-01
Rho =  9.2523237949E+00
DelSqRho =  2.8547589378E+02
GradDelSqRho =  2.2382096176E-13 -9.6775920611E-12  1.4210854715E-14
HessDelSqRho_EigVals = -6.0523311610E+04 -1.8603688591E+02 -1.8397314559E+02
HessDelSqRho_EigVec1 =  1.9290230798E-01  9.8121796733E-01 -1.2921340578E-05
HessDelSqRho_EigVec2 =  9.4052803667E-01 -1.8490663382E-01 -2.8498517331E-01
HessDelSqRho_EigVec3 =  2.7963496172E-01 -5.4962144788E-02  9.5853192478E-01
</CP of DelSqRho>
<CP of DelSqRho>
CP# = 7       
Type = (3,-3)
Coords =  5.81029359331296E-01  3.33604839370279E+00  6.86513438625593E-03
DistFromNuc =  2.2434050836E-01
Rho =  9.1948002013E+00
DelSqRho =  2.8051697315E+02
GradDelSqRho = -2.0605739337E-13  2.1245227799E-12 -3.6770586576E-13
HessDelSqRho_EigVals = -5.7807455793E+04 -5.4580823574E+01 -4.8930997255E+01
HessDelSqRho_EigVec1 =  1.0504695181E-01  9.9399388473E-01 -3.0680531963E-02
HessDelSqRho_EigVec2 =  9.6405483110E-01 -1.0935729212E-01 -2.4215545687E-01
HessDelSqRho_EigVec3 =  2.4405618318E-01  4.1400224518E-03  9.6975225685E-01
</CP of DelSqRho>
<CP of DelSqRho>
CP# = 8       
Type = (3,+1)
Coords =  7.96197423881291E-01  3.44499318733562E+00 -2.25505518985472E-02
DistFromNuc =  2.2406592958E-01
Rho =  9.2308557859E+00
DelSqRho =  2.7964262415E+02
GradDelSqRho = -1.8474111130E-12  7.1054273576E-12 -3.1299407510E-12
HessDelSqRho_EigVals = -5.8320630826E+04  2.3987093474E+01  9.3011556948E+01
HessDelSqRho_EigVec1 =  8.5596595129E-01 -5.0714826284E-01 -1.0061277117E-01
HessDelSqRho_EigVec2 =  1.1953833388E-01  4.7926252797E-03  9.9281801831E-01
HessDelSqRho_EigVec3 =  5.0302373399E-01  8.6184550253E-01 -6.4725982426E-02
</CP of DelSqRho>
<CP of DelSqRho>
CP# = 9       
Type = (3,-1)
Coords =  7.03858165899091E-01  3.44573208518879E+00  1.65994839495262E-01
DistFromNuc =  2.2413123123E-01
Rho =  9.2207177836E+00
DelSqRho =  2.7990628809E+02
GradDelSqRho =  3.3288927170E-12 -1.0373923942E-12  1.3198331317E-12
HessDelSqRho_EigVals = -5.8157615699E+04 -2.9329904697E+01  7.0800357445E+01
HessDelSqRho_EigVec1 =  4.4347997163E-01 -5.0400732562E-01  7.4114919583E-01
HessDelSqRho_EigVec2 = -8.0861308662E-01  1.3170223371E-01  5.7341032236E-01
HessDelSqRho_EigVec3 =  3.8661400766E-01  8.5359893238E-01  3.4913961638E-01
</CP of DelSqRho>
<CP of DelSqRho>
CP# = 10      
Type = (3,-1)
Coords =  7.00214178763100E-01  3.44744312487971E+00 -1.69278303173143E-01
DistFromNuc =  2.2414525494E-01
Rho =  9.2203396962E+00
DelSqRho =  2.7979367146E+02
GradDelSqRho =  6.3593574851E-13  4.8956394494E-12 -2.5517365998E-12
HessDelSqRho_EigVals = -5.8116192936E+04 -2.4592650088E+01  7.5670289261E+01
HessDelSqRho_EigVec1 = -4.2723701457E-01  4.9635469361E-01  7.5571195009E-01
HessDelSqRho_EigVec2 = -8.2873035072E-01  1.1919766754E-01 -5.4680702432E-01
HessDelSqRho_EigVec3 =  3.6148933481E-01  8.5989763006E-01 -3.6041854369E-01
</CP of DelSqRho>
<CP of DelSqRho>
CP# = 11      
Type = (3,+1)
Coords =  4.60346023421014E-01  3.50681696681124E+00  1.63331918049920E-01
DistFromNuc =  2.2411444699E-01
Rho =  9.2273481505E+00
DelSqRho =  2.7946955577E+02
GradDelSqRho = -6.7146288529E-13 -7.2652994731E-13  1.2079226508E-13
HessDelSqRho_EigVals = -5.8192157862E+04  2.3133233485E+01  9.6177640442E+01
HessDelSqRho_EigVec1 = -6.4375803044E-01 -2.3107972399E-01  7.2950514693E-01
HessDelSqRho_EigVec2 =  7.5994898307E-01 -8.1260724208E-02  6.4488311951E-01
HessDelSqRho_EigVec3 = -8.9739296713E-02  9.6953538144E-01  2.2792104503E-01
</CP of DelSqRho>
<CP of DelSqRho>
CP# = 12      
Type = (3,+1)
Coords =  4.60866632243980E-01  3.50595097776983E+00 -1.63530697890626E-01
DistFromNuc =  2.2412825167E-01
Rho =  9.2266523443E+00
DelSqRho =  2.7940072770E+02
GradDelSqRho = -1.1297629499E-12 -4.7073456244E-14  3.3253400034E-12
HessDelSqRho_EigVals = -5.8156835570E+04  2.5533273650E+01  9.8056637762E+01
HessDelSqRho_EigVec1 =  6.4147285053E-01  2.3492451609E-01  7.3028970538E-01
HessDelSqRho_EigVec2 =  7.6381707245E-01 -1.0700280727E-01 -6.3650127971E-01
HessDelSqRho_EigVec3 = -7.1386706528E-02  9.6610603506E-01 -2.4807875192E-01
</CP of DelSqRho>
<CP of DelSqRho>
CP# = 13      
Type = (3,+1)
Coords =  1.24282721903678E+00  2.78037068204351E+00 -2.76316809054074E-02
DistFromNuc =  1.0071526780E+00
Rho =  2.0342840848E-01
DelSqRho = -2.2253032543E-01
GradDelSqRho = -3.3306690739E-16  1.0824674490E-15 -9.8532293435E-16
HessDelSqRho_EigVals = -2.5753005002E+00  1.4103931851E+00  1.3744666348E+01
HessDelSqRho_EigVec1 =  7.3667996649E-01  6.7579402388E-01 -2.4598053969E-02
HessDelSqRho_EigVec2 =  3.7182907362E-02 -4.1596580697E-03  9.9929981920E-01
HessDelSqRho_EigVec3 = -6.7521852639E-01  7.3707878448E-01  2.8192323353E-02
</CP of DelSqRho>
<CP of DelSqRho>
CP# = 14      
Type = (3,-1)
Coords = -4.13220212075934E-01  3.37564551631918E+00  3.31553964993927E-02
DistFromNuc =  1.0347886000E+00
Rho =  1.7337372309E-01
DelSqRho =  2.2332388627E-02
GradDelSqRho = -3.8857805862E-15 -3.4694469520E-16 -2.2204460493E-16
HessDelSqRho_EigVals = -1.4517359407E+00 -1.2261842727E+00  9.5197314979E+00
HessDelSqRho_EigVec1 =  4.4923486869E-02 -8.6561067750E-02  9.9523316960E-01
HessDelSqRho_EigVec2 = -1.4031316058E-01  9.8581656555E-01  9.2075599714E-02
HessDelSqRho_EigVec3 =  9.8908750740E-01  1.4378066853E-01 -3.2140660539E-02
</CP of DelSqRho>
<CP of DelSqRho>
CP# = 15      
Type = (3,-1)
Coords =  7.96781268138405E-01  4.60098946762741E+00 -7.69551360320478E-03
DistFromNuc =  1.0595472582E+00
Rho =  1.5540764909E-01
DelSqRho =  8.3535067841E-02
GradDelSqRho =  9.6034291630E-15  1.1292078383E-12 -3.4972025276E-15
HessDelSqRho_EigVals = -1.1352446505E+00 -1.0986225215E+00  7.5986254177E+00
HessDelSqRho_EigVec1 =  1.6022812648E-01 -2.1872648719E-02  9.8683764355E-01
HessDelSqRho_EigVec2 =  9.7019661214E-01 -1.8062857604E-01 -1.6152972266E-01
HessDelSqRho_EigVec3 =  1.8178416122E-01  9.8330814334E-01 -7.7210086414E-03
</CP of DelSqRho>
<CP of DelSqRho>
CP# = 16      
Type = (3,-1)
Coords =  1.03559709647040E+00  3.09962973255517E+00  8.21003424364648E-01
DistFromNuc =  1.0348034671E+00
Rho =  1.7283204460E-01
DelSqRho =  3.2808041547E-02
GradDelSqRho =  1.2212453271E-15 -5.5511151231E-16  5.5511151231E-17
HessDelSqRho_EigVals = -1.4880402492E+00 -1.3050106283E+00  9.5116343030E+00
HessDelSqRho_EigVec1 =  8.1328569741E-01 -2.1081929999E-01 -5.4232978633E-01
HessDelSqRho_EigVec2 =  3.9316861355E-01  8.8619316387E-01  2.4511245916E-01
HessDelSqRho_EigVec3 =  4.2893451214E-01 -4.1257350747E-01  8.0361575721E-01
</CP of DelSqRho>
<CP of DelSqRho>
CP# = 17      
Type = (3,-1)
Coords =  9.71583298548289E-01  3.10084063394582E+00 -8.52456642312385E-01
DistFromNuc =  1.0350203848E+00
Rho =  1.7293780336E-01
DelSqRho =  3.1126893919E-02
GradDelSqRho = -4.4408920985E-16  1.6098233857E-15 -6.6613381478E-16
HessDelSqRho_EigVals = -1.4799329679E+00 -1.2891432780E+00  9.5021479042E+00
HessDelSqRho_EigVec1 = -7.9822673509E-01  3.2250581748E-01 -5.0874755732E-01
HessDelSqRho_EigVec2 =  4.7886356176E-01  8.5211435931E-01 -2.1116535671E-01
HessDelSqRho_EigVec3 = -3.6540904287E-01  4.1217850059E-01  8.3461674740E-01
</CP of DelSqRho>
<CP of DelSqRho>
CP# = 18      
Type = (3,+1)
Coords = -1.40041354030040E-01  4.21467187568866E+00  2.79580129932550E-02
DistFromNuc =  9.9257332945E-01
Rho =  2.1018935419E-01
DelSqRho = -1.7098271116E-01
GradDelSqRho =  4.9960036108E-15 -4.7323256425E-15  9.6450625264E-16
HessDelSqRho_EigVals = -3.3257734654E+00  1.2163266921E+00  1.4636856185E+01
HessDelSqRho_EigVec1 =  3.6345865202E-02 -1.8601401780E-03  9.9933753955E-01
HessDelSqRho_EigVec2 =  6.5163699050E-01  7.5820343311E-01 -2.2288710938E-02
HessDelSqRho_EigVec3 =  7.5765969320E-01 -6.5201540925E-01 -2.8769695923E-02
</CP of DelSqRho>
<CP of DelSqRho>
CP# = 19      
Type = (3,+1)
Coords =  7.38669838106187E-02  2.99594801816427E+00 -6.46482924495159E-01
DistFromNuc =  1.0083339698E+00
Rho =  2.0134802811E-01
DelSqRho = -2.0998072665E-01
GradDelSqRho =  1.3322676296E-15  1.1102230246E-15 -9.4368957093E-16
HessDelSqRho_EigVals = -2.5452518732E+00  1.3176105220E+00  1.3576193942E+01
HessDelSqRho_EigVec1 = -1.6487980533E-01  8.4085268821E-01 -5.1553991750E-01
HessDelSqRho_EigVec2 = -8.2857460294E-01  1.6546470684E-01  5.3486966465E-01
HessDelSqRho_EigVec3 =  5.3505025667E-01  5.1535248862E-01  6.6942739361E-01
</CP of DelSqRho>
<CP of DelSqRho>
CP# = 20      
Type = (3,+1)
Coords =  1.19694166907119E-01  2.99573480517962E+00  6.80446630619968E-01
DistFromNuc =  1.0077185739E+00
Rho =  2.0218442816E-01
DelSqRho = -2.1863857474E-01
GradDelSqRho = -6.6613381478E-16 -8.3266726847E-16  1.3877787808E-17
HessDelSqRho_EigVals = -2.5132490835E+00  1.3615909630E+00  1.3653999954E+01
HessDelSqRho_EigVec1 = -1.2604404074E-01  8.4026638442E-01  5.2731897653E-01
HessDelSqRho_EigVec2 =  8.6387441660E-01 -1.6834514303E-01  4.7474298853E-01
HessDelSqRho_EigVec3 = -4.8768216302E-01 -5.1537589780E-01  7.0466573057E-01
</CP of DelSqRho>
<CP of DelSqRho>
CP# = 21      
Type = (3,+1)
Coords =  1.14357697089586E+00  3.98151541216262E+00  7.14986943949715E-01
DistFromNuc =  9.9001974375E-01
Rho =  2.1257136590E-01
DelSqRho = -1.8162472302E-01
GradDelSqRho = -2.6645352591E-15  3.6082248300E-16 -1.5265566589E-15
HessDelSqRho_EigVals = -3.4310525015E+00  1.3041322942E+00  1.4974039171E+01
HessDelSqRho_EigVec1 =  8.3112991304E-01 -1.6242464235E-01 -5.3182826477E-01
HessDelSqRho_EigVec2 = -1.0267464710E-01  8.9512273432E-01 -4.3383546115E-01
HessDelSqRho_EigVec3 =  5.4651714016E-01  4.1517890851E-01  7.2728638750E-01
</CP of DelSqRho>
<CP of DelSqRho>
CP# = 22      
Type = (3,+1)
Coords =  1.09232402352155E+00  3.98078338632273E+00 -7.52178161333318E-01
DistFromNuc =  9.9069179552E-01
Rho =  2.1208339911E-01
DelSqRho = -1.7919357972E-01
GradDelSqRho = -3.2520652837E-12 -3.9874770152E-12  7.7873263393E-12
HessDelSqRho_EigVals = -3.4094215512E+00  1.2823450776E+00  1.4888243763E+01
HessDelSqRho_EigVec1 =  8.6648962616E-01 -1.6445369432E-01  4.7132866471E-01
HessDelSqRho_EigVec2 = -6.9901617193E-02  8.9490295774E-01  4.4075215273E-01
HessDelSqRho_EigVec3 = -4.9427673591E-01 -4.1485380394E-01  7.6392855012E-01
</CP of DelSqRho>
<CP of DelSqRho>
CP# = 23      
Type = (3,+3)
Coords =  2.05365922471851E-01  3.94887323789631E+00  8.89448704800389E-01
DistFromNuc =  1.0500085514E+00
Rho =  3.0073091424E-01
DelSqRho = -1.2100145501E+00
GradDelSqRho =  1.8429702209E-14 -1.6764367672E-14 -3.8968828164E-14
HessDelSqRho_EigVals =  7.2157459809E+00  7.3706133330E+00  8.3536954930E+00
HessDelSqRho_EigVec1 =  4.3324035386E-01  9.0126243230E-01  5.3687916356E-03
HessDelSqRho_EigVec2 =  7.8146164214E-01 -3.7860605937E-01  4.9595882255E-01
HessDelSqRho_EigVec3 = -4.4902171178E-01  2.1067387105E-01  8.6832944348E-01
</CP of DelSqRho>
<CP of DelSqRho>
CP# = 24      
Type = (3,+3)
Coords =  1.41794312071471E-01  3.95380638099762E+00 -8.57046334135135E-01
DistFromNuc =  1.0510020591E+00
Rho =  3.0061747703E-01
DelSqRho = -1.2097369611E+00
GradDelSqRho =  3.3306690739E-16 -1.6930901126E-15  1.3877787808E-15
HessDelSqRho_EigVals =  7.2234809058E+00  7.3611002023E+00  8.3166316735E+00
HessDelSqRho_EigVec1 =  3.9785533766E-01  9.1711721018E-01 -2.4640476409E-02
HessDelSqRho_EigVec2 =  7.6316162921E-01 -3.4573570412E-01 -5.4594061087E-01
HessDelSqRho_EigVec3 =  5.0921062243E-01 -1.9840071996E-01  8.3746145961E-01
</CP of DelSqRho>
<CP of DelSqRho>
CP# = 25      
Type = (3,+3)
Coords =  4.18971428106536E-01  2.54105399075574E+00  6.09258269040108E-03
DistFromNuc =  1.0347952964E+00
Rho =  2.2276344577E-01
DelSqRho = -5.8494570543E-01
GradDelSqRho =  1.8318679906E-15  1.8873791419E-14  2.7755575616E-17
HessDelSqRho_EigVals =  2.3861181143E+00  2.4813014461E+00  1.1782860755E+01
HessDelSqRho_EigVec1 =  9.4914024140E-01 -1.7836215227E-01 -2.5946048792E-01
HessDelSqRho_EigVec2 =  2.5652876163E-01 -3.9719436676E-02  9.6572012550E-01
HessDelSqRho_EigVec3 =  1.8255354449E-01  9.8316291071E-01 -8.0557063282E-03
</CP of DelSqRho>
<CP of DelSqRho>
CP# = 26      
Type = (3,+3)
Coords =  1.64679565252189E+00  3.66717733366868E+00 -3.52972719042411E-02
DistFromNuc =  1.0483376569E+00
Rho =  3.0146249964E-01
DelSqRho = -1.2139873120E+00
GradDelSqRho = -3.3833491564E-12 -3.2572555764E-13  1.1590728377E-13
HessDelSqRho_EigVals =  7.2431908908E+00  7.3870618313E+00  8.4207426325E+00
HessDelSqRho_EigVec1 =  5.1817143478E-02  9.9527439315E-01  8.2121044705E-02
HessDelSqRho_EigVec2 =  3.7490172699E-02 -8.4112209511E-02  9.9575078366E-01
HessDelSqRho_EigVec3 =  9.9795263945E-01 -4.8518229077E-02 -4.1671463311E-02
</CP of DelSqRho>
<CP of DelSqRho>
CP# = 27      
Type = (3,-1)
Coords =  1.35077640756528E+00  4.65667657847114E+00  8.32522371007754E-01
DistFromNuc =  1.5667210069E+00
Rho =  8.2150575689E-02
DelSqRho =  1.7655197168E-01
GradDelSqRho = -4.3898912283E-14 -8.1153833653E-14 -4.3732378829E-14
HessDelSqRho_EigVals = -1.6833796479E+00 -4.9453673566E-02  2.5240532929E-02
HessDelSqRho_EigVec1 =  4.4850010728E-01  7.6238188442E-01  4.6649921337E-01
HessDelSqRho_EigVec2 = -8.3240499927E-01  1.6621174979E-01  5.2865449154E-01
HessDelSqRho_EigVec3 =  3.2549895693E-01 -6.2541787353E-01  7.0915647956E-01
</CP of DelSqRho>
<CP of DelSqRho>
CP# = 28      
Type = (3,-1)
Coords = -2.62636762923113E-01  4.87294274729541E+00  1.65138702803260E-02
DistFromNuc =  1.5744222518E+00
Rho =  8.2751916301E-02
DelSqRho =  1.7626826963E-01
GradDelSqRho =  1.0930492622E-14 -1.2800416109E-14 -6.6266436782E-16
HessDelSqRho_EigVals = -1.6738575207E+00 -6.0852525901E-02  1.7288797990E-02
HessDelSqRho_EigVec1 = -4.9006492407E-01  8.7125421826E-01  2.7430956256E-02
HessDelSqRho_EigVec2 =  7.1339383694E-02  8.7241027192E-03  9.9741394735E-01
HessDelSqRho_EigVec3 =  8.6876179850E-01  4.9075449789E-01 -6.6430115708E-02
</CP of DelSqRho>
<CP of DelSqRho>
CP# = 29      
Type = (3,-1)
Coords =  1.89601291074912E+00  2.47812594990935E+00 -8.23768489407975E-02
DistFromNuc =  1.6860535514E+00
Rho =  8.3680821640E-02
DelSqRho =  1.5487117101E-01
GradDelSqRho = -2.4642451708E-14  4.1062639400E-14 -8.4401236000E-14
HessDelSqRho_EigVals = -1.2816643040E+00 -4.3650695807E-01  7.7008694320E-02
HessDelSqRho_EigVec1 = -4.9468253981E-01  8.6752905601E-01  5.1793066972E-02
HessDelSqRho_EigVec2 =  8.6759936886E-01  4.9643549650E-01 -2.8690293952E-02
HessDelSqRho_EigVec3 =  5.0601580546E-02 -3.0743044736E-02  9.9824563372E-01
</CP of DelSqRho>
<CP of DelSqRho>
CP# = 30      
Type = (3,-3)
Coords =  8.63567353363932E-01  4.99340620102354E+00 -2.82046519362241E-02
DistFromNuc =  1.4578241195E+00
Rho =  7.8031531957E-02
DelSqRho =  1.8600769057E-01
GradDelSqRho =  3.9551695252E-16  5.2735593670E-16  3.8163916471E-17
HessDelSqRho_EigVals = -1.6381446233E+00 -5.5403459089E-02 -5.2546375747E-02
HessDelSqRho_EigVec1 =  1.8129185263E-01  9.8337737153E-01 -1.0109863003E-02
HessDelSqRho_EigVec2 =  7.4009417065E-01 -1.4319634169E-01 -6.5708098915E-01
HessDelSqRho_EigVec3 =  6.4760627139E-01 -1.1164117918E-01  7.5375219029E-01
</CP of DelSqRho>
<CP of DelSqRho>
CP# = 31      
Type = (3,-3)
Coords = -8.96251384318467E-01  3.52819805713628E+00  4.53500074678754E-02
DistFromNuc =  1.5019011024E+00
Rho =  8.1037849910E-02
DelSqRho =  1.8857589569E-01
GradDelSqRho =  1.4336587473E-12  1.7683805809E-12  6.0837793137E-13
HessDelSqRho_EigVals = -1.7641401209E+00 -8.1189538643E-02 -4.8306013775E-02
HessDelSqRho_EigVec1 =  9.9694902756E-01  6.9956576242E-02 -3.4622447762E-02
HessDelSqRho_EigVec2 = -7.2358402679E-02  9.9464312366E-01 -7.3819496815E-02
HessDelSqRho_EigVec3 =  2.9272820333E-02  7.6099500581E-02  9.9667044102E-01
</CP of DelSqRho>
<CP of DelSqRho>
CP# = 32      
Type = (3,-1)
Coords =  1.28904679345050E+00  4.62712338567572E+00 -9.26433090595229E-01
DistFromNuc =  1.5708244525E+00
Rho =  8.2474908914E-02
DelSqRho =  1.7693909553E-01
GradDelSqRho =  7.5633943553E-16  5.0653925499E-15  6.9388939039E-16
HessDelSqRho_EigVals = -1.6822913707E+00 -5.8393477844E-02  2.1450235240E-02
HessDelSqRho_EigVec1 =  4.3322900478E-01  7.3526283042E-01 -5.2124965192E-01
HessDelSqRho_EigVec2 =  8.5252063749E-01 -1.4664949996E-01  5.0169959818E-01
HessDelSqRho_EigVec3 =  2.9244006577E-01 -6.6172690316E-01 -6.9035955383E-01
</CP of DelSqRho>
<CP of DelSqRho>
CP# = 33      
Type = (3,-1)
Coords = -2.98890987606718E-01  2.91220767225573E+00  1.26340115066178E+00
DistFromNuc =  1.6825435739E+00
Rho =  8.3472051146E-02
DelSqRho =  1.5257001943E-01
GradDelSqRho =  3.9485775760E-14  6.5677498162E-14 -5.9438565181E-14
HessDelSqRho_EigVals = -1.3036028022E+00 -4.2031320323E-01  7.5267408012E-02
HessDelSqRho_EigVec1 =  5.0919081677E-01  6.7395296858E-01 -5.3526825822E-01
HessDelSqRho_EigVec2 = -2.2502026919E-01  7.0454885837E-01  6.7303550027E-01
HessDelSqRho_EigVec3 =  8.3071691362E-01 -2.2225728855E-01  5.1040288706E-01
</CP of DelSqRho>
<CP of DelSqRho>
CP# = 34      
Type = (3,-1)
Coords = -3.72412422280843E-01  2.90318200647991E+00 -1.19317334326101E+00
DistFromNuc =  1.6758445645E+00
Rho =  8.3412745148E-02
DelSqRho =  1.5555729121E-01
GradDelSqRho = -2.2898349883E-16 -2.4980018054E-16  0.0000000000E+00
HessDelSqRho_EigVals = -1.3119369270E+00 -4.0866598541E-01  6.8499106692E-02
HessDelSqRho_EigVec1 =  5.4427679939E-01  6.5418845343E-01  5.2516686210E-01
HessDelSqRho_EigVec2 =  2.5729722596E-01 -7.2601921289E-01  6.3772583453E-01
HessDelSqRho_EigVec3 =  7.9847410926E-01 -2.1197539933E-01 -5.6347628781E-01
</CP of DelSqRho>
<CP of DelSqRho>
CP# = 35      
Type = (3,-3)
Coords =  1.16407259716584E+00  3.07570908941603E+00 -1.30165456258170E+00
DistFromNuc =  1.4969521462E+00
Rho =  8.0734599428E-02
DelSqRho =  1.9493716808E-01
GradDelSqRho =  3.0614399904E-14  5.6576271446E-14  3.5110803154E-15
HessDelSqRho_EigVals = -1.7832137873E+00 -1.0040874226E-01 -5.6152982613E-02
HessDelSqRho_EigVec1 = -3.8422462721E-01  3.6193134319E-01  8.4933923650E-01
HessDelSqRho_EigVec2 =  3.0975922306E-01  9.1716722796E-01 -2.5070600249E-01
HessDelSqRho_EigVec3 = -8.6972447337E-01  1.6676324167E-01 -4.6450980792E-01
</CP of DelSqRho>
<CP of DelSqRho>
CP# = 36      
Type = (3,-3)
Coords =  1.27912958873206E+00  3.08605148885483E+00  1.24901121006122E+00
DistFromNuc =  1.4962182576E+00
Rho =  8.0676479576E-02
DelSqRho =  1.9664923904E-01
GradDelSqRho = -1.7694179455E-16 -1.8474805019E-16 -3.2612801348E-16
HessDelSqRho_EigVals = -1.7964875396E+00 -9.9594712865E-02 -5.1517688564E-02
HessDelSqRho_EigVec1 =  4.4915340520E-01 -3.5841038871E-01  8.1841506087E-01
HessDelSqRho_EigVec2 = -3.7367478094E-01 -9.0740588193E-01 -1.9230632731E-01
HessDelSqRho_EigVec3 =  8.1155922562E-01 -2.1944602684E-01 -5.4149336525E-01
</CP of DelSqRho>
<CP of DelSqRho>
CP# = 37      
Type = (3,-1)
Coords =  9.98050625533228E-01  1.83602264537270E+00  1.19499786334662E+00
DistFromNuc =  2.1334390360E+00
Rho =  4.9791069662E-02
DelSqRho =  1.1794399451E-01
GradDelSqRho = -1.6886448836E-14 -3.3480163086E-15 -1.5645471030E-14
HessDelSqRho_EigVals = -4.0123355256E-01 -4.8471270228E-02  3.0282798719E-01
HessDelSqRho_EigVec1 =  5.1399293467E-01  1.7670271201E-01  8.3939705425E-01
HessDelSqRho_EigVec2 =  8.5594536337E-01 -1.6986929353E-01 -4.8836662257E-01
HessDelSqRho_EigVec3 =  5.6292077935E-02  9.6949501014E-01 -2.3855948374E-01
</CP of DelSqRho>
<Path of -GradDelSqRho>
Starting CP# =      2
Ending CP# =      0
Number of Points =     32
  1.1435227510E-01  4.0464088455E+00  1.0985740376E+00  2.8841023828E-01 -1.1254491522E+00
  1.0507879316E-01  4.0560089935E+00  1.1197126204E+00  2.8829571799E-01 -1.1285340399E+00
  9.5805098646E-02  4.0656024569E+00  1.1408541447E+00  2.8846790140E-01 -1.1388465791E+00
  8.6531819262E-02  4.0751908244E+00  1.1619981626E+00  2.8894737007E-01 -1.1580867337E+00
  7.7259386045E-02  4.0847753438E+00  1.1831442963E+00  2.8975324405E-01 -1.1880965705E+00
  6.7988079245E-02  4.0943569975E+00  1.2042922225E+00  2.9090243022E-01 -1.2308322909E+00
  5.8718059949E-02  4.1039365552E+00  1.2254416626E+00  2.9240879317E-01 -1.2883049233E+00
  4.9449389908E-02  4.1135146100E+00  1.2465923747E+00  2.9428227657E-01 -1.3624697724E+00
  4.0182040290E-02  4.1230916012E+00  1.2677441469E+00  2.9652803767E-01 -1.4550346751E+00
  3.0915888705E-02  4.1326678242E+00  1.2888967919E+00  2.9914571581E-01 -1.5671488585E+00
  2.1650702316E-02  4.1422434271E+00  1.3100501403E+00  3.0212904668E-01 -1.6989381756E+00
  1.2386102235E-02  4.1518183903E+00  1.3312040351E+00  3.0546616124E-01 -1.8488883531E+00
  3.1214998418E-03  4.1613924825E+00  1.3523583231E+00  3.0914105876E-01 -2.0131731625E+00
 -6.1440102639E-03  4.1709651806E+00  1.3735128445E+00  3.1313686840E-01 -2.1852033477E+00
 -1.5411810367E-02  4.1805355442E+00  1.3946674189E+00  3.1744151133E-01 -2.3559292439E+00
 -2.4683884574E-02  4.1901021079E+00  1.4158218391E+00  3.2205608831E-01 -2.5156917050E+00
 -3.3962249810E-02  4.1996632950E+00  1.4369759317E+00  3.2700556475E-01 -2.6585111660E+00
 -4.3245290864E-02  4.2092202506E+00  1.4581298852E+00  3.3234999771E-01 -2.7893860451E+00
 -5.2521155327E-02  4.2187821484E+00  1.4792847526E+00  3.3819275717E-01 -2.9342260435E+00
 -6.1776150656E-02  4.2283599249E+00  1.5004415762E+00  3.4468037515E-01 -3.1504765684E+00
 -7.1011086861E-02  4.2379532936E+00  1.5216001016E+00  3.5198756415E-01 -3.5346556129E+00
 -8.0233506821E-02  4.2475565195E+00  1.5427596151E+00  3.6028166825E-01 -4.2215897179E+00
 -8.9448889582E-02  4.2571653545E+00  1.5639196483E+00  3.6966426404E-01 -5.3698375188E+00
 -9.8660185791E-02  4.2667774898E+00  1.5850799620E+00  3.8009404002E-01 -7.1292799257E+00
 -1.0786893142E-01  4.2763917165E+00  1.6062404357E+00  3.9130399813E-01 -9.5908902898E+00
 -1.1707595363E-01  4.2860073828E+00  1.6274010053E+00  4.0273566424E-01 -1.2726141698E+01
 -1.2628172101E-01  4.2956241229E+00  1.6485616328E+00  4.1351972451E-01 -1.6334035610E+01
 -1.3548651785E-01  4.3052417244E+00  1.6697222910E+00  4.2253097318E-01 -2.0023195718E+01
 -1.4469054205E-01  4.3148600610E+00  1.6908829512E+00  4.2853059344E-01 -2.3256002071E+01
 -1.5389399279E-01  4.3244790551E+00  1.7120435620E+00  4.3038023848E-01 -2.5462938412E+01
 -1.6310108254E-01  4.3340984351E+00  1.7332024073E+00  4.2727881040E-01 -2.6200474732E+01
 -1.6263730676E-01  4.3336176439E+00  1.7321458791E+00  4.2755813888E-01 -2.6202526874E+01
</Path of -GradDelSqRho>
<Path of -GradDelSqRho>
Starting CP# =      2
Ending CP# =     23
Number of Points =     10
  1.1435227510E-01  4.0464088455E+00  1.0985740376E+00  2.8841023828E-01 -1.1254491522E+00
  1.2362470109E-01  4.0368002312E+00  1.0774388386E+00  2.8879008472E-01 -1.1280427241E+00
  1.3289482252E-01  4.0271803155E+00  1.0563077701E+00  2.8941366957E-01 -1.1349126636E+00
  1.4216090148E-01  4.0175455765E+00  1.0351816830E+00  2.9025970559E-01 -1.1447919923E+00
  1.5142045796E-01  4.0078911661E+00  1.0140617180E+00  2.9130766099E-01 -1.1565309612E+00
  1.6066984323E-01  3.9982101046E+00  9.9294949829E-01  2.9253817366E-01 -1.1690747525E+00
  1.6990340402E-01  3.9884916948E+00  9.7184751600E-01  2.9393344454E-01 -1.1814375761E+00
  1.7911161994E-01  3.9787179953E+00  9.5076000642E-01  2.9547763147E-01 -1.1926732828E+00
  1.8827607420E-01  3.9688543697E+00  9.2969534026E-01  2.9715726489E-01 -1.2018417260E+00
  2.0536592247E-01  3.9488732379E+00  8.8944870480E-01  3.0073091424E-01 -1.2100145501E+00
</Path of -GradDelSqRho>
<Path of -GradDelSqRho>
Starting CP# =      3
Ending CP# =      0
Number of Points =     31
  1.8954895828E+00  3.6987897092E+00 -4.3164431994E-02  2.8855124104E-01 -1.1269184245E+00
  1.9203060137E+00  3.7017080569E+00 -4.3956897176E-02  2.8840227690E-01 -1.1300238111E+00
  1.9451232226E+00  3.7046199632E+00 -4.4748693230E-02  2.8854029814E-01 -1.1403960274E+00
  1.9699410269E+00  3.7075269800E+00 -4.5539793647E-02  2.8898575902E-01 -1.1597316288E+00
  1.9947592833E+00  3.7104303249E+00 -4.6330198808E-02  2.8975762987E-01 -1.1898680153E+00
  2.0195778786E+00  3.7133309548E+00 -4.7119928967E-02  2.9087264644E-01 -1.2327548942E+00
  2.0443967241E+00  3.7162296170E+00 -4.7909019460E-02  2.9234448274E-01 -1.2903941601E+00
  2.0692157514E+00  3.7191268839E+00 -4.8697517973E-02  2.9418287563E-01 -1.3647281492E+00
  2.0940349096E+00  3.7220231734E+00 -4.9485483965E-02  2.9639276484E-01 -1.4574462011E+00
  2.1188541649E+00  3.7249187559E+00 -5.0272990501E-02  2.9897357066E-01 -1.5696713675E+00
  2.1436735010E+00  3.7278137466E+00 -5.1060129087E-02  3.0191882258E-01 -1.7014935576E+00
  2.1684929218E+00  3.7307080785E+00 -5.1847018652E-02  3.0521648025E-01 -1.8513521778E+00
  2.1933124574E+00  3.7336014488E+00 -5.2633820883E-02  3.0885043762E-01 -2.0153679661E+00
  2.2181321747E+00  3.7364932222E+00 -5.3420765376E-02  3.1280382442E-01 -2.1869040331E+00
  2.2429521928E+00  3.7393822821E+00 -5.4208186500E-02  3.1706471200E-01 -2.3568935517E+00
  2.2677726971E+00  3.7422669049E+00 -5.4996550007E-02  3.2163453581E-01 -2.5157307301E+00
  2.2925938846E+00  3.7451452593E+00 -5.5786311838E-02  3.2653878447E-01 -2.6576099487E+00
  2.3174156026E+00  3.7480187666E+00 -5.6577051621E-02  3.3183816948E-01 -2.7878679434E+00
  2.3422366904E+00  3.7508982023E+00 -5.7365994301E-02  3.3763669463E-01 -2.9329259740E+00
  2.3670557878E+00  3.7537960575E+00 -5.8150086775E-02  3.4408123578E-01 -3.1508533077E+00
  2.3918729347E+00  3.7567117934E+00 -5.8929628393E-02  3.5134619343E-01 -3.5387463908E+00
  2.4166888425E+00  3.7596388058E+00 -5.9706362584E-02  3.5959755784E-01 -4.2317079331E+00
  2.4415040399E+00  3.7625722498E+00 -6.0481527429E-02  3.6893422234E-01 -5.3879480563E+00
  2.4663188164E+00  3.7655094922E+00 -6.1255784761E-02  3.7931083467E-01 -7.1560652386E+00
  2.4911333243E+00  3.7684491511E+00 -6.2029478009E-02  3.9045540673E-01 -9.6246527875E+00
  2.5159476463E+00  3.7713904786E+00 -6.2802791943E-02  4.0180448783E-01 -1.2761871334E+01
  2.5407618292E+00  3.7743330522E+00 -6.3575831673E-02  4.1248528381E-01 -1.6363150057E+01
  2.5655759004E+00  3.7772766220E+00 -6.4348662385E-02  4.2137232391E-01 -2.0034486843E+01
  2.5903898770E+00  3.7802210309E+00 -6.5121332842E-02  4.2723113854E-01 -2.3238013962E+01
  2.6152037715E+00  3.7831661595E+00 -6.5893900424E-02  4.2893272255E-01 -2.5407329347E+01
  2.6375362257E+00  3.7858171772E+00 -6.6589308828E-02  4.2624817217E-01 -2.6108940989E+01
</Path of -GradDelSqRho>
<Path of -GradDelSqRho>
Starting CP# =      3
Ending CP# =     26
Number of Points =     11
  1.8954895828E+00  3.6987897092E+00 -4.3164431994E-02  2.8855124104E-01 -1.1269184245E+00
  1.8706741348E+00  3.6958631769E+00 -4.2371374211E-02  2.8896591734E-01 -1.1295332521E+00
  1.8458599972E+00  3.6929256897E+00 -4.1577817596E-02  2.8962479885E-01 -1.1364682941E+00
  1.8210475787E+00  3.6899738048E+00 -4.0783942102E-02  2.9050665524E-01 -1.1464584871E+00
  1.7962374453E+00  3.6870027885E+00 -3.9990026744E-02  2.9159098714E-01 -1.1583561070E+00
  1.7714304188E+00  3.6840058438E+00 -3.9196500909E-02  2.9285843925E-01 -1.1711087556E+00
  1.7466277718E+00  3.6809726024E+00 -3.8404042114E-02  2.9429119218E-01 -1.1837337601E+00
  1.7218316650E+00  3.6778858208E+00 -3.7613789283E-02  2.9587335430E-01 -1.1952891279E+00
  1.6970463309E+00  3.6747127259E+00 -3.6827904261E-02  2.9759137635E-01 -1.2048403169E+00
  1.6722825568E+00  3.6713738805E+00 -3.6051611321E-02  2.9943449964E-01 -1.2114208892E+00
  1.6467956525E+00  3.6671773337E+00 -3.5297271904E-02  3.0146249964E-01 -1.2139873120E+00
</Path of -GradDelSqRho>
<Path of -GradDelSqRho>
Starting CP# =      4
Ending CP# =     24
Number of Points =     10
  3.6359744318E-02  4.0523592591E+00 -1.0569907835E+00  2.8869321669E-01 -1.1264619542E+00
  4.7150101956E-02  4.0425960022E+00 -1.0366623062E+00  2.8904510365E-01 -1.1290455897E+00
  5.7937540102E-02  4.0328218443E+00 -1.0163375184E+00  2.8964070095E-01 -1.1358840647E+00
  6.8720287258E-02  4.0230330354E+00 -9.9601729312E-01  2.9045865777E-01 -1.1457082221E+00
  7.9495827225E-02  4.0132243727E+00 -9.7570281996E-01  2.9147839412E-01 -1.1573663900E+00
  9.0260462347E-02  4.0033883191E+00 -9.5539581199E-01  2.9268051545E-01 -1.1698019006E+00
  1.0100845134E-01  3.9935132607E+00 -9.3509892242E-01  2.9404720632E-01 -1.1820270040E+00
  1.1173007002E-01  3.9835796045E+00 -9.1481669357E-01  2.9556262417E-01 -1.1930932876E+00
  1.2240629870E-01  3.9735491784E+00 -8.9455819033E-01  2.9721331269E-01 -1.2020578242E+00
  1.4179431207E-01  3.9538063810E+00 -8.5704633414E-01  3.0061747703E-01 -1.2097369611E+00
</Path of -GradDelSqRho>
<Path of -GradDelSqRho>
Starting CP# =      4
Ending CP# =      0
Number of Points =     32
  3.6359744318E-02  4.0523592591E+00 -1.0569907835E+00  2.8869321669E-01 -1.1264619542E+00
  2.5567765060E-02  4.0621145766E+00 -1.0773222113E+00  2.8860670637E-01 -1.1295378741E+00
  1.4775029291E-02  4.0718638336E+00 -1.0976561446E+00  2.8880704318E-01 -1.1398258142E+00
  3.9822034126E-03  4.0816086607E+00 -1.1179921533E+00  2.8931491538E-01 -1.1590298864E+00
 -6.8102413485E-03  4.0913503158E+00 -1.1383298841E+00  2.9014956243E-01 -1.1889974485E+00
 -1.7601983722E-02  4.1010897679E+00 -1.1586690426E+00  2.9132802174E-01 -1.2316914769E+00
 -2.8392821265E-02  4.1108277552E+00 -1.1790093825E+00  2.9286429734E-01 -1.2891317284E+00
 -3.9182650623E-02  4.1205648239E+00 -1.1993506970E+00  2.9476847785E-01 -1.3632848535E+00
 -4.9971458342E-02  4.1303013514E+00 -1.2196928125E+00  2.9704586613E-01 -1.4558735573E+00
 -6.0759322710E-02  4.1400375529E+00 -1.2400355842E+00  2.9969624055E-01 -1.5680665272E+00
 -7.1546428598E-02  4.1497734716E+00 -1.2603788935E+00  3.0271345876E-01 -1.7000145159E+00
 -8.2333099687E-02  4.1595089456E+00 -1.2807226462E+00  3.0608574181E-01 -1.8502332465E+00
 -9.3119856691E-02  4.1692435425E+00 -1.3010667730E+00  3.0979712761E-01 -2.0149282679E+00
 -1.0390751575E-01  4.1789764445E+00 -1.3214112324E+00  3.1383070896E-01 -2.1875350675E+00
 -1.1469733667E-01  4.1887062696E+00 -1.3417560172E+00  3.1817427252E-01 -2.3590049198E+00
 -1.2549114331E-01  4.1984309154E+00 -1.3621011639E+00  3.2282867248E-01 -2.5196306349E+00
 -1.3629082365E-01  4.2081481172E+00 -1.3824467503E+00  3.2781852564E-01 -2.6633064393E+00
 -1.4709501181E-01  4.2178593526E+00 -1.4027927923E+00  3.3320349091E-01 -2.7948050063E+00
 -1.5789290972E-01  4.2275773345E+00 -1.4231389514E+00  3.3908660418E-01 -2.9397162958E+00
 -1.6867166106E-01  4.2373175719E+00 -1.4434846193E+00  3.4561431150E-01 -3.1551259430E+00
 -1.7943173678E-01  4.2470798715E+00 -1.4638295998E+00  3.5296172000E-01 -3.5372684726E+00
 -1.9018008611E-01  4.2568561533E+00 -1.4841740655E+00  3.6129727122E-01 -4.2209373558E+00
 -2.0092182862E-01  4.2666403754E+00 -1.5045182037E+00  3.7072447117E-01 -5.3651109050E+00
 -2.1165973309E-01  4.2764292461E+00 -1.5248621320E+00  3.8120470015E-01 -7.1207152375E+00
 -2.2239524318E-01  4.2862210404E+00 -1.5452059169E+00  3.9247404152E-01 -9.5804488216E+00
 -2.3312913708E-01  4.2960148255E+00 -1.5655495964E+00  4.0397676126E-01 -1.2718010893E+01
 -2.4386185582E-01  4.3058100730E+00 -1.5858931918E+00  4.1484491153E-01 -1.6334616531E+01
 -2.5459366660E-01  4.3156064666E+00 -1.6062367144E+00  4.2395216622E-01 -2.0040251623E+01
 -2.6532475393E-01  4.3254037980E+00 -1.6265801669E+00  4.3005530357E-01 -2.3296877359E+01
 -2.7605529920E-01  4.3352018868E+00 -1.6469235407E+00  4.3200825898E-01 -2.5532222142E+01
 -2.8678595722E-01  4.3450001876E+00 -1.6672667527E+00  4.2899993362E-01 -2.6297961940E+01
 -2.8624934005E-01  4.3445103327E+00 -1.6662496077E+00  4.2927501890E-01 -2.6298695688E+01
</Path of -GradDelSqRho>
<Path of -GradDelSqRho>
Starting CP# =      8
Ending CP# =     26
Number of Points =     52
  7.9619742388E-01  3.4449931873E+00 -2.2550551899E-02  9.2308557859E+00  2.7964262415E+02
  8.1760286737E-01  3.4323250428E+00 -2.5065517329E-02  6.9858546543E+00  2.6748844469E+02
  8.3901834477E-01  3.4196737138E+00 -2.7579714325E-02  5.3021970474E+00  2.4301859995E+02
  8.6043791834E-01  3.4070291945E+00 -3.0093277318E-02  4.0391638035E+00  2.1221152444E+02
  8.8185959802E-01  3.3943881296E+00 -3.2606266933E-02  3.0934191965E+00  1.7815252330E+02
  9.0328467602E-01  3.3817526854E+00 -3.5118552075E-02  2.3866775889E+00  1.4457414661E+02
  9.2471561963E-01  3.3691269972E+00 -3.7629853560E-02  1.8590327619E+00  1.1450134674E+02
  9.4615543393E-01  3.3565161012E+00 -4.0139759830E-02  1.4649703630E+00  8.9375937641E+01
  9.6760758574E-01  3.3439258166E+00 -4.2647717466E-02  1.1703490786E+00  6.9274884046E+01
  9.8907593178E-01  3.3313626382E+00 -4.5153024347E-02  9.4981032185E-01  5.3535792948E+01
  1.0105645623E+00  3.3188334902E+00 -4.7654833546E-02  7.8458453951E-01  4.1283813201E+01
  1.0320776973E+00  3.3063455685E+00 -5.0152152154E-02  6.6074325794E-01  3.1720213665E+01
  1.0536198244E+00  3.2939065931E+00 -5.2643804835E-02  5.6788672802E-01  2.4220065087E+01
  1.0751961433E+00  3.2815255957E+00 -5.5128339868E-02  4.9819898465E-01  1.8326362196E+01
  1.0968132404E+00  3.2692141303E+00 -5.7603874613E-02  4.4578033812E-01  1.3707416027E+01
  1.1184798913E+00  3.2569877699E+00 -6.0067884209E-02  4.0617394981E-01  1.0113630302E+01
  1.1402079715E+00  3.2448679054E+00 -6.2516926677E-02  3.7602250419E-01  7.3468334918E+00
  1.1620135359E+00  3.2328840431E+00 -6.4946280288E-02  3.5281160242E-01  5.2428244276E+00
  1.1839181569E+00  3.2210769333E+00 -6.7349452711E-02  3.3467286608E-01  3.6630875903E+00
  1.2059505934E+00  3.2095029872E+00 -6.9717504579E-02  3.2023062666E-01  2.4912794016E+00
  1.2281487977E+00  3.1982406356E+00 -7.2038106574E-02  3.0848242236E-01  1.6314141017E+00
  1.2505621216E+00  3.1873996212E+00 -7.4294209067E-02  2.9870689154E-01  1.0061709111E+00
  1.2732532522E+00  3.1771348258E+00 -7.6462130413E-02  2.9039443673E-01  5.5480375423E-01
  1.2962986341E+00  3.1676672924E+00 -7.8508739035E-02  2.8319721121E-01  2.3069062579E-01
  1.3197841961E+00  3.1593167011E+00 -8.0387201445E-02  2.7689614695E-01 -1.2482708764E-03
  1.3437882736E+00  3.1525507711E+00 -8.2030617142E-02  2.7138410735E-01 -1.6703949318E-01
  1.3683320786E+00  3.1480518711E+00 -8.3343575480E-02  2.6666491405E-01 -2.8590693024E-01
  1.3932602388E+00  3.1467658065E+00 -8.4196458829E-02  2.6286250843E-01 -3.7220931367E-01
  1.4180358427E+00  3.1497856445E+00 -8.4442532699E-02  2.6020679471E-01 -4.3697558992E-01
  1.4416476645E+00  3.1578363386E+00 -8.3989702010E-02  2.5891830604E-01 -4.8880706077E-01
  1.4630479418E+00  3.1706319703E+00 -8.2889046762E-02  2.5900426261E-01 -5.3399150788E-01
  1.4818115392E+00  3.1870370402E+00 -8.1310347797E-02  2.6021484916E-01 -5.7642517063E-01
  1.4981501263E+00  3.2058466910E+00 -7.9430418354E-02  2.6221752957E-01 -6.1809054039E-01
  1.5125092677E+00  3.2261986991E+00 -7.7374142821E-02  2.6473586285E-01 -6.5982483032E-01
