 AIMInt (Version 19.10.12, Professional)
 Portions Copyright (c) 1997-2019 by Todd A. Keith
 AIMInt is a component of the AIMAll package ( http://aim.tkgristmill.com )

 TP:  64-bit Mac OS X

 AIMInt is a heavily modified and extended version of the PROAIMV program
 developed by members of R.F.W. Bader's research group

 Much of the Quantum Theory of Atoms in Molecules (QTAIM) is described in the book:
   "Atoms in Molecules - A Quantum Theory"
   R.F.W. Bader, Oxford University Press, Oxford, 1990

 For additional references see:  http://aim.tkgristmill.com/references.html

 Current Directory:  /Users/chemlab/Documents/SubstituentCoding/BCP Map Reference/BCPMapReference

 Inp File:  SubH_SeMeONH_wb97xd_aug-cc-pvtz_reor_atomicfiles/n8.inp
 Wfx File:  SubH_SeMeONH_wb97xd_aug-cc-pvtz_reor.wfx
 Out File:  SubH_SeMeONH_wb97xd_aug-cc-pvtz_reor_atomicfiles/n8.int

 Wfx Title:   single point on SubH_SeMeONH_wb97xd_aug-cc-pvtz reoriented by subproptools    
 Job Title:   single point on SubH_SeMeONH_wb97xd_aug-cc-pvtz reoriented by subproptools    
 
<Atom>
N8      
</Atom>
<Nuclei of Molecule>
     9
Se1       34.0           0.0000000000E+00   0.0000000000E+00   0.0000000000E+00
H2         1.0          -2.8490021280E+00   0.0000000000E+00   0.0000000000E+00
C3         6.0           6.0464810917E-01   3.5590364837E+00   0.0000000000E+00
H4         1.0          -1.6459136600E-01   4.3357233695E+00   1.7367284173E+00
H5         1.0           2.6436021263E+00   3.7865689577E+00  -6.6768804988E-02
H6         1.0          -2.8869723950E-01   4.3468141721E+00  -1.6709532870E+00
O7         8.0           7.4894192687E-01  -1.2158463870E+00  -2.6941145057E+00
N8         7.0           1.2341593450E+00  -9.0847544089E-01   2.7920363340E+00
H9         1.0           1.1670117066E+00  -2.8285212763E+00   2.8909294815E+00
</Nuclei of Molecule>
<Total Number of CPs of DelSqRho>
    25
</Total Number of CPs of DelSqRho>
<Number of (3,+3) CPs of DelSqRho>
     4
</Number of (3,+3) CPs of DelSqRho>
<Number of (3,+1) CPs of DelSqRho>
     9
</Number of (3,+1) CPs of DelSqRho>
<Number of (3,-1) CPs of DelSqRho>
     8
</Number of (3,-1) CPs of DelSqRho>
<Number of (3,-3) CPs of DelSqRho>
     4
</Number of (3,-3) CPs of DelSqRho>
<Number of Degenerate CPs of DelSqRho>
     0
</Number of Degenerate CPs of DelSqRho>
<CP of DelSqRho>
CP# = 1       
Type = (3,+3)
Coords =  1.23415905064163E+00 -9.08475783387715E-01  2.79203578229867E+00
DistFromNuc =  7.1293590261E-07
Rho =  1.9650396144E+02
DelSqRho = -1.6619508253E+06
GradDelSqRho = -2.5564950192E-06  1.7910742827E-06  6.8176127570E-06
HessDelSqRho_EigVals =  4.9318200662E+10  4.9318202583E+10  4.9318209398E+10
HessDelSqRho_EigVec1 =  9.1124098499E-01 -3.5154117322E-02 -4.1037063163E-01
HessDelSqRho_EigVec2 =  3.2723840016E-01  6.6682684346E-01  6.6951997006E-01
HessDelSqRho_EigVec3 = -2.5010976936E-01  7.4438306595E-01 -6.1914372677E-01
</CP of DelSqRho>
<CP of DelSqRho>
CP# = 2       
Type = (3,+1)
Coords =  1.18796920788398E+00 -2.13179321213581E+00  2.85077737241767E+00
DistFromNuc =  1.2255979797E+00
Rho =  3.4940597593E-01
DelSqRho = -1.1626121897E+00
GradDelSqRho = -2.4910629115E-15  5.3512749787E-13 -5.6621374256E-14
HessDelSqRho_EigVals = -2.2304246754E+01  1.2481941186E+01  1.2857317579E+01
HessDelSqRho_EigVec1 =  3.5180333522E-02  9.9817169637E-01 -4.9148842197E-02
HessDelSqRho_EigVec2 =  9.1715856965E-01 -5.1781490159E-02 -3.9514406916E-01
HessDelSqRho_EigVec3 =  3.9696662611E-01  3.1175981668E-02  9.1730341541E-01
</CP of DelSqRho>
<CP of DelSqRho>
CP# = 3       
Type = (3,+1)
Coords =  1.14708074959913E+00 -1.04990379462148E+00  2.69209715151098E+00
DistFromNuc =  1.9383627422E-01
Rho =  1.4664895854E+01
DelSqRho =  6.1473071184E+02
GradDelSqRho = -1.2363443602E-11 -2.8421709430E-14  1.1425527191E-11
HessDelSqRho_EigVals = -1.5716442438E+05  6.9844655098E+01  1.0136808772E+03
HessDelSqRho_EigVec1 =  4.4930300833E-01  7.3141407845E-01  5.1299147415E-01
HessDelSqRho_EigVec2 = -8.5283068539E-01  1.8011957234E-01  4.9013953291E-01
HessDelSqRho_EigVec3 =  2.6609514984E-01 -6.5771603713E-01  7.0470063554E-01
</CP of DelSqRho>
<CP of DelSqRho>
CP# = 4       
Type = (3,-3)
Coords =  1.31707448821704E+00 -9.05447234549303E-01  2.96321009053335E+00
DistFromNuc =  1.9022235922E-01
Rho =  1.5062407943E+01
DelSqRho =  6.6010942429E+02
GradDelSqRho = -4.5830006457E-12 -1.5631940187E-13 -1.0118128557E-11
HessDelSqRho_EigVals = -1.8984439384E+05 -1.4383237648E+03 -8.8710132810E+02
HessDelSqRho_EigVec1 =  4.3611129916E-01  1.9788631979E-02  8.9967513292E-01
HessDelSqRho_EigVec2 =  8.9895141213E-01 -5.5296273126E-02 -4.3454422193E-01
HessDelSqRho_EigVec3 =  4.1149646188E-02  9.9827387636E-01 -4.1904348173E-02
</CP of DelSqRho>
<CP of DelSqRho>
CP# = 5       
Type = (3,-1)
Coords =  1.06175437839896E+00 -2.15586062461549E-01  2.34069787000544E+00
DistFromNuc =  8.4470442895E-01
Rho =  3.8426212737E-01
DelSqRho = -7.1341869716E-01
GradDelSqRho = -6.3837823916E-16  4.6629367034E-15 -4.9960036108E-15
HessDelSqRho_EigVals = -3.2818792546E+00 -2.4597618117E+00  5.2980606791E+01
HessDelSqRho_EigVec1 =  8.5936828245E-01 -1.0369812652E-01 -5.0073231738E-01
HessDelSqRho_EigVec2 =  4.8287812563E-01  4.8679429966E-01  7.2791484777E-01
HessDelSqRho_EigVec3 = -1.6827023178E-01  8.6733961536E-01 -4.6840913817E-01
</CP of DelSqRho>
<CP of DelSqRho>
CP# = 6       
Type = (3,+1)
Coords =  1.78193648654122E+00 -1.47942169247292E+00  2.64191912118702E+00
DistFromNuc =  8.0534129200E-01
Rho =  4.3320209655E-01
DelSqRho = -1.0851697793E+00
GradDelSqRho = -9.7699626167E-15  9.7699626167E-15  5.5511151231E-17
HessDelSqRho_EigVals = -5.6089305009E+00  3.4915751200E+00  6.9858520480E+01
HessDelSqRho_EigVec1 = -6.2830036996E-01 -7.4572509190E-01  2.2165904545E-01
HessDelSqRho_EigVec2 =  2.9461348264E-01  3.5627098790E-02  9.5495214837E-01
HessDelSqRho_EigVec3 =  7.2002884731E-01 -6.6530053145E-01 -1.9731614706E-01
</CP of DelSqRho>
<CP of DelSqRho>
CP# = 7       
Type = (3,-1)
Coords =  1.51775661265631E+00 -1.32489788733550E+00  3.45396117883252E+00
DistFromNuc =  8.3185309063E-01
Rho =  3.6851389342E-01
DelSqRho = -5.3906662552E-01
GradDelSqRho = -3.8857805862E-16 -2.2204460493E-15  5.5511151231E-16
HessDelSqRho_EigVals = -5.3370943110E+00 -2.7783480485E+00  5.6261079216E+01
HessDelSqRho_EigVec1 =  2.5321880805E-01  8.7364443790E-01  4.1548240802E-01
HessDelSqRho_EigVec2 = -9.0340765979E-01  5.9929158136E-02  4.2457401738E-01
HessDelSqRho_EigVec3 =  3.4602721783E-01 -4.8286011653E-01  8.0443226713E-01
</CP of DelSqRho>
<CP of DelSqRho>
CP# = 8       
Type = (3,-1)
Coords =  8.91667926593388E-01 -1.36536106657452E+00  2.12197800771456E+00
DistFromNuc =  8.8035391020E-01
Rho =  3.3567617703E-01
DelSqRho = -2.7453794354E-01
GradDelSqRho =  4.2743586448E-14  2.9976021665E-14  4.1966430331E-14
HessDelSqRho_EigVals = -4.9496572731E+00 -2.0426294997E+00  3.7294650446E+01
HessDelSqRho_EigVec1 =  1.8525443826E-01 -8.1861132088E-01  5.4365089758E-01
HessDelSqRho_EigVec2 =  9.0829142575E-01 -6.8522354934E-02 -4.1268798477E-01
HessDelSqRho_EigVec3 =  3.7508329609E-01  5.7024572967E-01  7.3084357341E-01
</CP of DelSqRho>
<CP of DelSqRho>
CP# = 9       
Type = (3,+1)
Coords =  1.48204558440940E+00 -3.45624859533964E-01  3.24969963120915E+00
DistFromNuc =  7.6661858722E-01
Rho =  4.8753757637E-01
DelSqRho = -1.6764471211E+00
GradDelSqRho =  8.4376949872E-15  7.9936057773E-15  9.7699626167E-15
HessDelSqRho_EigVals = -1.0929636306E+00  5.1835646795E+00  1.0141541909E+02
HessDelSqRho_EigVec1 =  9.0556961758E-01 -5.7476897381E-02 -4.2028570519E-01
HessDelSqRho_EigVec2 =  2.7640916416E-01 -6.7161100365E-01  6.8741300086E-01
HessDelSqRho_EigVec3 =  3.2177887079E-01  7.3867114878E-01  5.9230337857E-01
</CP of DelSqRho>
<CP of DelSqRho>
CP# = 10      
Type = (3,+3)
Coords =  8.13805853956369E-01 -5.12052272125033E-01  3.28924657749499E+00
DistFromNuc =  7.6227712310E-01
Rho =  5.0089302797E-01
DelSqRho = -1.8081591455E+00
GradDelSqRho = -4.9382720135E-13  1.5027978861E-12  1.6635581801E-12
HessDelSqRho_EigVals =  1.7655967371E+00  5.3559339196E+00  1.0413469911E+02
HessDelSqRho_EigVec1 =  8.2222518509E-01  4.7972093807E-01  3.0629000405E-01
HessDelSqRho_EigVec2 =  1.5753496837E-01 -7.0893342084E-01  6.8745628119E-01
HessDelSqRho_EigVec3 = -5.4692639244E-01  5.1699248195E-01  6.5847573597E-01
</CP of DelSqRho>
<CP of DelSqRho>
CP# = 11      
Type = (3,+1)
Coords =  7.14004787124728E-01 -1.41032548573059E+00  3.14766532958607E+00
DistFromNuc =  8.0553473796E-01
Rho =  4.3243988304E-01
DelSqRho = -1.0839063605E+00
GradDelSqRho = -1.7763568394E-15  8.8817841970E-16  1.3322676296E-15
HessDelSqRho_EigVals = -5.4616444796E+00  3.4903086654E+00  6.9671758303E+01
HessDelSqRho_EigVec1 = -4.8394555348E-01  8.1717186344E-01  3.1309239350E-01
HessDelSqRho_EigVec2 = -5.5871384882E-01 -1.3159174517E-02 -8.2925609510E-01
HessDelSqRho_EigVec3 =  6.7352471106E-01  5.7624385613E-01 -4.6293356097E-01
</CP of DelSqRho>
<CP of DelSqRho>
CP# = 12      
Type = (3,+1)
Coords =  8.66300454975590E-01 -5.47452544899718E-01  2.07323088264745E+00
DistFromNuc =  8.8449927712E-01
Rho =  3.7050397723E-01
DelSqRho = -8.1263925755E-01
GradDelSqRho = -6.9144689974E-13  6.1195493117E-13 -1.1477485629E-12
HessDelSqRho_EigVals = -8.9325214736E-01  2.4713634840E+00  3.8737569620E+01
HessDelSqRho_EigVec1 = -8.6068131100E-01  8.0725230840E-02  5.0270380743E-01
HessDelSqRho_EigVec2 =  3.0092647737E-01  8.7709097114E-01  3.7437238622E-01
HessDelSqRho_EigVec3 =  4.1069567335E-01 -4.7349220210E-01  7.7918816626E-01
</CP of DelSqRho>
<CP of DelSqRho>
CP# = 13      
Type = (3,+3)
Coords =  1.92573711133984E+00 -5.92460822580296E-01  2.75094931038091E+00
DistFromNuc =  7.6146778621E-01
Rho =  5.0273249839E-01
DelSqRho = -1.8167875360E+00
GradDelSqRho =  1.0658141036E-14  2.6645352591E-15  2.2204460493E-15
HessDelSqRho_EigVals =  1.7564212547E+00  5.3886112858E+00  1.0487978108E+02
HessDelSqRho_EigVec1 = -2.0261312175E-01  5.3922400394E-01  8.1742608012E-01
HessDelSqRho_EigVec2 = -3.6224738184E-01  7.3425494543E-01 -5.7414850820E-01
HessDelSqRho_EigVec3 =  9.0979379930E-01  4.1244047897E-01 -4.6562797004E-02
</CP of DelSqRho>
<CP of DelSqRho>
CP# = 14      
Type = (3,+3)
Coords =  1.20580239489482E+00 -1.76293979691539E+00  2.84385123873846E+00
DistFromNuc =  8.5650349485E-01
Rho =  4.5711892281E-01
DelSqRho = -1.8286404926E+00
GradDelSqRho = -2.8088642523E-13 -6.4281913126E-13  1.8807178037E-13
HessDelSqRho_EigVals =  9.0331649139E+00  1.2174796359E+01  4.4196171491E+01
HessDelSqRho_EigVec1 =  9.0547127646E-01 -5.6156045029E-02 -4.2067596331E-01
HessDelSqRho_EigVec2 =  4.2391678901E-01  7.2016351175E-02  9.0283342935E-01
HessDelSqRho_EigVec3 =  2.0404006807E-02  9.9582134129E-01 -8.9014227717E-02
</CP of DelSqRho>
<CP of DelSqRho>
CP# = 15      
Type = (3,-1)
Coords =  1.43437961779319E+00 -1.15463382373109E-01  3.92736521893616E+00
DistFromNuc =  1.3992597899E+00
Rho =  1.3142710940E-01
DelSqRho =  2.4518611786E-01
GradDelSqRho =  3.7470027081E-16  6.1062266354E-16  3.8857805862E-16
HessDelSqRho_EigVals = -4.4439296279E+00 -2.9820166839E-03  6.4139518548E-02
HessDelSqRho_EigVec1 =  1.4918946789E-01  5.5613280882E-01  8.1759329843E-01
HessDelSqRho_EigVec2 =  9.8466990812E-01 -7.9848063162E-03 -1.7424527225E-01
HessDelSqRho_EigVec3 = -9.0375188547E-02  8.3105507749E-01 -5.4879849077E-01
</CP of DelSqRho>
<CP of DelSqRho>
CP# = 16      
Type = (3,-1)
Coords =  2.41136205788865E+00 -2.53841921574306E-01  3.18387874068742E+00
DistFromNuc =  1.4028156485E+00
Rho =  1.3348962455E-01
DelSqRho =  2.4554578762E-01
GradDelSqRho =  5.5511151231E-17  1.3877787808E-16  7.6327832943E-16
HessDelSqRho_EigVals = -4.5519873084E+00 -1.1390194292E-02  5.6430506754E-02
HessDelSqRho_EigVec1 =  8.3932415540E-01  4.6066820927E-01  2.8865162936E-01
HessDelSqRho_EigVec2 = -3.6607356100E-01  8.6394846151E-02  9.2656682355E-01
HessDelSqRho_EigVec3 =  4.0190186627E-01 -8.8335764644E-01  2.4115173308E-01
</CP of DelSqRho>
<CP of DelSqRho>
CP# = 17      
Type = (3,-1)
Coords =  2.22543681233882E+00 -1.82255526796604E+00  2.45722220529552E+00
DistFromNuc =  1.3893428117E+00
Rho =  1.4333243953E-01
DelSqRho =  3.1416624860E-01
GradDelSqRho = -5.0087989312E-12  2.8085866965E-12  1.1467597705E-12
HessDelSqRho_EigVals = -4.9385198310E+00 -7.2882883575E-01  4.2640391811E-02
HessDelSqRho_EigVec1 =  7.7621967869E-01 -5.7165629012E-01 -2.6587985327E-01
HessDelSqRho_EigVec2 =  5.2773601841E-01  8.1986669389E-01 -2.2206597922E-01
HessDelSqRho_EigVec3 =  3.4493145011E-01  3.2057607895E-02  9.3808027615E-01
</CP of DelSqRho>
<CP of DelSqRho>
CP# = 18      
Type = (3,+1)
Coords =  1.98173687740180E+00 -1.59153295194158E-01  3.70632389667156E+00
DistFromNuc =  1.3986699369E+00
Rho =  1.3101698095E-01
DelSqRho =  2.4500448858E-01
GradDelSqRho =  6.6613381478E-16  1.0824674490E-15 -5.5511151231E-16
HessDelSqRho_EigVals = -4.4256289611E+00  2.9769816549E-03  6.9356408477E-02
HessDelSqRho_EigVec1 =  5.3502272934E-01  5.2411894543E-01  6.6260848933E-01
HessDelSqRho_EigVec2 =  8.2177592352E-01 -1.4085500068E-01 -5.5212697843E-01
HessDelSqRho_EigVec3 = -1.9604849047E-01  8.3991618619E-01 -5.0606895732E-01
</CP of DelSqRho>
<CP of DelSqRho>
CP# = 19      
Type = (3,-1)
Coords =  2.39196597806128E-01 -1.70107913658406E+00  3.35212428710517E+00
DistFromNuc =  1.3899172644E+00
Rho =  1.4352466796E-01
DelSqRho =  3.1135547656E-01
GradDelSqRho = -3.6082248300E-16  2.7755575616E-16 -8.6042284408E-16
HessDelSqRho_EigVals = -4.9225017468E+00 -7.0482353753E-01  3.6790025935E-02
HessDelSqRho_EigVec1 =  7.6678403034E-01  4.7887284788E-01 -4.2746116359E-01
HessDelSqRho_EigVec2 = -4.2707448108E-01  8.7773844915E-01  2.1721556689E-01
HessDelSqRho_EigVec3 =  4.7921773592E-01  1.6000326784E-02  8.7755019863E-01
</CP of DelSqRho>
<CP of DelSqRho>
CP# = 20      
Type = (3,-3)
Coords =  1.65914857814714E+00 -1.69412604342102E+00  3.79855968005455E+00
DistFromNuc =  1.3457161528E+00
Rho =  1.3814082211E-01
DelSqRho =  3.4853631605E-01
GradDelSqRho = -2.7755575616E-17  1.3877787808E-16  9.4368957093E-16
HessDelSqRho_EigVals = -4.9731872505E+00 -7.8734543328E-01 -1.0296303199E-01
HessDelSqRho_EigVec1 =  3.5531664390E-01 -4.5627054859E-01  8.1582306235E-01
HessDelSqRho_EigVec2 =  2.4125866500E-01  8.8796825903E-01  3.9154390242E-01
HessDelSqRho_EigVec3 =  9.0307493550E-01 -5.7702317557E-02 -4.2558912512E-01
</CP of DelSqRho>
<CP of DelSqRho>
CP# = 21      
Type = (3,-3)
Coords =  9.52678054044707E-01 -1.81142828399193E+00  1.80606128781445E+00
DistFromNuc =  1.3662731592E+00
Rho =  1.5586446578E-01
DelSqRho =  3.4660932126E-01
GradDelSqRho =  9.0503993189E-14  4.5441428398E-13  9.1915364209E-13
HessDelSqRho_EigVals = -4.5313152200E+00 -1.3586267902E+00 -6.6885186747E-02
HessDelSqRho_EigVec1 =  2.2937858038E-01  5.6578869976E-01  7.9200291293E-01
HessDelSqRho_EigVec2 = -1.2569267762E-01  8.2410346426E-01 -5.5231769027E-01
HessDelSqRho_EigVec3 =  9.6518745208E-01 -2.7140880909E-02 -2.6014717936E-01
</CP of DelSqRho>
<CP of DelSqRho>
CP# = 22      
Type = (3,-3)
Coords =  1.20807367568585E+00  4.20909293832901E-01  2.44119568818204E+00
DistFromNuc =  1.3751484988E+00
Rho =  1.4289704012E-01
DelSqRho =  3.0654617185E-01
GradDelSqRho =  1.7347234760E-17  2.7755575616E-17  3.6082248300E-16
HessDelSqRho_EigVals = -4.3956492341E+00 -2.8629483908E-01 -2.3818623540E-01
HessDelSqRho_EigVec1 = -3.1688655375E-04  9.7889065532E-01 -2.0438440379E-01
HessDelSqRho_EigVec2 =  3.7603556192E-01  1.8950031108E-01  9.0702088635E-01
HessDelSqRho_EigVec3 =  9.2660517793E-01 -7.6568381405E-02 -3.6815774773E-01
</CP of DelSqRho>
<CP of DelSqRho>
CP# = 23      
Type = (3,-1)
Coords =  8.88771924132531E-01  7.41529087283345E-01  1.66247145270737E+00
DistFromNuc =  2.0292176410E+00
Rho =  7.7272231850E-02
DelSqRho =  1.9064919602E-01
GradDelSqRho = -1.8561541193E-16  2.0469737017E-16 -2.8969882049E-16
HessDelSqRho_EigVals = -5.0347939888E-01 -1.5695344095E-01  3.8968008138E-01
HessDelSqRho_EigVec1 =  1.9490166481E-01  9.2269587152E-01  3.3263443859E-01
HessDelSqRho_EigVec2 =  9.0749249426E-01 -4.0976670603E-02 -4.1806492956E-01
HessDelSqRho_EigVec3 =  3.7211653271E-01 -3.8334480712E-01  8.4532599921E-01
</CP of DelSqRho>
<CP of DelSqRho>
CP# = 24      
Type = (3,+1)
Coords = -7.11782280829124E-01 -3.25085096466422E-01  2.15815591554469E+00
DistFromNuc =  2.1281065504E+00
Rho =  6.3440279022E-02
DelSqRho =  1.0471620309E-01
GradDelSqRho = -6.9388939039E-17 -3.1225022568E-17 -4.8572257327E-17
HessDelSqRho_EigVals = -3.5772805844E-01  2.5186021495E-02  1.9039596430E-01
HessDelSqRho_EigVec1 =  7.3325794943E-01 -8.5297713575E-02 -6.7457918709E-01
HessDelSqRho_EigVec2 =  2.7135862086E-01  9.4638016239E-01  1.7529713951E-01
HessDelSqRho_EigVec3 = -6.2345591542E-01  3.1159089893E-01 -7.1708704717E-01
</CP of DelSqRho>
<CP of DelSqRho>
CP# = 25      
Type = (3,+1)
Coords =  2.06411902521212E+00 -4.65033564540760E-01  7.82037437984586E-01
DistFromNuc =  2.2193623702E+00
Rho =  5.8786157971E-02
DelSqRho =  9.6931880295E-02
GradDelSqRho =  6.9388939039E-17  1.7780915629E-17 -9.7144514655E-17
HessDelSqRho_EigVals = -3.7069345800E-01  5.4938206956E-02  1.2616448115E-01
HessDelSqRho_EigVec1 =  9.7184741431E-01 -6.5474207468E-03 -2.3552013626E-01
HessDelSqRho_EigVec2 =  5.6401993047E-02  9.7701456813E-01  2.0557565234E-01
HessDelSqRho_EigVec3 =  2.2876061393E-01 -2.1307197126E-01  9.4987836936E-01
</CP of DelSqRho>
<Path of -GradDelSqRho>
Starting CP# =      2
Ending CP# =     14
Number of Points =     15
  1.1879692079E+00 -2.1317932121E+00  2.8507773724E+00  3.4940597593E-01 -1.1626121897E+00
  1.1888532167E+00 -2.1068387219E+00  2.8495559303E+00  3.5382702463E-01 -1.1693572366E+00
  1.1897469115E+00 -2.0818838008E+00  2.8483504471E+00  3.5877755365E-01 -1.1887075430E+00
  1.1906509970E+00 -2.0569284061E+00  2.8471626477E+00  3.6423777177E-01 -1.2193588726E+00
  1.1915663895E+00 -2.0319724813E+00  2.8459948193E+00  3.7018466069E-01 -1.2600094780E+00
  1.1924943087E+00 -2.0070159525E+00  2.8448500180E+00  3.7659231146E-01 -1.3093148832E+00
  1.1934364064E+00 -1.9820587249E+00  2.8437323637E+00  3.8343228831E-01 -1.3658335270E+00
  1.1943949567E+00 -1.9571006787E+00  2.8426474786E+00  3.9067406240E-01 -1.4279659719E+00
  1.1953731538E+00 -1.9321416646E+00  2.8416031916E+00  3.9828556238E-01 -1.4938899056E+00
  1.1963756212E+00 -1.9071815009E+00  2.8406107532E+00  4.0623389106E-01 -1.5614925219E+00
  1.1974093635E+00 -1.8822199774E+00  2.8396871300E+00  4.1448625534E-01 -1.6283005899E+00
  1.1984857633E+00 -1.8572568916E+00  2.8388598515E+00  4.2301114092E-01 -1.6914059617E+00
  1.1996254838E+00 -1.8322922351E+00  2.8381789589E+00  4.3177968583E-01 -1.7473795439E+00
  1.2008737533E+00 -1.8073272713E+00  2.8377544410E+00  4.4076675202E-01 -1.7921592807E+00
  1.2058023949E+00 -1.7629397969E+00  2.8438512387E+00  4.5711892281E-01 -1.8286404926E+00
</Path of -GradDelSqRho>
<Path of -GradDelSqRho>
Starting CP# =      2
Ending CP# =      0
Number of Points =     29
  1.1879692079E+00 -2.1317932121E+00  2.8507773724E+00  3.4940597593E-01 -1.1626121897E+00
  1.1870940385E+00 -2.1567473153E+00  2.8520130059E+00  3.4553062826E-01 -1.1698117504E+00
  1.1862275307E+00 -2.1817010421E+00  2.8532622716E+00  3.4221324328E-01 -1.1923453963E+00
  1.1853692456E+00 -2.2066544109E+00  2.8545242988E+00  3.3946169162E-01 -1.2316420749E+00
  1.1845187401E+00 -2.2316074379E+00  2.8557982958E+00  3.3727895734E-01 -1.2891204124E+00
  1.1836755166E+00 -2.2565601402E+00  2.8570834448E+00  3.3566261320E-01 -1.3660782592E+00
  1.1828389616E+00 -2.2815125403E+00  2.8583787794E+00  3.3460433140E-01 -1.4634905588E+00
  1.1820082630E+00 -2.3064646718E+00  2.8596830290E+00  3.3408956356E-01 -1.5816789834E+00
  1.1811822930E+00 -2.3314165867E+00  2.8609944077E+00  3.3409762305E-01 -1.7198275989E+00
  1.1803594359E+00 -2.3563683663E+00  2.8623103101E+00  3.3460253525E-01 -1.8753674159E+00
  1.1795373230E+00 -2.3813201366E+00  2.8636268546E+00  3.3557516566E-01 -2.0433660307E+00
  1.1787124282E+00 -2.4062720893E+00  2.8649381883E+00  3.3698723119E-01 -2.2162545621E+00
  1.1778795408E+00 -2.4312245044E+00  2.8662355846E+00  3.3881773169E-01 -2.3844821201E+00
  1.1770317249E+00 -2.4561777348E+00  2.8675073491E+00  3.4106193816E-01 -2.5389116759E+00
  1.1761642132E+00 -2.4811319858E+00  2.8687453590E+00  3.4374216956E-01 -2.6757692249E+00
  1.1752912916E+00 -2.5060865311E+00  2.8699736101E+00  3.4691817106E-01 -2.8044876081E+00
  1.1744614735E+00 -2.5310388563E+00  2.8712741068E+00  3.5069337527E-01 -2.9576922236E+00
  1.1737084183E+00 -2.5559865293E+00  2.8727040421E+00  3.5521167508E-01 -3.2009576364E+00
  1.1730166579E+00 -2.5809298470E+00  2.8742375523E+00  3.6063789930E-01 -3.6382244486E+00
  1.1723607327E+00 -2.6058703391E+00  2.8758317270E+00  3.6711709877E-01 -4.4076634328E+00
  1.1717248231E+00 -2.6308091589E+00  2.8774598602E+00  3.7471242533E-01 -5.6630086053E+00
  1.1711007222E+00 -2.6557469581E+00  2.8791080841E+00  3.8332787034E-01 -7.5374486807E+00
  1.1704841829E+00 -2.6806840891E+00  2.8807692172E+00  3.9263091324E-01 -1.0091815305E+01
  1.1698729187E+00 -2.7056207460E+00  2.8824393936E+00  4.0199897243E-01 -1.3256706626E+01
  1.1692656433E+00 -2.7305570392E+00  2.8841164429E+00  4.1051829789E-01 -1.6788364015E+01
  1.1686616010E+00 -2.7554930332E+00  2.8857991005E+00  4.1705938961E-01 -2.0265501185E+01
  1.1680603176E+00 -2.7804287667E+00  2.8874865985E+00  4.2043511127E-01 -2.3149888804E+01
  1.1674614198E+00 -2.8053642657E+00  2.8891784042E+00  4.1961798590E-01 -2.4910911577E+01
  1.1670729791E+00 -2.8215722351E+00  2.8902799231E+00  4.1651125270E-01 -2.5267429077E+01
</Path of -GradDelSqRho>
<Path of -GradDelSqRho>
Starting CP# =      3
Ending CP# =      1
Number of Points =      8
  1.1470807496E+00 -1.0499037946E+00  2.6920971515E+00  1.4664895854E+01  6.1473071184E+02
  1.1583129385E+00 -1.0316293097E+00  2.7049377514E+00  2.0377548151E+01  5.2690466750E+02
  1.1695444779E+00 -1.0133726290E+00  2.7178042229E+00  2.8448356217E+01 -3.7149676047E+01
  1.1807756815E+00 -9.9512501313E-01  2.7306838414E+00  3.9847980862E+01 -1.8013248341E+03
  1.1920067226E+00 -9.7688179785E-01  2.7435698340E+00  5.5868669817E+01 -5.5379871731E+03
  1.2032374408E+00 -9.5864711524E-01  2.7564681784E+00  7.8648857457E+01 -1.6288132375E+04
  1.2144678686E+00 -9.4041998983E-01  2.7693774536E+00  1.1089699605E+02 -4.7278422201E+04
  1.2341590506E+00 -9.0847578339E-01  2.7920357823E+00  1.9650396144E+02 -1.6619508253E+06
</Path of -GradDelSqRho>
<Path of -GradDelSqRho>
Starting CP# =      3
Ending CP# =     14
Number of Points =     50
  1.1470807496E+00 -1.0499037946E+00  2.6920971515E+00  1.4664895854E+01  6.1473071184E+02
  1.1358478470E+00 -1.0681988820E+00  2.6792865472E+00  1.0597110491E+01  5.8237101345E+02
  1.1246146063E+00 -1.0865055741E+00  2.6664928252E+00  7.6906633695E+00  5.1501461731E+02
  1.1133813836E+00 -1.1048152077E+00  2.6537032973E+00  5.6167434371E+00  4.2949625411E+02
  1.1021482120E+00 -1.1231287005E+00  2.6409192515E+00  4.1413202220E+00  3.4015463411E+02
  1.0909150637E+00 -1.1414504606E+00  2.6281470371E+00  3.0934556510E+00  2.5978954775E+02
  1.0796819889E+00 -1.1597858259E+00  2.6153942987E+00  2.3489196615E+00  1.9447535785E+02
  1.0684491869E+00 -1.1781407002E+00  2.6026694167E+00  1.8189524542E+00  1.4435563419E+02
  1.0572170739E+00 -1.1965212112E+00  2.5899809871E+00  1.4409419690E+00  1.0678971875E+02
  1.0459863382E+00 -1.2149332469E+00  2.5773371259E+00  1.1708412353E+00  7.8707437238E+01
  1.0347579816E+00 -1.2333824136E+00  2.5647453880E+00  9.7749416719E-01  5.7611394784E+01
  1.0235333902E+00 -1.2518747579E+00  2.5522137792E+00  8.3867982760E-01  4.1724123264E+01
  1.0123144987E+00 -1.2704180122E+00  2.5397525014E+00  7.3845616366E-01  2.9811276505E+01
  1.0011040937E+00 -1.2890229694E+00  2.5273758596E+00  6.6537744876E-01  2.0975359654E+01
  9.8990630190E-01 -1.3077048734E+00  2.5151041795E+00  6.1126369677E-01  1.4518804237E+01
  9.7872733381E-01 -1.3264849679E+00  2.5029659853E+00  5.7031771545E-01  9.8764465303E+00
  9.6757661369E-01 -1.3453923996E+00  2.4910008112E+00  5.3847283489E-01  6.5884883939E+00
  9.5646850359E-01 -1.3644666227E+00  2.4792630510E+00  5.1290600929E-01  4.2887735248E+00
  9.4542496992E-01 -1.3837604147E+00  2.4678273988E+00  4.9167689713E-01  2.6950572562E+00
  9.3447982968E-01 -1.4033436835E+00  2.4567969451E+00  4.7346543693E-01  1.5971711628E+00
  9.2368590181E-01 -1.4233085294E+00  2.4463163320E+00  4.5738663891E-01  8.4353519456E-01
  9.1312810857E-01 -1.4437764796E+00  2.4365954931E+00  4.4286639843E-01  3.2770786541E-01
  9.0294994215E-01 -1.4649085374E+00  2.4279564039E+00  4.2956888401E-01 -2.3647802484E-02
  8.9341185407E-01 -1.4869127523E+00  2.4209298060E+00  4.1737829745E-01 -2.6073215139E-01
  8.8502560834E-01 -1.5100090229E+00  2.4164510012E+00  4.0646351843E-01 -4.1852276113E-01
  8.7882042726E-01 -1.5341616968E+00  2.4161446623E+00  3.9747953809E-01 -5.2310378967E-01
  8.7641878575E-01 -1.5582303958E+00  2.4219925262E+00  3.9167853387E-01 -5.9644841794E-01
  8.7866109968E-01 -1.5799124074E+00  2.4340401845E+00  3.8979773603E-01 -6.5679306813E-01
  8.8446542230E-01 -1.5983104655E+00  2.4498791991E+00  3.9090959123E-01 -7.1470017400E-01
  8.9243676985E-01 -1.6141580492E+00  2.4674750499E+00  3.9371864260E-01 -7.7395725601E-01
  9.0176165850E-01 -1.6282854570E+00  2.4858645704E+00  3.9742716566E-01 -8.3549406347E-01
  9.1203078528E-01 -1.6412163284E+00  2.5046313189E+00  4.0161425683E-01 -8.9933464744E-01
  9.2303094809E-01 -1.6532469714E+00  2.5235830809E+00  4.0604878358E-01 -9.6519059836E-01
  9.3464292752E-01 -1.6645428714E+00  2.5426224878E+00  4.1059191322E-01 -1.0326328926E+00
  9.4679514999E-01 -1.6751966602E+00  2.5616951720E+00  4.1515138529E-01 -1.1011481593E+00
  9.5944188464E-01 -1.6852596962E+00  2.5807673797E+00  4.1965957972E-01 -1.1701620162E+00
  9.7255245319E-01 -1.6947591503E+00  2.5998154942E+00  4.2406259363E-01 -1.2390527549E+00
  9.8610566698E-01 -1.7037073467E+00  2.6188207374E+00  4.2831466008E-01 -1.3071624525E+00
  1.0000869012E+00 -1.7121068936E+00  2.6377662478E+00  4.3237530116E-01 -1.3738077750E+00
  1.0144865933E+00 -1.7199534420E+00  2.6566352655E+00  4.3620795861E-01 -1.4382911768E+00
  1.0292995828E+00 -1.7272370396E+00  2.6754097845E+00  4.3977947162E-01 -1.4999126603E+00
  1.0445250278E+00 -1.7339425927E+00  2.6940692910E+00  4.4306007770E-01 -1.5579820624E+00
  1.0601668146E+00 -1.7400497054E+00  2.7125892825E+00  4.4602376884E-01 -1.6118317675E+00
  1.0762345281E+00 -1.7455320485E+00  2.7309392125E+00  4.4864892011E-01 -1.6608297325E+00
  1.0927452381E+00 -1.7503563614E+00  2.7490792959E+00  4.5091915466E-01 -1.7043927166E+00
  1.1097267221E+00 -1.7544812371E+00  2.7669550858E+00  4.5282443289E-01 -1.7419996322E+00
  1.1272236195E+00 -1.7578560505E+00  2.7844873744E+00  4.5436235153E-01 -1.7732050010E+00
  1.1453105273E+00 -1.7604210476E+00  2.8015509518E+00  4.5553958198E-01 -1.7976527081E+00
  1.1641249880E+00 -1.7621118508E+00  2.8179207175E+00  4.5637316838E-01 -1.8150910841E+00
  1.2058023949E+00 -1.7629397969E+00  2.8438512387E+00  4.5711892281E-01 -1.8286404926E+00
</Path of -GradDelSqRho>
<Path of -GradDelSqRho>
Starting CP# =      6
Ending CP# =     14
Number of Points =     28
  1.7819364865E+00 -1.4794216925E+00  2.6419191212E+00  4.3320209655E-01 -1.0851697793E+00
  1.7663744207E+00 -1.4973492940E+00  2.6474057766E+00  4.3287088352E-01 -1.0868560322E+00
  1.7498939102E+00 -1.5152285998E+00  2.6532088846E+00  4.3274299936E-01 -1.0921705638E+00
  1.7329131068E+00 -1.5325768150E+00  2.6591792874E+00  4.3282572788E-01 -1.1012110858E+00
  1.7154524519E+00 -1.5493849686E+00  2.6653084446E+00  4.3311286276E-01 -1.1140351715E+00
  1.6975323499E+00 -1.5656451028E+00  2.6715881031E+00  4.3359606664E-01 -1.1306556850E+00
  1.6791729997E+00 -1.5813500826E+00  2.6780103320E+00  4.3426489052E-01 -1.1510354683E+00
  1.6603942502E+00 -1.5964933833E+00  2.6845675505E+00  4.3510680760E-01 -1.1750826717E+00
  1.6412154832E+00 -1.6110688629E+00  2.6912525520E+00  4.3610726316E-01 -1.2026469866E+00
  1.6216555240E+00 -1.6250705217E+00  2.6980585224E+00  4.3724974274E-01 -1.2335170236E+00
  1.6017325802E+00 -1.6384922521E+00  2.7049790533E+00  4.3851586152E-01 -1.2674190454E+00
  1.5814642087E+00 -1.6513275781E+00  2.7120081532E+00  4.3988547890E-01 -1.3040172190E+00
  1.5608673081E+00 -1.6635693826E+00  2.7191402554E+00  4.4133684279E-01 -1.3429154886E+00
  1.5399581357E+00 -1.6752096158E+00  2.7263702277E+00  4.4284676992E-01 -1.3836611082E+00
  1.5187523469E+00 -1.6862389732E+00  2.7336933846E+00  4.4439086945E-01 -1.4257498005E+00
  1.4972650573E+00 -1.6966465263E+00  2.7411055082E+00  4.4594381909E-01 -1.4686324511E+00
  1.4755109266E+00 -1.7064192817E+00  2.7486028808E+00  4.4747970500E-01 -1.5117231901E+00
  1.4535042729E+00 -1.7155416358E+00  2.7561823388E+00  4.4897243896E-01 -1.5544086834E+00
  1.4312592276E+00 -1.7239946828E+00  2.7638413566E+00  4.5039626894E-01 -1.5960584420E+00
  1.4087899553E+00 -1.7317553248E+00  2.7715781808E+00  4.5172640252E-01 -1.6360359602E+00
  1.3861109828E+00 -1.7387951213E+00  2.7793920415E+00  4.5293976560E-01 -1.6737105205E+00
  1.3632377100E+00 -1.7450788140E+00  2.7872834996E+00  4.5401592234E-01 -1.7084695307E+00
  1.3401872309E+00 -1.7505624711E+00  2.7952550365E+00  4.5493818261E-01 -1.7397312853E+00
  1.3169796876E+00 -1.7551912391E+00  2.8033121265E+00  4.5569491538E-01 -1.7669580500E+00
  1.2936405643E+00 -1.7588968231E+00  2.8114653458E+00  4.5628105204E-01 -1.7896693301E+00
  1.2702047470E+00 -1.7615951395E+00  2.8197349994E+00  4.5669965732E-01 -1.8074550618E+00
  1.2467244566E+00 -1.7631853188E+00  2.8281630263E+00  4.5696315010E-01 -1.8199882315E+00
  1.2058023949E+00 -1.7629397969E+00  2.8438512387E+00  4.5711892281E-01 -1.8286404926E+00
</Path of -GradDelSqRho>
<Path of -GradDelSqRho>
Starting CP# =      6
Ending CP# =     13
Number of Points =     40
  1.7819364865E+00 -1.4794216925E+00  2.6419191212E+00  4.3320209655E-01 -1.0851697793E+00
  1.7969470831E+00 -1.4610622321E+00  2.6366206158E+00  4.3373558853E-01 -1.0868027719E+00
  1.8118386042E+00 -1.4416837720E+00  2.6313606014E+00  4.3449794437E-01 -1.0917857723E+00
  1.8261525656E+00 -1.4218221083E+00  2.6263035434E+00  4.3547471729E-01 -1.0999419893E+00
  1.8398713206E+00 -1.4014929954E+00  2.6214588349E+00  4.3666174971E-01 -1.1110760805E+00
  1.8529784173E+00 -1.3807136670E+00  2.6168359375E+00  4.3805290725E-01 -1.1249800624E+00
  1.8654587815E+00 -1.3595027788E+00  2.6124443639E+00  4.3964015308E-01 -1.1414372445E+00
  1.8772988729E+00 -1.3378803171E+00  2.6082936723E+00  4.4141363804E-01 -1.1602255296E+00
  1.8884868098E+00 -1.3158674749E+00  2.6043934774E+00  4.4336180706E-01 -1.1811200852E+00
  1.8990124588E+00 -1.2934865064E+00  2.6007534794E+00  4.4547152173E-01 -1.2038954175E+00
  1.9088674871E+00 -1.2707605642E+00  2.5973835136E+00  4.4772819866E-01 -1.2283269073E+00
  1.9180453785E+00 -1.2477135302E+00  2.5942936237E+00  4.5011596237E-01 -1.2541918793E+00
  1.9265414155E+00 -1.2243698476E+00  2.5914941599E+00  4.5261781151E-01 -1.2812702926E+00
  1.9343526325E+00 -1.2007543631E+00  2.5889959045E+00  4.5521579632E-01 -1.3093451407E+00
  1.9414777456E+00 -1.1768921872E+00  2.5868102263E+00  4.5789120541E-01 -1.3382026525E+00
  1.9479170669E+00 -1.1528085782E+00  2.5849492694E+00  4.6062475948E-01 -1.3676323796E+00
  1.9536724111E+00 -1.1285288585E+00  2.5834261771E+00  4.6339681006E-01 -1.3974272498E+00
  1.9587470029E+00 -1.1040783663E+00  2.5822553603E+00  4.6618754093E-01 -1.4273836567E+00
  1.9631453935E+00 -1.0794824500E+00  2.5814528159E+00  4.6897717071E-01 -1.4573016427E+00
  1.9668733967E+00 -1.0547665098E+00  2.5810365066E+00  4.7174615496E-01 -1.4869852257E+00
  1.9699380509E+00 -1.0299560968E+00  2.5810268187E+00  4.7447538672E-01 -1.5162429035E+00
  1.9723476193E+00 -1.0050770776E+00  2.5814471145E+00  4.7714639465E-01 -1.5448883660E+00
  1.9741116376E+00 -9.8015588311E-01  2.5823244076E+00  4.7974153854E-01 -1.5727414309E+00
  1.9752410244E+00 -9.5521986533E-01  2.5836901933E+00  4.8224420189E-01 -1.5996292161E+00
  1.9757482687E+00 -9.3029779843E-01  2.5855814768E+00  4.8463898227E-01 -1.6253875563E+00
  1.9756477211E+00 -9.0542058148E-01  2.5880420527E+00  4.8691187990E-01 -1.6498626694E+00
  1.9749560174E+00 -8.8062222644E-01  2.5911240970E+00  4.8905048551E-01 -1.6729130805E+00
  1.9736926818E+00 -8.5594125855E-01  2.5948901402E+00  4.9104416816E-01 -1.6944118140E+00
  1.9718809683E+00 -8.3142271734E-01  2.5994154750E+00  4.9288426296E-01 -1.7142488712E+00
  1.9695490236E+00 -8.0712103111E-01  2.6047910016E+00  4.9456425614E-01 -1.7323340115E+00
  1.9667314672E+00 -7.8310414025E-01  2.6111263638E+00  4.9607995922E-01 -1.7485998478E+00
  1.9634714778E+00 -7.5945932638E-01  2.6185528793E+00  4.9742965220E-01 -1.7630052214E+00
  1.9598233801E+00 -7.3630112715E-01  2.6272250145E+00  4.9861415372E-01 -1.7755387014E+00
  1.9558553987E+00 -7.1378109936E-01  2.6373177133E+00  4.9963673791E-01 -1.7862217688E+00
  1.9516513925E+00 -6.9209716676E-01  2.6490145807E+00  5.0050276827E-01 -1.7951106900E+00
  1.9473085874E+00 -6.7149545882E-01  2.6624795766E+00  5.0121889047E-01 -1.8022952126E+00
  1.9429256456E+00 -6.5224947503E-01  2.6778062312E+00  5.0179172683E-01 -1.8078914799E+00
  1.9385740495E+00 -6.3459580935E-01  2.6949505354E+00  5.0222640459E-01 -1.8120274592E+00
  1.9342508842E+00 -6.1861854238E-01  2.7136762211E+00  5.0252587934E-01 -1.8148238137E+00
  1.9257371113E+00 -5.9246082258E-01  2.7509493104E+00  5.0273249839E-01 -1.8167875360E+00
</Path of -GradDelSqRho>
<Path of -GradDelSqRho>
Starting CP# =      9
Ending CP# =     13
Number of Points =     34
  1.4820455844E+00 -3.4562485953E-01  3.2496996312E+00  4.8753757637E-01 -1.6764471211E+00
  1.4866394817E+00 -3.4616319784E-01  3.2473225717E+00  4.8777944289E-01 -1.6764569974E+00
  1.4896407105E+00 -3.4649489034E-01  3.2457848844E+00  4.8790569399E-01 -1.6764762093E+00
  1.4938509621E+00 -3.4688723909E-01  3.2436934423E+00  4.8799371999E-01 -1.6765270960E+00
  1.5001923668E+00 -3.4740347437E-01  3.2406041315E+00  4.8801763157E-01 -1.6766566801E+00
  1.5098302649E+00 -3.4822127938E-01  3.2358478534E+00  4.8801127364E-01 -1.6769631272E+00
  1.5243378176E+00 -3.4960018544E-01  3.2284775471E+00  4.8797496935E-01 -1.6776701084E+00
  1.5446781961E+00 -3.5183452268E-01  3.2177116346E+00  4.8786290891E-01 -1.6791588331E+00
  1.5661642870E+00 -3.5502352611E-01  3.2053402768E+00  4.8808819108E-01 -1.6813956855E+00
  1.5872382161E+00 -3.5875259942E-01  3.1924203913E+00  4.8839901844E-01 -1.6842747125E+00
  1.6078843229E+00 -3.6299944574E-01  3.1789800561E+00  4.8877528991E-01 -1.6877720065E+00
  1.6280791049E+00 -3.6775792188E-01  3.1650348821E+00  4.8921410776E-01 -1.6918583918E+00
  1.6477997767E+00 -3.7302115751E-01  3.1506011082E+00  4.8971201371E-01 -1.6964994957E+00
  1.6670243165E+00 -3.7878157776E-01  3.1356955650E+00  4.9026499919E-01 -1.7016558844E+00
  1.6857315067E+00 -3.8503092547E-01  3.1203356327E+00  4.9086851772E-01 -1.7072832142E+00
  1.7039009719E+00 -3.9176028475E-01  3.1045391976E+00  4.9151749933E-01 -1.7133323993E+00
  1.7215132124E+00 -3.9896010584E-01  3.0883246067E+00  4.9220636713E-01 -1.7197497963E+00
  1.7385496339E+00 -4.0662023122E-01  3.0717106204E+00  4.9292905619E-01 -1.7264774075E+00
  1.7549925722E+00 -4.1472992236E-01  3.0547163638E+00  4.9367903484E-01 -1.7334531026E+00
  1.7708253144E+00 -4.2327788681E-01  3.0373612776E+00  4.9444932853E-01 -1.7406108610E+00
  1.7860321137E+00 -4.3225230507E-01  3.0196650662E+00  4.9523254637E-01 -1.7478810360E+00
  1.8005982010E+00 -4.4164085642E-01  3.0016476455E+00  4.9602091054E-01 -1.7551906412E+00
  1.8145097888E+00 -4.5143074305E-01  2.9833290889E+00  4.9680628851E-01 -1.7624636624E+00
  1.8277540716E+00 -4.6160871129E-01  2.9647295712E+00  4.9758022837E-01 -1.7696213932E+00
  1.8403192179E+00 -4.7216106853E-01  2.9458693104E+00  4.9833399715E-01 -1.7765827987E+00
  1.8521943566E+00 -4.8307369379E-01  2.9267685056E+00  4.9905862221E-01 -1.7832649054E+00
  1.8633695543E+00 -4.9433203917E-01  2.9074472699E+00  4.9974493571E-01 -1.7895832192E+00
  1.8738357830E+00 -5.0592111764E-01  2.8879255554E+00  5.0038362204E-01 -1.7954521710E+00
  1.8835848743E+00 -5.1782547028E-01  2.8682230654E+00  5.0096526802E-01 -1.8007855901E+00
  1.8926094555E+00 -5.3002910099E-01  2.8483591454E+00  5.0148041575E-01 -1.8054972037E+00
  1.9009028563E+00 -5.4251535654E-01  2.8283526369E+00  5.0191961766E-01 -1.8095011617E+00
  1.9084589661E+00 -5.5526670693E-01  2.8082216617E+00  5.0227349339E-01 -1.8127125843E+00
  1.9152719893E+00 -5.6826431968E-01  2.7879832562E+00  5.0253278774E-01 -1.8150481284E+00
  1.9257371113E+00 -5.9246082258E-01  2.7509493104E+00  5.0273249839E-01 -1.8167875360E+00
</Path of -GradDelSqRho>
<Path of -GradDelSqRho>
Starting CP# =      9
Ending CP# =     10
Number of Points =     33
  1.4820455844E+00 -3.4562485953E-01  3.2496996312E+00  4.8753757637E-01 -1.6764471211E+00
  1.4772395082E+00 -3.4556657090E-01  3.2516852080E+00  4.8777589169E-01 -1.6764569972E+00
  1.4741133900E+00 -3.4550935382E-01  3.2529912964E+00  4.8789981970E-01 -1.6764762080E+00
  1.4697856573E+00 -3.4535979700E-01  3.2548624484E+00  4.8798460627E-01 -1.6765270876E+00
  1.4633216405E+00 -3.4506330305E-01  3.2577163605E+00  4.8800365542E-01 -1.6766566390E+00
  1.4534481842E+00 -3.4464285179E-01  3.2620158509E+00  4.8798984916E-01 -1.6769629545E+00
  1.4384118430E+00 -3.4414712787E-01  3.2683583791E+00  4.8794216747E-01 -1.6776694316E+00
  1.4169696914E+00 -3.4373113939E-01  3.2769880654E+00  4.8781336023E-01 -1.6791567757E+00
  1.3934695365E+00 -3.4406868213E-01  3.2855027633E+00  4.8801927291E-01 -1.6813912950E+00
  1.3697607614E+00 -3.4496230064E-01  3.2933790297E+00  4.8830944444E-01 -1.6842661656E+00
  1.3458774287E+00 -3.4639346009E-01  3.3006232358E+00  4.8866323615E-01 -1.6877565198E+00
  1.3218473353E+00 -3.4836004487E-01  3.3072283610E+00  4.8907737920E-01 -1.6918319059E+00
  1.2976983324E+00 -3.5085917315E-01  3.3131882920E+00  4.8954804886E-01 -1.6964563110E+00
  1.2734582667E+00 -3.5388721360E-01  3.3184978306E+00  4.9007087631E-01 -1.7015882588E+00
  1.2491549204E+00 -3.5743980218E-01  3.3231526966E+00  4.9064096266E-01 -1.7071809345E+00
  1.2248159534E+00 -3.6151186088E-01  3.3271495256E+00  4.9125289542E-01 -1.7131823376E+00
  1.2004688462E+00 -3.6609761855E-01  3.3304858648E+00  4.9190076736E-01 -1.7195354649E+00
  1.1761408451E+00 -3.7119063364E-01  3.3331601647E+00  4.9257819808E-01 -1.7261785256E+00
  1.1518589086E+00 -3.7678381886E-01  3.3351717683E+00  4.9327835822E-01 -1.7330451887E+00
  1.1276496572E+00 -3.8286946738E-01  3.3365208959E+00  4.9399399659E-01 -1.7400648660E+00
  1.1035393248E+00 -3.8943928036E-01  3.3372086289E+00  4.9471747028E-01 -1.7471630299E+00
  1.0795537136E+00 -3.9648439556E-01  3.3372368883E+00  4.9544077784E-01 -1.7542615677E+00
  1.0557181512E+00 -4.0399541664E-01  3.3366084117E+00  4.9615559558E-01 -1.7612791728E+00
  1.0320574513E+00 -4.1196244289E-01  3.3353267273E+00  4.9685331710E-01 -1.7681317738E+00
  1.0085958779E+00 -4.2037509867E-01  3.3333961236E+00  4.9752509602E-01 -1.7747329986E+00
  9.8535711189E-01 -4.2922256225E-01  3.3308216178E+00  4.9816189180E-01 -1.7809946760E+00
  9.6236422146E-01 -4.3849359305E-01  3.3276089189E+00  4.9875451876E-01 -1.7868273706E+00
  9.3963963582E-01 -4.4817655616E-01  3.3237643884E+00  4.9929369801E-01 -1.7921409500E+00
  9.1720512143E-01 -4.5825944228E-01  3.3192949942E+00  4.9977011216E-01 -1.7968451814E+00
  8.9508176064E-01 -4.6872987986E-01  3.3142082573E+00  5.0017446263E-01 -1.8008503547E+00
  8.7328993133E-01 -4.7957513287E-01  3.3085121846E+00  5.0049752909E-01 -1.8040679262E+00
  8.5184928428E-01 -4.9078206930E-01  3.3022151738E+00  5.0073023087E-01 -1.8064111797E+00
  8.1380585396E-01 -5.1205227213E-01  3.2892465775E+00  5.0089302797E-01 -1.8081591455E+00
</Path of -GradDelSqRho>
<Path of -GradDelSqRho>
Starting CP# =     11
Ending CP# =     10
Number of Points =     41
