 AIMInt (Version 19.10.12, Professional)
 Portions Copyright (c) 1997-2019 by Todd A. Keith
 AIMInt is a component of the AIMAll package ( http://aim.tkgristmill.com )

 TP:  64-bit Mac OS X

 AIMInt is a heavily modified and extended version of the PROAIMV program
 developed by members of R.F.W. Bader's research group

 Much of the Quantum Theory of Atoms in Molecules (QTAIM) is described in the book:
   "Atoms in Molecules - A Quantum Theory"
   R.F.W. Bader, Oxford University Press, Oxford, 1990

 For additional references see:  http://aim.tkgristmill.com/references.html

 Current Directory:  /Users/chemlab/Documents/SubstituentCoding/BCP Map Reference/BCPMapReference

 Inp File:  SubH_SeMeONH_wb97xd_aug-cc-pvtz_reor_atomicfiles/o7.inp
 Wfx File:  SubH_SeMeONH_wb97xd_aug-cc-pvtz_reor.wfx
 Out File:  SubH_SeMeONH_wb97xd_aug-cc-pvtz_reor_atomicfiles/o7.int

 Wfx Title:   single point on SubH_SeMeONH_wb97xd_aug-cc-pvtz reoriented by subproptools    
 Job Title:   single point on SubH_SeMeONH_wb97xd_aug-cc-pvtz reoriented by subproptools    
 
<Atom>
O7      
</Atom>
<Nuclei of Molecule>
     9
Se1       34.0           0.0000000000E+00   0.0000000000E+00   0.0000000000E+00
H2         1.0          -2.8490021280E+00   0.0000000000E+00   0.0000000000E+00
C3         6.0           6.0464810917E-01   3.5590364837E+00   0.0000000000E+00
H4         1.0          -1.6459136600E-01   4.3357233695E+00   1.7367284173E+00
H5         1.0           2.6436021263E+00   3.7865689577E+00  -6.6768804988E-02
H6         1.0          -2.8869723950E-01   4.3468141721E+00  -1.6709532870E+00
O7         8.0           7.4894192687E-01  -1.2158463870E+00  -2.6941145057E+00
N8         7.0           1.2341593450E+00  -9.0847544089E-01   2.7920363340E+00
H9         1.0           1.1670117066E+00  -2.8285212763E+00   2.8909294815E+00
</Nuclei of Molecule>
<Total Number of CPs of DelSqRho>
    17
</Total Number of CPs of DelSqRho>
<Number of (3,+3) CPs of DelSqRho>
     4
</Number of (3,+3) CPs of DelSqRho>
<Number of (3,+1) CPs of DelSqRho>
     6
</Number of (3,+1) CPs of DelSqRho>
<Number of (3,-1) CPs of DelSqRho>
     4
</Number of (3,-1) CPs of DelSqRho>
<Number of (3,-3) CPs of DelSqRho>
     3
</Number of (3,-3) CPs of DelSqRho>
<Number of Degenerate CPs of DelSqRho>
     0
</Number of Degenerate CPs of DelSqRho>
<CP of DelSqRho>
CP# = 1       
Type = (3,+3)
Coords =  7.48941785955110E-01 -1.21584615675549E+00 -2.69411401299632E+00
DistFromNuc =  5.6177889449E-07
Rho =  2.9839517043E+02
DelSqRho = -3.3412549129E+06
GradDelSqRho =  3.6481324059E-06 -5.3149269661E-06 -1.6545534891E-05
HessDelSqRho_EigVals =  1.3286945348E+11  1.3286945441E+11  1.3286946916E+11
HessDelSqRho_EigVec1 =  9.4661051408E-01 -1.1099287274E-01  3.0266998006E-01
HessDelSqRho_EigVec2 =  2.1540316593E-01  9.1628750805E-01 -3.3766651996E-01
HessDelSqRho_EigVec3 = -2.3985414471E-01  3.8483474998E-01  8.9127560523E-01
</CP of DelSqRho>
<CP of DelSqRho>
CP# = 2       
Type = (3,+3)
Coords =  4.21962305374340E-01 -6.59552660926929E-01 -1.49442601932317E+00
DistFromNuc =  1.3622154187E+00
Rho =  2.7505240367E-01
DelSqRho =  4.9698035222E-02
GradDelSqRho =  2.8310687128E-15 -8.4307560932E-15 -1.3822276657E-14
HessDelSqRho_EigVals =  4.5624591868E-01  5.4768970637E-01  5.3138690392E+00
HessDelSqRho_EigVec1 =  4.8205905367E-01  8.4555126747E-01 -2.2948229312E-01
HessDelSqRho_EigVec2 = -8.3562917429E-01  3.6499546735E-01 -4.1049018488E-01
HessDelSqRho_EigVec3 = -2.6333049929E-01  3.8964260918E-01  8.8251667704E-01
</CP of DelSqRho>
<CP of DelSqRho>
CP# = 3       
Type = (3,-3)
Coords =  7.10262235749470E-01 -1.15383739211908E+00 -2.54122032771249E+00
DistFromNuc =  1.6946345802E-01
Rho =  2.2109848704E+01
DelSqRho =  1.2649662996E+03
GradDelSqRho = -1.1652900866E-12 -2.9700686355E-12  1.8104628907E-11
HessDelSqRho_EigVals = -3.9840172393E+05 -1.7051033382E+03 -1.5421968845E+03
HessDelSqRho_EigVec1 = -2.2804988254E-01  3.6553320219E-01  9.0242934858E-01
HessDelSqRho_EigVec2 = -9.5619814604E-01  9.0614896776E-02 -2.7834159945E-01
HessDelSqRho_EigVec3 =  1.8351663842E-01  9.2637703910E-01 -3.2885745368E-01
</CP of DelSqRho>
<CP of DelSqRho>
CP# = 4       
Type = (3,+1)
Coords =  8.79273339662754E-01 -1.16492954203522E+00 -2.59980596982873E+00
DistFromNuc =  1.6873915431E-01
Rho =  2.2407124951E+01
DelSqRho =  1.2514152555E+03
GradDelSqRho = -4.8885340220E-12 -1.1368683772E-13 -3.3537617128E-12
HessDelSqRho_EigVals = -4.0948529379E+05  1.2841910331E+02  2.4279203930E+03
HessDelSqRho_EigVec1 =  7.7718265134E-01  2.9936533855E-01  5.5350476107E-01
HessDelSqRho_EigVec2 = -6.3608404559E-02  9.1245892665E-01 -4.0419386195E-01
HessDelSqRho_EigVec3 = -6.2605199251E-01  2.7892490252E-01  7.2818939942E-01
</CP of DelSqRho>
<CP of DelSqRho>
CP# = 5       
Type = (3,+1)
Coords =  5.94613151272464E-01 -1.14817918895610E+00 -2.68454680428958E+00
DistFromNuc =  1.6878317920E-01
Rho =  2.2398748260E+01
DelSqRho =  1.2501905898E+03
GradDelSqRho =  3.7118752516E-11 -2.1088908397E-11 -3.0695446185E-12
HessDelSqRho_EigVals = -4.0844987901E+05  1.8629312240E+02  2.4984966347E+03
HessDelSqRho_EigVec1 =  9.1562968280E-01 -3.9895808907E-01 -4.9545203022E-02
HessDelSqRho_EigVec2 =  3.7081606222E-01  8.8572334550E-01 -2.7926618707E-01
HessDelSqRho_EigVec3 =  1.5529884731E-01  2.3733225320E-01  9.5893465347E-01
</CP of DelSqRho>
<CP of DelSqRho>
CP# = 6       
Type = (3,-1)
Coords =  7.21961438506728E-01 -1.32437177956337E+00 -2.56774969852230E+00
DistFromNuc =  1.6874173181E-01
Rho =  2.2395802547E+01
DelSqRho =  1.2536226083E+03
GradDelSqRho =  1.2676082406E-11  2.8663293961E-11 -3.3196556615E-11
HessDelSqRho_EigVals = -4.0979212252E+05 -1.9434165983E+02  2.2164255071E+03
HessDelSqRho_EigVec1 = -1.5836587244E-01 -6.4889302284E-01  7.4421643045E-01
HessDelSqRho_EigVec2 =  9.7037247505E-01  3.7012018498E-02  2.3876216232E-01
HessDelSqRho_EigVec3 = -1.8247605354E-01  7.5997891773E-01  6.2380648802E-01
</CP of DelSqRho>
<CP of DelSqRho>
CP# = 7       
Type = (3,-3)
Coords =  7.89193612726454E-01 -1.28129109784295E+00 -2.84153648930085E+00
DistFromNuc =  1.6624214162E-01
Rho =  2.2818223117E+01
DelSqRho =  1.3387412045E+03
GradDelSqRho =  9.3791641120E-12 -3.4674485505E-12 -5.4569682106E-12
HessDelSqRho_EigVals = -4.7625550260E+05 -4.4712521076E+03 -4.3000912296E+03
HessDelSqRho_EigVec1 = -2.4219878739E-01  3.9379961676E-01  8.8671393878E-01
HessDelSqRho_EigVec2 = -9.4981223516E-01  9.0255931789E-02 -2.9951725279E-01
HessDelSqRho_EigVec3 =  1.9798097213E-01  9.1475446357E-01 -3.5217581696E-01
</CP of DelSqRho>
<CP of DelSqRho>
CP# = 8       
Type = (3,-1)
Coords =  7.90115887870481E-01 -1.05413853345941E+00 -2.66865968426964E+00
DistFromNuc =  1.6879772779E-01
Rho =  2.2385064827E+01
DelSqRho =  1.2520604375E+03
GradDelSqRho =  3.6948222260E-12  2.6034285838E-11  1.6342482922E-13
HessDelSqRho_EigVals = -4.0847781180E+05 -1.2480263506E+02  2.3117766557E+03
HessDelSqRho_EigVec1 =  2.4697543657E-01  9.5825706774E-01  1.4403654351E-01
HessDelSqRho_EigVec2 =  8.9133600007E-01 -2.8296618206E-01  3.5418960289E-01
HessDelSqRho_EigVec3 = -3.8016216108E-01 -4.0908824756E-02  9.2401471814E-01
</CP of DelSqRho>
<CP of DelSqRho>
CP# = 9       
Type = (3,+3)
Coords =  1.38901584575474E+00 -1.31878180601434E+00 -2.62893880858019E+00
DistFromNuc =  6.5156595492E-01
Rho =  8.8188172210E-01
DelSqRho = -3.7466637510E+00
GradDelSqRho =  2.1316282073E-14 -9.7699626167E-15  6.8833827527E-15
HessDelSqRho_EigVals =  9.3963629309E-01  1.2773372778E+01  2.9508749268E+02
HessDelSqRho_EigVec1 =  1.8377837590E-01  9.2348077100E-01 -3.3676219226E-01
HessDelSqRho_EigVec2 = -3.3276738310E-02  3.4824603968E-01  9.3681233688E-01
HessDelSqRho_EigVec3 =  9.8240427892E-01 -1.6095950245E-01  9.4730519539E-02
</CP of DelSqRho>
<CP of DelSqRho>
CP# = 10      
Type = (3,-1)
Coords =  9.11019803909540E-01 -1.47876479955014E+00 -3.31051663829395E+00
DistFromNuc =  6.8945407316E-01
Rho =  7.2292970016E-01
DelSqRho = -2.0308671079E+00
GradDelSqRho =  1.5876189252E-14 -2.0428103653E-14 -1.3322676296E-14
HessDelSqRho_EigVals = -8.4376587135E+00 -7.8576443307E+00  2.0324673336E+02
HessDelSqRho_EigVec1 = -9.5458791174E-01  8.2389385869E-02 -2.8631085879E-01
HessDelSqRho_EigVec2 =  1.8293847210E-01  9.2059381591E-01 -3.4502252323E-01
HessDelSqRho_EigVec3 = -2.3514981223E-01  3.8173160100E-01  8.9385991666E-01
</CP of DelSqRho>
<CP of DelSqRho>
CP# = 11      
Type = (3,-1)
Coords =  5.77277966600123E-01 -9.35578564621337E-01 -1.99651217390639E+00
DistFromNuc =  7.7114692556E-01
Rho =  5.9287580813E-01
DelSqRho = -1.1869408225E+00
GradDelSqRho = -7.3274719625E-15  4.1078251911E-14  8.7374552038E-14
HessDelSqRho_EigVals = -2.9442253472E+00 -2.7433494383E+00  9.8845540659E+01
HessDelSqRho_EigVec1 =  9.7206870855E-01  1.6374497435E-01  1.6813687646E-01
HessDelSqRho_EigVec2 = -8.9280258601E-02  9.2053432357E-01 -3.8032301345E-01
HessDelSqRho_EigVec3 = -2.1705174792E-01  3.5468879670E-01  9.0944180474E-01
</CP of DelSqRho>
<CP of DelSqRho>
CP# = 12      
Type = (3,+1)
Coords =  9.00365954946347E-01 -6.85671619614114E-01 -3.05001158661833E+00
DistFromNuc =  6.5626004947E-01
Rho =  8.6187891110E-01
DelSqRho = -3.5196893343E+00
GradDelSqRho =  1.5987211555E-14  2.5757174171E-14 -5.0959236830E-14
HessDelSqRho_EigVals = -1.1132362716E+00  1.1153714531E+01  2.7856214235E+02
HessDelSqRho_EigVec1 =  9.5541278159E-01 -8.3590859506E-02  2.8319425308E-01
HessDelSqRho_EigVec2 = -1.8216649994E-01  5.8794685529E-01  7.8812046138E-01
HessDelSqRho_EigVec3 =  2.3238283730E-01  8.0456886813E-01 -5.4650448614E-01
</CP of DelSqRho>
<CP of DelSqRho>
CP# = 13      
Type = (3,+3)
Coords =  1.81403445666340E-01 -1.18279097660612E+00 -3.01510805221618E+00
DistFromNuc =  6.5286250064E-01
Rho =  8.7720013322E-01
DelSqRho = -3.6901505406E+00
GradDelSqRho =  3.1974423109E-14  2.4868995752E-14 -1.7763568394E-15
HessDelSqRho_EigVals =  6.2052646759E-01  1.2395802383E+01  2.8990871457E+02
HessDelSqRho_EigVec1 =  2.3364377299E-01  9.1781593000E-01 -3.2097430737E-01
HessDelSqRho_EigVec2 = -4.3996625565E-01  3.9417789980E-01  8.0687884915E-01
HessDelSqRho_EigVec3 =  8.6708723969E-01 -4.7304354487E-02  4.9590524983E-01
</CP of DelSqRho>
<CP of DelSqRho>
CP# = 14      
Type = (3,+1)
Coords =  6.24571665419160E-01 -1.85281107025787E+00 -2.60829561039204E+00
DistFromNuc =  6.5464253787E-01
Rho =  8.6864200656E-01
DelSqRho = -3.6026288408E+00
GradDelSqRho = -1.9539925233E-14 -2.7533531011E-14  1.0214051827E-14
HessDelSqRho_EigVals = -4.2302625691E-01  1.1650291622E+01  2.8463189353E+02
HessDelSqRho_EigVec1 =  9.4157535220E-01 -1.4221749806E-01  3.0530319254E-01
HessDelSqRho_EigVec2 = -2.7970971472E-01  1.7475156153E-01  9.4404680352E-01
HessDelSqRho_EigVec3 =  1.8761218408E-01  9.7428747041E-01 -1.2476214729E-01
</CP of DelSqRho>
<CP of DelSqRho>
CP# = 15      
Type = (3,-3)
Coords =  1.02810570597695E+00 -1.67421147135682E+00 -3.73236032850421E+00
DistFromNuc =  1.1687537614E+00
Rho =  2.2391794885E-01
DelSqRho =  6.8100928381E-01
GradDelSqRho = -1.9680090890E-13  2.9742874830E-13  1.0858536292E-12
HessDelSqRho_EigVals = -1.5461212559E+01 -1.3953335282E-01 -1.3493984400E-01
HessDelSqRho_EigVec1 = -2.3827812873E-01  3.9168995131E-01  8.8870834103E-01
HessDelSqRho_EigVec2 =  9.6999004587E-01  1.4158507929E-01  1.9766885500E-01
HessDelSqRho_EigVec3 = -4.8402936742E-02  9.0913840936E-01 -4.1367198158E-01
</CP of DelSqRho>
<CP of DelSqRho>
CP# = 16      
Type = (3,+1)
Coords =  4.44406032640109E-01 -7.14351852860857E-01 -1.60419457168331E+00
DistFromNuc =  1.2378062616E+00
Rho =  3.0869964045E-01
DelSqRho =  6.3397059023E-02
GradDelSqRho =  1.5543122345E-15 -3.8857805862E-16  1.6445178552E-15
HessDelSqRho_EigVals = -5.3905189273E+00  1.3541535113E+00  1.4435751021E+00
HessDelSqRho_EigVec1 = -2.4086499792E-01  4.0330490815E-01  8.8279624140E-01
HessDelSqRho_EigVec2 =  4.7761640375E-01  8.4107232673E-01 -2.5392895084E-01
HessDelSqRho_EigVec3 = -8.4490628098E-01  3.6047536985E-01 -3.9520992408E-01
</CP of DelSqRho>
<CP of DelSqRho>
CP# = 17      
Type = (3,+1)
Coords = -2.89054574657724E-01  3.76982716763876E-01 -1.89851593758349E+00
DistFromNuc =  2.0609508419E+00
Rho =  8.2647814885E-02
DelSqRho =  1.5882944689E-01
GradDelSqRho = -5.6788601599E-13 -5.5747767513E-12  2.6959059984E-12
HessDelSqRho_EigVals = -4.7303747174E-01  5.2888101793E-02  6.2645914231E-01
HessDelSqRho_EigVec1 = -5.5630181292E-01  7.7885963158E-01 -2.8966526757E-01
HessDelSqRho_EigVec2 =  8.1312055122E-01  5.8208463820E-01  3.5274857057E-03
HessDelSqRho_EigVec3 = -1.7135711869E-01  2.3357043534E-01  9.5712151246E-01
</CP of DelSqRho>
<Path of -GradDelSqRho>
Starting CP# =      4
Ending CP# =      0
Number of Points =     38
  8.7927333966E-01 -1.1649295420E+00 -2.5998059698E+00  2.2407124951E+01  1.2514152555E+03
  8.9872919793E-01 -1.1574586068E+00 -2.5859982108E+00  1.5482448996E+01  1.1690995480E+03
  9.1820988824E-01 -1.1500001607E+00 -2.5722187233E+00  1.0787445795E+01  9.9733271877E+02
  9.3769627964E-01 -1.1425445751E+00 -2.5584457505E+00  7.6148304913E+00  7.8674281591E+02
  9.5719737655E-01 -1.1350963999E+00 -2.5446895955E+00  5.4797784529E+00  5.8404969630E+02
  9.7672798457E-01 -1.1276631546E+00 -2.5309672809E+00  4.0445978156E+00  4.1828345162E+02
  9.9630372013E-01 -1.1202528611E+00 -2.5172969655E+00  3.0781853485E+00  2.9445372222E+02
  1.0159395182E+00 -1.1128733351E+00 -2.5036963385E+00  2.4253804960E+00  2.0523222268E+02
  1.0356480857E+00 -1.1055314222E+00 -2.4901808908E+00  1.9826031140E+00  1.4129933094E+02
  1.0554403262E+00 -1.0982332175E+00 -2.4767644216E+00  1.6803124342E+00  9.5404201167E+01
  1.0753283500E+00 -1.0909856598E+00 -2.4634626549E+00  1.4714567823E+00  6.2646097090E+01
  1.0953292998E+00 -1.0837986768E+00 -2.4502980918E+00  1.3241443588E+00  3.9663455123E+01
  1.1154687094E+00 -1.0766872878E+00 -2.4373047614E+00  1.2169112288E+00  2.3950203725E+01
  1.1357837114E+00 -1.0696739657E+00 -2.4245335327E+00  1.1355175897E+00  1.3523954606E+01
  1.1563270458E+00 -1.0627920794E+00 -2.4120598198E+00  1.0706885312E+00  6.8142110319E+00
  1.1771728981E+00 -1.0560917308E+00 -2.3999965527E+00  1.0165020768E+00  2.6219278330E+00
  1.1984261471E+00 -1.0496507861E+00 -2.3885184879E+00  9.6926055433E-01  7.7188120498E-02
  1.2202387172E+00 -1.0435990165E+00 -2.3779149109E+00  9.2674169355E-01 -1.4194405276E+00
  1.2428408593E+00 -1.0381824010E+00 -2.3687284631E+00  8.8778688469E-01 -2.2626360578E+00
  1.2665755117E+00 -1.0339805597E+00 -2.3622164904E+00  8.5240751335E-01 -2.7043267861E+00
  1.2913398443E+00 -1.0327805470E+00 -2.3621306312E+00  8.2400738311E-01 -2.9098932079E+00
  1.3118505800E+00 -1.0377912434E+00 -2.3746559774E+00  8.1400136212E-01 -3.0138185133E+00
  1.3250630317E+00 -1.0464347831E+00 -2.3939733169E+00  8.1844420039E-01 -3.1002849062E+00
  1.3355185512E+00 -1.0559138243E+00 -2.4146034103E+00  8.2609162808E-01 -3.1830171376E+00
  1.3448800933E+00 -1.0657165885E+00 -2.4356081278E+00  8.3396511756E-01 -3.2620920239E+00
  1.3534756461E+00 -1.0757635872E+00 -2.4568242454E+00  8.4146280895E-01 -3.3368992575E+00
  1.3613595330E+00 -1.0860464343E+00 -2.4782031947E+00  8.4843732818E-01 -3.4068150717E+00
  1.3685375044E+00 -1.0965724480E+00 -2.4997120770E+00  8.5482465370E-01 -3.4712465925E+00
  1.3750074489E+00 -1.1073578993E+00 -2.5213168310E+00  8.6057834857E-01 -3.5296458447E+00
  1.3807657745E+00 -1.1184307676E+00 -2.5429774644E+00  8.6565986514E-01 -3.5815209546E+00
  1.3858083007E+00 -1.1298380584E+00 -2.5646429333E+00  8.7003783705E-01 -3.6264466570E+00
  1.3901304385E+00 -1.1416607475E+00 -2.5862410823E+00  8.7368856137E-01 -3.6640747140E+00
  1.3937272144E+00 -1.1540472561E+00 -2.6076548561E+00  8.7659676386E-01 -3.6941458809E+00
  1.3965926464E+00 -1.1673011776E+00 -2.6286535309E+00  8.7875715565E-01 -3.7165095348E+00
  1.3987143472E+00 -1.1821710175E+00 -2.6486201561E+00  8.8017960393E-01 -3.7311798196E+00
  1.4000120492E+00 -1.2010465110E+00 -2.6646943023E+00  8.8091890622E-01 -3.7386489680E+00
  1.3999741212E+00 -1.2253673860E+00 -2.6648775999E+00  8.8124564756E-01 -3.7417567503E+00
  1.3986572276E+00 -1.2413889580E+00 -2.6588851288E+00  8.8232256124E-01 -3.7432541084E+00
</Path of -GradDelSqRho>
<Path of -GradDelSqRho>
Starting CP# =      4
Ending CP# =      1
Number of Points =      7
  8.7927333966E-01 -1.1649295420E+00 -2.5998059698E+00  2.2407124951E+01  1.2514152555E+03
  8.5987626489E-01 -1.1724299001E+00 -2.6136803056E+00  3.2651321194E+01  1.0022169625E+03
  8.4053080006E-01 -1.1799559090E+00 -2.6276127108E+00  4.7908948488E+01 -7.6050028816E+02
  8.2120845017E-01 -1.1874933457E+00 -2.6415709989E+00  7.0563248869E+01 -6.3317573567E+03
  8.0190261379E-01 -1.1950389197E+00 -2.6555477239E+00  1.0416303350E+02 -2.0434790987E+04
  7.8262470897E-01 -1.2025982177E+00 -2.6695555547E+00  1.5455198053E+02 -7.4639547525E+04
  7.4894178596E-01 -1.2158461568E+00 -2.6941140130E+00  2.9839517043E+02 -3.3412549129E+06
</Path of -GradDelSqRho>
<Path of -GradDelSqRho>
Starting CP# =      5
Ending CP# =      1
Number of Points =      7
  5.9461315127E-01 -1.1481791890E+00 -2.6845468043E+00  2.2398748260E+01  1.2501905898E+03
  6.1749539955E-01 -1.1581664402E+00 -2.6858339036E+00  3.2636653368E+01  1.0016720718E+03
  6.4036401713E-01 -1.1681747219E+00 -2.6871978562E+00  4.7884164858E+01 -7.5713148713E+02
  6.6322646389E-01 -1.1781923702E+00 -2.6885961463E+00  7.0523052381E+01 -6.3205897355E+03
  6.8608448799E-01 -1.1882166664E+00 -2.6900188455E+00  1.0409840788E+02 -2.0393614996E+04
  7.0893497593E-01 -1.1982521957E+00 -2.6914828383E+00  1.5445114016E+02 -7.4498626527E+04
  7.4894178596E-01 -1.2158461568E+00 -2.6941140130E+00  2.9839517043E+02 -3.3412549129E+06
</Path of -GradDelSqRho>
<Path of -GradDelSqRho>
Starting CP# =      5
Ending CP# =      0
Number of Points =     37
  5.9461315127E-01 -1.1481791890E+00 -2.6845468043E+00  2.2398748260E+01  1.2501905898E+03
  5.7171562968E-01 -1.1382160317E+00 -2.6833474200E+00  1.5477885540E+01  1.1680266081E+03
  5.4881177368E-01 -1.1282630323E+00 -2.6821850211E+00  1.0785190576E+01  9.9644199508E+02
  5.2590649687E-01 -1.1183123175E+00 -2.6810310907E+00  7.6139399697E+00  7.8602527712E+02
  5.0299750326E-01 -1.1083676322E+00 -2.6798992130E+00  5.4796442688E+00  5.8350871069E+02
  4.8008107810E-01 -1.0984351368E+00 -2.6788116908E+00  4.0448355881E+00  4.1790070364E+02
  4.5715341192E-01 -1.0885214006E+00 -2.6777921952E+00  3.0785637886E+00  2.9419544485E+02
  4.3421102873E-01 -1.0786328292E+00 -2.6768636134E+00  2.4257689606E+00  2.0506491419E+02
  4.1125119977E-01 -1.0687750372E+00 -2.6760457607E+00  1.9829344435E+00  1.4119682430E+02
  3.8827184871E-01 -1.0589530219E+00 -2.6753560349E+00  1.6805585058E+00  9.5347683531E+01
  3.6527087835E-01 -1.0491724643E+00 -2.6748140709E+00  1.4716129375E+00  6.2621970783E+01
  3.4224544384E-01 -1.0394414917E+00 -2.6744478619E+00  1.3242193281E+00  3.9661549697E+01
  3.1919156095E-01 -1.0297724166E+00 -2.6742995237E+00  1.2169203708E+00  2.3962797394E+01
  2.9610411891E-01 -1.0201837094E+00 -2.6744314250E+00  1.1354782075E+00  1.3545292564E+01
  2.7297741622E-01 -1.0107029099E+00 -2.6749347143E+00  1.0706165259E+00  6.8401866621E+00
  2.4980677618E-01 -1.0013716354E+00 -2.6759431684E+00  1.0164093248E+00  2.6497767154E+00
  2.2659287703E-01 -9.9225520702E-01 -2.6776582235E+00  9.6915220003E-01  1.0518185791E-01
  2.0335392348E-01 -9.8346412495E-01 -2.6804012784E+00  9.2661169170E-01 -1.3922625749E+00
  1.8016655057E-01 -9.7521268119E-01 -2.6847454641E+00  8.8760670201E-01 -2.2366499481E+00
  1.5735481557E-01 -9.6802568527E-01 -2.6919197695E+00  8.5208639007E-01 -2.6793369507E+00
  1.3677428697E-01 -9.6366897704E-01 -2.7050579188E+00  8.2324621158E-01 -2.8847009943E+00
  1.2592589617E-01 -9.6613624469E-01 -2.7269149953E+00  8.1265560208E-01 -2.9863792840E+00
  1.2471431611E-01 -9.7327059080E-01 -2.7507893217E+00  8.1687469165E-01 -3.0702661196E+00
  1.2644983841E-01 -9.8155117668E-01 -2.7743094353E+00  8.2431509902E-01 -3.1505540649E+00
  1.2926813781E-01 -9.9024324579E-01 -2.7975782487E+00  8.3196253407E-01 -3.2273178704E+00
  1.3282722414E-01 -9.9922389600E-01 -2.8206353746E+00  8.3923134556E-01 -3.2999576306E+00
  1.3706310008E-01 -1.0084716434E+00 -2.8434715201E+00  8.4598171857E-01 -3.3678608033E+00
  1.4195720533E-01 -1.0179830533E+00 -2.8660665289E+00  8.5215229217E-01 -3.4304435607E+00
  1.4749687553E-01 -1.0277603381E+00 -2.8883974594E+00  8.5769786287E-01 -3.4871639741E+00
  1.5366876793E-01 -1.0378112760E+00 -2.9104392337E+00  8.6258063015E-01 -3.5375324879E+00
  1.6045656463E-01 -1.0481524024E+00 -2.9321634028E+00  8.6676958844E-01 -3.5811213490E+00
  1.6783765170E-01 -1.0588160140E+00 -2.9535352902E+00  8.7024086481E-01 -3.6175730373E+00
  1.7577556245E-01 -1.0698665117E+00 -2.9745072081E+00  8.7297810528E-01 -3.6466078423E+00
  1.8419845997E-01 -1.0814461451E+00 -2.9949984790E+00  8.7497301894E-01 -3.6680317360E+00
  1.9291215580E-01 -1.0939500650E+00 -3.0148103883E+00  8.7622712144E-01 -3.6817512634E+00
  2.0077925140E-01 -1.1093548872E+00 -3.0327142153E+00  8.7676737224E-01 -3.6878766164E+00
  1.9755249762E-01 -1.1281188229E+00 -3.0337563113E+00  8.7597409402E-01 -3.6889519373E+00
</Path of -GradDelSqRho>
<Path of -GradDelSqRho>
Starting CP# =     12
Ending CP# =      0
Number of Points =     56
  9.0036595495E-01 -6.8567161961E-01 -3.0500115866E+00  8.6187891110E-01 -3.5196893343E+00
  9.0316758386E-01 -6.8616835620E-01 -3.0489946718E+00  8.6237340132E-01 -3.5196820298E+00
  9.0385852159E-01 -6.8624101690E-01 -3.0487812969E+00  8.6239211679E-01 -3.5196838525E+00
  9.0469044543E-01 -6.8633130825E-01 -3.0485228246E+00  8.6241805349E-01 -3.5196866081E+00
  9.0567869251E-01 -6.8644177209E-01 -3.0482137523E+00  8.6245249822E-01 -3.5196907137E+00
  9.0683717745E-01 -6.8657478614E-01 -3.0478492758E+00  8.6249610251E-01 -3.5196967420E+00
  9.0818017993E-01 -6.8673254238E-01 -3.0474247203E+00  8.6254860320E-01 -3.5197054843E+00
  9.0972551832E-01 -6.8691734432E-01 -3.0469345892E+00  8.6260870572E-01 -3.5197180532E+00
  9.1149829015E-01 -6.8713207376E-01 -3.0463713857E+00  8.6267406301E-01 -3.5197360480E+00
  9.1353440250E-01 -6.8738072374E-01 -3.0457244568E+00  8.6274124578E-01 -3.5197618009E+00
  9.1588326361E-01 -6.8766898580E-01 -3.0449790157E+00  8.6280575149E-01 -3.5197987079E+00
  9.1860885230E-01 -6.8800501317E-01 -3.0441154377E+00  8.6286241048E-01 -3.5198516009E+00
  9.2178843348E-01 -6.8840058933E-01 -3.0431088226E+00  8.6290679007E-01 -3.5199270679E+00
  9.2550975299E-01 -6.8887280052E-01 -3.0419285650E+00  8.6293762123E-01 -3.5200337125E+00
  9.2986995242E-01 -6.8944568215E-01 -3.0405376024E+00  8.6295838913E-01 -3.5201826932E+00
  9.3497828135E-01 -6.9015095581E-01 -3.0388915685E+00  8.6297556185E-01 -3.5203890461E+00
  9.4096025570E-01 -6.9102841954E-01 -3.0369380046E+00  8.6299472444E-01 -3.5206737458E+00
  9.4796059043E-01 -6.9212807397E-01 -3.0346147215E+00  8.6301902133E-01 -3.5210660705E+00
  9.5614495228E-01 -6.9351448221E-01 -3.0318469820E+00  8.6305045093E-01 -3.5216063808E+00
  9.6570087061E-01 -6.9527220002E-01 -3.0285443582E+00  8.6309107690E-01 -3.5223498294E+00
  9.7683714690E-01 -6.9751202390E-01 -3.0245976667E+00  8.6314323932E-01 -3.5233712429E+00
  9.8978030494E-01 -7.0037828422E-01 -3.0198761917E+00  8.6320915365E-01 -3.5247711113E+00
  1.0047651805E+00 -7.0405641831E-01 -3.0142263785E+00  8.6328946887E-01 -3.5266821492E+00
  1.0220113713E+00 -7.0877673046E-01 -3.0074764676E+00  8.6337846242E-01 -3.5292740777E+00
  1.0416381563E+00 -7.1479157450E-01 -2.9994715380E+00  8.6344821146E-01 -3.5327432099E+00
  1.0630698703E+00 -7.2219760102E-01 -2.9903052048E+00  8.6352185791E-01 -3.5371723673E+00
  1.0844600229E+00 -7.3069581766E-01 -2.9805579299E+00  8.6391702104E-01 -3.5423026767E+00
  1.1053649653E+00 -7.4001705666E-01 -2.9705071252E+00  8.6440413566E-01 -3.5480195371E+00
  1.1257641697E+00 -7.5012704356E-01 -2.9601832963E+00  8.6493579747E-01 -3.5542865458E+00
  1.1456271817E+00 -7.6101152980E-01 -2.9496045660E+00  8.6550884969E-01 -3.5610634822E+00
  1.1649244340E+00 -7.7265534680E-01 -2.9387898355E+00  8.6611989083E-01 -3.5683062375E+00
  1.1836272968E+00 -7.8504239891E-01 -2.9277587584E+00  8.6676525159E-01 -3.5759671733E+00
  1.2017081105E+00 -7.9815567757E-01 -2.9165316988E+00  8.6744102285E-01 -3.5839955119E+00
  1.2191402161E+00 -8.1197727398E-01 -2.9051296858E+00  8.6814308573E-01 -3.5923377542E+00
  1.2358979832E+00 -8.2648838957E-01 -2.8935743644E+00  8.6886714348E-01 -3.6009381234E+00
  1.2519568357E+00 -8.4166934403E-01 -2.8818879407E+00  8.6960875490E-01 -3.6097390303E+00
  1.2672932764E+00 -8.5749958053E-01 -2.8700931223E+00  8.7036336898E-01 -3.6186815566E+00
  1.2818849091E+00 -8.7395766790E-01 -2.8582130521E+00  8.7112636033E-01 -3.6277059519E+00
  1.2957104600E+00 -8.9102129967E-01 -2.8462712365E+00  8.7189306524E-01 -3.6367521410E+00
  1.3087497978E+00 -9.0866729011E-01 -2.8342914651E+00  8.7265881773E-01 -3.6457602351E+00
  1.3209839531E+00 -9.2687156727E-01 -2.8222977235E+00  8.7341898551E-01 -3.6546710428E+00
  1.3323951381E+00 -9.4560916375E-01 -2.8103140972E+00  8.7416900521E-01 -3.6634265759E+00
  1.3429667651E+00 -9.6485420562E-01 -2.7983646670E+00  8.7490441672E-01 -3.6719705426E+00
  1.3526834661E+00 -9.8457990067E-01 -2.7864733953E+00  8.7562089621E-01 -3.6802488248E+00
  1.3615311124E+00 -1.0047585271E+00 -2.7746640047E+00  8.7631428752E-01 -3.6882099313E+00
  1.3694968338E+00 -1.0253614245E+00 -2.7629598483E+00  8.7698063163E-01 -3.6958054232E+00
  1.3765690390E+00 -1.0463589884E+00 -2.7513837753E+00  8.7761619398E-01 -3.7029903052E+00
  1.3827374348E+00 -1.0677206711E+00 -2.7399579916E+00  8.7821748957E-01 -3.7097233773E+00
  1.3879930450E+00 -1.0894149908E+00 -2.7287039220E+00  8.7878130541E-01 -3.7159675443E+00
  1.3923282280E+00 -1.1114095513E+00 -2.7176420748E+00  8.7930472056E-01 -3.7216900767E+00
  1.3957366927E+00 -1.1336710735E+00 -2.7067919168E+00  8.7978512344E-01 -3.7268628229E+00
  1.3982135116E+00 -1.1561654420E+00 -2.6961717621E+00  8.8022022651E-01 -3.7314623682E+00
  1.3997551302E+00 -1.1788577666E+00 -2.6857986821E+00  8.8060807834E-01 -3.7354701410E+00
  1.4003593663E+00 -1.2017124589E+00 -2.6756884407E+00  8.8094708530E-01 -3.7388724657E+00
  1.3996041257E+00 -1.2217724841E+00 -2.6671030751E+00  8.8207249446E-01 -3.7413026479E+00
  1.3991508747E+00 -1.2326692718E+00 -2.6625366901E+00  8.8223642449E-01 -3.7424400225E+00
</Path of -GradDelSqRho>
<Path of -GradDelSqRho>
Starting CP# =     12
Ending CP# =      0
Number of Points =     54
  9.0036595495E-01 -6.8567161961E-01 -3.0500115866E+00  8.6187891110E-01 -3.5196893343E+00
  8.9742397394E-01 -6.8566593541E-01 -3.0506970579E+00  8.6236719765E-01 -3.5196820126E+00
  8.9672781425E-01 -6.8561718672E-01 -3.0508948666E+00  8.6238428187E-01 -3.5196838286E+00
  8.9588880559E-01 -6.8556120022E-01 -3.0511317352E+00  8.6240821530E-01 -3.5196865702E+00
  8.9489116668E-01 -6.8549777916E-01 -3.0514113949E+00  8.6244023056E-01 -3.5196906483E+00
  8.9372076610E-01 -6.8542683040E-01 -3.0517373662E+00  8.6248093281E-01 -3.5196966254E+00
  8.9236339847E-01 -6.8534803613E-01 -3.0521134284E+00  8.6253002242E-01 -3.5197052747E+00
  8.9080169820E-01 -6.8526060256E-01 -3.0525445243E+00  8.6258617766E-01 -3.5197176778E+00
  8.8901147502E-01 -6.8516307628E-01 -3.0530377775E+00  8.6264703474E-01 -3.5197353803E+00
  8.8695826443E-01 -6.8505326087E-01 -3.0536034074E+00  8.6270916450E-01 -3.5197606208E+00
  8.8459469112E-01 -6.8492832295E-01 -3.0542553390E+00  8.6276808692E-01 -3.5197966352E+00
  8.8185929210E-01 -6.8478531576E-01 -3.0550111906E+00  8.6281865366E-01 -3.5198479926E+00
  8.7867734748E-01 -6.8462243350E-01 -3.0558912775E+00  8.6285635266E-01 -3.5199208705E+00
  8.7496299354E-01 -6.8444095970E-01 -3.0569168266E+00  8.6287958029E-01 -3.5200232464E+00
  8.7062007948E-01 -6.8424695540E-01 -3.0581087252E+00  8.6289122804E-01 -3.5201652952E+00
  8.6554029283E-01 -6.8405153821E-01 -3.0594880419E+00  8.6289721101E-01 -3.5203604359E+00
  8.5960031913E-01 -6.8387045477E-01 -3.0610774129E+00  8.6290284184E-01 -3.5206269877E+00
  8.5265958667E-01 -6.8372514338E-01 -3.0629013145E+00  8.6291107835E-01 -3.5209899688E+00
  8.4455844549E-01 -6.8364585716E-01 -3.0649848632E+00  8.6292358122E-01 -3.5214829870E+00
  8.3511709405E-01 -6.8367570081E-01 -3.0673519703E+00  8.6294197370E-01 -3.5221505519E+00
  8.2413597462E-01 -6.8387517150E-01 -3.0700230192E+00  8.6296821591E-01 -3.5230508766E+00
  8.1139847164E-01 -6.8432745221E-01 -3.0730116999E+00  8.6300453784E-01 -3.5242589176E+00
  7.9667741186E-01 -6.8514430609E-01 -3.0763207167E+00  8.6305301771E-01 -3.5258691315E+00
  7.7974832436E-01 -6.8647158481E-01 -3.0799362206E+00  8.6311428835E-01 -3.5279968365E+00
  7.6041763189E-01 -6.8849121608E-01 -3.0838207066E+00  8.6318364460E-01 -3.5307754629E+00
  7.3860861931E-01 -6.9140731696E-01 -3.0879001785E+00  8.6324011645E-01 -3.5343387458E+00
  7.1482319861E-01 -6.9537570191E-01 -3.0919756079E+00  8.6329861337E-01 -3.5387137068E+00
  6.9061515689E-01 -7.0039930551E-01 -3.0956250566E+00  8.6362219501E-01 -3.5436641287E+00
  6.6653791245E-01 -7.0631909866E-01 -3.0988128725E+00  8.6404609664E-01 -3.5490627201E+00
  6.4263369658E-01 -7.1309856936E-01 -3.1015600797E+00  8.6450632687E-01 -3.5548612181E+00
  6.1894065487E-01 -7.2072987968E-01 -3.1038671740E+00  8.6499903272E-01 -3.5610098438E+00
  5.9549672704E-01 -7.2920406887E-01 -3.1057353461E+00  8.6552049635E-01 -3.5674568375E+00
  5.7233956001E-01 -7.3851088768E-01 -3.1071665451E+00  8.6606686296E-01 -3.5741489627E+00
  5.4950643520E-01 -7.4863877582E-01 -3.1081634263E+00  8.6663417217E-01 -3.5810320240E+00
  5.2703419258E-01 -7.5957483875E-01 -3.1087292922E+00  8.6721838971E-01 -3.5880513924E+00
  5.0495915121E-01 -7.7130482395E-01 -3.1088680293E+00  8.6781543907E-01 -3.5951525315E+00
  4.8331702600E-01 -7.8381309765E-01 -3.1085840393E+00  8.6842123286E-01 -3.6022815163E+00
  4.6214284084E-01 -7.9708262293E-01 -3.1078821658E+00  8.6903170346E-01 -3.6093855399E+00
  4.4147083815E-01 -8.1109494057E-01 -3.1067676181E+00  8.6964283299E-01 -3.6164133985E+00
  4.2133438582E-01 -8.2583015432E-01 -3.1052458924E+00  8.7025068204E-01 -3.6233159499E+00
  4.0176588215E-01 -8.4126692222E-01 -3.1033226928E+00  8.7085141722E-01 -3.6300465380E+00
  3.8279666064E-01 -8.5738245609E-01 -3.1010038543E+00  8.7144133720E-01 -3.6365613775E+00
  3.6445689604E-01 -8.7415253102E-01 -3.0982952694E+00  8.7201689721E-01 -3.6428198948E+00
  3.4677551434E-01 -8.9155150668E-01 -3.0952028219E+00  8.7257473173E-01 -3.6487850198E+00
  3.2978010887E-01 -9.0955236216E-01 -3.0917323313E+00  8.7311167543E-01 -3.6544234263E+00
  3.1349686541E-01 -9.2812674524E-01 -3.0878895087E+00  8.7362478204E-01 -3.6597057186E+00
  2.9795049873E-01 -9.4724503667E-01 -3.0836799292E+00  8.7411134122E-01 -3.6646065638E+00
  2.8316420303E-01 -9.6687642929E-01 -3.0791090221E+00  8.7456889321E-01 -3.6691047698E+00
  2.6915961782E-01 -9.8698902064E-01 -3.0741820795E+00  8.7499524115E-01 -3.6731833101E+00
  2.5595681022E-01 -1.0075499174E+00 -3.0689042850E+00  8.7538846098E-01 -3.6768292986E+00
  2.4357539562E-01 -1.0285257542E+00 -3.0632799347E+00  8.7574933761E-01 -3.6800339153E+00
  2.3515215808E-01 -1.0447875150E+00 -3.0585141529E+00  8.7683701522E-01 -3.6821265579E+00
  2.2896991482E-01 -1.0568407850E+00 -3.0550651298E+00  8.7704593035E-01 -3.6835321286E+00
  2.2513682169E-01 -1.0646419667E+00 -3.0527943431E+00  8.7717102369E-01 -3.6843617462E+00
</Path of -GradDelSqRho>
<Path of -GradDelSqRho>
Starting CP# =     14
Ending CP# =      0
Number of Points =    109
  6.2457166542E-01 -1.8528110703E+00 -2.6082956104E+00  8.6864200656E-01 -3.6026288408E+00
  6.2698402809E-01 -1.8524932678E+00 -2.6076417520E+00  8.6976695195E-01 -3.6025647454E+00
  6.2712466593E-01 -1.8525138703E+00 -2.6075951280E+00  8.6976688282E-01 -3.6025649197E+00
  6.2727429916E-01 -1.8525359033E+00 -2.6075466535E+00  8.6976680473E-01 -3.6025651161E+00
  6.2743323922E-01 -1.8525592969E+00 -2.6074953809E+00  8.6976671409E-01 -3.6025653375E+00
  6.2760201948E-01 -1.8525841035E+00 -2.6074409894E+00  8.6976660877E-01 -3.6025655870E+00
  6.2778124281E-01 -1.8526104007E+00 -2.6073832613E+00  8.6976648670E-01 -3.6025658683E+00
  6.2797155615E-01 -1.8526382744E+00 -2.6073219875E+00  8.6976634561E-01 -3.6025661854E+00
  6.2817364804E-01 -1.8526678157E+00 -2.6072569502E+00  8.6976618298E-01 -3.6025665428E+00
  6.2838825019E-01 -1.8526991209E+00 -2.6071879190E+00  8.6976599599E-01 -3.6025669456E+00
  6.2861614009E-01 -1.8527322911E+00 -2.6071146499E+00  8.6976578150E-01 -3.6025673997E+00
  6.2885814384E-01 -1.8527674330E+00 -2.6070368838E+00  8.6976553602E-01 -3.6025679115E+00
  6.2911513921E-01 -1.8528046584E+00 -2.6069543465E+00  8.6976525565E-01 -3.6025684883E+00
  6.2938805888E-01 -1.8528440848E+00 -2.6068667470E+00  8.6976493612E-01 -3.6025691385E+00
  6.2967789391E-01 -1.8528858355E+00 -2.6067737769E+00  8.6976457270E-01 -3.6025698713E+00
  6.2998569745E-01 -1.8529300397E+00 -2.6066751094E+00  8.6976416019E-01 -3.6025706971E+00
  6.3031258858E-01 -1.8529768325E+00 -2.6065703981E+00  8.6976369293E-01 -3.6025716278E+00
  6.3065975657E-01 -1.8530263553E+00 -2.6064592761E+00  8.6976316474E-01 -3.6025726766E+00
  6.3102846530E-01 -1.8530787555E+00 -2.6063413548E+00  8.6976256899E-01 -3.6025738584E+00
  6.3142005796E-01 -1.8531341869E+00 -2.6062162223E+00  8.6976189853E-01 -3.6025751901E+00
  6.3183596215E-01 -1.8531928092E+00 -2.6060834428E+00  8.6976114580E-01 -3.6025766904E+00
  6.3227769531E-01 -1.8532547883E+00 -2.6059425546E+00  8.6976030283E-01 -3.6025783806E+00
  6.3274687043E-01 -1.8533202961E+00 -2.6057930693E+00  8.6975936140E-01 -3.6025802846E+00
  6.3324520233E-01 -1.8533895100E+00 -2.6056344695E+00  8.6975831311E-01 -3.6025824292E+00
  6.3377451431E-01 -1.8534626125E+00 -2.6054662082E+00  8.6975714962E-01 -3.6025848445E+00
  6.3433674532E-01 -1.8535397912E+00 -2.6052877065E+00  8.6975586286E-01 -3.6025875644E+00
  6.3493395775E-01 -1.8536212375E+00 -2.6050983520E+00  8.6975444541E-01 -3.6025906269E+00
  6.3556834581E-01 -1.8537071463E+00 -2.6048974970E+00  8.6975289088E-01 -3.6025940745E+00
  6.3624224472E-01 -1.8537977147E+00 -2.6046844565E+00  8.6975119443E-01 -3.6025979553E+00
  6.3695814065E-01 -1.8538931410E+00 -2.6044585063E+00  8.6974935342E-01 -3.6026023230E+00
  6.3771868157E-01 -1.8539936229E+00 -2.6042188805E+00  8.6974736818E-01 -3.6026072379E+00
  6.3852668924E-01 -1.8540993563E+00 -2.6039647691E+00  8.6974524286E-01 -3.6026127677E+00
  6.3938517221E-01 -1.8542105327E+00 -2.6036953156E+00  8.6974298643E-01 -3.6026189887E+00
  6.4029734009E-01 -1.8543273370E+00 -2.6034096145E+00  8.6974061382E-01 -3.6026259863E+00
  6.4126661924E-01 -1.8544499451E+00 -2.6031067077E+00  8.6973814707E-01 -3.6026338567E+00
  6.4229666973E-01 -1.8545785199E+00 -2.6027855820E+00  8.6973561651E-01 -3.6026427081E+00
  6.4339140384E-01 -1.8547132086E+00 -2.6024451656E+00  8.6973306188E-01 -3.6026526625E+00
  6.4455500589E-01 -1.8548541381E+00 -2.6020843247E+00  8.6973053324E-01 -3.6026638577E+00
  6.4579195355E-01 -1.8550014104E+00 -2.6017018603E+00  8.6972809158E-01 -3.6026764491E+00
  6.4710704029E-01 -1.8551550979E+00 -2.6012965043E+00  8.6972580893E-01 -3.6026906130E+00
  6.4850539913E-01 -1.8553152372E+00 -2.6008669166E+00  8.6972376776E-01 -3.6027065493E+00
  6.4999252733E-01 -1.8554818233E+00 -2.6004116814E+00  8.6972205955E-01 -3.6027244848E+00
  6.5157431223E-01 -1.8556548021E+00 -2.5999293045E+00  8.6972078244E-01 -3.6027446783E+00
  6.5325705817E-01 -1.8558340630E+00 -2.5994182105E+00  8.6972003784E-01 -3.6027674242E+00
  6.5504751495E-01 -1.8560194291E+00 -2.5988767401E+00  8.6971992627E-01 -3.6027930590E+00
  6.5695290826E-01 -1.8562106468E+00 -2.5983031482E+00  8.6972054268E-01 -3.6028219671E+00
  6.5898097285E-01 -1.8564073731E+00 -2.5976956015E+00  8.6972197190E-01 -3.6028545878E+00
  6.6113998926E-01 -1.8566091593E+00 -2.5970521774E+00  8.6972428511E-01 -3.6028914234E+00
  6.6343882492E-01 -1.8568154316E+00 -2.5963708620E+00  8.6972753799E-01 -3.6029330479E+00
  6.6588698012E-01 -1.8570254668E+00 -2.5956495495E+00  8.6973177162E-01 -3.6029801171E+00
  6.6849463929E-01 -1.8572383621E+00 -2.5948860413E+00  8.6973701640E-01 -3.6030333791E+00
  6.7127272739E-01 -1.8574529997E+00 -2.5940780471E+00  8.6974329885E-01 -3.6030936876E+00
  6.7423297116E-01 -1.8576680038E+00 -2.5932231863E+00  8.6975065048E-01 -3.6031620156E+00
  6.7738796503E-01 -1.8578816923E+00 -2.5923189910E+00  8.6975911727E-01 -3.6032394721E+00
  6.8075124126E-01 -1.8580920215E+00 -2.5913629115E+00  8.6976876805E-01 -3.6033273215E+00
  6.8433734431E-01 -1.8582965246E+00 -2.5903523234E+00  8.6977970054E-01 -3.6034270060E+00
  6.8816190963E-01 -1.8584922417E+00 -2.5892845373E+00  8.6979204469E-01 -3.6035401726E+00
  6.9224174689E-01 -1.8586756413E+00 -2.5881568118E+00  8.6980596353E-01 -3.6036687034E+00
  6.9659492799E-01 -1.8588425290E+00 -2.5869663710E+00  8.6982165316E-01 -3.6038147514E+00
  7.0124087963E-01 -1.8589879425E+00 -2.5857104259E+00  8.6983934286E-01 -3.6039807817E+00
  7.0620048004E-01 -1.8591060284E+00 -2.5843862029E+00  8.6985929639E-01 -3.6041696188E+00
  7.1149615885E-01 -1.8591898996E+00 -2.5829909789E+00  8.6988181481E-01 -3.6043845007E+00
  7.1715199862E-01 -1.8592314700E+00 -2.5815221254E+00  8.6990724058E-01 -3.6046291413E+00
  7.2319383562E-01 -1.8592212626E+00 -2.5799771635E+00  8.6993596277E-01 -3.6049078020E+00
  7.2964935681E-01 -1.8591481892E+00 -2.5783538313E+00  8.6996842302E-01 -3.6052253738E+00
  7.3654818849E-01 -1.8589992964E+00 -2.5766501662E+00  8.7000512224E-01 -3.6055874710E+00
  7.4392197078E-01 -1.8587594759E+00 -2.5748646059E+00  8.7004662796E-01 -3.6060005376E+00
  7.5180441002E-01 -1.8584111324E+00 -2.5729961103E+00  8.7009358224E-01 -3.6064719686E+00
  7.6023129839E-01 -1.8579338077E+00 -2.5710443089E+00  8.7014671000E-01 -3.6070102452E+00
  7.6924048706E-01 -1.8573037570E+00 -2.5690096772E+00  8.7020682754E-01 -3.6076250862E+00
  7.7887179475E-01 -1.8564934750E+00 -2.5668937481E+00  8.7027485100E-01 -3.6083276131E+00
  7.8916682861E-01 -1.8554711728E+00 -2.5646993611E+00  8.7035180385E-01 -3.6091305294E+00
  8.0016868804E-01 -1.8542002102E+00 -2.5624309562E+00  8.7043882276E-01 -3.6100483081E+00
  8.1192151440E-01 -1.8526384911E+00 -2.5600949152E+00  8.7053716030E-01 -3.6110973814E+00
  8.2446984106E-01 -1.8507378416E+00 -2.5576999546E+00  8.7064818227E-01 -3.6122963215E+00
  8.3785768813E-01 -1.8484433997E+00 -2.5552575696E+00  8.7077335648E-01 -3.6136659943E+00
  8.5212733527E-01 -1.8456930631E+00 -2.5527825267E+00  8.7091422814E-01 -3.6152296603E+00
  8.6731769419E-01 -1.8424170670E+00 -2.5502933950E+00  8.7107237411E-01 -3.6170129848E+00
  8.8346218841E-01 -1.8385377954E+00 -2.5478130970E+00  8.7124932370E-01 -3.6190439050E+00
  9.0058602661E-01 -1.8339699833E+00 -2.5453694486E+00  8.7144642461E-01 -3.6213522783E+00
  9.1870270764E-01 -1.8286215475E+00 -2.5429956376E+00  8.7166461399E-01 -3.6239692073E+00
  9.3780944315E-01 -1.8223954488E+00 -2.5407305743E+00  8.7190401203E-01 -3.6269258758E+00
  9.5788062354E-01 -1.8151934168E+00 -2.5386190281E+00  8.7216315809E-01 -3.6302515758E+00
  9.7885606869E-01 -1.8069238127E+00 -2.5367115028E+00  8.7243755637E-01 -3.6339700285E+00
  1.0006092580E+00 -1.7975215976E+00 -2.5350642461E+00  8.7271833099E-01 -3.6380904376E+00
  1.0228389607E+00 -1.7870019356E+00 -2.5337423113E+00  8.7301079962E-01 -3.6425804248E+00
  1.0449840129E+00 -1.7755033061E+00 -2.5328158357E+00  8.7339692922E-01 -3.6473408935E+00
  1.0667218213E+00 -1.7631698605E+00 -2.5323052133E+00  8.7387209672E-01 -3.6522984696E+00
  1.0880109386E+00 -1.7500670427E+00 -2.5322013993E+00  8.7436780048E-01 -3.6574254748E+00
  1.1088215626E+00 -1.7362196975E+00 -2.5325019300E+00  8.7487203616E-01 -3.6626966563E+00
  1.1291224240E+00 -1.7216491257E+00 -2.5332054329E+00  8.7538175039E-01 -3.6680846631E+00
  1.1488830865E+00 -1.7063776858E+00 -2.5343103686E+00  8.7589396812E-01 -3.6735601179E+00
  1.1680740414E+00 -1.6904288648E+00 -2.5358150219E+00  8.7640560625E-01 -3.6790917415E+00
