 AIMInt (Version 19.10.12, Professional)
 Portions Copyright (c) 1997-2019 by Todd A. Keith
 AIMInt is a component of the AIMAll package ( http://aim.tkgristmill.com )

 TP:  64-bit Mac OS X

 AIMInt is a heavily modified and extended version of the PROAIMV program
 developed by members of R.F.W. Bader's research group

 Much of the Quantum Theory of Atoms in Molecules (QTAIM) is described in the book:
   "Atoms in Molecules - A Quantum Theory"
   R.F.W. Bader, Oxford University Press, Oxford, 1990

 For additional references see:  http://aim.tkgristmill.com/references.html

 Current Directory:  /Users/chemlab/Documents/SubstituentCoding/BCP Map Reference/BCPMapReference

 Inp File:  SubH_SeMeONH_wb97xd_aug-cc-pvtz_reor_atomicfiles/se1.inp
 Wfx File:  SubH_SeMeONH_wb97xd_aug-cc-pvtz_reor.wfx
 Out File:  SubH_SeMeONH_wb97xd_aug-cc-pvtz_reor_atomicfiles/se1.int

 Wfx Title:   single point on SubH_SeMeONH_wb97xd_aug-cc-pvtz reoriented by subproptools    
 Job Title:   single point on SubH_SeMeONH_wb97xd_aug-cc-pvtz reoriented by subproptools    
 
<Atom>
Se1     
</Atom>
<Nuclei of Molecule>
     9
Se1       34.0           0.0000000000E+00   0.0000000000E+00   0.0000000000E+00
H2         1.0          -2.8490021280E+00   0.0000000000E+00   0.0000000000E+00
C3         6.0           6.0464810917E-01   3.5590364837E+00   0.0000000000E+00
H4         1.0          -1.6459136600E-01   4.3357233695E+00   1.7367284173E+00
H5         1.0           2.6436021263E+00   3.7865689577E+00  -6.6768804988E-02
H6         1.0          -2.8869723950E-01   4.3468141721E+00  -1.6709532870E+00
O7         8.0           7.4894192687E-01  -1.2158463870E+00  -2.6941145057E+00
N8         7.0           1.2341593450E+00  -9.0847544089E-01   2.7920363340E+00
H9         1.0           1.1670117066E+00  -2.8285212763E+00   2.8909294815E+00
</Nuclei of Molecule>
<Total Number of CPs of DelSqRho>
    60
</Total Number of CPs of DelSqRho>
<Number of (3,+3) CPs of DelSqRho>
     5
</Number of (3,+3) CPs of DelSqRho>
<Number of (3,+1) CPs of DelSqRho>
    22
</Number of (3,+1) CPs of DelSqRho>
<Number of (3,-1) CPs of DelSqRho>
    22
</Number of (3,-1) CPs of DelSqRho>
<Number of (3,-3) CPs of DelSqRho>
    11
</Number of (3,-3) CPs of DelSqRho>
<Number of Degenerate CPs of DelSqRho>
     0
</Number of Degenerate CPs of DelSqRho>
<CP of DelSqRho>
CP# = 1       
Type = (3,+3)
Coords = -1.69765156896747E-11  1.34654828040564E-11 -1.70885039500434E-11
DistFromNuc =  2.7595983029E-11
Rho =  2.6884283704E+04
DelSqRho = -3.2474183018E+10
GradDelSqRho =  0.0000000000E+00 -2.9802322388E-08  2.9802322388E-08
HessDelSqRho_EigVals =  7.3422611899E+17  7.3422611911E+17  7.3422611919E+17
HessDelSqRho_EigVec1 =  2.4939439788E-01 -2.7311178692E-01  9.2909223770E-01
HessDelSqRho_EigVec2 = -3.7480428435E-01  8.5741466421E-01  3.5264974412E-01
HessDelSqRho_EigVec3 =  8.9293011078E-01  4.3617662185E-01 -1.1147094607E-01
</CP of DelSqRho>
<CP of DelSqRho>
CP# = 2       
Type = (3,+1)
Coords =  2.04770017439602E-01 -5.73930483738880E-03 -3.87944469449214E-03
DistFromNuc =  2.0488716347E-01
Rho =  7.2331576588E+01
DelSqRho =  9.6264311066E+03
GradDelSqRho =  0.0000000000E+00 -2.9103830457E-11 -2.9103830457E-11
HessDelSqRho_EigVals = -6.3717872929E+06  4.9521209192E+03  6.0709178938E+03
HessDelSqRho_EigVec1 =  9.9941870015E-01 -2.8525732406E-02 -1.8669343258E-02
HessDelSqRho_EigVec2 =  1.7254609340E-02 -4.9060947384E-02  9.9864673529E-01
HessDelSqRho_EigVec3 =  2.9403065206E-02  9.9838835432E-01  4.8540227894E-02
</CP of DelSqRho>
<CP of DelSqRho>
CP# = 3       
Type = (3,+1)
Coords =  1.08418603300021E-03  1.95490945228556E-01  6.05164857973757E-02
DistFromNuc =  2.0464635394E-01
Rho =  7.2584648371E+01
DelSqRho =  9.6427066689E+03
GradDelSqRho = -1.2732925825E-11 -9.4587448984E-11 -3.6379788071E-11
HessDelSqRho_EigVals = -6.4068528498E+06  1.2523888810E+03  4.0254267222E+03
HessDelSqRho_EigVec1 =  5.9892967456E-03  9.5572788554E-01  2.9419098749E-01
HessDelSqRho_EigVec2 = -2.4963510743E-01 -2.8345266739E-01  9.2592488815E-01
HessDelSqRho_EigVec3 =  9.6832145564E-01 -7.8986037688E-02  2.3688555124E-01
</CP of DelSqRho>
<CP of DelSqRho>
CP# = 4       
Type = (3,+1)
Coords = -2.57093990694145E-02 -2.02217013960843E-01 -2.05909776693248E-02
DistFromNuc =  2.0488211805E-01
Rho =  7.2326037051E+01
DelSqRho =  9.6305446425E+03
GradDelSqRho = -4.7293724492E-11  1.0913936421E-10  7.2759576142E-12
HessDelSqRho_EigVals = -6.3742802146E+06  4.8756828031E+03  5.7945166880E+03
HessDelSqRho_EigVec1 =  1.2502130028E-01  9.8698206578E-01  1.0117349604E-01
HessDelSqRho_EigVec2 = -3.6586293587E-01 -4.8925055632E-02  9.2938186505E-01
HessDelSqRho_EigVec3 =  9.2223315199E-01 -1.5320816152E-01  3.5498348217E-01
</CP of DelSqRho>
<CP of DelSqRho>
CP# = 5       
Type = (3,-1)
Coords = -1.58383576675696E-01  4.37007933563407E-02  1.22188639072826E-01
DistFromNuc =  2.0475639238E-01
Rho =  7.2447929304E+01
DelSqRho =  9.6496519508E+03
GradDelSqRho =  2.9103830457E-11  5.2750692703E-11  2.9103830457E-11
HessDelSqRho_EigVals = -6.3925655297E+06 -2.3514947507E+03  2.2335791594E+03
HessDelSqRho_EigVec1 =  7.7466160546E-01 -2.1258275555E-01 -5.9557364705E-01
HessDelSqRho_EigVec2 =  6.2529954560E-01  1.1699999864E-01  7.7156430619E-01
HessDelSqRho_EigVec3 =  9.4339150401E-02  9.7011317503E-01 -2.2356330724E-01
</CP of DelSqRho>
<CP of DelSqRho>
CP# = 6       
Type = (3,-1)
Coords = -1.37851667037452E-01  3.79171525121449E-02 -1.46655388570451E-01
DistFromNuc =  2.0481356292E-01
Rho =  7.2384927266E+01
DelSqRho =  9.6461314778E+03
GradDelSqRho = -5.4569682106E-11  5.8207660913E-11  1.8189894035E-12
HessDelSqRho_EigVals = -6.3847007085E+06 -1.8380930420E+03  3.3008940177E+03
HessDelSqRho_EigVec1 =  6.7384993401E-01 -1.8429547760E-01  7.1551481003E-01
HessDelSqRho_EigVec2 =  7.3337479935E-01  4.8960233734E-02 -6.7805921511E-01
HessDelSqRho_EigVec3 =  8.9931474547E-02  9.8165068759E-01  1.6814950917E-01
</CP of DelSqRho>
<CP of DelSqRho>
CP# = 7       
Type = (3,-1)
Coords =  4.11541251756271E-01  1.04688458680072E-01 -5.01497345025924E-02
DistFromNuc =  4.2759896065E-01
Rho =  1.3888406484E+01
DelSqRho = -2.1871586341E+02
GradDelSqRho = -9.0949470177E-13 -1.5916157281E-12  2.2737367544E-13
HessDelSqRho_EigVals = -2.4319876899E+02 -2.0815784565E+02  9.1178961629E+04
HessDelSqRho_EigVec1 = -2.6914827312E-01  9.1735911852E-01 -2.9327709551E-01
HessDelSqRho_EigVec2 =  3.5785455288E-02  3.1382944098E-01  9.4880476557E-01
HessDelSqRho_EigVec3 =  9.6243369032E-01  2.4487410980E-01 -1.1729476581E-01
</CP of DelSqRho>
<CP of DelSqRho>
CP# = 8       
Type = (3,+1)
Coords = -2.01763123881877E-01  2.47892453633642E-02 -2.34245954501365E-02
DistFromNuc =  2.0462545422E-01
Rho =  7.2618645788E+01
DelSqRho =  9.6381991763E+03
GradDelSqRho =  4.3655745685E-11 -1.8189894035E-12  0.0000000000E+00
HessDelSqRho_EigVals = -6.4081652919E+06  2.1034381495E+03  4.4797796028E+03
HessDelSqRho_EigVec1 =  9.8616355144E-01 -1.2056194785E-01  1.1378166175E-01
HessDelSqRho_EigVec2 = -1.2019885630E-01 -4.7340897533E-02  9.9162042857E-01
HessDelSqRho_EigVec3 =  1.1416516440E-01  9.9157634913E-01  6.1177275883E-02
</CP of DelSqRho>
<CP of DelSqRho>
CP# = 9       
Type = (3,-3)
Coords = -1.14756256653200E-01 -1.17656850018554E-01  1.22034417944944E-01
DistFromNuc =  2.0470596464E-01
Rho =  7.2476477309E+01
DelSqRho =  9.6662928010E+03
GradDelSqRho = -6.4574123826E-11  0.0000000000E+00  7.6397554949E-11
HessDelSqRho_EigVals = -6.4049849391E+06 -3.9153350998E+03 -4.1224348640E+02
HessDelSqRho_EigVec1 = -5.6067714802E-01 -5.7419726953E-01  5.9660592634E-01
HessDelSqRho_EigVec2 =  2.0268772710E-01 -7.9376035952E-01 -5.7346506165E-01
HessDelSqRho_EigVec3 =  8.0284420716E-01 -2.0060405607E-01  5.6142603405E-01
</CP of DelSqRho>
<CP of DelSqRho>
CP# = 10      
Type = (3,+1)
Coords = -2.21519712634664E-02  3.65051527891508E-02 -2.00275449207288E-01
DistFromNuc =  2.0477693124E-01
Rho =  7.2450384519E+01
DelSqRho =  9.6395728481E+03
GradDelSqRho =  2.3646862246E-11 -3.4560798667E-11  6.9121597335E-11
HessDelSqRho_EigVals = -6.3902679438E+06  2.2322728221E+03  3.4307260507E+03
HessDelSqRho_EigVec1 =  1.0697791403E-01 -1.7683416917E-01  9.7840962921E-01
HessDelSqRho_EigVec2 = -9.9292108567E-01  3.2077985808E-02  1.1436223353E-01
HessDelSqRho_EigVec3 =  5.1608560751E-02  9.8371778445E-01  1.7215073922E-01
</CP of DelSqRho>
<CP of DelSqRho>
CP# = 11      
Type = (3,+1)
Coords = -4.41083238550095E-02  5.41669329970916E-02  1.92577045522627E-01
DistFromNuc =  2.0485487382E-01
Rho =  7.2363603223E+01
DelSqRho =  9.6400029975E+03
GradDelSqRho = -3.8198777474E-11  2.3192114895E-11  9.4587448984E-11
HessDelSqRho_EigVals = -6.3804294300E+06  2.0324763506E+03  3.0406824618E+03
HessDelSqRho_EigVec1 = -2.1462713407E-01  2.6325422600E-01  9.4054899171E-01
HessDelSqRho_EigVec2 =  2.0941568030E-01  9.5299809605E-01 -2.1895136849E-01
HessDelSqRho_EigVec3 = -9.5398127139E-01  1.4997280223E-01 -2.5966881296E-01
</CP of DelSqRho>
<CP of DelSqRho>
CP# = 12      
Type = (3,-3)
Coords =  8.96451455039136E-02 -1.24602957634872E-01  1.35159510473729E-01
DistFromNuc =  2.0452442992E-01
Rho =  7.2680304607E+01
DelSqRho =  9.6834818301E+03
GradDelSqRho = -3.2741809264E-11 -2.8194335755E-11 -1.4551915228E-11
HessDelSqRho_EigVals = -6.4370193922E+06 -4.4090207329E+03 -3.5488743412E+03
HessDelSqRho_EigVec1 =  4.3819634343E-01 -6.0831612250E-01  6.6176692250E-01
HessDelSqRho_EigVec2 =  7.4386241953E-01  6.5871805782E-01  1.1295672231E-01
HessDelSqRho_EigVec3 = -5.0463121724E-01  4.4276632145E-01  7.4115134701E-01
</CP of DelSqRho>
<CP of DelSqRho>
CP# = 13      
Type = (3,-3)
Coords =  1.17809055776627E-01  1.44776831295012E-01 -8.39867615959118E-02
DistFromNuc =  2.0467799253E-01
Rho =  7.2501762534E+01
DelSqRho =  9.6634839506E+03
GradDelSqRho =  9.0949470177E-12 -2.9103830457E-11  9.0949470177E-12
HessDelSqRho_EigVals = -6.4054529453E+06 -3.2517841361E+03 -1.3104014674E+03
HessDelSqRho_EigVec1 =  5.7470761769E-01  7.0830437826E-01 -4.0989762369E-01
HessDelSqRho_EigVec2 =  7.3769759565E-01 -6.6522862869E-01 -1.1520906622E-01
HessDelSqRho_EigVec3 =  3.5427872013E-01  2.3616896348E-01  9.0482639724E-01
</CP of DelSqRho>
<CP of DelSqRho>
CP# = 14      
Type = (3,-3)
Coords = -1.10663972057710E-01  1.63613132311777E-01 -5.37482282954056E-02
DistFromNuc =  2.0470623787E-01
Rho =  7.2474596482E+01
DelSqRho =  9.6623872719E+03
GradDelSqRho = -5.8207660913E-11  5.8207660913E-11  2.1827872843E-11
HessDelSqRho_EigVals = -6.4015571012E+06 -3.7821282495E+03 -1.0275336968E+03
HessDelSqRho_EigVec1 = -5.4026497458E-01  7.9980843922E-01 -2.6157258610E-01
HessDelSqRho_EigVec2 =  7.2462700367E-01  6.0021897229E-01  3.3860432788E-01
HessDelSqRho_EigVec3 =  4.2781942780E-01 -6.6065007168E-03 -9.0384008063E-01
</CP of DelSqRho>
<CP of DelSqRho>
CP# = 15      
Type = (3,-3)
Coords =  1.04254670138676E-01 -1.17516334633474E-01 -1.31032377248755E-01
DistFromNuc =  2.0456932575E-01
Rho =  7.2642669815E+01
DelSqRho =  9.6683462362E+03
GradDelSqRho =  1.0913936421E-11 -5.8207660913E-11 -2.9103830457E-11
HessDelSqRho_EigVals = -6.4225530443E+06 -4.1660126473E+03 -2.0647751414E+03
HessDelSqRho_EigVec1 = -5.0879963485E-01  5.7400608750E-01  6.4159172617E-01
HessDelSqRho_EigVec2 =  7.1971677997E-01  6.9254780321E-01 -4.8839501515E-02
HessDelSqRho_EigVec3 = -4.7236711170E-01  4.3691481067E-01 -7.6548988236E-01
</CP of DelSqRho>
<CP of DelSqRho>
CP# = 16      
Type = (3,+1)
Coords =  2.88965746048694E-01 -3.13336094591442E-01 -2.23634638626412E-02
DistFromNuc =  4.2682646952E-01
Rho =  1.3993435814E+01
DelSqRho = -2.2464875861E+02
GradDelSqRho =  8.6401996668E-12 -7.7307049651E-12 -1.0800249584E-12
HessDelSqRho_EigVals = -3.2072099167E+02  8.7061777954E+01  9.3029537265E+04
HessDelSqRho_EigVec1 =  1.3355121737E-01  5.2583534384E-02  9.8964591863E-01
HessDelSqRho_EigVec2 =  7.2375972297E-01  6.7698738282E-01 -1.3364111236E-01
HessDelSqRho_EigVec3 = -6.7700512240E-01  7.3411378914E-01  5.2354644839E-02
</CP of DelSqRho>
<CP of DelSqRho>
CP# = 17      
Type = (3,-1)
Coords =  1.25539919354704E-03  1.71034911985496E-01 -1.12454688241542E-01
DistFromNuc =  2.0469629711E-01
Rho =  7.2496467301E+01
DelSqRho =  9.6573011636E+03
GradDelSqRho =  1.2278178474E-11 -8.5492501967E-11 -3.6379788071E-11
HessDelSqRho_EigVals = -6.4032608367E+06 -2.8123960126E+03  1.6786219643E+03
HessDelSqRho_EigVec1 =  6.9885178206E-03  8.3645936338E-01 -5.4798439215E-01
HessDelSqRho_EigVec2 =  1.1503990033E-01  5.4368685703E-01  8.3136659954E-01
HessDelSqRho_EigVec3 =  9.9333628845E-01 -6.8850090153E-02 -9.2426636506E-02
</CP of DelSqRho>
<CP of DelSqRho>
CP# = 18      
Type = (3,-1)
Coords = -3.27553728422905E-02 -1.15537312273668E-01 -1.65656879839955E-01
DistFromNuc =  2.0460690804E-01
Rho =  7.2614499129E+01
DelSqRho =  9.6589955640E+03
GradDelSqRho = -2.9103830457E-11  9.0949470177E-12  5.8207660913E-11
HessDelSqRho_EigVals = -6.4156549971E+06 -4.1412360852E+03  1.6356705746E+03
HessDelSqRho_EigVec1 =  1.5881867015E-01  5.6434806957E-01  8.1011597095E-01
HessDelSqRho_EigVec2 = -4.8233104759E-03  8.2096403517E-01 -5.7095953328E-01
HessDelSqRho_EigVec3 =  9.8729598687E-01 -8.6771592936E-02 -1.3310644226E-01
</CP of DelSqRho>
<CP of DelSqRho>
CP# = 19      
Type = (3,-1)
Coords =  1.30283073455675E-01 -1.53904234251142E-01 -3.53271412601385E-02
DistFromNuc =  2.0471492241E-01
Rho =  7.2472547017E+01
DelSqRho =  9.6641621571E+03
GradDelSqRho = -5.8207660913E-11  5.8207660913E-11  8.7311491370E-11
HessDelSqRho_EigVals = -6.4029333704E+06 -6.0797164182E+03  2.0024038676E+03
HessDelSqRho_EigVec1 = -6.3633665424E-01  7.5171244527E-01  1.7321680662E-01
HessDelSqRho_EigVec2 =  7.6881842114E-01  6.3639825740E-01  6.2573902624E-02
HessDelSqRho_EigVec3 =  6.3197292532E-02 -1.7299033962E-01  9.8289391321E-01
</CP of DelSqRho>
<CP of DelSqRho>
CP# = 20      
Type = (3,-3)
Coords =  1.26137423580578E-01  8.63803636368315E-02  1.36139780251677E-01
DistFromNuc =  2.0471017712E-01
Rho =  7.2480064955E+01
DelSqRho =  9.6648954939E+03
GradDelSqRho =  5.0022208598E-11 -2.0008883439E-11 -6.9121597335E-11
HessDelSqRho_EigVals = -6.4035419608E+06 -4.5463198736E+03 -3.8215958217E+02
HessDelSqRho_EigVec1 =  6.1613703187E-01  4.2156368978E-01  6.6532639615E-01
HessDelSqRho_EigVec2 = -7.8619888639E-01  3.8022569637E-01  4.8715472989E-01
HessDelSqRho_EigVec3 =  4.7607446865E-02  8.2323294108E-01 -5.6570403546E-01
</CP of DelSqRho>
<CP of DelSqRho>
CP# = 21      
Type = (3,-3)
Coords = -1.28281126548616E-01 -1.05999638052090E-01 -1.19208530145646E-01
DistFromNuc =  2.0470135406E-01
Rho =  7.2483681620E+01
DelSqRho =  9.6622696756E+03
GradDelSqRho =  4.5474735089E-11 -2.1827872843E-11 -7.2759576142E-11
HessDelSqRho_EigVals = -6.4017073832E+06 -4.2423770475E+03 -1.1315548060E+03
HessDelSqRho_EigVec1 =  6.2669292992E-01  5.1751408743E-01  5.8261062547E-01
HessDelSqRho_EigVec2 = -4.6030686118E-01  8.4910822783E-01 -2.5910000189E-01
HessDelSqRho_EigVec3 = -6.2878737674E-01 -1.0580352897E-01  7.7034540832E-01
</CP of DelSqRho>
<CP of DelSqRho>
CP# = 22      
Type = (3,+3)
Coords = -4.25336201950905E-01 -1.84816384728890E-03  1.03158591231295E-02
DistFromNuc =  4.2546529512E-01
Rho =  1.4153320267E+01
DelSqRho = -2.3586719420E+02
GradDelSqRho =  6.2527760747E-13  1.1368683772E-12  6.8212102633E-13
HessDelSqRho_EigVals =  3.6869700375E+02  3.9565120301E+02  9.5998305966E+04
HessDelSqRho_EigVec1 =  2.0856499689E-02 -6.7297803368E-01  7.3936836056E-01
HessDelSqRho_EigVec2 =  1.3073444979E-02  7.3964957307E-01  6.7286521243E-01
HessDelSqRho_EigVec3 =  9.9969699982E-01  4.3675215127E-03 -2.4224642386E-02
</CP of DelSqRho>
<CP of DelSqRho>
CP# = 23      
Type = (3,-1)
Coords = -1.61974283743516E-01 -3.95379652332358E-01  1.69422245764081E-02
DistFromNuc =  4.2760703578E-01
Rho =  1.3885621743E+01
DelSqRho = -2.1862038773E+02
GradDelSqRho =  2.7284841053E-12 -4.3200998334E-12 -1.9326762413E-12
HessDelSqRho_EigVals = -2.5445762332E+02 -2.1619919308E+02  9.1192543619E+04
HessDelSqRho_EigVec1 = -3.2514736561E-01  1.7309633533E-01  9.2968642527E-01
HessDelSqRho_EigVec2 =  8.6647424518E-01 -3.3928259155E-01  3.6620992000E-01
HessDelSqRho_EigVec3 =  3.7881601480E-01  9.2462153434E-01 -3.9666675658E-02
</CP of DelSqRho>
<CP of DelSqRho>
CP# = 24      
Type = (3,-1)
Coords = -1.89588980879032E-01  2.05104149774876E-01 -3.23949448440457E-01
DistFromNuc =  4.2773232175E-01
Rho =  1.3880313851E+01
DelSqRho = -2.1744061228E+02
GradDelSqRho = -6.8212102633E-13  1.3642420527E-12 -4.5474735089E-13
HessDelSqRho_EigVals = -3.5483048305E+02 -3.1920220264E+02  9.0934701016E+04
HessDelSqRho_EigVec1 = -5.5876249715E-01  5.1290041525E-01  6.5170364110E-01
HessDelSqRho_EigVec2 =  7.0095132439E-01  7.1205312521E-01  4.0590487953E-02
HessDelSqRho_EigVec3 =  4.4322873623E-01 -4.7949297275E-01  7.5738680769E-01
</CP of DelSqRho>
<CP of DelSqRho>
CP# = 25      
Type = (3,-1)
Coords = -1.61938130444642E-01  2.14602581241640E-01  3.32831551502307E-01
DistFromNuc =  4.2784935157E-01
Rho =  1.3866008608E+01
DelSqRho = -2.1657334106E+02
GradDelSqRho = -2.5011104299E-12  1.2221335055E-12  9.0949470177E-13
HessDelSqRho_EigVals = -4.0480687149E+02 -3.0619658580E+02  9.0664365555E+04
HessDelSqRho_EigVec1 = -1.6794186894E-02  8.3660839096E-01 -5.4754393017E-01
HessDelSqRho_EigVec2 = -9.2546568589E-01 -2.2028800164E-01 -3.0819873550E-01
HessDelSqRho_EigVec3 = -3.7845900639E-01  5.0155717173E-01  7.7795191623E-01
</CP of DelSqRho>
<CP of DelSqRho>
CP# = 26      
Type = (3,+3)
Coords =  1.47804420178405E-01 -1.59487439827299E-01  3.65165052194834E-01
DistFromNuc =  4.2500341814E-01
Rho =  1.4226753389E+01
DelSqRho = -2.3947614987E+02
GradDelSqRho = -2.0463630790E-12 -2.2737367544E-13  9.0949470177E-13
HessDelSqRho_EigVals =  3.1397648768E+02  4.2606538991E+02  9.7310611856E+04
HessDelSqRho_EigVec1 =  9.3398769185E-01  2.1867148940E-01 -2.8257701817E-01
HessDelSqRho_EigVec2 = -8.1827466310E-02  9.0074220532E-01  4.2657677540E-01
HessDelSqRho_EigVec3 =  3.4780922534E-01 -3.7529489642E-01  8.5917546723E-01
</CP of DelSqRho>
<CP of DelSqRho>
CP# = 27      
Type = (3,+1)
Coords = -2.78483978290194E-01 -1.63109271519259E-01 -2.79163389995222E-01
DistFromNuc =  4.2672023497E-01
Rho =  1.4007504209E+01
DelSqRho = -2.2558588619E+02
GradDelSqRho =  9.0949470177E-13  4.5474735089E-13 -6.8212102633E-13
HessDelSqRho_EigVals = -3.5324710092E+02  2.1518793337E+02  9.3209868689E+04
HessDelSqRho_EigVec1 = -7.5712351785E-01  2.9479232449E-01  5.8297638386E-01
HessDelSqRho_EigVec2 =  2.9959224452E-02 -8.7578755015E-01  4.8176613815E-01
HessDelSqRho_EigVec3 =  6.5258441874E-01  3.8222199363E-01  6.5424760145E-01
</CP of DelSqRho>
<CP of DelSqRho>
CP# = 28      
Type = (3,+1)
Coords = -2.85271428540858E-01  3.17238667539371E-01  1.38929381963145E-03
DistFromNuc =  4.2664046955E-01
Rho =  1.4011609921E+01
DelSqRho = -2.2632537093E+02
GradDelSqRho =  2.7284841053E-12 -1.3642420527E-12  7.9580786405E-13
HessDelSqRho_EigVals = -3.6585058044E+02  3.1787030162E+02  9.3393000934E+04
HessDelSqRho_EigVec1 =  7.4351060474E-01  6.6863693604E-01 -1.0799463123E-02
HessDelSqRho_EigVec2 =  1.0191670723E-02  4.8175047994E-03  9.9993645873E-01
HessDelSqRho_EigVec3 = -6.6864647647E-01  7.4357342570E-01  3.2326615788E-03
</CP of DelSqRho>
<CP of DelSqRho>
CP# = 29      
Type = (3,+1)
Coords =  2.30451878419614E-01  2.33198485493922E-01  2.73295838573316E-01
DistFromNuc =  4.2682574581E-01
Rho =  1.3992560236E+01
DelSqRho = -2.2479166848E+02
GradDelSqRho =  4.5474735089E-13  2.2737367544E-12 -4.5474735089E-13
HessDelSqRho_EigVals = -3.9486203694E+02  1.8984275257E+02  9.3019133625E+04
HessDelSqRho_EigVec1 =  1.9319732058E-01 -8.2086347769E-01  5.3745506447E-01
HessDelSqRho_EigVec2 = -8.1924074135E-01  1.6647715510E-01  5.4875309980E-01
HessDelSqRho_EigVec3 =  5.3992536802E-01  5.4632271400E-01  6.4032186370E-01
</CP of DelSqRho>
<CP of DelSqRho>
CP# = 30      
Type = (3,+1)
Coords = -2.69205244260533E-01 -1.51275808092468E-01  2.94296506528435E-01
DistFromNuc =  4.2657504311E-01
Rho =  1.4021118691E+01
DelSqRho = -2.2680731470E+02
GradDelSqRho =  4.8316906032E-13  1.1368683772E-13  5.1159076975E-13
HessDelSqRho_EigVals = -3.1787088047E+02  2.7951052991E+02  9.3585229683E+04
HessDelSqRho_EigVec1 = -7.7550179319E-01  2.6610712065E-01 -5.7252420831E-01
HessDelSqRho_EigVec2 = -1.9453293241E-02  8.9632986826E-01  4.4296087485E-01
HessDelSqRho_EigVec3 =  6.3104559118E-01  3.5465443407E-01 -6.8992876027E-01
</CP of DelSqRho>
<CP of DelSqRho>
CP# = 31      
Type = (3,+1)
Coords =  1.75606825907521E-01  2.33054713593510E-01 -3.11378429853026E-01
DistFromNuc =  4.2674205723E-01
Rho =  1.4000897000E+01
DelSqRho = -2.2547817284E+02
GradDelSqRho = -4.1495695768E-12 -1.5916157281E-12 -3.0695446185E-12
HessDelSqRho_EigVals = -3.5116043375E+02  2.4072073609E+02  9.3168575177E+04
HessDelSqRho_EigVec1 =  8.7664380073E-02 -8.2059771085E-01 -5.6474273207E-01
HessDelSqRho_EigVec2 =  9.0718763160E-01 -1.6842083461E-01  3.8554509923E-01
HessDelSqRho_EigVec3 = -4.1149186813E-01 -5.4612619368E-01  7.2967158574E-01
</CP of DelSqRho>
<CP of DelSqRho>
CP# = 32      
Type = (3,+3)
Coords =  1.07071224087935E-01 -1.67529960464033E-01 -3.75833290287584E-01
DistFromNuc =  4.2518372119E-01
Rho =  1.4206775423E+01
DelSqRho = -2.3803141842E+02
GradDelSqRho =  7.9580786405E-13 -1.3642420527E-12 -7.7307049651E-12
HessDelSqRho_EigVals =  3.2539903334E+02  3.8341598671E+02  9.6754416518E+04
HessDelSqRho_EigVec1 =  4.4790258510E-01  8.5710247914E-01 -2.5447713945E-01
HessDelSqRho_EigVec2 = -8.5788542182E-01  3.3182721476E-01 -3.9233060367E-01
HessDelSqRho_EigVec3 = -2.5182509265E-01  3.9403811972E-01  8.8392198916E-01
</CP of DelSqRho>
<CP of DelSqRho>
CP# = 33      
Type = (3,+3)
Coords =  6.18492094107130E-02  4.20749430811163E-01 -4.79982177451427E-03
DistFromNuc =  4.2529806786E-01
Rho =  1.4171418863E+01
DelSqRho = -2.3726710894E+02
GradDelSqRho =  9.0949470177E-13 -1.3642420527E-12 -1.8189894035E-12
HessDelSqRho_EigVals =  4.1211871729E+02  4.4165191610E+02  9.6424922825E+04
HessDelSqRho_EigVec1 =  9.7324648748E-01 -1.4512795922E-01 -1.7812678086E-01
HessDelSqRho_EigVec2 =  1.7786068286E-01 -1.4912745918E-02  9.8394267491E-01
HessDelSqRho_EigVec3 =  1.4545395182E-01  9.8930050311E-01 -1.1298780346E-02
</CP of DelSqRho>
<CP of DelSqRho>
CP# = 34      
Type = (3,+1)
Coords =  6.82956303126507E-01  9.91328094982851E-02 -6.64647661901660E-02
DistFromNuc =  6.9330670777E-01
Rho =  3.6643050206E+00
DelSqRho =  5.6087511854E+01
GradDelSqRho =  7.1054273576E-14 -1.4210854715E-14 -7.1054273576E-15
HessDelSqRho_EigVals = -3.8420187720E+03  9.3305923260E+00  1.1014618533E+01
HessDelSqRho_EigVec1 =  9.8493813980E-01  1.4380124517E-01 -9.6010742386E-02
HessDelSqRho_EigVec2 = -1.2863826912E-01  9.8045826395E-01  1.4884148740E-01
HessDelSqRho_EigVec3 =  1.1553811702E-01 -1.3424900200E-01  9.8418908192E-01
</CP of DelSqRho>
<CP of DelSqRho>
CP# = 35      
Type = (3,-3)
Coords = -6.93159723046769E-01 -3.04661271222754E-02  2.56429091060815E-02
DistFromNuc =  6.9430263239E-01
Rho =  3.6502111607E+00
DelSqRho =  5.7624628359E+01
GradDelSqRho =  1.3500311979E-13  1.8474111130E-13 -3.5527136788E-14
HessDelSqRho_EigVals = -3.9403362866E+03 -1.1690319069E+01 -1.0270317974E+01
HessDelSqRho_EigVec1 =  9.9831292407E-01  4.4606568661E-02 -3.7169337743E-02
HessDelSqRho_EigVec2 =  1.6569291508E-02  3.9467452830E-01  9.1867158185E-01
HessDelSqRho_EigVec3 = -5.5648577833E-02  9.1773758272E-01 -3.9326958316E-01
</CP of DelSqRho>
<CP of DelSqRho>
CP# = 36      
Type = (3,-3)
Coords =  1.21484727180977E-01  6.83074564531849E-01 -2.58051085920850E-02
DistFromNuc =  6.9427321947E-01
Rho =  3.6506108988E+00
DelSqRho =  5.7776466448E+01
GradDelSqRho =  4.0500935938E-13  7.3896444519E-13 -7.8159700934E-14
HessDelSqRho_EigVals = -3.9539599857E+03 -1.3182428995E+01 -1.1342956162E+01
HessDelSqRho_EigVec1 =  1.7549308098E-01  9.8375860008E-01 -3.7698743869E-02
HessDelSqRho_EigVec2 = -3.0714172479E-02  4.3745464544E-02  9.9857046519E-01
HessDelSqRho_EigVec3 =  9.8400143198E-01 -1.7408432178E-01  3.7892357672E-02
</CP of DelSqRho>
<CP of DelSqRho>
CP# = 37      
Type = (3,+1)
Coords = -2.05578796775460E-01 -6.61944043279768E-01 -8.95501083512856E-03
DistFromNuc =  6.9319026994E-01
Rho =  3.6659394255E+00
DelSqRho =  5.6156268798E+01
GradDelSqRho =  1.8474111130E-13  3.7516656448E-12 -9.9475983006E-14
HessDelSqRho_EigVals = -3.8486544924E+03  8.2373873296E+00  1.1789060930E+01
HessDelSqRho_EigVec1 =  2.9716960641E-01  9.5474814395E-01  1.2091594436E-02
HessDelSqRho_EigVec2 =  9.5289316768E-01 -2.9734976437E-01  5.9814117193E-02
HessDelSqRho_EigVec3 = -6.0702850128E-02  6.2529399395E-03  9.9813629567E-01
</CP of DelSqRho>
<CP of DelSqRho>
CP# = 38      
Type = (3,-3)
Coords =  2.64491376955417E-01 -2.83457689526248E-01  5.75457260501533E-01
DistFromNuc =  6.9386959070E-01
Rho =  3.6600363881E+00
DelSqRho =  5.8410132544E+01
GradDelSqRho =  1.6342482922E-13 -1.1368683772E-13  3.2684965845E-13
HessDelSqRho_EigVals = -3.9976663892E+03 -1.5751780352E+01 -1.3193588662E+01
HessDelSqRho_EigVec1 =  3.8151332998E-01 -4.0939410535E-01  8.2876054778E-01
HessDelSqRho_EigVec2 = -9.2449563208E-02  8.7517964257E-01  4.7488279764E-01
HessDelSqRho_EigVec3 =  9.1972857807E-01  2.5779266813E-01 -2.9604439355E-01
</CP of DelSqRho>
<CP of DelSqRho>
CP# = 39      
Type = (3,-3)
Coords =  1.88261494943057E-01 -2.95052050478905E-01 -5.99593512509689E-01
DistFromNuc =  6.9426974816E-01
Rho =  3.6521854751E+00
DelSqRho =  5.8132237125E+01
GradDelSqRho = -4.2632564146E-14  1.6342482922E-13 -1.4210854715E-13
HessDelSqRho_EigVals = -3.9624121539E+03 -1.4361162507E+01 -1.3455775304E+01
HessDelSqRho_EigVec1 = -2.7157692671E-01  4.2547571304E-01  8.6325916763E-01
HessDelSqRho_EigVec2 = -2.7615988698E-01  8.2479921307E-01 -4.9339839374E-01
HessDelSqRho_EigVec3 =  9.2194451552E-01  3.7239317358E-01  1.0649711061E-01
</CP of DelSqRho>
<CP of DelSqRho>
CP# = 40      
Type = (3,+1)
Coords = -2.57319758931242E-01  3.50446659903791E-01  5.39629544883082E-01
DistFromNuc =  6.9298366899E-01
Rho =  3.6699126159E+00
DelSqRho =  5.6130476243E+01
GradDelSqRho =  1.2789769244E-13 -1.1368683772E-13 -2.8421709430E-13
HessDelSqRho_EigVals = -3.8411049101E+03  8.3556763877E+00  1.1965854424E+01
HessDelSqRho_EigVec1 = -3.7141735197E-01  5.0562344573E-01  7.7871309337E-01
HessDelSqRho_EigVec2 = -9.0738088161E-01 -3.7539922012E-01 -1.8903798886E-01
HessDelSqRho_EigVec3 = -1.9674624864E-01  7.7680136242E-01 -5.9822283221E-01
</CP of DelSqRho>
<CP of DelSqRho>
CP# = 41      
Type = (3,-1)
Coords =  3.06192179111669E-01  3.62522704878779E-01 -5.05723355788148E-01
DistFromNuc =  6.9349295216E-01
Rho =  3.6626919167E+00
DelSqRho =  5.6823642860E+01
GradDelSqRho =  3.6859404418E-14 -1.9184653866E-13  2.4513724384E-13
HessDelSqRho_EigVals = -3.8923409114E+03 -6.9331480907E+00  1.1985991953E+01
HessDelSqRho_EigVec1 = -4.4172016166E-01 -5.2314359815E-01  7.2883748154E-01
HessDelSqRho_EigVec2 =  8.9333239320E-01 -1.8158365941E-01  4.1107737703E-01
HessDelSqRho_EigVec3 =  8.2707521123E-02 -8.3267529707E-01 -5.4755028591E-01
</CP of DelSqRho>
<CP of DelSqRho>
CP# = 42      
Type = (3,-1)
Coords = -4.67534465627152E-01 -2.77329661281956E-01 -4.30642410651356E-01
DistFromNuc =  6.9350782507E-01
Rho =  3.6625208773E+00
DelSqRho =  5.6871358546E+01
GradDelSqRho =  1.7053025658E-13 -1.4210854715E-13 -2.7000623959E-13
HessDelSqRho_EigVals = -3.8931152422E+03 -7.5115370828E+00  1.1200376415E+01
HessDelSqRho_EigVec1 =  6.7393875917E-01  4.0024383598E-01  6.2097618364E-01
HessDelSqRho_EigVec2 = -7.7569319421E-02  8.7422374409E-01 -4.7928680970E-01
HessDelSqRho_EigVec3 = -7.3470371550E-01  2.7484125787E-01  6.2021990729E-01
</CP of DelSqRho>
<CP of DelSqRho>
CP# = 43      
Type = (3,-1)
Coords = -4.72712139679488E-01  5.07418120063387E-01 -1.11336214370795E-02
DistFromNuc =  6.9358047341E-01
Rho =  3.6610924618E+00
DelSqRho =  5.6903644653E+01
GradDelSqRho =  3.8369307731E-13 -3.7658764995E-13  4.1744385726E-14
HessDelSqRho_EigVals = -3.8965822862E+03 -8.7683649815E+00  9.8247229218E+00
HessDelSqRho_EigVec1 = -6.8128282329E-01  7.3183744403E-01 -1.6360629487E-02
HessDelSqRho_EigVec2 =  2.0777261543E-02  4.1673289152E-02  9.9891523283E-01
HessDelSqRho_EigVec3 =  7.3172537204E-01  6.8020386097E-01 -4.3596874071E-02
</CP of DelSqRho>
<CP of DelSqRho>
CP# = 44      
Type = (3,-1)
Coords =  4.46699144156844E-01 -5.27581145988593E-01 -5.17341056595971E-02
DistFromNuc =  6.9322320264E-01
Rho =  3.6672197601E+00
DelSqRho =  5.6891803587E+01
GradDelSqRho =  2.2737367544E-13  1.8474111130E-13 -5.3290705182E-14
HessDelSqRho_EigVals = -3.9001956241E+03 -7.4579101153E+00  1.3234237422E+01
HessDelSqRho_EigVec1 = -6.4431741116E-01  7.6117619105E-01  7.3931589006E-02
HessDelSqRho_EigVec2 =  7.5836479884E-01  6.4841253196E-01 -6.6663485282E-02
HessDelSqRho_EigVec3 =  9.8680826628E-02 -1.3114670369E-02  9.9503271297E-01
</CP of DelSqRho>
<CP of DelSqRho>
CP# = 45      
Type = (3,-1)
Coords =  3.91049711626832E-01  3.90735207735324E-01  4.18541854684897E-01
DistFromNuc =  6.9337663910E-01
Rho =  3.6647053036E+00
DelSqRho =  5.6826505050E+01
GradDelSqRho = -4.8316906032E-13 -5.6843418861E-14 -1.0373923942E-12
HessDelSqRho_EigVals = -3.8926124844E+03 -7.2490434353E+00  1.3115503564E+01
HessDelSqRho_EigVec1 =  5.6431216146E-01  5.6310586859E-01  6.0370817883E-01
HessDelSqRho_EigVec2 =  8.0504807960E-01 -2.1334386556E-01 -5.5351782678E-01
HessDelSqRho_EigVec3 = -1.8289170009E-01  7.9837095124E-01 -5.7371983603E-01
</CP of DelSqRho>
<CP of DelSqRho>
CP# = 46      
Type = (3,-1)
Coords = -4.53045956946582E-01 -2.78022810055696E-01  4.45316799880327E-01
DistFromNuc =  6.9343664042E-01
Rho =  3.6638494774E+00
DelSqRho =  5.6999475452E+01
GradDelSqRho =  4.4408920985E-14 -2.9842794902E-13  3.8369307731E-13
HessDelSqRho_EigVals = -3.9077925630E+03 -8.7097674041E+00  1.0289003890E+01
HessDelSqRho_EigVec1 =  6.5285430481E-01  4.0175574646E-01 -6.4216320112E-01
HessDelSqRho_EigVec2 = -5.7158571816E-02  8.7147008821E-01  4.8710654175E-01
HessDelSqRho_EigVec3 =  7.5532387382E-01 -2.8130447124E-01  5.9190678329E-01
</CP of DelSqRho>
<CP of DelSqRho>
CP# = 47      
Type = (3,+1)
Coords = -3.11684766245825E-01  3.09490679031829E-01 -5.35988615577870E-01
DistFromNuc =  6.9297595193E-01
Rho =  3.6699446307E+00
DelSqRho =  5.6242635442E+01
GradDelSqRho =  1.8474111130E-13 -1.0658141036E-13  3.6948222260E-13
HessDelSqRho_EigVals = -3.8498741881E+03  7.9053914881E+00  1.0464346185E+01
HessDelSqRho_EigVec1 =  4.4973682039E-01 -4.4716254112E-01  7.7316392453E-01
HessDelSqRho_EigVec2 =  8.2666045179E-01  5.3616506027E-01 -1.7076160454E-01
HessDelSqRho_EigVec3 =  3.3818528918E-01 -7.1594182024E-01 -6.1078475768E-01
</CP of DelSqRho>
<CP of DelSqRho>
CP# = 48      
Type = (3,-1)
Coords =  1.20485429516229E+00 -1.31881489969500E+00 -6.63751104369026E-01
DistFromNuc =  1.9056526810E+00
Rho =  8.5575960814E-02
DelSqRho =  1.7475601310E-01
GradDelSqRho =  2.7755575616E-16 -5.5511151231E-17 -4.1633363423E-16
HessDelSqRho_EigVals = -4.8161457184E-01 -6.4023438937E-02  7.0005151420E-01
HessDelSqRho_EigVec1 =  5.8274327412E-01 -4.3391387083E-01  6.8711645968E-01
HessDelSqRho_EigVec2 =  6.9204504453E-01  7.0820943546E-01 -1.3968912582E-01
HessDelSqRho_EigVec3 = -4.2600931071E-01  5.5691843947E-01  7.1299222925E-01
</CP of DelSqRho>
<CP of DelSqRho>
CP# = 49      
Type = (3,-1)
Coords =  6.91591628328179E-01  6.51696439300848E-01 -1.68057357784944E+00
DistFromNuc =  1.9306306690E+00
Rho =  8.1363148989E-02
DelSqRho =  1.6993304791E-01
GradDelSqRho =  9.6936347838E-15 -3.9829251008E-14  3.2543412409E-14
HessDelSqRho_EigVals = -4.3936377243E-01 -4.6953250796E-02  5.1714352181E-01
HessDelSqRho_EigVec1 =  1.6869259576E-01  9.8242859824E-01 -7.9855228340E-02
HessDelSqRho_EigVec2 =  9.2679020368E-01 -1.3051303655E-01  3.5217362999E-01
HessDelSqRho_EigVec3 = -3.3556329732E-01  1.3341812714E-01  9.3252178358E-01
</CP of DelSqRho>
<CP of DelSqRho>
CP# = 50      
Type = (3,-1)
Coords = -9.02938210453246E-01 -7.04450705902511E-01 -1.54193020938632E+00
DistFromNuc =  1.9207022100E+00
Rho =  8.5814876535E-02
DelSqRho =  1.8086805806E-01
GradDelSqRho =  2.2898349883E-16 -1.3183898417E-16  7.9797279895E-17
HessDelSqRho_EigVals = -5.0151948428E-01 -6.4348038756E-02  5.9551426305E-01
HessDelSqRho_EigVec1 =  9.9807861458E-01 -3.3201367537E-02 -5.2313939851E-02
HessDelSqRho_EigVec2 =  6.8052121450E-03  8.9794606671E-01 -4.4005289497E-01
HessDelSqRho_EigVec3 =  6.1585454425E-02  4.3885137630E-01  8.9644670858E-01
</CP of DelSqRho>
<CP of DelSqRho>
CP# = 51      
Type = (3,+1)
Coords = -9.23064761809587E-02 -1.71534226012645E+00 -8.36044058918203E-01
DistFromNuc =  1.9104683257E+00
Rho =  8.5146607063E-02
DelSqRho =  1.4435966033E-01
GradDelSqRho =  9.0205620751E-17  3.0531133177E-16 -7.2858385991E-17
HessDelSqRho_EigVals = -4.1594774930E-01  7.6533309988E-02  7.8759891529E-01
HessDelSqRho_EigVec1 =  3.8687338455E-01  7.1956608714E-01 -5.7667463146E-01
HessDelSqRho_EigVec2 = -9.1022257942E-01  1.9780239455E-01 -3.6382560195E-01
HessDelSqRho_EigVec3 = -1.4772894182E-01  6.6565671254E-01  7.3148978175E-01
</CP of DelSqRho>
<CP of DelSqRho>
CP# = 52      
Type = (3,+1)
Coords =  1.55935794248216E+00 -9.58821836532167E-02 -1.12254009836038E+00
DistFromNuc =  1.9237689202E+00
Rho =  8.3169812905E-02
DelSqRho =  1.5209308380E-01
GradDelSqRho =  0.0000000000E+00 -2.1163626407E-16  2.0816681712E-17
HessDelSqRho_EigVals = -4.4728560040E-01  5.0954582967E-02  7.1253887647E-01
HessDelSqRho_EigVec1 =  8.3551863783E-01  4.2429135587E-01  3.4912096924E-01
HessDelSqRho_EigVec2 = -2.4925181656E-01  8.5892417674E-01 -4.4735085845E-01
HessDelSqRho_EigVec3 = -4.8967554337E-01  2.8675094410E-01  8.2340254936E-01
</CP of DelSqRho>
<CP of DelSqRho>
CP# = 53      
Type = (3,-1)
Coords =  1.08887723893433E+00 -1.70870291753873E+00  6.52474019002156E-01
DistFromNuc =  2.1286243556E+00
Rho =  6.0895991286E-02
DelSqRho =  1.2443805285E-01
GradDelSqRho = -6.9388939039E-18  6.2450045135E-17  1.2143064332E-17
HessDelSqRho_EigVals = -4.6575054692E-01 -4.6852851092E-02  1.8447790417E-01
HessDelSqRho_EigVec1 = -3.5429443894E-01  8.9179918261E-01  2.8137105117E-01
HessDelSqRho_EigVec2 =  9.1562182339E-01  3.9197084785E-01 -8.9417732947E-02
HessDelSqRho_EigVec3 =  1.9003191064E-01 -2.2594926939E-01  9.5542388530E-01
</CP of DelSqRho>
<CP of DelSqRho>
CP# = 54      
Type = (3,+1)
Coords = -3.49012192927985E-01 -1.69487106273151E+00  1.14589226425261E+00
DistFromNuc =  2.0754436902E+00
Rho =  6.0468707276E-02
DelSqRho =  1.0506317002E-01
GradDelSqRho = -1.1676770661E-13  2.3800406090E-13  4.8266945996E-14
HessDelSqRho_EigVals = -3.8408303525E-01  2.4168925207E-02  1.7106569318E-01
HessDelSqRho_EigVec1 =  5.0071139196E-01  8.6501536048E-01  3.2195156448E-02
HessDelSqRho_EigVec2 =  7.2165638376E-01 -3.9661137094E-01 -5.6737243872E-01
HessDelSqRho_EigVec3 =  4.7801690947E-01 -3.0732368373E-01  8.2283168855E-01
</CP of DelSqRho>
<CP of DelSqRho>
CP# = 55      
Type = (3,-1)
Coords = -7.53458955585465E-01 -1.16939194866670E+00  1.73736151656151E+00
DistFromNuc =  2.2256691054E+00
Rho =  5.9037282917E-02
DelSqRho =  1.0817532277E-01
GradDelSqRho =  9.7144514655E-17 -2.7755575616E-17  1.2403272853E-16
HessDelSqRho_EigVals = -4.1398727024E-01 -1.6622329713E-02  1.3137003572E-01
HessDelSqRho_EigVec1 =  7.4688329721E-01  5.2809156015E-01 -4.0408494707E-01
HessDelSqRho_EigVec2 = -1.8829299168E-01  7.5077750452E-01  6.3314997274E-01
HessDelSqRho_EigVec3 =  6.3773904509E-01 -3.9680277569E-01  6.6017911779E-01
</CP of DelSqRho>
<CP of DelSqRho>
CP# = 56      
Type = (3,+1)
Coords =  1.71807919467662E+00  1.56120286314177E+00 -1.85319904167118E-01
DistFromNuc =  2.3288396179E+00
Rho =  4.8799644239E-02
DelSqRho =  9.4244416576E-02
GradDelSqRho = -5.1174342541E-17 -8.6736173799E-17  4.5102810375E-17
HessDelSqRho_EigVals = -3.3435697338E-01  3.2557276212E-02  1.8597294744E-01
HessDelSqRho_EigVec1 =  9.9148500679E-01  2.1752426188E-02 -1.2839125075E-01
HessDelSqRho_EigVec2 =  1.2895776887E-01 -2.7021110302E-02  9.9128187386E-01
HessDelSqRho_EigVec3 = -1.8093511644E-02  9.9939816467E-01  2.9596170079E-02
</CP of DelSqRho>
<CP of DelSqRho>
CP# = 57      
Type = (3,+1)
Coords = -6.45466736518368E-01  2.01897075426207E+00 -1.03466261818615E+00
DistFromNuc =  2.3586854279E+00
Rho =  5.0662361351E-02
DelSqRho =  9.7737252579E-02
GradDelSqRho =  6.3660014760E-13 -4.0522576614E-13  6.4898780794E-13
HessDelSqRho_EigVals = -3.4624207463E-01  1.8339983213E-02  2.1695695080E-01
HessDelSqRho_EigVec1 =  6.1329289054E-01 -3.0973003498E-01  7.2659420301E-01
HessDelSqRho_EigVec2 =  7.2312852635E-01 -1.4987694651E-01 -6.7425665387E-01
HessDelSqRho_EigVec3 =  3.1773725749E-01  9.3893780749E-01  1.3205615801E-01
</CP of DelSqRho>
<CP of DelSqRho>
CP# = 58      
Type = (3,-1)
Coords = -1.09235482495231E+00  2.10911363136621E+00 -8.70029740492768E-02
DistFromNuc =  2.3767980333E+00
Rho =  4.9904555486E-02
DelSqRho =  1.0132690307E-01
GradDelSqRho =  9.7144514655E-17 -4.7704895589E-17  6.9388939039E-18
HessDelSqRho_EigVals = -3.6333593857E-01 -1.5223715460E-02  1.9403320189E-01
HessDelSqRho_EigVec1 =  9.1092886247E-01 -4.0766781195E-01  6.3368467066E-02
HessDelSqRho_EigVec2 = -5.9413169783E-02  2.2369852681E-02  9.9798279792E-01
HessDelSqRho_EigVec3 =  4.0826300687E-01  9.1285625637E-01  3.8434924702E-03
</CP of DelSqRho>
<CP of DelSqRho>
CP# = 59      
Type = (3,-1)
Coords =  7.63265953985026E-01  1.78520611205793E+00 -1.32129979022589E+00
DistFromNuc =  2.3484822577E+00
Rho =  4.9525593344E-02
DelSqRho =  1.0997240220E-01
GradDelSqRho = -5.0306980803E-17  1.5092094241E-16 -8.3266726847E-17
HessDelSqRho_EigVals = -4.0125036686E-01 -3.1080687413E-02  2.2815582179E-01
HessDelSqRho_EigVec1 = -3.4933404810E-01 -1.9176315780E-01  9.1716553258E-01
HessDelSqRho_EigVec2 =  9.3251413789E-01 -1.6679876372E-01  3.2030540902E-01
HessDelSqRho_EigVec3 =  9.1559300265E-02  9.6716341108E-01  2.3709034313E-01
</CP of DelSqRho>
<CP of DelSqRho>
CP# = 60      
Type = (3,+1)
Coords = -5.66229043277787E-01  2.01458833817840E+00  1.11201315265028E+00
DistFromNuc =  2.3697583745E+00
Rho =  5.0234767597E-02
DelSqRho =  9.3594470858E-02
GradDelSqRho =  8.7690271711E-16 -4.7531423242E-16 -4.9873299934E-17
HessDelSqRho_EigVals = -3.2894892229E-01  2.9468631087E-02  2.1707831113E-01
HessDelSqRho_EigVec1 = -5.5930085824E-01  2.9283579210E-01  7.7551901900E-01
HessDelSqRho_EigVec2 =  7.7168175683E-01 -1.5780537103E-01  6.1612071142E-01
HessDelSqRho_EigVec3 =  3.0280326310E-01  9.4305072172E-01 -1.3771535906E-01
</CP of DelSqRho>
<Path of -GradDelSqRho>
Starting CP# =      2
Ending CP# =     26
Number of Points =     47
  2.0477001744E-01 -5.7393048374E-03 -3.8794446945E-03  7.2331576588E+01  9.6264311066E+03
  2.2975544586E-01 -6.4547308882E-03 -4.3447718150E-03  4.9203033371E+01  8.2668263139E+03
  2.5474077686E-01 -7.1757818599E-03 -4.8066332730E-03  3.5210244541E+01  5.8817002123E+03
  2.7972599138E-01 -7.9034769572E-03 -5.2643551444E-03  2.7053576867E+01  3.6932912950E+03
  3.0471106143E-01 -8.6392650956E-03 -5.7169924652E-03  2.2360570460E+01  2.0384150974E+03
  3.2969592716E-01 -9.3861579431E-03 -6.1626545346E-03  1.9568898120E+01  9.3643563458E+02
  3.5468046112E-01 -1.0150285431E-02 -6.5975290152E-03  1.7726516977E+01  2.8475701076E+02
  3.7966435652E-01 -1.0945288251E-02 -7.0131367892E-03  1.6301554798E+01 -5.1472770760E+01
  4.0464648235E-01 -1.1814215416E-02 -7.3826976799E-03  1.5027561824E+01 -1.9100404956E+02
  4.2652891613E-01 -1.5079747184E-02 -6.1382493876E-03  1.3942511139E+01 -2.2037269032E+02
  4.2613695696E-01 -2.3707746446E-02 -3.9980481583E-04  1.3947174617E+01 -2.2061939695E+02
  4.2548306999E-01 -3.2534441108E-02  6.0291121647E-03  1.3951395908E+01 -2.2089549328E+02
  4.2450646115E-01 -4.1511038690E-02  1.3219919995E-02  1.3956109248E+01 -2.2120319458E+02
  4.2316028083E-01 -5.0575932823E-02  2.1239450109E-02  1.3961364417E+01 -2.2154604422E+02
  4.2139239490E-01 -5.9662869343E-02  3.0153049483E-02  1.3967220620E+01 -2.2192833630E+02
  4.1914431564E-01 -6.8701846254E-02  4.0021500210E-02  1.3973748341E+01 -2.2235519960E+02
