 AIMInt (Version 19.10.12, Professional)
 Portions Copyright (c) 1997-2019 by Todd A. Keith
 AIMInt is a component of the AIMAll package ( http://aim.tkgristmill.com )

 TP:  64-bit Mac OS X

 AIMInt is a heavily modified and extended version of the PROAIMV program
 developed by members of R.F.W. Bader's research group

 Much of the Quantum Theory of Atoms in Molecules (QTAIM) is described in the book:
   "Atoms in Molecules - A Quantum Theory"
   R.F.W. Bader, Oxford University Press, Oxford, 1990

 For additional references see:  http://aim.tkgristmill.com/references.html

 Current Directory:  /Users/chemlab/Documents/SubstituentCoding/New Reorientation Test

 Inp File:  SubC6H5_OPH2O-ReorPosY-B3LYP-def2-TZVPPD-Field_atomicfiles/c11.inp
 Wfx File:  SubC6H5_OPH2O-ReorPosY-B3LYP-def2-TZVPPD-Field.wfx
 Out File:  SubC6H5_OPH2O-ReorPosY-B3LYP-def2-TZVPPD-Field_atomicfiles/c11.int

 Wfx Title:   SubC6H5_OPH2O-ReorPosY-B3LYP-def2-TZVPPD-Field.chk                            
 Job Title:   SubC6H5_OPH2O-ReorPosY-B3LYP-def2-TZVPPD-Field.chk                            
 
<Atom>
C11     
</Atom>
<Nuclei of Molecule>
    16
O1         8.0           0.0000000000E+00   0.0000000000E+00   0.0000000000E+00
C2         6.0          -2.6356814912E+00   0.0000000000E+00   0.0000000000E+00
P3        15.0           1.7126853449E+00   2.5113700864E+00   0.0000000000E+00
H4         1.0           4.0315829194E+00   1.3415413108E+00  -5.2816901981E-01
H5         1.0           9.9489081698E-01   3.7046189105E+00  -2.2698190616E+00
O6         8.0           1.6593574865E+00   4.1711117347E+00   2.2252373228E+00
C7         6.0          -3.8192678216E+00  -1.7320510999E+00  -1.5765588355E+00
C8         6.0          -4.0192679392E+00   1.5947777952E+00   1.5620093276E+00
C9         6.0          -6.4408587818E+00  -1.8604937531E+00  -1.5981954586E+00
H10        1.0          -2.6832853621E+00  -2.9561155908E+00  -2.7532592312E+00
C11        6.0          -6.6444764375E+00   1.4520630062E+00   1.5059258036E+00
H12        1.0          -3.0560966605E+00   2.9023225804E+00   2.7998521980E+00
C13        6.0          -7.8608549151E+00  -2.6698365554E-01  -6.3064843896E-02
H14        1.0          -7.3721211709E+00  -3.2086313682E+00  -2.8206281540E+00
H15        1.0          -7.7353379447E+00   2.6892991482E+00   2.7134392723E+00
H16        1.0          -9.9016539083E+00  -3.7080585530E-01  -8.5601106520E-02
</Nuclei of Molecule>
<Total Number of CPs of DelSqRho>
    37
</Total Number of CPs of DelSqRho>
<Number of (3,+3) CPs of DelSqRho>
     4
</Number of (3,+3) CPs of DelSqRho>
<Number of (3,+1) CPs of DelSqRho>
    14
</Number of (3,+1) CPs of DelSqRho>
<Number of (3,-1) CPs of DelSqRho>
    15
</Number of (3,-1) CPs of DelSqRho>
<Number of (3,-3) CPs of DelSqRho>
     4
</Number of (3,-3) CPs of DelSqRho>
<Number of Degenerate CPs of DelSqRho>
     0
</Number of Degenerate CPs of DelSqRho>
<CP of DelSqRho>
CP# = 1       
Type = (3,+3)
Coords = -6.64447643242901E+00  1.45206302336729E+00  1.50592581761832E+00
DistFromNuc =  2.2731320326E-08
Rho =  1.2207217518E+02
DelSqRho = -9.6835061242E+05
GradDelSqRho =  1.2402764696E-05  1.3263868368E-06 -1.4321572053E-06
HessDelSqRho_EigVals =  3.3376255012E+10  3.3376258518E+10  3.3376259952E+10
HessDelSqRho_EigVec1 =  2.8329551440E-02 -6.8434301241E-01  7.2860968829E-01
HessDelSqRho_EigVec2 = -5.4633258593E-01  5.9980077686E-01  5.8460220118E-01
HessDelSqRho_EigVec3 =  8.3708908849E-01  4.1462473327E-01  3.5688680067E-01
</CP of DelSqRho>
<CP of DelSqRho>
CP# = 2       
Type = (3,+1)
Coords = -7.25666730025574E+00  5.92278361989332E-01  7.20349854905617E-01
DistFromNuc =  1.3157267414E+00
Rho =  3.2125028119E-01
DelSqRho = -9.5660622677E-01
GradDelSqRho = -2.1094237468E-15 -7.9936057773E-15 -8.5764728652E-15
HessDelSqRho_EigVals = -6.3901869059E+00  4.7033191997E+00  6.6622793911E+00
HessDelSqRho_EigVec1 =  4.6423703330E-01  6.5443657527E-01  5.9682220624E-01
HessDelSqRho_EigVec2 =  2.6184396774E-02 -6.8368015059E-01  7.2931188737E-01
HessDelSqRho_EigVec3 =  8.8532386971E-01 -3.2294615749E-01 -3.3452567179E-01
</CP of DelSqRho>
<CP of DelSqRho>
CP# = 3       
Type = (3,+1)
Coords = -7.32216401614863E+00  2.22095642026470E+00  2.25627383969701E+00
DistFromNuc =  1.2702282125E+00
Rho =  2.9307507977E-01
DelSqRho = -1.0995564849E+00
GradDelSqRho = -1.4016565686E-15  2.7755575616E-16 -1.6237011735E-15
HessDelSqRho_EigVals = -9.6343737408E+00  7.8760487411E+00  8.2906370279E+00
HessDelSqRho_EigVec1 =  5.3376022697E-01 -6.0511574582E-01 -5.9070716456E-01
HessDelSqRho_EigVec2 = -2.6771223017E-02  6.8609427996E-01 -7.2701990387E-01
HessDelSqRho_EigVec3 =  8.4521199809E-01  4.0386826214E-01  3.5001015001E-01
</CP of DelSqRho>
<CP of DelSqRho>
CP# = 4       
Type = (3,-3)
Coords = -6.65038642157863E+00  1.60695675885158E+00  1.32549346190077E+00
DistFromNuc =  2.3787146204E-01
Rho =  7.8724105802E+00
DelSqRho =  2.9253254981E+02
GradDelSqRho =  8.5265128291E-14  1.7266188479E-12 -3.3182345760E-12
HessDelSqRho_EigVals = -7.4243802314E+04 -1.1609584138E+02 -1.0587586576E+02
HessDelSqRho_EigVec1 =  2.4871136431E-02 -6.5103752421E-01  7.5863796942E-01
HessDelSqRho_EigVec2 =  6.0251279263E-01  6.1531843236E-01  5.0829279113E-01
HessDelSqRho_EigVec3 =  7.9772160639E-01 -4.4444726219E-01 -4.0756210549E-01
</CP of DelSqRho>
<CP of DelSqRho>
CP# = 5       
Type = (3,+1)
Coords = -6.73270801889467E+00  1.61198961477755E+00  1.65863237033159E+00
DistFromNuc =  2.3807693634E-01
Rho =  7.8981875501E+00
DelSqRho =  2.8883230144E+02
GradDelSqRho =  1.2700951402E-12 -1.3855583347E-12 -2.7853275242E-12
HessDelSqRho_EigVals = -7.3974591177E+04  3.2779157203E+01  1.3226785964E+02
HessDelSqRho_EigVec1 = -3.7083840198E-01  6.7166281949E-01  6.4136412165E-01
HessDelSqRho_EigVec2 =  9.2847051314E-01  2.8340130434E-01  2.4005459155E-01
HessDelSqRho_EigVec3 =  2.0527684842E-02 -6.8450913625E-01  7.2871520949E-01
</CP of DelSqRho>
<CP of DelSqRho>
CP# = 6       
Type = (3,-3)
Coords = -6.64031936314637E+00  1.28100170422189E+00  1.67115404608247E+00
DistFromNuc =  2.3786471452E-01
Rho =  7.8726064697E+00
DelSqRho =  2.9257265089E+02
GradDelSqRho =  3.0553337638E-13 -5.4818372064E-12  7.0699002208E-12
HessDelSqRho_EigVals = -7.4249796914E+04 -1.1680149857E+02 -1.0673236506E+02
HessDelSqRho_EigVec1 = -1.7451507976E-02  7.1927043991E-01 -6.9451096402E-01
HessDelSqRho_EigVec2 =  5.9233818004E-01  5.6703680504E-01  5.7236766347E-01
HessDelSqRho_EigVec3 =  8.0550041920E-01 -4.0139668160E-01 -4.3594699066E-01
</CP of DelSqRho>
<CP of DelSqRho>
CP# = 7       
Type = (3,+1)
Coords = -6.78199147564460E+00  1.30926808692015E+00  1.37424139191299E+00
DistFromNuc =  2.3799487175E-01
Rho =  7.9029024588E+00
DelSqRho =  2.8940091103E+02
GradDelSqRho = -1.3535839116E-12 -3.3768543517E-12 -1.7372769889E-12
HessDelSqRho_EigVals = -7.4059661677E+04  3.2913030964E+01  1.1791546614E+02
HessDelSqRho_EigVec1 =  5.7768424197E-01  6.0005982244E-01  5.5336165938E-01
HessDelSqRho_EigVec2 =  8.1604841032E-01 -4.0911786146E-01 -4.0827388778E-01
HessDelSqRho_EigVec3 = -1.8598617908E-02  6.8742329385E-01 -7.2601880587E-01
</CP of DelSqRho>
<CP of DelSqRho>
CP# = 8       
Type = (3,+1)
Coords = -6.43010910284079E+00  1.53094698615021E+00  1.57305102759776E+00
DistFromNuc =  2.3807946603E-01
Rho =  7.8976112219E+00
DelSqRho =  2.8911331383E+02
GradDelSqRho = -1.1645795439E-11 -5.4978244179E-12 -3.6415315208E-12
HessDelSqRho_EigVals = -7.3977365610E+04  1.7222340935E+01  1.1899022636E+02
HessDelSqRho_EigVec1 =  9.0056170973E-01  3.3109068854E-01  2.8172249276E-01
HessDelSqRho_EigVec2 = -4.3406844533E-01  6.4914128793E-01  6.2466004600E-01
HessDelSqRho_EigVec3 =  2.3941422945E-02 -6.8483176347E-01  7.2830780856E-01
</CP of DelSqRho>
<CP of DelSqRho>
CP# = 9       
Type = (3,-1)
Coords = -6.87960720622160E+00  1.42242312350393E+00  1.48360643366531E+00
DistFromNuc =  2.3804023890E-01
Rho =  7.8932239809E+00
DelSqRho =  2.8962143597E+02
GradDelSqRho =  1.2285283901E-11 -3.0037083931E-13 -3.8657965717E-13
HessDelSqRho_EigVals = -7.3993494658E+04 -3.2944817479E+01  1.0179222277E+02
HessDelSqRho_EigVec1 =  9.8774687430E-01  1.2466204533E-01  9.3890823690E-02
HessDelSqRho_EigVec2 = -1.5507327056E-01  7.1629035366E-01  6.8035315095E-01
HessDelSqRho_EigVec3 =  1.7561124035E-02 -6.8657665537E-01  7.2684530900E-01
</CP of DelSqRho>
<CP of DelSqRho>
CP# = 10      
Type = (3,-1)
Coords = -6.51867841475939E+00  1.30751043470554E+00  1.36474442374353E+00
DistFromNuc =  2.3801842462E-01
Rho =  7.8920718435E+00
DelSqRho =  2.9004295987E+02
GradDelSqRho = -4.1566750042E-13 -1.5951684418E-12 -3.8582470552E-12
HessDelSqRho_EigVals = -7.4025483514E+04 -4.5286940976E+01  8.6286650444E+01
HessDelSqRho_EigVec1 =  5.2842132312E-01 -6.0737069885E-01 -5.9318777757E-01
HessDelSqRho_EigVec2 = -8.4866223389E-01 -3.9707881102E-01 -3.4942929272E-01
HessDelSqRho_EigVec3 = -2.3309183706E-02  6.8806195362E-01 -7.2527748478E-01
</CP of DelSqRho>
<CP of DelSqRho>
CP# = 11      
Type = (3,-1)
Coords = -6.49539074124883E+00  1.58977206961131E+00  1.63045154317667E+00
DistFromNuc =  2.3811129914E-01
Rho =  7.8924346934E+00
DelSqRho =  2.8914440772E+02
GradDelSqRho =  4.8387960305E-12  3.9026559762E-12  3.8475889141E-12
HessDelSqRho_EigVals = -7.3929164450E+04 -1.4953914645E+01  1.1292999309E+02
HessDelSqRho_EigVec1 =  6.2626222322E-01  5.7825078208E-01  5.2289737119E-01
HessDelSqRho_EigVec2 = -7.7925815935E-01  4.4407810116E-01  4.4221189622E-01
HessDelSqRho_EigVec3 =  2.3502103134E-02 -6.8441264826E-01  7.2871597900E-01
</CP of DelSqRho>
<CP of DelSqRho>
CP# = 12      
Type = (3,+3)
Coords = -5.70537677016739E+00  1.50395217016985E+00  1.52561588606677E+00
DistFromNuc =  9.4073820471E-01
Rho =  3.3864023276E-01
DelSqRho = -1.2529610423E+00
GradDelSqRho =  4.4408920985E-16  2.4980018054E-16  7.7715611724E-16
HessDelSqRho_EigVals =  5.2336626559E+00  7.9646644294E+00  3.0399005752E+01
HessDelSqRho_EigVec1 =  2.2931894746E-02 -6.8897859910E-01  7.2441881408E-01
HessDelSqRho_EigVec2 = -5.8434816747E-02  7.2244678777E-01  6.8895283658E-01
HessDelSqRho_EigVec3 =  9.9802780542E-01  5.8130274582E-02  2.3693264484E-02
</CP of DelSqRho>
<CP of DelSqRho>
CP# = 13      
Type = (3,-1)
Coords = -7.58939906227292E+00  1.40811913708659E+00  1.50056059411477E+00
DistFromNuc =  9.4595909847E-01
Rho =  2.1790718528E-01
DelSqRho = -4.0056842619E-02
GradDelSqRho = -1.4876988530E-14 -1.1102230246E-15 -1.1102230246E-16
HessDelSqRho_EigVals = -4.6279129729E+00 -2.3371325903E-01  2.4944110834E+01
HessDelSqRho_EigVec1 = -4.3300006964E-02  7.2630308934E-01  6.8600942545E-01
HessDelSqRho_EigVec2 =  2.7448929545E-02 -6.8552935434E-01  7.2752736073E-01
HessDelSqRho_EigVec3 =  9.9868496818E-01  5.0332164173E-02  9.7471834893E-03
</CP of DelSqRho>
<CP of DelSqRho>
CP# = 14      
Type = (3,-1)
Coords = -6.75678238592485E+00  2.24610793133483E+00  9.16236376355928E-01
DistFromNuc =  9.9541628970E-01
Rho =  1.6177413044E-01
DelSqRho = -5.2695893194E-03
GradDelSqRho = -6.2450045135E-17  1.3877787808E-16 -2.2204460493E-15
HessDelSqRho_EigVals = -9.6578315897E-01 -4.7562435080E-01  1.2750602129E+01
HessDelSqRho_EigVec1 = -5.4381576178E-01  4.3289971685E-01  7.1893132662E-01
HessDelSqRho_EigVec2 =  8.3025677969E-01  4.0230060838E-01  3.8578219281E-01
HessDelSqRho_EigVec3 = -1.2222150805E-01  8.0669204511E-01 -5.7819533665E-01
</CP of DelSqRho>
<CP of DelSqRho>
CP# = 15      
Type = (3,+1)
Coords = -6.30998388450611E+00  5.75689575968150E-01  1.73592064209272E+00
DistFromNuc =  9.6582259392E-01
Rho =  1.9588008947E-01
DelSqRho = -1.0766527734E-01
GradDelSqRho =  1.0713652188E-14 -1.7652546092E-14  8.7985174702E-15
HessDelSqRho_EigVals = -2.3084662598E+00  7.3657546635E-01  2.0202844413E+01
HessDelSqRho_EigVec1 =  8.4321353771E-01  4.1134455913E-01  3.4610198425E-01
HessDelSqRho_EigVec2 = -3.9686848304E-01  4.2057216394E-02  9.1691144486E-01
HessDelSqRho_EigVec3 = -3.6261044800E-01  9.1050911265E-01 -1.9871290541E-01
</CP of DelSqRho>
<CP of DelSqRho>
CP# = 16      
Type = (3,-1)
Coords = -6.71004903497339E+00  9.06550120335008E-01  2.33575146652141E+00
DistFromNuc =  9.9523600469E-01
Rho =  1.6204066084E-01
DelSqRho = -4.7747353056E-03
GradDelSqRho = -1.2980588826E-12  9.4535490547E-13 -3.6051994723E-12
HessDelSqRho_EigVals = -9.7678058082E-01 -4.7500455869E-01  1.2780106665E+01
HessDelSqRho_EigVec1 =  5.5006696752E-01 -7.2670931237E-01 -4.1148500162E-01
HessDelSqRho_EigVec2 =  8.3173833338E-01  4.3242121887E-01  3.4817127144E-01
HessDelSqRho_EigVec3 = -7.5084459313E-02 -5.3376536492E-01  8.4229262088E-01
</CP of DelSqRho>
<CP of DelSqRho>
CP# = 17      
Type = (3,+1)
Coords = -6.34888339436360E+00  1.64548552619964E+00  6.06306267133459E-01
DistFromNuc =  9.6648995275E-01
Rho =  1.9495739482E-01
DelSqRho = -1.0573119669E-01
GradDelSqRho = -9.9920072216E-16 -5.5511151231E-16  4.8849813084E-15
HessDelSqRho_EigVals = -2.2806444721E+00  7.2642547100E-01  2.0009053858E+01
HessDelSqRho_EigVec1 =  8.4344071153E-01  3.9764702926E-01  3.6122653039E-01
HessDelSqRho_EigVec2 = -4.2895740830E-01  9.0329588005E-01  7.2176825465E-03
HessDelSqRho_EigVec3 = -3.2342434664E-01 -1.6103848359E-01  9.3245015888E-01
</CP of DelSqRho>
<CP of DelSqRho>
CP# = 18      
Type = (3,-1)
Coords = -6.20684526932738E+00  2.06869575272164E+00  2.07394905197031E+00
DistFromNuc =  9.4573114261E-01
Rho =  2.1844836696E-01
DelSqRho = -4.3657604604E-02
GradDelSqRho = -5.5511151231E-16 -7.3274719625E-15 -6.6613381478E-15
HessDelSqRho_EigVals = -4.6541845898E+00 -1.9048282914E-01  2.5095682523E+01
HessDelSqRho_EigVec1 =  8.8479083008E-01 -3.2322000568E-01 -3.3566950253E-01
HessDelSqRho_EigVec2 =  2.4633956840E-02 -6.8688839013E-01  7.2634530884E-01
HessDelSqRho_EigVec3 =  4.6533681906E-01  6.5093253678E-01  5.9979036121E-01
</CP of DelSqRho>
<CP of DelSqRho>
CP# = 19      
Type = (3,-1)
Coords = -6.13046218136675E+00  8.82787617719611E-01  9.46614969683833E-01
DistFromNuc =  9.4927010504E-01
Rho =  2.2131705808E-01
DelSqRho =  2.1943741355E-02
GradDelSqRho =  3.3306690739E-15 -4.4408920985E-15 -3.9968028887E-15
HessDelSqRho_EigVals = -4.8877451837E+00 -8.2953323118E-01  2.3922147114E+01
HessDelSqRho_EigVec1 =  8.4175166642E-01  4.0585369745E-01  3.5600127577E-01
HessDelSqRho_EigVec2 =  2.5306790247E-02 -6.8836503398E-01  7.2492285545E-01
HessDelSqRho_EigVec3 = -5.3927145155E-01  6.0119577199E-01  5.8970326885E-01
</CP of DelSqRho>
<CP of DelSqRho>
CP# = 20      
Type = (3,+1)
Coords = -6.29097851287267E+00  1.60784827347287E+00  2.38344606162402E+00
DistFromNuc =  9.5878654321E-01
Rho =  2.0126077165E-01
DelSqRho = -5.7067419947E-02
GradDelSqRho = -1.2212453271E-15 -1.5543122345E-15 -3.9968028887E-15
HessDelSqRho_EigVals = -3.2653733044E+00  2.4692057475E-01  2.1243106286E+01
HessDelSqRho_EigVec1 = -8.7306536725E-01  4.0234536021E-01  2.7545430768E-01
HessDelSqRho_EigVec2 =  3.0729802245E-01  8.9262597814E-01 -3.2982842290E-01
HessDelSqRho_EigVec3 =  3.7858260644E-01  2.0331520914E-01  9.0296076096E-01
</CP of DelSqRho>
<CP of DelSqRho>
CP# = 21      
Type = (3,+1)
Coords = -7.39904644918482E+00  1.05016156495847E+00  1.94369643239643E+00
DistFromNuc =  9.6049143385E-01
Rho =  1.9903067708E-01
DelSqRho = -5.8544561146E-02
GradDelSqRho =  2.2204460493E-16 -5.5511151231E-16 -1.5543122345E-15
HessDelSqRho_EigVals = -3.1092641009E+00  2.8404732294E-01  2.0757605541E+01
HessDelSqRho_EigVec1 = -7.0301843742E-02  7.9605088091E-01  6.0113280210E-01
HessDelSqRho_EigVec2 =  5.7885184513E-01 -4.5822817742E-01  6.7450535862E-01
HessDelSqRho_EigVec3 =  8.1239657321E-01  3.9538580199E-01 -4.2858123550E-01
</CP of DelSqRho>
<CP of DelSqRho>
CP# = 22      
Type = (3,+1)
Coords = -7.42635799516359E+00  1.84108414022501E+00  1.10604145990013E+00
DistFromNuc =  9.6051220780E-01
Rho =  1.9877143849E-01
DelSqRho = -5.9183373375E-02
GradDelSqRho = -4.7063464237E-12  2.0936585798E-12 -1.9941825968E-12
HessDelSqRho_EigVals = -3.0869694432E+00  2.8669661192E-01  2.0741567502E+01
HessDelSqRho_EigVec1 = -6.4957172742E-02  6.4353399429E-01  7.6265625540E-01
HessDelSqRho_EigVec2 =  5.4003328522E-01  6.6535218623E-01 -5.1543236135E-01
HessDelSqRho_EigVec3 =  8.3913325316E-01 -3.7837873417E-01  3.9074917398E-01
</CP of DelSqRho>
<CP of DelSqRho>
CP# = 23      
Type = (3,+1)
Coords = -6.31825867458254E+00  2.34924935349568E+00  1.59785897497098E+00
DistFromNuc =  9.5906886019E-01
Rho =  2.0094919968E-01
DelSqRho = -5.7169940755E-02
GradDelSqRho =  1.7277845821E-15  4.2188474936E-15  3.3306690739E-16
HessDelSqRho_EigVals = -3.2460371629E+00  2.4628379271E-01  2.1160743397E+01
HessDelSqRho_EigVec1 =  8.6847633369E-01 -2.6779817695E-01 -4.1717261925E-01
HessDelSqRho_EigVec2 =  3.4951871464E-01 -2.6598749815E-01  8.9838038655E-01
HessDelSqRho_EigVec3 =  3.5154733101E-01  9.2603174203E-01  1.3740337261E-01
</CP of DelSqRho>
<CP of DelSqRho>
CP# = 24      
Type = (3,+3)
Coords = -7.15179683850688E+00  2.02822625173418E+00  2.06797864557264E+00
DistFromNuc =  9.5144178592E-01
Rho =  3.1600211803E-01
DelSqRho = -1.3294638751E+00
GradDelSqRho =  8.9928064995E-14 -1.0180745136E-13 -9.9864561065E-14
HessDelSqRho_EigVals =  7.8906956357E+00  8.7619888106E+00  2.5385217386E+01
HessDelSqRho_EigVec1 = -2.6583044939E-02  6.8562217299E-01 -7.2747204594E-01
HessDelSqRho_EigVec2 = -8.4625129907E-01 -4.0281105154E-01 -3.4871477683E-01
HessDelSqRho_EigVec3 =  5.3212036284E-01 -6.0635426333E-01 -5.9091659885E-01
</CP of DelSqRho>
<CP of DelSqRho>
CP# = 25      
Type = (3,+3)
Coords = -7.08263265760041E+00  8.40841080516336E-01  9.46409458569408E-01
DistFromNuc =  9.3735353844E-01
Rho =  3.4289739407E-01
DelSqRho = -1.2850388477E+00
GradDelSqRho =  2.3314683517E-15  2.6645352591E-15  1.9984014443E-15
HessDelSqRho_EigVals =  5.3119947808E+00  8.1455807376E+00  3.1667482151E+01
HessDelSqRho_EigVec1 =  2.5883171320E-02 -6.8555104854E-01  7.2756430732E-01
HessDelSqRho_EigVec2 = -8.8165431174E-01  3.2739277305E-01  3.3985238963E-01
HessDelSqRho_EigVec3 =  4.7118545821E-01  6.5025666624E-01  5.9594507464E-01
</CP of DelSqRho>
<CP of DelSqRho>
CP# = 26      
Type = (3,+1)
Coords = -6.73546264984116E+00  1.54731377443469E-01  2.38436745497972E+00
DistFromNuc =  1.5693972030E+00
Rho =  6.7460176361E-02
DelSqRho =  1.0427672375E-01
GradDelSqRho = -4.2649911380E-13 -6.3046790011E-14 -1.7911713779E-12
HessDelSqRho_EigVals = -4.8509004082E-01  2.6484490954E-02  8.0443142022E-02
HessDelSqRho_EigVec1 = -3.1382921686E-03 -6.9177817186E-01  7.2210325582E-01
HessDelSqRho_EigVec2 =  9.3490962216E-01  2.5422705313E-01  2.4761381998E-01
HessDelSqRho_EigVec3 =  3.5487201850E-01 -6.7587836657E-01 -6.4595223050E-01
</CP of DelSqRho>
<CP of DelSqRho>
CP# = 27      
Type = (3,-3)
Coords = -5.85602946491854E+00  5.50471888445175E-01  6.32433976345340E-01
DistFromNuc =  1.4823977686E+00
Rho =  9.9829891726E-02
DelSqRho =  2.7312156737E-01
GradDelSqRho =  2.0122792321E-16 -4.0245584643E-16 -3.2612801348E-16
HessDelSqRho_EigVals = -8.4123360016E-01 -3.6528570301E-01 -2.9691055311E-01
HessDelSqRho_EigVec1 =  6.0758597790E-01 -5.6461582652E-01 -5.5861278888E-01
HessDelSqRho_EigVec2 =  7.9420946239E-01  4.3933480955E-01  4.1978119893E-01
HessDelSqRho_EigVec3 =  8.4029346235E-03 -6.9870873299E-01  7.1535690192E-01
</CP of DelSqRho>
<CP of DelSqRho>
CP# = 28      
Type = (3,+1)
Coords = -6.38141103326689E+00  2.44046496504015E+00  3.33316957565261E-01
DistFromNuc =  1.5560055736E+00
Rho =  6.7791547905E-02
DelSqRho =  1.0422955187E-01
GradDelSqRho =  1.3582884817E-15  1.5265566589E-16  5.6898930012E-16
HessDelSqRho_EigVals = -4.7494259491E-01  6.3352552565E-03  7.7428457573E-02
HessDelSqRho_EigVec1 =  3.8480493358E-04 -6.8853375677E-01  7.2520419036E-01
HessDelSqRho_EigVec2 =  7.9126775326E-01  4.4365010207E-01  4.2079677944E-01
HessDelSqRho_EigVec3 =  6.1146970046E-01 -5.7366876568E-01 -5.4498527751E-01
</CP of DelSqRho>
<CP of DelSqRho>
CP# = 29      
Type = (3,-1)
Coords = -7.37089636491948E+00  3.07335243625651E+00  1.37085819470816E+00
DistFromNuc =  1.7817150687E+00
Rho =  6.5891041627E-02
DelSqRho =  1.3234925196E-01
GradDelSqRho =  0.0000000000E+00 -1.3877787808E-17  1.7694179455E-16
HessDelSqRho_EigVals = -1.0728280222E+00 -1.6349761861E-01  3.7212571037E-02
HessDelSqRho_EigVec1 = -8.7496907677E-02  7.4393340014E-01 -6.6250085835E-01
HessDelSqRho_EigVec2 = -5.2811841245E-01  5.2925760786E-01  6.6406123735E-01
HessDelSqRho_EigVec3 =  8.4465095369E-01  4.0798220634E-01  3.4657652220E-01
</CP of DelSqRho>
<CP of DelSqRho>
CP# = 30      
Type = (3,-1)
Coords = -7.30555221938294E+00  1.38314673926205E+00  3.15683214145377E+00
DistFromNuc =  1.7796804145E+00
Rho =  6.5964527276E-02
DelSqRho =  1.3247486433E-01
GradDelSqRho =  7.1123662515E-17 -7.1123662515E-17  2.2638141361E-16
HessDelSqRho_EigVals = -1.0713765777E+00 -1.6193715377E-01  3.7407746910E-02
HessDelSqRho_EigVec1 = -3.5876338391E-02 -6.2131091194E-01  7.8274238357E-01
HessDelSqRho_EigVec2 = -5.3300188754E-01  6.7444259342E-01  5.1091699528E-01
HessDelSqRho_EigVec3 =  8.4535310742E-01  3.9887333689E-01  3.5535641952E-01
</CP of DelSqRho>
<CP of DelSqRho>
CP# = 31      
Type = (3,+1)
Coords = -6.82375781137647E+00  2.24288216478893E+00  1.58410491778720E-01
DistFromNuc =  1.5726837788E+00
Rho =  6.7116014768E-02
DelSqRho =  1.0365371623E-01
GradDelSqRho =  3.8163916471E-17 -4.8572257327E-17  1.8735013541E-16
HessDelSqRho_EigVals = -4.8319569848E-01  2.8128565282E-02  8.0012139804E-02
HessDelSqRho_EigVec1 =  5.6404604645E-02 -6.7708830134E-01  7.3373697792E-01
HessDelSqRho_EigVec2 =  9.3479996812E-01  2.9393354284E-01  1.9937926669E-01
HessDelSqRho_EigVec3 = -3.5066727844E-01  6.7465139486E-01  6.4952132778E-01
</CP of DelSqRho>
<CP of DelSqRho>
CP# = 32      
Type = (3,-1)
Coords = -7.35174054107191E+00  1.58454044469696E+00 -2.89012864215276E-01
DistFromNuc =  1.9337987499E+00
Rho =  7.2543045272E-02
DelSqRho =  1.2299911631E-01
GradDelSqRho =  3.3445468617E-15 -3.4833247398E-15  1.1969591984E-15
HessDelSqRho_EigVals = -8.0488265596E-01 -1.5299848194E-01  9.0194767561E-02
HessDelSqRho_EigVec1 =  7.8906634340E-02 -7.0153465612E-01  7.0825339344E-01
HessDelSqRho_EigVec2 =  4.6414411340E-01  6.5461694955E-01  5.9669664936E-01
HessDelSqRho_EigVec3 =  8.8223805464E-01 -2.8164831904E-01 -3.7726680126E-01
</CP of DelSqRho>
<CP of DelSqRho>
CP# = 33      
Type = (3,-1)
Coords = -7.27722047371875E+00 -3.51952300708722E-01  1.77867648400402E+00
DistFromNuc =  1.9311212227E+00
Rho =  7.2572840734E-02
DelSqRho =  1.2347654796E-01
GradDelSqRho =  2.0847039373E-15  2.3991225673E-15 -4.2500725161E-15
HessDelSqRho_EigVals = -8.0635099372E-01 -1.5279821993E-01  9.0267292643E-02
HessDelSqRho_EigVec1 = -2.7162189895E-02 -6.6355604232E-01  7.4763332867E-01
HessDelSqRho_EigVec2 =  4.6480636596E-01  6.5375705701E-01  5.9712373304E-01
HessDelSqRho_EigVec3 =  8.8499562575E-01 -3.6372391880E-01 -2.9066759931E-01
</CP of DelSqRho>
<CP of DelSqRho>
CP# = 34      
Type = (3,-1)
Coords = -6.45057593012903E+00  2.40337525033245E+00  2.98748800545253E-01
DistFromNuc =  1.5491509640E+00
Rho =  6.7963268511E-02
DelSqRho =  1.0423686081E-01
GradDelSqRho =  2.6147868593E-12  8.5743911971E-14  9.6529728655E-13
HessDelSqRho_EigVals = -4.7081754139E-01 -5.5394125016E-03  7.6318555060E-02
HessDelSqRho_EigVec1 =  2.7654735792E-03 -6.7987372081E-01  7.3332399109E-01
HessDelSqRho_EigVec2 =  8.1912018295E-01  4.2218915552E-01  3.8832775183E-01
HessDelSqRho_EigVec3 =  5.7361527005E-01 -5.9960657160E-01 -5.5806583953E-01
</CP of DelSqRho>
<CP of DelSqRho>
CP# = 35      
Type = (3,-3)
Coords = -5.53622092512209E+00  2.40810008649069E+00  2.38354083544267E+00
DistFromNuc =  1.7065887975E+00
Rho =  8.4656587356E-02
DelSqRho =  2.3069437266E-01
GradDelSqRho = -1.3877787808E-17 -1.1241008124E-15 -1.0547118734E-15
HessDelSqRho_EigVals = -1.1994603132E+00 -1.8416223950E-01 -1.4379010637E-02
HessDelSqRho_EigVec1 = -8.3311456767E-02  7.1973200110E-01  6.8923511791E-01
HessDelSqRho_EigVec2 =  1.4645851015E-02 -6.9068053040E-01  7.2301169006E-01
HessDelSqRho_EigVec3 =  9.9641592732E-01  7.0329592010E-02  4.7000513489E-02
</CP of DelSqRho>
<CP of DelSqRho>
CP# = 36      
Type = (3,-1)
Coords = -5.28246858291683E+00  5.98187540587299E-01  6.56425764293571E-01
DistFromNuc =  1.8181911405E+00
Rho =  7.9574966512E-02
DelSqRho =  2.5677066587E-01
GradDelSqRho =  4.1286418728E-16 -1.1622647289E-14 -1.1657341759E-14
HessDelSqRho_EigVals = -1.0747331822E+00 -2.1217882439E-01  1.6833849179E-01
HessDelSqRho_EigVec1 = -4.2475090245E-02  7.2338356017E-01  6.8913865919E-01
HessDelSqRho_EigVec2 =  2.7898448029E-02 -6.8863343346E-01  7.2457275061E-01
HessDelSqRho_EigVec3 =  9.9870793694E-01  5.0002192039E-02  9.0684885741E-03
</CP of DelSqRho>
<CP of DelSqRho>
CP# = 37      
Type = (3,-1)
Coords = -6.11432113830869E+00  2.05402751809240E-01  3.21002257624512E-01
DistFromNuc =  1.7997972777E+00
Rho =  8.0562513584E-02
DelSqRho =  2.6077076201E-01
GradDelSqRho =  2.5673907444E-16  1.9081958236E-17 -5.5511151231E-17
HessDelSqRho_EigVals = -1.1033863172E+00 -2.1722448318E-01  1.4788619154E-01
HessDelSqRho_EigVec1 =  8.8703528854E-01 -3.2138806889E-01 -3.3147866607E-01
HessDelSqRho_EigVec2 =  2.5135590490E-02 -6.8326992558E-01  7.2973310935E-01
HessDelSqRho_EigVec3 =  4.6101691832E-01  6.5563093122E-01  5.9800625670E-01
</CP of DelSqRho>
<Path of -GradDelSqRho>
Starting CP# =      2
Ending CP# =     25
Number of Points =     16
 -7.2566673003E+00  5.9227836199E-01  7.2034985491E-01  3.2125028119E-01 -9.5660622677E-01
 -7.2450626938E+00  6.0863961132E-01  7.3527106898E-01  3.2138341349E-01 -9.5860435178E-01
 -7.2334607974E+00  6.2500155720E-01  7.5019362660E-01  3.2172811738E-01 -9.6460664094E-01
 -7.2218616560E+00  6.4136423957E-01  7.6511751825E-01  3.2228234190E-01 -9.7462912016E-01
 -7.2102653687E+00  6.5772773291E-01  7.8004273877E-01  3.2304252450E-01 -9.8868397405E-01
 -7.1986721042E+00  6.7409215548E-01  7.9496928862E-01  3.2400355586E-01 -1.0067606413E+00
 -7.1870821285E+00  6.9045768521E-01  8.0989717859E-01  3.2515874741E-01 -1.0287969493E+00
 -7.1754958541E+00  7.0682458612E-01  8.2482643836E-01  3.2649982051E-01 -1.0546381541E+00
 -7.1639139199E+00  7.2319325212E-01  8.3975713066E-01  3.2801694487E-01 -1.0839811098E+00
 -7.1523373306E+00  7.3956428313E-01  8.5468937493E-01  3.2969886443E-01 -1.1163001758E+00
 -7.1407677113E+00  7.5593862662E-01  8.6962338905E-01  3.3153316267E-01 -1.1507509188E+00
 -7.1292078265E+00  7.7231786699E-01  8.8455957108E-01  3.3350673645E-01 -1.1860472511E+00
 -7.1176627846E+00  7.8870490159E-01  8.9949868304E-01  3.3560656818E-01 -1.2203074369E+00
 -7.1061434609E+00  8.0510586932E-01  9.1444235407E-01  3.3782091001E-01 -1.2508644839E+00
 -7.0946803385E+00  8.2153797781E-01  9.2939500512E-01  3.4014100330E-01 -1.2740369234E+00
 -7.0826326576E+00  8.4084108052E-01  9.4640945857E-01  3.4289739407E-01 -1.2850388477E+00
</Path of -GradDelSqRho>
<Path of -GradDelSqRho>
Starting CP# =      2
Ending CP# =      0
Number of Points =    400
 -7.2566673003E+00  5.9227836199E-01  7.2034985491E-01  3.2125028119E-01 -9.5660622677E-01
 -7.2682745554E+00  5.7591778412E-01  7.0542996486E-01  3.2132928555E-01 -9.5860283479E-01
 -7.2798845861E+00  5.5955791319E-01  6.9051145926E-01  3.2161951475E-01 -9.6459417135E-01
 -7.2914975261E+00  5.4319880375E-01  6.7559438309E-01  3.2211857155E-01 -9.7458513288E-01
 -7.3031136102E+00  5.2684055354E-01  6.6067881272E-01  3.2282254917E-01 -9.8857326706E-01
 -7.3147332179E+00  5.1048331811E-01  6.4576487413E-01  3.2372600004E-01 -1.0065278139E+00
 -7.3263569401E+00  4.9412733407E-01  6.3085276946E-01  3.2482191080E-01 -1.0283584214E+00
 -7.3379856825E+00  4.7777295626E-01  6.1594281731E-01  3.2610170447E-01 -1.0538712773E+00
 -7.3496208347E+00  4.6142071957E-01  6.0103551759E-01  3.2755529923E-01 -1.0827097601E+00
 -7.3612645644E+00  4.4507144790E-01  5.8613166367E-01  3.2917126463E-01 -1.1142761039E+00
 -7.3729203770E+00  4.2872646222E-01  5.7123255447E-01  3.3093713043E-01 -1.1476300461E+00
 -7.3845942946E+00  4.1238802250E-01  5.5634044311E-01  3.3283992022E-01 -1.1813600464E+00
 -7.3962977549E+00  3.9606041917E-01  5.4145964239E-01  3.3486700268E-01 -1.2134225176E+00
 -7.4080565938E+00  3.7975338488E-01  5.2659997602E-01  3.3700736700E-01 -1.2409447201E+00
 -7.4199546403E+00  3.6349893794E-01  5.1179378342E-01  3.3925334243E-01 -1.2599879473E+00
 -7.4308753192E+00  3.5128514472E-01  5.0072309024E-01  3.4108964012E-01 -1.2656274123E+00
 -7.4308881777E+00  3.5129039771E-01  5.0072699910E-01  3.4108961240E-01 -1.2656274127E+00
 -7.4308881777E+00  3.5129039787E-01  5.0072699893E-01  3.4108961240E-01 -1.2656274127E+00
 -7.4308881777E+00  3.5129039787E-01  5.0072699893E-01  3.4108961240E-01 -1.2656274127E+00
 -7.4308881777E+00  3.5129039787E-01  5.0072699893E-01  3.4108961240E-01 -1.2656274127E+00
 -7.4308881777E+00  3.5129039787E-01  5.0072699893E-01  3.4108961240E-01 -1.2656274127E+00
 -7.4308881777E+00  3.5129039787E-01  5.0072699893E-01  3.4108961240E-01 -1.2656274127E+00
 -7.4308881777E+00  3.5129039787E-01  5.0072699893E-01  3.4108961240E-01 -1.2656274127E+00
 -7.4308881777E+00  3.5129039787E-01  5.0072699893E-01  3.4108961240E-01 -1.2656274127E+00
 -7.4308881777E+00  3.5129039787E-01  5.0072699893E-01  3.4108961240E-01 -1.2656274127E+00
 -7.4308881777E+00  3.5129039787E-01  5.0072699893E-01  3.4108961240E-01 -1.2656274127E+00
 -7.4308881777E+00  3.5129039787E-01  5.0072699893E-01  3.4108961240E-01 -1.2656274127E+00
 -7.4308881777E+00  3.5129039787E-01  5.0072699893E-01  3.4108961240E-01 -1.2656274127E+00
 -7.4308881777E+00  3.5129039787E-01  5.0072699893E-01  3.4108961240E-01 -1.2656274127E+00
 -7.4308881777E+00  3.5129039787E-01  5.0072699893E-01  3.4108961240E-01 -1.2656274127E+00
 -7.4308881777E+00  3.5129039787E-01  5.0072699893E-01  3.4108961240E-01 -1.2656274127E+00
 -7.4308881777E+00  3.5129039787E-01  5.0072699893E-01  3.4108961240E-01 -1.2656274127E+00
 -7.4308881777E+00  3.5129039787E-01  5.0072699893E-01  3.4108961240E-01 -1.2656274127E+00
 -7.4308881777E+00  3.5129039787E-01  5.0072699893E-01  3.4108961240E-01 -1.2656274127E+00
 -7.4308881777E+00  3.5129039787E-01  5.0072699893E-01  3.4108961240E-01 -1.2656274127E+00
 -7.4308881777E+00  3.5129039787E-01  5.0072699893E-01  3.4108961240E-01 -1.2656274127E+00
 -7.4308881777E+00  3.5129039787E-01  5.0072699893E-01  3.4108961240E-01 -1.2656274127E+00
 -7.4308881777E+00  3.5129039787E-01  5.0072699893E-01  3.4108961240E-01 -1.2656274127E+00
 -7.4308881777E+00  3.5129039787E-01  5.0072699893E-01  3.4108961240E-01 -1.2656274127E+00
 -7.4308881777E+00  3.5129039787E-01  5.0072699893E-01  3.4108961240E-01 -1.2656274127E+00
 -7.4308881777E+00  3.5129039787E-01  5.0072699893E-01  3.4108961240E-01 -1.2656274127E+00
 -7.4308881777E+00  3.5129039787E-01  5.0072699893E-01  3.4108961240E-01 -1.2656274127E+00
 -7.4308881777E+00  3.5129039787E-01  5.0072699893E-01  3.4108961240E-01 -1.2656274127E+00
 -7.4308881777E+00  3.5129039787E-01  5.0072699893E-01  3.4108961240E-01 -1.2656274127E+00
 -7.4308881777E+00  3.5129039787E-01  5.0072699893E-01  3.4108961240E-01 -1.2656274127E+00
 -7.4308881777E+00  3.5129039787E-01  5.0072699893E-01  3.4108961240E-01 -1.2656274127E+00
 -7.4308881777E+00  3.5129039787E-01  5.0072699893E-01  3.4108961240E-01 -1.2656274127E+00
 -7.4308881777E+00  3.5129039787E-01  5.0072699893E-01  3.4108961240E-01 -1.2656274127E+00
 -7.4308881777E+00  3.5129039787E-01  5.0072699893E-01  3.4108961240E-01 -1.2656274127E+00
 -7.4308881777E+00  3.5129039787E-01  5.0072699893E-01  3.4108961240E-01 -1.2656274127E+00
 -7.4308881777E+00  3.5129039787E-01  5.0072699893E-01  3.4108961240E-01 -1.2656274127E+00
 -7.4308881777E+00  3.5129039787E-01  5.0072699893E-01  3.4108961240E-01 -1.2656274127E+00
 -7.4308881777E+00  3.5129039787E-01  5.0072699893E-01  3.4108961240E-01 -1.2656274127E+00
 -7.4308881777E+00  3.5129039787E-01  5.0072699893E-01  3.4108961240E-01 -1.2656274127E+00
 -7.4308881777E+00  3.5129039787E-01  5.0072699893E-01  3.4108961240E-01 -1.2656274127E+00
 -7.4308881777E+00  3.5129039787E-01  5.0072699893E-01  3.4108961240E-01 -1.2656274127E+00
 -7.4308881777E+00  3.5129039787E-01  5.0072699893E-01  3.4108961240E-01 -1.2656274127E+00
 -7.4308881777E+00  3.5129039787E-01  5.0072699893E-01  3.4108961240E-01 -1.2656274127E+00
 -7.4308881777E+00  3.5129039787E-01  5.0072699893E-01  3.4108961240E-01 -1.2656274127E+00
 -7.4308881777E+00  3.5129039787E-01  5.0072699893E-01  3.4108961240E-01 -1.2656274127E+00
 -7.4308881777E+00  3.5129039787E-01  5.0072699893E-01  3.4108961240E-01 -1.2656274127E+00
 -7.4308881777E+00  3.5129039787E-01  5.0072699893E-01  3.4108961240E-01 -1.2656274127E+00
 -7.4308881777E+00  3.5129039787E-01  5.0072699893E-01  3.4108961240E-01 -1.2656274127E+00
 -7.4308881777E+00  3.5129039787E-01  5.0072699893E-01  3.4108961240E-01 -1.2656274127E+00
 -7.4308881777E+00  3.5129039787E-01  5.0072699893E-01  3.4108961240E-01 -1.2656274127E+00
 -7.4308881777E+00  3.5129039787E-01  5.0072699893E-01  3.4108961240E-01 -1.2656274127E+00
 -7.4308881777E+00  3.5129039787E-01  5.0072699893E-01  3.4108961240E-01 -1.2656274127E+00
 -7.4308881777E+00  3.5129039787E-01  5.0072699893E-01  3.4108961240E-01 -1.2656274127E+00
 -7.4308881777E+00  3.5129039787E-01  5.0072699893E-01  3.4108961240E-01 -1.2656274127E+00
 -7.4308881777E+00  3.5129039787E-01  5.0072699893E-01  3.4108961240E-01 -1.2656274127E+00
 -7.4308881777E+00  3.5129039787E-01  5.0072699893E-01  3.4108961240E-01 -1.2656274127E+00
 -7.4308881777E+00  3.5129039787E-01  5.0072699893E-01  3.4108961240E-01 -1.2656274127E+00
 -7.4308881777E+00  3.5129039787E-01  5.0072699893E-01  3.4108961240E-01 -1.2656274127E+00
 -7.4308881777E+00  3.5129039787E-01  5.0072699893E-01  3.4108961240E-01 -1.2656274127E+00
 -7.4308881777E+00  3.5129039787E-01  5.0072699893E-01  3.4108961240E-01 -1.2656274127E+00
 -7.4308881777E+00  3.5129039787E-01  5.0072699893E-01  3.4108961240E-01 -1.2656274127E+00
 -7.4308881777E+00  3.5129039787E-01  5.0072699893E-01  3.4108961240E-01 -1.2656274127E+00
 -7.4308881777E+00  3.5129039787E-01  5.0072699893E-01  3.4108961240E-01 -1.2656274127E+00
 -7.4308881777E+00  3.5129039787E-01  5.0072699893E-01  3.4108961240E-01 -1.2656274127E+00
 -7.4308881777E+00  3.5129039787E-01  5.0072699893E-01  3.4108961240E-01 -1.2656274127E+00
 -7.4308881777E+00  3.5129039787E-01  5.0072699893E-01  3.4108961240E-01 -1.2656274127E+00
 -7.4308881777E+00  3.5129039787E-01  5.0072699893E-01  3.4108961240E-01 -1.2656274127E+00
 -7.4308881777E+00  3.5129039787E-01  5.0072699893E-01  3.4108961240E-01 -1.2656274127E+00
 -7.4308881777E+00  3.5129039787E-01  5.0072699893E-01  3.4108961240E-01 -1.2656274127E+00
 -7.4308881777E+00  3.5129039787E-01  5.0072699893E-01  3.4108961240E-01 -1.2656274127E+00
 -7.4308881777E+00  3.5129039787E-01  5.0072699893E-01  3.4108961240E-01 -1.2656274127E+00
 -7.4308881777E+00  3.5129039787E-01  5.0072699893E-01  3.4108961240E-01 -1.2656274127E+00
 -7.4308881777E+00  3.5129039787E-01  5.0072699893E-01  3.4108961240E-01 -1.2656274127E+00
 -7.4308881777E+00  3.5129039787E-01  5.0072699893E-01  3.4108961240E-01 -1.2656274127E+00
 -7.4308881777E+00  3.5129039787E-01  5.0072699893E-01  3.4108961240E-01 -1.2656274127E+00
 -7.4308881777E+00  3.5129039787E-01  5.0072699893E-01  3.4108961240E-01 -1.2656274127E+00
 -7.4308881777E+00  3.5129039787E-01  5.0072699893E-01  3.4108961240E-01 -1.2656274127E+00
 -7.4308881777E+00  3.5129039787E-01  5.0072699893E-01  3.4108961240E-01 -1.2656274127E+00
 -7.4308881777E+00  3.5129039787E-01  5.0072699893E-01  3.4108961240E-01 -1.2656274127E+00
 -7.4308881777E+00  3.5129039787E-01  5.0072699893E-01  3.4108961240E-01 -1.2656274127E+00
 -7.4308881777E+00  3.5129039787E-01  5.0072699893E-01  3.4108961240E-01 -1.2656274127E+00
 -7.4308881777E+00  3.5129039787E-01  5.0072699893E-01  3.4108961240E-01 -1.2656274127E+00
 -7.4308881777E+00  3.5129039787E-01  5.0072699893E-01  3.4108961240E-01 -1.2656274127E+00
 -7.4308881777E+00  3.5129039787E-01  5.0072699893E-01  3.4108961240E-01 -1.2656274127E+00
 -7.4308881777E+00  3.5129039787E-01  5.0072699893E-01  3.4108961240E-01 -1.2656274127E+00
 -7.4308881777E+00  3.5129039787E-01  5.0072699893E-01  3.4108961240E-01 -1.2656274127E+00
 -7.4308881777E+00  3.5129039787E-01  5.0072699893E-01  3.4108961240E-01 -1.2656274127E+00
 -7.4308881777E+00  3.5129039787E-01  5.0072699893E-01  3.4108961240E-01 -1.2656274127E+00
 -7.4308881777E+00  3.5129039787E-01  5.0072699893E-01  3.4108961240E-01 -1.2656274127E+00
 -7.4308881777E+00  3.5129039787E-01  5.0072699893E-01  3.4108961240E-01 -1.2656274127E+00
 -7.4308881777E+00  3.5129039787E-01  5.0072699893E-01  3.4108961240E-01 -1.2656274127E+00
 -7.4308881777E+00  3.5129039787E-01  5.0072699893E-01  3.4108961240E-01 -1.2656274127E+00
 -7.4308881777E+00  3.5129039787E-01  5.0072699893E-01  3.4108961240E-01 -1.2656274127E+00
 -7.4308881777E+00  3.5129039787E-01  5.0072699893E-01  3.4108961240E-01 -1.2656274127E+00
 -7.4308881777E+00  3.5129039787E-01  5.0072699893E-01  3.4108961240E-01 -1.2656274127E+00
 -7.4308881777E+00  3.5129039787E-01  5.0072699893E-01  3.4108961240E-01 -1.2656274127E+00
 -7.4308881777E+00  3.5129039787E-01  5.0072699893E-01  3.4108961240E-01 -1.2656274127E+00
 -7.4308881777E+00  3.5129039787E-01  5.0072699893E-01  3.4108961240E-01 -1.2656274127E+00
 -7.4308881777E+00  3.5129039787E-01  5.0072699893E-01  3.4108961240E-01 -1.2656274127E+00
 -7.4308881777E+00  3.5129039787E-01  5.0072699893E-01  3.4108961240E-01 -1.2656274127E+00
 -7.4308881777E+00  3.5129039787E-01  5.0072699893E-01  3.4108961240E-01 -1.2656274127E+00
 -7.4308881777E+00  3.5129039787E-01  5.0072699893E-01  3.4108961240E-01 -1.2656274127E+00
 -7.4308881777E+00  3.5129039787E-01  5.0072699893E-01  3.4108961240E-01 -1.2656274127E+00
 -7.4308881777E+00  3.5129039787E-01  5.0072699893E-01  3.4108961240E-01 -1.2656274127E+00
 -7.4308881777E+00  3.5129039787E-01  5.0072699893E-01  3.4108961240E-01 -1.2656274127E+00
 -7.4308881777E+00  3.5129039787E-01  5.0072699893E-01  3.4108961240E-01 -1.2656274127E+00
 -7.4308881777E+00  3.5129039787E-01  5.0072699893E-01  3.4108961240E-01 -1.2656274127E+00
 -7.4308881777E+00  3.5129039787E-01  5.0072699893E-01  3.4108961240E-01 -1.2656274127E+00
 -7.4308881777E+00  3.5129039787E-01  5.0072699893E-01  3.4108961240E-01 -1.2656274127E+00
 -7.4308881777E+00  3.5129039787E-01  5.0072699893E-01  3.4108961240E-01 -1.2656274127E+00
 -7.4308881777E+00  3.5129039787E-01  5.0072699893E-01  3.4108961240E-01 -1.2656274127E+00
 -7.4308881777E+00  3.5129039787E-01  5.0072699893E-01  3.4108961240E-01 -1.2656274127E+00
 -7.4308881777E+00  3.5129039787E-01  5.0072699893E-01  3.4108961240E-01 -1.2656274127E+00
 -7.4308881777E+00  3.5129039787E-01  5.0072699893E-01  3.4108961240E-01 -1.2656274127E+00
 -7.4308881777E+00  3.5129039787E-01  5.0072699893E-01  3.4108961240E-01 -1.2656274127E+00
 -7.4308881777E+00  3.5129039787E-01  5.0072699893E-01  3.4108961240E-01 -1.2656274127E+00
 -7.4308881777E+00  3.5129039787E-01  5.0072699893E-01  3.4108961240E-01 -1.2656274127E+00
 -7.4308881777E+00  3.5129039787E-01  5.0072699893E-01  3.4108961240E-01 -1.2656274127E+00
 -7.4308881777E+00  3.5129039787E-01  5.0072699893E-01  3.4108961240E-01 -1.2656274127E+00
 -7.4308881777E+00  3.5129039787E-01  5.0072699893E-01  3.4108961240E-01 -1.2656274127E+00
 -7.4308881777E+00  3.5129039787E-01  5.0072699893E-01  3.4108961240E-01 -1.2656274127E+00
 -7.4308881777E+00  3.5129039787E-01  5.0072699893E-01  3.4108961240E-01 -1.2656274127E+00
 -7.4308881777E+00  3.5129039787E-01  5.0072699893E-01  3.4108961240E-01 -1.2656274127E+00
 -7.4308881777E+00  3.5129039787E-01  5.0072699893E-01  3.4108961240E-01 -1.2656274127E+00
 -7.4308881777E+00  3.5129039787E-01  5.0072699893E-01  3.4108961240E-01 -1.2656274127E+00
 -7.4308881777E+00  3.5129039787E-01  5.0072699893E-01  3.4108961240E-01 -1.2656274127E+00
 -7.4308881777E+00  3.5129039787E-01  5.0072699893E-01  3.4108961240E-01 -1.2656274127E+00
 -7.4308881777E+00  3.5129039787E-01  5.0072699893E-01  3.4108961240E-01 -1.2656274127E+00
 -7.4308881777E+00  3.5129039787E-01  5.0072699893E-01  3.4108961240E-01 -1.2656274127E+00
