 AIMInt (Version 19.10.12, Professional)
 Portions Copyright (c) 1997-2019 by Todd A. Keith
 AIMInt is a component of the AIMAll package ( http://aim.tkgristmill.com )

 TP:  64-bit Mac OS X

 AIMInt is a heavily modified and extended version of the PROAIMV program
 developed by members of R.F.W. Bader's research group

 Much of the Quantum Theory of Atoms in Molecules (QTAIM) is described in the book:
   "Atoms in Molecules - A Quantum Theory"
   R.F.W. Bader, Oxford University Press, Oxford, 1990

 For additional references see:  http://aim.tkgristmill.com/references.html

 Current Directory:  /Users/chemlab/Documents/SubstituentCoding/New Reorientation Test

 Inp File:  SubC6H5_OPH2O-ReorPosY-B3LYP-def2-TZVPPD-Field_atomicfiles/h4.inp
 Wfx File:  SubC6H5_OPH2O-ReorPosY-B3LYP-def2-TZVPPD-Field.wfx
 Out File:  SubC6H5_OPH2O-ReorPosY-B3LYP-def2-TZVPPD-Field_atomicfiles/h4.int

 Wfx Title:   SubC6H5_OPH2O-ReorPosY-B3LYP-def2-TZVPPD-Field.chk                            
 Job Title:   SubC6H5_OPH2O-ReorPosY-B3LYP-def2-TZVPPD-Field.chk                            
 
<Atom>
H4      
</Atom>
<Nuclei of Molecule>
    16
O1         8.0           0.0000000000E+00   0.0000000000E+00   0.0000000000E+00
C2         6.0          -2.6356814912E+00   0.0000000000E+00   0.0000000000E+00
P3        15.0           1.7126853449E+00   2.5113700864E+00   0.0000000000E+00
H4         1.0           4.0315829194E+00   1.3415413108E+00  -5.2816901981E-01
H5         1.0           9.9489081698E-01   3.7046189105E+00  -2.2698190616E+00
O6         8.0           1.6593574865E+00   4.1711117347E+00   2.2252373228E+00
C7         6.0          -3.8192678216E+00  -1.7320510999E+00  -1.5765588355E+00
C8         6.0          -4.0192679392E+00   1.5947777952E+00   1.5620093276E+00
C9         6.0          -6.4408587818E+00  -1.8604937531E+00  -1.5981954586E+00
H10        1.0          -2.6832853621E+00  -2.9561155908E+00  -2.7532592312E+00
C11        6.0          -6.6444764375E+00   1.4520630062E+00   1.5059258036E+00
H12        1.0          -3.0560966605E+00   2.9023225804E+00   2.7998521980E+00
C13        6.0          -7.8608549151E+00  -2.6698365554E-01  -6.3064843896E-02
H14        1.0          -7.3721211709E+00  -3.2086313682E+00  -2.8206281540E+00
H15        1.0          -7.7353379447E+00   2.6892991482E+00   2.7134392723E+00
H16        1.0          -9.9016539083E+00  -3.7080585530E-01  -8.5601106520E-02
</Nuclei of Molecule>
<Total Number of CPs of DelSqRho>
    16
</Total Number of CPs of DelSqRho>
<Number of (3,+3) CPs of DelSqRho>
     1
</Number of (3,+3) CPs of DelSqRho>
<Number of (3,+1) CPs of DelSqRho>
     5
</Number of (3,+1) CPs of DelSqRho>
<Number of (3,-1) CPs of DelSqRho>
     7
</Number of (3,-1) CPs of DelSqRho>
<Number of (3,-3) CPs of DelSqRho>
     3
</Number of (3,-3) CPs of DelSqRho>
<Number of Degenerate CPs of DelSqRho>
     0
</Number of Degenerate CPs of DelSqRho>
<CP of DelSqRho>
CP# = 1       
Type = (3,+3)
Coords =  4.02800175039011E+00  1.34330865234449E+00 -5.27418321401004E-01
DistFromNuc =  4.0634733745E-03
Rho =  4.1810367093E-01
DelSqRho = -2.6077660540E+01
GradDelSqRho =  6.2600828687E-09 -3.0894861669E-09 -1.3122726239E-09
HessDelSqRho_EigVals =  2.6819524711E+03  2.6984889570E+03  2.6989658047E+03
HessDelSqRho_EigVec1 =  8.8025649054E-01 -4.3285186737E-01 -1.9439077083E-01
HessDelSqRho_EigVec2 =  1.8982369824E-01  6.9670574724E-01 -6.9178614134E-01
HessDelSqRho_EigVec3 =  4.3487409035E-01  5.7204926595E-01  6.9544529826E-01
</CP of DelSqRho>
<CP of DelSqRho>
CP# = 2       
Type = (3,+1)
Coords =  4.64808015205574E+00  1.57707524824625E+00 -1.25992968596083E+00
DistFromNuc =  9.8540283439E-01
Rho =  4.7735026622E-02
DelSqRho =  6.2219499508E-02
GradDelSqRho =  2.1467203015E-16  2.8872303853E-16 -3.1355126828E-16
HessDelSqRho_EigVals = -1.2470952786E-01  4.0595761836E-03  1.8148021161E-01
HessDelSqRho_EigVec1 =  8.7993634837E-01 -4.4600526136E-01 -1.6368057205E-01
HessDelSqRho_EigVec2 =  4.4638563093E-01  6.5820932095E-01  6.0621807818E-01
HessDelSqRho_EigVec3 = -1.6264037422E-01 -6.0649797745E-01  7.7827264633E-01
</CP of DelSqRho>
<CP of DelSqRho>
CP# = 3       
Type = (3,-3)
Coords =  4.69614859709283E+00  9.74705933654451E-01 -6.42395125259742E-01
DistFromNuc =  7.6763489826E-01
Rho =  6.8386947422E-02
DelSqRho =  7.6421776397E-02
GradDelSqRho =  2.8699265187E-14 -1.2331281829E-14 -4.6797689422E-15
HessDelSqRho_EigVals = -2.6786425980E+00 -4.6066207074E-02 -3.5197390361E-02
HessDelSqRho_EigVec1 =  8.6818145743E-01 -4.7201757460E-01 -1.5316777157E-01
HessDelSqRho_EigVec2 =  3.1992702663E-01  7.6832946164E-01 -5.5436137673E-01
HessDelSqRho_EigVec3 =  3.7935162396E-01  4.3228375826E-01  8.1806057095E-01
</CP of DelSqRho>
<CP of DelSqRho>
CP# = 4       
Type = (3,+1)
Coords =  4.20458336669121E+00  3.74560289748850E-01 -4.58547600660122E-01
DistFromNuc =  9.8479875705E-01
Rho =  4.7872298331E-02
DelSqRho =  6.3495807235E-02
GradDelSqRho =  1.2229800506E-16 -2.8969882049E-16  1.6290137642E-17
HessDelSqRho_EigVals = -1.3699523060E-01  1.0535347646E-03  1.7809812594E-01
HessDelSqRho_EigVec1 =  8.7010584924E-01 -4.5402138613E-01 -1.9178214736E-01
HessDelSqRho_EigVec2 =  2.7202070672E-01  1.1789482058E-01  9.5504216996E-01
HessDelSqRho_EigVec3 =  4.1099944796E-01  8.8315649362E-01 -2.2608419131E-01
</CP of DelSqRho>
<CP of DelSqRho>
CP# = 5       
Type = (3,-1)
Coords =  4.15315876455923E+00  3.78028087886088E-01 -6.95062584162636E-01
DistFromNuc =  9.8538920165E-01
Rho =  4.7890945804E-02
DelSqRho =  6.3505426380E-02
GradDelSqRho = -4.8978616302E-14  6.4047768825E-13  2.1901610300E-13
HessDelSqRho_EigVals = -1.3714975275E-01 -8.8581542978E-04  1.7560850968E-01
HessDelSqRho_EigVec1 =  8.6662066427E-01 -4.5796102978E-01 -1.9809169458E-01
HessDelSqRho_EigVec2 =  1.4663936261E-01 -1.4571533887E-01  9.7839865972E-01
HessDelSqRho_EigVec3 =  4.7693345615E-01  8.7694853624E-01  5.9124810254E-02
</CP of DelSqRho>
<CP of DelSqRho>
CP# = 6       
Type = (3,-1)
Coords =  4.77807585802053E+00  1.42395708632679E+00  5.92361138906596E-02
DistFromNuc =  9.5346151391E-01
Rho =  5.1762808889E-02
DelSqRho =  6.6068053690E-02
GradDelSqRho =  1.8207050451E-12  3.1621710458E-12  2.9145921787E-12
HessDelSqRho_EigVals = -1.7489873202E-01 -9.6639860467E-03  2.0657558535E-01
HessDelSqRho_EigVec1 =  9.0520139146E-01 -4.0008656724E-01 -1.4332194397E-01
HessDelSqRho_EigVec2 =  2.8383402156E-01  8.2014324070E-01 -4.9679302827E-01
HessDelSqRho_EigVec3 =  3.1630474090E-01  4.0901809672E-01  8.5595298203E-01
</CP of DelSqRho>
<CP of DelSqRho>
CP# = 7       
Type = (3,-1)
Coords =  3.56185101481837E+00  8.83979368990319E-01  6.73956795720648E-01
DistFromNuc =  1.3693492868E+00
Rho =  4.3535464810E-02
DelSqRho =  7.7819435276E-02
GradDelSqRho = -2.0374327225E-15  1.1328611660E-14 -1.8825219161E-14
HessDelSqRho_EigVals = -6.8936561605E-01 -6.1496347845E-02  1.8654554144E-02
HessDelSqRho_EigVec1 =  1.0817228558E-02 -5.3230799895E-01  8.4648164884E-01
HessDelSqRho_EigVec2 = -8.4679289715E-01  4.4534590939E-01  2.9087593631E-01
HessDelSqRho_EigVec3 =  5.3181272728E-01  7.1994111929E-01  4.4593722412E-01
</CP of DelSqRho>
<CP of DelSqRho>
CP# = 8       
Type = (3,-1)
Coords =  4.06692120300225E+00  2.68975521306345E+00 -8.55322679566385E-01
DistFromNuc =  1.3877892627E+00
Rho =  4.4605942233E-02
DelSqRho =  7.9279599600E-02
GradDelSqRho = -1.8965298082E-13 -3.4710906024E-13  1.7032902866E-13
HessDelSqRho_EigVals = -6.8587622924E-01 -7.3164502772E-02  9.6963058157E-03
HessDelSqRho_EigVec1 =  4.3726141607E-01  8.3614740305E-01 -3.3114947440E-01
HessDelSqRho_EigVec2 = -8.2147175741E-01  5.2121126121E-01  2.3135032520E-01
HessDelSqRho_EigVec3 =  3.6604180881E-01  1.7086936989E-01  9.1477705078E-01
</CP of DelSqRho>
<CP of DelSqRho>
CP# = 9       
Type = (3,-3)
Coords =  3.39603240923156E+00  2.06391369568906E+00 -1.64666523143370E+00
DistFromNuc =  1.4753915036E+00
Rho =  4.5775376859E-02
DelSqRho =  8.2177358425E-02
GradDelSqRho = -3.6429192996E-17 -1.0408340856E-17  1.4398204851E-16
HessDelSqRho_EigVals = -6.0788691078E-01 -6.3492821651E-02 -8.8519260788E-03
HessDelSqRho_EigVec1 = -1.0733055235E-01 -2.3677834938E-01  9.6561698711E-01
HessDelSqRho_EigVec2 = -8.3917544528E-01  5.4240789063E-01  3.9727222584E-02
HessDelSqRho_EigVec3 =  5.3316481932E-01  8.0605812039E-01  2.5691551527E-01
</CP of DelSqRho>
<CP of DelSqRho>
CP# = 10      
Type = (3,-3)
Coords =  3.93876288247410E+00  2.29843212998202E+00  6.35754863396309E-01
DistFromNuc =  1.5096272404E+00
Rho =  4.5663008855E-02
DelSqRho =  8.7280161864E-02
GradDelSqRho = -7.4593109467E-17 -6.6353172956E-17 -1.0061396161E-16
HessDelSqRho_EigVals = -6.1046770954E-01 -2.7764215542E-02 -2.0291251646E-02
HessDelSqRho_EigVec1 =  6.1945097649E-01  3.6229668518E-01  6.9643492132E-01
HessDelSqRho_EigVec2 = -1.4737293809E-01  9.2503336611E-01 -3.5013495784E-01
HessDelSqRho_EigVec3 = -7.7107827414E-01  1.1425578099E-01  6.2640554888E-01
</CP of DelSqRho>
<CP of DelSqRho>
CP# = 11      
Type = (3,-1)
Coords =  3.02560808051203E+00  1.25721202730051E+00 -1.57514255029822E+00
DistFromNuc =  1.4543900365E+00
Rho =  4.5531293751E-02
DelSqRho =  8.0500117098E-02
GradDelSqRho =  5.7271282985E-13  1.0054006239E-12  2.9808655544E-12
HessDelSqRho_EigVals = -6.4066609682E-01 -5.7039626454E-02  1.4205290517E-02
HessDelSqRho_EigVec1 =  2.3225961725E-01  3.4268269279E-01  9.1028788977E-01
HessDelSqRho_EigVec2 = -9.0759129996E-01  4.1289396083E-01  7.6135467027E-02
HessDelSqRho_EigVec3 =  3.4976206544E-01  8.4385256365E-01 -4.0691442393E-01
</CP of DelSqRho>
<CP of DelSqRho>
CP# = 12      
Type = (3,+1)
Coords =  2.70226944547603E+00  1.45643336689706E+00 -1.62775001147663E+00
DistFromNuc =  1.7289745093E+00
Rho =  4.2327054936E-02
DelSqRho =  7.8825873394E-02
GradDelSqRho = -8.8763198181E-14  4.1705701392E-13  1.0519363158E-12
HessDelSqRho_EigVals = -5.0174230822E-01  1.6178557255E-02  7.3309078098E-02
HessDelSqRho_EigVec1 = -3.1051503279E-03  4.0427522922E-01  9.1463211024E-01
HessDelSqRho_EigVec2 =  2.1028635402E-01  8.9444888028E-01 -3.9464015238E-01
HessDelSqRho_EigVec3 =  9.7763490494E-01 -1.9110923474E-01  8.7790962208E-02
</CP of DelSqRho>
<CP of DelSqRho>
CP# = 13      
Type = (3,+1)
Coords =  2.99247005576203E+00  1.17452514194397E+00  1.04869054353602E+00
DistFromNuc =  1.8958206737E+00
Rho =  3.7161854866E-02
DelSqRho =  6.8033794086E-02
GradDelSqRho = -3.8163916471E-17 -4.5970172113E-17  6.5919492087E-17
HessDelSqRho_EigVals = -4.1984381105E-01  5.2596706920E-02  9.2055404295E-02
HessDelSqRho_EigVec1 =  3.0623853510E-01 -5.7673847201E-01  7.5735770579E-01
HessDelSqRho_EigVec2 =  3.6371439427E-01  8.0611013935E-01  4.6679576116E-01
HessDelSqRho_EigVec3 =  8.7973279979E-01 -1.3251104912E-01 -4.5663007221E-01
</CP of DelSqRho>
<CP of DelSqRho>
CP# = 14      
Type = (3,+1)
Coords =  3.61153881404079E+00  3.22543979587387E+00 -5.62725196582151E-01
DistFromNuc =  1.9304674775E+00
Rho =  3.7378485478E-02
DelSqRho =  6.9232247175E-02
GradDelSqRho =  3.2786273696E-16  1.5916087892E-16 -3.8163916471E-17
HessDelSqRho_EigVals = -4.2181777216E-01  2.6091538222E-02  8.2064151710E-02
HessDelSqRho_EigVec1 =  7.0025937880E-01  6.7902248160E-01 -2.2037529779E-01
HessDelSqRho_EigVec2 = -2.0403400077E-01 -1.0545649041E-01 -9.7326720645E-01
HessDelSqRho_EigVec3 = -6.8411031927E-01  7.2650354308E-01  6.4696777071E-02
</CP of DelSqRho>
<CP of DelSqRho>
CP# = 15      
Type = (3,-1)
Coords =  3.86426038739877E+00  2.34476271751364E+00  6.84874512238649E-01
DistFromNuc =  1.5830112543E+00
Rho =  4.4979113817E-02
DelSqRho =  8.7241888534E-02
GradDelSqRho = -1.7347234760E-18  9.8879238131E-17  9.8879238131E-17
HessDelSqRho_EigVals = -5.6875137659E-01 -3.0706153515E-02  2.3901389733E-02
HessDelSqRho_EigVec1 =  6.8501732284E-01  3.0241680348E-01  6.6279359108E-01
HessDelSqRho_EigVec2 = -1.9468391126E-01 -8.0069839441E-01  5.6655119442E-01
HessDelSqRho_EigVec3 = -7.0203236542E-01  5.1713263112E-01  4.8961658441E-01
</CP of DelSqRho>
<CP of DelSqRho>
CP# = 16      
Type = (3,-1)
Coords =  2.91517471330969E+00  2.12028080593769E+00 -1.75953580326260E+00
DistFromNuc =  1.8355017405E+00
Rho =  4.1716379712E-02
DelSqRho =  7.9927569343E-02
GradDelSqRho = -1.9366452886E-14 -6.5477679702E-15  2.8543140074E-14
HessDelSqRho_EigVals = -4.6200391792E-01 -9.3138144357E-03  4.0957640806E-02
HessDelSqRho_EigVec1 = -2.7887786658E-01  6.4308977742E-02  9.5817090903E-01
HessDelSqRho_EigVec2 = -3.4341961394E-01 -9.3845425005E-01 -3.6967408908E-02
HessDelSqRho_EigVec3 =  8.9682222558E-01 -3.3936407580E-01  2.8379908344E-01
</CP of DelSqRho>
<Path of -GradDelSqRho>
Starting CP# =      2
Ending CP# =      0
Number of Points =    341
  4.6480801521E+00  1.5770752482E+00 -1.2599296860E+00  4.7735026622E-02  6.2219499508E-02
  4.6700646584E+00  1.5658761403E+00 -1.2639620812E+00  4.5883460479E-02  6.2182141258E-02
  4.6920485881E+00  1.5546846182E+00 -1.2680184557E+00  4.4071445162E-02  6.2075498137E-02
  4.7140760508E+00  1.5436799467E+00 -1.2723391104E+00  4.2280809833E-02  6.1905446537E-02
  4.7361847233E+00  1.5330665754E+00 -1.2771872584E+00  4.0496294955E-02  6.1674703867E-02
  4.7583903596E+00  1.5230699957E+00 -1.2828318491E+00  3.8707687365E-02  6.1382431427E-02
  4.7806706303E+00  1.5139159378E+00 -1.2895110108E+00  3.6912511054E-02  6.1023737803E-02
  4.8029594517E+00  1.5057911068E+00 -1.2973829727E+00  3.5117681298E-02  6.0589503784E-02
  4.8251622669E+00  1.4987998534E+00 -1.3064891487E+00  3.3338172617E-02  6.0067083087E-02
  4.8471871912E+00  1.4929434346E+00 -1.3167556058E+00  3.1592583540E-02  5.9442130811E-02
  4.8689716928E+00  1.4881355334E+00 -1.3280322342E+00  2.9898092129E-02  5.8701123305E-02
  4.8904904917E+00  1.4842402244E+00 -1.3401424449E+00  2.8267428569E-02  5.7833698805E-02
  4.9117479447E+00  1.4811086931E+00 -1.3529189923E+00  2.6708342207E-02  5.6834164574E-02
  4.9327656565E+00  1.4786022714E+00 -1.3662203191E+00  2.5224491947E-02  5.5702031966E-02
  4.9535723223E+00  1.4766021764E+00 -1.3799334855E+00  2.3816672466E-02  5.4441787857E-02
  4.9741975174E+00  1.4750110670E+00 -1.3939709110E+00  2.2483850748E-02  5.3062198293E-02
  4.9946686284E+00  1.4737508822E+00 -1.4082653917E+00  2.1223897755E-02  5.1575391420E-02
  5.0150096956E+00  1.4727595487E+00 -1.4227653702E+00  2.0034063273E-02  4.9995888463E-02
  5.0352412460E+00  1.4719877413E+00 -1.4374310695E+00  1.8911272191E-02  4.8339685750E-02
  5.0553805685E+00  1.4713961147E+00 -1.4522315299E+00  1.7852306402E-02  4.6623444285E-02
  5.0754421458E+00  1.4709530809E+00 -1.4671424008E+00  1.6853916021E-02  4.4863812684E-02
  5.0954381036E+00  1.4706330778E+00 -1.4821443127E+00  1.5912887417E-02  4.3076889544E-02
  5.1153786222E+00  1.4704152369E+00 -1.4972216778E+00  1.5026084853E-02  4.1277819215E-02
  5.1352722901E+00  1.4702823633E+00 -1.5123618032E+00  1.4190475779E-02  3.9480507895E-02
  5.1551263986E+00  1.4702201546E+00 -1.5275542311E+00  1.3403145886E-02  3.7697443491E-02
  5.1749471828E+00  1.4702165998E+00 -1.5427902429E+00  1.2661307558E-02  3.5939601597E-02
  5.1947400181E+00  1.4702615160E+00 -1.5580624840E+00  1.1962304022E-02  3.4216420328E-02
  5.2145095780E+00  1.4703461875E+00 -1.5733646776E+00  1.1303610586E-02  3.2535828160E-02
  5.2342599614E+00  1.4704630855E+00 -1.5886914045E+00  1.0682833868E-02  3.0904310812E-02
  5.2539947956E+00  1.4706056475E+00 -1.6040379321E+00  1.0097709639E-02  2.9327005297E-02
  5.2737173187E+00  1.4707681044E+00 -1.6194000817E+00  9.5460996497E-03  2.7807811357E-02
  5.2934304449E+00  1.4709453443E+00 -1.6347741252E+00  9.0259877556E-03  2.6349512480E-02
  5.3131368182E+00  1.4711328046E+00 -1.6501567030E+00  8.5354755316E-03  2.4953900410E-02
  5.3328388529E+00  1.4713263882E+00 -1.6655447616E+00  8.0727775362E-03  2.3621898617E-02
  5.3525387674E+00  1.4715223973E+00 -1.6809355039E+00  7.6362163470E-03  2.2353681414E-02
  5.3722386086E+00  1.4717174826E+00 -1.6963263518E+00  7.2242174616E-03  2.1148786461E-02
  5.3919402711E+00  1.4719086045E+00 -1.7117149178E+00  6.8353041389E-03  2.0006219206E-02
  5.4116455110E+00  1.4720930039E+00 -1.7270989846E+00  6.4680922453E-03  1.8924548442E-02
  5.4313559550E+00  1.4722681821E+00 -1.7424764906E+00  6.1212851523E-03  1.7901992637E-02
  5.4510731064E+00  1.4724318863E+00 -1.7578455217E+00  5.7936687287E-03  1.6936497049E-02
  5.4707983476E+00  1.4725821009E+00 -1.7732043062E+00  5.4841064581E-03  1.6025801881E-02
  5.4905329404E+00  1.4727170430E+00 -1.7885512145E+00  5.1915347084E-03  1.5167501906E-02
  5.5102780248E+00  1.4728351607E+00 -1.8038847607E+00  4.9149581721E-03  1.4359098096E-02
  5.5300346154E+00  1.4729351341E+00 -1.8192036076E+00  4.6534454941E-03  1.3598041843E-02
  5.5498035987E+00  1.4730158770E+00 -1.8345065717E+00  4.4061250963E-03  1.2881772416E-02
  5.5695857284E+00  1.4730765393E+00 -1.8497926305E+00  4.1721812059E-03  1.2207748259E-02
  5.5893816216E+00  1.4731165092E+00 -1.8650609288E+00  3.9508500937E-03  1.1573472770E-02
  5.6091917561E+00  1.4731354133E+00 -1.8803107856E+00  3.7414165205E-03  1.0976515131E-02
  5.6290164676E+00  1.4731331162E+00 -1.8955416989E+00  3.5432103932E-03  1.0414526768E-02
  5.6488559496E+00  1.4731097166E+00 -1.9107533498E+00  3.3556036264E-03  9.8852539496E-03
  5.6687102534E+00  1.4730655412E+00 -1.9259456039E+00  3.1780072051E-03  9.3865470274E-03
  5.6885792916E+00  1.4730011354E+00 -1.9411185103E+00  3.0098684435E-03  8.9163667551E-03
  5.7084628426E+00  1.4729172504E+00 -1.9562722982E+00  2.8506684308E-03  8.4727881044E-03
  5.7283605573E+00  1.4728148275E+00 -1.9714073696E+00  2.6999196582E-03  8.0540019520E-03
  5.7482719680E+00  1.4726949797E+00 -1.9865242904E+00  2.5571638178E-03  7.6583149755E-03
  5.7681964991E+00  1.4725589699E+00 -2.0016237773E+00  2.4219697632E-03  7.2841480670E-03
  5.7881334787E+00  1.4724081875E+00 -2.0167066834E+00  2.2939316244E-03  6.9300335376E-03
  5.8080821526E+00  1.4722441241E+00 -2.0317739809E+00  2.1726670656E-03  6.5946113568E-03
  5.8280416978E+00  1.4720683471E+00 -2.0468267422E+00  2.0578156778E-03  6.2766246452E-03
  5.8480112376E+00  1.4718824746E+00 -2.0618661206E+00  1.9490374963E-03  5.9749146091E-03
  5.8679898560E+00  1.4716881499E+00 -2.0768933301E+00  1.8460116341E-03  5.6884150836E-03
  5.8879766122E+00  1.4714870177E+00 -2.0919096247E+00  1.7484350222E-03  5.4161468283E-03
  5.9079705544E+00  1.4712807022E+00 -2.1069162797E+00  1.6560212499E-03  5.1572116977E-03
  5.9279707324E+00  1.4710707868E+00 -2.1219145732E+00  1.5684994953E-03  4.9107867894E-03
  5.9479762093E+00  1.4708587973E+00 -2.1369057690E+00  1.4856135400E-03  4.6761186589E-03
  5.9679860715E+00  1.4706461871E+00 -2.1518911021E+00  1.4071208611E-03  4.4525176692E-03
  5.9879994378E+00  1.4704343253E+00 -2.1668717656E+00  1.3327917929E-03  4.2393525341E-03
  6.0080154666E+00  1.4702244877E+00 -2.1818489001E+00  1.2624087545E-03  4.0360450989E-03
  6.0280333615E+00  1.4700178510E+00 -2.1968235849E+00  1.1957655353E-03  3.8420653915E-03
  6.0480523758E+00  1.4698154884E+00 -2.2117968315E+00  1.1326666349E-03  3.6569269684E-03
  6.0680718154E+00  1.4696183685E+00 -2.2267695793E+00  1.0729266527E-03  3.4801825709E-03
  6.0880910410E+00  1.4694273553E+00 -2.2417426925E+00  1.0163697217E-03  3.3114200985E-03
  6.1081094681E+00  1.4692432104E+00 -2.2567169592E+00  9.6282898360E-04  3.1502589027E-03
  6.1281265674E+00  1.4690665966E+00 -2.2716930914E+00  9.1214610076E-04  2.9963463974E-03
  6.1481418636E+00  1.4688980821E+00 -2.2866717267E+00  8.6417080251E-04  2.8493549785E-03
  6.1681549336E+00  1.4687381458E+00 -2.3016534302E+00  8.1876046163E-04  2.7089792419E-03
  6.1881654047E+00  1.4685871834E+00 -2.3166386980E+00  7.7577969904E-04  2.5749334865E-03
  6.2081729515E+00  1.4684455134E+00 -2.3316279605E+00  7.3510001376E-04  2.4469494868E-03
  6.2281772936E+00  1.4683133835E+00 -2.3466215867E+00  6.9659943594E-04  2.3247745175E-03
  6.2481781925E+00  1.4681909772E+00 -2.3616198882E+00  6.6016220091E-04  2.2081696131E-03
  6.2681754484E+00  1.4680784199E+00 -2.3766231238E+00  6.2567844226E-04  2.0969080439E-03
  6.2881688971E+00  1.4679757850E+00 -2.3916315036E+00  5.9304390243E-04  1.9907739888E-03
  6.3081584070E+00  1.4678830998E+00 -2.4066451937E+00  5.6215965919E-04  1.8895613890E-03
  6.3281438762E+00  1.4678003512E+00 -2.4216643202E+00  5.3293186678E-04  1.7930729620E-03
  6.3481252296E+00  1.4677274905E+00 -2.4366889731E+00  5.0527151046E-04  1.7011193613E-03
  6.3681024161E+00  1.4676644385E+00 -2.4517192104E+00  4.7909417345E-04  1.6135184629E-03
  6.3880754059E+00  1.4676110899E+00 -2.4667550615E+00  4.5431981538E-04  1.5300947662E-03
  6.4080441885E+00  1.4675673170E+00 -2.4817965306E+00  4.3087256133E-04  1.4506788920E-03
  6.4280087701E+00  1.4675329737E+00 -2.4968435998E+00  4.0868050085E-04  1.3751071660E-03
  6.4479691717E+00  1.4675078987E+00 -2.5118962318E+00  3.8767549625E-04  1.3032212755E-03
  6.4679254270E+00  1.4674919187E+00 -2.5269543727E+00  3.6779299960E-04  1.2348679880E-03
  6.4878775812E+00  1.4674848506E+00 -2.5420179540E+00  3.4897187798E-04  1.1698989214E-03
  6.5078256889E+00  1.4674865042E+00 -2.5570868953E+00  3.3115424651E-04  1.1081703571E-03
  6.5277698127E+00  1.4674966843E+00 -2.5721611054E+00  3.1428530870E-04  1.0495430889E-03
  6.5477100223E+00  1.4675151926E+00 -2.5872404850E+00  2.9831320388E-04  9.9388229982E-04
  6.5676463933E+00  1.4675418289E+00 -2.6023249271E+00  2.8318886129E-04  9.4105746019E-04
  6.5875790056E+00  1.4675763935E+00 -2.6174143195E+00  2.6886586060E-04  8.9094224412E-04
  6.6075079434E+00  1.4676186873E+00 -2.6325085449E+00  2.5530029849E-04  8.4341445746E-04
  6.6274332937E+00  1.4676685138E+00 -2.6476074828E+00  2.4245066122E-04  7.9835597494E-04
  6.6473551458E+00  1.4677256797E+00 -2.6627110101E+00  2.3027770270E-04  7.5565268292E-04
  6.6672735907E+00  1.4677899959E+00 -2.6778190016E+00  2.1874432815E-04  7.1519442524E-04
  6.6871887206E+00  1.4678612779E+00 -2.6929313315E+00  2.0781548287E-04  6.7687495022E-04
  6.7071006284E+00  1.4679393470E+00 -2.7080478730E+00  1.9745804609E-04  6.4059185711E-04
  6.7270094072E+00  1.4680240302E+00 -2.7231684996E+00  1.8764072967E-04  6.0624654084E-04
  6.7469151500E+00  1.4681151614E+00 -2.7382930853E+00  1.7833398149E-04  5.7374413416E-04
  6.7668179494E+00  1.4682125812E+00 -2.7534215050E+00  1.6950989324E-04  5.4299344649E-04
  6.7867178972E+00  1.4683161376E+00 -2.7685536347E+00  1.6114211271E-04  5.1390689926E-04
  6.8066150844E+00  1.4684256864E+00 -2.7836893519E+00  1.5320576008E-04  4.8640045740E-04
  6.8265096009E+00  1.4685410912E+00 -2.7988285358E+00  1.4567734838E-04  4.6039355708E-04
  6.8464015353E+00  1.4686622238E+00 -2.8139710676E+00  1.3853470767E-04  4.3580902975E-04
  6.8662909748E+00  1.4687889645E+00 -2.8291168304E+00  1.3175691306E-04  4.1257302270E-04
  6.8861780049E+00  1.4689212023E+00 -2.8442657096E+00  1.2532421620E-04  3.9061491648E-04
  6.9060627097E+00  1.4690588347E+00 -2.8594175929E+00  1.1921798026E-04  3.6986723944E-04
  6.9259451715E+00  1.4692017685E+00 -2.8745723704E+00  1.1342061820E-04  3.5026557989E-04
  6.9458254708E+00  1.4693499193E+00 -2.8897299345E+00  1.0791553410E-04  3.3174849614E-04
  6.9657036862E+00  1.4695032120E+00 -2.9048901802E+00  1.0268706765E-04  3.1425742500E-04
  6.9855798947E+00  1.4696615808E+00 -2.9200530049E+00  9.7720441421E-05  2.9773658902E-04
  7.0054541710E+00  1.4698249692E+00 -2.9352183088E+00  9.3001710934E-05  2.8213290297E-04
  7.0253265882E+00  1.4699933301E+00 -2.9503859944E+00  8.8517717392E-05  2.6739587990E-04
  7.0451972174E+00  1.4701666257E+00 -2.9655559668E+00  8.4256042915E-05  2.5347753720E-04
  7.0650661275E+00  1.4703448280E+00 -2.9807281338E+00  8.0204968186E-05  2.4033230295E-04
  7.0849333858E+00  1.4705279180E+00 -2.9959024056E+00  7.6353432396E-05  2.2791692298E-04
  7.1047990573E+00  1.4707158863E+00 -3.0110786950E+00  7.2690995387E-05  2.1619036883E-04
  7.1246632053E+00  1.4709087329E+00 -3.0262569173E+00  6.9207801863E-05  2.0511374695E-04
  7.1445258908E+00  1.4711064668E+00 -3.0414369905E+00  6.5894547600E-05  1.9465020939E-04
  7.1643871733E+00  1.4713091062E+00 -3.0566188347E+00  6.2742447535E-05  1.8476486607E-04
  7.1842471099E+00  1.4715166784E+00 -3.0718023728E+00  5.9743205646E-05  1.7542469904E-04
  7.2041057560E+00  1.4717292191E+00 -3.0869875300E+00  5.6888986543E-05  1.6659847862E-04
  7.2239631650E+00  1.4719467729E+00 -3.1021742339E+00  5.4172388666E-05  1.5825668182E-04
  7.2438193884E+00  1.4721693922E+00 -3.1173624145E+00  5.1586419021E-05  1.5037141285E-04
  7.2636744758E+00  1.4723971378E+00 -3.1325520042E+00  4.9124469364E-05  1.4291632618E-04
  7.2835284748E+00  1.4726300777E+00 -3.1477429377E+00  4.6780293767E-05  1.3586655178E-04
  7.3033814313E+00  1.4728682874E+00 -3.1629351518E+00  4.4547987487E-05  1.2919862305E-04
  7.3232333894E+00  1.4731118489E+00 -3.1781285857E+00  4.2421967059E-05  1.2289040701E-04
  7.3430843913E+00  1.4733608506E+00 -3.1933231808E+00  4.0396951569E-05  1.1692103721E-04
  7.3629344773E+00  1.4736153868E+00 -3.2085188807E+00  3.8467945017E-05  1.1127084896E-04
  7.3827836862E+00  1.4738755570E+00 -3.2237156308E+00  3.6630219734E-05  1.0592131719E-04
  7.4026320550E+00  1.4741414653E+00 -3.2389133789E+00  3.4879300772E-05  1.0085499671E-04
  7.4224796189E+00  1.4744132199E+00 -3.2541120747E+00  3.3210951230E-05  9.6055464958E-05
  7.4423264117E+00  1.4746909325E+00 -3.2693116697E+00  3.1621158453E-05  9.1507267151E-05
  7.4621724655E+00  1.4749747173E+00 -3.2845121174E+00  3.0106121059E-05  8.7195863765E-05
  7.4820178109E+00  1.4752646910E+00 -3.2997133732E+00  2.8662236743E-05  8.3107580380E-05
  7.5018624772E+00  1.4755609714E+00 -3.3149153940E+00  2.7286090819E-05  7.9229559759E-05
  7.5217064919E+00  1.4758636770E+00 -3.3301181387E+00  2.5974445449E-05  7.5549716135E-05
  7.5415498815E+00  1.4761729265E+00 -3.3453215675E+00  2.4724229525E-05  7.2056691638E-05
  7.5613926711E+00  1.4764888375E+00 -3.3605256425E+00  2.3532529165E-05  6.8739814798E-05
  7.5812348847E+00  1.4768115266E+00 -3.3757303269E+00  2.2396578785E-05  6.5589061060E-05
  7.6010765450E+00  1.4771411080E+00 -3.3909355855E+00  2.1313752710E-05  6.2595015247E-05
  7.6209176737E+00  1.4774776932E+00 -3.4061413844E+00  2.0281557297E-05  5.9748835891E-05
  7.6407582914E+00  1.4778213904E+00 -3.4213476908E+00  1.9297623539E-05  5.7042221379E-05
  7.6605984181E+00  1.4781723037E+00 -3.4365544732E+00  1.8359700114E-05  5.4467377843E-05
  7.6804380726E+00  1.4785305328E+00 -3.4517617010E+00  1.7465646863E-05  5.2016988721E-05
  7.7002772731E+00  1.4788961721E+00 -3.4669693447E+00  1.6613428654E-05  4.9684185921E-05
  7.7201160371E+00  1.4792693107E+00 -3.4821773756E+00  1.5801109633E-05  4.7462522542E-05
  7.7399543816E+00  1.4796500315E+00 -3.4973857659E+00  1.5026847813E-05  4.5345947055E-05
  7.7597923229E+00  1.4800384112E+00 -3.5125944884E+00  1.4288889990E-05  4.3328778914E-05
  7.7796298769E+00  1.4804345199E+00 -3.5278035168E+00  1.3585566976E-05  4.1405685514E-05
  7.7994670591E+00  1.4808384205E+00 -3.5430128252E+00  1.2915289113E-05  3.9571660440E-05
  7.8193038848E+00  1.4812501692E+00 -3.5582223881E+00  1.2276542056E-05  3.7822002955E-05
  7.8391403689E+00  1.4816698145E+00 -3.5734321806E+00  1.1667882810E-05  3.6152298666E-05
  7.8589765263E+00  1.4820973979E+00 -3.5886421783E+00  1.1087936008E-05  3.4558401307E-05
  7.8788123716E+00  1.4825329533E+00 -3.6038523567E+00  1.0535390406E-05  3.3036415593E-05
  7.8986479193E+00  1.4829765073E+00 -3.6190626920E+00  1.0008995588E-05  3.1582681098E-05
  7.9184831842E+00  1.4834280792E+00 -3.6342731602E+00  9.5075588627E-06  3.0193757085E-05
  7.9383181808E+00  1.4838876810E+00 -3.6494837378E+00  9.0299423468E-06  2.8866408269E-05
  7.9581529239E+00  1.4843553179E+00 -3.6646944011E+00  8.5750602158E-06  2.7597591444E-05
  7.9779874283E+00  1.4848309880E+00 -3.6799051266E+00  8.1418761143E-06  2.6384442935E-05
  7.9978217089E+00  1.4853146829E+00 -3.6951158907E+00  7.7294007167E-06  2.5224266843E-05
  8.0176557811E+00  1.4858063878E+00 -3.7103266699E+00  7.3366894266E-06  2.4114524020E-05
  8.0374896601E+00  1.4863060819E+00 -3.7255374405E+00  6.9628402072E-06  2.3052821753E-05
  8.0573233616E+00  1.4868137385E+00 -3.7407481790E+00  6.6069915346E-06  2.2036904113E-05
  8.0771569015E+00  1.4873293255E+00 -3.7559588614E+00  6.2683204647E-06  2.1064642922E-05
  8.0969902960E+00  1.4878528058E+00 -3.7711694638E+00  5.9460408072E-06  2.0134029327E-05
  8.1168235616E+00  1.4883841374E+00 -3.7863799621E+00  5.6394014009E-06  1.9243165911E-05
  8.1366567150E+00  1.4889232741E+00 -3.8015903320E+00  5.3476844815E-06  1.8390259353E-05
  8.1564897732E+00  1.4894701654E+00 -3.8168005492E+00  5.0702041383E-06  1.7573613563E-05
  8.1763227537E+00  1.4900247572E+00 -3.8320105889E+00  4.8063048526E-06  1.6791623292E-05
  8.1961556740E+00  1.4905869921E+00 -3.8472204264E+00  4.5553601133E-06  1.6042768183E-05
  8.2159885523E+00  1.4911568098E+00 -3.8624300366E+00  4.3167711048E-06  1.5325607221E-05
  8.2358214068E+00  1.4917341471E+00 -3.8776393943E+00  4.0899654629E-06  1.4638773581E-05
  8.2556542560E+00  1.4923189386E+00 -3.8928484740E+00  3.8743960935E-06  1.3980969826E-05
  8.2754871189E+00  1.4929111171E+00 -3.9080572501E+00  3.6695400513E-06  1.3350963455E-05
  8.2953200146E+00  1.4935106132E+00 -3.9232656967E+00  3.4748974745E-06  1.2747582753E-05
  8.3151529626E+00  1.4941173565E+00 -3.9384737877E+00  3.2899905717E-06  1.2169712950E-05
  8.3349859826E+00  1.4947312753E+00 -3.9536814968E+00  3.1143626584E-06  1.1616292650E-05
  8.3548190945E+00  1.4953522970E+00 -3.9688887976E+00  2.9475772394E-06  1.1086310512E-05
  8.3746523188E+00  1.4959803482E+00 -3.9840956633E+00  2.7892171359E-06  1.0578802184E-05
  8.3944856758E+00  1.4966153553E+00 -3.9993020669E+00  2.6388836518E-06  1.0092847450E-05
  8.4143191863E+00  1.4972572443E+00 -4.0145079814E+00  2.4961957811E-06  9.6275675855E-06
  8.4341528713E+00  1.4979059411E+00 -4.0297133795E+00  2.3607894494E-06  9.1821229134E-06
  8.4539867519E+00  1.4985613719E+00 -4.0449182335E+00  2.2323167916E-06  8.7557105298E-06
  8.4738208496E+00  1.4992234631E+00 -4.0601225158E+00  2.1104454614E-06  8.3475622023E-06
  8.4936551860E+00  1.4998921413E+00 -4.0753261984E+00  1.9948579711E-06  7.9569424201E-06
  8.5134897829E+00  1.5005673340E+00 -4.0905292532E+00  1.8852510614E-06  7.5831465868E-06
  8.5333246624E+00  1.5012489690E+00 -4.1057316519E+00  1.7813350978E-06  7.2254993448E-06
  8.5531598466E+00  1.5019369751E+00 -4.1209333660E+00  1.6828334938E-06  6.8833530221E-06
  8.5729953580E+00  1.5026312817E+00 -4.1361343667E+00  1.5894821581E-06  6.5560861907E-06
  8.5928312192E+00  1.5033318193E+00 -4.1513346251E+00  1.5010289662E-06  6.2431023294E-06
  8.6126674529E+00  1.5040385192E+00 -4.1665341122E+00  1.4172332529E-06  5.9438285813E-06
  8.6325040820E+00  1.5047513137E+00 -4.1817327985E+00  1.3378653275E-06  5.6577146000E-06
  8.6523411297E+00  1.5054701362E+00 -4.1969306545E+00  1.2627060083E-06  5.3842314760E-06
  8.6721786193E+00  1.5061949212E+00 -4.2121276506E+00  1.1915461763E-06  5.1228707374E-06
  8.6920165743E+00  1.5069256040E+00 -4.2273237568E+00  1.1241863474E-06  4.8731434193E-06
  8.7118550182E+00  1.5076621213E+00 -4.2425189429E+00  1.0604362625E-06  4.6345791955E-06
  8.7316939750E+00  1.5084044107E+00 -4.2577131785E+00  1.0001144930E-06  4.4067255672E-06
  8.7515334687E+00  1.5091524111E+00 -4.2729064331E+00  9.4304806412E-07  4.1891471052E-06
  8.7713735233E+00  1.5099060621E+00 -4.2880986758E+00  8.8907209158E-07  3.9814247394E-06
  8.7912141634E+00  1.5106653048E+00 -4.3032898755E+00  8.3802943422E-07  3.7831550927E-06
  8.8110554134E+00  1.5114300809E+00 -4.3184800010E+00  7.8977035990E-07  3.5939498559E-06
  8.8308972982E+00  1.5122003335E+00 -4.3336690206E+00  7.4415222503E-07  3.4134351982E-06
  8.8507398427E+00  1.5129760064E+00 -4.3488569026E+00  7.0103916694E-07  3.2412512131E-06
  8.8705830719E+00  1.5137570444E+00 -4.3640436149E+00  6.6030180845E-07  3.0770513937E-06
  8.8904270114E+00  1.5145433933E+00 -4.3792291250E+00  6.2181697439E-07  2.9205021375E-06
  8.9102716867E+00  1.5153349997E+00 -4.3944134004E+00  5.8546741939E-07  2.7712822764E-06
  8.9301171236E+00  1.5161318110E+00 -4.4095964081E+00  5.5114156663E-07  2.6290826306E-06
  8.9499633482E+00  1.5169337754E+00 -4.4247781149E+00  5.1873325703E-07  2.4936055844E-06
  8.9698103866E+00  1.5177408418E+00 -4.4399584873E+00  4.8814150854E-07  2.3645646818E-06
  8.9896582655E+00  1.5185529600E+00 -4.4551374914E+00  4.5927028512E-07  2.2416842400E-06
  9.0095070116E+00  1.5193700800E+00 -4.4703150930E+00  4.3202827510E-07  2.1246989808E-06
  9.0293566520E+00  1.5201921527E+00 -4.4854912576E+00  4.0632867839E-07  2.0133536762E-06
  9.0492072139E+00  1.5210191295E+00 -4.5006659503E+00  3.8208900247E-07  1.9074028093E-06
  9.0690587250E+00  1.5218509622E+00 -4.5158391359E+00  3.5923086660E-07  1.8066102477E-06
  9.0889112131E+00  1.5226876030E+00 -4.5310107787E+00  3.3767981407E-07  1.7107489299E-06
  9.1087647063E+00  1.5235290046E+00 -4.5461808429E+00  3.1736513220E-07  1.6196005621E-06
  9.1286192333E+00  1.5243751197E+00 -4.5613492920E+00  2.9821967967E-07  1.5329553263E-06
  9.1484748227E+00  1.5252259017E+00 -4.5765160892E+00  2.8017972109E-07  1.4506115985E-06
  9.1683315037E+00  1.5260813038E+00 -4.5916811973E+00  2.6318476843E-07  1.3723756748E-06
  9.1881893057E+00  1.5269412796E+00 -4.6068445788E+00  2.4717742901E-07  1.2980615080E-06
  9.2080482586E+00  1.5278057827E+00 -4.6220061955E+00  2.3210326003E-07  1.2274904511E-06
  9.2279083926E+00  1.5286747667E+00 -4.6371660090E+00  2.1791062909E-07  1.1604910090E-06
  9.2477697381E+00  1.5295481853E+00 -4.6523239803E+00  2.0455058069E-07  1.0968985978E-06
  9.2676323260E+00  1.5304259919E+00 -4.6674800699E+00  1.9197670848E-07  1.0365553105E-06
  9.2874961878E+00  1.5313081400E+00 -4.6826342379E+00  1.8014503293E-07  9.7930968995E-07
  9.3073613550E+00  1.5321945828E+00 -4.6977864440E+00  1.6901388427E-07  9.2501650789E-07
  9.3272278597E+00  1.5330852734E+00 -4.7129366472E+00  1.5854379058E-07  8.7353655047E-07
  9.3470957346E+00  1.5339801644E+00 -4.7280848060E+00  1.4869737071E-07  8.2473640944E-07
  9.3669650125E+00  1.5348792082E+00 -4.7432308786E+00  1.3943923190E-07  7.7848827917E-07
  9.3868357269E+00  1.5357823568E+00 -4.7583748222E+00  1.3073587199E-07  7.3466975931E-07
  9.4067079116E+00  1.5366895617E+00 -4.7735165940E+00  1.2255558587E-07  6.9316366285E-07
  9.4265816009E+00  1.5376007741E+00 -4.7886561503E+00  1.1486837620E-07  6.5385782940E-07
  9.4464568296E+00  1.5385159443E+00 -4.8037934468E+00  1.0764586809E-07  6.1664494366E-07
  9.4663336330E+00  1.5394350223E+00 -4.8189284388E+00  1.0086122769E-07  5.8142235894E-07
  9.4862120467E+00  1.5403579573E+00 -4.8340610808E+00  9.4489084412E-08  5.4809192554E-07
  9.5060921072E+00  1.5412846979E+00 -4.8491913269E+00  8.8505456784E-08  5.1655982396E-07
  9.5259738511E+00  1.5422151920E+00 -4.8643191304E+00  8.2887681678E-08  4.8673640286E-07
  9.5458573157E+00  1.5431493865E+00 -4.8794444440E+00  7.7614346824E-08  4.5853602162E-07
  9.5657425390E+00  1.5440872276E+00 -4.8945672199E+00  7.2665226472E-08  4.3187689746E-07
  9.5856295592E+00  1.5450286606E+00 -4.9096874093E+00  6.8021220065E-08  4.0668095702E-07
  9.6055184153E+00  1.5459736299E+00 -4.9248049632E+00  6.3664293810E-08  3.8287369232E-07
  9.6254091467E+00  1.5469220788E+00 -4.9399198315E+00  5.9577425014E-08  3.6038402103E-07
  9.6453017937E+00  1.5478739497E+00 -4.9550319636E+00  5.5744549080E-08  3.3914415100E-07
  9.6651963968E+00  1.5488291838E+00 -4.9701413082E+00  5.2150509043E-08  3.1908944888E-07
  9.6850929972E+00  1.5497877213E+00 -4.9852478133E+00  4.8781007547E-08  3.0015831292E-07
  9.7049916369E+00  1.5507495010E+00 -5.0003514260E+00  4.5622561146E-08  2.8229204971E-07
  9.7248923582E+00  1.5517144609E+00 -5.0154520928E+00  4.2662456840E-08  2.6543475489E-07
  9.7447952044E+00  1.5526825373E+00 -5.0305497596E+00  3.9888710751E-08  2.4953319772E-07
  9.7647002191E+00  1.5536536655E+00 -5.0456443711E+00  3.7290028825E-08  2.3453670941E-07
  9.7846074467E+00  1.5546277791E+00 -5.0607358718E+00  3.4855769503E-08  2.2039707527E-07
  9.8045169321E+00  1.5556048108E+00 -5.0758242049E+00  3.2575908241E-08  2.0706843036E-07
  9.8244287212E+00  1.5565846913E+00 -5.0909093130E+00  3.0441003820E-08  1.9450715884E-07
  9.8443428602E+00  1.5575673503E+00 -5.1059911381E+00  2.8442166356E-08  1.8267179672E-07
  9.8642593962E+00  1.5585527156E+00 -5.1210696210E+00  2.6571026931E-08  1.7152293808E-07
  9.8841783768E+00  1.5595407137E+00 -5.1361447021E+00  2.4819708775E-08  1.6102314459E-07
  9.9040998505E+00  1.5605312693E+00 -5.1512163205E+00  2.3180799927E-08  1.5113685836E-07
  9.9240238664E+00  1.5615243055E+00 -5.1662844149E+00  2.1647327308E-08  1.4183031790E-07
  9.9439504744E+00  1.5625197436E+00 -5.1813489227E+00  2.0212732136E-08  1.3307147724E-07
  9.9638797249E+00  1.5635175033E+00 -5.1964097809E+00  1.8870846618E-08  1.2482992806E-07
  9.9838116692E+00  1.5645175024E+00 -5.2114669252E+00  1.7615871875E-08  1.1707682476E-07
  1.0003746359E+01  1.5655196568E+00 -5.2265202907E+00  1.6442357018E-08  1.0978481247E-07
  1.0023683848E+01  1.5665238807E+00 -5.2415698115E+00  1.5345179334E-08  1.0292795776E-07
  1.0043624189E+01  1.5675300861E+00 -5.2566154207E+00  1.4319525531E-08  9.6481682157E-08
  1.0063567436E+01  1.5685381833E+00 -5.2716570506E+00  1.3360873979E-08  9.0422698277E-08
  1.0083513644E+01  1.5695480805E+00 -5.2866946327E+00  1.2464977907E-08  8.4728948495E-08
  1.0103462870E+01  1.5705596836E+00 -5.3017280972E+00  1.1627849508E-08  7.9379546151E-08
  1.0123415169E+01  1.5715728967E+00 -5.3167573737E+00  1.0845744908E-08  7.4354719147E-08
  1.0143370600E+01  1.5725876217E+00 -5.3317823906E+00  1.0115149945E-08  6.9635755898E-08
  1.0163329219E+01  1.5736037581E+00 -5.3468030756E+00  9.4327667369E-09  6.5204953538E-08
  1.0183291086E+01  1.5746212034E+00 -5.3618193552E+00  8.7955009836E-09  6.1045568333E-08
  1.0203256261E+01  1.5756398526E+00 -5.3768311550E+00  8.2004499690E-09  5.7141768211E-08
  1.0223224805E+01  1.5766595986E+00 -5.3918383997E+00  7.6448912322E-09  5.3478587344E-08
  1.0243196778E+01  1.5776803318E+00 -5.4068410128E+00  7.1262718678E-09  5.0041882713E-08
  1.0263172242E+01  1.5787019402E+00 -5.4218389170E+00  6.6421984272E-09  4.6818292592E-08
  1.0283151261E+01  1.5797243094E+00 -5.4368320339E+00  6.1904273864E-09  4.3795196868E-08
  1.0303133899E+01  1.5807473224E+00 -5.4518202842E+00  5.7688561532E-09  4.0960679150E-08
  1.0323120219E+01  1.5817708597E+00 -5.4668035874E+00  5.3755145845E-09  3.8303490593E-08
  1.0343110287E+01  1.5827947994E+00 -5.4817818620E+00  5.0085569863E-09  3.5813015371E-08
  1.0363104170E+01  1.5838190166E+00 -5.4967550257E+00  4.6662545723E-09  3.3479237741E-08
  1.0383101934E+01  1.5848433842E+00 -5.5117229948E+00  4.3469883551E-09  3.1292710642E-08
  1.0403103647E+01  1.5858677719E+00 -5.5266856850E+00  4.0492424479E-09  2.9244525761E-08
  1.0423109378E+01  1.5868920471E+00 -5.5416430105E+00  3.7715977541E-09  2.7326285010E-08
  1.0443119196E+01  1.5879160741E+00 -5.5565948848E+00  3.5127260240E-09  2.5530073368E-08
  1.0463133172E+01  1.5889397145E+00 -5.5715412201E+00  3.2713842582E-09  2.3848433024E-08
  1.0483151375E+01  1.5899628271E+00 -5.5864819279E+00  3.0464094401E-09  2.2274338763E-08
  1.0503173880E+01  1.5909852677E+00 -5.6014169181E+00  2.8367135768E-09  2.0801174563E-08
  1.0523200757E+01  1.5920068892E+00 -5.6163461001E+00  2.6412790346E-09  1.9422711330E-08
  1.0543232080E+01  1.5930275414E+00 -5.6312693820E+00  2.4591541502E-09  1.8133085740E-08
  1.0563267925E+01  1.5940470713E+00 -5.6461866708E+00  2.2894491035E-09  1.6926780135E-08
  1.0583308364E+01  1.5950653226E+00 -5.6610978724E+00  2.1313320367E-09  1.5798603421E-08
  1.0603353475E+01  1.5960821363E+00 -5.6760028920E+00  1.9840254068E-09  1.4743672936E-08
  1.0623403334E+01  1.5970973498E+00 -5.6909016333E+00  1.8468025568E-09  1.3757397240E-08
