 AIMInt (Version 19.10.12, Professional)
 Portions Copyright (c) 1997-2019 by Todd A. Keith
 AIMInt is a component of the AIMAll package ( http://aim.tkgristmill.com )

 TP:  64-bit Mac OS X

 AIMInt is a heavily modified and extended version of the PROAIMV program
 developed by members of R.F.W. Bader's research group

 Much of the Quantum Theory of Atoms in Molecules (QTAIM) is described in the book:
   "Atoms in Molecules - A Quantum Theory"
   R.F.W. Bader, Oxford University Press, Oxford, 1990

 For additional references see:  http://aim.tkgristmill.com/references.html

 Current Directory:  /Users/chemlab/Documents/SubstituentCoding/New Reorientation Test

 Inp File:  SubC6H5_OPH2O-ReorPosY-B3LYP-def2-TZVPPD-Field_atomicfiles/p3.inp
 Wfx File:  SubC6H5_OPH2O-ReorPosY-B3LYP-def2-TZVPPD-Field.wfx
 Out File:  SubC6H5_OPH2O-ReorPosY-B3LYP-def2-TZVPPD-Field_atomicfiles/p3.int

 Wfx Title:   SubC6H5_OPH2O-ReorPosY-B3LYP-def2-TZVPPD-Field.chk                            
 Job Title:   SubC6H5_OPH2O-ReorPosY-B3LYP-def2-TZVPPD-Field.chk                            
 
<Atom>
P3      
</Atom>
<Nuclei of Molecule>
    16
O1         8.0           0.0000000000E+00   0.0000000000E+00   0.0000000000E+00
C2         6.0          -2.6356814912E+00   0.0000000000E+00   0.0000000000E+00
P3        15.0           1.7126853449E+00   2.5113700864E+00   0.0000000000E+00
H4         1.0           4.0315829194E+00   1.3415413108E+00  -5.2816901981E-01
H5         1.0           9.9489081698E-01   3.7046189105E+00  -2.2698190616E+00
O6         8.0           1.6593574865E+00   4.1711117347E+00   2.2252373228E+00
C7         6.0          -3.8192678216E+00  -1.7320510999E+00  -1.5765588355E+00
C8         6.0          -4.0192679392E+00   1.5947777952E+00   1.5620093276E+00
C9         6.0          -6.4408587818E+00  -1.8604937531E+00  -1.5981954586E+00
H10        1.0          -2.6832853621E+00  -2.9561155908E+00  -2.7532592312E+00
C11        6.0          -6.6444764375E+00   1.4520630062E+00   1.5059258036E+00
H12        1.0          -3.0560966605E+00   2.9023225804E+00   2.7998521980E+00
C13        6.0          -7.8608549151E+00  -2.6698365554E-01  -6.3064843896E-02
H14        1.0          -7.3721211709E+00  -3.2086313682E+00  -2.8206281540E+00
H15        1.0          -7.7353379447E+00   2.6892991482E+00   2.7134392723E+00
H16        1.0          -9.9016539083E+00  -3.7080585530E-01  -8.5601106520E-02
</Nuclei of Molecule>
<Total Number of CPs of DelSqRho>
    43
</Total Number of CPs of DelSqRho>
<Number of (3,+3) CPs of DelSqRho>
     5
</Number of (3,+3) CPs of DelSqRho>
<Number of (3,+1) CPs of DelSqRho>
    18
</Number of (3,+1) CPs of DelSqRho>
<Number of (3,-1) CPs of DelSqRho>
    16
</Number of (3,-1) CPs of DelSqRho>
<Number of (3,-3) CPs of DelSqRho>
     4
</Number of (3,-3) CPs of DelSqRho>
<Number of Degenerate CPs of DelSqRho>
     0
</Number of Degenerate CPs of DelSqRho>
<CP of DelSqRho>
CP# = 1       
Type = (3,+3)
Coords =  1.71268533285979E+00  2.51137007014863E+00  2.06427501278603E-09
DistFromNuc =  2.0319428374E-08
Rho =  2.1030767643E+03
DelSqRho = -8.1746290270E+07
GradDelSqRho =  5.0777063007E-04 -3.7128615077E-04 -1.7462298274E-10
HessDelSqRho_EigVals =  1.1131684606E+13  1.1131684735E+13  1.1131685006E+13
HessDelSqRho_EigVec1 = -2.0974396477E-01  4.5324829288E-01  8.6635642448E-01
HessDelSqRho_EigVec2 =  7.5649259824E-01 -4.8613988991E-01  4.3747794945E-01
HessDelSqRho_EigVec3 =  6.1945655058E-01  7.4715058217E-01 -2.4091407078E-01
</CP of DelSqRho>
<CP of DelSqRho>
CP# = 2       
Type = (3,-1)
Coords =  1.51875067855248E+00  2.28717746139110E+00  4.88287206411203E-02
DistFromNuc =  3.0042841389E-01
Rho =  1.3043306909E+01
DelSqRho = -2.2340786820E+02
GradDelSqRho = -1.6370904632E-11 -5.4569682106E-12  2.2737367544E-12
HessDelSqRho_EigVals = -3.6230264947E+02 -3.2336257445E+02  1.1471300970E+05
HessDelSqRho_EigVec1 = -2.7508038123E-01  4.2550102134E-01  8.6213668562E-01
HessDelSqRho_EigVec2 =  7.1235518215E-01 -5.1201458912E-01  4.7999078637E-01
HessDelSqRho_EigVec3 =  6.4566313069E-01  7.4618358422E-01 -1.6226268919E-01
</CP of DelSqRho>
<CP of DelSqRho>
CP# = 3       
Type = (3,+3)
Coords =  1.75679963055374E+00  2.37283821830137E+00 -2.61259225702243E-01
DistFromNuc =  2.9898751092E-01
Rho =  1.3258934107E+01
DelSqRho = -2.3775017633E+02
GradDelSqRho = -6.8212102633E-13 -4.5474735089E-13 -9.0949470177E-13
HessDelSqRho_EigVals =  2.8501404038E+02  2.9296997210E+02  1.2014488101E+05
HessDelSqRho_EigVec1 =  7.5043436663E-01  6.2838629243E-01 -2.0488760057E-01
HessDelSqRho_EigVec2 = -6.4404875457E-01  6.2558441451E-01 -4.4027870953E-01
HessDelSqRho_EigVec3 = -1.4849061627E-01  4.6235787850E-01  8.7417145290E-01
</CP of DelSqRho>
<CP of DelSqRho>
CP# = 4       
Type = (3,+3)
Coords =  1.48089978245227E+00  2.69541065079161E+00  4.27988332122274E-02
DistFromNuc =  2.9904383698E-01
Rho =  1.3243465827E+01
DelSqRho = -2.3714834669E+02
GradDelSqRho = -8.8675733423E-12  3.6379788071E-12  3.1832314562E-12
HessDelSqRho_EigVals =  2.3136019607E+02  2.6671479604E+02  1.2004079528E+05
HessDelSqRho_EigVec1 =  6.0027222156E-01  7.8676102691E-01 -1.4380662905E-01
HessDelSqRho_EigVec2 =  2.0179212652E-01  2.5004007935E-02  9.7910915493E-01
HessDelSqRho_EigVec3 =  7.7392066628E-01 -6.1675107306E-01 -1.4375296929E-01
</CP of DelSqRho>
<CP of DelSqRho>
CP# = 5       
Type = (3,+1)
Coords =  1.72130784390632E+00  2.81027416400960E+00  9.79413193511456E-03
DistFromNuc =  2.9918877006E-01
Rho =  1.3214583120E+01
DelSqRho = -2.3457830249E+02
GradDelSqRho =  4.5474735089E-13 -1.0459189070E-11  1.2505552149E-12
HessDelSqRho_EigVals = -1.1719749623E+02  1.7653317918E+02  1.1967113514E+05
HessDelSqRho_EigVec1 =  9.9237224776E-01 -2.2955080312E-02 -1.2112136955E-01
HessDelSqRho_EigVec2 =  1.2021869304E-01 -3.7303874159E-02  9.9204631284E-01
HessDelSqRho_EigVec3 =  2.7290799113E-02  9.9904028210E-01  3.4259699696E-02
</CP of DelSqRho>
<CP of DelSqRho>
CP# = 6       
Type = (3,+1)
Coords =  1.61521457675466E+00  2.57898704714016E+00  2.74505171661874E-01
DistFromNuc =  2.9904129028E-01
Rho =  1.3212345713E+01
DelSqRho = -2.3235812020E+02
GradDelSqRho = -2.7284841053E-12  1.8189894035E-12  7.2759576142E-12
HessDelSqRho_EigVals = -2.4506793053E+02  1.1327978752E+02  1.1978777094E+05
HessDelSqRho_EigVec1 =  7.4237648035E-01 -5.3985052213E-01  3.9678530112E-01
HessDelSqRho_EigVec2 =  5.8619129524E-01  8.1015392040E-01  5.5127706610E-03
HessDelSqRho_EigVec3 = -3.2443323938E-01  2.2849953831E-01  9.1789489277E-01
</CP of DelSqRho>
<CP of DelSqRho>
CP# = 7       
Type = (3,+1)
Coords =  1.91076864573576E+00  2.61253400681757E+00 -2.00321244633498E-01
DistFromNuc =  2.9933214648E-01
Rho =  1.3201412981E+01
DelSqRho = -2.3375509225E+02
GradDelSqRho = -9.0949470177E-13 -2.2737367544E-12  3.6379788071E-12
HessDelSqRho_EigVals = -1.6028055948E+02  1.6170705775E+02  1.1911634638E+05
HessDelSqRho_EigVec1 =  2.4117906426E-01  7.5084328732E-01  6.1487154500E-01
HessDelSqRho_EigVec2 =  7.1014795475E-01 -5.6836935696E-01  4.1550710756E-01
HessDelSqRho_EigVec3 =  6.6145486719E-01  3.3643815472E-01 -6.7028861450E-01
</CP of DelSqRho>
<CP of DelSqRho>
CP# = 8       
Type = (3,-1)
Coords =  1.98450522509420E+00  2.39014691890407E+00 -3.07012251897954E-02
DistFromNuc =  2.9920506150E-01
Rho =  1.3198036902E+01
DelSqRho = -2.3088257102E+02
GradDelSqRho =  6.3664629124E-12 -3.8653524825E-12 -4.5474735089E-13
HessDelSqRho_EigVals = -2.7262141236E+02 -1.1078692183E+02  1.1919078321E+05
HessDelSqRho_EigVec1 =  1.9624307567E-01  1.9572751060E-01  9.6082225039E-01
HessDelSqRho_EigVec2 =  3.6932477508E-01  8.9295987913E-01 -2.5733609301E-01
HessDelSqRho_EigVec3 =  9.0834347345E-01 -4.0535588789E-01 -1.0295017430E-01
</CP of DelSqRho>
<CP of DelSqRho>
CP# = 9       
Type = (3,+3)
Coords =  1.85225543027149E+00  2.42971312626317E+00  2.51619904472075E-01
DistFromNuc =  2.9909905415E-01
Rho =  1.3235736146E+01
DelSqRho = -2.3657963171E+02
GradDelSqRho =  5.0022208598E-12 -2.7284841053E-12  5.9117155615E-12
HessDelSqRho_EigVals =  1.9122249441E+02  2.5579320019E+02  1.1981612122E+05
HessDelSqRho_EigVec1 =  6.7107841697E-01  7.2843371302E-01 -1.3797856360E-01
HessDelSqRho_EigVec2 =  5.7557815529E-01 -6.2919598910E-01 -5.2232384059E-01
HessDelSqRho_EigVec3 =  4.6729385340E-01 -2.7110280899E-01  8.4151038112E-01
</CP of DelSqRho>
<CP of DelSqRho>
CP# = 10      
Type = (3,-1)
Coords =  1.63888562748960E+00  2.67568839535318E+00 -2.38943328829067E-01
DistFromNuc =  2.9923372027E-01
Rho =  1.3195379892E+01
DelSqRho = -2.3094098345E+02
GradDelSqRho =  1.3642420527E-12  2.5011104299E-12  4.5474735089E-13
HessDelSqRho_EigVals = -2.6652223568E+02 -1.2439888277E+02  1.1915305264E+05
HessDelSqRho_EigVec1 = -4.6461178434E-01  6.5633004865E-01  5.9444659735E-01
HessDelSqRho_EigVec2 =  8.5034488634E-01  5.1799699709E-01  9.2696738270E-02
HessDelSqRho_EigVec3 =  2.4708189762E-01 -5.4855262123E-01  7.9877440972E-01
</CP of DelSqRho>
<CP of DelSqRho>
CP# = 11      
Type = (3,-1)
Coords =  1.70048698958409E+00  2.67849257413672E+00  2.47453365685916E-01
DistFromNuc =  2.9885095612E-01
Rho =  1.3227098367E+01
DelSqRho = -2.3202796154E+02
GradDelSqRho =  1.1368683772E-12 -2.2737367544E-12  2.7284841053E-12
HessDelSqRho_EigVals = -2.4536335517E+02 -9.6512435423E+01  1.2050672083E+05
HessDelSqRho_EigVec1 =  7.6170643342E-01 -5.1882623802E-01  3.8810133216E-01
HessDelSqRho_EigVec2 =  6.4662951160E-01  6.4654244063E-01 -4.0478778044E-01
HessDelSqRho_EigVec3 = -4.0909461178E-02  5.5928723140E-01  8.2796389340E-01
</CP of DelSqRho>
<CP of DelSqRho>
CP# = 12      
Type = (3,+1)
Coords =  1.94710422751307E+00  2.63132516893765E+00  1.41965015676050E-01
DistFromNuc =  2.9915798507E-01
Rho =  1.3219098195E+01
DelSqRho = -2.3483720273E+02
GradDelSqRho =  5.0022208598E-12 -1.1368683772E-12  4.7748471843E-12
HessDelSqRho_EigVals = -9.3947527588E+01  1.9118815659E+02  1.1975642359E+05
HessDelSqRho_EigVec1 =  4.6707762907E-02  7.2539870624E-01 -6.8674238392E-01
HessDelSqRho_EigVec2 = -6.2045816942E-01  5.5985809068E-01  5.4917263069E-01
HessDelSqRho_EigVec3 =  7.8284739565E-01  4.0044429736E-01  4.7622927234E-01
</CP of DelSqRho>
<CP of DelSqRho>
CP# = 13      
Type = (3,+1)
Coords =  1.50902984773938E+00  2.54794674340196E+00 -2.16280474972008E-01
DistFromNuc =  2.9931698451E-01
Rho =  1.3193254615E+01
DelSqRho = -2.3178415533E+02
GradDelSqRho =  5.4569682106E-12  2.9558577808E-12 -1.8189894035E-12
HessDelSqRho_EigVals = -2.7557310988E+02  1.4822059299E+02  1.1877558319E+05
HessDelSqRho_EigVec1 =  5.2189480804E-01 -6.1184722672E-01 -5.9436418171E-01
HessDelSqRho_EigVec2 =  5.1602373466E-01  7.8128494622E-01 -3.5115998928E-01
HessDelSqRho_EigVec3 =  6.7922405332E-01 -1.2343744960E-01  7.2347624801E-01
</CP of DelSqRho>
<CP of DelSqRho>
CP# = 14      
Type = (3,+3)
Coords =  1.90632721403099E+00  2.73974141376530E+00  2.44105404897873E-05
DistFromNuc =  2.9941716258E-01
Rho =  1.3200259970E+01
DelSqRho = -2.3545351660E+02
GradDelSqRho = -4.5474735089E-12 -2.7284841053E-12 -1.2789769244E-12
HessDelSqRho_EigVals =  1.0005061837E+02  1.4536592672E+02  1.1903699682E+05
HessDelSqRho_EigVec1 =  5.9825383989E-01 -5.0809528979E-01  6.1962207800E-01
HessDelSqRho_EigVec2 =  4.7342752320E-01 -3.9974972722E-01 -7.8489906094E-01
HessDelSqRho_EigVec3 =  6.4649727249E-01  7.6291502284E-01  1.3944852944E-03
</CP of DelSqRho>
<CP of DelSqRho>
CP# = 15      
Type = (3,+1)
Coords =  1.88667323475714E+00  2.26779277480872E+00  4.00901348947348E-03
DistFromNuc =  2.9936226335E-01
Rho =  1.3187644704E+01
DelSqRho = -2.3143705218E+02
GradDelSqRho = -5.6559201767E-12  6.8212102633E-12  6.8212102633E-13
HessDelSqRho_EigVals = -2.7361847320E+02  1.2884001947E+02  1.1858691401E+05
HessDelSqRho_EigVec1 =  1.5344767088E-01  1.2508090429E-01  9.8020843686E-01
HessDelSqRho_EigVec2 =  7.9794373006E-01  5.6942856370E-01 -1.9757761641E-01
HessDelSqRho_EigVec3 = -5.8287186925E-01  8.1246900140E-01 -1.2430036497E-02
</CP of DelSqRho>
<CP of DelSqRho>
CP# = 16      
Type = (3,-3)
Coords =  2.21421183838376E+00  2.31081595920735E+00 -5.91069699357773E-02
DistFromNuc =  5.4336398067E-01
Rho =  3.1946538837E+00
DelSqRho =  5.4718317200E+01
GradDelSqRho =  1.1368683772E-13  1.2789769244E-13  1.9895196601E-13
HessDelSqRho_EigVals = -5.0874536669E+03 -1.9983944708E+01 -1.6814581312E+01
HessDelSqRho_EigVec1 =  9.2259867711E-01 -3.6981201879E-01 -1.0977591611E-01
HessDelSqRho_EigVec2 =  3.5987483638E-01  9.2759026334E-01 -1.0033147809E-01
HessDelSqRho_EigVec3 =  1.3893085739E-01  5.3060099112E-02  9.8887958961E-01
</CP of DelSqRho>
<CP of DelSqRho>
CP# = 17      
Type = (3,-1)
Coords =  1.55870654383392E+00  3.03122616413232E+00 -5.64454624282642E-02
DistFromNuc =  5.4511090888E-01
Rho =  3.1625333043E+00
DelSqRho =  5.3988236797E+01
GradDelSqRho =  9.1660012913E-13 -2.8990143619E-12  3.9790393203E-13
HessDelSqRho_EigVals = -4.9608433915E+03 -2.1139341706E+01  1.9174503068E+01
HessDelSqRho_EigVec1 = -2.8202857037E-01  9.5376492336E-01 -1.0388626696E-01
HessDelSqRho_EigVec2 = -9.4902867778E-01 -2.6145462835E-01  1.7602853767E-01
HessDelSqRho_EigVec3 =  1.4072829942E-01  1.4823612340E-01  9.7888793917E-01
</CP of DelSqRho>
<CP of DelSqRho>
CP# = 18      
Type = (3,-1)
Coords =  1.63848420140683E+00  1.97188877184820E+00  3.00339653819470E-02
DistFromNuc =  5.4538787803E-01
Rho =  3.1630566078E+00
DelSqRho =  5.3029332591E+01
GradDelSqRho =  2.8421709430E-13  2.3483437417E-12 -9.6367358537E-14
HessDelSqRho_EigVals = -4.8667192489E+03 -1.1779350324E+01  1.0551353634E+01
HessDelSqRho_EigVec1 =  1.3874261735E-01  9.8877670998E-01 -5.5417541796E-02
HessDelSqRho_EigVec2 =  1.6962834738E-01  3.1404480836E-02  9.8500760522E-01
HessDelSqRho_EigVec3 =  9.7569293832E-01 -1.4606291929E-01 -1.6336741938E-01
</CP of DelSqRho>
<CP of DelSqRho>
CP# = 19      
Type = (3,-3)
Coords =  1.69479470954258E+00  2.82913105269516E+00  4.39480965721333E-01
DistFromNuc =  5.4261922725E-01
Rho =  3.1990265674E+00
DelSqRho =  5.5820221983E+01
GradDelSqRho = -1.4876988530E-13  2.2737367544E-13  9.9475983006E-14
HessDelSqRho_EigVals = -5.1715672301E+03 -3.5128368507E+01 -3.4144902679E+01
HessDelSqRho_EigVec1 = -3.2970486837E-02  5.8553106650E-01  8.0997920786E-01
HessDelSqRho_EigVec2 =  9.5394091202E-01  2.6021631895E-01 -1.4927894605E-01
HessDelSqRho_EigVec3 = -2.9817726838E-01  7.6775050473E-01 -5.6714149831E-01
</CP of DelSqRho>
<CP of DelSqRho>
CP# = 20      
Type = (3,-3)
Coords =  1.55044878018378E+00  2.79948430993495E+00 -4.31275086650764E-01
DistFromNuc =  5.4344154158E-01
Rho =  3.1933933417E+00
DelSqRho =  5.4665970586E+01
GradDelSqRho = -6.3948846218E-14 -1.7053025658E-13  3.9790393203E-13
HessDelSqRho_EigVals = -5.0807575045E+03 -1.8307315653E+01 -1.6127452286E+01
HessDelSqRho_EigVec1 =  2.9810626122E-01 -5.2932664789E-01  7.9432106661E-01
HessDelSqRho_EigVec2 =  8.4739892201E-01  5.2980015108E-01  3.5026659609E-02
HessDelSqRho_EigVec3 = -4.3937196542E-01  6.6266514904E-01  6.0648757305E-01
</CP of DelSqRho>
<CP of DelSqRho>
CP# = 21      
Type = (3,+1)
Coords =  1.76978918355621E+00  2.16007333952219E+00  4.15159517191114E-01
DistFromNuc =  5.4683423216E-01
Rho =  3.1414027936E+00
DelSqRho =  5.2406532884E+01
GradDelSqRho = -2.5313084961E-13  1.5631940187E-13 -1.5631940187E-13
HessDelSqRho_EigVals = -4.7877263702E+03  1.6634171920E+01  2.3309294984E+01
HessDelSqRho_EigVec1 =  1.0262094842E-01 -6.4283845372E-01  7.5909661003E-01
HessDelSqRho_EigVec2 =  8.2288765874E-01  4.8360667687E-01  2.9829596575E-01
HessDelSqRho_EigVec3 = -5.5886030638E-01  5.9403981727E-01  5.7861200597E-01
</CP of DelSqRho>
<CP of DelSqRho>
CP# = 22      
Type = (3,+1)
Coords =  1.61532099859416E+00  2.10118982004157E+00 -3.48121100693187E-01
DistFromNuc =  5.4673208025E-01
Rho =  3.1461350288E+00
DelSqRho =  5.2646339793E+01
GradDelSqRho = -4.6185277824E-14  7.3185901783E-13  3.7658764995E-13
HessDelSqRho_EigVals = -4.8047432856E+03  1.2037751579E+01  1.4880317174E+01
HessDelSqRho_EigVec1 =  1.8047953542E-01  7.5160554439E-01  6.3444167812E-01
HessDelSqRho_EigVec2 = -4.6805686833E-01 -5.0168761545E-01  7.2748354244E-01
HessDelSqRho_EigVec3 =  8.6507219659E-01 -4.2825067676E-01  2.6124978956E-01
</CP of DelSqRho>
<CP of DelSqRho>
CP# = 23      
Type = (3,-1)
Coords =  2.16204672755541E+00  2.57937913337527E+00  3.01089683495226E-01
DistFromNuc =  5.4516591988E-01
Rho =  3.1620995359E+00
DelSqRho =  5.3943239684E+01
GradDelSqRho =  3.9790393203E-13 -2.3803181648E-13 -1.1368683772E-13
HessDelSqRho_EigVals = -4.9567021774E+03 -2.1060578852E+01  2.0686977419E+01
HessDelSqRho_EigVec1 =  8.2434593580E-01  1.2500026705E-01  5.5211295165E-01
HessDelSqRho_EigVec2 = -2.5856913411E-01 -7.8448382803E-01  5.6367288958E-01
HessDelSqRho_EigVec3 = -5.0358294354E-01  6.0742082348E-01  6.1436484452E-01
</CP of DelSqRho>
<CP of DelSqRho>
CP# = 24      
Type = (3,+1)
Coords =  1.18378664232566E+00  2.62287602087027E+00  8.21355880681332E-02
DistFromNuc =  5.4672997525E-01
Rho =  3.1427001351E+00
DelSqRho =  5.2563444556E+01
GradDelSqRho = -2.8421709430E-14 -1.2079226508E-13  4.2632564146E-14
HessDelSqRho_EigVals = -4.8056909190E+03  1.5961783933E+01  2.3092743152E+01
HessDelSqRho_EigVec1 =  9.6756279173E-01 -2.0242725034E-01 -1.5114712160E-01
HessDelSqRho_EigVec2 =  1.6692938881E-01  9.6135630589E-01 -2.1892608861E-01
HessDelSqRho_EigVec3 =  1.8962284462E-01  1.8659384085E-01  9.6396364836E-01
</CP of DelSqRho>
<CP of DelSqRho>
CP# = 25      
Type = (3,-1)
Coords =  2.00232492639376E+00  2.56783341540769E+00 -4.58371584851556E-01
DistFromNuc =  5.4514558101E-01
Rho =  3.1651353601E+00
DelSqRho =  5.3920996442E+01
GradDelSqRho =  2.6290081223E-13 -3.2862601529E-13 -1.7053025658E-13
HessDelSqRho_EigVals = -4.9568456853E+03 -1.6954321711E+01  1.1551952583E+01
HessDelSqRho_EigVec1 = -5.3136983378E-01 -1.0413114154E-01  8.4071565057E-01
HessDelSqRho_EigVec2 =  4.1186400823E-01  8.3547513041E-01  3.6379849530E-01
HessDelSqRho_EigVec3 = -7.4027977041E-01  5.3957206360E-01 -4.0105841184E-01
</CP of DelSqRho>
<CP of DelSqRho>
CP# = 26      
Type = (3,+1)
Coords =  2.06650914207647E+00  2.92128158465121E+00 -7.54089398878800E-02
DistFromNuc =  5.4672225496E-01
Rho =  3.1410749986E+00
DelSqRho =  5.2728023544E+01
GradDelSqRho = -1.5774048734E-12 -1.8403056856E-12  8.4376949872E-14
HessDelSqRho_EigVals = -4.8193676982E+03  2.0695186519E+01  2.4776101743E+01
HessDelSqRho_EigVec1 =  6.4688564885E-01  7.5013354286E-01 -1.3725387130E-01
HessDelSqRho_EigVec2 =  6.7597528929E-01 -4.8074039910E-01  5.5852133078E-01
HessDelSqRho_EigVec3 = -3.5298210376E-01  4.5407965882E-01  8.1805580364E-01
</CP of DelSqRho>
<CP of DelSqRho>
CP# = 27      
Type = (3,-3)
Coords =  1.32535557332077E+00  2.13850384708792E+00  8.66135146901148E-02
DistFromNuc =  5.4456908220E-01
Rho =  3.1742650663E+00
DelSqRho =  5.3278553139E+01
GradDelSqRho =  1.5631940187E-13  9.0949470177E-13  1.4743761767E-13
HessDelSqRho_EigVals = -4.9093474926E+03 -9.9200248268E+00 -7.0122818519E+00
HessDelSqRho_EigVec1 =  7.1066129619E-01  6.8546639827E-01 -1.5841824059E-01
HessDelSqRho_EigVec2 = -6.9387257203E-01  7.2009116775E-01  3.0925590043E-03
HessDelSqRho_EigVec3 =  1.1619542114E-01  1.0772431006E-01  9.8736725545E-01
</CP of DelSqRho>
<CP of DelSqRho>
CP# = 28      
Type = (3,-1)
Coords =  1.25361284934775E+00  2.25892081205590E+00 -1.50659706206618E-01
DistFromNuc =  5.4513900921E-01
Rho =  3.1664962533E+00
DelSqRho =  5.3172190278E+01
GradDelSqRho = -1.8118839762E-13  4.9737991503E-14  1.4477308241E-13
HessDelSqRho_EigVals = -4.8878483890E+03 -1.2836903578E+01  7.8956562323E+00
HessDelSqRho_EigVec1 =  8.4147826031E-01  4.6522430292E-01  2.7473748452E-01
HessDelSqRho_EigVec2 = -5.3414928976E-01  6.3987547872E-01  5.5248883064E-01
HessDelSqRho_EigVec3 =  8.1233451680E-02 -6.1165817228E-01  7.8694053563E-01
</CP of DelSqRho>
<CP of DelSqRho>
CP# = 29      
Type = (3,-1)
Coords =  1.32665451557916E+00  2.27229576905082E+00  3.01739700331513E-01
DistFromNuc =  5.4518178359E-01
Rho =  3.1617867567E+00
DelSqRho =  5.3182862042E+01
GradDelSqRho = -4.9737991503E-14 -1.6342482922E-13 -1.9184653866E-13
HessDelSqRho_EigVals = -4.8822293331E+03 -1.4933063669E+01  9.5200043434E+00
HessDelSqRho_EigVec1 =  7.0812302425E-01  4.4025886908E-01 -5.5202709238E-01
HessDelSqRho_EigVec2 =  6.9152605958E-01 -5.9038561882E-01  4.1621692662E-01
HessDelSqRho_EigVec3 =  1.4266566314E-01  6.7647390880E-01  7.2251613081E-01
</CP of DelSqRho>
<CP of DelSqRho>
CP# = 30      
Type = (3,-1)
Coords =  2.14038089987207E-02  2.56241458597444E+00 -2.76997798737298E-02
DistFromNuc =  1.6922783614E+00
Rho =  5.3621502493E-02
DelSqRho =  9.1354798698E-02
GradDelSqRho =  8.2833045978E-16  1.0234868508E-16  7.4593109467E-17
HessDelSqRho_EigVals = -2.0684544597E-01 -6.3507628978E-02  8.4908202910E-01
HessDelSqRho_EigVec1 = -1.7354608530E-01  9.7562053538E-01 -1.3433661908E-01
HessDelSqRho_EigVec2 = -8.4598703898E-02  1.2113362302E-01  9.8902462288E-01
HessDelSqRho_EigVec3 =  9.8118541345E-01  1.8300605543E-01  6.1513966716E-02
</CP of DelSqRho>
<CP of DelSqRho>
CP# = 31      
Type = (3,+1)
Coords =  1.82668321272924E+00  4.10366927889206E+00 -1.90634942753109E-01
DistFromNuc =  1.6077169881E+00
Rho =  7.5432875831E-02
DelSqRho =  6.9475463596E-02
GradDelSqRho = -1.8735013541E-16 -9.1940344227E-16  1.3877787808E-16
HessDelSqRho_EigVals = -4.6487518536E-01  3.1204263567E-02  2.1309581954E+00
HessDelSqRho_EigVec1 =  2.2249765931E-01  6.9622520498E-02  9.7244408386E-01
HessDelSqRho_EigVec2 =  9.7493161928E-01 -1.7698955054E-02 -2.2179964997E-01
HessDelSqRho_EigVec3 =  1.7689934564E-03  9.9741638829E-01 -7.1815172719E-02
</CP of DelSqRho>
<CP of DelSqRho>
CP# = 32      
Type = (3,-1)
Coords =  1.17843258973358E+00  4.00271263843212E+00 -5.63557671685934E-02
DistFromNuc =  1.5851512819E+00
Rho =  8.3277881499E-02
DelSqRho =  7.1634315689E-02
GradDelSqRho = -8.4739290238E-13  1.2591316878E-12 -3.2304020570E-14
HessDelSqRho_EigVals = -5.0686725766E-01 -1.7902949965E-02  2.6307352278E+00
HessDelSqRho_EigVec1 =  1.3705529757E-01  4.5745481503E-02  9.8950654183E-01
HessDelSqRho_EigVec2 =  9.3595875931E-01  3.2110094944E-01 -1.4448315172E-01
HessDelSqRho_EigVec3 = -3.2434094141E-01  9.4593949658E-01  1.1927020644E-03
</CP of DelSqRho>
<CP of DelSqRho>
CP# = 33      
Type = (3,-1)
Coords =  3.00434646075775E+00  2.75717546878162E+00  8.87200698127645E-01
DistFromNuc =  1.5861695379E+00
Rho =  8.1634363091E-02
DelSqRho =  6.8355832532E-02
GradDelSqRho =  4.7684078908E-14  8.9234175604E-15  2.9948266089E-14
HessDelSqRho_EigVals = -5.1379510213E-01 -4.1912975062E-03  2.5910555076E+00
HessDelSqRho_EigVec1 = -5.4659571907E-01  6.1852738812E-01  5.6449711252E-01
HessDelSqRho_EigVec2 = -2.6654244592E-01 -7.6755712323E-01  5.8293326127E-01
HessDelSqRho_EigVec3 =  7.9384396730E-01  1.6816638403E-01  5.8440724060E-01
</CP of DelSqRho>
<CP of DelSqRho>
CP# = 34      
Type = (3,+1)
Coords =  5.08770041581575E-01  2.00648346859143E+00 -8.85693560931151E-01
DistFromNuc =  1.5775853822E+00
Rho =  8.7296178497E-02
DelSqRho =  6.0194005073E-02
GradDelSqRho =  7.4940054162E-16 -8.6736173799E-18  2.7755575616E-16
HessDelSqRho_EigVals = -5.8976432859E-01  1.5634145568E-01  3.1629536516E+00
HessDelSqRho_EigVec1 =  9.9903780734E-02  7.7067235185E-01 -6.2935153984E-01
HessDelSqRho_EigVec2 = -6.3547627219E-01  5.3612860618E-01  5.5564019395E-01
HessDelSqRho_EigVec3 =  7.6562989890E-01  3.4442741433E-01  5.4330526794E-01
</CP of DelSqRho>
<CP of DelSqRho>
CP# = 35      
Type = (3,+1)
Coords =  3.05829824293162E+00  2.93276499104023E+00  7.39330908892075E-01
DistFromNuc =  1.5921237169E+00
Rho =  7.9706780891E-02
DelSqRho =  6.8304230914E-02
GradDelSqRho =  8.5209617140E-15  2.3869795029E-15  4.8155923693E-15
HessDelSqRho_EigVals = -5.0444785011E-01  6.6920131034E-03  2.4512851219E+00
HessDelSqRho_EigVec1 = -5.3698403759E-01  6.4476705580E-01  5.4398859099E-01
HessDelSqRho_EigVec2 = -1.8911311789E-01 -7.2044237841E-01  6.6723234936E-01
HessDelSqRho_EigVec3 =  8.2212187175E-01  2.5541774243E-01  5.0879996545E-01
</CP of DelSqRho>
<CP of DelSqRho>
CP# = 36      
Type = (3,+1)
Coords =  2.90230281949190E+00  2.50110295874180E+00  1.05444909414980E+00
DistFromNuc =  1.5897037592E+00
Rho =  7.9548687969E-02
DelSqRho =  6.8237431181E-02
GradDelSqRho =  1.3040124536E-12 -1.5478243687E-13  1.2777834346E-12
HessDelSqRho_EigVals = -5.1044591934E-01  8.8764817403E-03  2.4946749214E+00
HessDelSqRho_EigVec1 = -5.6204029809E-01  5.8161691097E-01  5.8807522665E-01
HessDelSqRho_EigVec2 = -3.6621289635E-01 -8.1249994679E-01  4.5357684136E-01
HessDelSqRho_EigVec3 =  7.4161905172E-01  3.9567731098E-02  6.6965332582E-01
</CP of DelSqRho>
<CP of DelSqRho>
CP# = 37      
Type = (3,+1)
Coords =  2.54962474137604E+00  2.62673599826618E+00 -1.32134991699642E+00
DistFromNuc =  1.5683566081E+00
Rho =  8.3020198840E-02
DelSqRho =  1.5309781858E-02
GradDelSqRho =  1.0366707492E-13  3.8909847566E-14 -2.1282975382E-13
HessDelSqRho_EigVals = -7.4521125730E-01  2.2954285433E-01  3.0915878835E+00
HessDelSqRho_EigVec1 = -7.1880208409E-01  5.6222359343E-01 -4.0893544100E-01
HessDelSqRho_EigVec2 =  4.4729781499E-01  8.2430320058E-01  3.4705748548E-01
HessDelSqRho_EigVec3 = -5.3221069946E-01 -6.6549714625E-02  8.4399224337E-01
</CP of DelSqRho>
<CP of DelSqRho>
CP# = 38      
Type = (3,+1)
Coords =  7.36724927170157E-01  3.78472397072536E+00 -3.91565100507567E-04
DistFromNuc =  1.6043469092E+00
Rho =  7.4759171317E-02
DelSqRho =  7.0803477462E-02
GradDelSqRho =  5.5511151231E-17 -1.3877787808E-16 -2.3592239273E-16
HessDelSqRho_EigVals = -4.8219292671E-01  1.9245469876E-02  2.1547920662E+00
HessDelSqRho_EigVec1 =  9.7411105744E-02  2.9323047970E-02  9.9481216083E-01
HessDelSqRho_EigVec2 =  8.3061227087E-01  5.4825027958E-01 -9.7493007038E-02
HessDelSqRho_EigVec3 = -5.4826483743E-01  8.3580008961E-01  2.9049582495E-02
</CP of DelSqRho>
<CP of DelSqRho>
CP# = 39      
Type = (3,+1)
Coords =  2.52653307267770E-01  2.36903396851696E+00  7.18996431407717E-01
DistFromNuc =  1.6336795860E+00
Rho =  6.6264296327E-02
DelSqRho =  8.5615939485E-02
GradDelSqRho = -1.0944023465E-13 -3.5700609136E-14  2.5618396293E-14
HessDelSqRho_EigVals = -3.4385947918E-01  3.4255403147E-02  1.7126226124E+00
HessDelSqRho_EigVec1 =  7.8280740443E-02  8.9190516559E-01  4.4539566822E-01
HessDelSqRho_EigVec2 =  5.0600676429E-01 -4.2048704669E-01  7.5309215775E-01
HessDelSqRho_EigVec3 =  8.5896989480E-01  1.6642060917E-01 -4.8422608426E-01
</CP of DelSqRho>
<CP of DelSqRho>
CP# = 40      
Type = (3,-1)
Coords =  3.07950496577951E+00  3.76074825021183E+00 -1.20631168115012E-01
DistFromNuc =  1.8557191466E+00
Rho =  4.0950480821E-02
DelSqRho =  7.9746399373E-02
GradDelSqRho = -9.0205620751E-17 -7.9797279895E-17  2.0816681712E-17
HessDelSqRho_EigVals = -2.2338564087E-01 -3.5630418052E-02  6.3327720774E-02
HessDelSqRho_EigVec1 =  7.1702569675E-01  4.7944409697E-01 -5.0597184514E-01
HessDelSqRho_EigVec2 = -5.0294727968E-01  8.5843250536E-01  1.0068598518E-01
HessDelSqRho_EigVec3 =  4.8261597991E-01  1.8228272443E-01  8.5665326960E-01
</CP of DelSqRho>
<CP of DelSqRho>
CP# = 41      
Type = (3,-1)
Coords =  2.77091888435149E+00  4.01934550936453E+00 -2.88873343224587E-01
DistFromNuc =  1.8647508972E+00
Rho =  4.0638608582E-02
DelSqRho =  7.9517296366E-02
GradDelSqRho =  8.4654505628E-16  1.2143064332E-15  2.0053403382E-15
HessDelSqRho_EigVals = -2.4412090163E-01 -2.3039189098E-02  6.5903400010E-02
HessDelSqRho_EigVec1 =  6.6465113089E-01  5.2966776286E-01 -5.2696388415E-01
HessDelSqRho_EigVec2 =  6.5552125787E-01 -7.4967378038E-02  7.5144645366E-01
HessDelSqRho_EigVec3 = -3.5851186130E-01  8.4488576341E-01  3.9703563075E-01
</CP of DelSqRho>
<CP of DelSqRho>
CP# = 42      
Type = (3,+1)
Coords =  2.90393041455182E+00  3.97315739292936E+00 -1.61477163667962E-01
DistFromNuc =  1.8926071489E+00
Rho =  3.9854072052E-02
DelSqRho =  7.9402439074E-02
GradDelSqRho = -1.3877787808E-17  1.3877787808E-17  2.0816681712E-17
HessDelSqRho_EigVals = -3.0238872280E-01  1.4239249498E-02  6.4046035564E-02
HessDelSqRho_EigVec1 =  6.9135159758E-01  5.4345358672E-01 -4.7612095901E-01
HessDelSqRho_EigVec2 = -7.2065850298E-01  4.7141873459E-01 -5.0834604234E-01
HessDelSqRho_EigVec3 = -5.1810139999E-02  6.9456646605E-01  7.1756054353E-01
</CP of DelSqRho>
<CP of DelSqRho>
CP# = 43      
Type = (3,-1)
Coords =  3.08168318011486E+00  3.36171298436902E+00 -1.20724815688703E+00
DistFromNuc =  2.0136251462E+00
Rho =  3.7131779978E-02
DelSqRho =  7.5752778492E-02
GradDelSqRho = -3.6429192996E-17  1.3877787808E-17  9.0910352163E-17
HessDelSqRho_EigVals = -3.8680249578E-01 -7.0123222375E-02  1.5800877005E-02
HessDelSqRho_EigVec1 =  6.8622215709E-01  5.7745730865E-01 -4.4231460275E-01
HessDelSqRho_EigVec2 = -7.2738136524E-01  5.4805697197E-01 -4.1297688189E-01
HessDelSqRho_EigVec3 =  3.9370830893E-03  6.0512528634E-01  7.9612052304E-01
</CP of DelSqRho>
<Path of -GradDelSqRho>
Starting CP# =      5
Ending CP# =     14
Number of Points =    131
  1.7213078439E+00  2.8102741640E+00  9.7941319351E-03  1.3214583120E+01 -2.3457830249E+02
  1.7232234996E+00  2.8090956691E+00  9.5178903567E-03  1.3282474461E+01 -2.3450111796E+02
  1.7234500784E+00  2.8090905302E+00  9.4901725120E-03  1.3282337852E+01 -2.3450140804E+02
  1.7236993327E+00  2.8090848519E+00  9.4597474870E-03  1.3282176790E+01 -2.3450175846E+02
  1.7239724174E+00  2.8090785889E+00  9.4264739620E-03  1.3281988090E+01 -2.3450217817E+02
  1.7242702638E+00  2.8090716927E+00  9.3902390987E-03  1.3281768658E+01 -2.3450267619E+02
  1.7245935316E+00  2.8090641108E+00  9.3509641395E-03  1.3281515652E+01 -2.3450326110E+02
  1.7249425774E+00  2.8090557857E+00  9.3086080592E-03  1.3281226663E+01 -2.3450394069E+02
  1.7253174438E+00  2.8090466541E+00  9.2631685817E-03  1.3280899863E+01 -2.3450472145E+02
  1.7257178736E+00  2.8090366468E+00  9.2146802665E-03  1.3280534113E+01 -2.3450560836E+02
  1.7261433466E+00  2.8090256877E+00  9.1632098730E-03  1.3280129020E+01 -2.3450660466E+02
  1.7265931333E+00  2.8090136948E+00  9.1088496697E-03  1.3279684910E+01 -2.3450771189E+02
  1.7270663585E+00  2.8090005800E+00  9.0517096415E-03  1.3279202764E+01 -2.3450893002E+02
  1.7275620661E+00  2.8089862500E+00  8.9919095863E-03  1.3278684094E+01 -2.3451025774E+02
  1.7280792780E+00  2.8089706073E+00  8.9295719234E-03  1.3278130819E+01 -2.3451169274E+02
  1.7286170438E+00  2.8089535501E+00  8.8648157437E-03  1.3277545120E+01 -2.3451323209E+02
  1.7291744774E+00  2.8089349738E+00  8.7977523228E-03  1.3276929325E+01 -2.3451487252E+02
  1.7297507831E+00  2.8089147703E+00  8.7284820703E-03  1.3276285807E+01 -2.3451661068E+02
  1.7303452707E+00  2.8088928289E+00  8.6570927270E-03  1.3275616908E+01 -2.3451844336E+02
  1.7309573625E+00  2.8088690352E+00  8.5836585517E-03  1.3274924889E+01 -2.3452036764E+02
  1.7315865945E+00  2.8088432718E+00  8.5082402291E-03  1.3274211897E+01 -2.3452238097E+02
  1.7322326135E+00  2.8088154169E+00  8.4308852623E-03  1.3273479950E+01 -2.3452448125E+02
  1.7328951718E+00  2.8087853443E+00  8.3516286578E-03  1.3272730933E+01 -2.3452666686E+02
  1.7335741206E+00  2.8087529225E+00  8.2704937613E-03  1.3271966604E+01 -2.3452893666E+02
  1.7342694032E+00  2.8087180139E+00  8.1874931457E-03  1.3271188603E+01 -2.3453129001E+02
  1.7349810477E+00  2.8086804745E+00  8.1026294859E-03  1.3270398465E+01 -2.3453372676E+02
  1.7357091609E+00  2.8086401523E+00  8.0158963831E-03  1.3269597638E+01 -2.3453624721E+02
  1.7364539224E+00  2.8085968871E+00  7.9272791194E-03  1.3268787495E+01 -2.3453885213E+02
  1.7372155789E+00  2.8085505096E+00  7.8367553352E-03  1.3267969354E+01 -2.3454154274E+02
  1.7379944402E+00  2.8085008401E+00  7.7442956314E-03  1.3267144492E+01 -2.3454432066E+02
  1.7387908751E+00  2.8084476878E+00  7.6498641036E-03  1.3266314158E+01 -2.3454718798E+02
  1.7396053076E+00  2.8083908501E+00  7.5534188181E-03  1.3265479591E+01 -2.3455014717E+02
  1.7404382141E+00  2.8083301110E+00  7.4549122411E-03  1.3264642029E+01 -2.3455320114E+02
  1.7412901206E+00  2.8082652407E+00  7.3542916350E-03  1.3263802723E+01 -2.3455635322E+02
  1.7421616002E+00  2.8081959944E+00  7.2514994343E-03  1.3262962951E+01 -2.3455960714E+02
  1.7430532704E+00  2.8081221110E+00  7.1464736155E-03  1.3262124019E+01 -2.3456296707E+02
  1.7439657913E+00  2.8080433124E+00  7.0391480748E-03  1.3261287279E+01 -2.3456643763E+02
  1.7448998620E+00  2.8079593023E+00  6.9294530270E-03  1.3260454131E+01 -2.3457002386E+02
  1.7458562187E+00  2.8078697656E+00  6.8173154406E-03  1.3259626027E+01 -2.3457373127E+02
  1.7468356308E+00  2.8077743669E+00  6.7026595221E-03  1.3258804479E+01 -2.3457756584E+02
  1.7478388976E+00  2.8076727500E+00  6.5854072635E-03  1.3257991053E+01 -2.3458153402E+02
  1.7488668439E+00  2.8075645374E+00  6.4654790645E-03  1.3257187375E+01 -2.3458564277E+02
  1.7499203149E+00  2.8074493294E+00  6.3427944431E-03  1.3256395117E+01 -2.3458989953E+02
  1.7510001707E+00  2.8073267040E+00  6.2172728410E-03  1.3255615995E+01 -2.3459431225E+02
  1.7521072794E+00  2.8071962167E+00  6.0888345334E-03  1.3254851753E+01 -2.3459888939E+02
  1.7532425100E+00  2.8070574007E+00  5.9574016444E-03  1.3254104146E+01 -2.3460363993E+02
  1.7544067236E+00  2.8069097676E+00  5.8228992684E-03  1.3253374919E+01 -2.3460857333E+02
  1.7556007647E+00  2.8067528079E+00  5.6852566883E-03  1.3252665780E+01 -2.3461369954E+02
  1.7568254506E+00  2.8065859928E+00  5.5444086811E-03  1.3251978370E+01 -2.3461902896E+02
  1.7580815616E+00  2.8064087752E+00  5.4002968880E-03  1.3251314226E+01 -2.3462457242E+02
  1.7593698292E+00  2.8062205923E+00  5.2528712264E-03  1.3250674749E+01 -2.3463034112E+02
  1.7606909256E+00  2.8060208681E+00  5.1020913098E-03  1.3250061160E+01 -2.3463634656E+02
  1.7620454522E+00  2.8058090156E+00  4.9479278430E-03  1.3249474468E+01 -2.3464260049E+02
  1.7634339288E+00  2.8055844405E+00  4.7903639529E-03  1.3248915430E+01 -2.3464911478E+02
  1.7648567839E+00  2.8053465442E+00  4.6293964198E-03  1.3248384524E+01 -2.3465590136E+02
  1.7663143454E+00  2.8050947271E+00  4.4650367757E-03  1.3247881925E+01 -2.3466297206E+02
  1.7678068327E+00  2.8048283927E+00  4.2973122436E-03  1.3247407490E+01 -2.3467033850E+02
  1.7693343497E+00  2.8045469505E+00  4.1262665002E-03  1.3246960761E+01 -2.3467801193E+02
  1.7708968800E+00  2.8042498197E+00  3.9519602548E-03  1.3246540967E+01 -2.3468600305E+02
  1.7724942823E+00  2.8039364326E+00  3.7744716466E-03  1.3246147054E+01 -2.3469432187E+02
  1.7741262883E+00  2.8036062380E+00  3.5938964729E-03  1.3245777712E+01 -2.3470297751E+02
  1.7757925004E+00  2.8032587045E+00  3.4103482651E-03  1.3245431422E+01 -2.3471197799E+02
  1.7774923910E+00  2.8028933235E+00  3.2239582347E-03  1.3245106504E+01 -2.3472133010E+02
  1.7792253027E+00  2.8025096126E+00  3.0348751099E-03  1.3244801173E+01 -2.3473103916E+02
  1.7809904487E+00  2.8021071194E+00  2.8432648817E-03  1.3244513595E+01 -2.3474110889E+02
  1.7827869133E+00  2.8016854244E+00  2.6493104728E-03  1.3244241939E+01 -2.3475154118E+02
  1.7846136540E+00  2.8012441452E+00  2.4532113358E-03  1.3243984431E+01 -2.3476233599E+02
  1.7864695027E+00  2.8007829405E+00  2.2551829822E-03  1.3243739388E+01 -2.3477349122E+02
  1.7883531676E+00  2.8003015141E+00  2.0554564365E-03  1.3243505261E+01 -2.3478500253E+02
  1.7902632367E+00  2.7997996191E+00  1.8542776084E-03  1.3243280652E+01 -2.3479686334E+02
  1.7921981800E+00  2.7992770628E+00  1.6519065703E-03  1.3243064331E+01 -2.3480906470E+02
  1.7941563540E+00  2.7987337106E+00  1.4486167291E-03  1.3242855243E+01 -2.3482159529E+02
  1.7961360062E+00  2.7981694908E+00  1.2446938839E-03  1.3242652506E+01 -2.3483444141E+02
  1.7981352805E+00  2.7975843986E+00  1.0404351594E-03  1.3242455404E+01 -2.3484758703E+02
  1.8001522237E+00  2.7969785000E+00  8.3614781163E-04  1.3242263369E+01 -2.3486101380E+02
  1.8021847928E+00  2.7963519353E+00  6.3214790684E-04  1.3242075973E+01 -2.3487470120E+02
  1.8042308632E+00  2.7957049218E+00  4.2875887475E-04  1.3241892905E+01 -2.3488862660E+02
  1.8062882381E+00  2.7950377567E+00  2.2630994571E-04  1.3241713952E+01 -2.3490276544E+02
  1.8083546583E+00  2.7943508181E+00  2.5134482433E-05  1.3241538985E+01 -2.3491709141E+02
  1.8104278129E+00  2.7936445664E+00 -1.7443177873E-04  1.3241367938E+01 -2.3493157662E+02
  1.8125053511E+00  2.7929195441E+00 -3.7205255896E-04  1.3241200794E+01 -2.3494619181E+02
  1.8145848938E+00  2.7921763749E+00 -5.6739292051E-04  1.3241037572E+01 -2.3496090663E+02
  1.8166640460E+00  2.7914157625E+00 -7.6012118016E-04  1.3240878315E+01 -2.3497568983E+02
  1.8187404098E+00  2.7906384877E+00 -9.4991082936E-04  1.3240723081E+01 -2.3499050958E+02
  1.8208115965E+00  2.7898454054E+00 -1.1364424368E-03  1.3240571933E+01 -2.3500533368E+02
  1.8228752401E+00  2.7890374400E+00 -1.3194055088E-03  1.3240424935E+01 -2.3502012991E+02
  1.8249290088E+00  2.7882155812E+00 -1.4985002849E-03  1.3240282146E+01 -2.3503486620E+02
  1.8269706177E+00  2.7873808778E+00 -1.6734394437E-03  1.3240143617E+01 -2.3504951101E+02
  1.8289978403E+00  2.7865344317E+00 -1.8439497006E-03  1.3240009389E+01 -2.3506403350E+02
  1.8310085190E+00  2.7856773916E+00 -2.0097732760E-03  1.3239879489E+01 -2.3507840381E+02
  1.8330005759E+00  2.7848109454E+00 -2.1706692186E-03  1.3239753931E+01 -2.3509259328E+02
  1.8349720212E+00  2.7839363129E+00 -2.3264145689E-03  1.3239632715E+01 -2.3510657470E+02
  1.8369209623E+00  2.7830547383E+00 -2.4768053534E-03  1.3239515829E+01 -2.3512032242E+02
  1.8388456103E+00  2.7821674822E+00 -2.6216573994E-03  1.3239403245E+01 -2.3513381257E+02
  1.8407442868E+00  2.7812758143E+00 -2.7608069689E-03  1.3239294922E+01 -2.3514702317E+02
  1.8426154285E+00  2.7803810052E+00 -2.8941112063E-03  1.3239190811E+01 -2.3515993424E+02
  1.8444575912E+00  2.7794843192E+00 -3.0214484051E-03  1.3239090847E+01 -2.3517252790E+02
  1.8462694527E+00  2.7785870072E+00 -3.1427180950E-03  1.3238994958E+01 -2.3518478837E+02
  1.8480498143E+00  2.7776903000E+00 -3.2578409586E-03  1.3238903063E+01 -2.3519670204E+02
  1.8497976018E+00  2.7767954014E+00 -3.3667585853E-03  1.3238815072E+01 -2.3520825747E+02
  1.8515118646E+00  2.7759034830E+00 -3.4694330741E-03  1.3238730890E+01 -2.3521944532E+02
  1.8531917750E+00  2.7750156784E+00 -3.5658464982E-03  1.3238650416E+01 -2.3523025836E+02
  1.8548366259E+00  2.7741330786E+00 -3.6560002447E-03  1.3238573546E+01 -2.3524069134E+02
  1.8564458278E+00  2.7732567277E+00 -3.7399142453E-03  1.3238500169E+01 -2.3525074097E+02
  1.8580189054E+00  2.7723876195E+00 -3.8176261111E-03  1.3238430175E+01 -2.3526040577E+02
  1.8595554931E+00  2.7715266945E+00 -3.8891901889E-03  1.3238363452E+01 -2.3526968600E+02
  1.8610553311E+00  2.7706748372E+00 -3.9546765534E-03  1.3238299886E+01 -2.3527858350E+02
  1.8625182595E+00  2.7698328748E+00 -4.0141699492E-03  1.3238239364E+01 -2.3528710160E+02
  1.8639442135E+00  2.7690015754E+00 -4.0677686983E-03  1.3238181773E+01 -2.3529524496E+02
  1.8653332175E+00  2.7681816481E+00 -4.1155835848E-03  1.3238127001E+01 -2.3530301948E+02
  1.8666853795E+00  2.7673737416E+00 -4.1577367306E-03  1.3238074939E+01 -2.3531043209E+02
  1.8680008851E+00  2.7665784456E+00 -4.1943604722E-03  1.3238025477E+01 -2.3531749071E+02
  1.8692799916E+00  2.7657962906E+00 -4.2255962489E-03  1.3237978510E+01 -2.3532420405E+02
  1.8705230221E+00  2.7650277495E+00 -4.2515935121E-03  1.3237933934E+01 -2.3533058154E+02
  1.8717303598E+00  2.7642732383E+00 -4.2725086630E-03  1.3237891649E+01 -2.3533663317E+02
  1.8729024422E+00  2.7635331184E+00 -4.2885040244E-03  1.3237851556E+01 -2.3534236938E+02
  1.8740397558E+00  2.7628076979E+00 -4.2997468540E-03  1.3237813561E+01 -2.3534780101E+02
  1.8751428306E+00  2.7620972340E+00 -4.3064084021E-03  1.3237777572E+01 -2.3535293913E+02
  1.8762122348E+00  2.7614019351E+00 -4.3086630177E-03  1.3237743500E+01 -2.3535779500E+02
  1.8772485705E+00  2.7607219630E+00 -4.3066873056E-03  1.3237711260E+01 -2.3536237997E+02
  1.8782524686E+00  2.7600574359E+00 -4.3006593361E-03  1.3237680769E+01 -2.3536670541E+02
  1.8792245845E+00  2.7594084300E+00 -4.2907579080E-03  1.3237651947E+01 -2.3537078263E+02
