 AIMInt (Version 19.10.12, Professional)
 Portions Copyright (c) 1997-2019 by Todd A. Keith
 AIMInt is a component of the AIMAll package ( http://aim.tkgristmill.com )

 TP:  64-bit Mac OS X

 AIMInt is a heavily modified and extended version of the PROAIMV program
 developed by members of R.F.W. Bader's research group

 Much of the Quantum Theory of Atoms in Molecules (QTAIM) is described in the book:
   "Atoms in Molecules - A Quantum Theory"
   R.F.W. Bader, Oxford University Press, Oxford, 1990

 For additional references see:  http://aim.tkgristmill.com/references.html

 Current Directory:  /Users/chemlab/Documents/SubstituentCoding/BCP Map Reference/BCPMapReference

 Inp File:  SubH_SiFHCH3_wb97xd_aug-cc-pvtz_atomicfiles/c4.inp
 Wfx File:  SubH_SiFHCH3_wb97xd_aug-cc-pvtz.wfx
 Out File:  SubH_SiFHCH3_wb97xd_aug-cc-pvtz_atomicfiles/c4.int

 Wfx Title:   Title Card Required                                                           
 Job Title:   Title Card Required                                                           
 
<Atom>
C4      
</Atom>
<Nuclei of Molecule>
     8
Si1       14.0           4.5165350561E-16   9.5959187158E-01  -2.7655832044E-16
H2         1.0           1.1548740207E-01   2.5688214047E+00   2.2912930081E+00
H3         1.0           1.1548740207E-01   2.5688214047E+00  -2.2912930081E+00
C4         6.0           2.5232128234E+00  -1.4820413119E+00   2.0179944509E-16
H5         1.0           2.3892218767E+00  -2.6786820214E+00  -1.6709647879E+00
H6         1.0           4.3794947021E+00  -5.8365018192E-01  -1.7973197688E-16
H7         1.0           2.3892218767E+00  -2.6786820214E+00   1.6709647879E+00
F8         9.0          -2.7253544667E+00  -4.1540743503E-01   1.0078076683E-17
</Nuclei of Molecule>
<Total Number of CPs of DelSqRho>
    42
</Total Number of CPs of DelSqRho>
<Number of (3,+3) CPs of DelSqRho>
     5
</Number of (3,+3) CPs of DelSqRho>
<Number of (3,+1) CPs of DelSqRho>
    14
</Number of (3,+1) CPs of DelSqRho>
<Number of (3,-1) CPs of DelSqRho>
    16
</Number of (3,-1) CPs of DelSqRho>
<Number of (3,-3) CPs of DelSqRho>
     7
</Number of (3,-3) CPs of DelSqRho>
<Number of Degenerate CPs of DelSqRho>
     0
</Number of Degenerate CPs of DelSqRho>
<CP of DelSqRho>
CP# = 1       
Type = (3,+3)
Coords =  2.52321285881138E+00 -1.48204132822390E+00  2.01799439859744E-16
DistFromNuc =  3.8962042258E-08
Rho =  1.2085076280E+02
DelSqRho = -7.4416279730E+05
GradDelSqRho =  2.4068299354E-07  1.0215599104E-06  1.1802411891E-14
HessDelSqRho_EigVals =  1.5942463256E+10  1.5942463444E+10  1.5942463450E+10
HessDelSqRho_EigVec1 =  7.5597734451E-01 -6.5459778077E-01 -1.1956864320E-15
HessDelSqRho_EigVec2 =  6.5459778077E-01  7.5597734451E-01  1.6216516276E-13
HessDelSqRho_EigVec3 = -1.0524904381E-13 -1.2337588280E-13  1.0000000000E+00
</CP of DelSqRho>
<CP of DelSqRho>
CP# = 2       
Type = (3,+1)
Coords =  2.43766451259745E+00 -2.23006788897959E+00 -1.04776498172022E+00
DistFromNuc =  1.2902223570E+00
Rho =  2.7927470885E-01
DelSqRho = -1.0494422145E+00
GradDelSqRho = -4.1633363423E-16 -6.6613381478E-16  1.5820678101E-15
HessDelSqRho_EigVals = -7.3374907096E+00  7.7198385104E+00  7.9394461721E+00
HessDelSqRho_EigVec1 =  6.2961208299E-02  5.8290660107E-01  8.1009615520E-01
HessDelSqRho_EigVec2 =  8.1423692820E-01 -4.9937578795E-01  2.9604399531E-01
HessDelSqRho_EigVec3 =  5.7710840489E-01  6.4097091731E-01 -5.0606538329E-01
</CP of DelSqRho>
<CP of DelSqRho>
CP# = 3       
Type = (3,+1)
Coords =  3.68384787678037E+00 -9.16985593254982E-01 -1.03404456847372E-17
DistFromNuc =  1.2908763273E+00
Rho =  2.7739214362E-01
DelSqRho = -1.0358755942E+00
GradDelSqRho =  7.2164496601E-16 -4.3021142204E-16 -1.7306407171E-18
HessDelSqRho_EigVals = -7.1413744227E+00  7.6075837331E+00  7.8274224992E+00
HessDelSqRho_EigVec1 =  9.0135765314E-01  4.3307549126E-01  0.0000000000E+00
HessDelSqRho_EigVec2 = -4.3307549126E-01  9.0135765314E-01  0.0000000000E+00
HessDelSqRho_EigVec3 =  0.0000000000E+00  0.0000000000E+00  1.0000000000E+00
</CP of DelSqRho>
<CP of DelSqRho>
CP# = 4       
Type = (3,+1)
Coords =  2.43766451259745E+00 -2.23006788897959E+00  1.04776498172022E+00
DistFromNuc =  1.2902223570E+00
Rho =  2.7927470885E-01
DelSqRho = -1.0494422145E+00
GradDelSqRho = -8.3266726847E-16  5.5511151231E-16  1.6653345369E-15
HessDelSqRho_EigVals = -7.3374907096E+00  7.7198385104E+00  7.9394461721E+00
HessDelSqRho_EigVec1 = -6.2961208299E-02 -5.8290660107E-01  8.1009615520E-01
HessDelSqRho_EigVec2 =  8.1423692820E-01 -4.9937578795E-01 -2.9604399531E-01
HessDelSqRho_EigVec3 =  5.7710840489E-01  6.4097091731E-01  5.0606538329E-01
</CP of DelSqRho>
<CP of DelSqRho>
CP# = 5       
Type = (3,-3)
Coords =  2.33272152984796E+00 -1.59964837401066E+00  1.30669652516860E-16
DistFromNuc =  2.2387128886E-01
Rho =  9.2294441946E+00
DelSqRho =  2.8127537102E+02
GradDelSqRho =  7.9225515037E-13  5.2930992922E-12 -4.8817836981E-16
HessDelSqRho_EigVals = -5.8835420942E+04 -5.5145308631E+01 -3.2490293611E+01
HessDelSqRho_EigVec1 =  8.5105999760E-01  5.2506845315E-01  3.1806799201E-16
HessDelSqRho_EigVec2 = -5.2506845315E-01  8.5105999760E-01  7.4694257032E-17
HessDelSqRho_EigVec3 = -2.3147534651E-16 -2.3057676277E-16  1.0000000000E+00
</CP of DelSqRho>
<CP of DelSqRho>
CP# = 6       
Type = (3,-1)
Coords =  2.60162156256136E+00 -1.27232347855900E+00  2.94862329081772E-16
DistFromNuc =  2.2389618132E-01
Rho =  9.2323598451E+00
DelSqRho =  2.8077238770E+02
GradDelSqRho =  8.2156503822E-13  3.8653524825E-12  3.8468848195E-16
HessDelSqRho_EigVals = -5.8769105857E+04 -3.8786511106E+01  2.0755640924E+01
HessDelSqRho_EigVec1 =  3.4994184822E-01  9.3677142509E-01  4.1528689747E-16
HessDelSqRho_EigVec2 =  9.3677142509E-01 -3.4994184822E-01  8.5666555991E-17
HessDelSqRho_EigVec3 = -2.2557624618E-16 -3.5905058583E-16  1.0000000000E+00
</CP of DelSqRho>
<CP of DelSqRho>
CP# = 7       
Type = (3,-3)
Coords =  2.54739845212483E+00 -1.36035391195594E+00  1.86403626031329E-01
DistFromNuc =  2.2391757355E-01
Rho =  9.2274028901E+00
DelSqRho =  2.8098166226E+02
GradDelSqRho =  1.0409451079E-12  5.8761884247E-12  4.0785153033E-12
HessDelSqRho_EigVals = -5.8702469379E+04 -4.7541636470E+01 -1.9708141246E+01
HessDelSqRho_EigVec1 =  1.0763792342E-01  5.4358706604E-01  8.3242247632E-01
HessDelSqRho_EigVec2 = -7.6938697497E-01  5.7582262852E-01 -2.7653568164E-01
HessDelSqRho_EigVec3 =  6.2964891819E-01  6.1068928443E-01 -4.8020916037E-01
</CP of DelSqRho>
<CP of DelSqRho>
CP# = 8       
Type = (3,-3)
Coords =  2.54739845212483E+00 -1.36035391195593E+00 -1.86403626031322E-01
DistFromNuc =  2.2391757355E-01
Rho =  9.2274028901E+00
DelSqRho =  2.8098166226E+02
GradDelSqRho =  9.9831254374E-13  1.2079226508E-13 -1.6378010059E-12
HessDelSqRho_EigVals = -5.8702469379E+04 -4.7541636470E+01 -1.9708141246E+01
HessDelSqRho_EigVec1 = -1.0763792342E-01 -5.4358706604E-01  8.3242247632E-01
HessDelSqRho_EigVec2 = -7.6938697498E-01  5.7582262852E-01  2.7653568164E-01
HessDelSqRho_EigVec3 =  6.2964891819E-01  6.1068928443E-01  4.8020916037E-01
</CP of DelSqRho>
<CP of DelSqRho>
CP# = 9       
Type = (3,+1)
Coords =  2.37080028572822E+00 -1.31814018411330E+00  2.57850991582111E-16
DistFromNuc =  2.2381501591E-01
Rho =  9.2450292820E+00
DelSqRho =  2.8027070857E+02
GradDelSqRho =  2.4829027723E-12 -6.7303940199E-12  1.1040707581E-15
HessDelSqRho_EigVals = -5.8939873606E+04  4.2832162857E+01  4.5638482780E+01
HessDelSqRho_EigVec1 = -6.8111205906E-01  7.3217918777E-01  2.5010681920E-16
HessDelSqRho_EigVec2 = -5.7127199370E-17 -3.9473512553E-16  1.0000000000E+00
HessDelSqRho_EigVec3 =  7.3217918777E-01  6.8111205906E-01  3.1068620057E-16
</CP of DelSqRho>
<CP of DelSqRho>
CP# = 10      
Type = (3,+1)
Coords =  2.70101899379246E+00 -1.61836657078427E+00  2.83231145432958E-16
DistFromNuc =  2.2405269564E-01
Rho =  9.2252304395E+00
DelSqRho =  2.7969966729E+02
GradDelSqRho = -2.7355895327E-12  3.2684965845E-13  3.8953783392E-16
HessDelSqRho_EigVals = -5.8282121687E+04  2.2698315165E+01  2.4711312916E+01
HessDelSqRho_EigVec1 =  7.9357995520E-01 -6.0846598483E-01  3.6383942235E-16
HessDelSqRho_EigVec2 = -1.8894661883E-16  3.5153184955E-16  1.0000000000E+00
HessDelSqRho_EigVec3 =  6.0846598483E-01  7.9357995520E-01 -1.6400103891E-16
</CP of DelSqRho>
<CP of DelSqRho>
CP# = 11      
Type = (3,-1)
Coords =  2.41561028829832E+00 -1.46837740408733E+00  1.95830986524414E-01
DistFromNuc =  2.2386331371E-01
Rho =  9.2347813465E+00
DelSqRho =  2.8086040048E+02
GradDelSqRho =  4.6966874834E-12 -3.6193270603E-13 -5.1088022701E-12
HessDelSqRho_EigVals = -5.8848813646E+04 -4.0016254480E+01  2.2189187572E+01
HessDelSqRho_EigVec1 = -4.8095929164E-01  6.1027875892E-02  8.7461634912E-01
HessDelSqRho_EigVec2 =  5.5013670208E-01 -7.5573892706E-01  3.5525805149E-01
HessDelSqRho_EigVec3 =  6.8266226555E-01  6.5202321468E-01  3.2990598465E-01
</CP of DelSqRho>
<CP of DelSqRho>
CP# = 12      
Type = (3,-1)
Coords =  2.41561028829826E+00 -1.46837740408749E+00 -1.95830986524392E-01
DistFromNuc =  2.2386331371E-01
Rho =  9.2347813465E+00
DelSqRho =  2.8086040048E+02
GradDelSqRho =  3.1477043194E-12 -4.2699177527E-13  6.6755490025E-12
HessDelSqRho_EigVals = -5.8848813646E+04 -4.0016254481E+01  2.2189187572E+01
HessDelSqRho_EigVec1 =  4.8095929164E-01 -6.1027875891E-02  8.7461634912E-01
HessDelSqRho_EigVec2 =  5.5013670208E-01 -7.5573892706E-01 -3.5525805149E-01
HessDelSqRho_EigVec3 =  6.8266226555E-01  6.5202321468E-01 -3.2990598465E-01
</CP of DelSqRho>
<CP of DelSqRho>
CP# = 13      
Type = (3,-1)
Coords =  3.27441159438858E+00 -2.19167127245697E+00  1.22055252188318E-16
DistFromNuc =  1.0333800242E+00
Rho =  1.7653984271E-01
DelSqRho =  1.2857007153E-02
GradDelSqRho =  1.7208456882E-15 -7.2164496601E-16 -4.2850214673E-17
HessDelSqRho_EigVals = -1.1377279806E+00 -1.1124252375E+00  9.6055754658E+00
HessDelSqRho_EigVec1 =  0.0000000000E+00  0.0000000000E+00  1.0000000000E+00
HessDelSqRho_EigVec2 =  6.8730871317E-01  7.2636542649E-01  0.0000000000E+00
HessDelSqRho_EigVec3 =  7.2636542649E-01 -6.8730871317E-01  0.0000000000E+00
</CP of DelSqRho>
<CP of DelSqRho>
CP# = 14      
Type = (3,-1)
Coords =  1.65896574305535E+00 -2.06665838596221E+00  1.52291373541611E-16
DistFromNuc =  1.0434079448E+00
Rho =  1.7030325801E-01
DelSqRho =  4.3648491905E-02
GradDelSqRho =  1.4432899320E-15 -1.2767564783E-15  3.4882099973E-17
HessDelSqRho_EigVals = -1.4343147558E+00 -1.2135099859E+00  8.9017141924E+00
HessDelSqRho_EigVec1 =  0.0000000000E+00  0.0000000000E+00  1.0000000000E+00
HessDelSqRho_EigVec2 = -5.7001212529E-01  8.2163628025E-01  0.0000000000E+00
HessDelSqRho_EigVec3 =  8.2163628025E-01  5.7001212529E-01  0.0000000000E+00
</CP of DelSqRho>
<CP of DelSqRho>
CP# = 15      
Type = (3,+1)
Coords =  2.72680123655910E+00 -5.05766096375295E-01  1.39120831764556E-16
DistFromNuc =  9.9727706204E-01
Rho =  2.1357839201E-01
DelSqRho = -2.5585262880E-01
GradDelSqRho =  4.3624825974E-12 -4.6167514256E-12 -3.5434902946E-17
HessDelSqRho_EigVals = -2.8056138269E+00  1.5144671388E+00  1.4568509237E+01
HessDelSqRho_EigVec1 =  9.7766210731E-01 -2.1018278696E-01  0.0000000000E+00
HessDelSqRho_EigVec2 =  0.0000000000E+00  0.0000000000E+00  1.0000000000E+00
HessDelSqRho_EigVec3 =  2.1018278696E-01  9.7766210731E-01  0.0000000000E+00
</CP of DelSqRho>
<CP of DelSqRho>
CP# = 16      
Type = (3,+1)
Coords =  2.46274371209844E+00 -2.48381386310114E+00  1.14233596990655E-16
DistFromNuc =  1.0035959136E+00
Rho =  2.0644318036E-01
DelSqRho = -1.5098455674E-01
GradDelSqRho = -3.1225022568E-16  3.3306690739E-16 -9.9374292126E-17
HessDelSqRho_EigVals = -3.2290107500E+00  1.0889448167E+00  1.3612123890E+01
HessDelSqRho_EigVec1 =  0.0000000000E+00  0.0000000000E+00  1.0000000000E+00
HessDelSqRho_EigVec2 =  9.9827185028E-01 -5.8764895484E-02  0.0000000000E+00
HessDelSqRho_EigVec3 =  5.8764895484E-02  9.9827185028E-01  0.0000000000E+00
</CP of DelSqRho>
<CP of DelSqRho>
CP# = 17      
Type = (3,-1)
Coords =  2.71050238626363E+00 -9.54291662131812E-01  8.80279086611835E-01
DistFromNuc =  1.0433064476E+00
Rho =  1.7077242319E-01
DelSqRho =  4.3443998288E-02
GradDelSqRho =  5.4845017416E-14  1.4221956945E-13  1.5509815654E-13
HessDelSqRho_EigVals = -1.4329485324E+00 -1.2381439047E+00  8.9215569615E+00
HessDelSqRho_EigVec1 =  5.5763515324E-01  6.5568337592E-01 -5.0904061372E-01
HessDelSqRho_EigVec2 =  8.0865810921E-01 -5.6754161901E-01  1.5481787070E-01
HessDelSqRho_EigVec3 =  1.8739022994E-01  4.9797170726E-01  8.4670483670E-01
</CP of DelSqRho>
<CP of DelSqRho>
CP# = 18      
Type = (3,-1)
Coords =  2.71050238626363E+00 -9.54291662131813E-01 -8.80279086611835E-01
DistFromNuc =  1.0433064476E+00
Rho =  1.7077242319E-01
DelSqRho =  4.3443998288E-02
GradDelSqRho =  5.4733995114E-14  1.4210854715E-13 -1.5082379790E-13
HessDelSqRho_EigVals = -1.4329485324E+00 -1.2381439047E+00  8.9215569615E+00
HessDelSqRho_EigVec1 =  5.5763515324E-01  6.5568337592E-01  5.0904061372E-01
HessDelSqRho_EigVec2 =  8.0865810921E-01 -5.6754161901E-01 -1.5481787070E-01
HessDelSqRho_EigVec3 = -1.8739022994E-01 -4.9797170726E-01  8.4670483670E-01
</CP of DelSqRho>
<CP of DelSqRho>
CP# = 19      
Type = (3,+3)
Coords =  1.81067226776159E+00 -8.03641300897158E-01  1.28514765870236E-16
DistFromNuc =  9.8383973208E-01
Rho =  2.5925870688E-01
DelSqRho = -7.8805593280E-01
GradDelSqRho =  1.0276224316E-12 -1.1511902542E-12 -4.4097674493E-18
HessDelSqRho_EigVals =  2.8607775542E+00  2.8642139716E+00  1.6202281890E+01
HessDelSqRho_EigVec1 =  0.0000000000E+00  0.0000000000E+00  1.0000000000E+00
HessDelSqRho_EigVec2 =  6.8885343268E-01  7.2490064718E-01  0.0000000000E+00
HessDelSqRho_EigVec3 =  7.2490064718E-01 -6.8885343268E-01  0.0000000000E+00
</CP of DelSqRho>
<CP of DelSqRho>
CP# = 20      
Type = (3,+1)
Coords =  1.85025606778460E+00 -1.42408445347008E+00  7.31386522670510E-01
DistFromNuc =  9.9556819854E-01
Rho =  2.1428526176E-01
DelSqRho = -2.5707187100E-01
GradDelSqRho =  6.6613381478E-16 -7.2164496601E-16  1.0824674490E-15
HessDelSqRho_EigVals = -2.8365120363E+00  1.5175453076E+00  1.4703662244E+01
HessDelSqRho_EigVec1 = -4.3849445883E-01  7.7568595743E-01 -4.5390957803E-01
HessDelSqRho_EigVec2 =  5.9660279146E-01  6.2895468696E-01  4.9847879691E-01
HessDelSqRho_EigVec3 = -6.7215155940E-01  5.2223531034E-02  7.3856955259E-01
</CP of DelSqRho>
<CP of DelSqRho>
CP# = 21      
Type = (3,+1)
Coords =  1.85025606778460E+00 -1.42408445347008E+00 -7.31386522670510E-01
DistFromNuc =  9.9556819854E-01
Rho =  2.1428526176E-01
DelSqRho = -2.5707187100E-01
GradDelSqRho = -1.3322676296E-15 -7.2164496601E-16 -2.6506574713E-15
HessDelSqRho_EigVals = -2.8365120363E+00  1.5175453076E+00  1.4703662244E+01
HessDelSqRho_EigVec1 = -4.3849445883E-01  7.7568595743E-01  4.5390957803E-01
HessDelSqRho_EigVec2 =  5.9660279146E-01  6.2895468696E-01 -4.9847879691E-01
HessDelSqRho_EigVec3 =  6.7215155940E-01 -5.2223531034E-02  7.3856955259E-01
</CP of DelSqRho>
<CP of DelSqRho>
CP# = 22      
Type = (3,+1)
Coords =  3.25727761156333E+00 -1.64149151766281E+00  6.65592827896388E-01
DistFromNuc =  1.0036380293E+00
Rho =  2.0681218159E-01
DelSqRho = -1.5480256701E-01
GradDelSqRho = -2.2204460493E-16  3.1918911958E-16  8.0491169285E-16
HessDelSqRho_EigVals = -3.2190096449E+00  1.1133076663E+00  1.3633554185E+01
HessDelSqRho_EigVec1 =  5.9417048143E-01  6.2845093962E-01 -5.0200682813E-01
HessDelSqRho_EigVec2 = -3.3594392057E-01  7.6097617856E-01  5.5502877214E-01
HessDelSqRho_EigVec3 =  7.3082359104E-01 -1.6113557076E-01  6.6327385491E-01
</CP of DelSqRho>
<CP of DelSqRho>
CP# = 23      
Type = (3,+1)
Coords =  3.25727761156333E+00 -1.64149151766281E+00 -6.65592827896387E-01
DistFromNuc =  1.0036380293E+00
Rho =  2.0681218159E-01
DelSqRho = -1.5480256701E-01
GradDelSqRho = -1.7763568394E-15  1.8041124150E-16  1.3877787808E-15
HessDelSqRho_EigVals = -3.2190096449E+00  1.1133076663E+00  1.3633554185E+01
HessDelSqRho_EigVec1 =  5.9417048143E-01  6.2845093962E-01  5.0200682813E-01
HessDelSqRho_EigVec2 =  3.3594392057E-01 -7.6097617856E-01  5.5502877214E-01
HessDelSqRho_EigVec3 =  7.3082359104E-01 -1.6113557076E-01 -6.6327385491E-01
</CP of DelSqRho>
<CP of DelSqRho>
CP# = 24      
Type = (3,+3)
Coords =  3.49703535528556E+00 -1.00586514210804E+00  5.45970372111583E-17
DistFromNuc =  1.0840083340E+00
Rho =  2.8473940612E-01
DelSqRho = -1.0826700469E+00
GradDelSqRho =  3.8302694350E-15 -7.4940054162E-16  4.4731214632E-18
HessDelSqRho_EigVals =  6.4076925709E+00  6.5501606932E+00  6.8343290471E+00
HessDelSqRho_EigVec1 =  9.7249746148E-01 -2.3291347625E-01  0.0000000000E+00
HessDelSqRho_EigVec2 =  2.3291347625E-01  9.7249746148E-01  0.0000000000E+00
HessDelSqRho_EigVec3 =  0.0000000000E+00  0.0000000000E+00  1.0000000000E+00
</CP of DelSqRho>
<CP of DelSqRho>
CP# = 25      
Type = (3,+3)
Coords =  2.45017463403507E+00 -2.10716612952392E+00  8.78092800691795E-01
DistFromNuc =  1.0803529892E+00
Rho =  2.8701343568E-01
DelSqRho = -1.0988783646E+00
GradDelSqRho =  4.9960036108E-16  2.2204460493E-16 -1.6653345369E-16
HessDelSqRho_EigVals =  6.5207805708E+00  6.6919411043E+00  6.9249549552E+00
HessDelSqRho_EigVec1 = -6.2989999715E-01  7.5185040406E-01 -1.9479980366E-01
HessDelSqRho_EigVec2 =  5.3021110183E-01  2.3299096292E-01 -8.1522475348E-01
HessDelSqRho_EigVec3 =  5.6754046648E-01  6.1679508843E-01  5.4540043803E-01
</CP of DelSqRho>
<CP of DelSqRho>
CP# = 26      
Type = (3,+3)
Coords =  2.45017463403507E+00 -2.10716612952392E+00 -8.78092800691795E-01
DistFromNuc =  1.0803529892E+00
Rho =  2.8701343568E-01
DelSqRho = -1.0988783646E+00
GradDelSqRho =  4.9960036108E-16 -1.3322676296E-15  6.9388939039E-16
HessDelSqRho_EigVals =  6.5207805708E+00  6.6919411043E+00  6.9249549552E+00
HessDelSqRho_EigVec1 = -6.2989999715E-01  7.5185040406E-01  1.9479980366E-01
HessDelSqRho_EigVec2 =  5.3021110183E-01  2.3299096292E-01  8.1522475348E-01
HessDelSqRho_EigVec3 = -5.6754046648E-01 -6.1679508843E-01  5.4540043803E-01
</CP of DelSqRho>
<CP of DelSqRho>
CP# = 27      
Type = (3,-3)
Coords =  2.92760713177191E+00 -8.57391830934731E-01  1.29819386745668E+00
DistFromNuc =  1.4963385473E+00
Rho =  8.2480214483E-02
DelSqRho =  1.9031774735E-01
GradDelSqRho = -2.3453461395E-15 -5.4012350148E-14 -7.7521322694E-14
HessDelSqRho_EigVals = -1.7328308383E+00 -8.3176879631E-02 -4.5931940191E-02
HessDelSqRho_EigVec1 =  2.2456565352E-01  4.6966357858E-01  8.5380699822E-01
HessDelSqRho_EigVec2 =  7.3313918211E-01 -6.5862507836E-01  1.6946960144E-01
HessDelSqRho_EigVec3 =  6.4193240058E-01  5.8790231256E-01 -4.9223334301E-01
</CP of DelSqRho>
<CP of DelSqRho>
CP# = 28      
Type = (3,-3)
Coords =  2.92760713177191E+00 -8.57391830934730E-01 -1.29819386745667E+00
DistFromNuc =  1.4963385473E+00
Rho =  8.2480214483E-02
DelSqRho =  1.9031774735E-01
GradDelSqRho = -2.5465740627E-15 -5.4012350148E-14  7.7604589421E-14
HessDelSqRho_EigVals = -1.7328308383E+00 -8.3176879631E-02 -4.5931940191E-02
HessDelSqRho_EigVec1 = -2.2456565352E-01 -4.6966357858E-01  8.5380699822E-01
HessDelSqRho_EigVec2 =  7.3313918211E-01 -6.5862507836E-01 -1.6946960144E-01
HessDelSqRho_EigVec3 =  6.4193240058E-01  5.8790231256E-01  4.9223334301E-01
</CP of DelSqRho>
<CP of DelSqRho>
CP# = 29      
Type = (3,-3)
Coords =  1.41867566486501E+00 -2.49252216643864E+00  1.25060870843497E-15
DistFromNuc =  1.4970216738E+00
Rho =  8.2322984056E-02
DelSqRho =  1.8972611387E-01
GradDelSqRho =  4.4381165409E-13  4.6157522249E-14 -2.5358985448E-17
HessDelSqRho_EigVals = -1.7354894069E+00 -7.2253904342E-02 -4.2385375135E-02
HessDelSqRho_EigVec1 =  7.8734834738E-01  6.1650837778E-01  0.0000000000E+00
HessDelSqRho_EigVec2 = -6.1650837778E-01  7.8734834738E-01  0.0000000000E+00
HessDelSqRho_EigVec3 =  0.0000000000E+00  0.0000000000E+00  1.0000000000E+00
</CP of DelSqRho>
<CP of DelSqRho>
CP# = 30      
Type = (3,-1)
Coords =  3.06700489126132E+00  1.17536923988916E-01 -7.78929162178186E-13
DistFromNuc =  1.6894852310E+00
Rho =  8.5600686012E-02
DelSqRho =  1.4203769817E-01
GradDelSqRho =  1.2014694795E-14 -1.5898393713E-13 -6.5292099340E-14
HessDelSqRho_EigVals = -1.2723742897E+00 -4.8026247150E-01  8.3813625561E-02
HessDelSqRho_EigVec1 = -1.0346924771E-01  9.9463265318E-01 -7.4891341030E-13
HessDelSqRho_EigVec2 =  9.9463265318E-01  1.0346924771E-01 -6.6740147660E-14
HessDelSqRho_EigVec3 = -1.1107577022E-14  7.5179928517E-13  1.0000000000E+00
</CP of DelSqRho>
<CP of DelSqRho>
CP# = 31      
Type = (3,-1)
Coords =  1.47455762228519E+00 -1.55938615928623E+00  1.31988926628450E+00
DistFromNuc =  1.6875330016E+00
Rho =  8.5403516922E-02
DelSqRho =  1.4452884993E-01
GradDelSqRho =  1.0408340856E-16 -1.0928757899E-16 -2.7755575616E-17
HessDelSqRho_EigVals = -1.2944191985E+00 -4.8402581247E-01  8.0977725260E-02
HessDelSqRho_EigVec1 =  7.8390426923E-01 -2.8021998339E-01 -5.5404950825E-01
HessDelSqRho_EigVec2 =  2.0935843074E-01 -7.2079945337E-01  6.6077015330E-01
HessDelSqRho_EigVec3 =  5.8451958407E-01  6.3397547975E-01  5.0637135277E-01
</CP of DelSqRho>
<CP of DelSqRho>
CP# = 32      
Type = (3,-1)
Coords =  1.47455762228519E+00 -1.55938615928623E+00 -1.31988926628450E+00
DistFromNuc =  1.6875330016E+00
Rho =  8.5403516922E-02
DelSqRho =  1.4452884993E-01
GradDelSqRho = -9.0205620751E-17 -1.0495077030E-16 -2.0816681712E-16
HessDelSqRho_EigVals = -1.2944191985E+00 -4.8402581247E-01  8.0977725260E-02
HessDelSqRho_EigVec1 =  7.8390426923E-01 -2.8021998339E-01  5.5404950825E-01
HessDelSqRho_EigVec2 = -2.0935843074E-01  7.2079945337E-01  6.6077015330E-01
HessDelSqRho_EigVec3 =  5.8451958407E-01  6.3397547975E-01 -5.0637135277E-01
</CP of DelSqRho>
<CP of DelSqRho>
CP# = 33      
Type = (3,-3)
Coords =  3.59341264611881E+00 -2.53685870771782E+00  7.38767654303109E-16
DistFromNuc =  1.5026534527E+00
Rho =  8.0578008779E-02
DelSqRho =  1.8226327443E-01
GradDelSqRho =  2.7755575616E-17 -3.0531133177E-16 -3.8556632374E-18
HessDelSqRho_EigVals = -1.7271822491E+00 -2.3243455410E-02 -2.3243072249E-02
HessDelSqRho_EigVec1 =  7.1972340906E-01 -6.9426091238E-01  0.0000000000E+00
HessDelSqRho_EigVec2 =  0.0000000000E+00  0.0000000000E+00  1.0000000000E+00
HessDelSqRho_EigVec3 =  6.9426091238E-01  7.1972340906E-01  0.0000000000E+00
</CP of DelSqRho>
<CP of DelSqRho>
CP# = 34      
Type = (3,-1)
Coords =  3.75847399350788E+00 -1.93877693519103E+00  8.91920369191020E-01
DistFromNuc =  1.5905972252E+00
Rho =  8.5068717667E-02
DelSqRho =  1.7578558804E-01
GradDelSqRho = -2.5188184871E-15  7.0082828429E-16 -2.3969541629E-15
HessDelSqRho_EigVals = -1.6348926012E+00 -1.2739182019E-01  2.2951162644E-02
HessDelSqRho_EigVec1 =  7.8748273320E-01 -3.3026649228E-01  5.2037965850E-01
HessDelSqRho_EigVec2 = -5.9446599593E-01 -6.2992370578E-01  4.9980626704E-01
HessDelSqRho_EigVec3 = -1.6273022027E-01  7.0293681720E-01  6.9238624079E-01
</CP of DelSqRho>
<CP of DelSqRho>
CP# = 35      
Type = (3,-1)
Coords =  3.75847399350788E+00 -1.93877693519103E+00 -8.91920369191016E-01
DistFromNuc =  1.5905972252E+00
Rho =  8.5068717667E-02
DelSqRho =  1.7578558804E-01
GradDelSqRho = -2.7217811338E-15  8.2572837456E-16  2.7686186677E-15
HessDelSqRho_EigVals = -1.6348926012E+00 -1.2739182019E-01  2.2951162644E-02
HessDelSqRho_EigVec1 =  7.8748273320E-01 -3.3026649228E-01 -5.2037965850E-01
HessDelSqRho_EigVec2 =  5.9446599593E-01  6.2992370578E-01  4.9980626704E-01
HessDelSqRho_EigVec3 = -1.6273022027E-01  7.0293681720E-01 -6.9238624079E-01
</CP of DelSqRho>
<CP of DelSqRho>
CP# = 36      
Type = (3,-1)
Coords =  2.70921363867717E+00 -3.05836434762818E+00 -1.04064702869721E-16
DistFromNuc =  1.5872588372E+00
Rho =  8.4940204384E-02
DelSqRho =  1.7678656190E-01
GradDelSqRho =  2.5536517345E-12 -3.4203195831E-13  8.8039682228E-17
HessDelSqRho_EigVals = -1.6467303744E+00 -1.2258555544E-01  2.1998031855E-02
HessDelSqRho_EigVec1 = -1.7709893731E-01  9.8419305342E-01  0.0000000000E+00
HessDelSqRho_EigVec2 =  0.0000000000E+00  0.0000000000E+00  1.0000000000E+00
HessDelSqRho_EigVec3 =  9.8419305342E-01  1.7709893731E-01  0.0000000000E+00
</CP of DelSqRho>
<CP of DelSqRho>
CP# = 37      
Type = (3,-1)
Coords =  1.71297738189981E-02 -1.49163356030055E+00  3.60904701453029E-17
DistFromNuc =  2.5061014071E+00
Rho =  2.8146114702E-02
DelSqRho =  5.9669036083E-02
GradDelSqRho =  4.3368086899E-19 -4.3368086899E-17 -1.7643964632E-19
HessDelSqRho_EigVals = -1.5652744743E-01 -1.8813643960E-02  1.3850527171E-01
HessDelSqRho_EigVec1 =  5.2466193817E-01  8.5131066635E-01  0.0000000000E+00
HessDelSqRho_EigVec2 =  0.0000000000E+00  0.0000000000E+00  1.0000000000E+00
HessDelSqRho_EigVec3 =  8.5131066635E-01 -5.2466193817E-01  0.0000000000E+00
</CP of DelSqRho>
<CP of DelSqRho>
CP# = 38      
Type = (3,+1)
Coords =  2.26104350749105E+00  1.16510672692413E+00 -6.94689924829063E-13
DistFromNuc =  2.6600987744E+00
Rho =  2.7575798451E-02
DelSqRho =  4.6684072653E-02
GradDelSqRho = -7.2546135765E-15 -1.0593956268E-14 -7.7558348849E-15
HessDelSqRho_EigVals = -1.6742641634E-01  1.1173481743E-02  8.8625426771E-02
HessDelSqRho_EigVec1 =  6.3962593766E-01  7.6868632086E-01 -3.9000860871E-13
HessDelSqRho_EigVec2 =  2.9287571465E-13  2.6366763608E-13  1.0000000000E+00
HessDelSqRho_EigVec3 =  7.6868632086E-01 -6.3962593766E-01 -5.6480896610E-14
</CP of DelSqRho>
<CP of DelSqRho>
CP# = 39      
Type = (3,+1)
Coords =  5.83424773246672E-01 -4.85525273393702E-01  1.65129887549207E+00
DistFromNuc =  2.7354359563E+00
Rho =  2.6688136886E-02
DelSqRho =  4.3974386669E-02
GradDelSqRho = -2.6888213878E-17  3.0357660830E-17 -3.3827107782E-17
HessDelSqRho_EigVals = -1.5289165943E-01  1.2164963879E-02  7.4050020910E-02
HessDelSqRho_EigVec1 = -3.2213899112E-01 -1.9760223658E-01  9.2584006529E-01
HessDelSqRho_EigVec2 = -5.3660606594E-01 -7.6758098932E-01 -3.5053295826E-01
HessDelSqRho_EigVec3 =  7.7992332982E-01 -6.0973172866E-01  1.4123320671E-01
</CP of DelSqRho>
<CP of DelSqRho>
CP# = 40      
Type = (3,+1)
Coords =  5.83424773246672E-01 -4.85525273393702E-01 -1.65129887549207E+00
DistFromNuc =  2.7354359563E+00
Rho =  2.6688136886E-02
DelSqRho =  4.3974386669E-02
GradDelSqRho =  4.3368086899E-18  4.3368086899E-18  4.5102810375E-17
HessDelSqRho_EigVals = -1.5289165943E-01  1.2164963879E-02  7.4050020910E-02
HessDelSqRho_EigVec1 =  3.2213899112E-01  1.9760223658E-01  9.2584006529E-01
HessDelSqRho_EigVec2 = -5.3660606594E-01 -7.6758098932E-01  3.5053295826E-01
HessDelSqRho_EigVec3 =  7.7992332982E-01 -6.0973172866E-01 -1.4123320671E-01
</CP of DelSqRho>
<CP of DelSqRho>
CP# = 41      
Type = (3,-1)
Coords =  1.86475690512976E+00  1.08467350827783E+00  1.03134932225369E+00
DistFromNuc =  2.8434610230E+00
Rho =  2.9886012502E-02
DelSqRho =  5.0604802097E-02
GradDelSqRho = -6.9388939039E-18  1.1275702594E-17  2.0599841277E-18
HessDelSqRho_EigVals = -1.6245870769E-01 -3.7668493263E-02  1.8130469889E-02
HessDelSqRho_EigVec1 =  5.0297389207E-01  6.8214691851E-01  5.3074744037E-01
HessDelSqRho_EigVec2 =  8.3169065445E-01 -2.1490206472E-01 -5.1196460608E-01
HessDelSqRho_EigVec3 =  2.3517635765E-01 -6.9892251655E-01  6.7542534500E-01
</CP of DelSqRho>
<CP of DelSqRho>
CP# = 42      
Type = (3,-1)
Coords =  1.86475690512976E+00  1.08467350827783E+00 -1.03134932225369E+00
DistFromNuc =  2.8434610230E+00
Rho =  2.9886012502E-02
DelSqRho =  5.0604802097E-02
GradDelSqRho = -1.7347234760E-17  1.3444106939E-17 -1.3010426070E-18
HessDelSqRho_EigVals = -1.6245870769E-01 -3.7668493263E-02  1.8130469889E-02
HessDelSqRho_EigVec1 =  5.0297389207E-01  6.8214691851E-01 -5.3074744037E-01
HessDelSqRho_EigVec2 =  8.3169065445E-01 -2.1490206472E-01  5.1196460608E-01
HessDelSqRho_EigVec3 = -2.3517635765E-01  6.9892251655E-01  6.7542534500E-01
</CP of DelSqRho>
<Path of -GradDelSqRho>
Starting CP# =      2
Ending CP# =     26
Number of Points =      9
  2.4376645126E+00 -2.2300678890E+00 -1.0477649817E+00  2.7927470885E-01 -1.0494422145E+00
  2.4392364555E+00 -2.2154936734E+00 -1.0275135316E+00  2.7949088311E-01 -1.0515134312E+00
  2.4408029531E+00 -2.2009153409E+00 -1.0072646230E+00  2.7993762188E-01 -1.0568847731E+00
  2.4423616968E+00 -2.1863310286E+00 -9.8701942251E-01  2.8059448564E-01 -1.0643844540E+00
  2.4439093097E+00 -2.1717380031E+00 -9.6677964799E-01  2.8144204104E-01 -1.0729448879E+00
  2.4454405356E+00 -2.1571319967E+00 -9.4654799305E-01  2.8246223572E-01 -1.0815771437E+00
  2.4469463034E+00 -2.1425056297E+00 -9.2632914325E-01  2.8363876244E-01 -1.0893421558E+00
  2.4484077980E+00 -2.1278436050E+00 -9.0613289394E-01  2.8495743321E-01 -1.0953184715E+00
  2.4501746340E+00 -2.1071661295E+00 -8.7809280069E-01  2.8701343568E-01 -1.0988783646E+00
</Path of -GradDelSqRho>
<Path of -GradDelSqRho>
Starting CP# =      2
Ending CP# =      0
Number of Points =     32
  2.4376645126E+00 -2.2300678890E+00 -1.0477649817E+00  2.7927470885E-01 -1.0494422145E+00
  2.4360888373E+00 -2.2446393583E+00 -1.0680181180E+00  2.7931013899E-01 -1.0519689149E+00
  2.4345105112E+00 -2.2592089546E+00 -1.0882723953E+00  2.7961835898E-01 -1.0605342806E+00
  2.4329304070E+00 -2.2737773749E+00 -1.1085273799E+00  2.8022017806E-01 -1.0767322885E+00
  2.4313491615E+00 -2.2883451255E+00 -1.1287827570E+00  2.8113542924E-01 -1.1023107914E+00
  2.4297672344E+00 -2.3029125697E+00 -1.1490383014E+00  2.8238228161E-01 -1.1391575658E+00
  2.4281849511E+00 -2.3174799611E+00 -1.1692938559E+00  2.8397646525E-01 -1.1892631307E+00
  2.4266025322E+00 -2.3320474680E+00 -1.1895493167E+00  2.8593042260E-01 -1.2546456005E+00
  2.4250201146E+00 -2.3466151883E+00 -1.2098046241E+00  2.8825242491E-01 -1.3372139259E+00
  2.4234377630E+00 -2.3611831582E+00 -1.2300597572E+00  2.9094573513E-01 -1.4385357473E+00
  2.4218554746E+00 -2.3757513527E+00 -1.2503147337E+00  2.9400796805E-01 -1.5594707452E+00
  2.4202731726E+00 -2.3903196783E+00 -1.2705696148E+00  2.9743090379E-01 -1.6996435787E+00
  2.4186906890E+00 -2.4048879533E+00 -1.2908245182E+00  3.0120115006E-01 -1.8567854589E+00
  2.4171077280E+00 -2.4194558713E+00 -1.3110796410E+00  3.0530219798E-01 -2.0260985334E+00
  2.4155238036E+00 -2.4340229391E+00 -1.3313352999E+00  3.0971850895E-01 -2.2000095627E+00
  2.4139381519E+00 -2.4485883912E+00 -1.3515919856E+00  3.1444218096E-01 -2.3689522879E+00
  2.4123497147E+00 -2.4631511786E+00 -1.3718503687E+00  3.1948229956E-01 -2.5240425425E+00
  2.4107577603E+00 -2.4777105978E+00 -1.3921108966E+00  3.2487611222E-01 -2.6624795594E+00
  2.4091645424E+00 -2.4922689371E+00 -1.4123721013E+00  3.3069962867E-01 -2.7959681646E+00
  2.4075772772E+00 -2.5068333798E+00 -1.4326293858E+00  3.3707336911E-01 -2.9612554557E+00
  2.4060005955E+00 -2.5214084455E+00 -1.4528798553E+00  3.4415733302E-01 -3.2301408265E+00
  2.4044323271E+00 -2.5359918996E+00 -1.4731249384E+00  3.5212872990E-01 -3.7145424428E+00
  2.4028690426E+00 -2.5505803109E+00 -1.4933668355E+00  3.6113768720E-01 -4.5611085957E+00
  2.4013085811E+00 -2.5651715327E+00 -1.5136069245E+00  3.7124072592E-01 -5.9301561425E+00
  2.3997497908E+00 -2.5797644265E+00 -1.5338459369E+00  3.8231929229E-01 -7.9560722213E+00
  2.3981920582E+00 -2.5943583880E+00 -1.5540842609E+00  3.9400016616E-01 -1.0691589903E+01
  2.3966350415E+00 -2.6089530823E+00 -1.5743221115E+00  4.0560367269E-01 -1.4047212322E+01
  2.3950785379E+00 -2.6235483123E+00 -1.5945596152E+00  4.1614990489E-01 -1.7748013330E+01
  2.3935224118E+00 -2.6381439497E+00 -1.6147968542E+00  4.2444696567E-01 -2.1336921847E+01
  2.3919665455E+00 -2.6527398883E+00 -1.6350338959E+00  4.2926467367E-01 -2.4246669881E+01
  2.3904107504E+00 -2.6673359700E+00 -1.6552708398E+00  4.2956504152E-01 -2.5936338985E+01
  2.3895547512E+00 -2.6753635995E+00 -1.6664012904E+00  4.2755831039E-01 -2.6205568321E+01
</Path of -GradDelSqRho>
<Path of -GradDelSqRho>
Starting CP# =      3
Ending CP# =      0
Number of Points =     32
  3.6838478768E+00 -9.1698559325E-01 -1.0340445685E-17  2.7739214362E-01 -1.0358755942E+00
  3.7063813331E+00 -9.0615769661E-01 -1.6213806682E-17  2.7744583585E-01 -1.0383376200E+00
  3.7289141868E+00 -8.9532854594E-01 -2.2226948108E-17  2.7777047620E-01 -1.0466952694E+00
  3.7514469003E+00 -8.8449910360E-01 -2.8024478679E-17  2.7838682518E-01 -1.0625220689E+00
  3.7739797960E+00 -8.7367004036E-01 -3.3829055419E-17  2.7931472193E-01 -1.0875464550E+00
  3.7965130909E+00 -8.6284180773E-01 -3.9619749200E-17  2.8057240837E-01 -1.1236394343E+00
  3.8190469212E+00 -8.5201468930E-01 -4.5364526970E-17  2.8217576499E-01 -1.1727799263E+00
  3.8415813594E+00 -8.4118883624E-01 -5.1090576390E-17  2.8413747058E-01 -1.2369836699E+00
  3.8641164251E+00 -8.3036428944E-01 -5.6758594376E-17  2.8646612206E-01 -1.3181728922E+00
  3.8866520893E+00 -8.1954098871E-01 -6.2395874816E-17  2.8916539101E-01 -1.4179537747E+00
  3.9091882722E+00 -8.0871876798E-01 -6.8009165293E-17  2.9223336093E-01 -1.5372626494E+00
  3.9317248326E+00 -7.9789733358E-01 -7.3596863935E-17  2.9566229056E-01 -1.6758527950E+00
  3.9542615467E+00 -7.8707621915E-01 -7.9173673347E-17  2.9943918619E-01 -1.8316441322E+00
  3.9767980690E+00 -7.7625470527E-01 -8.4743941677E-17  3.0354771549E-01 -2.0000764036E+00
  3.9993338685E+00 -7.6543168629E-01 -9.0312025464E-17  3.0797209645E-01 -2.1738114615E+00
  4.0218681401E+00 -7.5460548635E-01 -9.5893697015E-17  3.1270352697E-01 -2.3434005723E+00
  4.0443997809E+00 -7.4377381265E-01 -1.0149863332E-16  3.1774931331E-01 -2.4997672964E+00
  4.0669279724E+00 -7.3293496649E-01 -1.0713666560E-16  3.2314393706E-01 -2.6393560801E+00
  4.0894548044E+00 -7.2209329516E-01 -1.1277483874E-16  3.2895980897E-01 -2.7723082483E+00
  4.1119876926E+00 -7.1126421847E-01 -1.1831950276E-16  3.3531359830E-01 -2.9328818467E+00
  4.1345319476E+00 -7.0045882588E-01 -1.2372481035E-16  3.4236233313E-01 -3.1896299059E+00
  4.1570854650E+00 -6.8967277780E-01 -1.2901060943E-16  3.5028278511E-01 -3.6510561656E+00
  4.1796444846E+00 -6.7889824180E-01 -1.3423072978E-16  3.5922911522E-01 -4.4612906989E+00
  4.2022066062E+00 -6.6813020272E-01 -1.3941348176E-16  3.6926810229E-01 -5.7804839804E+00
  4.2247705589E+00 -6.5736600109E-01 -1.4457672147E-16  3.8029853155E-01 -7.7467719453E+00
  4.2473356736E+00 -6.4660423553E-01 -1.4972679811E-16  3.9197073499E-01 -1.0421661376E+01
  4.2699015834E+00 -6.3584413718E-01 -1.5486853861E-16  4.0363154264E-01 -1.3729259005E+01
  4.2924680755E+00 -6.2508526022E-01 -1.6000617843E-16  4.1432477333E-01 -1.7410698116E+01
  4.3150350155E+00 -6.1432732277E-01 -1.6514120877E-16  4.2287224261E-01 -2.1022656211E+01
  4.3376022999E+00 -6.0357010776E-01 -1.7027340084E-16  4.2804089991E-01 -2.4003371623E+01
  4.3601697947E+00 -5.9281333410E-01 -1.7540627703E-16  4.2877021658E-01 -2.5804815470E+01
  4.3748385135E+00 -5.8582111078E-01 -1.7875731226E-16  4.2652959660E-01 -2.6154676211E+01
</Path of -GradDelSqRho>
<Path of -GradDelSqRho>
Starting CP# =      3
Ending CP# =     24
Number of Points =      9
  3.6838478768E+00 -9.1698559325E-01 -1.0340445685E-17  2.7739214362E-01 -1.0358755942E+00
  3.6613132072E+00 -9.2781096474E-01 -3.9008667525E-18  2.7758830596E-01 -1.0378888415E+00
  3.6387763939E+00 -9.3863187222E-01  2.3956469539E-18  2.7801340634E-01 -1.0430991395E+00
  3.6162361359E+00 -9.4944560259E-01  8.9895299404E-18  2.7864714968E-01 -1.0503528631E+00
  3.5936905163E+00 -9.6024814940E-01  1.5866144523E-17  2.7947025842E-01 -1.0585987405E+00
  3.5711365344E+00 -9.7103322475E-01  2.2913674422E-17  2.8046483879E-01 -1.0668619775E+00
  3.5485689718E+00 -9.8178984971E-01  3.0562708508E-17  2.8161473776E-01 -1.0742152337E+00
  3.5259768042E+00 -9.9249468198E-01  3.8920573506E-17  2.8290591183E-01 -1.0797462269E+00
  3.4970353553E+00 -1.0058651421E+00  5.4597037211E-17  2.8473940612E-01 -1.0826700469E+00
</Path of -GradDelSqRho>
<Path of -GradDelSqRho>
Starting CP# =      4
Ending CP# =      0
Number of Points =     32
  2.4376645126E+00 -2.2300678890E+00  1.0477649817E+00  2.7927470885E-01 -1.0494422145E+00
  2.4360888373E+00 -2.2446393583E+00  1.0680181180E+00  2.7931013899E-01 -1.0519689149E+00
  2.4345105112E+00 -2.2592089546E+00  1.0882723953E+00  2.7961835898E-01 -1.0605342806E+00
  2.4329304070E+00 -2.2737773749E+00  1.1085273799E+00  2.8022017806E-01 -1.0767322885E+00
  2.4313491615E+00 -2.2883451255E+00  1.1287827570E+00  2.8113542924E-01 -1.1023107914E+00
  2.4297672344E+00 -2.3029125697E+00  1.1490383014E+00  2.8238228161E-01 -1.1391575658E+00
  2.4281849511E+00 -2.3174799611E+00  1.1692938559E+00  2.8397646525E-01 -1.1892631307E+00
  2.4266025322E+00 -2.3320474680E+00  1.1895493167E+00  2.8593042260E-01 -1.2546456005E+00
  2.4250201146E+00 -2.3466151883E+00  1.2098046241E+00  2.8825242491E-01 -1.3372139259E+00
  2.4234377630E+00 -2.3611831582E+00  1.2300597572E+00  2.9094573513E-01 -1.4385357473E+00
  2.4218554746E+00 -2.3757513527E+00  1.2503147337E+00  2.9400796805E-01 -1.5594707452E+00
  2.4202731726E+00 -2.3903196783E+00  1.2705696148E+00  2.9743090379E-01 -1.6996435787E+00
  2.4186906890E+00 -2.4048879533E+00  1.2908245182E+00  3.0120115006E-01 -1.8567854589E+00
  2.4171077280E+00 -2.4194558713E+00  1.3110796410E+00  3.0530219798E-01 -2.0260985334E+00
  2.4155238036E+00 -2.4340229391E+00  1.3313352999E+00  3.0971850895E-01 -2.2000095627E+00
  2.4139381519E+00 -2.4485883912E+00  1.3515919856E+00  3.1444218096E-01 -2.3689522879E+00
  2.4123497147E+00 -2.4631511786E+00  1.3718503687E+00  3.1948229956E-01 -2.5240425425E+00
  2.4107577603E+00 -2.4777105978E+00  1.3921108966E+00  3.2487611222E-01 -2.6624795594E+00
  2.4091645424E+00 -2.4922689371E+00  1.4123721013E+00  3.3069962867E-01 -2.7959681646E+00
  2.4075772772E+00 -2.5068333798E+00  1.4326293858E+00  3.3707336911E-01 -2.9612554557E+00
  2.4060005955E+00 -2.5214084455E+00  1.4528798553E+00  3.4415733302E-01 -3.2301408265E+00
  2.4044323271E+00 -2.5359918996E+00  1.4731249384E+00  3.5212872990E-01 -3.7145424428E+00
  2.4028690426E+00 -2.5505803109E+00  1.4933668355E+00  3.6113768720E-01 -4.5611085957E+00
  2.4013085811E+00 -2.5651715327E+00  1.5136069245E+00  3.7124072592E-01 -5.9301561425E+00
  2.3997497908E+00 -2.5797644265E+00  1.5338459369E+00  3.8231929229E-01 -7.9560722213E+00
  2.3981920582E+00 -2.5943583880E+00  1.5540842609E+00  3.9400016616E-01 -1.0691589903E+01
  2.3966350415E+00 -2.6089530823E+00  1.5743221115E+00  4.0560367269E-01 -1.4047212322E+01
  2.3950785379E+00 -2.6235483123E+00  1.5945596152E+00  4.1614990489E-01 -1.7748013330E+01
  2.3935224118E+00 -2.6381439497E+00  1.6147968542E+00  4.2444696567E-01 -2.1336921847E+01
  2.3919665455E+00 -2.6527398883E+00  1.6350338959E+00  4.2926467367E-01 -2.4246669881E+01
  2.3904107504E+00 -2.6673359700E+00  1.6552708398E+00  4.2956504152E-01 -2.5936338985E+01
  2.3895547512E+00 -2.6753635995E+00  1.6664012904E+00  4.2755831039E-01 -2.6205568321E+01
</Path of -GradDelSqRho>
<Path of -GradDelSqRho>
Starting CP# =      4
Ending CP# =     25
Number of Points =      9
  2.4376645126E+00 -2.2300678890E+00  1.0477649817E+00  2.7927470885E-01 -1.0494422145E+00
  2.4392364555E+00 -2.2154936734E+00  1.0275135316E+00  2.7949088311E-01 -1.0515134312E+00
  2.4408029531E+00 -2.2009153409E+00  1.0072646230E+00  2.7993762188E-01 -1.0568847731E+00
  2.4423616968E+00 -2.1863310286E+00  9.8701942251E-01  2.8059448564E-01 -1.0643844540E+00
  2.4439093097E+00 -2.1717380031E+00  9.6677964799E-01  2.8144204104E-01 -1.0729448879E+00
  2.4454405356E+00 -2.1571319967E+00  9.4654799305E-01  2.8246223572E-01 -1.0815771437E+00
  2.4469463034E+00 -2.1425056297E+00  9.2632914325E-01  2.8363876244E-01 -1.0893421558E+00
  2.4484077980E+00 -2.1278436050E+00  9.0613289394E-01  2.8495743321E-01 -1.0953184715E+00
  2.4501746340E+00 -2.1071661295E+00  8.7809280069E-01  2.8701343568E-01 -1.0988783646E+00
</Path of -GradDelSqRho>
<Path of -GradDelSqRho>
Starting CP# =      9
Ending CP# =     19
Number of Points =     32
  2.3708002857E+00 -1.3181401841E+00  2.5785099158E-16  9.2450292820E+00  2.8027070857E+02
  2.3537716081E+00 -1.2998365195E+00  2.6402142493E-16  6.9970838558E+00  2.6800654604E+02
  2.3367414331E+00 -1.2815342481E+00  2.7023529907E-16  5.3116316069E+00  2.4339099897E+02
  2.3197104970E+00 -1.2632326849E+00  2.7645115457E-16  4.0475750554E+00  2.1247737769E+02
  2.3026790629E+00 -1.2449315851E+00  2.8266640487E-16  3.1013459306E+00  1.7833028495E+02
