 AIMInt (Version 19.10.12, Professional)
 Portions Copyright (c) 1997-2019 by Todd A. Keith
 AIMInt is a component of the AIMAll package ( http://aim.tkgristmill.com )

 TP:  64-bit Mac OS X

 AIMInt is a heavily modified and extended version of the PROAIMV program
 developed by members of R.F.W. Bader's research group

 Much of the Quantum Theory of Atoms in Molecules (QTAIM) is described in the book:
   "Atoms in Molecules - A Quantum Theory"
   R.F.W. Bader, Oxford University Press, Oxford, 1990

 For additional references see:  http://aim.tkgristmill.com/references.html

 Current Directory:  /Users/chemlab/Documents/SubstituentCoding/BCP Map Reference/BCPMapReference

 Inp File:  SubH_SiFHCH3_wb97xd_aug-cc-pvtz_atomicfiles/f8.inp
 Wfx File:  SubH_SiFHCH3_wb97xd_aug-cc-pvtz.wfx
 Out File:  SubH_SiFHCH3_wb97xd_aug-cc-pvtz_atomicfiles/f8.int

 Wfx Title:   Title Card Required                                                           
 Job Title:   Title Card Required                                                           
 
<Atom>
F8      
</Atom>
<Nuclei of Molecule>
     8
Si1       14.0           4.5165350561E-16   9.5959187158E-01  -2.7655832044E-16
H2         1.0           1.1548740207E-01   2.5688214047E+00   2.2912930081E+00
H3         1.0           1.1548740207E-01   2.5688214047E+00  -2.2912930081E+00
C4         6.0           2.5232128234E+00  -1.4820413119E+00   2.0179944509E-16
H5         1.0           2.3892218767E+00  -2.6786820214E+00  -1.6709647879E+00
H6         1.0           4.3794947021E+00  -5.8365018192E-01  -1.7973197688E-16
H7         1.0           2.3892218767E+00  -2.6786820214E+00   1.6709647879E+00
F8         9.0          -2.7253544667E+00  -4.1540743503E-01   1.0078076683E-17
</Nuclei of Molecule>
<Total Number of CPs of DelSqRho>
    28
</Total Number of CPs of DelSqRho>
<Number of (3,+3) CPs of DelSqRho>
     7
</Number of (3,+3) CPs of DelSqRho>
<Number of (3,+1) CPs of DelSqRho>
    11
</Number of (3,+1) CPs of DelSqRho>
<Number of (3,-1) CPs of DelSqRho>
     7
</Number of (3,-1) CPs of DelSqRho>
<Number of (3,-3) CPs of DelSqRho>
     3
</Number of (3,-3) CPs of DelSqRho>
<Number of Degenerate CPs of DelSqRho>
     0
</Number of Degenerate CPs of DelSqRho>
<CP of DelSqRho>
CP# = 1       
Type = (3,+3)
Coords = -2.72535417392729E+00 -4.15407289989753E-01  1.00780770089562E-17
DistFromNuc =  3.2671613492E-07
Rho =  4.2954897930E+02
DelSqRho = -6.1036262793E+06
GradDelSqRho =  1.3499637134E-05 -7.7424629126E-06  5.3428136290E-15
HessDelSqRho_EigVals =  3.0866416227E+11  3.0866416236E+11  3.0866418377E+11
HessDelSqRho_EigVec1 = -4.6085134490E-01  8.8747734501E-01 -1.9254374454E-18
HessDelSqRho_EigVec2 =  1.1315921680E-17  8.0457210661E-18  1.0000000000E+00
HessDelSqRho_EigVec3 =  8.8747734501E-01  4.6085134490E-01 -1.3750505503E-17
</CP of DelSqRho>
<CP of DelSqRho>
CP# = 2       
Type = (3,-1)
Coords = -1.41432895635675E+00  2.37160794576328E-01  7.90932792136477E-16
DistFromNuc =  1.4644566170E+00
Rho =  1.9002329023E-01
DelSqRho =  1.9230784664E-01
GradDelSqRho =  1.2767564783E-15  6.6613381478E-16 -4.6752422707E-18
HessDelSqRho_EigVals = -6.9519871015E-02 -6.6811297941E-02  1.1287049979E+01
HessDelSqRho_EigVec1 =  0.0000000000E+00  0.0000000000E+00  1.0000000000E+00
HessDelSqRho_EigVec2 = -4.5130307888E-01  8.9237073629E-01  0.0000000000E+00
HessDelSqRho_EigVec3 =  8.9237073629E-01  4.5130307888E-01  0.0000000000E+00
</CP of DelSqRho>
<CP of DelSqRho>
CP# = 3       
Type = (3,-1)
Coords = -3.24283870848743E+00 -6.83553423280245E-01  5.84018423586050E-18
DistFromNuc =  5.8283120329E-01
Rho =  1.3572891360E+00
DelSqRho = -5.4755429702E+00
GradDelSqRho = -8.1712414612E-14 -2.4868995752E-14  3.7103000180E-18
HessDelSqRho_EigVals = -1.0437198392E+01 -1.0422552758E+01  5.9518665542E+02
HessDelSqRho_EigVec1 = -4.5975669866E-01  8.8804491893E-01  0.0000000000E+00
HessDelSqRho_EigVec2 =  0.0000000000E+00  0.0000000000E+00  1.0000000000E+00
HessDelSqRho_EigVec3 =  8.8804491893E-01  4.5975669866E-01  0.0000000000E+00
</CP of DelSqRho>
<CP of DelSqRho>
CP# = 4       
Type = (3,-3)
Coords = -2.59394980658268E+00 -3.43783868240340E-01  8.56739019511974E-18
DistFromNuc =  1.4965667381E-01
Rho =  3.2429091423E+01
DelSqRho =  2.3300900639E+03
GradDelSqRho = -6.3920424509E-11 -5.4839688346E-11 -1.9590496768E-16
HessDelSqRho_EigVals = -9.6442258828E+05 -1.3076832888E+03 -1.3015536864E+03
HessDelSqRho_EigVec1 =  8.7794699836E-01  4.7875783864E-01 -1.0167687465E-17
HessDelSqRho_EigVec2 = -4.7875783864E-01  8.7794699836E-01 -1.6487886394E-18
HessDelSqRho_EigVec3 =  8.1373202048E-18  6.3154091116E-18  1.0000000000E+00
</CP of DelSqRho>
<CP of DelSqRho>
CP# = 5       
Type = (3,+1)
Coords = -2.59219705967686E+00 -4.83060653535977E-01  8.06233828926234E-17
DistFromNuc =  1.4935813676E-01
Rho =  3.2608895495E+01
DelSqRho =  2.3235549896E+03
GradDelSqRho = -4.2859937821E-11 -2.0918378141E-11  1.8086263777E-16
HessDelSqRho_EigVals = -9.7796308007E+05  3.6733810919E+01  2.1582705134E+03
HessDelSqRho_EigVec1 =  8.8957907577E-01 -4.5678120360E-01  4.7381685321E-16
HessDelSqRho_EigVec2 = -2.6841602021E-16  5.1455615113E-16  1.0000000000E+00
HessDelSqRho_EigVec3 =  4.5678120360E-01  8.8957907577E-01 -3.3513099257E-16
</CP of DelSqRho>
<CP of DelSqRho>
CP# = 6       
Type = (3,-3)
Coords = -2.85692109725258E+00 -4.82778923504138E-01  9.49529101756023E-18
DistFromNuc =  1.4781304319E-01
Rho =  3.3095730645E+01
DelSqRho =  2.4161602663E+03
GradDelSqRho =  3.1150193536E-11  2.7057467378E-11 -1.5589275650E-16
HessDelSqRho_EigVals = -1.0819321426E+06 -5.3494015630E+03 -5.3424768005E+03
HessDelSqRho_EigVec1 =  8.9011264555E-01  4.5574058217E-01  3.9312655041E-18
HessDelSqRho_EigVec2 = -4.5574058217E-01  8.9011264555E-01  5.2765562345E-19
HessDelSqRho_EigVec3 = -3.2587950572E-18 -2.2613101724E-18  1.0000000000E+00
</CP of DelSqRho>
<CP of DelSqRho>
CP# = 7       
Type = (3,-1)
Coords = -2.70176964959092E+00 -2.67937963168843E-01 -1.03122965376605E-16
DistFromNuc =  1.4934352590E-01
Rho =  3.2613008763E+01
DelSqRho =  2.3245223667E+03
GradDelSqRho =  1.0118128557E-11 -6.8212102633E-13  1.2421833388E-16
HessDelSqRho_EigVals = -9.7889367855E+05 -2.2801864988E+01  2.0462790985E+03
HessDelSqRho_EigVec1 =  1.5363353121E-01  9.8812789561E-01 -7.6034528152E-16
HessDelSqRho_EigVec2 = -4.4029632060E-16  8.3793764320E-16  1.0000000000E+00
HessDelSqRho_EigVec3 =  9.8812789561E-01 -1.5363353121E-01  5.6380439578E-16
</CP of DelSqRho>
<CP of DelSqRho>
CP# = 8       
Type = (3,-1)
Coords = -2.17039115608719E+00 -1.32202953712147E-01  1.16643076489807E-16
DistFromNuc =  6.2304819585E-01
Rho =  1.1923740793E+00
DelSqRho = -4.2487692752E+00
GradDelSqRho =  5.1869619710E-13  1.9095836024E-13 -4.8477763744E-18
HessDelSqRho_EigVals = -3.3436361779E+00 -3.3173651284E+00  3.8416560802E+02
HessDelSqRho_EigVec1 = -1.6123486861E-16 -1.1123682185E-16  1.0000000000E+00
HessDelSqRho_EigVec2 = -4.5451735498E-01  8.9073788177E-01  2.5798805057E-17
HessDelSqRho_EigVec3 =  8.9073788177E-01  4.5451735498E-01  1.9417707138E-16
</CP of DelSqRho>
<CP of DelSqRho>
CP# = 9       
Type = (3,+3)
Coords = -3.13875929699752E+00 -2.14316376639576E-02  3.64088823308999E-16
DistFromNuc =  5.7106959526E-01
Rho =  1.4438088984E+00
DelSqRho = -6.6825315306E+00
GradDelSqRho =  0.0000000000E+00  5.6843418861E-14  3.4838725858E-17
HessDelSqRho_EigVals =  3.5199739808E-01  1.3820085956E+01  6.8875927629E+02
HessDelSqRho_EigVec1 =  8.4411620247E-17 -8.0397694673E-16  1.0000000000E+00
HessDelSqRho_EigVec2 =  6.8832255997E-01  7.2540475146E-01  5.2510627468E-16
HessDelSqRho_EigVec3 =  7.2540475146E-01 -6.8832255997E-01 -6.1462806053E-16
</CP of DelSqRho>
<CP of DelSqRho>
CP# = 10      
Type = (3,+1)
Coords = -2.64970985109757E+00 -9.81881222356306E-01 -2.05339829915374E-16
DistFromNuc =  5.7150210813E-01
Rho =  1.4403391099E+00
DelSqRho = -6.6298630452E+00
GradDelSqRho = -1.2714274078E-12  7.8301809481E-12  3.8134286636E-18
HessDelSqRho_EigVals = -4.2806840737E-01  1.3406937541E+01  6.8444865112E+02
HessDelSqRho_EigVec1 =  5.0211676042E-17 -3.7321293304E-16  1.0000000000E+00
HessDelSqRho_EigVec2 =  9.9137601499E-01  1.3104807096E-01 -8.6981636747E-19
HessDelSqRho_EigVec3 = -1.3104807096E-01  9.9137601499E-01  3.7657449358E-16
</CP of DelSqRho>
<CP of DelSqRho>
CP# = 11      
Type = (3,+3)
Coords = -2.79116647134744E+00 -6.93457924345849E-01  4.94777372727475E-01
DistFromNuc =  5.7135623137E-01
Rho =  1.4418754367E+00
DelSqRho = -6.6609685716E+00
GradDelSqRho =  1.3544720900E-14 -4.9737991503E-14 -6.3060667799E-14
HessDelSqRho_EigVals =  3.0377091740E-01  1.3533699308E+01  6.8608677475E+02
HessDelSqRho_EigVec1 =  4.2711868339E-01 -8.1144796536E-01 -3.9890077691E-01
HessDelSqRho_EigVec2 =  8.9654951753E-01  3.2281454386E-01  3.0329809245E-01
HessDelSqRho_EigVec3 = -1.1733964767E-01 -4.8717858101E-01  8.6538340479E-01
</CP of DelSqRho>
<CP of DelSqRho>
CP# = 12      
Type = (3,+3)
Coords = -2.79116647134750E+00 -6.93457924345739E-01 -4.94777372727530E-01
DistFromNuc =  5.7135623137E-01
Rho =  1.4418754367E+00
DelSqRho = -6.6609685716E+00
GradDelSqRho =  3.4638958368E-14  4.9737991503E-14  9.2370555649E-14
HessDelSqRho_EigVals =  3.0377091740E-01  1.3533699308E+01  6.8608677475E+02
HessDelSqRho_EigVec1 =  4.2711868339E-01 -8.1144796536E-01  3.9890077691E-01
HessDelSqRho_EigVec2 =  8.9654951753E-01  3.2281454386E-01 -3.0329809245E-01
HessDelSqRho_EigVec3 =  1.1733964767E-01  4.8717858101E-01  8.6538340479E-01
</CP of DelSqRho>
<CP of DelSqRho>
CP# = 13      
Type = (3,+1)
Coords = -2.97576600033213E+00 -3.48968736529070E-01  5.09132759632787E-01
DistFromNuc =  5.7125843869E-01
Rho =  1.4420132160E+00
DelSqRho = -6.6524286610E+00
GradDelSqRho = -4.2632564146E-14 -3.5527136788E-15  6.2172489379E-14
HessDelSqRho_EigVals = -2.7640385123E-01  1.3680231304E+01  6.8698218576E+02
HessDelSqRho_EigVec1 = -4.4180767406E-01  8.3552464605E-01 -3.2665661634E-01
HessDelSqRho_EigVec2 =  7.8199466723E-01  5.3712369568E-01  3.1620005687E-01
HessDelSqRho_EigVec3 = -4.3964794958E-01  1.1574412033E-01  8.9068118822E-01
</CP of DelSqRho>
<CP of DelSqRho>
CP# = 14      
Type = (3,+1)
Coords = -2.97576600033210E+00 -3.48968736529126E-01 -5.09132759632808E-01
DistFromNuc =  5.7125843869E-01
Rho =  1.4420132160E+00
DelSqRho = -6.6524286610E+00
GradDelSqRho =  2.8421709430E-14  1.7763568394E-15  1.2079226508E-13
HessDelSqRho_EigVals = -2.7640385123E-01  1.3680231304E+01  6.8698218576E+02
HessDelSqRho_EigVec1 = -4.4180767406E-01  8.3552464605E-01  3.2665661634E-01
HessDelSqRho_EigVec2 =  7.8199466723E-01  5.3712369568E-01 -3.1620005687E-01
HessDelSqRho_EigVec3 =  4.3964794958E-01 -1.1574412033E-01  8.9068118822E-01
</CP of DelSqRho>
<CP of DelSqRho>
CP# = 15      
Type = (3,+1)
Coords = -1.77689298826587E+00  6.31792422834967E-02 -1.04809445976345E-16
DistFromNuc =  1.0623673488E+00
Rho =  4.2653223039E-01
DelSqRho =  7.1724565676E-01
GradDelSqRho =  3.5527136788E-15  1.4432899320E-15 -1.9454587987E-19
HessDelSqRho_EigVals = -3.4349058029E+01  2.1801256206E+00  2.1926036329E+00
HessDelSqRho_EigVec1 =  8.9294374173E-01  4.5016827311E-01  0.0000000000E+00
HessDelSqRho_EigVec2 =  0.0000000000E+00  0.0000000000E+00  1.0000000000E+00
HessDelSqRho_EigVec3 = -4.5016827311E-01  8.9294374173E-01  0.0000000000E+00
</CP of DelSqRho>
<CP of DelSqRho>
CP# = 16      
Type = (3,-3)
Coords = -3.64331860019821E+00 -8.90092363224311E-01  4.60679176834395E-17
DistFromNuc =  1.0334330803E+00
Rho =  3.8173504707E-01
DelSqRho =  1.4854691266E+00
GradDelSqRho =  1.4988010832E-14  2.9420910153E-15  3.3746987434E-19
HessDelSqRho_EigVals = -4.7317131117E+01 -1.3314629268E-01 -1.3043490936E-01
HessDelSqRho_EigVec1 =  8.8849301182E-01  4.5889014802E-01  0.0000000000E+00
HessDelSqRho_EigVec2 = -4.5889014802E-01  8.8849301182E-01  0.0000000000E+00
HessDelSqRho_EigVec3 =  0.0000000000E+00  0.0000000000E+00  1.0000000000E+00
</CP of DelSqRho>
<CP of DelSqRho>
CP# = 17      
Type = (3,-1)
Coords = -1.04126215368690E+00 -3.44141054244544E-01  2.91987417181301E-16
DistFromNuc =  1.6855995419E+00
Rho =  1.1391535289E-01
DelSqRho =  1.9752786009E-01
GradDelSqRho = -9.1038288019E-15 -1.1102230246E-16  2.4697100847E-19
HessDelSqRho_EigVals = -3.1918986796E-01 -6.9703394982E-02  4.1470266024E+00
HessDelSqRho_EigVec1 = -6.8525846961E-01  7.2829995869E-01  0.0000000000E+00
HessDelSqRho_EigVec2 =  0.0000000000E+00  0.0000000000E+00  1.0000000000E+00
HessDelSqRho_EigVec3 =  7.2829995869E-01  6.8525846961E-01  0.0000000000E+00
</CP of DelSqRho>
<CP of DelSqRho>
CP# = 18      
Type = (3,-1)
Coords = -1.50495661096301E+00  5.68144199519910E-01  5.99207221867436E-01
DistFromNuc =  1.6780327884E+00
Rho =  1.1585073795E-01
DelSqRho =  1.9616676478E-01
GradDelSqRho = -1.2942424910E-13 -7.5502104568E-14 -5.0289633569E-14
HessDelSqRho_EigVals = -2.9755774538E-01 -6.2125289319E-02  4.2802600629E+00
HessDelSqRho_EigVec1 =  3.5331035085E-02  5.3763206498E-01  8.4243900709E-01
HessDelSqRho_EigVec2 = -3.9335264311E-01  7.8240435919E-01 -4.8282203438E-01
HessDelSqRho_EigVec3 =  9.1870855886E-01  3.1431700786E-01 -2.3912214964E-01
</CP of DelSqRho>
<CP of DelSqRho>
CP# = 19      
Type = (3,-1)
Coords = -1.50495661096301E+00  5.68144199519913E-01 -5.99207221867435E-01
DistFromNuc =  1.6780327884E+00
Rho =  1.1585073795E-01
DelSqRho =  1.9616676478E-01
GradDelSqRho = -1.3000711618E-13 -7.6216810641E-14  5.0234122417E-14
HessDelSqRho_EigVals = -2.9755774538E-01 -6.2125289319E-02  4.2802600629E+00
HessDelSqRho_EigVec1 = -3.5331035085E-02 -5.3763206498E-01  8.4243900709E-01
HessDelSqRho_EigVec2 = -3.9335264311E-01  7.8240435919E-01  4.8282203438E-01
HessDelSqRho_EigVec3 =  9.1870855886E-01  3.1431700786E-01  2.3912214964E-01
</CP of DelSqRho>
<CP of DelSqRho>
CP# = 20      
Type = (3,+1)
Coords = -1.65060067543673E+00  8.10987564653042E-01 -9.65922038089173E-16
DistFromNuc =  1.6306870966E+00
Rho =  1.2824082475E-01
DelSqRho =  1.8963434029E-01
GradDelSqRho = -6.7446048746E-14 -6.3740679401E-14 -8.6118208205E-18
HessDelSqRho_EigVals = -1.1234784464E-01  6.8935518984E-02  5.0740611243E+00
HessDelSqRho_EigVec1 = -2.5895908698E-01  9.6588829130E-01  0.0000000000E+00
HessDelSqRho_EigVec2 =  0.0000000000E+00  0.0000000000E+00  1.0000000000E+00
HessDelSqRho_EigVec3 =  9.6588829130E-01  2.5895908698E-01  0.0000000000E+00
</CP of DelSqRho>
<CP of DelSqRho>
CP# = 21      
Type = (3,+1)
Coords = -1.28529065359939E+00 -1.10475435015492E-03  7.98484295326392E-16
DistFromNuc =  1.4984760582E+00
Rho =  1.7501185113E-01
DelSqRho =  1.9130291790E-01
GradDelSqRho =  3.3306690739E-16 -1.6653345369E-16  6.5410574824E-18
HessDelSqRho_EigVals = -5.3139348975E-02  8.7084350578E-02  9.5882495953E+00
HessDelSqRho_EigVec1 =  0.0000000000E+00  0.0000000000E+00  1.0000000000E+00
HessDelSqRho_EigVec2 = -5.0264654896E-01  8.6449201663E-01  0.0000000000E+00
HessDelSqRho_EigVec3 =  8.6449201663E-01  5.0264654896E-01  0.0000000000E+00
</CP of DelSqRho>
<CP of DelSqRho>
CP# = 22      
Type = (3,+1)
Coords = -1.23718607410985E+00 -3.86178691973361E-03  5.46043788677153E-01
DistFromNuc =  1.6377358775E+00
Rho =  1.2612957850E-01
DelSqRho =  1.9045079709E-01
GradDelSqRho = -6.1062266354E-16 -3.8857805862E-16  5.8460181140E-16
HessDelSqRho_EigVals = -1.4011636514E-01  6.8052716940E-02  4.8773850862E+00
HessDelSqRho_EigVec1 =  4.0560243965E-01 -3.3127479332E-01  8.5190590576E-01
HessDelSqRho_EigVec2 = -3.9160984872E-01  7.7916164018E-01  4.8943729410E-01
HessDelSqRho_EigVec3 =  8.2591064125E-01  5.3213170342E-01 -1.8629939045E-01
</CP of DelSqRho>
<CP of DelSqRho>
CP# = 23      
Type = (3,+1)
Coords = -1.23718607410985E+00 -3.86178691973213E-03 -5.46043788677152E-01
DistFromNuc =  1.6377358775E+00
Rho =  1.2612957850E-01
DelSqRho =  1.9045079709E-01
GradDelSqRho =  3.8857805862E-16  1.9428902931E-16 -4.6490589156E-16
HessDelSqRho_EigVals = -1.4011636514E-01  6.8052716940E-02  4.8773850862E+00
HessDelSqRho_EigVec1 = -4.0560243965E-01  3.3127479332E-01  8.5190590576E-01
HessDelSqRho_EigVec2 = -3.9160984872E-01  7.7916164018E-01 -4.8943729410E-01
HessDelSqRho_EigVec3 =  8.2591064125E-01  5.3213170342E-01  1.8629939045E-01
</CP of DelSqRho>
<CP of DelSqRho>
CP# = 24      
Type = (3,+1)
Coords = -1.47200936931747E+00  3.71763511712740E-01  2.60706683271845E-01
DistFromNuc =  1.5028240107E+00
Rho =  1.7320957076E-01
DelSqRho =  1.9100952576E-01
GradDelSqRho = -5.4889426337E-13 -9.2120755468E-14  1.0678957718E-13
HessDelSqRho_EigVals = -5.0463027185E-02  9.1426086754E-02  9.4071106764E+00
HessDelSqRho_EigVec1 =  3.9440093250E-01 -7.8136598279E-01  4.8364770792E-01
HessDelSqRho_EigVec2 = -1.5987277514E-01  4.5994133730E-01  8.7343841340E-01
HessDelSqRho_EigVec3 =  9.0492463786E-01  4.2180702599E-01 -5.6482144258E-02
</CP of DelSqRho>
<CP of DelSqRho>
CP# = 25      
Type = (3,+1)
Coords = -1.47200936931747E+00  3.71763511712739E-01 -2.60706683271833E-01
DistFromNuc =  1.5028240107E+00
Rho =  1.7320957076E-01
DelSqRho =  1.9100952576E-01
GradDelSqRho = -5.5072613137E-13 -9.3869356732E-14 -1.0635936576E-13
HessDelSqRho_EigVals = -5.0463027185E-02  9.1426086754E-02  9.4071106764E+00
HessDelSqRho_EigVec1 = -3.9440093250E-01  7.8136598279E-01  4.8364770792E-01
HessDelSqRho_EigVec2 = -1.5987277514E-01  4.5994133730E-01 -8.7343841340E-01
HessDelSqRho_EigVec3 =  9.0492463786E-01  4.2180702599E-01  5.6482144258E-02
</CP of DelSqRho>
<CP of DelSqRho>
CP# = 26      
Type = (3,+3)
Coords = -1.31195663536606E+00  7.47479724483940E-02  3.65802895730164E-01
DistFromNuc =  1.5400511393E+00
Rho =  1.5836477464E-01
DelSqRho =  1.8963930805E-01
GradDelSqRho = -1.5543122345E-15  0.0000000000E+00  5.6898930012E-16
HessDelSqRho_EigVals =  6.3244254207E-02  7.7730111308E-02  7.7639874947E+00
HessDelSqRho_EigVec1 = -4.2935728215E-01  8.2537393394E-01  3.6661995777E-01
HessDelSqRho_EigVec2 =  2.5051258638E-01 -2.8117105012E-01  9.2638344363E-01
HessDelSqRho_EigVec3 =  8.6769566574E-01  4.8959239142E-01 -8.6043721020E-02
</CP of DelSqRho>
<CP of DelSqRho>
CP# = 27      
Type = (3,+3)
Coords = -1.31195663536606E+00  7.47479724483931E-02 -3.65802895730166E-01
DistFromNuc =  1.5400511393E+00
Rho =  1.5836477464E-01
DelSqRho =  1.8963930805E-01
GradDelSqRho =  1.2212453271E-15  1.1379786002E-15 -8.6736173799E-16
HessDelSqRho_EigVals =  6.3244254207E-02  7.7730111308E-02  7.7639874947E+00
HessDelSqRho_EigVec1 = -4.2935728215E-01  8.2537393394E-01 -3.6661995777E-01
HessDelSqRho_EigVec2 = -2.5051258638E-01  2.8117105012E-01  9.2638344363E-01
HessDelSqRho_EigVec3 =  8.6769566574E-01  4.8959239142E-01  8.6043721020E-02
</CP of DelSqRho>
<CP of DelSqRho>
CP# = 28      
Type = (3,+3)
Coords = -1.59670741395510E+00  6.45558002113883E-01 -1.09692366593608E-15
DistFromNuc =  1.5490293181E+00
Rho =  1.5506813307E-01
DelSqRho =  1.8917052849E-01
GradDelSqRho = -8.0546680437E-14 -4.5616288524E-14 -6.2695976579E-18
HessDelSqRho_EigVals =  6.6646536549E-02  6.9902726003E-02  7.4622830614E+00
HessDelSqRho_EigVec1 =  0.0000000000E+00  0.0000000000E+00  1.0000000000E+00
HessDelSqRho_EigVec2 = -3.5132779052E-01  9.3625252128E-01  0.0000000000E+00
HessDelSqRho_EigVec3 =  9.3625252128E-01  3.5132779052E-01  0.0000000000E+00
</CP of DelSqRho>
<Path of -GradDelSqRho>
Starting CP# =      5
Ending CP# =     10
Number of Points =     40
 -2.5921970597E+00 -4.8306065354E-01  8.0623382893E-17  3.2608895495E+01  2.3235549896E+03
 -2.5699693724E+00 -4.9450310696E-01  9.2477566310E-17  2.1581869574E+01  2.1352241675E+03
 -2.5477517129E+00 -5.0596502659E-01  1.0433948505E-16  1.4477891467E+01  1.7523404101E+03
 -2.5255372689E+00 -5.1743317666E-01  1.1620385951E-16  9.9236478443E+00  1.3076153155E+03
 -2.5033319367E+00 -5.2891895726E-01  1.2807524067E-16  7.0164937758E+00  9.1363206051E+02
 -2.4811435204E+00 -5.4043737781E-01  1.3995940073E-16  5.1596444458E+00  6.1712031329E+02
 -2.4589798626E+00 -5.5200336049E-01  1.5186224333E-16  3.9683463370E+00  4.0973440955E+02
 -2.4368479673E+00 -5.6362999981E-01  1.6378884220E-16  3.1984492093E+00  2.6733990376E+02
 -2.4147540240E+00 -5.7532859067E-01  1.7574376260E-16  2.6947733647E+00  1.6974679016E+02
 -2.3927052233E+00 -5.8711203103E-01  1.8773206707E-16  2.3579552730E+00  1.0358308076E+02
 -2.3707124515E+00 -5.9899969331E-01  1.9976149324E-16  2.1243723544E+00  5.9913134196E+01
 -2.3487931349E+00 -6.1102221211E-01  2.1184398395E-16  1.9537845795E+00  3.2168693107E+01
 -2.3269749295E+00 -6.2322716753E-01  2.2399922241E-16  1.8212872799E+00  1.5282465126E+01
 -2.3053020168E+00 -6.3568809078E-01  2.3625225752E-16  1.7118537156E+00  5.4414202548E+00
 -2.2838477422E+00 -6.4852129482E-01  2.4865085654E-16  1.6166364434E+00 -5.1276390531E-02
 -2.2627453809E+00 -6.6192394743E-01  2.6127385953E-16  1.5305528250E+00 -2.9736083767E+00
 -2.2422900216E+00 -6.7628955637E-01  2.7427204701E-16  1.4508554999E+00 -4.4226266315E+00
 -2.2235017128E+00 -6.9273306006E-01  2.8802184444E-16  1.3769629061E+00 -5.0395211662E+00
 -2.2155201926E+00 -7.1511955507E-01  3.0253154083E-16  1.3259542564E+00 -5.2180470975E+00
 -2.2284100365E+00 -7.3642046194E-01  3.1155395721E-16  1.3291246138E+00 -5.3087874985E+00
 -2.2437889885E+00 -7.5612776837E-01  3.1921019269E-16  1.3379607956E+00 -5.4012727335E+00
 -2.2599881993E+00 -7.7516718433E-01  3.2638152152E-16  1.3468570319E+00 -5.4954101086E+00
 -2.2769459864E+00 -7.9353423688E-01  3.3313945557E-16  1.3556441007E+00 -5.5905103283E+00
 -2.2946300688E+00 -8.1120311577E-01  3.3946360647E-16  1.3642621206E+00 -5.6858327030E+00
 -2.3130082747E+00 -8.2814886491E-01  3.4531827662E-16  1.3726532999E+00 -5.7805965657E+00
 -2.3320480416E+00 -8.4434778080E-01  3.5073068936E-16  1.3807604908E+00 -5.8739926311E+00
 -2.3517164724E+00 -8.5977733271E-01  3.5566927203E-16  1.3885279711E+00 -5.9651955121E+00
 -2.3719803824E+00 -8.7441607379E-01  3.6014371018E-16  1.3959022728E+00 -6.0533771485E+00
 -2.3928063260E+00 -8.8824355749E-01  3.6415053996E-16  1.4028329880E+00 -6.1377208335E+00
 -2.4141606043E+00 -9.0124026340E-01  3.6773271916E-16  1.4092735329E+00 -6.2174354832E+00
 -2.4360092560E+00 -9.1338753539E-01  3.7086234041E-16  1.4151818478E+00 -6.2917697760E+00
 -2.4583180333E+00 -9.2466753391E-01  3.7361615288E-16  1.4205210209E+00 -6.3600257794E+00
 -2.4810523679E+00 -9.3506320370E-01  3.7601001865E-16  1.4252598203E+00 -6.4215716913E+00
 -2.5041773281E+00 -9.4455825682E-01  3.7819573107E-16  1.4293731281E+00 -6.4758533508E+00
 -2.5276575719E+00 -9.5313717068E-01  3.8021887155E-16  1.4328422692E+00 -6.5224042110E+00
 -2.5514572979E+00 -9.6078520001E-01  3.8228151389E-16  1.4356552329E+00 -6.5608535197E+00
 -2.5755401962E+00 -9.6748840175E-01  3.8483924496E-16  1.4378067882E+00 -6.5909325169E+00
 -2.5998694026E+00 -9.7323367135E-01  3.8886876637E-16  1.4392984931E+00 -6.6124785223E+00
 -2.6244074560E+00 -9.7800878971E-01  3.9741861427E-16  1.4401386039E+00 -6.6254368607E+00
 -2.6497098511E+00 -9.8188122236E-01 -2.0533982992E-16  1.4403391099E+00 -6.6298630452E+00
</Path of -GradDelSqRho>
<Path of -GradDelSqRho>
Starting CP# =      5
Ending CP# =      1
Number of Points =      6
 -2.5921970597E+00 -4.8306065354E-01  8.0623382893E-17  3.2608895495E+01  2.3235549896E+03
 -2.6144512872E+00 -4.7166991152E-01  6.8788993787E-17  4.9778437479E+01  1.6717502887E+03
 -2.6367273242E+00 -4.6032186767E-01  5.6971557421E-17  7.6703654519E+01 -3.2405091549E+03
 -2.6590119897E+00 -4.4899077469E-01  4.5160744035E-17  1.1866470776E+02 -1.8551782106E+04
 -2.6813071812E+00 -4.3768041007E-01  3.3358042304E-17  1.8461777492E+02 -7.5379405114E+04
 -2.7253541739E+00 -4.1540728999E-01  1.0078077009E-17  4.2954897930E+02 -6.1036262793E+06
</Path of -GradDelSqRho>
<Path of -GradDelSqRho>
Starting CP# =     10
Ending CP# =      0
Number of Points =    233
 -2.6497098511E+00 -9.8188122236E-01 -2.0533982992E-16  1.4403391099E+00 -6.6298630452E+00
 -2.6498541206E+00 -9.8080428134E-01  1.9611889360E-03  1.4438876795E+00 -6.6294589084E+00
 -2.6498532578E+00 -9.8080413204E-01  2.0700328361E-03  1.4438865415E+00 -6.6294592653E+00
 -2.6498532290E+00 -9.8080408799E-01  2.1846977806E-03  1.4438852748E+00 -6.6294596612E+00
 -2.6498533479E+00 -9.8080405773E-01  2.3054595386E-03  1.4438838703E+00 -6.6294601003E+00
 -2.6498535049E+00 -9.8080402583E-01  2.4326004295E-03  1.4438823149E+00 -6.6294605867E+00
 -2.6498536834E+00 -9.8080398906E-01  2.5664090629E-03  1.4438805940E+00 -6.6294611252E+00
 -2.6498538824E+00 -9.8080394607E-01  2.7071795022E-03  1.4438786916E+00 -6.6294617209E+00
 -2.6498541037E+00 -9.8080389561E-01  2.8552101861E-03  1.4438765908E+00 -6.6294623793E+00
 -2.6498543494E+00 -9.8080383632E-01  3.0108026560E-03  1.4438742733E+00 -6.6294631061E+00
 -2.6498546222E+00 -9.8080376656E-01  3.1742600961E-03  1.4438717197E+00 -6.6294639078E+00
 -2.6498549248E+00 -9.8080368440E-01  3.3458856895E-03  1.4438689096E+00 -6.6294647909E+00
 -2.6498552602E+00 -9.8080358759E-01  3.5259807956E-03  1.4438658214E+00 -6.6294657625E+00
 -2.6498556318E+00 -9.8080347348E-01  3.7148429652E-03  1.4438624327E+00 -6.6294668299E+00
 -2.6498560432E+00 -9.8080333897E-01  3.9127638147E-03  1.4438587200E+00 -6.6294680011E+00
 -2.6498564983E+00 -9.8080318043E-01  4.1200267909E-03  1.4438546592E+00 -6.6294692839E+00
 -2.6498570012E+00 -9.8080299369E-01  4.3369048674E-03  1.4438502257E+00 -6.6294706868E+00
 -2.6498575565E+00 -9.8080277389E-01  4.5636582227E-03  1.4438453946E+00 -6.6294722183E+00
 -2.6498581691E+00 -9.8080251546E-01  4.8005319566E-03  1.4438401407E+00 -6.6294738872E+00
 -2.6498588442E+00 -9.8080221205E-01  5.0477539121E-03  1.4438344393E+00 -6.6294757021E+00
 -2.6498595873E+00 -9.8080185641E-01  5.3055326689E-03  1.4438282657E+00 -6.6294776720E+00
 -2.6498604043E+00 -9.8080144036E-01  5.5740557801E-03  1.4438215966E+00 -6.6294798054E+00
 -2.6498613014E+00 -9.8080095471E-01  5.8534883197E-03  1.4438144091E+00 -6.6294821111E+00
 -2.6498622853E+00 -9.8080038918E-01  6.1439718003E-03  1.4438066823E+00 -6.6294845974E+00
 -2.6498633630E+00 -9.8079973235E-01  6.4456235133E-03  1.4437983966E+00 -6.6294872722E+00
 -2.6498645416E+00 -9.8079897166E-01  6.7585363273E-03  1.4437895346E+00 -6.6294901432E+00
 -2.6498658288E+00 -9.8079809331E-01  7.0827789638E-03  1.4437800809E+00 -6.6294932176E+00
 -2.6498672326E+00 -9.8079708229E-01  7.4183967527E-03  1.4437700227E+00 -6.6294965021E+00
 -2.6498687611E+00 -9.8079592232E-01  7.7654128480E-03  1.4437593498E+00 -6.6295000026E+00
 -2.6498704230E+00 -9.8079459591E-01  8.1238298693E-03  1.4437480545E+00 -6.6295037248E+00
 -2.6498722270E+00 -9.8079308434E-01  8.4936319156E-03  1.4437361321E+00 -6.6295076736E+00
 -2.6498741823E+00 -9.8079136769E-01  8.8747868882E-03  1.4437235805E+00 -6.6295118533E+00
 -2.6498762983E+00 -9.8078942486E-01  9.2672490493E-03  1.4437104003E+00 -6.6295162675E+00
 -2.6498785845E+00 -9.8078723363E-01  9.6709617394E-03  1.4436965946E+00 -6.6295209196E+00
 -2.6498810509E+00 -9.8078477068E-01  1.0085860177E-02  1.4436821693E+00 -6.6295258122E+00
 -2.6498837077E+00 -9.8078201164E-01  1.0511874269E-02  1.4436671322E+00 -6.6295309474E+00
 -2.6498865652E+00 -9.8077893112E-01  1.0948931363E-02  1.4436514936E+00 -6.6295363272E+00
 -2.6498896341E+00 -9.8077550278E-01  1.1396958896E-02  1.4436352653E+00 -6.6295419529E+00
 -2.6498929253E+00 -9.8077169929E-01  1.1855886881E-02  1.4436184612E+00 -6.6295478258E+00
 -2.6498964500E+00 -9.8076749241E-01  1.2325650215E-02  1.4436010963E+00 -6.6295539470E+00
 -2.6499002197E+00 -9.8076285297E-01  1.2806190773E-02  1.4435831871E+00 -6.6295603173E+00
 -2.6499042462E+00 -9.8075775091E-01  1.3297459285E-02  1.4435647512E+00 -6.6295669375E+00
 -2.6499085416E+00 -9.8075215520E-01  1.3799417002E-02  1.4435458068E+00 -6.6295738086E+00
 -2.6499131185E+00 -9.8074603389E-01  1.4312037129E-02  1.4435263732E+00 -6.6295809314E+00
 -2.6499179897E+00 -9.8073935405E-01  1.4835306075E-02  1.4435064700E+00 -6.6295883070E+00
 -2.6499231685E+00 -9.8073208170E-01  1.5369224508E-02  1.4434861175E+00 -6.6295959367E+00
 -2.6499286686E+00 -9.8072418179E-01  1.5913808235E-02  1.4434653360E+00 -6.6296038220E+00
 -2.6499345043E+00 -9.8071561814E-01  1.6469088950E-02  1.4434441463E+00 -6.6296119646E+00
 -2.6499406903E+00 -9.8070635331E-01  1.7035114840E-02  1.4434225696E+00 -6.6296203667E+00
 -2.6499472419E+00 -9.8069634858E-01  1.7611951090E-02  1.4434006268E+00 -6.6296290307E+00
 -2.6499541751E+00 -9.8068556380E-01  1.8199680303E-02  1.4433783393E+00 -6.6296379596E+00
 -2.6499615066E+00 -9.8067395731E-01  1.8798402843E-02  1.4433557286E+00 -6.6296471568E+00
 -2.6499692536E+00 -9.8066148581E-01  1.9408237128E-02  1.4433328163E+00 -6.6296566260E+00
 -2.6499774342E+00 -9.8064810423E-01  2.0029319885E-02  1.4433096240E+00 -6.6296663716E+00
 -2.6499860674E+00 -9.8063376562E-01  2.0661806368E-02  1.4432861737E+00 -6.6296763985E+00
 -2.6499951731E+00 -9.8061842095E-01  2.1305870572E-02  1.4432624877E+00 -6.6296867122E+00
 -2.6500047719E+00 -9.8060201903E-01  2.1961705423E-02  1.4432385883E+00 -6.6296973188E+00
 -2.6500148858E+00 -9.8058450626E-01  2.2629522978E-02  1.4432144984E+00 -6.6297082249E+00
 -2.6500255376E+00 -9.8056582652E-01  2.3309554617E-02  1.4431902413E+00 -6.6297194380E+00
 -2.6500367514E+00 -9.8054592096E-01  2.4002051248E-02  1.4431658406E+00 -6.6297309661E+00
 -2.6500485527E+00 -9.8052472779E-01  2.4707283512E-02  1.4431413206E+00 -6.6297428181E+00
 -2.6500609680E+00 -9.8050218210E-01  2.5425542002E-02  1.4431167063E+00 -6.6297550036E+00
 -2.6500740256E+00 -9.8047821564E-01  2.6157137482E-02  1.4430920234E+00 -6.6297675331E+00
 -2.6500877550E+00 -9.8045275655E-01  2.6902401109E-02  1.4430672981E+00 -6.6297804178E+00
 -2.6501021875E+00 -9.8042572920E-01  2.7661684664E-02  1.4430425580E+00 -6.6297936700E+00
 -2.6501173562E+00 -9.8039705389E-01  2.8435360766E-02  1.4430178313E+00 -6.6298073028E+00
 -2.6501332959E+00 -9.8036664658E-01  2.9223823080E-02  1.4429931474E+00 -6.6298213305E+00
 -2.6501500433E+00 -9.8033441868E-01  3.0027486507E-02  1.4429685367E+00 -6.6298357682E+00
 -2.6501676373E+00 -9.8030027672E-01  3.0846787344E-02  1.4429440308E+00 -6.6298506323E+00
 -2.6501861190E+00 -9.8026412210E-01  3.1682183408E-02  1.4429196627E+00 -6.6298659405E+00
 -2.6502055317E+00 -9.8022585079E-01  3.2534154116E-02  1.4428954666E+00 -6.6298817116E+00
 -2.6502259212E+00 -9.8018535301E-01  3.3403200499E-02  1.4428714777E+00 -6.6298979657E+00
 -2.6502473359E+00 -9.8014251299E-01  3.4289845151E-02  1.4428477330E+00 -6.6299147244E+00
 -2.6502698269E+00 -9.8009720860E-01  3.5194632097E-02  1.4428242705E+00 -6.6299320109E+00
 -2.6502934482E+00 -9.8004931108E-01  3.6118126560E-02  1.4428011295E+00 -6.6299498498E+00
 -2.6503182566E+00 -9.7999868474E-01  3.7060914620E-02  1.4427783505E+00 -6.6299682674E+00
 -2.6503443124E+00 -9.7994518668E-01  3.8023602763E-02  1.4427559750E+00 -6.6299872918E+00
 -2.6503716790E+00 -9.7988866645E-01  3.9006817286E-02  1.4427340454E+00 -6.6300069532E+00
 -2.6504004231E+00 -9.7982896584E-01  4.0011203578E-02  1.4427126051E+00 -6.6300272833E+00
 -2.6504306152E+00 -9.7976591857E-01  4.1037425247E-02  1.4426916976E+00 -6.6300483162E+00
 -2.6504623294E+00 -9.7969935006E-01  4.2086163105E-02  1.4426713670E+00 -6.6300700882E+00
 -2.6504956436E+00 -9.7962907721E-01  4.3158114006E-02  1.4426516568E+00 -6.6300926377E+00
 -2.6505306400E+00 -9.7955490815E-01  4.4253989547E-02  1.4426326104E+00 -6.6301160058E+00
 -2.6505674045E+00 -9.7947664213E-01  4.5374514639E-02  1.4426142699E+00 -6.6301402358E+00
 -2.6506060275E+00 -9.7939406927E-01  4.6520425962E-02  1.4425966761E+00 -6.6301653739E+00
 -2.6506466037E+00 -9.7930697045E-01  4.7692470341E-02  1.4425798678E+00 -6.6301914690E+00
 -2.6506892323E+00 -9.7921511719E-01  4.8891403053E-02  1.4425638809E+00 -6.6302185727E+00
 -2.6507340172E+00 -9.7911827151E-01  5.0117986106E-02  1.4425487485E+00 -6.6302467399E+00
 -2.6507810667E+00 -9.7901618579E-01  5.1372986525E-02  1.4425344997E+00 -6.6302760283E+00
 -2.6508304943E+00 -9.7890860271E-01  5.2657174688E-02  1.4425211592E+00 -6.6303064989E+00
 -2.6508824183E+00 -9.7879525509E-01  5.3971322740E-02  1.4425087468E+00 -6.6303382160E+00
 -2.6509369620E+00 -9.7867586573E-01  5.5316203127E-02  1.4424972768E+00 -6.6303712473E+00
 -2.6509942541E+00 -9.7855014722E-01  5.6692587287E-02  1.4424867576E+00 -6.6304056639E+00
 -2.6510544283E+00 -9.7841780178E-01  5.8101244512E-02  1.4424771915E+00 -6.6304415404E+00
 -2.6511176243E+00 -9.7827852089E-01  5.9542941001E-02  1.4424685742E+00 -6.6304789550E+00
 -2.6511839870E+00 -9.7813198501E-01  6.1018439111E-02  1.4424608948E+00 -6.6305179896E+00
 -2.6512536674E+00 -9.7797786319E-01  6.2528496800E-02  1.4424541362E+00 -6.6305587297E+00
 -2.6513268226E+00 -9.7781581254E-01  6.4073867230E-02  1.4424482747E+00 -6.6306012643E+00
 -2.6514036157E+00 -9.7764547773E-01  6.5655298526E-02  1.4424432813E+00 -6.6306456865E+00
 -2.6514842166E+00 -9.7746649036E-01  6.7273533625E-02  1.4424391211E+00 -6.6306920926E+00
 -2.6515688018E+00 -9.7727846829E-01  6.8929310185E-02  1.4424357552E+00 -6.6307405829E+00
 -2.6516575549E+00 -9.7708101493E-01  7.0623360512E-02  1.4424331406E+00 -6.6307912611E+00
 -2.6517506666E+00 -9.7687371848E-01  7.2356411434E-02  1.4424312314E+00 -6.6308442346E+00
 -2.6518483355E+00 -9.7665615116E-01  7.4129184099E-02  1.4424299799E+00 -6.6308996141E+00
 -2.6519507678E+00 -9.7642786843E-01  7.5942393637E-02  1.4424293377E+00 -6.6309575139E+00
 -2.6520581777E+00 -9.7618840824E-01  7.7796748672E-02  1.4424292561E+00 -6.6310180516E+00
 -2.6521707880E+00 -9.7593729028E-01  7.9692950633E-02  1.4424296878E+00 -6.6310813479E+00
 -2.6522888300E+00 -9.7567401534E-01  8.1631692873E-02  1.4424305872E+00 -6.6311475269E+00
 -2.6524125437E+00 -9.7539806468E-01  8.3613659565E-02  1.4424319113E+00 -6.6312167155E+00
 -2.6525421785E+00 -9.7510889952E-01  8.5639524392E-02  1.4424336207E+00 -6.6312890438E+00
 -2.6526779926E+00 -9.7480596059E-01  8.7709949016E-02  1.4424356794E+00 -6.6313646446E+00
 -2.6528202538E+00 -9.7448866780E-01  8.9825581351E-02  1.4424380557E+00 -6.6314436535E+00
 -2.6529692394E+00 -9.7415642000E-01  9.1987053635E-02  1.4424407221E+00 -6.6315262087E+00
 -2.6531252363E+00 -9.7380859489E-01  9.4194980324E-02  1.4424436555E+00 -6.6316124508E+00
 -2.6532885409E+00 -9.7344454893E-01  9.6449955812E-02  1.4424468369E+00 -6.6317025231E+00
 -2.6534594595E+00 -9.7306361752E-01  9.8752551988E-02  1.4424502513E+00 -6.6317965708E+00
 -2.6536383079E+00 -9.7266511517E-01  1.0110331565E-01  1.4424538874E+00 -6.6318947412E+00
 -2.6538254115E+00 -9.7224833579E-01  1.0350276575E-01  1.4424577374E+00 -6.6319971836E+00
 -2.6540211054E+00 -9.7181255318E-01  1.0595139054E-01  1.4424617961E+00 -6.6321040488E+00
 -2.6542257337E+00 -9.7135702149E-01  1.0844964455E-01  1.4424660613E+00 -6.6322154889E+00
 -2.6544396502E+00 -9.7088097596E-01  1.1099794548E-01  1.4424705326E+00 -6.6323316571E+00
 -2.6546632170E+00 -9.7038363362E-01  1.1359667092E-01  1.4424752116E+00 -6.6324527073E+00
 -2.6548968054E+00 -9.6986419422E-01  1.1624615502E-01  1.4424801010E+00 -6.6325787935E+00
 -2.6551407945E+00 -9.6932184127E-01  1.1894668502E-01  1.4424852051E+00 -6.6327100699E+00
 -2.6553955715E+00 -9.6875574319E-01  1.2169849768E-01  1.4424905286E+00 -6.6328466897E+00
 -2.6556615309E+00 -9.6816505461E-01  1.2450177566E-01  1.4424960770E+00 -6.6329888049E+00
 -2.6559390738E+00 -9.6754891791E-01  1.2735664380E-01  1.4425018564E+00 -6.6331365659E+00
 -2.6562286077E+00 -9.6690646480E-01  1.3026316538E-01  1.4425078729E+00 -6.6332901203E+00
 -2.6565305453E+00 -9.6623681818E-01  1.3322133827E-01  1.4425141329E+00 -6.6334496125E+00
 -2.6568453038E+00 -9.6553909418E-01  1.3623109114E-01  1.4425206429E+00 -6.6336151832E+00
 -2.6571733044E+00 -9.6481240428E-01  1.3929227964E-01  1.4425274095E+00 -6.6337869681E+00
 -2.6575149707E+00 -9.6405585784E-01  1.4240468258E-01  1.4425344390E+00 -6.6339650970E+00
 -2.6578707279E+00 -9.6326856462E-01  1.4556799819E-01  1.4425417377E+00 -6.6341496935E+00
 -2.6582410017E+00 -9.6244963765E-01  1.4878184047E-01  1.4425493117E+00 -6.6343408735E+00
 -2.6586262169E+00 -9.6159819630E-01  1.5204573562E-01  1.4425571669E+00 -6.6345387443E+00
 -2.6590267961E+00 -9.6071336945E-01  1.5535911860E-01  1.4425653090E+00 -6.6347434038E+00
 -2.6594431579E+00 -9.5979429904E-01  1.5872132995E-01  1.4425737433E+00 -6.6349549391E+00
 -2.6598757158E+00 -9.5884014364E-01  1.6213161269E-01  1.4425824746E+00 -6.6351734259E+00
 -2.6603248762E+00 -9.5785008238E-01  1.6558910962E-01  1.4425915077E+00 -6.6353989270E+00
 -2.6607910367E+00 -9.5682331889E-01  1.6909286078E-01  1.4426008465E+00 -6.6356314915E+00
 -2.6612745842E+00 -9.5575908558E-01  1.7264180132E-01  1.4426104948E+00 -6.6358711535E+00
 -2.6617758933E+00 -9.5465664791E-01  1.7623475972E-01  1.4426204555E+00 -6.6361179312E+00
 -2.6622953237E+00 -9.5351530888E-01  1.7987045641E-01  1.4426307312E+00 -6.6363718259E+00
 -2.6628332186E+00 -9.5233441360E-01  1.8354750285E-01  1.4426413238E+00 -6.6366328210E+00
 -2.6633899026E+00 -9.5111335390E-01  1.8726440109E-01  1.4426522344E+00 -6.6369008809E+00
 -2.6639656792E+00 -9.4985157301E-01  1.9101954386E-01  1.4426634636E+00 -6.6371759504E+00
 -2.6645608289E+00 -9.4854857022E-01  1.9481121522E-01  1.4426750109E+00 -6.6374579536E+00
 -2.6651756071E+00 -9.4720390557E-01  1.9863759180E-01  1.4426868754E+00 -6.6377467935E+00
 -2.6658102415E+00 -9.4581720435E-01  2.0249674463E-01  1.4426990550E+00 -6.6380423513E+00
 -2.6664649304E+00 -9.4438816161E-01  2.0638664165E-01  1.4427115470E+00 -6.6383444860E+00
 -2.6671398406E+00 -9.4291654642E-01  2.1030515082E-01  1.4427243476E+00 -6.6386530337E+00
 -2.6678351048E+00 -9.4140220598E-01  2.1425004397E-01  1.4427374522E+00 -6.6389678081E+00
 -2.6685508205E+00 -9.3984506941E-01  2.1821900121E-01  1.4427508551E+00 -6.6392885998E+00
 -2.6692870473E+00 -9.3824515134E-01  2.2220961608E-01  1.4427645499E+00 -6.6396151766E+00
 -2.6700438060E+00 -9.3660255504E-01  2.2621940137E-01  1.4427785289E+00 -6.6399472842E+00
 -2.6708210764E+00 -9.3491747525E-01  2.3024579547E-01  1.4427927837E+00 -6.6402846460E+00
 -2.6716187962E+00 -9.3319020054E-01  2.3428616946E-01  1.4428073046E+00 -6.6406269643E+00
 -2.6724368599E+00 -9.3142111518E-01  2.3833783465E-01  1.4428220814E+00 -6.6409739207E+00
 -2.6732751175E+00 -9.2961070056E-01  2.4239805075E-01  1.4428371026E+00 -6.6413251776E+00
 -2.6741333741E+00 -9.2775953595E-01  2.4646403443E-01  1.4428523558E+00 -6.6416803788E+00
 -2.6750113891E+00 -9.2586829888E-01  2.5053296838E-01  1.4428678279E+00 -6.6420391514E+00
 -2.6759088761E+00 -9.2393776472E-01  2.5460201065E-01  1.4428835048E+00 -6.6424011067E+00
 -2.6768255029E+00 -9.2196880582E-01  2.5866830435E-01  1.4428993718E+00 -6.6427658426E+00
 -2.6777608915E+00 -9.1996238999E-01  2.6272898751E-01  1.4429154132E+00 -6.6431329446E+00
 -2.6787146191E+00 -9.1791957832E-01  2.6678120310E-01  1.4429316129E+00 -6.6435019884E+00
 -2.6796862185E+00 -9.1584152245E-01  2.7082210903E-01  1.4429479541E+00 -6.6438725414E+00
 -2.6806751796E+00 -9.1372946129E-01  2.7484888826E-01  1.4429644193E+00 -6.6442441649E+00
 -2.6816809504E+00 -9.1158471705E-01  2.7885875862E-01  1.4429809909E+00 -6.6446164164E+00
 -2.6827029389E+00 -9.0940869087E-01  2.8284898256E-01  1.4429976506E+00 -6.6449888518E+00
 -2.6837405149E+00 -9.0720285786E-01  2.8681687652E-01  1.4430143801E+00 -6.6453610272E+00
 -2.6847930120E+00 -9.0496876173E-01  2.9075982004E-01  1.4430311606E+00 -6.6457325014E+00
 -2.6858597303E+00 -9.0270800894E-01  2.9467526431E-01  1.4430479736E+00 -6.6461028380E+00
 -2.6869399385E+00 -9.0042226259E-01  2.9856074033E-01  1.4430648002E+00 -6.6464716074E+00
 -2.6880328768E+00 -8.9811323594E-01  3.0241386645E-01  1.4430816220E+00 -6.6468383890E+00
 -2.6891377599E+00 -8.9578268569E-01  3.0623235532E-01  1.4430984203E+00 -6.6472027726E+00
 -2.6902537800E+00 -8.9343240508E-01  3.1001402010E-01  1.4431151770E+00 -6.6475643608E+00
 -2.6913801096E+00 -8.9106421693E-01  3.1375678012E-01  1.4431318743E+00 -6.6479227705E+00
 -2.6925159048E+00 -8.8867996650E-01  3.1745866568E-01  1.4431484946E+00 -6.6482776341E+00
 -2.6936603088E+00 -8.8628151446E-01  3.2111782214E-01  1.4431650211E+00 -6.6486286012E+00
 -2.6948124548E+00 -8.8387072991E-01  3.2473251329E-01  1.4431814374E+00 -6.6489753396E+00
