 AIMInt (Version 19.10.12, Professional)
 Portions Copyright (c) 1997-2019 by Todd A. Keith
 AIMInt is a component of the AIMAll package ( http://aim.tkgristmill.com )

 TP:  64-bit Mac OS X

 AIMInt is a heavily modified and extended version of the PROAIMV program
 developed by members of R.F.W. Bader's research group

 Much of the Quantum Theory of Atoms in Molecules (QTAIM) is described in the book:
   "Atoms in Molecules - A Quantum Theory"
   R.F.W. Bader, Oxford University Press, Oxford, 1990

 For additional references see:  http://aim.tkgristmill.com/references.html

 Current Directory:  /Users/chemlab/Documents/SubstituentCoding/BCP Map Reference/BCPMapReference

 Inp File:  SubH_SiFHCH3_wb97xd_aug-cc-pvtz_atomicfiles/h3.inp
 Wfx File:  SubH_SiFHCH3_wb97xd_aug-cc-pvtz.wfx
 Out File:  SubH_SiFHCH3_wb97xd_aug-cc-pvtz_atomicfiles/h3.int

 Wfx Title:   Title Card Required                                                           
 Job Title:   Title Card Required                                                           
 
<Atom>
H3      
</Atom>
<Nuclei of Molecule>
     8
Si1       14.0           4.5165350561E-16   9.5959187158E-01  -2.7655832044E-16
H2         1.0           1.1548740207E-01   2.5688214047E+00   2.2912930081E+00
H3         1.0           1.1548740207E-01   2.5688214047E+00  -2.2912930081E+00
C4         6.0           2.5232128234E+00  -1.4820413119E+00   2.0179944509E-16
H5         1.0           2.3892218767E+00  -2.6786820214E+00  -1.6709647879E+00
H6         1.0           4.3794947021E+00  -5.8365018192E-01  -1.7973197688E-16
H7         1.0           2.3892218767E+00  -2.6786820214E+00   1.6709647879E+00
F8         9.0          -2.7253544667E+00  -4.1540743503E-01   1.0078076683E-17
</Nuclei of Molecule>
<Total Number of CPs of DelSqRho>
    20
</Total Number of CPs of DelSqRho>
<Number of (3,+3) CPs of DelSqRho>
     2
</Number of (3,+3) CPs of DelSqRho>
<Number of (3,+1) CPs of DelSqRho>
     6
</Number of (3,+1) CPs of DelSqRho>
<Number of (3,-1) CPs of DelSqRho>
     8
</Number of (3,-1) CPs of DelSqRho>
<Number of (3,-3) CPs of DelSqRho>
     4
</Number of (3,-3) CPs of DelSqRho>
<Number of Degenerate CPs of DelSqRho>
     0
</Number of Degenerate CPs of DelSqRho>
<CP of DelSqRho>
CP# = 1       
Type = (3,+3)
Coords =  1.15363940665056E-01  2.56689436385447E+00 -2.28854881722757E+00
DistFromNuc =  3.3554899448E-03
Rho =  3.9981603990E-01
DelSqRho = -2.4543376594E+01
GradDelSqRho =  6.1990634848E-11  9.6756247459E-10 -1.3777405328E-09
HessDelSqRho_EigVals =  2.5045851029E+03  2.5154705699E+03  2.5155374526E+03
HessDelSqRho_EigVec1 = -3.9469309925E-02 -5.8104229994E-01  8.1291575164E-01
HessDelSqRho_EigVec2 = -8.8440166057E-01 -3.5832622037E-01 -2.9905856045E-01
HessDelSqRho_EigVec3 = -4.6505470254E-01  7.3074767566E-01  4.9973188628E-01
</CP of DelSqRho>
<CP of DelSqRho>
CP# = 2       
Type = (3,+1)
Coords =  4.76758993269524E-01  3.27002929527206E+00 -2.77832675501374E+00
DistFromNuc =  9.2704451835E-01
Rho =  5.2509778059E-02
DelSqRho =  4.5095584316E-02
GradDelSqRho =  1.1664961531E-12  2.7265099900E-12 -8.6293472368E-13
HessDelSqRho_EigVals = -3.6757257556E-02  4.7687542602E-03  1.8806083021E-01
HessDelSqRho_EigVec1 =  4.9506087565E-01 -1.0667712636E-01  8.6228459346E-01
HessDelSqRho_EigVec2 =  6.5553222604E-01 -6.0550342709E-01 -4.5126832417E-01
HessDelSqRho_EigVec3 =  5.7025628450E-01  7.8866063075E-01 -2.2983076272E-01
</CP of DelSqRho>
<CP of DelSqRho>
CP# = 3       
Type = (3,+1)
Coords = -2.79316121369195E-01  3.17120340517135E+00 -2.85638407058901E+00
DistFromNuc =  9.1545715655E-01
Rho =  5.3982954072E-02
DelSqRho =  4.5324274381E-02
GradDelSqRho = -4.4248459063E-15  3.5015393363E-15 -3.9187403322E-15
HessDelSqRho_EigVals = -5.1597235546E-02  2.2083386702E-03  1.5636409570E-01
HessDelSqRho_EigVec1 = -5.6225535609E-01 -3.1141496941E-01  7.6608722178E-01
HessDelSqRho_EigVec2 =  3.6942785411E-01  7.3422255639E-01  5.6959661015E-01
HessDelSqRho_EigVec3 =  7.3985942932E-01 -6.0327270327E-01  2.9777520101E-01
</CP of DelSqRho>
<CP of DelSqRho>
CP# = 4       
Type = (3,+1)
Coords =  1.54926384626106E-01  3.24568039773264E+00 -3.21326866425411E+00
DistFromNuc =  1.1444355116E+00
Rho =  3.1352683730E-02
DelSqRho =  4.5207569127E-02
GradDelSqRho =  1.0083080204E-16 -1.2229800506E-16  2.9490299092E-16
HessDelSqRho_EigVals = -1.7544614675E-01  1.3701114896E-02  1.5791918490E-02
HessDelSqRho_EigVec1 = -3.6278461172E-02 -5.8083487044E-01  8.1321259615E-01
HessDelSqRho_EigVec2 =  9.7211810350E-01  1.6813270383E-01  1.6345576390E-01
HessDelSqRho_EigVec3 = -2.3166844003E-01  7.9646861030E-01  5.5854049693E-01
</CP of DelSqRho>
<CP of DelSqRho>
CP# = 5       
Type = (3,-1)
Coords = -8.62888878925080E-02  3.34632598634639E+00 -2.71485855785707E+00
DistFromNuc =  9.0809405931E-01
Rho =  5.4904803447E-02
DelSqRho =  4.5358026966E-02
GradDelSqRho =  3.3827107782E-17 -3.2612801348E-16  3.6776137691E-16
HessDelSqRho_EigVals = -6.3229781260E-02 -2.0451770150E-03  1.3254666684E-01
HessDelSqRho_EigVec1 = -2.8339704297E-01 -1.5324814813E-01  9.4667899582E-01
HessDelSqRho_EigVec2 =  8.6435442953E-01  3.8680011700E-01  3.2136753047E-01
HessDelSqRho_EigVec3 = -4.1542452526E-01  9.0934079122E-01  2.2842706278E-02
</CP of DelSqRho>
<CP of DelSqRho>
CP# = 6       
Type = (3,-1)
Coords = -1.04517566583561E+00  3.07523823529761E+00 -2.17940602923253E+00
DistFromNuc =  1.2712652986E+00
Rho =  3.5122779919E-02
DelSqRho =  5.7133608479E-02
GradDelSqRho = -2.1076890233E-16 -1.0083080204E-14 -6.1192370615E-15
HessDelSqRho_EigVals = -5.1991402174E-01 -3.5341875406E-02  1.4245746021E-03
HessDelSqRho_EigVec1 =  8.6580871056E-01 -4.9481335022E-01  7.4397749715E-02
HessDelSqRho_EigVec2 = -2.9755706740E-01 -3.8960818549E-01  8.7158777725E-01
HessDelSqRho_EigVec3 = -4.0228729580E-01 -7.7676586578E-01 -4.8456137010E-01
</CP of DelSqRho>
<CP of DelSqRho>
CP# = 7       
Type = (3,-3)
Coords = -1.13209580616862E+00  2.41691043919457E+00 -2.56622271909005E+00
DistFromNuc =  1.2865174499E+00
Rho =  3.5227489097E-02
DelSqRho =  5.7323002214E-02
GradDelSqRho =  6.0802057833E-16 -2.1684043450E-17  1.9125326323E-16
HessDelSqRho_EigVals = -5.2552839171E-01 -3.1258090339E-02 -2.0163948433E-03
HessDelSqRho_EigVec1 =  9.2659408160E-01 -8.2148257816E-03  3.7597330301E-01
HessDelSqRho_EigVec2 = -3.1757573587E-01 -5.5256040686E-01  7.7059888967E-01
HessDelSqRho_EigVec3 = -2.0141762565E-01  8.3343236883E-01  5.1460803207E-01
</CP of DelSqRho>
<CP of DelSqRho>
CP# = 8       
Type = (3,-3)
Coords =  1.06291267077631E+00  1.89891896536810E+00 -2.84251296712822E+00
DistFromNuc =  1.2846117551E+00
Rho =  3.5560431252E-02
DelSqRho =  5.6609790158E-02
GradDelSqRho = -6.4184768611E-17  6.6786853825E-17  2.7755575616E-17
HessDelSqRho_EigVals = -5.1911946938E-01 -2.9650665927E-02 -1.3261193228E-03
HessDelSqRho_EigVec1 =  7.1743410518E-01 -3.7858587787E-01 -5.8477434777E-01
HessDelSqRho_EigVec2 =  1.0528111183E-01 -7.7087104776E-01  6.2823062264E-01
HessDelSqRho_EigVec3 =  6.8862485594E-01  5.1227976810E-01  5.1319123821E-01
</CP of DelSqRho>
<CP of DelSqRho>
CP# = 9       
Type = (3,-3)
Coords =  1.87464708176854E-01  2.88655488402024E+00 -3.05164754157390E+00
DistFromNuc =  8.2720874817E-01
Rho =  6.3824784569E-02
DelSqRho =  4.7039848764E-02
GradDelSqRho =  4.7704895589E-18  4.9005938196E-17  3.4347524824E-16
HessDelSqRho_EigVals = -8.7873725831E-01 -1.7518774138E-02 -1.4546366832E-02
HessDelSqRho_EigVec1 = -7.5332638705E-02 -4.3282117510E-01  8.9832667996E-01
HessDelSqRho_EigVec2 =  9.3566911726E-01  2.8077796501E-01  2.1374526283E-01
HessDelSqRho_EigVec3 = -3.4474381294E-01  8.5663852631E-01  3.8382566184E-01
</CP of DelSqRho>
<CP of DelSqRho>
CP# = 10      
Type = (3,-1)
Coords =  1.37274576560891E+00  2.81302873302106E+00 -2.17065285370743E+00
DistFromNuc =  1.2864252247E+00
Rho =  3.5463776859E-02
DelSqRho =  5.6111433230E-02
GradDelSqRho = -1.0597347652E-12 -3.3903435614E-13  5.8183059065E-14
HessDelSqRho_EigVals = -5.2284171886E-01 -3.0828122703E-02  1.9986172634E-03
HessDelSqRho_EigVec1 =  9.5115691171E-01  2.9983949589E-01 -7.3462956719E-02
HessDelSqRho_EigVec2 =  2.1901490891E-01 -4.8771101279E-01  8.4508605342E-01
HessDelSqRho_EigVec3 = -2.1756148321E-01  8.1989892347E-01  5.2955902061E-01
</CP of DelSqRho>
<CP of DelSqRho>
CP# = 11      
Type = (3,+3)
Coords =  1.44065549283386E-01  3.18767641322014E+00 -3.06338408331674E+00
DistFromNuc =  9.8991053155E-01
Rho =  4.4189456223E-02
DelSqRho =  4.4407437893E-02
GradDelSqRho =  4.3368086899E-18  7.7195194681E-17  2.7755575616E-17
HessDelSqRho_EigVals =  1.1764474695E-02  1.5342756956E-02  2.1098328159E-01
HessDelSqRho_EigVec1 =  9.5159160441E-01  2.1693903620E-01  2.1774037979E-01
HessDelSqRho_EigVec2 = -3.0659814007E-01  7.1997844615E-01  6.2259827946E-01
HessDelSqRho_EigVec3 = -2.1702509624E-02 -6.5921809111E-01  7.5163854972E-01
</CP of DelSqRho>
<CP of DelSqRho>
CP# = 12      
Type = (3,-1)
Coords =  2.58845065720613E-01  2.61250596823952E+00 -3.19161541446416E+00
DistFromNuc =  9.1271035726E-01
Rho =  5.4737419049E-02
DelSqRho =  4.6355669429E-02
GradDelSqRho =  6.9745684922E-13 -2.4060311035E-13 -1.6149113297E-12
HessDelSqRho_EigVals = -7.2653335549E-02 -6.7011808200E-03  1.3686711165E-01
HessDelSqRho_EigVec1 = -7.2469183773E-02  8.8864646638E-01 -4.5283073570E-01
HessDelSqRho_EigVec2 =  9.7358182933E-01  1.6159975543E-01  1.6131937468E-01
HessDelSqRho_EigVec3 = -2.1653322841E-01  4.2917709262E-01  8.7688105474E-01
</CP of DelSqRho>
<CP of DelSqRho>
CP# = 13      
Type = (3,-3)
Coords = -1.07438556127881E-02  3.67728061857317E+00 -1.67305586991978E+00
DistFromNuc =  1.2754737622E+00
Rho =  3.5523526568E-02
DelSqRho =  5.7738425345E-02
GradDelSqRho =  6.6353172956E-17 -3.9204750557E-16 -1.2316536679E-16
HessDelSqRho_EigVals = -5.2630195517E-01 -3.4627698061E-02 -1.9271475228E-03
HessDelSqRho_EigVec1 = -8.7347006151E-02  9.4977650671E-01  3.0049141055E-01
HessDelSqRho_EigVec2 = -1.4120776927E-01 -3.1040315357E-01  9.4005864080E-01
HessDelSqRho_EigVec3 =  9.8611909342E-01  3.9679586111E-02  1.6122860798E-01
</CP of DelSqRho>
<CP of DelSqRho>
CP# = 14      
Type = (3,-1)
Coords = -5.25267565808831E-02  1.67102517724484E+00 -3.16834032396505E+00
DistFromNuc =  1.2662854409E+00
Rho =  3.4976733432E-02
DelSqRho =  5.6222571427E-02
GradDelSqRho =  3.8584586914E-15  1.2058062882E-14  1.7605708558E-14
HessDelSqRho_EigVals = -5.0659880302E-01 -3.1512181981E-02  1.5543715537E-03
HessDelSqRho_EigVec1 =  1.1804782028E-01  5.6077813120E-01  8.1950753486E-01
HessDelSqRho_EigVec2 =  7.1120976209E-02  8.1838387764E-01 -5.7025400969E-01
HessDelSqRho_EigVec3 =  9.9045773200E-01 -1.2560141874E-01 -5.6725344777E-02
</CP of DelSqRho>
<CP of DelSqRho>
CP# = 15      
Type = (3,+1)
Coords =  1.52325757878223E+00  2.43075161242065E+00 -9.43069674710681E-01
DistFromNuc =  1.9541203378E+00
Rho =  2.7239561326E-02
DelSqRho =  3.4114717940E-02
GradDelSqRho = -6.1149002528E-17  1.9081958236E-17 -2.3527187143E-17
HessDelSqRho_EigVals = -1.4289256241E-01  1.1937468303E-02  9.1859904024E-02
HessDelSqRho_EigVec1 =  8.8550715971E-01  4.6250403567E-01  4.4351855527E-02
HessDelSqRho_EigVec2 = -4.2071914015E-01  7.5765959308E-01  4.9894623570E-01
HessDelSqRho_EigVec3 =  1.9716103878E-01 -4.6048013855E-01  8.6549729450E-01
</CP of DelSqRho>
<CP of DelSqRho>
CP# = 16      
Type = (3,+1)
Coords = -1.07869538966257E+00  2.92870147492415E+00 -7.59103168137491E-01
DistFromNuc =  1.9756497439E+00
Rho =  2.6478316780E-02
DelSqRho =  3.1365460656E-02
GradDelSqRho = -2.9490299092E-17  2.6020852140E-17  1.3010426070E-17
HessDelSqRho_EigVals = -1.1644729893E-01  1.3995608978E-02  8.8038955150E-02
HessDelSqRho_EigVec1 = -6.8245488727E-01  7.2183435396E-01  1.1493690567E-01
HessDelSqRho_EigVec2 = -6.7542787641E-01 -5.6268588127E-01 -4.7663590170E-01
HessDelSqRho_EigVec3 = -2.7937879412E-01 -4.0291409068E-01  8.7155477448E-01
</CP of DelSqRho>
<CP of DelSqRho>
CP# = 17      
Type = (3,+1)
Coords =  5.47118393817577E-02  5.83779254049977E-01 -2.33914219540411E+00
DistFromNuc =  1.9865486538E+00
Rho =  2.6171253534E-02
DelSqRho =  3.1032406765E-02
GradDelSqRho =  2.0338765394E-14  1.3938503129E-14  4.6159256972E-14
HessDelSqRho_EigVals = -1.1171014623E-01  1.7789253687E-02  8.3970149723E-02
HessDelSqRho_EigVec1 =  3.5868940522E-02  6.1629508768E-01  7.8669802593E-01
HessDelSqRho_EigVec2 =  9.9616461902E-01 -8.4915873920E-02  2.1103226329E-02
HessDelSqRho_EigVec3 =  7.9808965104E-02  7.8292378892E-01 -6.1697720366E-01
</CP of DelSqRho>
<CP of DelSqRho>
CP# = 18      
Type = (3,-1)
Coords =  1.46288346080683E+00  1.28447498880760E+00 -1.89578147444781E+00
DistFromNuc =  1.9030110952E+00
Rho =  2.9095670203E-02
DelSqRho =  4.0405367521E-02
GradDelSqRho =  5.2041704279E-17  2.7755575616E-17 -4.1633363423E-17
HessDelSqRho_EigVals = -1.4225109882E-01 -1.3165669232E-02  8.5304061126E-02
HessDelSqRho_EigVec1 =  8.1373609209E-01 -1.1549787976E-01 -5.6964358348E-01
HessDelSqRho_EigVec2 =  4.8161284762E-01  6.8265594904E-01  5.4957248863E-01
HessDelSqRho_EigVec3 = -3.2539612388E-01  7.2155463758E-01 -6.1112704698E-01
</CP of DelSqRho>
<CP of DelSqRho>
CP# = 19      
Type = (3,-1)
Coords = -1.36823083495077E+00  1.57111151562422E+00 -1.91299440403617E+00
DistFromNuc =  1.8275542847E+00
Rho =  2.9437842445E-02
DelSqRho =  4.3284380646E-02
GradDelSqRho = -2.0816681712E-17 -1.1275702594E-17  1.7347234760E-17
HessDelSqRho_EigVals = -1.5565130658E-01 -1.7430612053E-02  1.0771570715E-01
HessDelSqRho_EigVec1 =  8.2641565879E-01  3.1694403717E-02  5.6216778962E-01
HessDelSqRho_EigVec2 = -3.8355527798E-01  7.6262748424E-01  5.2084994866E-01
HessDelSqRho_EigVec3 =  4.1221657856E-01  6.4606097627E-01 -6.4240385062E-01
</CP of DelSqRho>
<CP of DelSqRho>
CP# = 20      
Type = (3,-1)
Coords =  5.09229777507467E-01  3.23162816892671E+00 -4.94955347900571E-01
DistFromNuc =  1.9547825593E+00
Rho =  2.8497989017E-02
DelSqRho =  3.8224673751E-02
GradDelSqRho =  5.2041704279E-18  2.7755575616E-17  1.4745149546E-17
HessDelSqRho_EigVals = -1.3754114865E-01 -9.6803361296E-03  6.5263038287E-02
HessDelSqRho_EigVec1 =  3.1541349352E-01  9.2798715471E-01  1.9837885171E-01
HessDelSqRho_EigVec2 =  9.4540617620E-01 -2.8923031929E-01 -1.5017651087E-01
HessDelSqRho_EigVec3 =  8.1984694406E-02 -2.3491628957E-01  9.6855193293E-01
</CP of DelSqRho>
<Path of -GradDelSqRho>
Starting CP# =      2
Ending CP# =      1
Number of Points =     40
  4.7675899327E-01  3.2700292953E+00 -2.7783267550E+00  5.2509778059E-02  4.5095584316E-02
  4.8845538162E-01  3.2665976578E+00 -2.7565095064E+00  5.3774521229E-02  4.5082690984E-02
  4.9848828646E-01  3.2613785774E+00 -2.7342283549E+00  5.5280578602E-02  4.5036866654E-02
  5.0626451965E-01  3.2539056291E+00 -2.7116986986E+00  5.7112336124E-02  4.4941790677E-02
  5.1100762960E-01  3.2436952023E+00 -2.6894157415E+00  5.9365811391E-02  4.4766054422E-02
  5.1207517806E-01  3.2305886798E+00 -2.6682017470E+00  6.2099550815E-02  4.4443798885E-02
  5.0950759143E-01  3.2150621584E+00 -2.6488183406E+00  6.5285660401E-02  4.3841817260E-02
  5.0405293663E-01  3.1979466853E+00 -2.6314576716E+00  6.8844533515E-02  4.2723828722E-02
  4.9660471938E-01  3.1799275054E+00 -2.6158246549E+00  7.2713779379E-02  4.0723294293E-02
  4.8784089330E-01  3.1614106741E+00 -2.6015028636E+00  7.6866842622E-02  3.7320622635E-02
  4.7820010880E-01  3.1426110336E+00 -2.5881414743E+00  8.1301388821E-02  3.1818569753E-02
  4.6795660911E-01  3.1236418716E+00 -2.5754849002E+00  8.6027745669E-02  2.3315924797E-02
  4.5728437537E-01  3.1045653371E+00 -2.5633539302E+00  9.1062583251E-02  1.0682260154E-02
  4.4629721067E-01  3.0854173202E+00 -2.5516228144E+00  9.6425765466E-02 -7.4625650228E-03
  4.3507214377E-01  3.0662196378E+00 -2.5402019175E+00  1.0213861664E-01 -3.2758874991E-02
  4.2366313349E-01  3.0469862030E+00 -2.5290259051E+00  1.0822273748E-01 -6.7099188956E-02
  4.1210933643E-01  3.0277262996E+00 -2.5180458361E+00  1.1469899284E-01 -1.1258788470E-01
  4.0044032534E-01  3.0084464105E+00 -2.5072237527E+00  1.2158652649E-01 -1.7144635310E-01
  3.8867959506E-01  2.9891513006E+00 -2.4965287854E+00  1.2890178509E-01 -2.4583121343E-01
  3.7684713931E-01  2.9698447041E+00 -2.4859341001E+00  1.3665763523E-01 -3.3752532427E-01
  3.6496160985E-01  2.9505298118E+00 -2.4754141837E+00  1.4486276993E-01 -4.4746720617E-01
  3.5304247262E-01  2.9312096813E+00 -2.4649420022E+00  1.5352174022E-01 -5.7512481095E-01
  3.4111260267E-01  2.9118876816E+00 -2.4544854958E+00  1.6263609699E-01 -7.1782235490E-01
  3.2920182010E-01  2.8925681027E+00 -2.4440028059E+00  1.7220722286E-01 -8.7031637633E-01
  3.1735143425E-01  2.8732570610E+00 -2.4334363392E+00  1.8224131539E-01 -1.0251765804E+00
  3.0561613753E-01  2.8539633593E+00 -2.4227110975E+00  1.9275639236E-01 -1.1747695870E+00
  2.9404198993E-01  2.8346957144E+00 -2.4117662126E+00  2.0379021751E-01 -1.3156715396E+00
  2.8256407080E-01  2.8154441653E+00 -2.4006921537E+00  2.1540914691E-01 -1.4558858618E+00
  2.7088489220E-01  2.7961582672E+00 -2.3898934129E+00  2.2771802023E-01 -1.6243619794E+00
  2.5871446756E-01  2.7768030112E+00 -2.3797849008E+00  2.4085442895E-01 -1.8813815176E+00
  2.4607371335E-01  2.7574006551E+00 -2.3703658571E+00  2.5497343816E-01 -2.3259753633E+00
  2.3312288806E-01  2.7379787984E+00 -2.3614186926E+00  2.7022098480E-01 -3.0940123318E+00
  2.1998649713E-01  2.7185500707E+00 -2.3527610993E+00  2.8666948222E-01 -4.3413910843E+00
  2.0673626318E-01  2.6991190046E+00 -2.3442839193E+00  3.0423500202E-01 -6.2085387019E+00
  1.9341149625E-01  2.6796872070E+00 -2.3359260065E+00  3.2259619828E-01 -8.7669827189E+00
  1.8003424950E-01  2.6602552819E+00 -2.3276526182E+00  3.4113668028E-01 -1.1957996616E+01
  1.6661753781E-01  2.6408234729E+00 -2.3194430943E+00  3.5893983151E-01 -1.5545180708E+01
  1.5316972191E-01  2.6213918786E+00 -2.3112841021E+00  3.7486161921E-01 -1.9110624768E+01
  1.3969725886E-01  2.6019605172E+00 -2.3031653095E+00  3.8768806250E-01 -2.2118007024E+01
  1.1536394067E-01  2.5668943639E+00 -2.2885488172E+00  3.9981603990E-01 -2.4543376594E+01
</Path of -GradDelSqRho>
<Path of -GradDelSqRho>
Starting CP# =      2
Ending CP# =     11
Number of Points =     19
  4.7675899327E-01  3.2700292953E+00 -2.7783267550E+00  5.2509778059E-02  4.5095584316E-02
  4.6380289824E-01  3.2720232731E+00 -2.7996072089E+00  5.1424551079E-02  4.5085256211E-02
  4.4982444643E-01  3.2728104192E+00 -2.8203142435E+00  5.0479629401E-02  4.5058198298E-02
  4.3499526863E-01  3.2725576914E+00 -2.8404356938E+00  4.9646779892E-02  4.5019122153E-02
  4.1943421966E-01  3.2713831015E+00 -2.8599636743E+00  4.8906413382E-02  4.4971636881E-02
  4.0322774794E-01  3.2693734100E+00 -2.8788897642E+00  4.8244540988E-02  4.4918607406E-02
  3.8644148339E-01  3.2665952179E+00 -2.8972037043E+00  4.7650885502E-02  4.4862362837E-02
  3.6912707787E-01  3.2631019679E+00 -2.9148930917E+00  4.7117708608E-02  4.4804827658E-02
  3.5132633247E-01  3.2589385161E+00 -2.9319433417E+00  4.6639066232E-02  4.4747609665E-02
  3.3307370795E-01  3.2541442782E+00 -2.9483376457E+00  4.6210323722E-02  4.4692061856E-02
  3.1439780724E-01  3.2487555723E+00 -2.9640568006E+00  4.5827832674E-02  4.4639327666E-02
  2.9532213121E-01  3.2428075781E+00 -2.9790788225E+00  4.5488711516E-02  4.4590374982E-02
  2.7586522158E-01  3.2363362629E+00 -2.9933782231E+00  4.5190695351E-02  4.4546022260E-02
  2.5604013767E-01  3.2293806718E+00 -3.0069247242E+00  4.4932034905E-02  4.4506958817E-02
  2.3585297452E-01  3.2219862329E+00 -3.0196809316E+00  4.4711434586E-02  4.4473760676E-02
  2.1529961380E-01  3.2142104633E+00 -3.0315978276E+00  4.4528030202E-02  4.4446902798E-02
  1.9435839484E-01  3.2061348530E+00 -3.0426048700E+00  4.4381427404E-02  4.4426768192E-02
  1.7297034697E-01  3.1978967392E+00 -3.0525828361E+00  4.4271896707E-02  4.4413653840E-02
  1.4406554928E-01  3.1876764132E+00 -3.0633840833E+00  4.4189456223E-02  4.4407437893E-02
</Path of -GradDelSqRho>
<Path of -GradDelSqRho>
Starting CP# =      3
Ending CP# =      1
Number of Points =     39
 -2.7931612137E-01  3.1712034052E+00 -2.8563840706E+00  5.3982954072E-02  4.5324274381E-02
 -2.9212864872E-01  3.1625613173E+00 -2.8367572475E+00  5.5624259839E-02  4.5305478544E-02
 -3.0172789480E-01  3.1519502638E+00 -2.8162960680E+00  5.7659414605E-02  4.5233655158E-02
 -3.0704545189E-01  3.1392072362E+00 -2.7955078669E+00  6.0175030807E-02  4.5066346582E-02
 -3.0765392591E-01  3.1246821399E+00 -2.7752177524E+00  6.3171829828E-02  4.4711437795E-02
 -3.0422523662E-01  3.1090757980E+00 -2.7560209231E+00  6.6569441204E-02  4.3990860759E-02
 -2.9791684617E-01  3.0929610258E+00 -2.7379943441E+00  7.0289330126E-02  4.2610228592E-02
 -2.8969927974E-01  3.0766405213E+00 -2.7209398594E+00  7.4292951256E-02  4.0135614142E-02
 -2.8021618925E-01  3.0602464887E+00 -2.7046246949E+00  7.8571926968E-02  3.5969823070E-02
 -2.6986987569E-01  3.0438331150E+00 -2.6888610173E+00  8.3133681979E-02  2.9326247681E-02
 -2.5891378277E-01  3.0274219597E+00 -2.6735115817E+00  8.7993408701E-02  1.9202387521E-02
 -2.4751238342E-01  3.0110210680E+00 -2.6584782757E+00  9.3170223210E-02  4.3561320614E-03
 -2.3577616760E-01  2.9946328437E+00 -2.6436905667E+00  9.8685198348E-02 -1.6711016512E-02
 -2.2378195543E-01  2.9782573450E+00 -2.6290968995E+00  1.0456013051E-01 -4.5757323351E-02
 -2.1158500746E-01  2.9618936876E+00 -2.6146587260E+00  1.1081654737E-01 -8.4780191554E-02
 -1.9922655264E-01  2.9455406369E+00 -2.6003463703E+00  1.1747475702E-01 -1.3595416360E-01
 -1.8673873730E-01  2.9291968359E+00 -2.5861360632E+00  1.2455288219E-01 -2.0150073655E-01
 -1.7414814100E-01  2.9128608571E+00 -2.5720076678E+00  1.3206591941E-01 -2.8345313185E-01
 -1.6147856994E-01  2.8965311571E+00 -2.5579427383E+00  1.4002496066E-01 -3.8327570111E-01
 -1.4875364997E-01  2.8802059608E+00 -2.5439226057E+00  1.4843683733E-01 -5.0131625410E-01
 -1.3599972174E-01  2.8638830749E+00 -2.5299261532E+00  1.5730459382E-01 -6.3613514076E-01
 -1.2324963642E-01  2.8475596224E+00 -2.5159268625E+00  1.6662933504E-01 -7.8389530527E-01
 -1.1054800088E-01  2.8312317204E+00 -2.5018887973E+00  1.7641401852E-01 -9.3822348417E-01
 -9.7956708280E-02  2.8148943596E+00 -2.4877626856E+00  1.8666946965E-01 -1.0912218777E+00
 -8.5549072921E-02  2.7985425704E+00 -2.4734916198E+00  1.9742205747E-01 -1.2364855917E+00
 -7.3343315148E-02  2.7821764675E+00 -2.4590636316E+00  2.0872190928E-01 -1.3748208675E+00
 -6.1119311109E-02  2.7658110669E+00 -2.4446504721E+00  2.2065283936E-01 -1.5226628728E+00
 -4.8422560117E-02  2.7494817135E+00 -2.4306117966E+00  2.3333733498E-01 -1.7222766425E+00
 -3.5052789476E-02  2.7332210462E+00 -2.4171291187E+00  2.4692343106E-01 -2.0514441877E+00
 -2.1162422161E-02  2.7170285593E+00 -2.4040970154E+00  2.6156811269E-01 -2.6273332446E+00
 -6.9498800615E-03  2.7008854655E+00 -2.3913535900E+00  2.7739288718E-01 -3.5982914457E+00
  7.4566920551E-03  2.6847749302E+00 -2.3787878521E+00  2.9440802775E-01 -5.1186771717E+00
  2.1985913817E-02  2.6686860990E+00 -2.3663359575E+00  3.1242857332E-01 -7.3044814663E+00
  3.6598301576E-02  2.6526124866E+00 -2.3539619390E+00  3.3100084178E-01 -1.0174249099E+01
  5.1271188299E-02  2.6365501979E+00 -2.3416449250E+00  3.4936535658E-01 -1.3590771795E+01
  6.5990712415E-02  2.6204967753E+00 -2.3293720705E+00  3.6648543045E-01 -1.7230141330E+01
  8.0747319613E-02  2.6044504693E+00 -2.3171344878E+00  3.8116012899E-01 -2.0607210092E+01
  9.5532243871E-02  2.5884095904E+00 -2.3049239951E+00  3.9221480849E-01 -2.3171160682E+01
  1.1536394067E-01  2.5668943639E+00 -2.2885488172E+00  3.9981603990E-01 -2.4543376594E+01
</Path of -GradDelSqRho>
<Path of -GradDelSqRho>
Starting CP# =      3
Ending CP# =     11
Number of Points =     20
 -2.7931612137E-01  3.1712034052E+00 -2.8563840706E+00  5.3982954072E-02  4.5324274381E-02
 -2.6427064311E-01  3.1782470488E+00 -2.8750512958E+00  5.2630467705E-02  4.5310145263E-02
 -2.4760161126E-01  3.1839987671E+00 -2.8927634012E+00  5.1491685212E-02  4.5274058550E-02
 -2.2971417262E-01  3.1886943856E+00 -2.9095787236E+00  5.0512288611E-02  4.5222949001E-02
 -2.1086238260E-01  3.1924939074E+00 -2.9255473269E+00  4.9656703679E-02  4.5161687200E-02
 -1.9121429429E-01  3.1955079300E+00 -2.9407040145E+00  4.8901115927E-02  4.5093926406E-02
 -1.7088786057E-01  3.1978162529E+00 -2.9550701579E+00  4.8229035195E-02  4.5022520239E-02
 -1.4997058182E-01  3.1994796092E+00 -2.9686566649E+00  4.7628648115E-02  4.4949755199E-02
 -1.2853055085E-01  3.2005470225E+00 -2.9814663419E+00  4.7091234067E-02  4.4877493035E-02
 -1.0662288350E-01  3.2010606095E+00 -2.9934954380E+00  4.6610195343E-02  4.4807264496E-02
 -8.4293583043E-02  3.2010589608E+00 -3.0047344657E+00  4.6180446418E-02  4.4740334574E-02
 -6.1581909188E-02  3.2005798162E+00 -3.0151683835E+00  4.5798019206E-02  4.4677749813E-02
 -3.8521823999E-02  3.1996625497E+00 -3.0247761361E+00  4.5459803218E-02  4.4620373641E-02
 -1.5142822368E-02  3.1983509496E+00 -3.0335294044E+00  4.5163374342E-02  4.4568913284E-02
  8.5296951858E-03  3.1966969323E+00 -3.0413901757E+00  4.4906886787E-02  4.4523940406E-02
  3.2474441770E-02  3.1947663219E+00 -3.0483062496E+00  4.4689017528E-02  4.4485906804E-02
  5.6674639547E-02  3.1926491620E+00 -3.0542025794E+00  4.4508968744E-02  4.4455155836E-02
  8.1118705538E-02  3.1904810770E+00 -3.0589627550E+00  4.4366566229E-02  4.4431929585E-02
  1.0580026249E-01  3.1884978704E+00 -3.0623811672E+00  4.4262603791E-02  4.4416370582E-02
  1.4406554928E-01  3.1876764132E+00 -3.0633840833E+00  4.4189456223E-02  4.4407437893E-02
</Path of -GradDelSqRho>
<Path of -GradDelSqRho>
Starting CP# =      4
Ending CP# =     11
Number of Points =      8
  1.5492638463E-01  3.2456803977E+00 -3.2132686643E+00  3.1352683730E-02  4.5207569127E-02
  1.5401410122E-01  3.2311837245E+00 -3.1929213345E+00  3.3141783217E-02  4.5156741100E-02
  1.5308721923E-01  3.2167547347E+00 -3.1725266233E+00  3.5031944756E-02  4.5022928439E-02
  1.5213697830E-01  3.2024366615E+00 -3.1520550041E+00  3.7028689019E-02  4.4839908170E-02
  1.5114406707E-01  3.1883256935E+00 -3.1314422851E+00  3.9137695875E-02  4.4648179808E-02
  1.5005166032E-01  3.1747117327E+00 -3.1105045917E+00  4.1363493875E-02  4.4492695311E-02
  1.4846874529E-01  3.1638528084E+00 -3.0881801120E+00  4.3666699062E-02  4.4418000943E-02
  1.4406554928E-01  3.1876764132E+00 -3.0633840833E+00  4.4189456223E-02  4.4407437893E-02
</Path of -GradDelSqRho>
<Path of -GradDelSqRho>
Starting CP# =      4
Ending CP# =      0
Number of Points =    400
  1.5492638463E-01  3.2456803977E+00 -3.2132686643E+00  3.1352683730E-02  4.5207569127E-02
  1.5582910269E-01  3.2602201545E+00 -3.2335856618E+00  2.9659434010E-02  4.5149414369E-02
  1.5672448231E-01  3.2747917880E+00 -3.2538801364E+00  2.8057122505E-02  4.4964252118E-02
  1.5761424574E-01  3.2893866885E+00 -3.2741581331E+00  2.6541115156E-02  4.4641624495E-02
  1.5849951189E-01  3.3039991530E+00 -3.2944236742E+00  2.5107022154E-02  4.4177844430E-02
  1.5938102954E-01  3.3186252447E+00 -3.3146795461E+00  2.3750671423E-02  4.3574979268E-02
  1.6025930730E-01  3.3332621580E+00 -3.3349277407E+00  2.2468087111E-02  4.2839744098E-02
  1.6113469070E-01  3.3479078423E+00 -3.3551697176E+00  2.1255472800E-02  4.1982400147E-02
  1.6200740986E-01  3.3625607686E+00 -3.3754065678E+00  2.0109198684E-02  4.1015723688E-02
  1.6287761023E-01  3.3772197789E+00 -3.3956391198E+00  1.9025791914E-02  3.9954086351E-02
  1.6374537287E-01  3.3918839861E+00 -3.4158680104E+00  1.8001929344E-02  3.8812668240E-02
  1.6461072838E-01  3.4065527042E+00 -3.4360937333E+00  1.7034432038E-02  3.7606810688E-02
  1.6547366653E-01  3.4212254007E+00 -3.4563166736E+00  1.6120260979E-02  3.6351505060E-02
  1.6633414318E-01  3.4359016611E+00 -3.4765371324E+00  1.5256513542E-02  3.5061007211E-02
  1.6719208536E-01  3.4505811639E+00 -3.4967553453E+00  1.4440420413E-02  3.3748563161E-02
  1.6804739503E-01  3.4652636608E+00 -3.5169714955E+00  1.3669342682E-02  3.2426229754E-02
  1.6889995207E-01  3.4799489631E+00 -3.5371857242E+00  1.2940768956E-02  3.1104773780E-02
  1.6974961673E-01  3.4946369298E+00 -3.5573981388E+00  1.2252312358E-02  2.9793633860E-02
  1.7059623170E-01  3.5093274593E+00 -3.5776088187E+00  1.1601707346E-02  2.8500930825E-02
  1.7143962404E-01  3.5240204824E+00 -3.5978178207E+00  1.0986806328E-02  2.7233514145E-02
  1.7227960702E-01  3.5387159565E+00 -3.6180251824E+00  1.0405576050E-02  2.5997033864E-02
  1.7311598207E-01  3.5534138612E+00 -3.6382309259E+00  9.8560937841E-03  2.4796029360E-02
  1.7394854073E-01  3.5681141943E+00 -3.6584350604E+00  9.3365433213E-03  2.3634028008E-02
  1.7477706689E-01  3.5828169683E+00 -3.6786375845E+00  8.8452108267E-03  2.2513648316E-02
  1.7560133919E-01  3.5975222079E+00 -3.6988384880E+00  8.3804805715E-03  2.1436703472E-02
  1.7642113365E-01  3.6122299468E+00 -3.7190377541E+00  7.9408305908E-03  2.0404302286E-02
  1.7723622666E-01  3.6269402258E+00 -3.7392353607E+00  7.5248283022E-03  1.9416945447E-02
  1.7804639816E-01  3.6416530900E+00 -3.7594312822E+00  7.1311261203E-03  1.8474615694E-02
  1.7885143513E-01  3.6563685873E+00 -3.7796254906E+00  6.7584571003E-03  1.7576861074E-02
  1.7965113538E-01  3.6710867654E+00 -3.7998179573E+00  6.4056306384E-03  1.6722870861E-02
  1.8044531142E-01  3.6858076704E+00 -3.8200086540E+00  6.0715282569E-03  1.5911544025E-02
  1.8123379460E-01  3.7005313445E+00 -3.8401975547E+00  5.7550994939E-03  1.5141550374E-02
  1.8201643921E-01  3.7152578242E+00 -3.8603846362E+00  5.4553579163E-03  1.4411384634E-02
  1.8279312662E-01  3.7299871380E+00 -3.8805698800E+00  5.1713772716E-03  1.3719413835E-02
  1.8356376920E-01  3.7447193049E+00 -3.9007532733E+00  4.9022877900E-03  1.3063918446E-02
  1.8432831396E-01  3.7594543328E+00 -3.9209348099E+00  4.6472726441E-03  1.2443127721E-02
  1.8508674583E-01  3.7741922166E+00 -3.9411144918E+00  4.4055645748E-03  1.1855249753E-02
  1.8583909030E-01  3.7889329372E+00 -3.9612923294E+00  4.1764426847E-03  1.1298496704E-02
  1.8658541544E-01  3.8036764603E+00 -3.9814683428E+00  3.9592294022E-03  1.0771105683E-02
  1.8732583308E-01  3.8184227359E+00 -4.0016425624E+00  3.7532876151E-03  1.0271355738E-02
  1.8806049911E-01  3.8331716976E+00 -4.0218150286E+00  3.5580179731E-03  9.7975813638E-03
  1.8878961283E-01  3.8479232625E+00 -4.0419857926E+00  3.3728563551E-03  9.3481829584E-03
  1.8951341537E-01  3.8626773318E+00 -4.0621549162E+00  3.1972714972E-03  8.9216345739E-03
  1.9023218710E-01  3.8774337915E+00 -4.0823224709E+00  3.0307627774E-03  8.5164893324E-03
  1.9094624421E-01  3.8921925129E+00 -4.1024885380E+00  2.8728581501E-03  8.1313828158E-03
  1.9165593449E-01  3.9069533546E+00 -4.1226532073E+00  2.7231122241E-03  7.7650347269E-03
  1.9236163247E-01  3.9217161637E+00 -4.1428165765E+00  2.5811044778E-03  7.4162490914E-03
  1.9306373412E-01  3.9364807777E+00 -4.1629787497E+00  2.4464376048E-03  7.0839132421E-03
  1.9376265116E-01  3.9512470264E+00 -4.1831398362E+00  2.3187359811E-03  6.7669958074E-03
  1.9445880538E-01  3.9660147343E+00 -4.2032999496E+00  2.1976442485E-03  6.4645439005E-03
  1.9515262296E-01  3.9807837223E+00 -4.2234592059E+00  2.0828260058E-03  6.1756796856E-03
  1.9584452906E-01  3.9955538097E+00 -4.2436177223E+00  1.9739626004E-03  5.8995964770E-03
  1.9653494274E-01  4.0103248164E+00 -4.2637756162E+00  1.8707520143E-03  5.6355545085E-03
  1.9722427247E-01  4.0250965647E+00 -4.2839330039E+00  1.7729078362E-03  5.3828764919E-03
  1.9791291212E-01  4.0398688803E+00 -4.3040899994E+00  1.6801583145E-03  5.1409430674E-03
  1.9860123769E-01  4.0546415945E+00 -4.3242467135E+00  1.5922454842E-03  4.9091882338E-03
  1.9928960460E-01  4.0694145447E+00 -4.3444032532E+00  1.5089243610E-03  4.6870948315E-03
  1.9997834567E-01  4.0841875756E+00 -4.3645597209E+00  1.4299621985E-03  4.4741901387E-03
  2.0066776977E-01  4.0989605400E+00 -4.3847162141E+00  1.3551378016E-03  4.2700416302E-03
  2.0135816093E-01  4.1137332990E+00 -4.4048728248E+00  1.2842408923E-03  4.0742529364E-03
  2.0204977811E-01  4.1285057224E+00 -4.4250296393E+00  1.2170715223E-03  3.8864600310E-03
  2.0274285528E-01  4.1432776890E+00 -4.4451867384E+00  1.1534395283E-03  3.7063276691E-03
  2.0343760198E-01  4.1580490865E+00 -4.4653441972E+00  1.0931640267E-03  3.5335460873E-03
  2.0413420418E-01  4.1728198111E+00 -4.4855020849E+00  1.0360729433E-03  3.3678279727E-03
  2.0483282529E-01  4.1875897676E+00 -4.5056604657E+00  9.8200257401E-04  3.2089057033E-03
  2.0553360750E-01  4.2023588687E+00 -4.5258193981E+00  9.3079717597E-04  3.0565288546E-03
  2.0623667312E-01  4.2171270350E+00 -4.5459789359E+00  8.8230858324E-04  2.9104619666E-03
  2.0694212607E-01  4.2318941944E+00 -4.5661391278E+00  8.3639584676E-04  2.7704825606E-03
  2.0765005337E-01  4.2466602814E+00 -4.5863000184E+00  7.9292489551E-04  2.6363793928E-03
  2.0836052664E-01  4.2614252372E+00 -4.6064616481E+00  7.5176821687E-04  2.5079509318E-03
  2.0907360360E-01  4.2761890085E+00 -4.6266240531E+00  7.1280455455E-04  2.3850040423E-03
  2.0978932950E-01  4.2909515477E+00 -4.6467872664E+00  6.7591862254E-04  2.2673528605E-03
  2.1050773848E-01  4.3057128119E+00 -4.6669513177E+00  6.4100083343E-04  2.1548178437E-03
  2.1122885490E-01  4.3204727631E+00 -4.6871162336E+00  6.0794704020E-04  2.0472249773E-03
  2.1195269453E-01  4.3352313671E+00 -4.7072820379E+00  5.7665829009E-04  1.9444051231E-03
  2.1267926569E-01  4.3499885935E+00 -4.7274487522E+00  5.4704058984E-04  1.8461934921E-03
  2.1340857032E-01  4.3647444154E+00 -4.7476163954E+00  5.1900468125E-04  1.7524292276E-03
  2.1414060494E-01  4.3794988088E+00 -4.7677849848E+00  4.9246582650E-04  1.6629550836E-03
  2.1487536152E-01  4.3942517527E+00 -4.7879545356E+00  4.6734360254E-04  1.5776171840E-03
  2.1561282828E-01  4.4090032283E+00 -4.8081250613E+00  4.4356170396E-04  1.4962648522E-03
  2.1635299041E-01  4.4237532192E+00 -4.8282965741E+00  4.2104775390E-04  1.4187504973E-03
  2.1709583073E-01  4.4385017110E+00 -4.8484690846E+00  3.9973312250E-04  1.3449295481E-03
  2.1784133026E-01  4.4532486910E+00 -4.8686426021E+00  3.7955275274E-04  1.2746604247E-03
  2.1858946875E-01  4.4679941482E+00 -4.8888171351E+00  3.6044499298E-04  1.2078045395E-03
  2.1934022511E-01  4.4827380731E+00 -4.9089926907E+00  3.4235143627E-04  1.1442263205E-03
  2.2009357783E-01  4.4974804574E+00 -4.9291692752E+00  3.2521676595E-04  1.0837932503E-03
  2.2084950531E-01  4.5122212941E+00 -4.9493468941E+00  3.0898860739E-04  1.0263759151E-03
  2.2160798618E-01  4.5269605773E+00 -4.9695255521E+00  2.9361738563E-04  9.7184805982E-04
  2.2236899953E-01  4.5416983020E+00 -4.9897052530E+00  2.7905618878E-04  9.2008664386E-04
  2.2313252515E-01  4.5564344640E+00 -5.0098860002E+00  2.6526063689E-04  8.7097189635E-04
  2.2389854368E-01  4.5711690601E+00 -5.0300677963E+00  2.5218875625E-04  8.2438736658E-04
  2.2466703674E-01  4.5859020878E+00 -5.0502506432E+00  2.3980085890E-04  7.8021996846E-04
  2.2543798708E-01  4.6006335452E+00 -5.0704345427E+00  2.2805942715E-04  7.3836001722E-04
  2.2621137860E-01  4.6153634313E+00 -5.0906194955E+00  2.1692900302E-04  6.9870125736E-04
  2.2698719642E-01  4.6300917453E+00 -5.1108055024E+00  2.0637608248E-04  6.6114088103E-04
  2.2776542688E-01  4.6448184872E+00 -5.1309925633E+00  1.9636901428E-04  6.2557953651E-04
  2.2854605756E-01  4.6595436577E+00 -5.1511806779E+00  1.8687790325E-04  5.9192132664E-04
  2.2932907719E-01  4.6742672576E+00 -5.1713698454E+00  1.7787451792E-04  5.6007379738E-04
  2.3011447563E-01  4.6889892884E+00 -5.1915600647E+00  1.6933220243E-04  5.2994791663E-04
  2.3090224378E-01  4.7037097522E+00 -5.2117513343E+00  1.6122579239E-04  5.0145804385E-04
  2.3169237348E-01  4.7184286512E+00 -5.2319436523E+00  1.5353153478E-04  4.7452189109E-04
  2.3248485735E-01  4.7331459883E+00 -5.2521370165E+00  1.4622701154E-04  4.4906047583E-04
  2.3327968871E-01  4.7478617667E+00 -5.2723314243E+00  1.3929106692E-04  4.2499806656E-04
  2.3407686136E-01  4.7625759901E+00 -5.2925268729E+00  1.3270373829E-04  4.0226212162E-04
  2.3487636943E-01  4.7772886625E+00 -5.3127233592E+00  1.2644619039E-04  3.8078322225E-04
  2.3567820721E-01  4.7919997882E+00 -5.3329208797E+00  1.2050065284E-04  3.6049500033E-04
  2.3648236890E-01  4.8067093722E+00 -5.3531194307E+00  1.1485036079E-04  3.4133406179E-04
  2.3728884844E-01  4.8214174196E+00 -5.3733190082E+00  1.0947949858E-04  3.2323990624E-04
  2.3809763925E-01  4.8361239361E+00 -5.3935196080E+00  1.0437314633E-04  3.0615484350E-04
  2.3890873401E-01  4.8508289275E+00 -5.4137212255E+00  9.9517229273E-05  2.9002390785E-04
  2.3972212441E-01  4.8655324003E+00 -5.4339238561E+00  9.4898469742E-05  2.7479477034E-04
  2.4053780094E-01  4.8802343613E+00 -5.4541274948E+00  9.0504341716E-05  2.6041764993E-04
  2.4135575257E-01  4.8949348176E+00 -5.4743321362E+00  8.6323027787E-05  2.4684522393E-04
  2.4217596658E-01  4.9096337769E+00 -5.4945377752E+00  8.2343378438E-05  2.3403253810E-04
  2.4299842826E-01  4.9243312471E+00 -5.5147444059E+00  7.8554873545E-05  2.2193691704E-04
  2.4382312069E-01  4.9390272367E+00 -5.5349520226E+00  7.4947585973E-05  2.1051787504E-04
  2.4465002451E-01  4.9537217546E+00 -5.5551606191E+00  7.1512147192E-05  1.9973702789E-04
  2.4547911768E-01  4.9684148100E+00 -5.5753701893E+00  6.8239714796E-05  1.8955800591E-04
  2.4631037526E-01  4.9831064128E+00 -5.5955807266E+00  6.5121941842E-05  1.7994636834E-04
  2.4714376924E-01  4.9977965732E+00 -5.6157922243E+00  6.2150947916E-05  1.7086951954E-04
  2.4797926835E-01  5.0124853019E+00 -5.6360046756E+00  5.9319291839E-05  1.6229662695E-04
  2.4881683790E-01  5.0271726103E+00 -5.6562180734E+00  5.6619945931E-05  1.5419854117E-04
  2.4965643962E-01  5.0418585100E+00 -5.6764324104E+00  5.4046271750E-05  1.4654771811E-04
  2.5049803162E-01  5.0565430134E+00 -5.6966476790E+00  5.1591997233E-05  1.3931814348E-04
  2.5134156822E-01  5.0712261332E+00 -5.7168638714E+00  4.9251195161E-05  1.3248525954E-04
  2.5218699998E-01  5.0859078827E+00 -5.7370809799E+00  4.7018262880E-05  1.2602589428E-04
  2.5303427363E-01  5.1005882761E+00 -5.7572989961E+00  4.4887903214E-05  1.1991819303E-04
  2.5388333214E-01  5.1152673276E+00 -5.7775179116E+00  4.2855106495E-05  1.1414155248E-04
  2.5473411473E-01  5.1299450525E+00 -5.7977377178E+00  4.0915133664E-05  1.0867655718E-04
  2.5558655698E-01  5.1446214662E+00 -5.8179584057E+00  3.9063500368E-05  1.0350491849E-04
  2.5644059098E-01  5.1592965852E+00 -5.8381799662E+00  3.7295962010E-05  9.8609415871E-05
  2.5729614546E-01  5.1739704261E+00 -5.8584023898E+00  3.5608499697E-05  9.3973840705E-05
  2.5815314606E-01  5.1886430065E+00 -5.8786256669E+00  3.3997307020E-05  8.9582942327E-05
  2.5901151550E-01  5.2033143443E+00 -5.8988497874E+00  3.2458777648E-05  8.5422376455E-05
  2.5987117392E-01  5.2179844581E+00 -5.9190747410E+00  3.0989493660E-05  8.1478655839E-05
  2.6073203919E-01  5.2326533670E+00 -5.9393005172E+00  2.9586214586E-05  7.7739103130E-05
  2.6159402722E-01  5.2473210906E+00 -5.9595271051E+00  2.8245867122E-05  7.4191805880E-05
  2.6245705236E-01  5.2619876493E+00 -5.9797544936E+00  2.6965535466E-05  7.0825573640E-05
  2.6332102781E-01  5.2766530638E+00 -5.9999826711E+00  2.5742452244E-05  6.7629897068E-05
  2.6418586603E-01  5.2913173552E+00 -6.0202116259E+00  2.4573989996E-05  6.4594908992E-05
  2.6505147917E-01  5.3059805453E+00 -6.0404413458E+00  2.3457653182E-05  6.1711347377E-05
  2.6591777953E-01  5.3206426561E+00 -6.0606718186E+00  2.2391070677E-05  5.8970520098E-05
  2.6678468002E-01  5.3353037103E+00 -6.0809030315E+00  2.1371988733E-05  5.6364271488E-05
  2.6765209461E-01  5.3499637307E+00 -6.1011349714E+00  2.0398264370E-05  5.3884950570E-05
  2.6851993879E-01  5.3646227405E+00 -6.1213676251E+00  1.9467859175E-05  5.1525380924E-05
  2.6938813003E-01  5.3792807633E+00 -6.1416009791E+00  1.8578833483E-05  4.9278832114E-05
  2.7025658820E-01  5.3939378229E+00 -6.1618350194E+00  1.7729340917E-05  4.7138992619E-05
  2.7112523599E-01  5.4085939431E+00 -6.1820697319E+00  1.6917623265E-05  4.5099944209E-05
  2.7199399931E-01  5.4232491482E+00 -6.2023051022E+00  1.6142005671E-05  4.3156137698E-05
