 AIMInt (Version 19.10.12, Professional)
 Portions Copyright (c) 1997-2019 by Todd A. Keith
 AIMInt is a component of the AIMAll package ( http://aim.tkgristmill.com )

 TP:  64-bit Mac OS X

 AIMInt is a heavily modified and extended version of the PROAIMV program
 developed by members of R.F.W. Bader's research group

 Much of the Quantum Theory of Atoms in Molecules (QTAIM) is described in the book:
   "Atoms in Molecules - A Quantum Theory"
   R.F.W. Bader, Oxford University Press, Oxford, 1990

 For additional references see:  http://aim.tkgristmill.com/references.html

 Current Directory:  /Users/chemlab/Documents/SubstituentCoding/BCP Map Reference/BCPMapReference

 Inp File:  SubH_SiFHCH3_wb97xd_aug-cc-pvtz_atomicfiles/si1.inp
 Wfx File:  SubH_SiFHCH3_wb97xd_aug-cc-pvtz.wfx
 Out File:  SubH_SiFHCH3_wb97xd_aug-cc-pvtz_atomicfiles/si1.int

 Wfx Title:   Title Card Required                                                           
 Job Title:   Title Card Required                                                           
 
<Atom>
Si1     
</Atom>
<Nuclei of Molecule>
     8
Si1       14.0           4.5165350561E-16   9.5959187158E-01  -2.7655832044E-16
H2         1.0           1.1548740207E-01   2.5688214047E+00   2.2912930081E+00
H3         1.0           1.1548740207E-01   2.5688214047E+00  -2.2912930081E+00
C4         6.0           2.5232128234E+00  -1.4820413119E+00   2.0179944509E-16
H5         1.0           2.3892218767E+00  -2.6786820214E+00  -1.6709647879E+00
H6         1.0           4.3794947021E+00  -5.8365018192E-01  -1.7973197688E-16
H7         1.0           2.3892218767E+00  -2.6786820214E+00   1.6709647879E+00
F8         9.0          -2.7253544667E+00  -4.1540743503E-01   1.0078076683E-17
</Nuclei of Molecule>
<Total Number of CPs of DelSqRho>
    30
</Total Number of CPs of DelSqRho>
<Number of (3,+3) CPs of DelSqRho>
     4
</Number of (3,+3) CPs of DelSqRho>
<Number of (3,+1) CPs of DelSqRho>
    11
</Number of (3,+1) CPs of DelSqRho>
<Number of (3,-1) CPs of DelSqRho>
    11
</Number of (3,-1) CPs of DelSqRho>
<Number of (3,-3) CPs of DelSqRho>
     4
</Number of (3,-3) CPs of DelSqRho>
<Number of Degenerate CPs of DelSqRho>
     0
</Number of Degenerate CPs of DelSqRho>
<CP of DelSqRho>
CP# = 1       
Type = (3,+3)
Coords = -3.95567745025744E-09  9.59591869840625E-01 -2.76558320422783E-16
DistFromNuc =  4.3221715438E-09
Rho =  1.7347374515E+03
DelSqRho = -1.4022296279E+08
GradDelSqRho =  0.0000000000E+00  2.6628143387E-03 -2.1505512881E-14
HessDelSqRho_EigVals =  8.7073133696E+13  8.7073133723E+13  8.7073133891E+13
HessDelSqRho_EigVec1 = -5.0078251159E-01  8.6557314889E-01 -2.7755628346E-17
HessDelSqRho_EigVec2 = -1.0061123834E-17  2.6245261319E-17  1.0000000000E+00
HessDelSqRho_EigVec3 =  8.6557314889E-01  5.0078251159E-01 -4.4345292422E-18
</CP of DelSqRho>
<CP of DelSqRho>
CP# = 2       
Type = (3,-1)
Coords = -2.92145022238764E-01  8.01718540038865E-01 -2.89908936000169E-16
DistFromNuc =  3.3207333954E-01
Rho =  9.6202009710E+00
DelSqRho = -1.4247985349E+02
GradDelSqRho =  2.7284841053E-12 -2.2737367544E-12  5.9620259782E-16
HessDelSqRho_EigVals = -1.2632400667E+02 -1.1775583251E+02  5.7586459160E+04
HessDelSqRho_EigVec1 = -4.7536521574E-01  8.7978856077E-01  6.3540510858E-18
HessDelSqRho_EigVec2 = -3.2418528653E-17 -2.4738548469E-17  1.0000000000E+00
HessDelSqRho_EigVec3 =  8.7978856077E-01  4.7536521574E-01  4.0281296096E-17
</CP of DelSqRho>
<CP of DelSqRho>
CP# = 3       
Type = (3,+1)
Coords =  1.86530938122660E-02  8.63960805156780E-01 -2.24061544515536E-16
DistFromNuc =  9.7433252919E-02
Rho =  1.2483122791E+02
DelSqRho =  2.4706182288E+04
GradDelSqRho =  3.6379788071E-12 -7.2759576142E-11 -1.6071871300E-14
HessDelSqRho_EigVals = -3.7590745723E+07  1.0305481588E+03  1.0197521098E+04
HessDelSqRho_EigVec1 = -1.9171811594E-01  9.8145003134E-01 -5.3882184153E-16
HessDelSqRho_EigVec2 = -3.0888517956E-16  4.8866772790E-16  1.0000000000E+00
HessDelSqRho_EigVec3 =  9.8145003134E-01  1.9171811594E-01  2.0946891304E-16
</CP of DelSqRho>
<CP of DelSqRho>
CP# = 4       
Type = (3,+3)
Coords =  1.51883201558905E-01  8.08390545193458E-01  2.51602834747693E-01
DistFromNuc =  3.3050617917E-01
Rho =  9.7763480633E+00
DelSqRho = -1.4962660982E+02
GradDelSqRho = -1.4779288904E-12 -4.5474735089E-13 -2.9558577808E-12
HessDelSqRho_EigVals =  3.0772054537E+01  6.4666664579E+01  5.9698284908E+04
HessDelSqRho_EigVec1 =  4.1527742108E-01 -6.4660272340E-01 -6.3988247486E-01
HessDelSqRho_EigVec2 =  7.8480627588E-01  6.1035771556E-01 -1.0743634578E-01
HessDelSqRho_EigVec3 =  4.6002583935E-01 -4.5756789350E-01  7.6092565338E-01
</CP of DelSqRho>
<CP of DelSqRho>
CP# = 5       
Type = (3,+3)
Coords =  1.51883201558894E-01  8.08390545193475E-01 -2.51602834747710E-01
DistFromNuc =  3.3050617917E-01
Rho =  9.7763480633E+00
DelSqRho = -1.4962660982E+02
GradDelSqRho =  5.6843418861E-13 -2.5011104299E-12 -2.3874235922E-12
HessDelSqRho_EigVals =  3.0772054537E+01  6.4666664579E+01  5.9698284908E+04
HessDelSqRho_EigVec1 =  4.1527742108E-01 -6.4660272340E-01  6.3988247486E-01
HessDelSqRho_EigVec2 =  7.8480627588E-01  6.1035771556E-01  1.0743634578E-01
HessDelSqRho_EigVec3 = -4.6002583935E-01  4.5756789350E-01  7.6092565338E-01
</CP of DelSqRho>
<CP of DelSqRho>
CP# = 6       
Type = (3,+1)
Coords =  2.23811925608382E-01  7.16516506228863E-01 -3.05449784748586E-16
DistFromNuc =  3.3042005279E-01
Rho =  9.7781540118E+00
DelSqRho = -1.4918295627E+02
GradDelSqRho = -9.0949470177E-13  2.2737367544E-12  1.2959202589E-17
HessDelSqRho_EigVals = -2.5251709789E+01  4.3419358629E+01  5.9800174118E+04
HessDelSqRho_EigVec1 = -2.2724955860E-17 -1.3925409905E-16  1.0000000000E+00
HessDelSqRho_EigVec2 =  7.3566315452E-01  6.7734756446E-01  1.1104133755E-16
HessDelSqRho_EigVec3 = -6.7734756446E-01  7.3566315452E-01  8.7051416285E-17
</CP of DelSqRho>
<CP of DelSqRho>
CP# = 7       
Type = (3,+1)
Coords = -1.84173037384144E-03  1.12372028356031E+00  2.86947405670602E-01
DistFromNuc =  3.3057577227E-01
Rho =  9.7631539206E+00
DelSqRho = -1.4857780433E+02
GradDelSqRho = -1.9495516312E-13  2.5011104299E-12  5.2295945352E-12
HessDelSqRho_EigVals = -4.0744553704E+01  3.5737535277E+01  5.9597469346E+04
HessDelSqRho_EigVec1 = -4.4710047147E-01  7.7511860174E-01 -4.4642168592E-01
HessDelSqRho_EigVec2 =  8.9446623173E-01  3.9055218179E-01 -2.1771346672E-01
HessDelSqRho_EigVec3 = -5.5972055282E-03  4.9664891678E-01  8.6793347945E-01
</CP of DelSqRho>
<CP of DelSqRho>
CP# = 8       
Type = (3,+1)
Coords = -1.84173037387527E-03  1.12372028356034E+00 -2.86947405670586E-01
DistFromNuc =  3.3057577227E-01
Rho =  9.7631539206E+00
DelSqRho = -1.4857780433E+02
GradDelSqRho = -2.9576341376E-13  4.5474735089E-13 -6.5369931690E-12
HessDelSqRho_EigVals = -4.0744553704E+01  3.5737535277E+01  5.9597469346E+04
HessDelSqRho_EigVec1 = -4.4710047147E-01  7.7511860174E-01  4.4642168592E-01
HessDelSqRho_EigVec2 =  8.9446623173E-01  3.9055218179E-01  2.1771346672E-01
HessDelSqRho_EigVec3 =  5.5972055283E-03 -4.9664891678E-01  8.6793347945E-01
</CP of DelSqRho>
<CP of DelSqRho>
CP# = 9       
Type = (3,-1)
Coords =  2.70678470786304E-01  1.15025101141478E+00 -4.23933202260181E-16
DistFromNuc =  3.3108570212E-01
Rho =  9.7290056898E+00
DelSqRho = -1.4784511790E+02
GradDelSqRho = -3.1832314562E-12 -1.3642420527E-12 -7.3835830335E-16
HessDelSqRho_EigVals = -3.1255068197E+01 -1.6106289190E+01  5.9061426031E+04
HessDelSqRho_EigVec1 = -5.7612252152E-01  8.1736334649E-01  1.1454946446E-15
HessDelSqRho_EigVec2 =  1.0250166013E-15 -6.7896303165E-16  1.0000000000E+00
HessDelSqRho_EigVec3 =  8.1736334649E-01  5.7612252152E-01 -4.4664510561E-16
</CP of DelSqRho>
<CP of DelSqRho>
CP# = 10      
Type = (3,+3)
Coords = -1.16701224328704E-01  1.26880681837328E+00 -1.89470288502851E-16
DistFromNuc =  3.3050424971E-01
Rho =  9.7762312139E+00
DelSqRho = -1.4967443864E+02
GradDelSqRho = -1.2960299500E-11  2.8194335755E-11  2.2209027153E-15
HessDelSqRho_EigVals =  4.2400601786E+01  7.3662701698E+01  5.9683524774E+04
HessDelSqRho_EigVec1 =  2.2389273162E-16 -1.9703666614E-16  1.0000000000E+00
HessDelSqRho_EigVec2 =  9.3573562393E-01  3.5270220031E-01 -1.4000913923E-16
HessDelSqRho_EigVec3 = -3.5270220031E-01  9.3573562393E-01  2.6334168680E-16
</CP of DelSqRho>
<CP of DelSqRho>
CP# = 11      
Type = (3,+1)
Coords =  5.20820200811593E-01  1.24404184275869E+00 -2.32052298078489E-16
DistFromNuc =  5.9343531044E-01
Rho =  2.4495342095E+00
DelSqRho =  3.1207178361E+01
GradDelSqRho = -2.8279600883E-12 -2.3625545964E-12  3.6499121174E-17
HessDelSqRho_EigVals = -2.0453875826E+03  6.2337567754E+00  6.5920868470E+00
HessDelSqRho_EigVec1 =  8.7760358681E-01  4.7938705074E-01  7.4552665892E-17
HessDelSqRho_EigVec2 = -5.9602455300E-17 -4.6403709286E-17  1.0000000000E+00
HessDelSqRho_EigVec3 = -4.7938705074E-01  8.7760358681E-01  1.2151416447E-17
</CP of DelSqRho>
<CP of DelSqRho>
CP# = 12      
Type = (3,+1)
Coords = -5.53757017369853E-01  1.17255866061063E+00 -2.30939218778865E-16
DistFromNuc =  5.9329730112E-01
Rho =  2.4484445544E+00
DelSqRho =  3.1103296740E+01
GradDelSqRho = -4.9737991503E-14  1.2434497876E-14 -1.6613455098E-17
HessDelSqRho_EigVals = -2.0359869907E+03  3.5763814463E+00  4.5061226361E+00
HessDelSqRho_EigVec1 =  9.3384574719E-01 -3.5767599926E-01 -7.6233079187E-17
HessDelSqRho_EigVec2 =  6.9657871684E-17 -3.1266766515E-17  1.0000000000E+00
HessDelSqRho_EigVec3 =  3.5767599926E-01  9.3384574719E-01  4.2833880777E-18
</CP of DelSqRho>
<CP of DelSqRho>
CP# = 13      
Type = (3,-1)
Coords =  1.21519915068775E-02  1.55236891553198E+00 -2.48285119137332E-16
DistFromNuc =  5.9290158942E-01
Rho =  2.4544592155E+00
DelSqRho =  3.1655620926E+01
GradDelSqRho = -7.0476957603E-13 -2.4016344469E-12 -5.8736353005E-16
HessDelSqRho_EigVals = -2.0753732115E+03 -5.4024705647E+00  5.7188774103E+00
HessDelSqRho_EigVec1 =  2.0862248613E-02  9.9978235961E-01  4.5798485372E-17
HessDelSqRho_EigVec2 =  9.9978235961E-01 -2.0862248613E-02  4.1611948849E-22
HessDelSqRho_EigVec3 = -9.5587541684E-19 -4.5788509090E-17  1.0000000000E+00
</CP of DelSqRho>
<CP of DelSqRho>
CP# = 14      
Type = (3,-1)
Coords = -2.78307932183793E-01  4.36023839066118E-01 -2.03240325272538E-16
DistFromNuc =  5.9294079788E-01
Rho =  2.4497122237E+00
DelSqRho =  3.1193115519E+01
GradDelSqRho =  2.1280754936E-12  3.0411229091E-12 -2.8328697832E-17
HessDelSqRho_EigVals = -2.0398262735E+03 -2.9605618299E+00  4.9546229520E+00
HessDelSqRho_EigVec1 =  4.7010465995E-01  8.8261067787E-01 -1.2266618270E-16
HessDelSqRho_EigVec2 = -8.0909916970E-16  5.6993132459E-16  1.0000000000E+00
HessDelSqRho_EigVec3 =  8.8261067787E-01 -4.7010465995E-01  9.8204693817E-16
</CP of DelSqRho>
<CP of DelSqRho>
CP# = 15      
Type = (3,-3)
Coords =  3.19130852532052E-02  1.30326683367592E+00  4.81363332582406E-01
DistFromNuc =  5.9231881832E-01
Rho =  2.4594549949E+00
DelSqRho =  3.2040828339E+01
GradDelSqRho = -1.5099033135E-14  7.1054273576E-14  7.1054273576E-14
HessDelSqRho_EigVals = -2.0989083955E+03 -8.4023896087E+00 -6.3356801857E+00
HessDelSqRho_EigVec1 =  5.3908150302E-02  5.8019650287E-01  8.1269054958E-01
HessDelSqRho_EigVec2 =  9.1295433474E-01  3.0104140443E-01 -2.7547859352E-01
HessDelSqRho_EigVec3 = -4.0448522099E-01  7.5679990147E-01 -5.1346432702E-01
</CP of DelSqRho>
<CP of DelSqRho>
CP# = 16      
Type = (3,-3)
Coords =  3.19130852531969E-02  1.30326683367593E+00 -4.81363332582403E-01
DistFromNuc =  5.9231881832E-01
Rho =  2.4594549949E+00
DelSqRho =  3.2040828339E+01
GradDelSqRho = -5.9507954120E-14 -1.2789769244E-13  2.9842794902E-13
HessDelSqRho_EigVals = -2.0989083955E+03 -8.4023896087E+00 -6.3356801857E+00
HessDelSqRho_EigVec1 = -5.3908150302E-02 -5.8019650287E-01  8.1269054958E-01
HessDelSqRho_EigVec2 =  9.1295433474E-01  3.0104140443E-01  2.7547859352E-01
HessDelSqRho_EigVec3 = -4.0448522099E-01  7.5679990147E-01  5.1346432702E-01
</CP of DelSqRho>
<CP of DelSqRho>
CP# = 17      
Type = (3,-1)
Coords = -5.16103943616667E-01  9.03698447438249E-01  2.86521950541347E-01
DistFromNuc =  5.9294365974E-01
Rho =  2.4496174921E+00
DelSqRho =  3.1202365718E+01
GradDelSqRho =  1.2079226508E-13 -4.9071857688E-14  9.2148511044E-14
HessDelSqRho_EigVals = -2.0402800353E+03 -2.8276836512E+00  4.7046507837E+00
HessDelSqRho_EigVec1 =  8.7061329462E-01  9.4851502243E-02 -4.8273769663E-01
HessDelSqRho_EigVec2 = -3.7535808303E-01  7.6237081833E-01 -5.2715941125E-01
HessDelSqRho_EigVec3 =  3.1802327074E-01  6.4015148823E-01  6.9933344792E-01
</CP of DelSqRho>
<CP of DelSqRho>
CP# = 18      
Type = (3,-1)
Coords = -5.16103943616661E-01  9.03698447438219E-01 -2.86521950541351E-01
DistFromNuc =  5.9294365974E-01
Rho =  2.4496174921E+00
DelSqRho =  3.1202365718E+01
GradDelSqRho =  6.3948846218E-14 -4.6185277824E-14  1.3167245072E-13
HessDelSqRho_EigVals = -2.0402800353E+03 -2.8276836512E+00  4.7046507837E+00
HessDelSqRho_EigVec1 =  8.7061329462E-01  9.4851502243E-02  4.8273769663E-01
HessDelSqRho_EigVec2 = -3.7535808303E-01  7.6237081833E-01  5.2715941125E-01
HessDelSqRho_EigVec3 = -3.1802327074E-01 -6.4015148823E-01  6.9933344792E-01
</CP of DelSqRho>
<CP of DelSqRho>
CP# = 19      
Type = (3,-3)
Coords =  4.29681943340423E-01  5.51920637651720E-01 -2.34997316646487E-16
DistFromNuc =  5.9230263161E-01
Rho =  2.4598680947E+00
DelSqRho =  3.2131137945E+01
GradDelSqRho = -1.0302869669E-13 -5.6843418861E-14  1.5977027171E-17
HessDelSqRho_EigVals = -2.1037733050E+03 -9.0980410972E+00 -7.2003882368E+00
HessDelSqRho_EigVec1 =  7.2545265885E-01 -6.8827206812E-01  6.9686935096E-17
HessDelSqRho_EigVec2 =  6.8827206812E-01  7.2545265885E-01 -5.9512003223E-17
HessDelSqRho_EigVec3 = -9.5941228165E-18  9.1136711912E-17  1.0000000000E+00
</CP of DelSqRho>
<CP of DelSqRho>
CP# = 20      
Type = (3,-3)
Coords = -5.31396948866017E-01  6.97114238670134E-01 -2.30816312896615E-16
DistFromNuc =  5.9268644749E-01
Rho =  2.4496138575E+00
DelSqRho =  3.1303280949E+01
GradDelSqRho =  1.1368683772E-13  8.5265128291E-14 -6.0545909857E-18
HessDelSqRho_EigVals = -2.0390515953E+03 -3.8702191387E+00 -3.8375249964E+00
HessDelSqRho_EigVec1 =  8.9655425888E-01  4.4293392384E-01 -7.6361194205E-17
HessDelSqRho_EigVec2 =  6.4383469973E-17  4.2078330415E-17  1.0000000000E+00
HessDelSqRho_EigVec3 = -4.4293392384E-01  8.9655425888E-01 -9.2078833553E-18
</CP of DelSqRho>
<CP of DelSqRho>
CP# = 21      
Type = (3,+1)
Coords = -2.38707501612287E-01  5.85295300287576E-01  3.93644113052122E-01
DistFromNuc =  5.9332527533E-01
Rho =  2.4482492102E+00
DelSqRho =  3.1068644763E+01
GradDelSqRho =  6.3948846218E-14  6.3948846218E-14 -1.6697754290E-13
HessDelSqRho_EigVals = -2.0337521056E+03  4.1188685809E+00  4.7091062726E+00
HessDelSqRho_EigVec1 =  4.0345551969E-01  6.3091326117E-01 -6.6270061152E-01
HessDelSqRho_EigVec2 = -2.5663561801E-01  7.7321855252E-01  5.7988898041E-01
HessDelSqRho_EigVec3 =  8.7827205534E-01 -6.3886828960E-02  4.7387410764E-01
</CP of DelSqRho>
<CP of DelSqRho>
CP# = 22      
Type = (3,+1)
Coords = -2.38707501612279E-01  5.85295300287592E-01 -3.93644113052143E-01
DistFromNuc =  5.9332527533E-01
Rho =  2.4482492102E+00
DelSqRho =  3.1068644763E+01
GradDelSqRho =  1.0658141036E-13  1.9184653866E-13  9.9475983006E-14
HessDelSqRho_EigVals = -2.0337521056E+03  4.1188685809E+00  4.7091062726E+00
HessDelSqRho_EigVec1 =  4.0345551969E-01  6.3091326117E-01  6.6270061152E-01
HessDelSqRho_EigVec2 =  2.5663561802E-01 -7.7321855252E-01  5.7988898041E-01
HessDelSqRho_EigVec3 =  8.7827205534E-01 -6.3886828959E-02 -4.7387410764E-01
</CP of DelSqRho>
<CP of DelSqRho>
CP# = 23      
Type = (3,-1)
Coords =  3.75038213803914E-01  8.90339287804908E-01  4.53987759901500E-01
DistFromNuc =  5.9292028833E-01
Rho =  2.4546249732E+00
DelSqRho =  3.1647718267E+01
GradDelSqRho =  2.5579538487E-13  6.2172489379E-14  2.7000623959E-13
HessDelSqRho_EigVals = -2.0749218237E+03 -5.4651463780E+00  6.2486055206E+00
HessDelSqRho_EigVec1 =  6.3265609335E-01 -1.1648190310E-01  7.6562277513E-01
HessDelSqRho_EigVec2 =  6.4567364691E-01  6.2521591932E-01 -4.3841828875E-01
HessDelSqRho_EigVec3 = -4.2761175058E-01  7.7171045119E-01  4.7075595619E-01
</CP of DelSqRho>
<CP of DelSqRho>
CP# = 24      
Type = (3,-1)
Coords =  3.75038213803915E-01  8.90339287804914E-01 -4.53987759901501E-01
DistFromNuc =  5.9292028833E-01
Rho =  2.4546249732E+00
DelSqRho =  3.1647718267E+01
GradDelSqRho = -2.1316282073E-14  1.2789769244E-13  1.5631940187E-13
HessDelSqRho_EigVals = -2.0749218237E+03 -5.4651463780E+00  6.2486055206E+00
HessDelSqRho_EigVec1 = -6.3265609335E-01  1.1648190310E-01  7.6562277513E-01
HessDelSqRho_EigVec2 =  6.4567364691E-01  6.2521591932E-01  4.3841828875E-01
HessDelSqRho_EigVec3 = -4.2761175058E-01  7.7171045119E-01 -4.7075595619E-01
</CP of DelSqRho>
<CP of DelSqRho>
CP# = 25      
Type = (3,+1)
Coords = -3.17849407108815E-02  2.77949830128959E+00 -3.23334246872917E-16
DistFromNuc =  1.8201839729E+00
Rho =  4.4887811026E-02
DelSqRho =  3.1565225477E-02
GradDelSqRho =  2.7451999007E-16 -5.5351556671E-14 -2.7310387395E-18
HessDelSqRho_EigVals = -2.5006697256E-01  5.2212970499E-02  5.9714080127E-01
HessDelSqRho_EigVec1 =  0.0000000000E+00  0.0000000000E+00  1.0000000000E+00
HessDelSqRho_EigVec2 =  9.9976254262E-01 -2.1791245238E-02  0.0000000000E+00
HessDelSqRho_EigVec3 =  2.1791245238E-02  9.9976254262E-01  0.0000000000E+00
</CP of DelSqRho>
<CP of DelSqRho>
CP# = 26      
Type = (3,+1)
Coords =  1.09726992237601E+00  6.03300917821228E-01  1.40957173786491E+00
DistFromNuc =  1.8214930718E+00
Rho =  4.5229998059E-02
DelSqRho =  3.9962253409E-02
GradDelSqRho = -9.0205620751E-17  3.4694469520E-17 -9.7144514655E-17
HessDelSqRho_EigVals = -2.7110504103E-01  3.5423241523E-02  6.0187746782E-01
HessDelSqRho_EigVec1 = -3.8541247967E-01  7.5259460914E-01  5.3390877012E-01
HessDelSqRho_EigVec2 =  6.5728396150E-01  6.3001519199E-01 -4.1359237398E-01
HessDelSqRho_EigVec3 = -6.4763802735E-01  1.9152600907E-01 -7.3748408347E-01
</CP of DelSqRho>
<CP of DelSqRho>
CP# = 27      
Type = (3,+1)
Coords =  1.09726992237601E+00  6.03300917821228E-01 -1.40957173786492E+00
DistFromNuc =  1.8214930718E+00
Rho =  4.5229998059E-02
DelSqRho =  3.9962253409E-02
GradDelSqRho =  3.4694469520E-18 -6.9388939039E-18 -8.6736173799E-17
HessDelSqRho_EigVals = -2.7110504103E-01  3.5423241523E-02  6.0187746782E-01
HessDelSqRho_EigVec1 = -3.8541247967E-01  7.5259460914E-01 -5.3390877012E-01
HessDelSqRho_EigVec2 = -6.5728396150E-01 -6.3001519199E-01 -4.1359237398E-01
HessDelSqRho_EigVec3 = -6.4763802735E-01  1.9152600907E-01  7.3748408347E-01
</CP of DelSqRho>
<CP of DelSqRho>
CP# = 28      
Type = (3,-1)
Coords =  7.65489897830371E-01  5.25126029324355E-02  1.74141349399625E+00
DistFromNuc =  2.1074364855E+00
Rho =  2.9746245869E-02
DelSqRho =  4.5114106455E-02
GradDelSqRho =  4.1633363423E-17 -1.9081958236E-17 -2.6020852140E-17
HessDelSqRho_EigVals = -1.4606206773E-01 -3.3182747559E-02  4.0430518537E-02
HessDelSqRho_EigVec1 = -2.2406629448E-01  7.0673644727E-02  9.7200798948E-01
HessDelSqRho_EigVec2 = -3.9750970148E-02  9.9587439994E-01 -8.1572298762E-02
HessDelSqRho_EigVec3 =  9.7376288492E-01  5.6915863289E-02  2.2033254062E-01
</CP of DelSqRho>
<CP of DelSqRho>
CP# = 29      
Type = (3,-1)
Coords =  7.65489897830371E-01  5.25126029324364E-02 -1.74141349399625E+00
DistFromNuc =  2.1074364855E+00
Rho =  2.9746245869E-02
DelSqRho =  4.5114106455E-02
GradDelSqRho =  4.7704895589E-17 -5.8113236445E-17  2.0816681712E-17
HessDelSqRho_EigVals = -1.4606206773E-01 -3.3182747559E-02  4.0430518537E-02
HessDelSqRho_EigVec1 =  2.2406629448E-01 -7.0673644727E-02  9.7200798948E-01
HessDelSqRho_EigVec2 = -3.9750970148E-02  9.9587439994E-01  8.1572298762E-02
HessDelSqRho_EigVec3 =  9.7376288492E-01  5.6915863289E-02 -2.2033254062E-01
</CP of DelSqRho>
<CP of DelSqRho>
CP# = 30      
Type = (3,-1)
Coords = -4.73576285325698E-01  3.06518196813308E+00 -3.37929302142350E-16
DistFromNuc =  2.1581900177E+00
Rho =  2.9030757724E-02
DelSqRho =  3.7795145441E-02
GradDelSqRho =  1.2034435948E-12  5.1299242632E-13 -2.2710928788E-18
HessDelSqRho_EigVals = -1.0711668776E-01 -7.1967958168E-02  2.0840555609E-02
HessDelSqRho_EigVec1 = -4.6114691183E-01  8.8732379981E-01  0.0000000000E+00
HessDelSqRho_EigVec2 =  0.0000000000E+00  0.0000000000E+00  1.0000000000E+00
HessDelSqRho_EigVec3 =  8.8732379981E-01  4.6114691183E-01  0.0000000000E+00
</CP of DelSqRho>
<Path of -GradDelSqRho>
Starting CP# =      3
Ending CP# =      1
Number of Points =      4
  1.8653093812E-02  8.6396080516E-01 -2.2406154452E-16  1.2483122791E+02  2.4706182288E+04
  1.3861623854E-02  8.8849734556E-01 -2.3753167775E-16  2.3961928167E+02  3.6266900961E+03
  9.0738303632E-03  9.1303460360E-01 -2.5100186782E-16  4.7207644747E+02 -1.8485162894E+05
 -3.9556774503E-09  9.5959186984E-01 -2.7655832042E-16  1.7347374515E+03 -1.4022296279E+08
</Path of -GradDelSqRho>
<Path of -GradDelSqRho>
Starting CP# =      3
Ending CP# =      6
Number of Points =     67
  1.8653093812E-02  8.6396080516E-01 -2.2406154452E-16  1.2483122791E+02  2.4706182288E+04
  2.3448219262E-02  8.3942497891E-01 -2.1059264785E-16  6.8252424595E+01  1.8604009638E+04
  2.8249179201E-02  8.1489029366E-01 -1.9712291480E-16  4.0381653850E+01  1.1249933274E+04
  3.3056430251E-02  7.9035684030E-01 -1.8365206380E-16  2.6616010138E+01  6.1205940341E+03
  3.7871487963E-02  7.6582491800E-01 -1.7017992256E-16  1.9717312062E+01  2.9734114104E+03
  4.2698400936E-02  7.4129532582E-01 -1.5670556822E-16  1.6060500024E+01  1.2756446692E+03
  4.7543253566E-02  7.1676927106E-01 -1.4322686002E-16  1.3887928775E+01  4.3950771635E+02
  5.2415702162E-02  6.9224868502E-01 -1.2973962309E-16  1.2380123128E+01  5.6604986231E+01
  5.7338173690E-02  6.6773809899E-01 -1.1623279549E-16  1.1167303347E+01 -9.9635560937E+01
  6.2424340889E-02  6.4326118062E-01 -1.0264667758E-16  1.0090114244E+01 -1.4599893458E+02
  6.9367940078E-02  6.3684983460E-01 -9.5494618754E-17  9.7761165893E+00 -1.4829667798E+02
  7.6266409009E-02  6.3842258785E-01 -9.1509229885E-17  9.7777378338E+00 -1.4837160996E+02
  8.2812877173E-02  6.4007172584E-01 -8.7521495510E-17  9.7797044171E+00 -1.4843940377E+02
  8.9022464143E-02  6.4176815315E-01 -8.3555413223E-17  9.7815239848E+00 -1.4850105728E+02
  9.4911678288E-02  6.4349750709E-01 -7.9607203981E-17  9.7831947272E+00 -1.4855713602E+02
  1.0049696359E-01  6.4524770735E-01 -7.5631524243E-17  9.7847281053E+00 -1.4860815279E+02
  1.0579445943E-01  6.4700840783E-01 -7.1680499852E-17  9.7861353961E+00 -1.4865457847E+02
  1.1081985043E-01  6.4877079098E-01 -6.7652695566E-17  9.7874271421E+00 -1.4869684366E+02
  1.1558826078E-01  6.5052738776E-01 -6.3624342457E-17  9.7886131204E+00 -1.4873534063E+02
  1.2011418363E-01  6.5227191272E-01 -5.9588115755E-17  9.7897023563E+00 -1.4877042565E+02
  1.2441143790E-01  6.5399911450E-01 -5.5517224331E-17  9.7907031505E+00 -1.4880242153E+02
  1.2849314641E-01  6.5570464155E-01 -5.1339762709E-17  9.7916231159E+00 -1.4883162024E+02
  1.3237173037E-01  6.5738492245E-01 -4.7132515453E-17  9.7924692192E+00 -1.4885828549E+02
  1.3605891607E-01  6.5903706004E-01 -4.2957066624E-17  9.7932478243E+00 -1.4888265526E+02
  1.3956575054E-01  6.6065873807E-01 -3.8727556748E-17  9.7939647368E+00 -1.4890494417E+02
  1.4290262361E-01  6.6224813944E-01 -3.4401416538E-17  9.7946252481E+00 -1.4892534570E+02
  1.4607929427E-01  6.6380387470E-01 -3.0025280383E-17  9.7952341774E+00 -1.4894403425E+02
  1.4910491987E-01  6.6532491980E-01 -2.5550310029E-17  9.7957959122E+00 -1.4896116704E+02
  1.5198808675E-01  6.6681056201E-01 -2.1003037578E-17  9.7963144456E+00 -1.4897688581E+02
  1.5473684168E-01  6.6826035297E-01 -1.6447450113E-17  9.7967934117E+00 -1.4899131843E+02
  1.5735872309E-01  6.6967406808E-01 -1.1744696960E-17  9.7972361183E+00 -1.4900458027E+02
  1.5986079182E-01  6.7105167146E-01 -6.9719755799E-18  9.7976455765E+00 -1.4901677549E+02
  1.6224966098E-01  6.7239328562E-01 -2.1598412234E-18  9.7980245282E+00 -1.4902799819E+02
  1.6453152462E-01  6.7369916537E-01  2.7363988723E-18  9.7983754713E+00 -1.4903833345E+02
  1.6671218509E-01  6.7496967541E-01  7.7223026455E-18  9.7987006820E+00 -1.4904785823E+02
  1.6879707902E-01  6.7620527094E-01  1.2810250254E-17  9.7990022360E+00 -1.4905664221E+02
  1.7079130183E-01  6.7740648117E-01  1.7967929143E-17  9.7992820269E+00 -1.4906474853E+02
  1.7269963077E-01  6.7857389503E-01  2.3246384531E-17  9.7995417832E+00 -1.4907223443E+02
  1.7452654654E-01  6.7970814904E-01  2.8578449466E-17  9.7997830838E+00 -1.4907915189E+02
  1.7627625352E-01  6.8080991690E-01  3.4015775099E-17  9.8000073716E+00 -1.4908554809E+02
  1.7795269864E-01  6.8187990055E-01  3.9544666826E-17  9.8002159666E+00 -1.4909146595E+02
  1.7955958893E-01  6.8291882268E-01  4.5177552579E-17  9.8004100765E+00 -1.4909694451E+02
  1.8110040794E-01  6.8392742022E-01  5.0881391870E-17  9.8005908076E+00 -1.4910201931E+02
  1.8257843090E-01  6.8490643892E-01  5.6730226138E-17  9.8007591736E+00 -1.4910672277E+02
  1.8399673891E-01  6.8585662873E-01  6.2654236829E-17  9.8009161042E+00 -1.4911108443E+02
  1.8535823202E-01  6.8677873990E-01  6.8715675762E-17  9.8010624526E+00 -1.4911513129E+02
  1.8666564143E-01  6.8767351970E-01  7.4865863422E-17  9.8011990025E+00 -1.4911888799E+02
  1.8792154078E-01  6.8854170973E-01  8.1111464654E-17  9.8013264737E+00 -1.4912237708E+02
  1.8912835666E-01  6.8938404363E-01  8.7497610374E-17  9.8014455285E+00 -1.4912561920E+02
  1.9028837829E-01  6.9020124524E-01  9.4077409531E-17  9.8015567761E+00 -1.4912863323E+02
  1.9140376658E-01  6.9099402704E-01  1.0072810276E-16  9.8016607777E+00 -1.4913143650E+02
  1.9247656247E-01  6.9176308895E-01  1.0749733297E-16  9.8017580502E+00 -1.4913404490E+02
  1.9350869474E-01  6.9250911735E-01  1.1440733544E-16  9.8018490703E+00 -1.4913647300E+02
  1.9450198714E-01  6.9323278431E-01  1.2145819349E-16  9.8019342779E+00 -1.4913873421E+02
  1.9545816517E-01  6.9393474701E-01  1.2871440938E-16  9.8020140789E+00 -1.4914084084E+02
  1.9637886221E-01  6.9461564733E-01  1.3607849146E-16  9.8020888484E+00 -1.4914280422E+02
  1.9726562538E-01  6.9527611156E-01  1.4357000544E-16  9.8021589331E+00 -1.4914463478E+02
  1.9811992084E-01  6.9591675022E-01  1.5120465688E-16  9.8022246536E+00 -1.4914634213E+02
  1.9894313878E-01  6.9653815800E-01  1.5895599243E-16  9.8022863067E+00 -1.4914793511E+02
  1.9973659812E-01  6.9714091375E-01  1.6692806675E-16  9.8023441672E+00 -1.4914942191E+02
  2.0050155077E-01  6.9772558055E-01  1.7497647922E-16  9.8023984896E+00 -1.4915081005E+02
  2.0123918567E-01  6.9829270585E-01  1.8315770941E-16  9.8024495100E+00 -1.4915210650E+02
  2.0195063256E-01  6.9884282165E-01  1.9159892468E-16  9.8024974470E+00 -1.4915331769E+02
  2.0263696543E-01  6.9937644469E-01  2.0009503030E-16  9.8025425040E+00 -1.4915444957E+02
  2.0329920580E-01  6.9989407674E-01  2.0879549810E-16  9.8025848695E+00 -1.4915550764E+02
  2.0393832578E-01  7.0039620485E-01  2.1767690153E-16  9.8026247186E+00 -1.4915649699E+02
  2.2381192561E-01  7.1651650623E-01 -3.0544978475E-16  9.7781540118E+00 -1.4918295627E+02
</Path of -GradDelSqRho>
<Path of -GradDelSqRho>
Starting CP# =      6
Ending CP# =      4
Number of Points =    272
  2.2381192561E-01  7.1651650623E-01 -3.0544978475E-16  9.7781540118E+00 -1.4918295627E+02
  2.2298581392E-01  7.1741390997E-01  1.7545130286E-03  9.8276532260E+00 -1.4913824664E+02
  2.2298680363E-01  7.1741291311E-01  2.0373915734E-03  9.8275295746E+00 -1.4913848480E+02
  2.2298781318E-01  7.1741192048E-01  2.3383422983E-03  9.8273903895E+00 -1.4913875360E+02
  2.2298879034E-01  7.1741098932E-01  2.6544412884E-03  9.8272377736E+00 -1.4913904921E+02
  2.2298968673E-01  7.1741017282E-01  2.9831601607E-03  9.8270738177E+00 -1.4913936784E+02
  2.2299045997E-01  7.1740951768E-01  3.3224226504E-03  9.8269004082E+00 -1.4913970602E+02
  2.2299107412E-01  7.1740906361E-01  3.6705763023E-03  9.8267191533E+00 -1.4914006084E+02
  2.2299149911E-01  7.1740884391E-01  4.0263289476E-03  9.8265313792E+00 -1.4914042989E+02
  2.2299170980E-01  7.1740888656E-01  4.3886789280E-03  9.8263381601E+00 -1.4914081121E+02
  2.2299168502E-01  7.1740921517E-01  4.7568522467E-03  9.8261403586E+00 -1.4914120326E+02
  2.2299140671E-01  7.1740985001E-01  5.1302508123E-03  9.8259386658E+00 -1.4914160481E+02
  2.2299085919E-01  7.1741080873E-01  5.5084117340E-03  9.8257336362E+00 -1.4914201489E+02
  2.2299002860E-01  7.1741210703E-01  5.8909760634E-03  9.8255257167E+00 -1.4914243274E+02
  2.2298890246E-01  7.1741375911E-01  6.2776650635E-03  9.8253152692E+00 -1.4914285772E+02
  2.2298746933E-01  7.1741577806E-01  6.6682622665E-03  9.8251025889E+00 -1.4914328938E+02
  2.2298571853E-01  7.1741817613E-01  7.0625998992E-03  9.8248879182E+00 -1.4914372731E+02
  2.2298363995E-01  7.1742096498E-01  7.4605485816E-03  9.8246714580E+00 -1.4914417123E+02
  2.2298122388E-01  7.1742415586E-01  7.8620094689E-03  9.8244533754E+00 -1.4914462088E+02
  2.2297846090E-01  7.1742775970E-01  8.2669082223E-03  9.8242338114E+00 -1.4914507608E+02
  2.2297534177E-01  7.1743178726E-01  8.6751903528E-03  9.8240128849E+00 -1.4914553669E+02
  2.2297185734E-01  7.1743624923E-01  9.0868176012E-03  9.8237906980E+00 -1.4914600260E+02
  2.2296799852E-01  7.1744115624E-01  9.5017651054E-03  9.8235673381E+00 -1.4914647373E+02
  2.2296375620E-01  7.1744651897E-01  9.9200191690E-03  9.8233428816E+00 -1.4914695002E+02
  2.2295912120E-01  7.1745234818E-01  1.0341575492E-02  9.8231173950E+00 -1.4914743144E+02
  2.2295408428E-01  7.1745865476E-01  1.0766437763E-02  9.8228909372E+00 -1.4914791797E+02
  2.2294863603E-01  7.1746544973E-01  1.1194616526E-02  9.8226635607E+00 -1.4914840961E+02
  2.2294276694E-01  7.1747274433E-01  1.1626128272E-02  9.8224353127E+00 -1.4914890636E+02
  2.2293646730E-01  7.1748055000E-01  1.2060994701E-02  9.8222062360E+00 -1.4914940827E+02
  2.2292972719E-01  7.1748887841E-01  1.2499242125E-02  9.8219763697E+00 -1.4914991534E+02
  2.2292253650E-01  7.1749774152E-01  1.2940900979E-02  9.8217457502E+00 -1.4915042763E+02
  2.2291488486E-01  7.1750715154E-01  1.3386005423E-02  9.8215144114E+00 -1.4915094519E+02
  2.2290676168E-01  7.1751712100E-01  1.3834593017E-02  9.8212823850E+00 -1.4915146808E+02
  2.2289815606E-01  7.1752766275E-01  1.4286704452E-02  9.8210497015E+00 -1.4915199635E+02
  2.2288905685E-01  7.1753878998E-01  1.4742383332E-02  9.8208163900E+00 -1.4915253009E+02
  2.2287945259E-01  7.1755051625E-01  1.5201675994E-02  9.8205824786E+00 -1.4915306937E+02
  2.2286933149E-01  7.1756285547E-01  1.5664631365E-02  9.8203479948E+00 -1.4915361427E+02
  2.2285868143E-01  7.1757582198E-01  1.6131300841E-02  9.8201129658E+00 -1.4915416488E+02
  2.2284748997E-01  7.1758943050E-01  1.6601738193E-02  9.8198774183E+00 -1.4915472130E+02
  2.2283574426E-01  7.1760369620E-01  1.7075999488E-02  9.8196413790E+00 -1.4915528363E+02
  2.2282343112E-01  7.1761863470E-01  1.7554143033E-02  9.8194048749E+00 -1.4915585197E+02
  2.2281053695E-01  7.1763426209E-01  1.8036229330E-02  9.8191679330E+00 -1.4915642644E+02
  2.2279704773E-01  7.1765059494E-01  1.8522321035E-02  9.8189305808E+00 -1.4915700715E+02
  2.2278294903E-01  7.1766765033E-01  1.9012482944E-02  9.8186928463E+00 -1.4915759422E+02
  2.2276822596E-01  7.1768544587E-01  1.9506781967E-02  9.8184547580E+00 -1.4915818778E+02
  2.2275286319E-01  7.1770399973E-01  2.0005287130E-02  9.8182163455E+00 -1.4915878795E+02
  2.2273684488E-01  7.1772333064E-01  2.0508069567E-02  9.8179776388E+00 -1.4915939489E+02
  2.2272015471E-01  7.1774345792E-01  2.1015202523E-02  9.8177386693E+00 -1.4916000872E+02
  2.2270277582E-01  7.1776440152E-01  2.1526761369E-02  9.8174994692E+00 -1.4916062959E+02
  2.2268469085E-01  7.1778618201E-01  2.2042823607E-02  9.8172600719E+00 -1.4916125767E+02
  2.2266588184E-01  7.1780882064E-01  2.2563468892E-02  9.8170205121E+00 -1.4916189310E+02
  2.2264633026E-01  7.1783233934E-01  2.3088779044E-02  9.8167808258E+00 -1.4916253606E+02
  2.2262601699E-01  7.1785676076E-01  2.3618838074E-02  9.8165410506E+00 -1.4916318671E+02
  2.2260492227E-01  7.1788210830E-01  2.4153732205E-02  9.8163012255E+00 -1.4916384522E+02
  2.2258302571E-01  7.1790840611E-01  2.4693549896E-02  9.8160613912E+00 -1.4916451179E+02
  2.2256030622E-01  7.1793567916E-01  2.5238381865E-02  9.8158215901E+00 -1.4916518661E+02
  2.2253674203E-01  7.1796395322E-01  2.5788321118E-02  9.8155818664E+00 -1.4916586986E+02
  2.2251231066E-01  7.1799325494E-01  2.6343462973E-02  9.8153422663E+00 -1.4916656175E+02
  2.2248698885E-01  7.1802361186E-01  2.6903905084E-02  9.8151028380E+00 -1.4916726250E+02
  2.2246075259E-01  7.1805505243E-01  2.7469747468E-02  9.8148636317E+00 -1.4916797231E+02
  2.2243357705E-01  7.1808760605E-01  2.8041092527E-02  9.8146246999E+00 -1.4916869142E+02
  2.2240543658E-01  7.1812130312E-01  2.8618045073E-02  9.8143860973E+00 -1.4916942006E+02
  2.2237630467E-01  7.1815617505E-01  2.9200712344E-02  9.8141478811E+00 -1.4917015846E+02
  2.2234615391E-01  7.1819225433E-01  2.9789204026E-02  9.8139101107E+00 -1.4917090688E+02
  2.2231495598E-01  7.1822957452E-01  3.0383632266E-02  9.8136728482E+00 -1.4917166558E+02
  2.2228268158E-01  7.1826817032E-01  3.0984111683E-02  9.8134361585E+00 -1.4917243482E+02
  2.2224930047E-01  7.1830807761E-01  3.1590759377E-02  9.8132001089E+00 -1.4917321488E+02
  2.2221478136E-01  7.1834933347E-01  3.2203694933E-02  9.8129647697E+00 -1.4917400604E+02
  2.2217909192E-01  7.1839197622E-01  3.2823040418E-02  9.8127302139E+00 -1.4917480860E+02
  2.2214219874E-01  7.1843604549E-01  3.3448920373E-02  9.8124965175E+00 -1.4917562286E+02
  2.2210406729E-01  7.1848158221E-01  3.4081461800E-02  9.8122637594E+00 -1.4917644914E+02
  2.2206466190E-01  7.1852862869E-01  3.4720794143E-02  9.8120320218E+00 -1.4917728777E+02
  2.2202394571E-01  7.1857722867E-01  3.5367049256E-02  9.8118013896E+00 -1.4917813909E+02
  2.2198188064E-01  7.1862742731E-01  3.6020361370E-02  9.8115719512E+00 -1.4917900343E+02
  2.2193842737E-01  7.1867927128E-01  3.6680867043E-02  9.8113437977E+00 -1.4917988117E+02
  2.2189354528E-01  7.1873280877E-01  3.7348705107E-02  9.8111170237E+00 -1.4918077268E+02
  2.2184719243E-01  7.1878808955E-01  3.8024016598E-02  9.8108917269E+00 -1.4918167834E+02
  2.2179932556E-01  7.1884516500E-01  3.8706944683E-02  9.8106680080E+00 -1.4918259855E+02
  2.2174989999E-01  7.1890408815E-01  3.9397634562E-02  9.8104459708E+00 -1.4918353372E+02
  2.2169886965E-01  7.1896491373E-01  4.0096233368E-02  9.8102257222E+00 -1.4918448427E+02
  2.2164618702E-01  7.1902769818E-01  4.0802890049E-02  9.8100073720E+00 -1.4918545065E+02
  2.2159180312E-01  7.1909249971E-01  4.1517755230E-02  9.8097910329E+00 -1.4918643331E+02
  2.2153566745E-01  7.1915937830E-01  4.2240981070E-02  9.8095768202E+00 -1.4918743271E+02
  2.2147772801E-01  7.1922839580E-01  4.2972721093E-02  9.8093648517E+00 -1.4918844933E+02
  2.2141793124E-01  7.1929961586E-01  4.3713130006E-02  9.8091552479E+00 -1.4918948367E+02
  2.2135622204E-01  7.1937310404E-01  4.4462363497E-02  9.8089481309E+00 -1.4919053625E+02
  2.2129254372E-01  7.1944892780E-01  4.5220578020E-02  9.8087436252E+00 -1.4919160759E+02
  2.2122683797E-01  7.1952715649E-01  4.5987930555E-02  9.8085418566E+00 -1.4919269823E+02
  2.2115904493E-01  7.1960786142E-01  4.6764578350E-02  9.8083429521E+00 -1.4919380873E+02
  2.2108910309E-01  7.1969111581E-01  4.7550678649E-02  9.8081470397E+00 -1.4919493967E+02
  2.2101694935E-01  7.1977699487E-01  4.8346388394E-02  9.8079542479E+00 -1.4919609163E+02
  2.2094251899E-01  7.1986557572E-01  4.9151863911E-02  9.8077647049E+00 -1.4919726522E+02
  2.2086574570E-01  7.1995693743E-01  4.9967260582E-02  9.8075785389E+00 -1.4919846107E+02
  2.2078656158E-01  7.2005116099E-01  5.0792732485E-02  9.8073958767E+00 -1.4919967981E+02
  2.2070489717E-01  7.2014832934E-01  5.1628432035E-02  9.8072168435E+00 -1.4920092210E+02
  2.2062068144E-01  7.2024852726E-01  5.2474509591E-02  9.8070415626E+00 -1.4920218860E+02
  2.2053384186E-01  7.2035184140E-01  5.3331113062E-02  9.8068701540E+00 -1.4920348000E+02
  2.2044430443E-01  7.2045836026E-01  5.4198387489E-02  9.8067027345E+00 -1.4920479700E+02
  2.2035199369E-01  7.2056817408E-01  5.5076474621E-02  9.8065394166E+00 -1.4920614032E+02
  2.2025683279E-01  7.2068137484E-01  5.5965512476E-02  9.8063803076E+00 -1.4920751068E+02
  2.2015874356E-01  7.2079805618E-01  5.6865634901E-02  9.8062255093E+00 -1.4920890882E+02
  2.2005764653E-01  7.2091831334E-01  5.7776971114E-02  9.8060751170E+00 -1.4921033551E+02
  2.1995346103E-01  7.2104224309E-01  5.8699645260E-02  9.8059292185E+00 -1.4921179150E+02
  2.1984610524E-01  7.2116994365E-01  5.9633775946E-02  9.8057878940E+00 -1.4921327757E+02
  2.1973549628E-01  7.2130151459E-01  6.0579475793E-02  9.8056512148E+00 -1.4921479451E+02
  2.1962155029E-01  7.2143705676E-01  6.1536850988E-02  9.8055192428E+00 -1.4921634312E+02
  2.1950418252E-01  7.2157667217E-01  6.2506000837E-02  9.8053920297E+00 -1.4921792419E+02
  2.1938330742E-01  7.2172046390E-01  6.3487017335E-02  9.8052696168E+00 -1.4921953855E+02
  2.1925883873E-01  7.2186853599E-01  6.4479984744E-02  9.8051520340E+00 -1.4922118699E+02
  2.1913068960E-01  7.2202099331E-01  6.5484979186E-02  9.8050392994E+00 -1.4922287034E+02
  2.1899877269E-01  7.2217794144E-01  6.6502068250E-02  9.8049314190E+00 -1.4922458942E+02
  2.1886300027E-01  7.2233948658E-01  6.7531310620E-02  9.8048283866E+00 -1.4922634504E+02
  2.1872328435E-01  7.2250573538E-01  6.8572755721E-02  9.8047301831E+00 -1.4922813801E+02
  2.1857953676E-01  7.2267679481E-01  6.9626443380E-02  9.8046367768E+00 -1.4922996914E+02
  2.1843166934E-01  7.2285277206E-01  7.0692403517E-02  9.8045481230E+00 -1.4923183923E+02
  2.1827959399E-01  7.2303377438E-01  7.1770655850E-02  9.8044641647E+00 -1.4923374907E+02
  2.1812322283E-01  7.2321990893E-01  7.2861209625E-02  9.8043848323E+00 -1.4923569945E+02
  2.1796246831E-01  7.2341128263E-01  7.3964063364E-02  9.8043100441E+00 -1.4923769111E+02
  2.1779724336E-01  7.2360800204E-01  7.5079204637E-02  9.8042397070E+00 -1.4923972481E+02
  2.1762746151E-01  7.2381017319E-01  7.6206609854E-02  9.8041737167E+00 -1.4924180126E+02
  2.1745303703E-01  7.2401790143E-01  7.7346244068E-02  9.8041119587E+00 -1.4924392118E+02
  2.1727388505E-01  7.2423129126E-01  7.8498060808E-02  9.8040543089E+00 -1.4924608521E+02
  2.1708992173E-01  7.2445044618E-01  7.9662001917E-02  9.8040006345E+00 -1.4924829402E+02
  2.1690106438E-01  7.2467546854E-01  8.0837997411E-02  9.8039507947E+00 -1.4925054820E+02
  2.1670723161E-01  7.2490645932E-01  8.2025965352E-02  9.8039046423E+00 -1.4925284834E+02
  2.1650834351E-01  7.2514351802E-01  8.3225811728E-02  9.8038620240E+00 -1.4925519494E+02
  2.1630432175E-01  7.2538674242E-01  8.4437430355E-02  9.8038227820E+00 -1.4925758852E+02
  2.1609508981E-01  7.2563622842E-01  8.5660702780E-02  9.8037867547E+00 -1.4926002950E+02
  2.1588057308E-01  7.2589206986E-01  8.6895498199E-02  9.8037537783E+00 -1.4926251827E+02
  2.1566069909E-01  7.2615435830E-01  8.8141673385E-02  9.8037236870E+00 -1.4926505519E+02
  2.1543539763E-01  7.2642318281E-01  8.9399072626E-02  9.8036963151E+00 -1.4926764051E+02
  2.1520460098E-01  7.2669862980E-01  9.0667527673E-02  9.8036714973E+00 -1.4927027448E+02
  2.1496824406E-01  7.2698078276E-01  9.1946857701E-02  9.8036490695E+00 -1.4927295724E+02
  2.1472626463E-01  7.2726972203E-01  9.3236869276E-02  9.8036288704E+00 -1.4927568889E+02
  2.1447860350E-01  7.2756552463E-01  9.4537356341E-02  9.8036107418E+00 -1.4927846946E+02
  2.1422520472E-01  7.2786826397E-01  9.5848100216E-02  9.8035945293E+00 -1.4928129890E+02
  2.1396601578E-01  7.2817800961E-01  9.7168869604E-02  9.8035800832E+00 -1.4928417709E+02
  2.1370098782E-01  7.2849482705E-01  9.8499420630E-02  9.8035672589E+00 -1.4928710383E+02
  2.1343007586E-01  7.2881877747E-01  9.9839496879E-02  9.8035559175E+00 -1.4929007886E+02
  2.1315323897E-01  7.2914991744E-01  1.0118882947E-01  9.8035459259E+00 -1.4929310181E+02
  2.1287044052E-01  7.2948829875E-01  1.0254713716E-01  9.8035371573E+00 -1.4929617226E+02
  2.1258164838E-01  7.2983396805E-01  1.0391412641E-01  9.8035294916E+00 -1.4929928968E+02
