 AIMInt (Version 19.10.12, Professional)
 Portions Copyright (c) 1997-2019 by Todd A. Keith
 AIMInt is a component of the AIMAll package ( http://aim.tkgristmill.com )

 TP:  64-bit Mac OS X

 AIMInt is a heavily modified and extended version of the PROAIMV program
 developed by members of R.F.W. Bader's research group

 Much of the Quantum Theory of Atoms in Molecules (QTAIM) is described in the book:
   "Atoms in Molecules - A Quantum Theory"
   R.F.W. Bader, Oxford University Press, Oxford, 1990

 For additional references see:  http://aim.tkgristmill.com/references.html

 Current Directory:  /Users/chemlab/Documents/SubstituentCoding/BCP Map Reference/BCPMapReference

 Inp File:  SubH_AsSHMe_wb97xd_aug-cc-pvtz_reor_atomicfiles/c5.inp
 Wfx File:  SubH_AsSHMe_wb97xd_aug-cc-pvtz_reor.wfx
 Out File:  SubH_AsSHMe_wb97xd_aug-cc-pvtz_reor_atomicfiles/c5.int

 Wfx Title:   single point on SubH_AsSHMe_wb97xd_aug-cc-pvtz reoriented by subproptools     
 Job Title:   single point on SubH_AsSHMe_wb97xd_aug-cc-pvtz reoriented by subproptools     
 
<Atom>
C5      
</Atom>
<Nuclei of Molecule>
     8
As1       33.0           0.0000000000E+00   0.0000000000E+00   0.0000000000E+00
H2         1.0          -2.8532918063E+00   0.0000000000E+00   0.0000000000E+00
H3         1.0           5.2535709071E-01   2.8045104161E+00   0.0000000000E+00
S4        16.0           1.7001374614E+00  -2.0481909985E+00  -2.8519935645E+00
C5         6.0           8.3088801053E-01  -1.0009867943E+00   3.4157593386E+00
H6         1.0          -1.5731969987E-01   1.8952705810E-01   4.7699276309E+00
H7         1.0           2.8479684478E-01  -2.9666243512E+00   3.6548418188E+00
H8         1.0           2.8634660918E+00  -8.2615160097E-01   3.6548418188E+00
</Nuclei of Molecule>
<Total Number of CPs of DelSqRho>
    41
</Total Number of CPs of DelSqRho>
<Number of (3,+3) CPs of DelSqRho>
     5
</Number of (3,+3) CPs of DelSqRho>
<Number of (3,+1) CPs of DelSqRho>
    15
</Number of (3,+1) CPs of DelSqRho>
<Number of (3,-1) CPs of DelSqRho>
    15
</Number of (3,-1) CPs of DelSqRho>
<Number of (3,-3) CPs of DelSqRho>
     6
</Number of (3,-3) CPs of DelSqRho>
<Number of Degenerate CPs of DelSqRho>
     0
</Number of Degenerate CPs of DelSqRho>
<CP of DelSqRho>
CP# = 1       
Type = (3,+3)
Coords =  8.30887966718478E-01 -1.00098674157023E+00  3.41575921627689E+00
DistFromNuc =  1.4028472514E-07
Rho =  1.2091261802E+02
DelSqRho = -7.4459206653E+05
GradDelSqRho =  7.8406486637E-07  9.3414701041E-07 -3.3771329981E-06
HessDelSqRho_EigVals =  1.5951731426E+10  1.5951731586E+10  1.5951731607E+10
HessDelSqRho_EigVec1 =  2.1720781209E-01 -2.6174825916E-01  9.4037684744E-01
HessDelSqRho_EigVec2 = -6.0291342849E-01  7.2166830025E-01  3.4013271258E-01
HessDelSqRho_EigVec3 =  7.6766930648E-01  6.4084531148E-01  1.0595477819E-03
</CP of DelSqRho>
<CP of DelSqRho>
CP# = 2       
Type = (3,+1)
Coords =  2.06108251597314E-01 -2.48298233163688E-01  4.26439156779338E+00
DistFromNuc =  1.2950160144E+00
Rho =  2.8423357002E-01
DelSqRho = -1.0903999756E+00
GradDelSqRho =  3.3402100530E-15 -3.2317898357E-15 -1.0547118734E-15
HessDelSqRho_EigVals = -8.2902198730E+00  8.1466108672E+00  8.2796213886E+00
HessDelSqRho_EigVec1 = -4.7730101769E-01  5.7501382008E-01  6.6448690373E-01
HessDelSqRho_EigVec2 = -4.2437884825E-01  5.1131735663E-01 -7.4729990898E-01
HessDelSqRho_EigVec3 =  7.6947146254E-01  6.3868119396E-01  2.8591990773E-05
</CP of DelSqRho>
<CP of DelSqRho>
CP# = 3       
Type = (3,+1)
Coords =  4.83028997717991E-01 -2.23990314571328E+00  3.56277704081649E+00
DistFromNuc =  1.2951964419E+00
Rho =  2.8594313378E-01
DelSqRho = -1.1031790406E+00
GradDelSqRho =  5.5511151231E-16 -1.4988010832E-15  1.1796119637E-15
HessDelSqRho_EigVals = -8.5242906954E+00  8.2603508085E+00  8.4015807550E+00
HessDelSqRho_EigVec1 =  2.6175090716E-01  9.5735659157E-01 -1.2228989812E-01
HessDelSqRho_EigVec2 =  4.5333162225E-01 -1.0095340531E-02  8.9128476054E-01
HessDelSqRho_EigVec3 =  8.5204278230E-01 -2.8873247251E-01 -4.3664248127E-01
</CP of DelSqRho>
<CP of DelSqRho>
CP# = 4       
Type = (3,+1)
Coords =  2.11266705008779E+00 -8.87188508850745E-01  3.56278324827863E+00
DistFromNuc =  1.2951924900E+00
Rho =  2.8594456034E-01
DelSqRho = -1.1031977291E+00
GradDelSqRho = -6.6613381478E-16 -3.3306690739E-16 -1.6792123247E-15
HessDelSqRho_EigVals = -8.5240209300E+00  8.2605414525E+00  8.4016669709E+00
HessDelSqRho_EigVec1 =  9.8918365385E-01  8.1003920084E-02  1.2228680998E-01
HessDelSqRho_EigVec2 = -7.3548148332E-02 -4.4740714718E-01  8.9130102352E-01
HessDelSqRho_EigVec3 = -1.2691086967E-01  8.9065437156E-01  4.3661014828E-01
</CP of DelSqRho>
<CP of DelSqRho>
CP# = 5       
Type = (3,-1)
Coords =  6.24270116620766E-01 -1.04103577648844E+00  3.33873940555704E+00
DistFromNuc =  2.2411368800E-01
Rho =  9.2188718638E+00
DelSqRho =  2.7993857554E+02
GradDelSqRho = -2.9869440255E-12  2.6858515412E-12  7.9758422089E-12
HessDelSqRho_EigVals = -5.8192913826E+04 -1.4446897211E+01  3.6729779024E+01
HessDelSqRho_EigVec1 =  9.2209043180E-01  1.7937288375E-01  3.4289153409E-01
HessDelSqRho_EigVec2 = -2.6628491408E-01  9.3705072441E-01  2.2589440990E-01
HessDelSqRho_EigVec3 = -2.8078742868E-01 -2.9960191666E-01  9.1180980003E-01
</CP of DelSqRho>
<CP of DelSqRho>
CP# = 6       
Type = (3,-1)
Coords =  9.08288161951497E-01 -8.05271795670965E-01  3.33874119740725E+00
DistFromNuc =  2.2411367256E-01
Rho =  9.2188723696E+00
DelSqRho =  2.7993869550E+02
GradDelSqRho = -1.7053025658E-12 -4.9165116423E-12 -6.3415939167E-13
HessDelSqRho_EigVals = -5.8192959147E+04 -1.4453306257E+01  3.6724288275E+01
HessDelSqRho_EigVec1 =  3.4605200457E-01  8.7331488418E-01 -3.4288354175E-01
HessDelSqRho_EigVec2 =  8.7202564793E-01 -4.3422512651E-01 -2.2587564911E-01
HessDelSqRho_EigVec3 =  3.4614921563E-01  2.2083852150E-01  9.1181745319E-01
</CP of DelSqRho>
<CP of DelSqRho>
CP# = 7       
Type = (3,+1)
Coords =  6.87803243953026E-01 -8.28638262338769E-01  3.40944893502476E+00
DistFromNuc =  2.2409169575E-01
Rho =  9.2243230139E+00
DelSqRho =  2.7968185424E+02
GradDelSqRho = -2.2772894681E-12  1.6768808564E-12  2.6023627697E-13
HessDelSqRho_EigVals = -5.8249840838E+04  2.4486900566E+01  5.1863277836E+01
HessDelSqRho_EigVec1 = -6.3853239968E-01  7.6912542942E-01 -2.6878399799E-02
HessDelSqRho_EigVec2 =  7.6940158018E-01  6.3876536941E-01  1.0609786572E-04
HessDelSqRho_EigVec3 = -1.7250593543E-02  2.0612536353E-02  9.9963870492E-01
</CP of DelSqRho>
<CP of DelSqRho>
CP# = 8       
Type = (3,+1)
Coords =  6.82920547406765E-01 -1.13893018619584E+00  3.31947035490700E+00
DistFromNuc =  2.2404088441E-01
Rho =  9.2274506992E+00
DelSqRho =  2.7990079305E+02
GradDelSqRho =  1.0977885267E-12 -3.5402791809E-12 -1.5667467324E-12
HessDelSqRho_EigVals = -5.8378602804E+04  1.7079026498E+01  4.9182457177E+01
HessDelSqRho_EigVec1 =  6.6019777565E-01  6.1665902099E-01  4.2880129298E-01
HessDelSqRho_EigVec2 = -7.2665298465E-01  6.6884440134E-01  1.5691592238E-01
HessDelSqRho_EigVec3 = -1.9003772503E-01 -4.1518528228E-01  8.8966670413E-01
</CP of DelSqRho>
<CP of DelSqRho>
CP# = 9       
Type = (3,-3)
Coords =  8.85519811994069E-01 -1.06680437249020E+00  3.62228437263754E+00
DistFromNuc =  2.2353786477E-01
Rho =  9.2441982324E+00
DelSqRho =  2.8367427264E+02
GradDelSqRho =  5.7003290976E-12 -2.7666757774E-12  6.7075234256E-12
HessDelSqRho_EigVals = -5.9849931494E+04 -1.2172619618E+02 -1.1696516965E+02
HessDelSqRho_EigVec1 =  2.4448831977E-01 -2.9454686523E-01  9.2383310488E-01
HessDelSqRho_EigVec2 =  7.6958204375E-01  6.3854794021E-01 -7.7423851448E-05
HessDelSqRho_EigVec3 = -5.8988892126E-01  7.1098429817E-01  3.8279549152E-01
</CP of DelSqRho>
<CP of DelSqRho>
CP# = 10      
Type = (3,+1)
Coords =  9.93735042483933E-01 -8.80972382992668E-01  3.31946975634377E+00
DistFromNuc =  2.2404084094E-01
Rho =  9.2274546076E+00
DelSqRho =  2.7990087056E+02
GradDelSqRho = -7.0166095156E-13 -2.7000623959E-13 -1.2967404928E-12
HessDelSqRho_EigVals = -5.8378715136E+04  1.7086108823E+01  4.9183566805E+01
HessDelSqRho_EigVec1 =  7.2775335181E-01  5.3525906242E-01 -4.2880391209E-01
HessDelSqRho_EigVec2 = -5.2348511306E-01  8.3745935269E-01  1.5692408672E-01
HessDelSqRho_EigVec3 =  4.4310088618E-01  1.1027043432E-01  8.8966400173E-01
</CP of DelSqRho>
<CP of DelSqRho>
CP# = 11      
Type = (3,-3)
Coords =  8.51353930097359E-01 -1.02562919293740E+00  3.19390706668905E+00
DistFromNuc =  2.2415292156E-01
Rho =  9.2115131879E+00
DelSqRho =  2.8034786661E+02
GradDelSqRho =  1.2310152897E-12 -4.5652370773E-13  3.8298253457E-12
HessDelSqRho_EigVals = -5.8176739538E+04 -3.1144628161E+01 -7.4722378832E+00
HessDelSqRho_EigVec1 = -9.1619941111E-02  1.1031690770E-01  9.8966457260E-01
HessDelSqRho_EigVec2 =  7.6949739599E-01  6.3864994737E-01  4.7914019753E-05
HessDelSqRho_EigVec3 = -6.3204394148E-01  7.6154870140E-01 -1.4340164378E-01
</CP of DelSqRho>
<CP of DelSqRho>
CP# = 12      
Type = (3,-1)
Coords =  8.99586010826228E-01 -1.08374144482458E+00  3.21915683493374E+00
DistFromNuc =  2.2409884401E-01
Rho =  9.2168025740E+00
DelSqRho =  2.8033890356E+02
GradDelSqRho =  4.6997961078E-12 -4.3196557442E-12 -5.6203930399E-12
HessDelSqRho_EigVals = -5.8269029569E+04 -3.2876159299E+01  9.3234944424E+00
HessDelSqRho_EigVec1 = -3.0704508922E-01  3.6987111987E-01  8.7688007611E-01
HessDelSqRho_EigVec2 =  7.6946895679E-01  6.3868421250E-01  3.5146840629E-05
HessDelSqRho_EigVec3 = -5.6003646107E-01  6.7474278906E-01 -4.8070919576E-01
</CP of DelSqRho>
<CP of DelSqRho>
CP# = 13      
Type = (3,-1)
Coords =  1.33633304245286E+00 -1.60989680910223E+00  2.74473216509787E+00
DistFromNuc =  1.0375565305E+00
Rho =  1.7145851172E-01
DelSqRho =  3.7386739920E-02
GradDelSqRho = -5.5511151231E-16 -5.1347814889E-16  1.2767564783E-15
HessDelSqRho_EigVals = -1.4790799886E+00 -1.2877716757E+00  9.2882541296E+00
HessDelSqRho_EigVec1 =  7.6948117953E-01  6.3866948475E-01  5.9947740911E-05
HessDelSqRho_EigVec2 = -3.9857999075E-01  4.8029011391E-01 -7.8131645155E-01
HessDelSqRho_EigVec3 = -4.9903176784E-01  6.0118441075E-01  6.2413508069E-01
</CP of DelSqRho>
<CP of DelSqRho>
CP# = 14      
Type = (3,-1)
Coords = -1.96022698121918E-01 -1.09940436457110E+00  3.31703705129276E+00
DistFromNuc =  1.0363289592E+00
Rho =  1.7254609655E-01
DelSqRho =  2.4025459960E-02
GradDelSqRho =  9.3258734069E-15  7.7715611724E-16  1.9706458687E-15
HessDelSqRho_EigVals = -1.4513967047E+00 -1.1963938504E+00  9.3928079266E+00
HessDelSqRho_EigVec1 = -1.2367421120E-01  9.1033982989E-01  3.9495073567E-01
HessDelSqRho_EigVec2 = -2.1589380787E-02 -4.0038047943E-01  9.1609462957E-01
HessDelSqRho_EigVec3 =  9.9208799414E-01  1.0477053887E-01  6.9170413206E-02
</CP of DelSqRho>
<CP of DelSqRho>
CP# = 15      
Type = (3,-1)
Coords =  1.11670280820732E+00 -9.75492074771182E-03  3.31703610556242E+00
DistFromNuc =  1.0363286171E+00
Rho =  1.7254619907E-01
DelSqRho =  2.4025212839E-02
GradDelSqRho =  1.6930901126E-14  6.7945649107E-14 -8.5487172896E-15
HessDelSqRho_EigVals = -1.4513622479E+00 -1.1964372132E+00  9.3928516284E+00
HessDelSqRho_EigVec1 =  8.7201242551E-01 -2.8917756817E-01 -3.9493121404E-01
HessDelSqRho_EigVec2 =  3.9749176231E-01 -5.2493425801E-02  9.1610301776E-01
HessDelSqRho_EigVec3 =  2.8564773525E-01  9.5583511879E-01 -6.9170781638E-02
</CP of DelSqRho>
<CP of DelSqRho>
CP# = 16      
Type = (3,-1)
Coords =  1.07914125623739E+00 -1.30004237046384E+00  4.39014545988626E+00
DistFromNuc =  1.0490434809E+00
Rho =  1.6358497949E-01
DelSqRho =  5.9211606514E-02
GradDelSqRho = -2.0816681712E-15  1.6098233857E-15 -6.8348104953E-15
HessDelSqRho_EigVals = -1.1580688102E+00 -1.1119422677E+00  8.4027399508E+00
HessDelSqRho_EigVec1 = -5.9317967779E-01  7.1408539173E-01  3.7177940124E-01
HessDelSqRho_EigVec2 =  7.6925070189E-01  6.3894705994E-01  1.1060832103E-04
HessDelSqRho_EigVec3 =  2.3746837158E-01 -2.8605717596E-01  9.2832109993E-01
</CP of DelSqRho>
<CP of DelSqRho>
CP# = 17      
Type = (3,+1)
Coords =  1.27126538936732E+00 -4.08248660145668E-01  4.08546763174500E+00
DistFromNuc =  9.9688511342E-01
Rho =  2.0868384299E-01
DelSqRho = -1.6285791264E-01
GradDelSqRho = -3.4139358007E-15 -1.1102230246E-15 -3.5527136788E-15
HessDelSqRho_EigVals = -3.3223575844E+00  1.1704784085E+00  1.4257925069E+01
HessDelSqRho_EigVec1 =  8.9614351111E-01 -2.9798647476E-01 -3.2883258407E-01
HessDelSqRho_EigVec2 = -1.0258277010E-03 -7.4239626863E-01  6.6996024360E-01
HessDelSqRho_EigVec3 =  4.4376317464E-01  6.0004319943E-01  6.6559928159E-01
</CP of DelSqRho>
<CP of DelSqRho>
CP# = 18      
Type = (3,+1)
Coords =  2.11853956945487E-01 -2.55221954538087E-01  3.15453434138988E+00
DistFromNuc =  1.0037962218E+00
Rho =  2.0364802629E-01
DelSqRho = -2.2914119505E-01
GradDelSqRho = -2.4147350786E-15  1.3322676296E-15 -8.3266726847E-16
HessDelSqRho_EigVals = -2.4753072221E+00  1.3355743100E+00  1.3904848182E+01
HessDelSqRho_EigVec1 = -1.4336678731E-01  1.7271085518E-01  9.7448290124E-01
HessDelSqRho_EigVec2 =  7.6945573436E-01  6.3870014314E-01  4.0520852801E-06
HessDelSqRho_EigVec3 = -6.2240166867E-01  7.4982203732E-01 -2.2446174548E-01
</CP of DelSqRho>
<CP of DelSqRho>
CP# = 19      
Type = (3,+1)
Coords =  1.67209744362235E-01 -1.32470190567483E+00  4.08547638469148E+00
DistFromNuc =  9.9688576881E-01
Rho =  2.0868315826E-01
DelSqRho = -1.6285603144E-01
GradDelSqRho =  1.5798473640E-13 -1.3316014957E-12  2.4447111002E-13
HessDelSqRho_EigVals = -3.3222946737E+00  1.1704329198E+00  1.4257848541E+01
HessDelSqRho_EigVec1 = -1.2789276372E-01  9.3568843152E-01  3.2883217620E-01
HessDelSqRho_EigVec2 =  7.2989998213E-01 -1.3567895617E-01  6.6995316026E-01
HessDelSqRho_EigVec3 =  6.7148302814E-01  3.2569676076E-01 -6.6560661276E-01
</CP of DelSqRho>
<CP of DelSqRho>
CP# = 20      
Type = (3,+1)
Coords =  1.44975478391924E+00 -6.55461438148791E-01  2.70652954755091E+00
DistFromNuc =  1.0026917530E+00
Rho =  2.0539636480E-01
DelSqRho = -2.3707940020E-01
GradDelSqRho = -2.7755575616E-15 -2.5396351688E-15  5.1070259133E-15
HessDelSqRho_EigVals = -2.5258587681E+00  1.4094812052E+00  1.4061493301E+01
HessDelSqRho_EigVec1 = -7.4978080198E-01  1.2766724687E-01 -6.4925328114E-01
HessDelSqRho_EigVec2 = -1.3340970231E-01  9.3189230097E-01  3.3731082213E-01
HessDelSqRho_EigVec3 =  6.4809767807E-01  3.3952586569E-01 -6.8168290738E-01
</CP of DelSqRho>
<CP of DelSqRho>
CP# = 21      
Type = (3,+1)
Coords =  1.45162929648890E+00 -1.74880417062176E+00  3.62407314811955E+00
DistFromNuc =  9.9395433274E-01
Rho =  2.1152377142E-01
DelSqRho = -1.7501362515E-01
GradDelSqRho =  2.2759572005E-15 -1.4432899320E-15  4.9960036108E-16
HessDelSqRho_EigVals = -3.4302583503E+00  1.2670736955E+00  1.4620020953E+01
HessDelSqRho_EigVec1 = -7.6945432811E-01 -6.3870183728E-01  1.5368501221E-06
HessDelSqRho_EigVec2 = -1.2860588347E-01  1.5493592355E-01  9.7951793569E-01
HessDelSqRho_EigVec3 = -6.2562014329E-01  7.5369411743E-01 -2.0135693101E-01
</CP of DelSqRho>
<CP of DelSqRho>
CP# = 22      
Type = (3,+3)
Coords =  5.88967354491487E-01 -7.09534419972492E-01  2.47380802952856E+00
DistFromNuc =  1.0152548247E+00
Rho =  2.2792315709E-01
DelSqRho = -6.2102444534E-01
GradDelSqRho = -5.5511151231E-16 -5.4123372450E-16  2.1371793224E-15
HessDelSqRho_EigVals =  2.3167492608E+00  2.3994013922E+00  1.3493372506E+01
HessDelSqRho_EigVec1 =  7.6937599502E-01  6.3879619236E-01  5.4006492793E-05
HessDelSqRho_EigVec2 = -5.9171393431E-01  7.1263753543E-01  3.7685854512E-01
HessDelSqRho_EigVec3 =  2.4069731663E-01 -2.8997787453E-01  9.2627082112E-01
</CP of DelSqRho>
<CP of DelSqRho>
CP# = 23      
Type = (3,+1)
Coords =  3.77327064310797E-01 -1.54564512355970E+00  2.70652107492499E+00
DistFromNuc =  1.0026909505E+00
Rho =  2.0539711937E-01
DelSqRho = -2.3709030169E-01
GradDelSqRho =  1.6683876503E-13  2.4424906542E-15  6.4015459600E-13
HessDelSqRho_EigVals = -2.5257870065E+00  1.4095312973E+00  1.4061663473E+01
HessDelSqRho_EigVec1 =  1.2576166342E-02  7.6047501449E-01 -6.4924540228E-01
HessDelSqRho_EigVec2 =  8.9139828531E-01 -3.0271130348E-01 -3.3730544570E-01
HessDelSqRho_EigVec3 =  4.5304628571E-01  5.7449422894E-01  6.8169307164E-01
</CP of DelSqRho>
<CP of DelSqRho>
CP# = 24      
Type = (3,+3)
Coords =  1.87937231415446E+00 -9.05261677046615E-01  3.53172770384160E+00
DistFromNuc =  1.0592125824E+00
Rho =  2.9659076170E-01
DelSqRho = -1.1753377326E+00
GradDelSqRho =  2.2204460493E-16  1.3322676296E-15  1.7486012638E-15
HessDelSqRho_EigVals =  6.9948985013E+00  7.2391386565E+00  7.8179102982E+00
HessDelSqRho_EigVec1 =  1.8281960673E-01 -4.4219100795E-01  8.7809117060E-01
HessDelSqRho_EigVec2 = -1.2940385090E-01  8.7455051032E-01  4.6735002757E-01
HessDelSqRho_EigVec3 =  9.7459306111E-01  1.9906912716E-01 -1.0266376110E-01
</CP of DelSqRho>
<CP of DelSqRho>
CP# = 25      
Type = (3,+3)
Coords =  3.15525085055536E-01 -3.80115658457493E-01  4.10857937592972E+00
DistFromNuc =  1.0635222219E+00
Rho =  2.9393360313E-01
DelSqRho = -1.1579838456E+00
GradDelSqRho =  2.1357915436E-14 -2.3717139364E-14 -3.0642155480E-14
HessDelSqRho_EigVals =  6.8954918153E+00  7.1404270731E+00  7.6166778965E+00
HessDelSqRho_EigVec1 =  2.5067125787E-01 -3.0196001744E-01  9.1977392241E-01
HessDelSqRho_EigVec2 =  7.6942998004E-01  6.3873116865E-01 -2.9421505874E-06
HessDelSqRho_EigVec3 = -5.8748738394E-01  7.0770236827E-01  3.9244863568E-01
</CP of DelSqRho>
<CP of DelSqRho>
CP# = 26      
Type = (3,+3)
Coords =  5.43750231125724E-01 -2.01391763209845E+00  3.53172014694203E+00
DistFromNuc =  1.0592090896E+00
Rho =  2.9659007094E-01
DelSqRho = -1.1753259276E+00
GradDelSqRho = -7.7715611724E-16  1.3322676296E-15  1.5820678101E-15
HessDelSqRho_EigVals =  6.9946986308E+00  7.2390456943E+00  7.8181886219E+00
HessDelSqRho_EigVec1 =  4.0099197771E-01 -2.6097855140E-01  8.7812050968E-01
HessDelSqRho_EigVec2 =  8.3579648638E-01 -2.8819845952E-01 -4.6731775194E-01
HessDelSqRho_EigVec3 =  3.7503288811E-01  9.2132070618E-01  1.0255968602E-01
</CP of DelSqRho>
<CP of DelSqRho>
CP# = 27      
Type = (3,-1)
Coords =  1.72040862513235E+00 -2.07253037351166E+00  4.15655497889740E+00
DistFromNuc =  1.5774126747E+00
Rho =  8.3863151938E-02
DelSqRho =  1.7810852143E-01
GradDelSqRho = -3.6609604237E-14  4.4020342926E-14 -4.7906123513E-14
HessDelSqRho_EigVals = -1.6805517388E+00 -8.5648288114E-02  2.2061182985E-02
HessDelSqRho_EigVec1 = -5.3747995843E-01  6.4754362538E-01 -5.4018751144E-01
HessDelSqRho_EigVec2 = -7.6950982861E-01 -6.3863496174E-01  9.6470714732E-05
HessDelSqRho_EigVec3 = -3.4492016171E-01  4.1573145042E-01  8.4154467688E-01
</CP of DelSqRho>
<CP of DelSqRho>
CP# = 28      
Type = (3,-3)
Coords =  1.18014190706169E+00 -1.42150033120027E+00  4.78605078058377E+00
DistFromNuc =  1.4752994797E+00
Rho =  7.9101452178E-02
DelSqRho =  1.8567939286E-01
GradDelSqRho = -2.6801477704E-16 -5.9847959921E-17 -2.2204460493E-16
HessDelSqRho_EigVals = -1.6792170292E+00 -3.9143288253E-02 -3.8649702693E-02
HessDelSqRho_EigVec1 =  2.3796621617E-01 -2.8660569967E-01  9.2802438162E-01
HessDelSqRho_EigVec2 =  7.5822400496E-01  6.5195740334E-01  6.9211654294E-03
HessDelSqRho_EigVec3 = -6.0701601154E-01  7.0200335978E-01  3.7245515782E-01
</CP of DelSqRho>
<CP of DelSqRho>
CP# = 29      
Type = (3,-1)
Coords =  2.21832836185012E-02 -2.13051796375103E+00  2.45235337112978E+00
DistFromNuc =  1.6905605746E+00
Rho =  8.3677326498E-02
DelSqRho =  1.4865755236E-01
GradDelSqRho = -9.8618682665E-13  1.1138034939E-12  2.1261881145E-12
HessDelSqRho_EigVals = -1.2970635585E+00 -4.5013800594E-01  7.4253299785E-02
HessDelSqRho_EigVec1 =  4.8277273538E-01  3.2795690400E-01  8.1201893764E-01
HessDelSqRho_EigVec2 =  1.2904374071E-01  8.9046938717E-01 -4.3636221593E-01
HessDelSqRho_EigVec3 =  8.6618600713E-01 -3.1544974184E-01 -3.8757355614E-01
</CP of DelSqRho>
<CP of DelSqRho>
CP# = 30      
Type = (3,-1)
Coords = -2.41883641625634E-01  2.91384900074183E-01  3.27818758035516E+00
DistFromNuc =  1.6852268699E+00
Rho =  8.3341294153E-02
DelSqRho =  1.4720591722E-01
GradDelSqRho =  1.7347234760E-16 -1.1102230246E-16  2.7061686225E-16
HessDelSqRho_EigVals = -1.2982204052E+00 -4.2960804641E-01  6.8371623662E-02
HessDelSqRho_EigVec1 = -5.6673370973E-01  6.8273852641E-01 -4.6117351053E-01
HessDelSqRho_EigVec2 = -2.9455032445E-01  3.5485365044E-01  8.8730997579E-01
HessDelSqRho_EigVec3 =  7.6944980904E-01  6.3870728141E-01 -6.6712558826E-06
</CP of DelSqRho>
<CP of DelSqRho>
CP# = 31      
Type = (3,-1)
Coords =  1.51286522173129E+00 -3.45700590213921E-01  4.68278240598965E+00
DistFromNuc =  1.5810883527E+00
Rho =  8.3999459932E-02
DelSqRho =  1.7730197491E-01
GradDelSqRho = -2.4980018054E-16 -2.2898349883E-16 -8.3266726847E-16
HessDelSqRho_EigVals = -1.6634907459E+00 -9.2046241460E-02  1.9016342180E-02
HessDelSqRho_EigVec1 =  4.2646670170E-01  3.5865629062E-01  8.3035644005E-01
HessDelSqRho_EigVec2 =  8.9520401268E-01 -2.9866661036E-01 -3.3076884911E-01
HessDelSqRho_EigVec3 =  1.2936741487E-01  8.8440031719E-01 -4.4844191477E-01
</CP of DelSqRho>
<CP of DelSqRho>
CP# = 32      
Type = (3,-3)
Coords =  1.32235303317190E+00  4.16444811746184E-01  3.56376623697559E+00
DistFromNuc =  1.5075000061E+00
Rho =  8.1593478428E-02
DelSqRho =  1.8766901733E-01
GradDelSqRho =  1.4536982729E-15 -9.1593399532E-16  4.2500725161E-15
HessDelSqRho_EigVals = -1.7634428885E+00 -6.5565562395E-02 -3.6930967835E-02
HessDelSqRho_EigVec1 =  3.2000705702E-01  9.4719306994E-01  2.0512720848E-02
HessDelSqRho_EigVec2 =  3.3250390444E-01 -1.3255706904E-01  9.3373967303E-01
HessDelSqRho_EigVec3 =  8.8715085357E-01 -2.9198272501E-01 -3.5736459156E-01
</CP of DelSqRho>
<CP of DelSqRho>
CP# = 33      
Type = (3,-1)
Coords =  2.09001398393909E+00 -4.14098464547708E-01  2.45236167158081E+00
DistFromNuc =  1.6905535169E+00
Rho =  8.3678268583E-02
DelSqRho =  1.4865927830E-01
GradDelSqRho =  2.8449465006E-16 -2.3245294578E-16  4.1633363423E-16
HessDelSqRho_EigVals = -1.2970985031E+00 -4.5016014272E-01  7.4253345131E-02
HessDelSqRho_EigVec1 = -4.1123900340E-01 -4.1412325365E-01  8.1202488439E-01
HessDelSqRho_EigVec2 =  8.9900676543E-01 -3.7120706406E-02  4.3635866999E-01
HessDelSqRho_EigVec3 = -1.5056333485E-01  9.0946356933E-01  3.8756508906E-01
</CP of DelSqRho>
<CP of DelSqRho>
CP# = 34      
Type = (3,-1)
Coords =  6.13864973392739E-02 -1.55063941564117E+00  4.68286696828362E+00
DistFromNuc =  1.5810794819E+00
Rho =  8.3998375207E-02
DelSqRho =  1.7729946595E-01
GradDelSqRho =  6.2450045135E-17  9.0205620751E-17  0.0000000000E+00
HessDelSqRho_EigVals = -1.6634774156E+00 -9.2007604774E-02  1.9019752680E-02
HessDelSqRho_EigVec1 = -4.3092920417E-01 -3.5315206331E-01  8.3041172991E-01
HessDelSqRho_EigVec2 = -1.2879572474E-01  9.3488931585E-01  3.3074707618E-01
HessDelSqRho_EigVec3 = -8.9314706643E-01  3.5575093731E-02 -4.4835558481E-01
</CP of DelSqRho>
<CP of DelSqRho>
CP# = 35      
Type = (3,-3)
Coords =  1.64729837976426E+00 -1.98452198752027E+00  2.63609943054020E+00
DistFromNuc =  1.4972431130E+00
Rho =  8.1233130988E-02
DelSqRho =  1.9524167668E-01
GradDelSqRho = -2.2930823906E-12  2.7598062724E-12  7.3707706605E-12
HessDelSqRho_EigVals = -1.7848677678E+00 -9.3664107463E-02 -4.5639494536E-02
HessDelSqRho_EigVec1 = -5.2321481504E-01  6.3032123096E-01  5.7353413423E-01
HessDelSqRho_EigVec2 =  3.6630119007E-01 -4.4132169857E-01  8.1918166271E-01
HessDelSqRho_EigVec3 =  7.6946065233E-01  6.3869421805E-01  1.8633859994E-05
</CP of DelSqRho>
<CP of DelSqRho>
CP# = 36      
Type = (3,-3)
Coords = -6.52797862216447E-01 -1.22307837181033E+00  3.56377097063625E+00
DistFromNuc =  1.5074998776E+00
Rho =  8.1593562474E-02
DelSqRho =  1.8766829997E-01
GradDelSqRho =  2.1510571102E-14 -2.1094237468E-15  1.1688566781E-14
HessDelSqRho_EigVals = -1.7634362515E+00 -6.5560675828E-02 -3.6934688599E-02
HessDelSqRho_EigVec1 =  9.8991942796E-01  1.4013722905E-01 -2.0520311215E-02
HessDelSqRho_EigVec2 =  6.9082768249E-02 -3.5127076968E-01  9.3372180948E-01
HessDelSqRho_EigVec3 = -1.2364100157E-01  9.2572695942E-01  3.5741082710E-01
</CP of DelSqRho>
<CP of DelSqRho>
CP# = 37      
Type = (3,+1)
Coords = -4.67939449867831E-01  5.63697777750894E-01  2.29671809477982E+00
DistFromNuc =  2.3210867902E+00
Rho =  4.3224860139E-02
DelSqRho =  7.4746225388E-02
GradDelSqRho =  1.6306400674E-16 -3.8857805862E-16 -2.2724877535E-16
HessDelSqRho_EigVals = -2.1364474532E-01  7.4872627470E-03  2.0336599412E-01
HessDelSqRho_EigVec1 = -5.7102677979E-01  6.8790254459E-01  4.4801618933E-01
HessDelSqRho_EigVec2 =  7.6944558658E-01  6.3871236819E-01  4.8484498807E-06
HessDelSqRho_EigVec3 =  2.8615014601E-01 -3.4472684819E-01  8.9402544375E-01
</CP of DelSqRho>
<CP of DelSqRho>
CP# = 38      
Type = (3,-1)
Coords = -1.04428106831729E+00 -5.07653258919292E-01  2.10274762274344E+00
DistFromNuc =  2.3417166390E+00
Rho =  4.2570713497E-02
DelSqRho =  7.7038529181E-02
GradDelSqRho =  9.6624097612E-16 -4.9764879717E-16 -9.1181402706E-16
HessDelSqRho_EigVals = -2.2215891655E-01 -6.5370902747E-03  1.6579892917E-01
HessDelSqRho_EigVec1 =  9.2885243766E-01  3.5506330949E-02 -3.6874442302E-01
HessDelSqRho_EigVec2 =  7.4801187418E-02  9.5691663969E-01  2.8056251896E-01
HessDelSqRho_EigVec3 =  3.6281941983E-01 -2.8818370035E-01  8.8617843770E-01
</CP of DelSqRho>
<CP of DelSqRho>
CP# = 39      
Type = (3,+1)
Coords =  1.79613832515250E+00  8.86750779741075E-02  1.55609492410346E+00
DistFromNuc =  2.3616568126E+00
Rho =  4.2585270633E-02
DelSqRho =  7.2983091014E-02
GradDelSqRho =  3.4694469520E-18 -2.0816681712E-17  5.8980598183E-17
HessDelSqRho_EigVals = -2.1004794716E-01  1.1365229023E-02  1.8381942850E-01
HessDelSqRho_EigVec1 =  9.3274122224E-01  3.5848487210E-01 -3.8502062396E-02
HessDelSqRho_EigVec2 = -3.1831048517E-01  8.6891933579E-01  3.7902192935E-01
HessDelSqRho_EigVec3 =  1.6932881435E-01 -3.4127376748E-01  9.2458637685E-01
</CP of DelSqRho>
<CP of DelSqRho>
CP# = 40      
Type = (3,-1)
Coords =  6.91222837519784E-01  9.32960360239421E-01  2.10275528860373E+00
DistFromNuc =  2.3417168046E+00
Rho =  4.2570727568E-02
DelSqRho =  7.7038684969E-02
GradDelSqRho =  3.1225022568E-17 -5.6378512969E-18  7.5894152074E-18
HessDelSqRho_EigVals = -2.2216051213E-01 -6.5374353401E-03  1.6579683565E-01
HessDelSqRho_EigVec1 =  2.0590209591E-01  9.0643930970E-01  3.6874395552E-01
HessDelSqRho_EigVec2 =  9.5433297600E-01 -1.0264988978E-01 -2.8055582517E-01
HessDelSqRho_EigVec3 =  2.1645530211E-01 -4.0967154888E-01  8.8618075144E-01
</CP of DelSqRho>
<CP of DelSqRho>
CP# = 41      
Type = (3,+1)
Coords = -4.17883259464535E-01 -1.74909427318670E+00  1.55609503757651E+00
DistFromNuc =  2.3616616602E+00
Rho =  4.2585162601E-02
DelSqRho =  7.2983406299E-02
GradDelSqRho =  1.4697618123E-13 -3.3846189740E-14 -7.1307543204E-14
HessDelSqRho_EigVals = -2.1004804376E-01  1.1364519867E-02  1.8382217725E-01
HessDelSqRho_EigVec1 =  5.2410469419E-01  8.5078314079E-01  3.8500868557E-02
HessDelSqRho_EigVec2 =  7.9544844054E-01 -4.7286484268E-01 -3.7902588172E-01
HessDelSqRho_EigVec3 =  3.0426312293E-01 -2.2927469968E-01  9.2458480634E-01
</CP of DelSqRho>
<Path of -GradDelSqRho>
Starting CP# =      2
Ending CP# =      0
Number of Points =     32
  2.0610825160E-01 -2.4829823316E-01  4.2643915678E+00  2.8423357002E-01 -1.0903999756E+00
  1.9417363114E-01 -2.3392037008E-01  4.2810000560E+00  2.8424330200E-01 -1.0932348418E+00
  1.8223548688E-01 -2.1953827426E-01  4.2976023458E+00  2.8453480701E-01 -1.1027673414E+00
  1.7029477830E-01 -2.0515310079E-01  4.3142001246E+00  2.8512893155E-01 -1.1206557197E+00
  1.5835223333E-01 -1.9076572578E-01  4.3307946737E+00  2.8604529164E-01 -1.1487086156E+00
  1.4640840414E-01 -1.7637681362E-01  4.3473869656E+00  2.8730154753E-01 -1.1888640676E+00
  1.3446370614E-01 -1.6198686388E-01  4.3639777322E+00  2.8891259447E-01 -1.2431410763E+00
  1.2251844511E-01 -1.4759624409E-01  4.3805675122E+00  2.9088969036E-01 -1.3135462160E+00
  1.1057283497E-01 -1.3320521111E-01  4.3971566824E+00  2.9323957113E-01 -1.4019080899E+00
  9.8627007187E-02 -1.1881392241E-01  4.4137454740E+00  2.9596365565E-01 -1.5096028607E+00
  8.6681011517E-02 -1.0442243700E-01  4.4303339741E+00  2.9905752312E-01 -1.6371329565E+00
  7.4734806723E-02 -9.0030704169E-02  4.4469221089E+00  3.0251096383E-01 -1.7835453425E+00
  6.2788237470E-02 -7.5638535593E-02  4.4635096032E+00  3.0630905253E-01 -1.9457515038E+00
  5.0840990660E-02 -6.1245552630E-02  4.4800959028E+00  3.1043483427E-01 -2.1179658725E+00
  3.8892523266E-02 -4.6851099232E-02  4.4966800470E+00  3.1487426197E-01 -2.2917195787E+00
  2.6941978326E-02 -3.2454140624E-02  4.5132605191E+00  3.1962383648E-01 -2.4571817548E+00
  1.4988280451E-02 -1.8053378828E-02  4.5298354146E+00  3.2470079402E-01 -2.6066880540E+00
  3.0313032167E-03 -3.6486622645E-03  4.5464045073E+00  3.3015451649E-01 -2.7412015307E+00
 -8.9248033639E-03  1.0754997936E-02  4.5629751463E+00  3.3607613914E-01 -2.8796731756E+00
 -2.0872371035E-02  2.5148345905E-02  4.5795608963E+00  3.4260144174E-01 -3.0698495665E+00
 -3.2809364639E-02  3.9528927997E-02  4.5961653235E+00  3.4990070368E-01 -3.3972456952E+00
 -4.4739069267E-02  5.3900711688E-02  4.6127826027E+00  3.5814928341E-01 -3.9873603675E+00
 -5.6664586145E-02  6.8267441048E-02  4.6294072570E+00  3.6747531555E-01 -4.9955069348E+00
 -6.8587690269E-02  8.2631258702E-02  4.6460361574E+00  3.7788653475E-01 -6.5795430473E+00
 -8.0509315026E-02  9.6993291252E-02  4.6626676601E+00  3.8918660935E-01 -8.8540218033E+00
 -9.2429961360E-02  1.1135414330E-01  4.6793008835E+00  4.0090117072E-01 -1.1830759372E+01
 -1.0434991082E-01  1.2571415461E-01  4.6959353321E+00  4.1224184190E-01 -1.5360770257E+01
 -1.1626933146E-01  1.4007352799E-01  4.7125707103E+00  4.2213799587E-01 -1.9103109027E+01
 -1.2818833489E-01  1.5443239806E-01  4.7292068218E+00  4.2935514909E-01 -2.2549561809E+01
 -1.4010701845E-01  1.6879088214E-01  4.7458434957E+00  4.3269358383E-01 -2.5120813369E+01
 -1.5202556603E-01  1.8314920162E-01  4.7624804090E+00  4.3122693681E-01 -2.6317946945E+01
 -1.5440940251E-01  1.8602101819E-01  4.7658075689E+00  4.3030785986E-01 -2.6363766051E+01
</Path of -GradDelSqRho>
<Path of -GradDelSqRho>
Starting CP# =      2
Ending CP# =     25
Number of Points =     10
  2.0610825160E-01 -2.4829823316E-01  4.2643915678E+00  2.8423357002E-01 -1.0903999756E+00
  2.1803821731E-01 -2.6267050149E-01  4.2477748952E+00  2.8448417073E-01 -1.0927588512E+00
  2.2996172823E-01 -2.7703500767E-01  4.2311468820E+00  2.8497362691E-01 -1.0989548527E+00
  2.4187644767E-01 -2.9138893746E-01  4.2145034415E+00  2.8568090801E-01 -1.1077640289E+00
  2.5377905065E-01 -3.0572828615E-01  4.1978387774E+00  2.8658586062E-01 -1.1180750874E+00
  2.6566455988E-01 -3.2004705882E-01  4.1811442505E+00  2.8766960131E-01 -1.1288653135E+00
  2.7752494065E-01 -3.3433557791E-01  4.1644059960E+00  2.8891489126E-01 -1.1391731040E+00
  2.8934560543E-01 -3.4857627339E-01  4.1475990537E+00  2.9030650980E-01 -1.1480671236E+00
  3.0109400240E-01 -3.6272993841E-01  4.1306684790E+00  2.9183162214E-01 -1.1546112408E+00
  3.1552508506E-01 -3.8011565846E-01  4.1085793759E+00  2.9393360313E-01 -1.1579838456E+00
</Path of -GradDelSqRho>
<Path of -GradDelSqRho>
Starting CP# =      3
Ending CP# =     26
Number of Points =     10
  4.8302899772E-01 -2.2399031457E+00  3.5627770408E+00  2.8594313378E-01 -1.1031790406E+00
  4.8957122587E-01 -2.2159695043E+00  3.5597143548E+00  2.8625687449E-01 -1.1056083854E+00
  4.9610917269E-01 -2.1920364028E+00  3.5566383372E+00  2.8681068714E-01 -1.1120051425E+00
  5.0264064918E-01 -2.1681037900E+00  3.5535448245E+00  2.8758347452E-01 -1.1211299026E+00
  5.0916251140E-01 -2.1441715824E+00  3.5504279860E+00  2.8855498032E-01 -1.1318572143E+00
  5.1567005627E-01 -2.1202396564E+00  3.5472792348E+00  2.8970618983E-01 -1.1431521689E+00
  5.2215577640E-01 -2.0963078397E+00  3.5440849788E+00  2.9101971127E-01 -1.1540435038E+00
  5.2860637163E-01 -2.0723759159E+00  3.5408212319E+00  2.9248015560E-01 -1.1635932456E+00
  5.3499358786E-01 -2.0484437467E+00  3.5374371714E+00  2.9407451917E-01 -1.1708620234E+00
  5.4375023113E-01 -2.0139176321E+00  3.5317201469E+00  2.9659007094E-01 -1.1753259276E+00
</Path of -GradDelSqRho>
<Path of -GradDelSqRho>
Starting CP# =      3
Ending CP# =      0
Number of Points =     32
  4.8302899772E-01 -2.2399031457E+00  3.5627770408E+00  2.8594313378E-01 -1.1031790406E+00
  4.7648410025E-01 -2.2638373383E+00  3.5658297010E+00  2.8589096360E-01 -1.1060896988E+00
  4.6993757874E-01 -2.2877721026E+00  3.5688743869E+00  2.8612177033E-01 -1.1158597977E+00
  4.6339025434E-01 -2.3117074302E+00  3.5719129113E+00  2.8665630113E-01 -1.1341615163E+00
  4.5684271510E-01 -2.3356433015E+00  3.5749466868E+00  2.8751399717E-01 -1.1628142405E+00
  4.5029537299E-01 -2.3595796881E+00  3.5779768205E+00  2.8871225937E-01 -1.2037613163E+00
  4.4374850385E-01 -2.3835165550E+00  3.5810041796E+00  2.9026563252E-01 -1.2590181913E+00
  4.3720227442E-01 -2.4074538625E+00  3.5840294384E+00  2.9218493087E-01 -1.3305737029E+00
  4.3065675849E-01 -2.4313915656E+00  3.5870531103E+00  2.9447635969E-01 -1.4202164467E+00
  4.2411194246E-01 -2.4553296136E+00  3.5900755665E+00  2.9714074043E-01 -1.5292489604E+00
  4.1756771969E-01 -2.4792679474E+00  3.5930970436E+00  3.0017303130E-01 -1.6580528455E+00
  4.1102387068E-01 -2.5032064951E+00  3.5961176348E+00  3.0356245601E-01 -1.8054957575E+00
  4.0448002348E-01 -2.5271451646E+00  3.5991372651E+00  3.0729370250E-01 -1.9682530047E+00
  3.9793558371E-01 -2.5510838308E+00  3.6021556368E+00  3.1134978971E-01 -2.1402788071E+00
  3.9138962463E-01 -2.5750223172E+00  3.6051721395E+00  3.1571723396E-01 -2.3129081531E+00
  3.8484077555E-01 -2.5989603778E+00  3.6081857471E+00  3.2039392779E-01 -2.4763420483E+00
  3.7828745757E-01 -2.6228977413E+00  3.6111951733E+00  3.2539949230E-01 -2.6234146520E+00
  3.7172994756E-01 -2.6468344728E+00  3.6142004931E+00  3.3078664427E-01 -2.7563214149E+00
  3.6517540294E-01 -2.6707718250E+00  3.6172073356E+00  3.3665038568E-01 -2.8961693630E+00
  3.5863493910E-01 -2.6947116740E+00  3.6202249377E+00  3.4312994837E-01 -3.0937408163E+00
  3.5211011973E-01 -2.7186542112E+00  3.6232550567E+00  3.5039712551E-01 -3.4380273377E+00
  3.4559560079E-01 -2.7425984838E+00  3.6262936158E+00  3.5862491301E-01 -4.0575137381E+00
  3.3908691001E-01 -2.7665437238E+00  3.6293370388E+00  3.6793326174E-01 -5.1086164286E+00
  3.3258156829E-01 -2.7904895126E+00  3.6323833033E+00  3.7831461215E-01 -6.7467752130E+00
  3.2607828562E-01 -2.8144356348E+00  3.6354313430E+00  3.8955044373E-01 -9.0791850717E+00
  3.1957637273E-01 -2.8383819762E+00  3.6384805830E+00  4.0113983504E-01 -1.2104932537E+01
  3.1307544317E-01 -2.8623284727E+00  3.6415307004E+00  4.1226872411E-01 -1.5658453940E+01
  3.0657526625E-01 -2.8862750861E+00  3.6445815054E+00  4.2184906232E-01 -1.9382506417E+01
  3.0007568728E-01 -2.9102217892E+00  3.6476328791E+00  4.2864494144E-01 -2.2759061376E+01
  2.9357656587E-01 -2.9341685552E+00  3.6506847339E+00  4.3147637897E-01 -2.5211450230E+01
  2.8707759674E-01 -2.9581153180E+00  3.6537369386E+00  4.2945759124E-01 -2.6258224524E+01
  2.8642747098E-01 -2.9605099410E+00  3.6540420900E+00  4.2896894159E-01 -2.6273790772E+01
</Path of -GradDelSqRho>
<Path of -GradDelSqRho>
Starting CP# =      4
Ending CP# =      0
Number of Points =     32
  2.1126670501E+00 -8.8718850885E-01  3.5627832483E+00  2.8594456034E-01 -1.1031977291E+00
  2.1373971224E+00 -8.8516235584E-01  3.5658358240E+00  2.8589239694E-01 -1.1061083020E+00
  2.1621280573E+00 -8.8313471070E-01  3.5688804111E+00  2.8612320703E-01 -1.1158781417E+00
  2.1868596954E+00 -8.8110637925E-01  3.5719188227E+00  2.8665773783E-01 -1.1341794230E+00
  2.2115919089E+00 -8.7907793599E-01  3.5749524726E+00  2.8751543061E-01 -1.1628315299E+00
  2.2363245940E+00 -8.7704978075E-01  3.5779824683E+00  2.8871368651E-01 -1.2037778109E+00
  2.2610576656E+00 -8.7502217835E-01  3.5810096783E+00  2.9026705059E-01 -1.2590337234E+00
  2.2857910535E+00 -8.7299528542E-01  3.5840347777E+00  2.9218633750E-01 -1.3305881268E+00
  2.3105247000E+00 -8.7096916629E-01  3.5870582808E+00  2.9447775295E-01 -1.4202296595E+00
  2.3352585576E+00 -8.6894379833E-01  3.5900805603E+00  2.9714211891E-01 -1.5292609335E+00
  2.3599925877E+00 -8.6691906588E-01  3.5931018536E+00  3.0017439409E-01 -1.6580636701E+00
  2.3847267600E+00 -8.6489474003E-01  3.5961222554E+00  3.0356380264E-01 -1.8055057011E+00
  2.4094610520E+00 -8.6287043822E-01  3.5991416920E+00  3.0729503272E-01 -1.9682625631E+00
  2.4341954503E+00 -8.6084555327E-01  3.6021598678E+00  3.1135110312E-01 -2.1402887198E+00
  2.4589299515E+00 -8.5881914181E-01  3.6051761745E+00  3.1571852939E-01 -2.3129193220E+00
  2.4836645658E+00 -8.5678981129E-01  3.6081895892E+00  3.2039520246E-01 -2.4763552807E+00
  2.5083993172E+00 -8.5475595977E-01  3.6111988282E+00  3.2540074082E-01 -2.6234301544E+00
  2.5331342186E+00 -8.5271787088E-01  3.6142039643E+00  3.3078785778E-01 -2.7563380141E+00
  2.5578691857E+00 -8.5068280967E-01  3.6172106102E+00  3.3665155147E-01 -2.8961835500E+00
  2.5826040183E+00 -8.4866204771E-01  3.6202279827E+00  3.4313105052E-01 -3.0937458694E+00
  2.6073386167E+00 -8.4665715855E-01  3.6232578405E+00  3.5039814719E-01 -3.4380129480E+00
  2.6320730268E+00 -8.4466271416E-01  3.6262961192E+00  3.5862584080E-01 -4.0574666541E+00
  2.6568073160E+00 -8.4267417695E-01  3.6293392519E+00  3.6793409204E-01 -5.1085225914E+00
  2.6815415287E+00 -8.4068903289E-01  3.6323852206E+00  3.7831535870E-01 -6.7466236155E+00
  2.7062756903E+00 -8.3870597424E-01  3.6354329613E+00  3.8955114470E-01 -9.0789730674E+00
  2.7310098155E+00 -8.3672430238E-01  3.6384819006E+00  4.0114055724E-01 -1.2104671479E+01
  2.7557439123E+00 -8.3474362569E-01  3.6415317159E+00  4.1226956126E-01 -1.5658172985E+01
  2.7804779854E+00 -8.3276371029E-01  3.6445822179E+00  4.2185012538E-01 -1.9382251672E+01
  2.8052120368E+00 -8.3078439917E-01  3.6476332879E+00  4.2864634070E-01 -2.2758888258E+01
  2.8299460659E+00 -8.2880554935E-01  3.6506848382E+00  4.3147820114E-01 -2.5211409539E+01
  2.8546800639E+00 -8.2682684856E-01  3.6537367372E+00  4.2945987758E-01 -2.6258346472E+01
  2.8571534534E+00 -8.2662874115E-01  3.6540418565E+00  4.2897127441E-01 -2.6273929466E+01
</Path of -GradDelSqRho>
<Path of -GradDelSqRho>
Starting CP# =      4
Ending CP# =     24
Number of Points =     10
  2.1126670501E+00 -8.8718850885E-01  3.5627832483E+00  2.8594456034E-01 -1.1031977291E+00
  2.0879380126E+00 -8.8921213837E-01  3.5597206321E+00  2.8625829092E-01 -1.1056269906E+00
  2.0632102959E+00 -8.9123165751E-01  3.5566446691E+00  2.8681209023E-01 -1.1120235017E+00
  2.0384842526E+00 -8.9324490482E-01  3.5535511957E+00  2.8758486127E-01 -1.1211478587E+00
  2.0137603794E+00 -8.9524877413E-01  3.5504343814E+00  2.8855634799E-01 -1.1318746157E+00
  1.9890394207E+00 -8.9723861903E-01  3.5472856395E+00  2.8970753609E-01 -1.1431688680E+00
  1.9643225893E+00 -8.9920702715E-01  3.5440913785E+00  2.9102103422E-01 -1.1540593555E+00
  1.9396121213E+00 -9.0114088263E-01  3.5408276121E+00  2.9248145390E-01 -1.1636081056E+00
  1.9149130831E+00 -9.0301238036E-01  3.5374435136E+00  2.9407579214E-01 -1.1708757450E+00
  1.8793723142E+00 -9.0526167705E-01  3.5317277038E+00  2.9659076170E-01 -1.1753377326E+00
</Path of -GradDelSqRho>
<Path of -GradDelSqRho>
Starting CP# =      7
Ending CP# =     25
Number of Points =     57
  6.8780324395E-01 -8.2863826234E-01  3.4094489350E+00  9.2243230139E+00  2.7968185424E+02
  6.7183980684E-01 -8.0940997273E-01  3.4087844541E+00  6.9800352213E+00  2.6753964454E+02
  6.5587616894E-01 -7.9018143968E-01  3.4081319388E+00  5.2967355405E+00  2.4308516289E+02
  6.3991244930E-01 -7.7095280695E-01  3.4074843759E+00  4.0338109713E+00  2.1229024058E+02
  6.2394868701E-01 -7.5172412178E-01  3.4068394265E+00  3.0879965041E+00  1.7824300761E+02
  6.0798485648E-01 -7.3249535308E-01  3.4061986719E+00  2.3810561187E+00  1.4467742105E+02
  5.9202090938E-01 -7.1326644209E-01  3.4055651356E+00  1.8531205702E+00  1.1461793690E+02
  5.7605678788E-01 -6.9403731835E-01  3.4049425514E+00  1.4587038656E+00  8.9505406828E+01
  5.6009242735E-01 -6.7480790296E-01  3.4043353035E+00  1.1636865818E+00  6.9416071892E+01
