 AIMInt (Version 19.10.12, Professional)
 Portions Copyright (c) 1997-2019 by Todd A. Keith
 AIMInt is a component of the AIMAll package ( http://aim.tkgristmill.com )

 TP:  64-bit Mac OS X

 AIMInt is a heavily modified and extended version of the PROAIMV program
 developed by members of R.F.W. Bader's research group

 Much of the Quantum Theory of Atoms in Molecules (QTAIM) is described in the book:
   "Atoms in Molecules - A Quantum Theory"
   R.F.W. Bader, Oxford University Press, Oxford, 1990

 For additional references see:  http://aim.tkgristmill.com/references.html

 Current Directory:  /Users/chemlab/Documents/SubstituentCoding/BCP Map Reference/BCPMapReference

 Inp File:  SubH_AsSHMe_wb97xd_aug-cc-pvtz_reor_atomicfiles/s4.inp
 Wfx File:  SubH_AsSHMe_wb97xd_aug-cc-pvtz_reor.wfx
 Out File:  SubH_AsSHMe_wb97xd_aug-cc-pvtz_reor_atomicfiles/s4.int

 Wfx Title:   single point on SubH_AsSHMe_wb97xd_aug-cc-pvtz reoriented by subproptools     
 Job Title:   single point on SubH_AsSHMe_wb97xd_aug-cc-pvtz reoriented by subproptools     
 
<Atom>
S4      
</Atom>
<Nuclei of Molecule>
     8
As1       33.0           0.0000000000E+00   0.0000000000E+00   0.0000000000E+00
H2         1.0          -2.8532918063E+00   0.0000000000E+00   0.0000000000E+00
H3         1.0           5.2535709071E-01   2.8045104161E+00   0.0000000000E+00
S4        16.0           1.7001374614E+00  -2.0481909985E+00  -2.8519935645E+00
C5         6.0           8.3088801053E-01  -1.0009867943E+00   3.4157593386E+00
H6         1.0          -1.5731969987E-01   1.8952705810E-01   4.7699276309E+00
H7         1.0           2.8479684478E-01  -2.9666243512E+00   3.6548418188E+00
H8         1.0           2.8634660918E+00  -8.2615160097E-01   3.6548418188E+00
</Nuclei of Molecule>
<Total Number of CPs of DelSqRho>
    41
</Total Number of CPs of DelSqRho>
<Number of (3,+3) CPs of DelSqRho>
     7
</Number of (3,+3) CPs of DelSqRho>
<Number of (3,+1) CPs of DelSqRho>
    13
</Number of (3,+1) CPs of DelSqRho>
<Number of (3,-1) CPs of DelSqRho>
    16
</Number of (3,-1) CPs of DelSqRho>
<Number of (3,-3) CPs of DelSqRho>
     5
</Number of (3,-3) CPs of DelSqRho>
<Number of Degenerate CPs of DelSqRho>
     0
</Number of Degenerate CPs of DelSqRho>
<CP of DelSqRho>
CP# = 1       
Type = (3,+3)
Coords =  1.70013745771297E+00 -2.04819099403472E+00 -2.85199355824001E+00
DistFromNuc =  8.4738681924E-09
Rho =  2.6279518845E+03
DelSqRho = -2.9422902765E+08
GradDelSqRho =  2.8981403892E-02  5.0931304031E-02 -5.5922745047E-02
HessDelSqRho_EigVals =  2.6740512908E+14  2.6740512908E+14  2.6740513026E+14
HessDelSqRho_EigVec1 =  7.6912829561E-01  6.3909420924E-01 -5.0655457655E-04
HessDelSqRho_EigVec2 = -4.5865907120E-01  5.5142839204E-01 -6.9682033901E-01
HessDelSqRho_EigVec3 = -4.4505451497E-01  5.3617657554E-01  7.1724553574E-01
</CP of DelSqRho>
<CP of DelSqRho>
CP# = 2       
Type = (3,+1)
Coords =  1.85620808198783E+00 -2.23605836381788E+00 -2.72009314403834E+00
DistFromNuc =  2.7757864918E-01
Rho =  1.7116904092E+01
DelSqRho = -3.6010581935E+02
GradDelSqRho = -9.0949470177E-13  1.8189894035E-12 -8.1854523160E-12
HessDelSqRho_EigVals = -4.5987732104E+00  5.4963028279E+02  1.9760188414E+05
HessDelSqRho_EigVec1 = -7.6928870034E-01 -6.3890126502E-01  2.6283224633E-04
HessDelSqRho_EigVec2 =  3.0380781805E-01 -3.6617097214E-01 -8.7955649554E-01
HessDelSqRho_EigVec3 = -5.6204599920E-01  6.7655302284E-01 -4.7579439053E-01
</CP of DelSqRho>
<CP of DelSqRho>
CP# = 3       
Type = (3,-1)
Coords =  1.57571821560258E+00 -1.89829844105544E+00 -2.64952052948084E+00
DistFromNuc =  2.8096842773E-01
Rho =  1.6480232207E+01
DelSqRho = -3.2331270602E+02
GradDelSqRho = -5.6843418861E-12  1.1823431123E-11  9.0949470177E-13
HessDelSqRho_EigVals = -7.2713061305E+02 -7.2488712829E+02  1.7817270725E+05
HessDelSqRho_EigVec1 =  7.6927614328E-01  6.3891637855E-01 -2.7679044533E-04
HessDelSqRho_EigVec2 = -4.6057249854E-01  5.5424394195E-01 -6.9331567587E-01
HessDelSqRho_EigVec3 = -4.4281733139E-01  5.3347869127E-01  7.2063395492E-01
</CP of DelSqRho>
<CP of DelSqRho>
CP# = 4       
Type = (3,+1)
Coords =  1.61099989001871E+00 -1.94082658242736E+00 -3.09189579532334E+00
DistFromNuc =  2.7753505155E-01
Rho =  1.7125724843E+01
DelSqRho = -3.6062685128E+02
GradDelSqRho =  9.0949470177E-13  6.8212102633E-12 -2.0008883439E-11
HessDelSqRho_EigVals = -1.4479436504E+00  5.5779451646E+02  1.9789648058E+05
HessDelSqRho_EigVec1 =  7.6943501733E-01  6.3872509942E-01 -3.8421067377E-05
HessDelSqRho_EigVec2 = -5.5187592277E-01  6.6484314134E-01  5.0340496946E-01
HessDelSqRho_EigVec3 =  3.2156293315E-01 -3.8731620774E-01  8.6405059762E-01
</CP of DelSqRho>
<CP of DelSqRho>
CP# = 5       
Type = (3,+3)
Coords =  1.51773415562845E+00 -2.05947559685003E+00 -3.06086593141360E+00
DistFromNuc =  2.7753553609E-01
Rho =  1.7125665966E+01
DelSqRho = -3.6063527695E+02
GradDelSqRho =  6.3664629124E-12  9.0949470177E-13  3.6379788071E-12
HessDelSqRho_EigVals =  2.4997088037E+00  5.5895412410E+02  1.9788975779E+05
HessDelSqRho_EigVec1 =  3.8958619120E-01  8.3647680124E-01 -3.8539481135E-01
HessDelSqRho_EigVec2 =  6.4474286428E-01 -5.4652058976E-01 -5.3443604288E-01
HessDelSqRho_EigVec3 =  6.5766955120E-01  4.0271652165E-02  7.5222932371E-01
</CP of DelSqRho>
<CP of DelSqRho>
CP# = 6       
Type = (3,+3)
Coords =  1.74473707257811E+00 -1.87100500489950E+00 -3.06090017084757E+00
DistFromNuc =  2.7753553255E-01
Rho =  1.7125666512E+01
DelSqRho = -3.6063526864E+02
GradDelSqRho =  1.4551915228E-11  4.8203219194E-11 -6.8212102633E-11
HessDelSqRho_EigVals =  2.4989891328E+00  5.5895242891E+02  1.9788976903E+05
HessDelSqRho_EigVec1 =  8.9392526707E-01  2.2916698844E-01  3.8520138668E-01
HessDelSqRho_EigVec2 = -4.1853295637E-01  7.3433294987E-01  5.3440179938E-01
HessDelSqRho_EigVec3 = -1.6039881960E-01 -6.3893474640E-01  7.5235271550E-01
</CP of DelSqRho>
<CP of DelSqRho>
CP# = 7       
Type = (3,-1)
Coords =  1.82539225483592E+00 -2.19908995221802E+00 -3.05027308136940E+00
DistFromNuc =  2.7887994613E-01
Rho =  1.6899802360E+01
DelSqRho = -3.4847720117E+02
GradDelSqRho =  2.0463630790E-12 -5.4569682106E-12  4.5474735089E-13
HessDelSqRho_EigVals = -4.1399727769E+02 -4.1079525719E+02  1.9132680186E+05
HessDelSqRho_EigVec1 =  7.6932830821E-01  6.3885359270E-01 -2.0317095792E-04
HessDelSqRho_EigVec2 = -4.5431246934E-01  5.4687423230E-01 -7.0322738445E-01
HessDelSqRho_EigVec3 = -4.4914823208E-01  5.4110503707E-01  7.1096498119E-01
</CP of DelSqRho>
<CP of DelSqRho>
CP# = 8       
Type = (3,+1)
Coords =  1.47750199064674E+00 -1.77996777056347E+00 -2.48985538846214E+00
DistFromNuc =  5.0264730312E-01
Rho =  4.0559459006E+00
DelSqRho =  8.1128579490E+01
GradDelSqRho = -2.8421709430E-14  7.6738615462E-13  6.5369931690E-13
HessDelSqRho_EigVals = -8.4993046666E+03  2.5697137465E+01  2.5861871758E+01
HessDelSqRho_EigVec1 = -4.4292694698E-01  5.3362241928E-01  7.2046015384E-01
HessDelSqRho_EigVec2 = -4.6011827207E-01  5.5439517469E-01 -6.9349633452E-01
HessDelSqRho_EigVec3 =  7.6948482463E-01  6.3866509527E-01  2.7136651436E-05
</CP of DelSqRho>
<CP of DelSqRho>
CP# = 9       
Type = (3,+1)
Coords =  1.92546255170435E+00 -2.31964464519293E+00 -3.20947714844150E+00
DistFromNuc =  5.0224793824E-01
Rho =  4.0858078727E+00
DelSqRho =  8.4121436566E+01
GradDelSqRho = -1.2789769244E-13  4.2632564146E-13 -4.2632564146E-13
HessDelSqRho_EigVals = -8.8884200884E+03  1.7874174831E+01  1.7926354036E+01
HessDelSqRho_EigVec1 = -4.4864069823E-01  5.4048645055E-01  7.1175552029E-01
HessDelSqRho_EigVec2 = -4.5554959121E-01  5.4687406664E-01 -7.0242674009E-01
HessDelSqRho_EigVec3 =  7.6889277135E-01  6.3937715944E-01 -8.6841850801E-04
</CP of DelSqRho>
<CP of DelSqRho>
CP# = 10      
Type = (3,-3)
Coords =  1.54784491161635E+00 -1.86465828193062E+00 -3.29338187321689E+00
DistFromNuc =  5.0169803455E-01
Rho =  4.1032616200E+00
DelSqRho =  8.5692411997E+01
GradDelSqRho =  1.8474111130E-12 -2.0605739337E-12  4.4906300900E-12
HessDelSqRho_EigVals = -9.0905195233E+03 -2.1760309273E+01 -3.8922299413E-01
HessDelSqRho_EigVec1 =  3.0371202471E-01 -3.6601321470E-01  8.7965523514E-01
HessDelSqRho_EigVec2 = -5.6181285326E-01  6.7687491735E-01  4.7561188397E-01
HessDelSqRho_EigVec3 =  7.6949679918E-01  6.3865066580E-01  5.5876858911E-05
</CP of DelSqRho>
<CP of DelSqRho>
CP# = 11      
Type = (3,-1)
Coords =  1.98753279987347E+00 -2.39429292184484E+00 -2.62986973597382E+00
DistFromNuc =  5.0171866332E-01
Rho =  4.1024314689E+00
DelSqRho =  8.5607860234E+01
GradDelSqRho =  2.8421709430E-13 -2.8421709430E-14 -2.2737367544E-13
HessDelSqRho_EigVals = -9.0800079797E+03 -2.1240834686E+01  5.4709067721E-01
HessDelSqRho_EigVec1 = -5.7274701743E-01  6.8974269821E-01 -4.4296259920E-01
HessDelSqRho_EigVec2 =  2.8287850860E-01 -3.4087479881E-01 -8.9654008327E-01
HessDelSqRho_EigVec3 = -7.6937676297E-01 -6.3879525813E-01  1.2163854970E-04
</CP of DelSqRho>
<CP of DelSqRho>
CP# = 12      
Type = (3,-1)
Coords =  5.37762572983103E-01 -1.45609344255894E+00 -2.33994139982788E+00
DistFromNuc =  1.4013894235E+00
Rho =  1.5324023559E-01
DelSqRho = -1.7225446262E-01
GradDelSqRho =  8.3266726847E-17 -3.3306690739E-16  0.0000000000E+00
HessDelSqRho_EigVals = -3.3003365198E-01 -2.6592722210E-02  8.9860086472E+00
HessDelSqRho_EigVec1 =  4.4380053976E-01  3.1840975355E-01  8.3764927610E-01
HessDelSqRho_EigVec2 =  2.3481720489E-01  8.6076303336E-01 -4.5160589090E-01
HessDelSqRho_EigVec3 =  8.6481325221E-01 -3.9711739983E-01 -3.0723901047E-01
</CP of DelSqRho>
<CP of DelSqRho>
CP# = 13      
Type = (3,-1)
Coords =  1.33232113906720E+00 -7.96657019665380E-01 -2.33987151092626E+00
DistFromNuc =  1.4013904327E+00
Rho =  1.5323954667E-01
DelSqRho = -1.7224906104E-01
GradDelSqRho = -2.2204460493E-16  9.9920072216E-16  1.0824674490E-15
HessDelSqRho_EigVals = -3.3005236181E-01 -2.6624071058E-02  8.9859124023E+00
HessDelSqRho_EigVec1 = -3.9488192851E-01 -3.7760173855E-01  8.3754712678E-01
HessDelSqRho_EigVec2 =  8.8922031947E-01  7.2119090082E-02  4.5175885191E-01
HessDelSqRho_EigVec3 = -2.3098806457E-01  9.2315533032E-01  3.0729261321E-01
</CP of DelSqRho>
<CP of DelSqRho>
CP# = 14      
Type = (3,-1)
Coords =  1.51647932454569E+00 -1.82676506451952E+00 -1.48161836615092E+00
DistFromNuc =  1.4002456712E+00
Rho =  1.5446681908E-01
DelSqRho = -1.7684677009E-01
GradDelSqRho =  2.7755575616E-17  8.3266726847E-17  1.3877787808E-16
HessDelSqRho_EigVals = -3.2179595724E-01 -3.0293224596E-02  9.0990693554E+00
HessDelSqRho_EigVec1 = -6.3313043268E-01  7.6249687722E-01 -1.3320798566E-01
HessDelSqRho_EigVec2 =  7.6936209089E-01  6.3881293235E-01 -1.0275243143E-04
HessDelSqRho_EigVec3 = -8.5016635524E-02  1.0255023006E-01  9.9108810002E-01
</CP of DelSqRho>
<CP of DelSqRho>
CP# = 15      
Type = (3,+1)
Coords =  1.79829104318111E+00 -1.26585680091246E+00 -1.69141150979275E+00
DistFromNuc =  1.4030793377E+00
Rho =  1.5494569644E-01
DelSqRho = -1.7986539022E-01
GradDelSqRho = -2.2204460493E-16 -4.1633363423E-16 -1.1102230246E-15
HessDelSqRho_EigVals = -3.1939251816E-01  3.5196988049E-02  8.8897569556E+00
HessDelSqRho_EigVec1 =  9.8867666269E-01 -1.1611771314E-01 -9.5053318484E-02
HessDelSqRho_EigVec2 =  4.3474777229E-02  8.2790523550E-01 -5.5918052969E-01
HessDelSqRho_EigVec3 =  1.4362590436E-01  5.4871631809E-01  8.2357877696E-01
</CP of DelSqRho>
<CP of DelSqRho>
CP# = 16      
Type = (3,+1)
Coords =  8.38559149336249E-01 -1.01077559388172E+00 -2.46313865758823E+00
DistFromNuc =  1.4034799778E+00
Rho =  1.5346026324E-01
DelSqRho = -1.7358858317E-01
GradDelSqRho = -1.7522649998E-12  1.8406942637E-12  6.5781408098E-13
HessDelSqRho_EigVals = -3.3436659916E-01  1.8633122549E-02  8.8296914283E+00
HessDelSqRho_EigVec1 =  1.3214683596E-01 -1.5868377621E-01  9.7844605008E-01
HessDelSqRho_EigVec2 =  7.6923644183E-01  6.3896418252E-01 -2.6461607136E-04
HessDelSqRho_EigVec3 = -6.2514999025E-01  7.5269132626E-01  2.0650243840E-01
</CP of DelSqRho>
<CP of DelSqRho>
CP# = 17      
Type = (3,+1)
Coords =  2.39202312191395E+00 -1.10081719902641E+00 -3.45879244911621E+00
DistFromNuc =  1.3207678712E+00
Rho =  1.7335224524E-01
DelSqRho = -3.7281121530E-01
GradDelSqRho =  1.8339774144E-12  2.8507196603E-12 -1.9837465004E-12
HessDelSqRho_EigVals = -1.8267780173E-02  3.6938974307E-01  1.7332646603E+01
HessDelSqRho_EigVec1 =  7.7232834689E-01 -1.7214599006E-01  6.1145292762E-01
HessDelSqRho_EigVec2 =  3.5648808278E-01 -6.7924687659E-01 -6.4151377809E-01
HessDelSqRho_EigVec3 =  5.2576151574E-01  7.1343495761E-01 -4.6323362338E-01
</CP of DelSqRho>
<CP of DelSqRho>
CP# = 18      
Type = (3,-1)
Coords =  2.30959595514731E+00 -2.78242257044608E+00 -3.82932879675027E+00
DistFromNuc =  1.3659135453E+00
Rho =  1.3271936342E-01
DelSqRho = -1.2632214695E-01
GradDelSqRho = -3.9135361618E-15  4.9404924596E-15  5.7176485768E-15
HessDelSqRho_EigVals = -3.2941301614E-01 -3.2827189521E-01  1.0483511669E+01
HessDelSqRho_EigVec1 =  7.7056132206E-01  6.3736362641E-01  1.6901688048E-03
HessDelSqRho_EigVec2 = -4.5518867346E-01  5.5216734866E-01 -6.9850876202E-01
HessDelSqRho_EigVec3 = -4.4613733367E-01  5.3747448944E-01  7.1559950580E-01
</CP of DelSqRho>
<CP of DelSqRho>
CP# = 19      
Type = (3,+1)
Coords =  9.12996662260224E-01 -2.00060660367586E+00 -1.69149059023499E+00
DistFromNuc =  1.4030759300E+00
Rho =  1.5494646324E-01
DelSqRho = -1.7986958680E-01
GradDelSqRho = -3.2196467714E-14 -1.6653345369E-16  5.3623772089E-14
HessDelSqRho_EigVals = -3.1937986060E-01  3.5209196178E-02  8.8900153866E+00
HessDelSqRho_EigVec1 =  6.8001485897E-02  9.9314028873E-01  9.5121841917E-02
HessDelSqRho_EigVec2 =  8.2168475431E-01 -1.0982704454E-01  5.5926039089E-01
HessDelSqRho_EigVec3 = -5.6587097686E-01 -4.0129629721E-02  8.2351663636E-01
</CP of DelSqRho>
<CP of DelSqRho>
CP# = 20      
Type = (3,+3)
Coords =  1.18016978014316E+00 -3.23133202713242E+00 -2.58009672838286E+00
DistFromNuc =  1.3206502083E+00
Rho =  1.7423615926E-01
DelSqRho = -3.7901698217E-01
GradDelSqRho =  3.4694469520E-17 -2.2204460493E-16  5.5511151231E-16
HessDelSqRho_EigVals =  1.9760813931E-02  3.7172750988E-01  1.7414171956E+01
HessDelSqRho_EigVec1 =  7.6069957603E-01 -1.9218960441E-01  6.1999944435E-01
HessDelSqRho_EigVec2 =  5.1880942432E-01 -3.9400503239E-01 -7.5868097096E-01
HessDelSqRho_EigVec3 =  3.9009349683E-01  8.9878984775E-01 -2.0000968306E-01
</CP of DelSqRho>
<CP of DelSqRho>
CP# = 21      
Type = (3,+3)
Coords =  2.95879452320585E+00 -1.75501850599701E+00 -2.58005496964644E+00
DistFromNuc =  1.3206507142E+00
Rho =  1.7423598193E-01
DelSqRho = -3.7901723347E-01
GradDelSqRho =  7.8825834748E-14  1.6597834218E-14  1.6764367672E-14
HessDelSqRho_EigVals =  1.9751175889E-02  3.7172662940E-01  1.7414141654E+01
HessDelSqRho_EigVec1 = -4.8796662000E-02  7.8310915184E-01 -6.1996688789E-01
HessDelSqRho_EigVec2 = -2.9173705438E-01  5.8246398883E-01  7.5869967235E-01
HessDelSqRho_EigVec3 =  9.5525304338E-01  2.1788932516E-01  2.0003965883E-01
</CP of DelSqRho>
<CP of DelSqRho>
CP# = 22      
Type = (3,+3)
Coords =  1.19619948752851E+00 -1.44108463913740E+00 -3.91030935981659E+00
DistFromNuc =  1.3200620954E+00
Rho =  1.7431681094E-01
DelSqRho = -3.8021817149E-01
GradDelSqRho = -4.4408920985E-16  5.5511151231E-16 -8.8817841970E-16
HessDelSqRho_EigVals =  1.9464730774E-02  3.7357356544E-01  1.7482966126E+01
HessDelSqRho_EigVec1 =  7.6945583869E-01  6.3870001746E-01  8.5348411010E-07
HessDelSqRho_EigVec2 = -5.1478477907E-01  6.2017165789E-01  5.9193221401E-01
HessDelSqRho_EigVec3 =  3.7806658611E-01 -4.5546613754E-01  8.0598775054E-01
</CP of DelSqRho>
<CP of DelSqRho>
CP# = 23      
Type = (3,+1)
Coords =  6.41575093536176E-01 -2.55383950902777E+00 -3.45878332680992E+00
DistFromNuc =  1.3207681547E+00
Rho =  1.7335193806E-01
DelSqRho = -3.7280834459E-01
GradDelSqRho =  1.1102230246E-15 -2.7755575616E-17  6.6613381478E-16
HessDelSqRho_EigVals = -1.8278164996E-02  3.6938066067E-01  1.7332576332E+01
HessDelSqRho_EigVec1 = -2.7018046596E-02  7.9081502239E-01 -6.1145860491E-01
HessDelSqRho_EigVec2 = -6.0200183240E-01  4.7545141357E-01  6.4151363752E-01
HessDelSqRho_EigVec3 =  7.9803747966E-01  3.8543164594E-01  4.6322632412E-01
</CP of DelSqRho>
<CP of DelSqRho>
CP# = 24      
Type = (3,+1)
Coords =  2.40107448189546E+00 -2.89284074274791E+00 -2.11599547676502E+00
DistFromNuc =  1.3215290698E+00
Rho =  1.7306994924E-01
DelSqRho = -3.7061905368E-01
GradDelSqRho = -1.7763568394E-15  2.4424906542E-15 -1.5543122345E-15
HessDelSqRho_EigVals = -2.0693460267E-02  3.7005643477E-01  1.7234867195E+01
HessDelSqRho_EigVec1 =  7.6951008804E-01  6.3863465344E-01  6.1854231580E-05
HessDelSqRho_EigVec2 = -3.5238856615E-01  4.2452279554E-01  8.3402799384E-01
HessDelSqRho_EigVec3 = -5.3261292027E-01  6.4181475170E-01 -5.5172212359E-01
</CP of DelSqRho>
<CP of DelSqRho>
CP# = 25      
Type = (3,+3)
Coords =  1.07637997218981E+00 -1.29677156692429E+00 -1.78503069184682E+00
DistFromNuc =  1.4464143040E+00
Rho =  1.6378600474E-01
DelSqRho = -2.1207341893E-01
GradDelSqRho = -5.2798737604E-12  1.3891943151E-12  2.8516633499E-12
HessDelSqRho_EigVals =  2.9250608180E-01  3.0238005496E-01  5.8965869051E+00
HessDelSqRho_EigVec1 =  7.6953514074E-01  6.3860445172E-01  1.4633751462E-04
HessDelSqRho_EigVec2 = -4.7386712548E-01  5.7117591944E-01 -6.7022982360E-01
HessDelSqRho_EigVec3 = -4.2809533349E-01  5.1569605709E-01  7.4215359741E-01
</CP of DelSqRho>
<CP of DelSqRho>
CP# = 26      
Type = (3,+1)
Coords =  3.49501056717867E+00 -1.44435136879603E+00 -1.86710747035283E+00
DistFromNuc =  2.1345239241E+00
Rho =  5.2044946501E-02
DelSqRho =  5.7325892110E-02
GradDelSqRho = -8.0289941362E-14 -1.5605572390E-14 -5.1052911898E-14
HessDelSqRho_EigVals = -4.1757675986E-01  2.0802309275E-03  7.7181325313E-03
HessDelSqRho_EigVec1 =  8.3873109520E-01  2.8407754933E-01  4.6457517789E-01
HessDelSqRho_EigVec2 =  1.7688120381E-02  8.3847973149E-01 -5.4464563735E-01
HessDelSqRho_EigVec3 = -5.4425846833E-01  4.6502869358E-01  6.9823422560E-01
</CP of DelSqRho>
<CP of DelSqRho>
CP# = 27      
Type = (3,-1)
Coords =  3.30174816385436E-01 -3.97780589293095E-01 -2.96474537888429E+00
DistFromNuc =  2.1478745632E+00
Rho =  5.8838532530E-02
DelSqRho =  6.2726760025E-02
GradDelSqRho = -1.0571404863E-13  1.6273093983E-13 -1.1490808305E-14
HessDelSqRho_EigVals = -3.2959659629E-01 -3.5913936987E-02  9.0547439919E-03
HessDelSqRho_EigVec1 = -6.2934197826E-01  7.5818278263E-01 -1.7055070368E-01
HessDelSqRho_EigVec2 =  1.0893468512E-01 -1.3122795788E-01 -9.8534890138E-01
HessDelSqRho_EigVec3 =  7.6945559247E-01  6.3870031407E-01  5.1400732331E-06
</CP of DelSqRho>
<CP of DelSqRho>
CP# = 28      
Type = (3,-1)
Coords =  2.71046514115564E+00 -3.26603537056489E+00 -1.43127624966614E+00
DistFromNuc =  2.1265805002E+00
Rho =  5.1632097355E-02
DelSqRho =  5.8791367351E-02
GradDelSqRho = -7.0492223170E-14  6.5773775315E-14 -8.7672924476E-14
HessDelSqRho_EigVals = -4.3614459596E-01 -1.3579680819E-03  6.9350137992E-03
HessDelSqRho_EigVec1 =  4.7384882730E-01 -5.7118061896E-01  6.7023875551E-01
HessDelSqRho_EigVec2 =  7.6954430864E-01  6.3859340172E-01  1.5592392326E-04
HessDelSqRho_EigVec3 = -4.2809910757E-01  5.1570453536E-01  7.4214552906E-01
</CP of DelSqRho>
<CP of DelSqRho>
CP# = 29      
Type = (3,+1)
Coords =  7.75701417841130E-01 -3.70125591489241E+00 -1.86763822028196E+00
DistFromNuc =  2.1345165870E+00
Rho =  5.2045067013E-02
DelSqRho =  5.7326375330E-02
GradDelSqRho =  5.7939764098E-16  9.6450625264E-16 -5.9327542878E-16
HessDelSqRho_EigVals = -4.1759554143E-01  2.0795470394E-03  7.7165512031E-03
HessDelSqRho_EigVec1 =  4.3386160516E-01  7.7211503583E-01 -4.6433014012E-01
HessDelSqRho_EigVec2 =  8.2720790395E-01 -1.3712599905E-01  5.4490691317E-01
HessDelSqRho_EigVec3 =  3.5705908643E-01 -6.2051174996E-01 -6.9819336645E-01
</CP of DelSqRho>
<CP of DelSqRho>
CP# = 30      
Type = (3,-1)
Coords =  2.67657571148735E+00 -3.58678429880276E-01 -3.69596307616466E+00
DistFromNuc =  2.1260688870E+00
Rho =  5.1279549411E-02
DelSqRho =  5.9267815136E-02
GradDelSqRho =  2.0816681712E-17 -4.1633363423E-17  6.5919492087E-17
HessDelSqRho_EigVals = -4.3841773872E-01 -1.2059744544E-03  5.6611724955E-03
HessDelSqRho_EigVec1 =  4.5790825989E-01  7.9652975397E-01 -3.9479156092E-01
HessDelSqRho_EigVec2 =  7.8861645492E-01 -1.5895731181E-01  5.9398372037E-01
HessDelSqRho_EigVec3 =  4.1037070140E-01 -5.8332917299E-01 -7.0094433686E-01
</CP of DelSqRho>
<CP of DelSqRho>
CP# = 31      
Type = (3,+1)
Coords =  6.23273403777419E-01 -7.50505081660230E-01 -4.15832753770148E+00
DistFromNuc =  2.1331041669E+00
Rho =  5.1716654582E-02
DelSqRho =  5.7762857666E-02
GradDelSqRho = -6.5919492087E-17  1.3877787808E-17  2.7755575616E-17
HessDelSqRho_EigVals = -4.2061161288E-01  1.9191719814E-03  7.0712599021E-03
HessDelSqRho_EigVec1 =  5.0694415516E-01 -6.1090290139E-01  6.0811616376E-01
HessDelSqRho_EigVec2 =  7.6955918622E-01  6.3857549141E-01 -2.6164482450E-05
HessDelSqRho_EigVec3 = -3.8831209415E-01  4.6799464404E-01  7.9384805265E-01
</CP of DelSqRho>
<CP of DelSqRho>
CP# = 32      
Type = (3,-1)
Coords = -1.40307630524159E-01 -2.69618996071187E+00 -3.69639885018292E+00
DistFromNuc =  2.1260670446E+00
Rho =  5.1279683507E-02
DelSqRho =  5.9267881044E-02
GradDelSqRho =  5.2845783305E-12  1.1494329794E-12  2.7785794499E-12
HessDelSqRho_EigVals = -4.3841836811E-01 -1.2062731036E-03  5.6616927947E-03
HessDelSqRho_EigVec1 =  8.6724090430E-01  3.0310951161E-01  3.9499093393E-01
HessDelSqRho_EigVec2 =  1.0791405548E-02 -8.0458867149E-01  5.9373446529E-01
HessDelSqRho_EigVec3 = -4.9777179458E-01  5.1064830724E-01  7.0104318471E-01
</CP of DelSqRho>
<CP of DelSqRho>
CP# = 33      
Type = (3,-3)
Coords =  1.75840470846688E+00  5.39414181105702E-02 -2.40702446363854E+00
DistFromNuc =  2.1495007024E+00
Rho =  5.8471060952E-02
DelSqRho =  6.7928271551E-02
GradDelSqRho =  7.9797279895E-17  1.3183898417E-16 -7.1123662515E-17
HessDelSqRho_EigVals = -3.2440204843E-01 -4.0458370259E-02 -9.3561068294E-03
HessDelSqRho_EigVec1 =  1.2730733564E-01  9.8946440251E-01  6.8942283574E-02
HessDelSqRho_EigVec2 = -5.8303421653E-01  1.8421015651E-02  8.1223873864E-01
HessDelSqRho_EigVec3 =  8.0241133133E-01 -1.4359966001E-01  5.7923673312E-01
</CP of DelSqRho>
<CP of DelSqRho>
CP# = 34      
Type = (3,-3)
Coords = -3.76783004614343E-01 -1.71845304240468E+00 -2.40698179134618E+00
DistFromNuc =  2.1495025518E+00
Rho =  5.8471160474E-02
DelSqRho =  6.7928356385E-02
GradDelSqRho = -5.5511151231E-17  9.3675067703E-17  0.0000000000E+00
HessDelSqRho_EigVals = -3.2440088754E-01 -4.0458984055E-02 -9.3550954076E-03
HessDelSqRho_EigVec1 =  9.9598874117E-01 -5.7014028717E-02 -6.8962511456E-02
HessDelSqRho_EigVec2 =  8.9238542820E-02  5.7649889608E-01  8.1221025929E-01
HessDelSqRho_EigVec3 =  6.5505673223E-03  8.1510638775E-01 -5.7927425864E-01
</CP of DelSqRho>
<CP of DelSqRho>
CP# = 35      
Type = (3,-1)
Coords =  2.55290831595803E+00 -8.25854211174202E-01 -1.29183878270959E+00
DistFromNuc =  2.1576395192E+00
Rho =  5.9124869641E-02
DelSqRho =  6.2521590884E-02
GradDelSqRho = -5.3032925273E-13 -5.6139121130E-13 -4.4157039136E-13
HessDelSqRho_EigVals = -3.1708383625E-01 -3.8520506947E-02  9.0481039926E-03
HessDelSqRho_EigVec1 =  5.2011795372E-01  5.3364611348E-01  6.6685766081E-01
HessDelSqRho_EigVec2 =  8.5386720542E-01 -3.0687867747E-01 -4.2040013419E-01
HessDelSqRho_EigVec3 = -1.9700500712E-02  7.8806554479E-01 -6.1527602537E-01
</CP of DelSqRho>
<CP of DelSqRho>
CP# = 36      
Type = (3,-3)
Coords =  2.59109118870301E+00 -3.12157536138399E+00 -4.28320465598294E+00
DistFromNuc =  1.9985789260E+00
Rho =  4.7134076459E-02
DelSqRho =  7.4329198865E-02
GradDelSqRho = -3.2546881856E-14  5.2645388049E-14  6.1034510779E-14
HessDelSqRho_EigVals = -5.2340204852E-01 -1.5688308889E-02 -1.5638115181E-02
HessDelSqRho_EigVec1 = -4.4590159849E-01  5.3720232919E-01  7.1595071197E-01
HessDelSqRho_EigVec2 = -4.5776400097E-01  5.5048863949E-01 -6.9815068374E-01
HessDelSqRho_EigVec3 =  7.6917090681E-01  6.3904296828E-01 -4.4812323544E-04
</CP of DelSqRho>
<CP of DelSqRho>
CP# = 37      
Type = (3,-1)
Coords =  3.41579663362267E-01 -2.66128427139579E+00 -1.29194149311788E+00
DistFromNuc =  2.1576202440E+00
Rho =  5.9126053507E-02
DelSqRho =  6.2524018665E-02
GradDelSqRho =  2.5673907444E-16  2.3592239273E-16 -1.2490009027E-16
HessDelSqRho_EigVals = -3.1711962981E-01 -3.8526354857E-02  9.0463476398E-03
HessDelSqRho_EigVec1 =  6.2034632965E-01  4.1294399579E-01 -6.6681908163E-01
HessDelSqRho_EigVec2 =  1.4433516428E-01 -8.9576309801E-01 -4.2044718170E-01
HessDelSqRho_EigVec3 = -7.7093306560E-01  1.6457742429E-01 -6.1528568956E-01
</CP of DelSqRho>
<CP of DelSqRho>
CP# = 38      
Type = (3,-3)
Coords =  1.81030630542109E+00 -2.18119919559486E+00 -6.93037382439555E-01
DistFromNuc =  2.1658532154E+00
Rho =  5.8759632178E-02
DelSqRho =  6.8334196522E-02
GradDelSqRho = -3.0716748589E-14  5.0486524683E-14 -1.6463913566E-13
HessDelSqRho_EigVals = -2.9765059627E-01 -4.4678039845E-02 -9.9012022674E-03
HessDelSqRho_EigVec1 =  1.9211905474E-01 -2.3162410951E-01  9.5364591998E-01
HessDelSqRho_EigVec2 = -6.0908665597E-01  7.3379424697E-01  3.0093096987E-01
HessDelSqRho_EigVec3 =  7.6948275765E-01  6.3866757786E-01  1.0329720391E-04
</CP of DelSqRho>
<CP of DelSqRho>
CP# = 39      
Type = (3,-1)
Coords =  1.57151393933813E+00 -1.89329877997487E+00 -3.10329516294631E-01
DistFromNuc =  2.5496258046E+00
Rho =  4.8237982770E-02
DelSqRho =  6.4233793524E-02
GradDelSqRho = -8.0482495668E-15  9.7179209124E-15  1.0113437865E-14
HessDelSqRho_EigVals = -1.5866761108E-01 -1.4919654082E-02  8.3368981562E-02
HessDelSqRho_EigVec1 = -5.3571466114E-01  6.4543830155E-01 -5.4444393719E-01
HessDelSqRho_EigVec2 =  7.6948087225E-01  6.3866985779E-01 -3.6086305151E-07
HessDelSqRho_EigVec3 = -3.4771969902E-01  4.1893938900E-01  8.3879723370E-01
</CP of DelSqRho>
<CP of DelSqRho>
CP# = 40      
Type = (3,-1)
Coords =  1.48497830704216E+00  3.59549681350148E-01 -1.93633940607915E+00
DistFromNuc =  2.5849431678E+00
Rho =  4.7238107630E-02
DelSqRho =  6.2082071642E-02
GradDelSqRho =  2.7755575616E-17 -3.9898639947E-17 -3.4694469520E-17
HessDelSqRho_EigVals = -1.5526938689E-01 -1.4222979064E-02  8.6673279055E-02
HessDelSqRho_EigVec1 =  4.8157741999E-01  7.4194169726E-01 -4.6648226806E-01
HessDelSqRho_EigVec2 =  7.9865465576E-01 -1.5234986062E-01  5.8218576142E-01
HessDelSqRho_EigVec3 = -3.6087938343E-01  6.5292575216E-01  6.6592344363E-01
</CP of DelSqRho>
<CP of DelSqRho>
CP# = 41      
Type = (3,-1)
Coords = -6.26820502971634E-01 -1.39339818128639E+00 -1.93632993695459E+00
DistFromNuc =  2.5849423359E+00
Rho =  4.7238221690E-02
DelSqRho =  6.2082318708E-02
GradDelSqRho =  1.2143064332E-17 -2.4286128664E-17 -2.6020852140E-17
HessDelSqRho_EigVals = -1.5527085874E-01 -1.4222731631E-02  8.6673035867E-02
HessDelSqRho_EigVec1 =  8.1792618675E-01  3.3674853950E-01  4.6647312266E-01
HessDelSqRho_EigVec2 =  2.7042830673E-03 -8.1304328544E-01  5.8219696226E-01
HessDelSqRho_EigVec3 =  5.7531681696E-01 -4.7493266591E-01 -6.6592005750E-01
</CP of DelSqRho>
<Path of -GradDelSqRho>
Starting CP# =      2
Ending CP# =      0
Number of Points =    400
  1.8562080820E+00 -2.2360583638E+00 -2.7200931440E+00  1.7116904092E+01 -3.6010581935E+02
  1.8544538372E+00 -2.2360867424E+00 -2.7206883493E+00  1.7223380717E+01 -3.5994945745E+02
  1.8543663754E+00 -2.2361594028E+00 -2.7206884978E+00  1.7223336514E+01 -3.5994958899E+02
  1.8542832083E+00 -2.2362284250E+00 -2.7206886821E+00  1.7223296617E+01 -3.5994970776E+02
  1.8542029293E+00 -2.2362949930E+00 -2.7206888967E+00  1.7223259500E+01 -3.5994981830E+02
  1.8541247354E+00 -2.2363597824E+00 -2.7206891385E+00  1.7223224334E+01 -3.5994992307E+02
  1.8540481189E+00 -2.2364232201E+00 -2.7206894055E+00  1.7223190615E+01 -3.5995002356E+02
  1.8539727360E+00 -2.2364855951E+00 -2.7206896966E+00  1.7223158013E+01 -3.5995012076E+02
  1.8538983424E+00 -2.2365471126E+00 -2.7206900109E+00  1.7223126296E+01 -3.5995021534E+02
  1.8538247576E+00 -2.2366079243E+00 -2.7206903478E+00  1.7223095301E+01 -3.5995030781E+02
  1.8537518444E+00 -2.2366681454E+00 -2.7206907067E+00  1.7223064901E+01 -3.5995039852E+02
  1.8536794960E+00 -2.2367278658E+00 -2.7206910874E+00  1.7223035002E+01 -3.5995048777E+02
  1.8536076274E+00 -2.2367871567E+00 -2.7206914895E+00  1.7223005528E+01 -3.5995057577E+02
  1.8535361701E+00 -2.2368460757E+00 -2.7206919128E+00  1.7222976421E+01 -3.5995066271E+02
  1.8534650679E+00 -2.2369046698E+00 -2.7206923572E+00  1.7222947632E+01 -3.5995074872E+02
  1.8533942744E+00 -2.2369629782E+00 -2.7206928224E+00  1.7222919121E+01 -3.5995083392E+02
  1.8533237504E+00 -2.2370210336E+00 -2.7206933084E+00  1.7222890854E+01 -3.5995091842E+02
  1.8532534631E+00 -2.2370788637E+00 -2.7206938151E+00  1.7222862803E+01 -3.5995100229E+02
  1.8531833841E+00 -2.2371364922E+00 -2.7206943423E+00  1.7222834947E+01 -3.5995108561E+02
  1.8531134894E+00 -2.2371939393E+00 -2.7206948900E+00  1.7222807262E+01 -3.5995116843E+02
  1.8530437579E+00 -2.2372512226E+00 -2.7206954582E+00  1.7222779734E+01 -3.5995125082E+02
  1.8529741715E+00 -2.2373083574E+00 -2.7206960467E+00  1.7222752346E+01 -3.5995133280E+02
  1.8529047141E+00 -2.2373653570E+00 -2.7206966557E+00  1.7222725085E+01 -3.5995141443E+02
  1.8528353717E+00 -2.2374222334E+00 -2.7206972849E+00  1.7222697941E+01 -3.5995149573E+02
  1.8527661318E+00 -2.2374789969E+00 -2.7206979345E+00  1.7222670901E+01 -3.5995157673E+02
  1.8526969835E+00 -2.2375356567E+00 -2.7206986043E+00  1.7222643959E+01 -3.5995165747E+02
  1.8526279168E+00 -2.2375922210E+00 -2.7206992943E+00  1.7222617105E+01 -3.5995173797E+02
  1.8525589230E+00 -2.2376486974E+00 -2.7207000046E+00  1.7222590333E+01 -3.5995181824E+02
  1.8524899942E+00 -2.2377050923E+00 -2.7207007352E+00  1.7222563636E+01 -3.5995189831E+02
  1.8524211232E+00 -2.2377614118E+00 -2.7207014860E+00  1.7222537008E+01 -3.5995197819E+02
  1.8523523035E+00 -2.2378176612E+00 -2.7207022569E+00  1.7222510445E+01 -3.5995205790E+02
  1.8522835293E+00 -2.2378738455E+00 -2.7207030481E+00  1.7222483941E+01 -3.5995213745E+02
  1.8522147953E+00 -2.2379299690E+00 -2.7207038595E+00  1.7222457492E+01 -3.5995221686E+02
  1.8521460967E+00 -2.2379860358E+00 -2.7207046912E+00  1.7222431095E+01 -3.5995229614E+02
  1.8520774290E+00 -2.2380420496E+00 -2.7207055430E+00  1.7222404745E+01 -3.5995237529E+02
  1.8520087882E+00 -2.2380980138E+00 -2.7207064150E+00  1.7222378441E+01 -3.5995245433E+02
  1.8519401705E+00 -2.2381539315E+00 -2.7207073073E+00  1.7222352178E+01 -3.5995253326E+02
  1.8518715726E+00 -2.2382098055E+00 -2.7207082198E+00  1.7222325954E+01 -3.5995261210E+02
  1.8518029913E+00 -2.2382656384E+00 -2.7207091526E+00  1.7222299766E+01 -3.5995269085E+02
  1.8517344237E+00 -2.2383214326E+00 -2.7207101055E+00  1.7222273613E+01 -3.5995276952E+02
  1.8516658671E+00 -2.2383771905E+00 -2.7207110788E+00  1.7222247492E+01 -3.5995284811E+02
  1.8515973190E+00 -2.2384329140E+00 -2.7207120723E+00  1.7222221401E+01 -3.5995292663E+02
  1.8515287771E+00 -2.2384886051E+00 -2.7207130860E+00  1.7222195339E+01 -3.5995300509E+02
  1.8514602392E+00 -2.2385442655E+00 -2.7207141201E+00  1.7222169303E+01 -3.5995308349E+02
  1.8513917034E+00 -2.2385998968E+00 -2.7207151744E+00  1.7222143292E+01 -3.5995316184E+02
  1.8513231678E+00 -2.2386555008E+00 -2.7207162491E+00  1.7222117305E+01 -3.5995324013E+02
  1.8512546307E+00 -2.2387110787E+00 -2.7207173441E+00  1.7222091340E+01 -3.5995331838E+02
  1.8511860904E+00 -2.2387666319E+00 -2.7207184594E+00  1.7222065396E+01 -3.5995339658E+02
  1.8511175454E+00 -2.2388221616E+00 -2.7207195950E+00  1.7222039472E+01 -3.5995347475E+02
  1.8510489943E+00 -2.2388776691E+00 -2.7207207510E+00  1.7222013567E+01 -3.5995355288E+02
  1.8509804358E+00 -2.2389331553E+00 -2.7207219274E+00  1.7221987680E+01 -3.5995363097E+02
  1.8509118685E+00 -2.2389886215E+00 -2.7207231241E+00  1.7221961809E+01 -3.5995370904E+02
  1.8508432914E+00 -2.2390440684E+00 -2.7207243413E+00  1.7221935954E+01 -3.5995378708E+02
  1.8507747033E+00 -2.2390994971E+00 -2.7207255789E+00  1.7221910114E+01 -3.5995386510E+02
  1.8507061032E+00 -2.2391549083E+00 -2.7207268369E+00  1.7221884288E+01 -3.5995394309E+02
  1.8506374900E+00 -2.2392103029E+00 -2.7207281153E+00  1.7221858476E+01 -3.5995402106E+02
  1.8505688629E+00 -2.2392656816E+00 -2.7207294142E+00  1.7221832676E+01 -3.5995409902E+02
  1.8505002209E+00 -2.2393210452E+00 -2.7207307336E+00  1.7221806888E+01 -3.5995417696E+02
  1.8504315633E+00 -2.2393763943E+00 -2.7207320735E+00  1.7221781112E+01 -3.5995425489E+02
  1.8503628893E+00 -2.2394317295E+00 -2.7207334339E+00  1.7221755346E+01 -3.5995433280E+02
  1.8502941980E+00 -2.2394870515E+00 -2.7207348149E+00  1.7221729591E+01 -3.5995441071E+02
  1.8502254888E+00 -2.2395423608E+00 -2.7207362163E+00  1.7221703845E+01 -3.5995448861E+02
  1.8501567611E+00 -2.2395976580E+00 -2.7207376384E+00  1.7221678109E+01 -3.5995456649E+02
  1.8500880141E+00 -2.2396529435E+00 -2.7207390810E+00  1.7221652381E+01 -3.5995464438E+02
  1.8500192473E+00 -2.2397082179E+00 -2.7207405442E+00  1.7221626661E+01 -3.5995472226E+02
  1.8499504600E+00 -2.2397634817E+00 -2.7207420280E+00  1.7221600949E+01 -3.5995480014E+02
  1.8498816519E+00 -2.2398187351E+00 -2.7207435325E+00  1.7221575245E+01 -3.5995487801E+02
  1.8498128222E+00 -2.2398739788E+00 -2.7207450576E+00  1.7221549547E+01 -3.5995495589E+02
  1.8497439705E+00 -2.2399292130E+00 -2.7207466033E+00  1.7221523857E+01 -3.5995503376E+02
  1.8496750964E+00 -2.2399844381E+00 -2.7207481698E+00  1.7221498172E+01 -3.5995511164E+02
  1.8496061994E+00 -2.2400396545E+00 -2.7207497570E+00  1.7221472493E+01 -3.5995518952E+02
  1.8495372790E+00 -2.2400948626E+00 -2.7207513648E+00  1.7221446820E+01 -3.5995526741E+02
  1.8494683348E+00 -2.2401500626E+00 -2.7207529934E+00  1.7221421152E+01 -3.5995534530E+02
  1.8493993664E+00 -2.2402052549E+00 -2.7207546428E+00  1.7221395489E+01 -3.5995542320E+02
  1.8493303735E+00 -2.2402604398E+00 -2.7207563130E+00  1.7221369831E+01 -3.5995550110E+02
  1.8492613557E+00 -2.2403156175E+00 -2.7207580039E+00  1.7221344177E+01 -3.5995557901E+02
  1.8491923126E+00 -2.2403707883E+00 -2.7207597157E+00  1.7221318527E+01 -3.5995565693E+02
  1.8491232438E+00 -2.2404259524E+00 -2.7207614482E+00  1.7221292882E+01 -3.5995573485E+02
  1.8490541492E+00 -2.2404811102E+00 -2.7207632017E+00  1.7221267240E+01 -3.5995581279E+02
  1.8489850282E+00 -2.2405362618E+00 -2.7207649760E+00  1.7221241601E+01 -3.5995589074E+02
  1.8489158808E+00 -2.2405914075E+00 -2.7207667712E+00  1.7221215966E+01 -3.5995596870E+02
  1.8488467065E+00 -2.2406465475E+00 -2.7207685873E+00  1.7221190334E+01 -3.5995604667E+02
  1.8487775051E+00 -2.2407016820E+00 -2.7207704243E+00  1.7221164704E+01 -3.5995612465E+02
  1.8487082763E+00 -2.2407568112E+00 -2.7207722823E+00  1.7221139078E+01 -3.5995620265E+02
  1.8486390198E+00 -2.2408119352E+00 -2.7207741612E+00  1.7221113453E+01 -3.5995628065E+02
  1.8485697355E+00 -2.2408670543E+00 -2.7207760611E+00  1.7221087831E+01 -3.5995635868E+02
  1.8485004231E+00 -2.2409221687E+00 -2.7207779820E+00  1.7221062211E+01 -3.5995643672E+02
  1.8484310823E+00 -2.2409772784E+00 -2.7207799240E+00  1.7221036593E+01 -3.5995651477E+02
  1.8483617129E+00 -2.2410323837E+00 -2.7207818869E+00  1.7221010977E+01 -3.5995659284E+02
  1.8482923147E+00 -2.2410874847E+00 -2.7207838710E+00  1.7220985363E+01 -3.5995667092E+02
  1.8482228876E+00 -2.2411425816E+00 -2.7207858761E+00  1.7220959750E+01 -3.5995674902E+02
  1.8481534312E+00 -2.2411976744E+00 -2.7207879023E+00  1.7220934139E+01 -3.5995682714E+02
  1.8480839454E+00 -2.2412527634E+00 -2.7207899497E+00  1.7220908528E+01 -3.5995690528E+02
  1.8480144301E+00 -2.2413078487E+00 -2.7207920182E+00  1.7220882919E+01 -3.5995698343E+02
  1.8479448850E+00 -2.2413629303E+00 -2.7207941078E+00  1.7220857311E+01 -3.5995706160E+02
  1.8478753099E+00 -2.2414180085E+00 -2.7207962186E+00  1.7220831704E+01 -3.5995713979E+02
  1.8478057047E+00 -2.2414730833E+00 -2.7207983506E+00  1.7220806097E+01 -3.5995721800E+02
  1.8477360693E+00 -2.2415281548E+00 -2.7208005039E+00  1.7220780491E+01 -3.5995729623E+02
  1.8476664034E+00 -2.2415832232E+00 -2.7208026783E+00  1.7220754886E+01 -3.5995737448E+02
  1.8475967069E+00 -2.2416382886E+00 -2.7208048741E+00  1.7220729281E+01 -3.5995745275E+02
  1.8475269796E+00 -2.2416933510E+00 -2.7208070911E+00  1.7220703676E+01 -3.5995753104E+02
  1.8474572215E+00 -2.2417484105E+00 -2.7208093294E+00  1.7220678072E+01 -3.5995760935E+02
  1.8473874323E+00 -2.2418034673E+00 -2.7208115890E+00  1.7220652468E+01 -3.5995768768E+02
  1.8473176120E+00 -2.2418585214E+00 -2.7208138700E+00  1.7220626864E+01 -3.5995776603E+02
  1.8472477603E+00 -2.2419135729E+00 -2.7208161723E+00  1.7220601259E+01 -3.5995784440E+02
  1.8471778772E+00 -2.2419686219E+00 -2.7208184961E+00  1.7220575655E+01 -3.5995792280E+02
  1.8471079625E+00 -2.2420236685E+00 -2.7208208412E+00  1.7220550051E+01 -3.5995800121E+02
  1.8470380161E+00 -2.2420787128E+00 -2.7208232077E+00  1.7220524446E+01 -3.5995807965E+02
  1.8469680378E+00 -2.2421337548E+00 -2.7208255957E+00  1.7220498841E+01 -3.5995815812E+02
  1.8468980277E+00 -2.2421887946E+00 -2.7208280051E+00  1.7220473235E+01 -3.5995823660E+02
  1.8468279854E+00 -2.2422438322E+00 -2.7208304360E+00  1.7220447629E+01 -3.5995831511E+02
  1.8467579110E+00 -2.2422988678E+00 -2.7208328884E+00  1.7220422023E+01 -3.5995839364E+02
  1.8466878043E+00 -2.2423539014E+00 -2.7208353624E+00  1.7220396415E+01 -3.5995847220E+02
  1.8466176653E+00 -2.2424089331E+00 -2.7208378579E+00  1.7220370808E+01 -3.5995855078E+02
  1.8465474937E+00 -2.2424639629E+00 -2.7208403749E+00  1.7220345199E+01 -3.5995862938E+02
  1.8464772895E+00 -2.2425189909E+00 -2.7208429136E+00  1.7220319589E+01 -3.5995870801E+02
  1.8464070527E+00 -2.2425740171E+00 -2.7208454738E+00  1.7220293979E+01 -3.5995878666E+02
  1.8463367830E+00 -2.2426290416E+00 -2.7208480557E+00  1.7220268368E+01 -3.5995886533E+02
  1.8462664804E+00 -2.2426840645E+00 -2.7208506592E+00  1.7220242755E+01 -3.5995894404E+02
  1.8461961449E+00 -2.2427390857E+00 -2.7208532844E+00  1.7220217142E+01 -3.5995902276E+02
  1.8461257763E+00 -2.2427941054E+00 -2.7208559313E+00  1.7220191527E+01 -3.5995910151E+02
  1.8460553745E+00 -2.2428491236E+00 -2.7208585998E+00  1.7220165912E+01 -3.5995918029E+02
  1.8459849394E+00 -2.2429041403E+00 -2.7208612902E+00  1.7220140295E+01 -3.5995925909E+02
  1.8459144710E+00 -2.2429591557E+00 -2.7208640022E+00  1.7220114677E+01 -3.5995933792E+02
  1.8458439691E+00 -2.2430141696E+00 -2.7208667361E+00  1.7220089057E+01 -3.5995941678E+02
  1.8457734338E+00 -2.2430691822E+00 -2.7208694917E+00  1.7220063436E+01 -3.5995949566E+02
  1.8457028648E+00 -2.2431241935E+00 -2.7208722692E+00  1.7220037814E+01 -3.5995957457E+02
  1.8456322622E+00 -2.2431792036E+00 -2.7208750685E+00  1.7220012191E+01 -3.5995965350E+02
  1.8455616258E+00 -2.2432342124E+00 -2.7208778896E+00  1.7219986566E+01 -3.5995973246E+02
  1.8454909556E+00 -2.2432892201E+00 -2.7208807326E+00  1.7219960939E+01 -3.5995981145E+02
  1.8454202515E+00 -2.2433442266E+00 -2.7208835976E+00  1.7219935311E+01 -3.5995989046E+02
  1.8453495134E+00 -2.2433992320E+00 -2.7208864844E+00  1.7219909681E+01 -3.5995996950E+02
  1.8452787412E+00 -2.2434542363E+00 -2.7208893932E+00  1.7219884050E+01 -3.5996004857E+02
  1.8452079349E+00 -2.2435092396E+00 -2.7208923240E+00  1.7219858417E+01 -3.5996012767E+02
  1.8451370944E+00 -2.2435642418E+00 -2.7208952767E+00  1.7219832782E+01 -3.5996020679E+02
  1.8450662196E+00 -2.2436192431E+00 -2.7208982515E+00  1.7219807145E+01 -3.5996028594E+02
  1.8449953105E+00 -2.2436742434E+00 -2.7209012482E+00  1.7219781507E+01 -3.5996036512E+02
  1.8449243670E+00 -2.2437292428E+00 -2.7209042671E+00  1.7219755867E+01 -3.5996044432E+02
  1.8448533890E+00 -2.2437842412E+00 -2.7209073080E+00  1.7219730225E+01 -3.5996052356E+02
  1.8447823765E+00 -2.2438392388E+00 -2.7209103710E+00  1.7219704581E+01 -3.5996060282E+02
  1.8447113294E+00 -2.2438942355E+00 -2.7209134561E+00  1.7219678936E+01 -3.5996068211E+02
  1.8446402476E+00 -2.2439492314E+00 -2.7209165633E+00  1.7219653288E+01 -3.5996076143E+02
  1.8445691310E+00 -2.2440042265E+00 -2.7209196928E+00  1.7219627638E+01 -3.5996084078E+02
