 AIMInt (Version 19.10.12, Professional)
 Portions Copyright (c) 1997-2019 by Todd A. Keith
 AIMInt is a component of the AIMAll package ( http://aim.tkgristmill.com )

 TP:  64-bit Mac OS X

 AIMInt is a heavily modified and extended version of the PROAIMV program
 developed by members of R.F.W. Bader's research group

 Much of the Quantum Theory of Atoms in Molecules (QTAIM) is described in the book:
   "Atoms in Molecules - A Quantum Theory"
   R.F.W. Bader, Oxford University Press, Oxford, 1990

 For additional references see:  http://aim.tkgristmill.com/references.html

 Current Directory:  /Users/chemlab/Documents/SubstituentCoding/BCP Map Reference/BCPMapReference

 Inp File:  SubH_SeOHMe_wb97xd_aug-cc-pvtz_atomicfiles/c3.inp
 Wfx File:  SubH_SeOHMe_wb97xd_aug-cc-pvtz.wfx
 Out File:  SubH_SeOHMe_wb97xd_aug-cc-pvtz_atomicfiles/c3.int

 Wfx Title:   Title Card Required                                                           
 Job Title:   Title Card Required                                                           
 
<Atom>
C3      
</Atom>
<Nuclei of Molecule>
     8
Se1       34.0           7.8661408951E-18   6.5930328733E-01   0.0000000000E+00
H2         1.0          -3.8968681766E-01   1.0398815245E+00   3.0363083399E+00
C3         6.0          -2.3385190164E+00  -2.1650005161E+00   0.0000000000E+00
H4         1.0          -4.2617925952E+00  -1.4338888903E+00   0.0000000000E+00
H5         1.0          -1.9706540064E+00  -3.2664473399E+00  -1.6912028527E+00
H6         1.0          -1.9706540064E+00  -3.2664473399E+00   1.6912028527E+00
H7         1.0          -3.8968681766E-01   1.0398815245E+00  -3.0363083399E+00
O8         8.0           2.8766985427E+00  -4.4241101896E-01   0.0000000000E+00
</Nuclei of Molecule>
<Total Number of CPs of DelSqRho>
    36
</Total Number of CPs of DelSqRho>
<Number of (3,+3) CPs of DelSqRho>
     5
</Number of (3,+3) CPs of DelSqRho>
<Number of (3,+1) CPs of DelSqRho>
    12
</Number of (3,+1) CPs of DelSqRho>
<Number of (3,-1) CPs of DelSqRho>
    13
</Number of (3,-1) CPs of DelSqRho>
<Number of (3,-3) CPs of DelSqRho>
     6
</Number of (3,-3) CPs of DelSqRho>
<Number of Degenerate CPs of DelSqRho>
     0
</Number of Degenerate CPs of DelSqRho>
<CP of DelSqRho>
CP# = 1       
Type = (3,+3)
Coords = -2.33851894732398E+00 -2.16500037247643E+00  1.84261328894092E-24
DistFromNuc =  1.5937236635E-07
Rho =  1.2095458913E+02
DelSqRho = -7.4484467718E+05
GradDelSqRho =  1.8271998670E-06  3.9393171392E-08 -2.0040323384E-16
HessDelSqRho_EigVals =  1.5957098366E+10  1.5957098531E+10  1.5957098541E+10
HessDelSqRho_EigVec1 =  7.5417808215E-01  6.5666994785E-01 -6.6584416733E-17
HessDelSqRho_EigVec2 = -1.0575322163E-15  1.3159609911E-15  1.0000000000E+00
HessDelSqRho_EigVec3 = -6.5666994785E-01  7.5417808215E-01 -1.6869185617E-15
</CP of DelSqRho>
<CP of DelSqRho>
CP# = 2       
Type = (3,+1)
Coords = -3.55001796885133E+00 -1.69827810507041E+00 -1.40756932295527E-19
DistFromNuc =  1.2982910000E+00
Rho =  2.8452427522E-01
DelSqRho = -1.0958789342E+00
GradDelSqRho =  1.6445178552E-15  6.2450045135E-16 -3.0544269598E-18
HessDelSqRho_EigVals = -8.5245152039E+00  8.2148994491E+00  8.3236757061E+00
HessDelSqRho_EigVec1 =  9.3748940980E-01 -3.4801380219E-01  0.0000000000E+00
HessDelSqRho_EigVec2 =  3.4801380219E-01  9.3748940980E-01  0.0000000000E+00
HessDelSqRho_EigVec3 =  0.0000000000E+00  0.0000000000E+00  1.0000000000E+00
</CP of DelSqRho>
<CP of DelSqRho>
CP# = 3       
Type = (3,+1)
Coords = -2.10415923406136E+00 -2.85729415629662E+00 -1.07118854533488E+00
DistFromNuc =  1.2967805873E+00
Rho =  2.8883947941E-01
DelSqRho = -1.1267464160E+00
GradDelSqRho =  1.0408340856E-16  2.0816681712E-17 -1.1969591984E-16
HessDelSqRho_EigVals = -9.0260102837E+00  8.4922898387E+00  8.5989668759E+00
HessDelSqRho_EigVec1 = -1.7517148439E-01  5.4282972067E-01  8.2137132006E-01
HessDelSqRho_EigVec2 =  7.4191887174E-01  6.2120318394E-01 -2.5231526313E-01
HessDelSqRho_EigVec3 = -6.4720270303E-01  5.6519244388E-01 -5.1155269775E-01
</CP of DelSqRho>
<CP of DelSqRho>
CP# = 4       
Type = (3,+1)
Coords = -2.10415923406136E+00 -2.85729415629662E+00  1.07118854533488E+00
DistFromNuc =  1.2967805873E+00
Rho =  2.8883947941E-01
DelSqRho = -1.1267464160E+00
GradDelSqRho =  2.1510571102E-16  1.5265566589E-16  1.8041124150E-16
HessDelSqRho_EigVals = -9.0260102837E+00  8.4922898387E+00  8.5989668759E+00
HessDelSqRho_EigVec1 =  1.7517148439E-01 -5.4282972067E-01  8.2137132006E-01
HessDelSqRho_EigVec2 =  7.4191887174E-01  6.2120318394E-01  2.5231526313E-01
HessDelSqRho_EigVec3 = -6.4720270303E-01  5.6519244388E-01  5.1155269775E-01
</CP of DelSqRho>
<CP of DelSqRho>
CP# = 5       
Type = (3,-1)
Coords = -2.11928288164489E+00 -2.21111323700950E+00  4.57969512162689E-19
DistFromNuc =  2.2403318021E-01
Rho =  9.2244819192E+00
DelSqRho =  2.8054032713E+02
GradDelSqRho =  7.3505646014E-12 -3.6733394104E-12  1.5517380562E-17
HessDelSqRho_EigVals = -5.8443179408E+04 -4.5099856641E+01  4.4521891525E+01
HessDelSqRho_EigVec1 =  9.7830867384E-01 -2.0715245278E-01  2.0491186466E-18
HessDelSqRho_EigVec2 = -2.0006405952E-18  4.4351200223E-19  1.0000000000E+00
HessDelSqRho_EigVec3 =  2.0715245278E-01  9.7830867384E-01 -1.9454032311E-20
</CP of DelSqRho>
<CP of DelSqRho>
CP# = 6       
Type = (3,-1)
Coords = -2.36053239573984E+00 -2.05749924668051E+00  1.95410153241073E-01
DistFromNuc =  2.2411211431E-01
Rho =  9.2231532131E+00
DelSqRho =  2.7980207499E+02
GradDelSqRho =  4.1433523279E-13  1.5116796703E-12 -3.7383429685E-12
HessDelSqRho_EigVals = -5.8194805419E+04 -1.2338984693E+01  7.7398382258E+01
HessDelSqRho_EigVec1 = -9.8870439129E-02  4.7853816462E-01  8.7248258508E-01
HessDelSqRho_EigVec2 = -6.9357805233E-01  5.9557904341E-01 -4.0525928537E-01
HessDelSqRho_EigVec3 =  7.1356437803E-01  6.4520293555E-01 -2.7301840663E-01
</CP of DelSqRho>
<CP of DelSqRho>
CP# = 7       
Type = (3,-1)
Coords = -2.36053239573971E+00 -2.05749924668054E+00 -1.95410153241105E-01
DistFromNuc =  2.2411211431E-01
Rho =  9.2231532131E+00
DelSqRho =  2.7980207499E+02
GradDelSqRho =  2.1480595080E-12  6.8114403007E-12  2.8572699762E-12
HessDelSqRho_EigVals = -5.8194805419E+04 -1.2338984693E+01  7.7398382258E+01
HessDelSqRho_EigVec1 =  9.8870439129E-02 -4.7853816462E-01  8.7248258508E-01
HessDelSqRho_EigVec2 = -6.9357805233E-01  5.9557904341E-01  4.0525928537E-01
HessDelSqRho_EigVec3 =  7.1356437803E-01  6.4520293555E-01  2.7301840663E-01
</CP of DelSqRho>
<CP of DelSqRho>
CP# = 8       
Type = (3,-3)
Coords = -2.16735837476068E+00 -2.02018729256052E+00 -2.19494136780556E-19
DistFromNuc =  2.2420266494E-01
Rho =  9.2052550864E+00
DelSqRho =  2.8082130981E+02
GradDelSqRho = -1.1063150396E-11 -8.7574392182E-12  9.4223226296E-17
HessDelSqRho_EigVals = -5.8146569010E+04 -5.5034143826E+01 -3.4259781897E+01
HessDelSqRho_EigVec1 =  7.6373413988E-01  6.4553091605E-01 -9.6124077055E-19
HessDelSqRho_EigVec2 =  3.5944096708E-19  1.0638118418E-18  1.0000000000E+00
HessDelSqRho_EigVec3 = -6.4553091605E-01  7.6373413988E-01 -5.8043916522E-19
</CP of DelSqRho>
<CP of DelSqRho>
CP# = 9       
Type = (3,+1)
Coords = -2.46863895193089E+00 -1.98253033228649E+00 -4.84969759100536E-18
DistFromNuc =  2.2411284118E-01
Rho =  9.2263763321E+00
DelSqRho =  2.7956416392E+02
GradDelSqRho =  2.2648549702E-13 -2.7089441801E-13  3.7373752181E-17
HessDelSqRho_EigVals = -5.8214580383E+04  2.1607766985E+01  8.9860478475E+01
HessDelSqRho_EigVec1 = -5.8183564460E-01  8.1330638918E-01 -2.1599830975E-17
HessDelSqRho_EigVec2 =  3.6083197357E-17  5.2371802233E-17  1.0000000000E+00
HessDelSqRho_EigVec3 =  8.1330638918E-01  5.8183564460E-01 -5.9818476263E-17
</CP of DelSqRho>
<CP of DelSqRho>
CP# = 10      
Type = (3,-3)
Coords = -2.46777957633837E+00 -2.34731267188153E+00  1.07442706154756E-18
DistFromNuc =  2.2348604989E-01
Rho =  9.2441639066E+00
DelSqRho =  2.8454992855E+02
GradDelSqRho =  1.8154366899E-12  8.0024875615E-12  7.5960491542E-17
HessDelSqRho_EigVals = -6.0067461698E+04 -1.6174384236E+02 -1.4584836136E+02
HessDelSqRho_EigVec1 =  5.7814712320E-01  8.1593253639E-01 -4.8199323517E-18
HessDelSqRho_EigVec2 = -8.2679651264E-18  1.1765718581E-17  1.0000000000E+00
HessDelSqRho_EigVec3 =  8.1593253639E-01 -5.7814712320E-01  1.3548418106E-17
</CP of DelSqRho>
<CP of DelSqRho>
CP# = 11      
Type = (3,+1)
Coords = -2.29190632922023E+00 -2.11932589404824E+00  2.14337411264936E-01
DistFromNuc =  2.2405231437E-01
Rho =  9.2300918627E+00
DelSqRho =  2.7978100491E+02
GradDelSqRho =  6.8853811541E-12  4.9993342799E-12  1.2917666936E-11
HessDelSqRho_EigVals = -5.8350855740E+04  1.4836889302E+01  8.5394935184E+01
HessDelSqRho_EigVec1 =  2.0762648251E-01  2.0231908062E-01  9.5705706903E-01
HessDelSqRho_EigVec2 = -7.4015927604E-01  6.7217772580E-01  1.8475687664E-02
HessDelSqRho_EigVec3 =  6.3957445998E-01  7.1221070938E-01 -2.8931024107E-01
</CP of DelSqRho>
<CP of DelSqRho>
CP# = 12      
Type = (3,+1)
Coords = -2.29190632922039E+00 -2.11932589404814E+00 -2.14337411264951E-01
DistFromNuc =  2.2405231437E-01
Rho =  9.2300918627E+00
DelSqRho =  2.7978100491E+02
GradDelSqRho = -7.4700245989E-12 -8.7330143117E-13  1.0233591752E-11
HessDelSqRho_EigVals = -5.8350855740E+04  1.4836889302E+01  8.5394935184E+01
HessDelSqRho_EigVec1 = -2.0762648251E-01 -2.0231908062E-01  9.5705706903E-01
HessDelSqRho_EigVec2 = -7.4015927604E-01  6.7217772580E-01 -1.8475687663E-02
HessDelSqRho_EigVec3 =  6.3957445998E-01  7.1221070938E-01  2.8931024107E-01
</CP of DelSqRho>
<CP of DelSqRho>
CP# = 13      
Type = (3,-1)
Coords = -1.36570671576361E+00 -2.50898779211685E+00 -1.51635776915857E-18
DistFromNuc =  1.0318386591E+00
Rho =  1.7373002833E-01
DelSqRho =  2.5212679211E-02
GradDelSqRho =  7.6159703544E-12 -3.3357483442E-12  2.1066333110E-17
HessDelSqRho_EigVals = -1.5108897649E+00 -1.2505034482E+00  9.7279807311E+00
HessDelSqRho_EigVec1 =  0.0000000000E+00  0.0000000000E+00  1.0000000000E+00
HessDelSqRho_EigVec2 =  3.6060526483E-01  9.3271852291E-01  0.0000000000E+00
HessDelSqRho_EigVec3 =  9.3271852291E-01 -3.6060526483E-01  0.0000000000E+00
</CP of DelSqRho>
<CP of DelSqRho>
CP# = 14      
Type = (3,-1)
Coords = -3.00568943144230E+00 -2.98621284130675E+00  1.49530759543210E-18
DistFromNuc =  1.0580671272E+00
Rho =  1.5681022352E-01
DelSqRho =  7.8710579973E-02
GradDelSqRho =  6.5364380575E-15  1.1546319456E-14  2.8610585355E-18
HessDelSqRho_EigVals = -1.1237124990E+00 -1.1004961852E+00  7.7431461191E+00
HessDelSqRho_EigVec1 =  0.0000000000E+00  0.0000000000E+00  1.0000000000E+00
HessDelSqRho_EigVec2 =  7.7708280532E-01 -6.2939837438E-01  0.0000000000E+00
HessDelSqRho_EigVec3 =  6.2939837438E-01  7.7708280532E-01  0.0000000000E+00
</CP of DelSqRho>
<CP of DelSqRho>
CP# = 15      
Type = (3,+1)
Coords = -2.55250208588197E+00 -1.18038653486128E+00 -1.38258865607009E-18
DistFromNuc =  1.0075978593E+00
Rho =  2.0028059129E-01
DelSqRho = -2.1620381647E-01
GradDelSqRho =  5.5511151231E-16 -3.9829251008E-15 -3.6478337291E-18
HessDelSqRho_EigVals = -2.4472081841E+00  1.3219467415E+00  1.3620837578E+01
HessDelSqRho_EigVec1 =  9.6702686585E-01  2.5467438177E-01  0.0000000000E+00
HessDelSqRho_EigVec2 =  0.0000000000E+00  0.0000000000E+00  1.0000000000E+00
HessDelSqRho_EigVec3 = -2.5467438177E-01  9.6702686585E-01  0.0000000000E+00
</CP of DelSqRho>
<CP of DelSqRho>
CP# = 16      
Type = (3,-1)
Coords = -2.49907952749310E+00 -1.57728852092058E+00  8.35885864574009E-01
DistFromNuc =  1.0343549901E+00
Rho =  1.7258560207E-01
DelSqRho =  2.4275162897E-02
GradDelSqRho =  1.4016565686E-15 -4.5102810375E-16  6.5225602697E-16
HessDelSqRho_EigVals = -1.4496134181E+00 -1.2451754582E+00  9.5441777911E+00
HessDelSqRho_EigVec1 = -6.6601079317E-01  5.4706874434E-01 -5.0709507230E-01
HessDelSqRho_EigVec2 =  7.2532546970E-01  6.3366858155E-01 -2.6901132273E-01
HessDelSqRho_EigVec3 = -1.7416252864E-01  5.4697341592E-01  8.1883300855E-01
</CP of DelSqRho>
<CP of DelSqRho>
CP# = 17      
Type = (3,-1)
Coords = -2.49907952749310E+00 -1.57728852092058E+00 -8.35885864574009E-01
DistFromNuc =  1.0343549901E+00
Rho =  1.7258560207E-01
DelSqRho =  2.4275162897E-02
GradDelSqRho =  5.6898930012E-16 -7.5633943553E-16 -5.2041704279E-16
HessDelSqRho_EigVals = -1.4496134181E+00 -1.2451754582E+00  9.5441777911E+00
HessDelSqRho_EigVec1 = -6.6601079317E-01  5.4706874434E-01  5.0709507230E-01
HessDelSqRho_EigVec2 =  7.2532546970E-01  6.3366858155E-01  2.6901132273E-01
HessDelSqRho_EigVec3 =  1.7416252864E-01 -5.4697341592E-01  8.1883300855E-01
</CP of DelSqRho>
<CP of DelSqRho>
CP# = 18      
Type = (3,+3)
Coords = -1.68738951032017E+00 -1.37574482480698E+00  1.35525049191260E-19
DistFromNuc =  1.0231784693E+00
Rho =  2.2325948201E-01
DelSqRho = -5.9341899793E-01
GradDelSqRho =  1.4139800442E-12  9.3192120687E-13  3.3084146215E-18
HessDelSqRho_EigVals =  2.3833777743E+00  2.3922894750E+00  1.2813864127E+01
HessDelSqRho_EigVec1 =  0.0000000000E+00  0.0000000000E+00  1.0000000000E+00
HessDelSqRho_EigVec2 =  7.7009751659E-01 -6.3792618299E-01  0.0000000000E+00
HessDelSqRho_EigVec3 =  6.3792618299E-01  7.7009751659E-01  0.0000000000E+00
</CP of DelSqRho>
<CP of DelSqRho>
CP# = 19      
Type = (3,+1)
Coords = -2.01111713000532E+00 -3.10296499008786E+00 -6.21310356520984E-17
DistFromNuc =  9.9346331072E-01
Rho =  2.0997294315E-01
DelSqRho = -1.6742493420E-01
GradDelSqRho =  1.4571677198E-15 -2.4459601011E-15  1.7473027120E-16
HessDelSqRho_EigVals = -3.4194676840E+00  1.2132596111E+00  1.4626983191E+01
HessDelSqRho_EigVec1 =  0.0000000000E+00  0.0000000000E+00  1.0000000000E+00
HessDelSqRho_EigVec2 =  9.4007108119E-01  3.4097853644E-01  0.0000000000E+00
HessDelSqRho_EigVec3 = -3.4097853644E-01  9.4007108119E-01  0.0000000000E+00
</CP of DelSqRho>
<CP of DelSqRho>
CP# = 20      
Type = (3,+1)
Coords = -2.99902537267202E+00 -2.29802675891942E+00  7.30261405461244E-01
DistFromNuc =  9.9360271145E-01
Rho =  2.1010383874E-01
DelSqRho = -1.7278950143E-01
GradDelSqRho =  6.8695049649E-16 -6.1062266354E-16 -6.3490879221E-16
HessDelSqRho_EigVals = -3.3603134299E+00  1.2329175632E+00  1.4609956820E+01
HessDelSqRho_EigVec1 = -6.7260692686E-01  5.4164361968E-01 -5.0420443393E-01
HessDelSqRho_EigVec2 =  3.3805599918E-01  8.3100892680E-01  4.4174914260E-01
HessDelSqRho_EigVec3 = -6.5826899012E-01 -1.2667419954E-01  7.4204823551E-01
</CP of DelSqRho>
<CP of DelSqRho>
CP# = 21      
Type = (3,+1)
Coords = -2.99902537267202E+00 -2.29802675891942E+00 -7.30261405461244E-01
DistFromNuc =  9.9360271145E-01
Rho =  2.1010383874E-01
DelSqRho = -1.7278950143E-01
GradDelSqRho =  3.5388358910E-16 -6.1062266354E-16  9.7491459350E-16
HessDelSqRho_EigVals = -3.3603134299E+00  1.2329175632E+00  1.4609956820E+01
HessDelSqRho_EigVec1 = -6.7260692686E-01  5.4164361968E-01  5.0420443393E-01
HessDelSqRho_EigVec2 =  3.3805599918E-01  8.3100892680E-01 -4.4174914260E-01
HessDelSqRho_EigVec3 =  6.5826899012E-01  1.2667419954E-01  7.4204823551E-01
</CP of DelSqRho>
<CP of DelSqRho>
CP# = 22      
Type = (3,+1)
Coords = -1.63725045304268E+00 -1.91577516632392E+00  6.70598530188645E-01
DistFromNuc =  1.0017950198E+00
Rho =  2.0428818506E-01
DelSqRho = -2.2987790005E-01
GradDelSqRho = -6.6613381478E-16 -8.4654505628E-16 -1.3600232052E-15
HessDelSqRho_EigVals = -2.5575569967E+00  1.3829941253E+00  1.4204015257E+01
HessDelSqRho_EigVec1 =  2.7819502156E-01  8.0769583922E-01 -5.1984128471E-01
HessDelSqRho_EigVec2 = -6.7056468541E-01  5.5080405810E-01  4.9694858111E-01
HessDelSqRho_EigVec3 =  6.8771399045E-01  2.1033858631E-01  6.9484325315E-01
</CP of DelSqRho>
<CP of DelSqRho>
CP# = 23      
Type = (3,+1)
Coords = -1.63725045304268E+00 -1.91577516632392E+00 -6.70598530188645E-01
DistFromNuc =  1.0017950198E+00
Rho =  2.0428818506E-01
DelSqRho = -2.2987790005E-01
GradDelSqRho =  3.3306690739E-16  2.2204460493E-16  4.7184478547E-16
HessDelSqRho_EigVals = -2.5575569967E+00  1.3829941253E+00  1.4204015257E+01
HessDelSqRho_EigVec1 =  2.7819502156E-01  8.0769583922E-01  5.1984128471E-01
HessDelSqRho_EigVec2 =  6.7056468541E-01 -5.5080405810E-01  4.9694858111E-01
HessDelSqRho_EigVec3 =  6.8771399045E-01  2.1033858631E-01 -6.9484325315E-01
</CP of DelSqRho>
<CP of DelSqRho>
CP# = 24      
Type = (3,+3)
Coords = -2.14517610674131E+00 -2.72135160294548E+00  8.70180134909456E-01
DistFromNuc =  1.0507718495E+00
Rho =  3.0065038731E-01
DelSqRho = -1.2096196256E+00
GradDelSqRho = -2.1357915436E-14  5.8300586581E-14 -9.3716701066E-14
HessDelSqRho_EigVals =  7.1947284159E+00  7.3784865209E+00  8.3368312872E+00
HessDelSqRho_EigVec1 =  6.3169926711E-01  7.7088846236E-01  8.1774167870E-02
HessDelSqRho_EigVec2 =  7.1100671773E-01 -5.3411201731E-01 -4.5737708766E-01
HessDelSqRho_EigVec3 =  3.0891015406E-01 -3.4706675376E-01  8.8550504525E-01
</CP of DelSqRho>
<CP of DelSqRho>
CP# = 25      
Type = (3,+3)
Coords = -2.14517610674131E+00 -2.72135160294548E+00 -8.70180134909456E-01
DistFromNuc =  1.0507718495E+00
Rho =  3.0065038731E-01
DelSqRho = -1.2096196256E+00
GradDelSqRho = -2.1836699116E-14  6.1700644594E-14  9.3799967793E-14
HessDelSqRho_EigVals =  7.1947284159E+00  7.3784865209E+00  8.3368312872E+00
HessDelSqRho_EigVec1 =  6.3169926711E-01  7.7088846236E-01 -8.1774167870E-02
HessDelSqRho_EigVec2 =  7.1100671773E-01 -5.3411201731E-01  4.5737708766E-01
HessDelSqRho_EigVec3 = -3.0891015406E-01  3.4706675376E-01  8.8550504525E-01
</CP of DelSqRho>
<CP of DelSqRho>
CP# = 26      
Type = (3,+3)
Coords = -3.32489716586909E+00 -1.77895270217459E+00  1.94495948573428E-19
DistFromNuc =  1.0592331038E+00
Rho =  2.9493585983E-01
DelSqRho = -1.1698940361E+00
GradDelSqRho =  5.6898930012E-16  3.2612801348E-16  6.5475147833E-18
HessDelSqRho_EigVals =  6.9919232220E+00  7.1561650268E+00  7.8575700815E+00
HessDelSqRho_EigVec1 =  5.8948373397E-01  8.0778024696E-01  0.0000000000E+00
HessDelSqRho_EigVec2 =  0.0000000000E+00  0.0000000000E+00  1.0000000000E+00
HessDelSqRho_EigVec3 =  8.0778024696E-01 -5.8948373397E-01  0.0000000000E+00
</CP of DelSqRho>
<CP of DelSqRho>
CP# = 27      
Type = (3,-1)
Coords = -2.30650131918073E+00 -3.73248789931982E+00 -3.05563471595183E-16
DistFromNuc =  1.5678143479E+00
Rho =  8.2763157419E-02
DelSqRho =  1.7800584252E-01
GradDelSqRho = -3.6284183123E-12  7.8329148723E-12  2.5812827750E-17
HessDelSqRho_EigVals = -1.6852401928E+00 -6.3255696911E-02  2.1656153306E-02
HessDelSqRho_EigVec1 =  6.4637095555E-02  9.9790883646E-01  0.0000000000E+00
HessDelSqRho_EigVec2 =  0.0000000000E+00  0.0000000000E+00  1.0000000000E+00
HessDelSqRho_EigVec3 =  9.9790883646E-01 -6.4637095555E-02  0.0000000000E+00
</CP of DelSqRho>
<CP of DelSqRho>
CP# = 28      
Type = (3,-3)
Coords = -1.01410461483720E+00 -2.86539185605599E+00  5.70965068331265E-17
DistFromNuc =  1.4982061061E+00
Rho =  8.0668163435E-02
DelSqRho =  1.9377432637E-01
GradDelSqRho = -9.3675067703E-16  2.4286128664E-17 -1.6534707775E-17
HessDelSqRho_EigVals = -1.7947717990E+00 -8.6510210326E-02 -4.2638452494E-02
HessDelSqRho_EigVec1 =  9.0634396295E-01 -4.2254067357E-01  0.0000000000E+00
HessDelSqRho_EigVec2 =  4.2254067357E-01  9.0634396295E-01  0.0000000000E+00
HessDelSqRho_EigVec3 =  0.0000000000E+00  0.0000000000E+00  1.0000000000E+00
</CP of DelSqRho>
<CP of DelSqRho>
CP# = 29      
Type = (3,-1)
Coords = -1.25384337369063E+00 -2.00703072320888E+00  1.27618206577221E+00
DistFromNuc =  1.6822949713E+00
Rho =  8.2784711967E-02
DelSqRho =  1.5732822586E-01
GradDelSqRho = -3.2439329001E-16 -2.4849913793E-16 -1.8908485888E-16
HessDelSqRho_EigVals = -1.3106431809E+00 -4.2696718314E-01  6.3310236234E-02
HessDelSqRho_EigVec1 =  7.3513494539E-01  3.7365354095E-01  5.6564975329E-01
HessDelSqRho_EigVec2 = -1.2542014446E-01 -7.4502248044E-01  6.5514219144E-01
HessDelSqRho_EigVec3 = -6.6621798192E-01  5.5256179290E-01  5.0082837939E-01
</CP of DelSqRho>
<CP of DelSqRho>
CP# = 30      
Type = (3,-1)
Coords = -1.25384337369063E+00 -2.00703072320888E+00 -1.27618206577221E+00
DistFromNuc =  1.6822949713E+00
Rho =  8.2784711967E-02
DelSqRho =  1.5732822586E-01
GradDelSqRho =  2.6974950051E-16  1.3270634591E-16 -3.3827107782E-17
HessDelSqRho_EigVals = -1.3106431809E+00 -4.2696718314E-01  6.3310236234E-02
HessDelSqRho_EigVec1 =  7.3513494539E-01  3.7365354095E-01 -5.6564975329E-01
HessDelSqRho_EigVec2 =  1.2542014446E-01  7.4502248044E-01  6.5514219144E-01
HessDelSqRho_EigVec3 = -6.6621798192E-01  5.5256179290E-01 -5.0082837939E-01
</CP of DelSqRho>
<CP of DelSqRho>
CP# = 31      
Type = (3,-1)
Coords = -2.99419517754260E+00 -6.16021435548489E-01  3.35348863907534E-17
DistFromNuc =  1.6820366881E+00
Rho =  8.3044469339E-02
DelSqRho =  1.4887642083E-01
GradDelSqRho =  8.3266726847E-17  2.7929047963E-16  2.3223316338E-18
HessDelSqRho_EigVals = -1.2842350203E+00 -4.1126915680E-01  7.2792176620E-02
HessDelSqRho_EigVec1 = -3.4348422865E-02  9.9940991883E-01  0.0000000000E+00
HessDelSqRho_EigVec2 =  9.9940991883E-01  3.4348422865E-02  0.0000000000E+00
HessDelSqRho_EigVec3 =  0.0000000000E+00  0.0000000000E+00  1.0000000000E+00
</CP of DelSqRho>
<CP of DelSqRho>
CP# = 32      
Type = (3,-1)
Coords = -3.48461808464771E+00 -2.73036057926728E+00  9.22607953870764E-01
DistFromNuc =  1.5761917750E+00
Rho =  8.3101615201E-02
DelSqRho =  1.7662059453E-01
GradDelSqRho =  5.7853027924E-16  2.4524653142E-16 -2.0816681712E-16
HessDelSqRho_EigVals = -1.6688602239E+00 -7.2723722321E-02  1.8682163474E-02
HessDelSqRho_EigVec1 =  7.3389615568E-01  4.1706790470E-01 -5.3614437939E-01
HessDelSqRho_EigVec2 =  6.7345100842E-01 -5.4977931855E-01  4.9417248016E-01
HessDelSqRho_EigVec3 =  8.8657610685E-02  7.2373825639E-01  6.8435572936E-01
</CP of DelSqRho>
<CP of DelSqRho>
CP# = 33      
Type = (3,-1)
Coords = -3.48461808464771E+00 -2.73036057926729E+00 -9.22607953870761E-01
DistFromNuc =  1.5761917750E+00
Rho =  8.3101615201E-02
DelSqRho =  1.7662059453E-01
GradDelSqRho =  6.6786853825E-17  8.8254056840E-17  1.1796119637E-16
HessDelSqRho_EigVals = -1.6688602239E+00 -7.2723722321E-02  1.8682163474E-02
HessDelSqRho_EigVec1 =  7.3389615568E-01  4.1706790470E-01  5.3614437939E-01
HessDelSqRho_EigVec2 = -6.7345100842E-01  5.4977931855E-01  4.9417248016E-01
HessDelSqRho_EigVec3 =  8.8657610685E-02  7.2373825639E-01 -6.8435572936E-01
</CP of DelSqRho>
<CP of DelSqRho>
CP# = 34      
Type = (3,-3)
Coords = -2.69294659080614E+00 -1.49318091181870E+00  1.29539779301221E+00
DistFromNuc =  1.5016710453E+00
Rho =  8.0687251112E-02
DelSqRho =  1.8997143201E-01
GradDelSqRho = -3.0682921481E-16 -5.1174342541E-17 -1.8041124150E-16
HessDelSqRho_EigVals = -1.7655859712E+00 -8.3104016441E-02 -4.3478416285E-02
HessDelSqRho_EigVec1 = -2.1993635133E-01  4.9995966141E-01  8.3765645603E-01
HessDelSqRho_EigVec2 =  6.7840879787E-01  6.9542685315E-01 -2.3694513054E-01
HessDelSqRho_EigVec3 = -7.0099180048E-01  5.1616066189E-01 -4.9212667758E-01
</CP of DelSqRho>
<CP of DelSqRho>
CP# = 35      
Type = (3,-3)
Coords = -2.69294659080614E+00 -1.49318091181869E+00 -1.29539779301221E+00
DistFromNuc =  1.5016710453E+00
Rho =  8.0687251112E-02
DelSqRho =  1.8997143201E-01
GradDelSqRho = -1.7347234760E-18 -9.6277152917E-17  1.0408340856E-16
HessDelSqRho_EigVals = -1.7655859712E+00 -8.3104016441E-02 -4.3478416285E-02
HessDelSqRho_EigVec1 =  2.1993635133E-01 -4.9995966141E-01  8.3765645603E-01
HessDelSqRho_EigVec2 =  6.7840879787E-01  6.9542685315E-01  2.3694513054E-01
HessDelSqRho_EigVec3 = -7.0099180048E-01  5.1616066189E-01  4.9212667758E-01
</CP of DelSqRho>
<CP of DelSqRho>
CP# = 36      
Type = (3,-3)
Coords = -3.24814049236716E+00 -3.31040383366373E+00  5.46940224652443E-16
DistFromNuc =  1.4626551164E+00
Rho =  7.8272763970E-02
DelSqRho =  1.8592181872E-01
GradDelSqRho = -4.1633363423E-17  1.6653345369E-16 -7.6129908424E-17
HessDelSqRho_EigVals = -1.6441480850E+00 -5.0085569488E-02 -4.7361947962E-02
HessDelSqRho_EigVec1 =  6.2656510691E-01  7.7936908253E-01  0.0000000000E+00
HessDelSqRho_EigVec2 =  0.0000000000E+00  0.0000000000E+00  1.0000000000E+00
HessDelSqRho_EigVec3 =  7.7936908253E-01 -6.2656510691E-01  0.0000000000E+00
</CP of DelSqRho>
<Path of -GradDelSqRho>
Starting CP# =      2
Ending CP# =     26
Number of Points =     10
 -3.5500179689E+00 -1.6982781051E+00 -1.4075693230E-19  2.8452427522E-01 -1.0958789342E+00
 -3.5265787841E+00 -1.7069731961E+00 -2.5840688580E-20  2.8478803964E-01 -1.0983103662E+00
 -3.5031346882E+00 -1.7156550359E+00  3.6434687077E-21  2.8529230844E-01 -1.1047217299E+00
 -3.4796839317E+00 -1.7243188675E+00 -1.4023566512E-20  2.8601600827E-01 -1.1138865934E+00
 -3.4562240700E+00 -1.7329580115E+00  7.9306273761E-22  2.8693888909E-01 -1.1246928380E+00
 -3.4327515324E+00 -1.7415626512E+00  1.4650396384E-20  2.8804191637E-01 -1.1361189733E+00
 -3.4092607532E+00 -1.7501173543E+00 -1.5604647434E-21  2.8930764413E-01 -1.1472070776E+00
 -3.3857421573E+00 -1.7585952532E+00  3.5289443845E-20  2.9072058819E-01 -1.1570324572E+00
 -3.3621763483E+00 -1.7669408896E+00  5.0126655092E-21  2.9226760881E-01 -1.1646692821E+00
 -3.3248971659E+00 -1.7789527022E+00  1.9449594857E-19  2.9493585983E-01 -1.1698940361E+00
</Path of -GradDelSqRho>
<Path of -GradDelSqRho>
Starting CP# =      2
Ending CP# =      0
Number of Points =     32
 -3.5500179689E+00 -1.6982781051E+00 -1.4075693230E-19  2.8452427522E-01 -1.0958789342E+00
 -3.5734536092E+00 -1.6895734651E+00  3.4198714186E-20  2.8452248066E-01 -1.0987877336E+00
 -3.5968865716E+00 -1.6808616188E+00  3.3806000695E-20  2.8480402832E-01 -1.1085449760E+00
 -3.6203175975E+00 -1.6721445652E+00  2.4061418342E-20  2.8538963754E-01 -1.1268130993E+00
 -3.6437472526E+00 -1.6634238277E+00  2.1403766476E-20  2.8629873456E-01 -1.1554037158E+00
 -3.6671759674E+00 -1.6547005643E+00  1.5336197603E-20  2.8754872387E-01 -1.1962549577E+00
 -3.6906040659E+00 -1.6459756461E+00  2.0684675994E-20  2.8915417648E-01 -1.2513804060E+00
 -3.7140317858E+00 -1.6372497113E+00  1.6301522177E-20  2.9112595787E-01 -1.3227714952E+00
 -3.7374592907E+00 -1.6285231991E+00  1.1649564977E-20  2.9347034930E-01 -1.4122254776E+00
 -3.7608866760E+00 -1.6197963658E+00  7.0833663089E-21  2.9618826902E-01 -1.5210617482E+00
 -3.7843139676E+00 -1.6110692811E+00  4.9221481307E-21  2.9927478339E-01 -1.6496893987E+00
 -3.8077411116E+00 -1.6023418001E+00  4.9153607751E-21  3.0271921866E-01 -1.7970159682E+00
 -3.8311679516E+00 -1.5936135030E+00  4.9970820902E-21  3.0650633286E-01 -1.9597679742E+00
 -3.8545941868E+00 -1.5848835831E+00  5.6036232444E-21  3.1061914477E-01 -2.1319546635E+00
 -3.8780193052E+00 -1.5761506669E+00  2.6620070142E-21  3.1504405365E-01 -2.3049513377E+00
 -3.9014425093E+00 -1.5674126176E+00  2.6981166066E-21  3.1977867091E-01 -2.4689514432E+00
 -3.9248628343E+00 -1.5586668546E+00  7.8757178370E-22  3.2484214131E-01 -2.6166869336E+00
 -3.9482803369E+00 -1.5499135368E+00  1.9230362695E-21  3.3028652075E-01 -2.7501060769E+00
 -3.9716991619E+00 -1.5411637588E+00  2.3389027170E-21  3.3620605089E-01 -2.8898915858E+00
 -3.9951261177E+00 -1.5324357766E+00  2.4022920103E-21  3.4273929983E-01 -3.0862413226E+00
 -4.0185624494E+00 -1.5237330005E+00  2.5998008763E-21  3.5005780357E-01 -3.4274987853E+00
 -4.0420050569E+00 -1.5150471420E+00  2.6218447120E-21  3.5833507577E-01 -4.0416283429E+00
 -4.0654512469E+00 -1.5063709578E+00  2.1225473447E-21  3.6769270887E-01 -5.0849272975E+00
 -4.0888995075E+00 -1.4977003713E+00  1.6765086196E-21  3.7812611489E-01 -6.7134244967E+00
 -4.1123490469E+00 -1.4890332435E+00  1.1302628789E-21  3.8942097392E-01 -9.0358558239E+00
 -4.1357994398E+00 -1.4803684256E+00  7.4109259297E-22  4.0108124070E-01 -1.2053833222E+01
 -4.1592504471E+00 -1.4717052705E+00  6.8856336477E-22  4.1229734806E-01 -1.5604952126E+01
 -4.1827019257E+00 -1.4630433912E+00  4.4352675721E-22  4.2198393344E-01 -1.9334930361E+01
 -4.2061537798E+00 -1.4543825287E+00  2.3549543116E-22  4.2890454008E-01 -2.2727321464E+01
 -4.2296059240E+00 -1.4457224517E+00 -3.4188975916E-23  4.3187453544E-01 -2.5204586082E+01
 -4.2530581800E+00 -1.4370626778E+00  4.7922446725E-22  4.2999960233E-01 -2.6281613204E+01
 -4.2565759441E+00 -1.4357635103E+00  9.0703016262E-22  4.2926814418E-01 -2.6303348214E+01
</Path of -GradDelSqRho>
<Path of -GradDelSqRho>
Starting CP# =      3
Ending CP# =     25
Number of Points =     10
 -2.1041592341E+00 -2.8572941563E+00 -1.0711885453E+00  2.8883947941E-01 -1.1267464160E+00
 -2.1085331273E+00 -2.8437185006E+00 -1.0506563607E+00  2.8918196190E-01 -1.1293269205E+00
 -2.1128942265E+00 -2.8301307488E+00 -1.0301294568E+00  2.8976870155E-01 -1.1361554214E+00
 -2.1172392937E+00 -2.8165270711E+00 -1.0096097033E+00  2.9057827908E-01 -1.1459621476E+00
 -2.1215638993E+00 -2.8029021714E+00 -9.8909971093E-01  2.9159005160E-01 -1.1575950163E+00
 -2.1258616768E+00 -2.7892483987E+00 -9.6860328675E-01  2.9278456669E-01 -1.1699969706E+00
 -2.1301228418E+00 -2.7755539922E+00 -9.4812634102E-01  2.9414395535E-01 -1.1821797012E+00
 -2.1343308548E+00 -2.7617991491E+00 -9.2767894535E-01  2.9565232341E-01 -1.1931938609E+00
 -2.1384532753E+00 -2.7479453299E+00 -9.0728104016E-01  2.9729615470E-01 -1.2020950077E+00
 -2.1451761067E+00 -2.7213516029E+00 -8.7018013491E-01  3.0065038731E-01 -1.2096196256E+00
</Path of -GradDelSqRho>
<Path of -GradDelSqRho>
Starting CP# =      3
Ending CP# =      0
Number of Points =     32
 -2.1041592341E+00 -2.8572941563E+00 -1.0711885453E+00  2.8883947941E-01 -1.1267464160E+00
 -2.0997752420E+00 -2.8708607776E+00 -1.0917245475E+00  2.8876299444E-01 -1.1298196155E+00
 -2.0953827791E+00 -2.8844202800E+00 -1.1122634413E+00  2.8897405835E-01 -1.1401005252E+00
 -2.0909833764E+00 -2.8979743563E+00 -1.1328044311E+00  2.8949344620E-01 -1.1592955246E+00
 -2.0865782698E+00 -2.9115243255E+00 -1.1533469083E+00  2.9034049035E-01 -1.1892551563E+00
 -2.0821684676E+00 -2.9250712176E+00 -1.1738904074E+00  2.9153232663E-01 -1.2319467208E+00
 -2.0777547983E+00 -2.9386158348E+00 -1.1944345761E+00  2.9308306182E-01 -1.2893957179E+00
 -2.0733379460E+00 -2.9521587932E+00 -1.2149791543E+00  2.9500288968E-01 -1.3635763262E+00
 -2.0689184778E+00 -2.9657005519E+00 -1.2355239607E+00  2.9729721757E-01 -1.4562210242E+00
 -2.0644968634E+00 -2.9792414289E+00 -1.2560688866E+00  2.9996592328E-01 -1.5685110005E+00
 -2.0600734904E+00 -2.9927816038E+00 -1.2766138965E+00  3.0300295235E-01 -1.7006124835E+00
 -2.0556486741E+00 -3.0063211066E+00 -1.2971590386E+00  3.0639659349E-01 -1.8510590685E+00
 -2.0512226624E+00 -3.0198597857E+00 -1.3177044661E+00  3.1013092082E-01 -2.0160741468E+00
 -2.0467956349E+00 -3.0333972451E+00 -1.3382504784E+00  3.1418901936E-01 -2.1891053795E+00
 -2.0423676913E+00 -3.0469327441E+00 -1.3587975847E+00  3.1855861301E-01 -2.3611005341E+00
 -2.0379388238E+00 -3.0604651048E+00 -1.3793465590E+00  3.2324043494E-01 -2.5223190662E+00
 -2.0335088851E+00 -3.0739930181E+00 -1.3998982305E+00  3.2825893710E-01 -2.6665769428E+00
 -2.0290776952E+00 -3.0875172631E+00 -1.4204520466E+00  3.3367361481E-01 -2.7985153849E+00
 -2.0246456065E+00 -3.1010450930E+00 -1.4410033093E+00  3.3958742061E-01 -2.9435497419E+00
 -2.0202137067E+00 -3.1145855997E+00 -1.4615462622E+00  3.4614689443E-01 -3.1585877683E+00
 -2.0157826361E+00 -3.1281388794E+00 -1.4820809697E+00  3.5352752857E-01 -3.5397589033E+00
 -2.0113523246E+00 -3.1417003213E+00 -1.5026104516E+00  3.6189856147E-01 -4.2219317975E+00
 -2.0069225453E+00 -3.1552664225E+00 -1.5231369699E+00  3.7136475912E-01 -5.3644567988E+00
 -2.0024931284E+00 -3.1688352632E+00 -1.5436617556E+00  3.8188913013E-01 -7.1190144153E+00
 -1.9980639677E+00 -3.1824058340E+00 -1.5641854527E+00  3.9320946353E-01 -9.5794369747E+00
 -1.9936349986E+00 -3.1959775878E+00 -1.5847084089E+00  4.0477130674E-01 -1.2720778339E+01
 -1.9892061819E+00 -3.2095502144E+00 -1.6052308208E+00  4.1570691460E-01 -1.6345466415E+01
 -1.9847774930E+00 -3.2231235292E+00 -1.6257528051E+00  4.2488843855E-01 -2.0064023324E+01
 -1.9803489170E+00 -3.2366974128E+00 -1.6462744376E+00  4.3106902511E-01 -2.3337734013E+01
 -1.9759204453E+00 -3.2502717683E+00 -1.6667957804E+00  4.3309701521E-01 -2.5592194823E+01
 -1.9714920733E+00 -3.2638463540E+00 -1.6873169925E+00  4.3015456846E-01 -2.6375810321E+01
 -1.9717134893E+00 -3.2631676294E+00 -1.6862909282E+00  4.3042668277E-01 -2.6375735768E+01
</Path of -GradDelSqRho>
<Path of -GradDelSqRho>
Starting CP# =      4
Ending CP# =      0
Number of Points =     32
 -2.1041592341E+00 -2.8572941563E+00  1.0711885453E+00  2.8883947941E-01 -1.1267464160E+00
 -2.0997752420E+00 -2.8708607776E+00  1.0917245475E+00  2.8876299444E-01 -1.1298196155E+00
 -2.0953827791E+00 -2.8844202800E+00  1.1122634413E+00  2.8897405835E-01 -1.1401005252E+00
 -2.0909833764E+00 -2.8979743563E+00  1.1328044311E+00  2.8949344620E-01 -1.1592955246E+00
 -2.0865782698E+00 -2.9115243255E+00  1.1533469083E+00  2.9034049035E-01 -1.1892551563E+00
 -2.0821684676E+00 -2.9250712176E+00  1.1738904074E+00  2.9153232663E-01 -1.2319467208E+00
 -2.0777547983E+00 -2.9386158348E+00  1.1944345761E+00  2.9308306182E-01 -1.2893957179E+00
 -2.0733379460E+00 -2.9521587932E+00  1.2149791543E+00  2.9500288968E-01 -1.3635763262E+00
 -2.0689184778E+00 -2.9657005519E+00  1.2355239607E+00  2.9729721757E-01 -1.4562210242E+00
 -2.0644968634E+00 -2.9792414289E+00  1.2560688866E+00  2.9996592328E-01 -1.5685110005E+00
 -2.0600734904E+00 -2.9927816038E+00  1.2766138965E+00  3.0300295235E-01 -1.7006124835E+00
 -2.0556486741E+00 -3.0063211066E+00  1.2971590386E+00  3.0639659349E-01 -1.8510590685E+00
 -2.0512226624E+00 -3.0198597857E+00  1.3177044661E+00  3.1013092082E-01 -2.0160741468E+00
 -2.0467956349E+00 -3.0333972451E+00  1.3382504784E+00  3.1418901936E-01 -2.1891053795E+00
 -2.0423676913E+00 -3.0469327441E+00  1.3587975847E+00  3.1855861301E-01 -2.3611005341E+00
 -2.0379388238E+00 -3.0604651048E+00  1.3793465590E+00  3.2324043494E-01 -2.5223190662E+00
 -2.0335088851E+00 -3.0739930181E+00  1.3998982305E+00  3.2825893710E-01 -2.6665769428E+00
 -2.0290776952E+00 -3.0875172631E+00  1.4204520466E+00  3.3367361481E-01 -2.7985153849E+00
 -2.0246456065E+00 -3.1010450930E+00  1.4410033093E+00  3.3958742061E-01 -2.9435497419E+00
 -2.0202137067E+00 -3.1145855997E+00  1.4615462622E+00  3.4614689443E-01 -3.1585877683E+00
 -2.0157826361E+00 -3.1281388794E+00  1.4820809697E+00  3.5352752857E-01 -3.5397589033E+00
 -2.0113523246E+00 -3.1417003213E+00  1.5026104516E+00  3.6189856147E-01 -4.2219317975E+00
 -2.0069225453E+00 -3.1552664225E+00  1.5231369699E+00  3.7136475912E-01 -5.3644567988E+00
 -2.0024931284E+00 -3.1688352632E+00  1.5436617556E+00  3.8188913013E-01 -7.1190144153E+00
 -1.9980639677E+00 -3.1824058340E+00  1.5641854527E+00  3.9320946353E-01 -9.5794369747E+00
 -1.9936349986E+00 -3.1959775878E+00  1.5847084089E+00  4.0477130674E-01 -1.2720778339E+01
 -1.9892061819E+00 -3.2095502144E+00  1.6052308208E+00  4.1570691460E-01 -1.6345466415E+01
 -1.9847774930E+00 -3.2231235292E+00  1.6257528051E+00  4.2488843855E-01 -2.0064023324E+01
 -1.9803489170E+00 -3.2366974128E+00  1.6462744376E+00  4.3106902511E-01 -2.3337734013E+01
 -1.9759204453E+00 -3.2502717683E+00  1.6667957804E+00  4.3309701521E-01 -2.5592194823E+01
 -1.9714920733E+00 -3.2638463540E+00  1.6873169925E+00  4.3015456846E-01 -2.6375810321E+01
 -1.9717134893E+00 -3.2631676294E+00  1.6862909282E+00  4.3042668277E-01 -2.6375735768E+01
</Path of -GradDelSqRho>
<Path of -GradDelSqRho>
Starting CP# =      4
Ending CP# =     24
Number of Points =     10
 -2.1041592341E+00 -2.8572941563E+00  1.0711885453E+00  2.8883947941E-01 -1.1267464160E+00
 -2.1085331273E+00 -2.8437185006E+00  1.0506563607E+00  2.8918196190E-01 -1.1293269205E+00
 -2.1128942265E+00 -2.8301307488E+00  1.0301294568E+00  2.8976870155E-01 -1.1361554214E+00
 -2.1172392937E+00 -2.8165270711E+00  1.0096097033E+00  2.9057827908E-01 -1.1459621476E+00
 -2.1215638993E+00 -2.8029021714E+00  9.8909971093E-01  2.9159005160E-01 -1.1575950163E+00
 -2.1258616768E+00 -2.7892483987E+00  9.6860328675E-01  2.9278456669E-01 -1.1699969706E+00
 -2.1301228418E+00 -2.7755539922E+00  9.4812634102E-01  2.9414395535E-01 -1.1821797012E+00
 -2.1343308548E+00 -2.7617991491E+00  9.2767894535E-01  2.9565232341E-01 -1.1931938609E+00
 -2.1384532753E+00 -2.7479453299E+00  9.0728104016E-01  2.9729615470E-01 -1.2020950077E+00
 -2.1451761067E+00 -2.7213516029E+00  8.7018013491E-01  3.0065038731E-01 -1.2096196256E+00
</Path of -GradDelSqRho>
<Path of -GradDelSqRho>
Starting CP# =      9
Ending CP# =     26
Number of Points =     50
 -2.4686389519E+00 -1.9825303323E+00 -4.8496975910E-18  9.2263763321E+00  2.7956416392E+02
 -2.4831921677E+00 -1.9622029153E+00 -5.3789116512E-18  6.9821025809E+00  2.6742751644E+02
 -2.4977572405E+00 -1.9418839919E+00 -5.9167525793E-18  5.2989235162E+00  2.4297730837E+02
 -2.5123274560E+00 -1.9215687558E+00 -6.4535976290E-18  4.0362122349E+00  2.1218081542E+02
 -2.5269005795E+00 -1.9012556056E+00 -6.9912580239E-18  3.0906890792E+00  1.7812901660E+02
 -2.5414782147E+00 -1.8809456931E+00 -7.5285498153E-18  2.3841045096E+00  1.4455840287E+02
 -2.5560634364E+00 -1.8606412282E+00 -8.0656957790E-18  1.8565780413E+00  1.1449413028E+02
 -2.5706600924E+00 -1.8403449819E+00 -8.6028247988E-18  1.4626147188E+00  8.9376752395E+01
 -2.5852727589E+00 -1.8200602602E+00 -9.1391749103E-18  1.1680878496E+00  6.9282121294E+01
 -2.5999066998E+00 -1.7997908818E+00 -9.6742157040E-18  9.4764952687E-01  5.3547312282E+01
 -2.6145677178E+00 -1.7795410809E+00 -1.0207672640E-17  7.8253763908E-01  4.1297405203E+01
 -2.6292620662E+00 -1.7593154547E+00 -1.0739674780E-17  6.5882856675E-01  3.1733853895E+01
 -2.6439966712E+00 -1.7391191390E+00 -1.1269634269E-17  5.6612538671E-01  2.4232025786E+01
 -2.6587797845E+00 -1.7189583058E+00 -1.1796619015E-17  4.9661338592E-01  1.8335252840E+01
 -2.6736220050E+00 -1.6988409516E+00 -1.2319945583E-17  4.4439292604E-01  1.3712191298E+01
 -2.6885375733E+00 -1.6787779270E+00 -1.2839598162E-17  4.0500634132E-01  1.0113578767E+01
 -2.7035459501E+00 -1.6587842480E+00 -1.3354148788E-17  3.7509489759E-01  7.3415496856E+00
 -2.7186738130E+00 -1.6388808475E+00 -1.3861218366E-17  3.5214244158E-01  5.2321660295E+00
 -2.7339576839E+00 -1.6190970392E+00 -1.4356925562E-17  3.3427872948E-01  3.6471217626E+00
 -2.7494474363E+00 -1.5994740924E+00 -1.4840226081E-17  3.2012631324E-01  2.4702242005E+00
 -2.7652109447E+00 -1.5800705330E+00 -1.5305420326E-17  3.0868121138E-01  1.6055809314E+00
 -2.7813401100E+00 -1.5609701466E+00 -1.5751887509E-17  2.9922095742E-01  9.7591254812E-01
 -2.7979583625E+00 -1.5422943222E+00 -1.6159213948E-17  2.9123538750E-01  5.2047041428E-01
 -2.8152292837E+00 -1.5242215305E+00 -1.6525153984E-17  2.8437665575E-01  1.9259473026E-01
 -2.8333645185E+00 -1.5070185664E+00 -1.6830875830E-17  2.7842598313E-01 -4.2858828962E-02
 -2.8526246356E+00 -1.4910900473E+00 -1.7057439433E-17  2.7327559985E-01 -2.1199869307E-01
 -2.8732941864E+00 -1.4770494374E+00 -1.7175388820E-17  2.6892403834E-01 -3.3413244076E-01
 -2.8955873551E+00 -1.4657857248E+00 -1.7143658723E-17  2.6547628141E-01 -4.2367006182E-01
 -2.9194348719E+00 -1.4584029635E+00 -1.6919438846E-17  2.6311705539E-01 -4.9159492144E-01
 -2.9442577198E+00 -1.4558170520E+00 -1.6495099046E-17  2.6200346925E-01 -5.4631592444E-01
 -2.9691119103E+00 -1.4581499364E+00 -1.5882388378E-17  2.6211105967E-01 -5.9386316986E-01
 -2.9932241188E+00 -1.4646620646E+00 -1.5167777139E-17  2.6321430798E-01 -6.3796706345E-01
 -3.0162721448E+00 -1.4743111714E+00 -1.4388851669E-17  2.6502159186E-01 -6.8055990025E-01
 -3.0382527936E+00 -1.4862052841E+00 -1.3581571434E-17  2.6728395478E-01 -7.2247501709E-01
 -3.0592864550E+00 -1.4997095835E+00 -1.2727734364E-17  2.6981914451E-01 -7.6396610298E-01
 -3.0795132037E+00 -1.5143978861E+00 -1.1857943734E-17  2.7249819671E-01 -8.0499387852E-01
 -3.0990567515E+00 -1.5299852230E+00 -1.1001097472E-17  2.7522801851E-01 -8.4536826051E-01
 -3.1180172569E+00 -1.5462776164E+00 -1.0143999737E-17  2.7793862392E-01 -8.8481878180E-01
 -3.1364735330E+00 -1.5631395669E+00 -9.3103264615E-18  2.8057497418E-01 -9.2303153425E-01
 -3.1544873600E+00 -1.5804736980E+00 -8.4410046122E-18  2.8309195412E-01 -9.5967042447E-01
 -3.1721075879E+00 -1.5982079767E+00 -7.6028148570E-18  2.8545129832E-01 -9.9439082764E-01
 -3.1893734669E+00 -1.6162875605E+00 -6.7539201664E-18  2.8761970842E-01 -1.0268493614E+00
