 AIMInt (Version 19.10.12, Professional)
 Portions Copyright (c) 1997-2019 by Todd A. Keith
 AIMInt is a component of the AIMAll package ( http://aim.tkgristmill.com )

 TP:  64-bit Mac OS X

 AIMInt is a heavily modified and extended version of the PROAIMV program
 developed by members of R.F.W. Bader's research group

 Much of the Quantum Theory of Atoms in Molecules (QTAIM) is described in the book:
   "Atoms in Molecules - A Quantum Theory"
   R.F.W. Bader, Oxford University Press, Oxford, 1990

 For additional references see:  http://aim.tkgristmill.com/references.html

 Current Directory:  /Users/chemlab/Documents/SubstituentCoding/BCP Map Reference/BCPMapReference

 Inp File:  SubH_SeOHMe_wb97xd_aug-cc-pvtz_atomicfiles/se1.inp
 Wfx File:  SubH_SeOHMe_wb97xd_aug-cc-pvtz.wfx
 Out File:  SubH_SeOHMe_wb97xd_aug-cc-pvtz_atomicfiles/se1.int

 Wfx Title:   Title Card Required                                                           
 Job Title:   Title Card Required                                                           
 
<Atom>
Se1     
</Atom>
<Nuclei of Molecule>
     8
Se1       34.0           7.8661408951E-18   6.5930328733E-01   0.0000000000E+00
H2         1.0          -3.8968681766E-01   1.0398815245E+00   3.0363083399E+00
C3         6.0          -2.3385190164E+00  -2.1650005161E+00   0.0000000000E+00
H4         1.0          -4.2617925952E+00  -1.4338888903E+00   0.0000000000E+00
H5         1.0          -1.9706540064E+00  -3.2664473399E+00  -1.6912028527E+00
H6         1.0          -1.9706540064E+00  -3.2664473399E+00   1.6912028527E+00
H7         1.0          -3.8968681766E-01   1.0398815245E+00  -3.0363083399E+00
O8         8.0           2.8766985427E+00  -4.4241101896E-01   0.0000000000E+00
</Nuclei of Molecule>
<Total Number of CPs of DelSqRho>
    59
</Total Number of CPs of DelSqRho>
<Number of (3,+3) CPs of DelSqRho>
     5
</Number of (3,+3) CPs of DelSqRho>
<Number of (3,+1) CPs of DelSqRho>
    24
</Number of (3,+1) CPs of DelSqRho>
<Number of (3,-1) CPs of DelSqRho>
    24
</Number of (3,-1) CPs of DelSqRho>
<Number of (3,-3) CPs of DelSqRho>
     6
</Number of (3,-3) CPs of DelSqRho>
<Number of Degenerate CPs of DelSqRho>
     0
</Number of Degenerate CPs of DelSqRho>
<CP of DelSqRho>
CP# = 1       
Type = (3,+3)
Coords =  4.09766108521794E-11  6.59303287208192E-01  1.58894348337257E-29
DistFromNuc =  1.3003308904E-10
Rho =  2.6887259813E+04
DelSqRho = -3.2478120917E+10
GradDelSqRho =  4.8428773880E-08  1.8147403248E+01  1.0330866743E-13
HessDelSqRho_EigVals =  7.3431522129E+17  7.3431522142E+17  7.3431522152E+17
HessDelSqRho_EigVec1 =  8.1240367571E-01 -5.8309541903E-01  1.1686925536E-20
HessDelSqRho_EigVec2 =  5.8309541903E-01  8.1240367571E-01 -1.9254645855E-20
HessDelSqRho_EigVec3 =  1.7327945300E-21  2.2457137810E-20  1.0000000000E+00
</CP of DelSqRho>
<CP of DelSqRho>
CP# = 2       
Type = (3,-1)
Coords = -3.63692173131315E-02  8.60671309076599E-01 -4.87274191604045E-19
DistFromNuc =  2.0462600067E-01
Rho =  7.2568809166E+01
DelSqRho =  9.7014379960E+03
GradDelSqRho = -6.4574123826E-11 -7.2759576142E-12  2.0514913468E-16
HessDelSqRho_EigVals = -6.4437828308E+06 -3.6427299889E+03  3.2273725591E+02
HessDelSqRho_EigVec1 = -1.7811000239E-01  9.8401058279E-01 -2.3823905226E-18
HessDelSqRho_EigVec2 =  9.8401058279E-01  1.7811000239E-01  1.2857891431E-18
HessDelSqRho_EigVec3 = -1.6895577057E-18  2.1152855792E-18  1.0000000000E+00
</CP of DelSqRho>
<CP of DelSqRho>
CP# = 3       
Type = (3,-1)
Coords = -2.77109425739358E-02  4.56490110733603E-01  3.59144301316787E-20
DistFromNuc =  2.0469753526E-01
Rho =  7.2476248068E+01
DelSqRho =  9.6484721762E+03
GradDelSqRho =  5.8435034589E-11  2.1827872843E-11 -3.1583091540E-17
HessDelSqRho_EigVals = -6.3966927221E+06 -1.6524356778E+03  1.3674558887E+03
HessDelSqRho_EigVec1 =  1.3632920337E-01  9.9066358988E-01 -1.7398056620E-19
HessDelSqRho_EigVec2 =  9.9066358988E-01 -1.3632920337E-01 -4.5340763199E-22
HessDelSqRho_EigVec3 =  2.4167806425E-20  1.7229439958E-19  1.0000000000E+00
</CP of DelSqRho>
<CP of DelSqRho>
CP# = 4       
Type = (3,+1)
Coords =  3.25040725336585E-02  6.10821887552605E-01  1.96325705452720E-01
DistFromNuc =  2.0481880645E-01
Rho =  7.2384790194E+01
DelSqRho =  9.6308172664E+03
GradDelSqRho = -4.7293724492E-11  2.0008883439E-11 -3.6379788071E-12
HessDelSqRho_EigVals = -6.3792100730E+06  2.6819099134E+03  4.9376997389E+03
HessDelSqRho_EigVec1 =  1.5853209478E-01 -2.3617365257E-01  9.5869159836E-01
HessDelSqRho_EigVec2 = -6.8170426442E-01  6.7621241647E-01  2.7931355801E-01
HessDelSqRho_EigVec3 =  7.1424566558E-01  6.9782431431E-01  5.3799215195E-02
</CP of DelSqRho>
<CP of DelSqRho>
CP# = 5       
Type = (3,+1)
Coords =  3.25040725336646E-02  6.10821887552602E-01 -1.96325705452718E-01
DistFromNuc =  2.0481880645E-01
Rho =  7.2384790194E+01
DelSqRho =  9.6308172664E+03
GradDelSqRho = -5.7298166212E-11 -1.0913936421E-11  1.4551915228E-11
HessDelSqRho_EigVals = -6.3792100730E+06  2.6819099134E+03  4.9376997389E+03
HessDelSqRho_EigVec1 = -1.5853209478E-01  2.3617365257E-01  9.5869159836E-01
HessDelSqRho_EigVec2 = -6.8170426442E-01  6.7621241647E-01 -2.7931355801E-01
HessDelSqRho_EigVec3 =  7.1424566558E-01  6.9782431431E-01 -5.3799215195E-02
</CP of DelSqRho>
<CP of DelSqRho>
CP# = 6       
Type = (3,+1)
Coords =  1.74664784008360E-01  7.66254537660507E-01 -6.12379470574140E-21
DistFromNuc =  2.0480809730E-01
Rho =  7.2398016858E+01
DelSqRho =  9.6427143943E+03
GradDelSqRho =  3.5015546018E-11 -2.0463630790E-11 -1.0714449525E-16
HessDelSqRho_EigVals = -6.3907319086E+06  4.4144278478E+03  4.4683999478E+03
HessDelSqRho_EigVec1 =  8.5355766338E-01  5.2099838319E-01 -3.0506466165E-20
HessDelSqRho_EigVec2 =  2.2424606394E-20  2.1815368139E-20  1.0000000000E+00
HessDelSqRho_EigVec3 = -5.2099838319E-01  8.5355766338E-01 -6.9374909797E-21
</CP of DelSqRho>
<CP of DelSqRho>
CP# = 7       
Type = (3,+1)
Coords =  8.41567993540072E-02  4.72687402747417E-01  3.92701835407399E-18
DistFromNuc =  2.0471408173E-01
Rho =  7.2468487250E+01
DelSqRho =  9.6441224703E+03
GradDelSqRho =  4.7293724492E-11 -3.2741809264E-11  7.0524601622E-16
HessDelSqRho_EigVals = -6.3947536189E+06  2.2978346594E+02  1.9522523076E+03
HessDelSqRho_EigVec1 = -4.1192496212E-01  9.1121777067E-01 -1.9135637829E-17
HessDelSqRho_EigVec2 =  8.5828736970E-18  2.4880043477E-17  1.0000000000E+00
HessDelSqRho_EigVec3 =  9.1121777067E-01  4.1192496212E-01 -1.8069578003E-17
</CP of DelSqRho>
<CP of DelSqRho>
CP# = 8       
Type = (3,+1)
Coords = -1.58147957623616E-01  5.29444031596461E-01  4.86938430981140E-20
DistFromNuc =  2.0463187142E-01
Rho =  7.2588321519E+01
DelSqRho =  9.6391262510E+03
GradDelSqRho = -6.9121597335E-11  1.2869350030E-10  1.4457157571E-17
HessDelSqRho_EigVals = -6.4067804914E+06  2.3916650688E+03  4.0352873904E+03
HessDelSqRho_EigVec1 =  7.7235214987E-01  6.3519458168E-01 -2.3609412884E-19
HessDelSqRho_EigVec2 = -6.3519458168E-01  7.7235214987E-01 -1.3132864471E-19
HessDelSqRho_EigVec3 =  9.8928564445E-20  2.5139767248E-19  1.0000000000E+00
</CP of DelSqRho>
<CP of DelSqRho>
CP# = 9       
Type = (3,-3)
Coords =  1.98170597594285E-01  6.08700226273597E-01 -6.01251440283930E-19
DistFromNuc =  2.0452935129E-01
Rho =  7.2667465758E+01
DelSqRho =  9.6630778237E+03
GradDelSqRho =  3.6379788071E-12  2.1941559680E-11  2.1431812645E-16
HessDelSqRho_EigVals = -6.4248181834E+06 -3.3284094589E+03 -6.8216359634E+02
HessDelSqRho_EigVec1 =  9.6878785252E-01 -2.4789130039E-01 -2.9228293793E-18
HessDelSqRho_EigVec2 =  2.4789130039E-01  9.6878785252E-01  2.5591842126E-18
HessDelSqRho_EigVec3 =  2.1972020953E-18 -3.2038505532E-18  1.0000000000E+00
</CP of DelSqRho>
<CP of DelSqRho>
CP# = 10      
Type = (3,-1)
Coords = -4.16788374887727E-01  7.53730626496750E-01  3.75057852614593E-18
DistFromNuc =  4.2735122771E-01
Rho =  1.3912608650E+01
DelSqRho = -2.2045681281E+02
GradDelSqRho = -2.5011104299E-12  5.6843418861E-14 -8.6848323237E-16
HessDelSqRho_EigVals = -3.8372827576E+02 -1.8009442229E+02  9.2035084675E+04
HessDelSqRho_EigVec1 =  2.2108106919E-01  9.7525543364E-01  1.0353815162E-19
HessDelSqRho_EigVec2 =  8.6451166779E-18 -2.0659303404E-18  1.0000000000E+00
HessDelSqRho_EigVec3 =  9.7525543364E-01 -2.2108106919E-01 -8.8879351031E-18
</CP of DelSqRho>
<CP of DelSqRho>
CP# = 11      
Type = (3,-1)
Coords =  8.62035690680136E-02  4.81576257882337E-01  5.38014567767757E-02
DistFromNuc =  2.0472554571E-01
Rho =  7.2454783740E+01
DelSqRho =  9.6442863135E+03
GradDelSqRho = -1.0913936421E-11 -3.4560798667E-11  4.5474735089E-12
HessDelSqRho_EigVals = -6.3929917302E+06 -3.9768222359E+02  2.1864273954E+03
HessDelSqRho_EigVec1 = -4.2197261863E-01  8.6785802564E-01 -2.6222424841E-01
HessDelSqRho_EigVec2 =  2.7534435498E-02  3.0137090724E-01  9.5310934899E-01
HessDelSqRho_EigVec3 =  9.0619035748E-01  3.9496585118E-01 -1.5106625174E-01
</CP of DelSqRho>
<CP of DelSqRho>
CP# = 12      
Type = (3,-1)
Coords =  8.62035690680354E-02  4.81576257882307E-01 -5.38014567766418E-02
DistFromNuc =  2.0472554571E-01
Rho =  7.2454783740E+01
DelSqRho =  9.6442863135E+03
GradDelSqRho =  6.9121597335E-11  8.9130480774E-11 -6.8212102633E-11
HessDelSqRho_EigVals = -6.3929917302E+06 -3.9768222358E+02  2.1864273954E+03
HessDelSqRho_EigVec1 = -4.2197261863E-01  8.6785802564E-01  2.6222424841E-01
HessDelSqRho_EigVec2 = -2.7534435499E-02 -3.0137090724E-01  9.5310934899E-01
HessDelSqRho_EigVec3 =  9.0619035748E-01  3.9496585118E-01  1.5106625174E-01
</CP of DelSqRho>
<CP of DelSqRho>
CP# = 13      
Type = (3,-3)
Coords = -3.21874674515474E-02  8.54594634145525E-01  5.19152116547575E-02
DistFromNuc =  2.0462143681E-01
Rho =  7.2570468773E+01
DelSqRho =  9.7016564400E+03
GradDelSqRho = -9.0949470177E-13 -1.2732925825E-10 -9.8225427791E-11
HessDelSqRho_EigVals = -6.4432682311E+06 -3.6855459127E+03 -6.0279108850E+02
HessDelSqRho_EigVec1 = -1.5773646888E-01  9.5428052588E-01  2.5390526640E-01
HessDelSqRho_EigVec2 =  9.7189294350E-01  1.9553317337E-01 -1.3111401329E-01
HessDelSqRho_EigVec3 =  1.7476645203E-01 -2.2608727525E-01  9.5830122155E-01
</CP of DelSqRho>
<CP of DelSqRho>
CP# = 14      
Type = (3,-3)
Coords = -3.21874674515753E-02  8.54594634145539E-01 -5.19152116546845E-02
DistFromNuc =  2.0462143681E-01
Rho =  7.2570468773E+01
DelSqRho =  9.7016564400E+03
GradDelSqRho = -9.0949470177E-12 -1.0913936421E-10  4.5474735089E-11
HessDelSqRho_EigVals = -6.4432682311E+06 -3.6855459127E+03 -6.0279108849E+02
HessDelSqRho_EigVec1 = -1.5773646888E-01  9.5428052588E-01 -2.5390526640E-01
HessDelSqRho_EigVec2 =  9.7189294350E-01  1.9553317337E-01  1.3111401329E-01
HessDelSqRho_EigVec3 = -1.7476645203E-01  2.2608727525E-01  9.5830122155E-01
</CP of DelSqRho>
<CP of DelSqRho>
CP# = 15      
Type = (3,-1)
Coords =  1.70653586732547E-01  6.80201338162001E-01  1.11089649107663E-01
DistFromNuc =  2.0469559187E-01
Rho =  7.2483986787E+01
DelSqRho =  9.6593182815E+03
GradDelSqRho =  4.3655745685E-11 -1.0004441720E-11 -2.6147972676E-11
HessDelSqRho_EigVals = -6.4030095188E+06 -4.0168397752E+03  1.4606328460E+03
HessDelSqRho_EigVec1 =  8.3429065162E-01  1.0106422198E-01  5.4198259350E-01
HessDelSqRho_EigVec2 = -3.6760093407E-01 -6.3067355147E-01  6.8346208728E-01
HessDelSqRho_EigVec3 = -4.1088765118E-01  7.6943933777E-01  4.8901374581E-01
</CP of DelSqRho>
<CP of DelSqRho>
CP# = 16      
Type = (3,-1)
Coords =  1.70653586732552E-01  6.80201338162011E-01 -1.11089649107653E-01
DistFromNuc =  2.0469559187E-01
Rho =  7.2483986787E+01
DelSqRho =  9.6593182815E+03
GradDelSqRho =  5.8207660913E-11  1.7280399334E-11 -1.0913936421E-11
HessDelSqRho_EigVals = -6.4030095188E+06 -4.0168397752E+03  1.4606328460E+03
HessDelSqRho_EigVec1 =  8.3429065162E-01  1.0106422198E-01 -5.4198259350E-01
HessDelSqRho_EigVec2 =  3.6760093407E-01  6.3067355147E-01  6.8346208728E-01
HessDelSqRho_EigVec3 = -4.1088765118E-01  7.6943933777E-01 -4.8901374581E-01
</CP of DelSqRho>
<CP of DelSqRho>
CP# = 17      
Type = (3,+1)
Coords =  2.83716261683442E-01  9.78422711014359E-01  7.20775135083257E-19
DistFromNuc =  4.2700365773E-01
Rho =  1.3953334153E+01
DelSqRho = -2.2342947892E+02
GradDelSqRho = -1.7053025658E-12 -4.5474735089E-13 -1.3072369702E-17
HessDelSqRho_EigVals = -2.5590259815E+02  2.2581864251E+01  9.2739299105E+04
HessDelSqRho_EigVec1 =  7.4738718191E-01 -6.6438874187E-01 -2.4050161572E-18
HessDelSqRho_EigVec2 =  6.7502019158E-19 -2.8605462415E-18  1.0000000000E+00
HessDelSqRho_EigVec3 =  6.6438874187E-01  7.4738718191E-01  1.6894597784E-18
</CP of DelSqRho>
<CP of DelSqRho>
CP# = 18      
Type = (3,+1)
Coords =  6.07342059314571E-02  2.36800759738541E-01 -2.24672465178712E-19
DistFromNuc =  4.2684543993E-01
Rho =  1.3985081529E+01
DelSqRho = -2.2470124159E+02
GradDelSqRho =  7.9580786405E-13 -3.4106051316E-12  6.4909468162E-18
HessDelSqRho_EigVals = -2.9315238200E+02  1.7762981004E+02  9.2841025944E+04
HessDelSqRho_EigVec1 =  9.8982741852E-01  1.4227326363E-01 -1.5572320785E-21
HessDelSqRho_EigVec2 =  7.6149355719E-20 -5.1884300838E-19  1.0000000000E+00
HessDelSqRho_EigVec3 = -1.4227326363E-01  9.8982741852E-01  5.2439905296E-19
</CP of DelSqRho>
<CP of DelSqRho>
CP# = 19      
Type = (3,+3)
Coords = -3.00298478129123E-01  3.57672373297041E-01  3.88156114349519E-20
DistFromNuc =  4.2562939780E-01
Rho =  1.4128494849E+01
DelSqRho = -2.3463021322E+02
GradDelSqRho =  2.5011104299E-12  9.0949470177E-13  2.9798522481E-17
HessDelSqRho_EigVals =  3.1137506922E+02  3.5007452944E+02  9.5620814707E+04
HessDelSqRho_EigVec1 =  0.0000000000E+00  0.0000000000E+00  1.0000000000E+00
HessDelSqRho_EigVec2 =  7.0873167261E-01 -7.0547814725E-01  0.0000000000E+00
HessDelSqRho_EigVec3 =  7.0547814725E-01  7.0873167261E-01  0.0000000000E+00
</CP of DelSqRho>
<CP of DelSqRho>
CP# = 20      
Type = (3,+1)
Coords =  2.38524363027074E-01  6.98254299118564E-01  3.51907117505325E-01
DistFromNuc =  4.2690710047E-01
Rho =  1.3975554624E+01
DelSqRho = -2.2423641566E+02
GradDelSqRho =  1.5916157281E-12 -1.4779288904E-12  2.3590018827E-12
HessDelSqRho_EigVals = -2.7629486967E+02  8.0830030105E+01  9.2811695316E+04
HessDelSqRho_EigVec1 =  7.7347289085E-01 -4.1591686655E-01 -4.7828113828E-01
HessDelSqRho_EigVec2 = -2.9918254029E-01 -9.0481150200E-01  3.0299497261E-01
HessDelSqRho_EigVec3 =  5.5877499470E-01  9.1265031450E-02  8.2428223282E-01
</CP of DelSqRho>
<CP of DelSqRho>
CP# = 21      
Type = (3,-1)
Coords =  3.75316317731985E-02  3.77444323209713E-01  3.19163985725094E-01
DistFromNuc =  4.2745613672E-01
Rho =  1.3907806322E+01
DelSqRho = -2.1991671353E+02
GradDelSqRho = -3.1263880373E-13  9.0949470177E-13 -3.2684965845E-13
HessDelSqRho_EigVals = -2.3989671854E+02 -1.9370049909E+02  9.1481408893E+04
HessDelSqRho_EigVec1 =  9.8006691872E-01 -7.6913902271E-02 -1.8317501597E-01
HessDelSqRho_EigVec2 =  1.7821545645E-01  7.4783049572E-01  6.3952232233E-01
HessDelSqRho_EigVec3 =  8.7795705597E-02 -6.5941929097E-01  7.4663117586E-01
</CP of DelSqRho>
<CP of DelSqRho>
CP# = 22      
Type = (3,+1)
Coords =  2.38524363027074E-01  6.98254299118564E-01 -3.51907117505325E-01
DistFromNuc =  4.2690710047E-01
Rho =  1.3975554624E+01
DelSqRho = -2.2423641566E+02
GradDelSqRho =  6.8212102633E-13 -1.2505552149E-12 -1.8189894035E-12
HessDelSqRho_EigVals = -2.7629486967E+02  8.0830030105E+01  9.2811695316E+04
HessDelSqRho_EigVec1 =  7.7347289085E-01 -4.1591686655E-01  4.7828113828E-01
HessDelSqRho_EigVec2 = -2.9918254029E-01 -9.0481150200E-01 -3.0299497261E-01
HessDelSqRho_EigVec3 = -5.5877499470E-01 -9.1265031450E-02  8.2428223282E-01
</CP of DelSqRho>
<CP of DelSqRho>
CP# = 23      
Type = (3,-1)
Coords =  3.75316317731968E-02  3.77444323209714E-01 -3.19163985725096E-01
DistFromNuc =  4.2745613672E-01
Rho =  1.3907806322E+01
DelSqRho = -2.1991671353E+02
GradDelSqRho = -4.1211478674E-13 -6.8212102633E-13  1.2150280781E-12
HessDelSqRho_EigVals = -2.3989671854E+02 -1.9370049909E+02  9.1481408893E+04
HessDelSqRho_EigVec1 =  9.8006691872E-01 -7.6913902271E-02  1.8317501597E-01
HessDelSqRho_EigVec2 =  1.7821545645E-01  7.4783049572E-01 -6.3952232233E-01
HessDelSqRho_EigVec3 = -8.7795705597E-02  6.5941929097E-01  7.4663117586E-01
</CP of DelSqRho>
<CP of DelSqRho>
CP# = 24      
Type = (3,+1)
Coords = -2.88893393525692E-01  5.65896441062850E-01  2.99771255779498E-01
DistFromNuc =  4.2666970544E-01
Rho =  1.4001451599E+01
DelSqRho = -2.2623466208E+02
GradDelSqRho =  9.0949470177E-13 -3.9790393203E-13  7.9580786405E-13
HessDelSqRho_EigVals = -2.6835732082E+02  1.8804151246E+02  9.3405123825E+04
HessDelSqRho_EigVec1 =  3.2781818340E-01  7.6504335298E-01  5.5429586567E-01
HessDelSqRho_EigVec2 =  6.5884890854E-01 -6.0562908274E-01  4.4624155999E-01
HessDelSqRho_EigVec3 =  6.7709183598E-01  2.1891112855E-01 -7.0258420381E-01
</CP of DelSqRho>
<CP of DelSqRho>
CP# = 25      
Type = (3,+1)
Coords = -2.88893393525694E-01  5.65896441062857E-01 -2.99771255779498E-01
DistFromNuc =  4.2666970544E-01
Rho =  1.4001451599E+01
DelSqRho = -2.2623466208E+02
GradDelSqRho = -4.5474735089E-13 -3.4106051316E-13  1.8758328224E-12
HessDelSqRho_EigVals = -2.6835732082E+02  1.8804151246E+02  9.3405123825E+04
HessDelSqRho_EigVec1 =  3.2781818340E-01  7.6504335298E-01 -5.5429586567E-01
HessDelSqRho_EigVec2 = -6.5884890854E-01  6.0562908274E-01  4.4624155999E-01
HessDelSqRho_EigVec3 =  6.7709183598E-01  2.1891112855E-01  7.0258420381E-01
</CP of DelSqRho>
<CP of DelSqRho>
CP# = 26      
Type = (3,-1)
Coords =  2.77489035830661E-01  9.31812306952487E-01  1.76316575676891E-01
DistFromNuc =  4.2702326124E-01
Rho =  1.3954694233E+01
DelSqRho = -2.2325661679E+02
GradDelSqRho = -7.3896444519E-13 -1.6484591470E-12 -5.6843418861E-13
HessDelSqRho_EigVals = -2.7381062031E+02 -3.2148510020E+01  9.2701844281E+04
HessDelSqRho_EigVec1 = -7.5862124331E-01  5.7850996003E-01  2.9969990883E-01
HessDelSqRho_EigVec2 = -4.7615419571E-02 -5.0799062052E-01  8.6004552280E-01
HessDelSqRho_EigVec3 =  6.4978964367E-01  6.3817846690E-01  4.1291847060E-01
</CP of DelSqRho>
<CP of DelSqRho>
CP# = 27      
Type = (3,+3)
Coords = -1.31658800062943E-01  1.06399729163101E+00 -4.16159605256322E-17
DistFromNuc =  4.2557170577E-01
Rho =  1.4130442150E+01
DelSqRho = -2.3505543903E+02
GradDelSqRho = -2.1600499167E-12  4.4337866711E-12 -1.1129655075E-16
HessDelSqRho_EigVals =  6.7787756492E+00  3.3917909385E+02  9.6367383848E+04
HessDelSqRho_EigVec1 =  2.3078912662E-18  1.0353314039E-16  1.0000000000E+00
HessDelSqRho_EigVec2 =  9.5094111483E-01  3.0937193818E-01 -3.4224917002E-17
HessDelSqRho_EigVec3 = -3.0937193818E-01  9.5094111483E-01 -9.7739923151E-17
</CP of DelSqRho>
<CP of DelSqRho>
CP# = 28      
Type = (3,-1)
Coords =  2.77489035830656E-01  9.31812306952482E-01 -1.76316575676906E-01
DistFromNuc =  4.2702326124E-01
Rho =  1.3954694233E+01
DelSqRho = -2.2325661679E+02
GradDelSqRho = -2.1600499167E-12 -3.6948222260E-12  2.5011104299E-12
HessDelSqRho_EigVals = -2.7381062031E+02 -3.2148510020E+01  9.2701844281E+04
HessDelSqRho_EigVec1 = -7.5862124331E-01  5.7850996003E-01 -2.9969990883E-01
HessDelSqRho_EigVec2 =  4.7615419571E-02  5.0799062052E-01  8.6004552280E-01
HessDelSqRho_EigVec3 =  6.4978964367E-01  6.3817846690E-01 -4.1291847060E-01
</CP of DelSqRho>
<CP of DelSqRho>
CP# = 29      
Type = (3,+3)
Coords =  3.99524851221139E-01  5.13310291380428E-01  3.85733320553759E-19
DistFromNuc =  4.2536344649E-01
Rho =  1.4179445754E+01
DelSqRho = -2.3651125270E+02
GradDelSqRho = -2.2311041903E-12  2.8990143619E-12  1.3520266289E-16
HessDelSqRho_EigVals =  2.5782221069E+02  3.2256991209E+02  9.6310717196E+04
HessDelSqRho_EigVec1 =  3.4322831386E-01  9.3925200269E-01 -4.3268393631E-20
HessDelSqRho_EigVec2 = -8.1796680789E-19  3.4497425714E-19  1.0000000000E+00
HessDelSqRho_EigVec3 =  9.3925200269E-01 -3.4322831386E-01  8.8668189506E-19
</CP of DelSqRho>
<CP of DelSqRho>
CP# = 30      
Type = (3,-3)
Coords =  6.54789273569470E-01  4.28647992969143E-01  5.27936755976075E-20
DistFromNuc =  6.9422680559E-01
Rho =  3.6512334381E+00
DelSqRho =  5.7996041299E+01
GradDelSqRho = -2.9132252166E-13  1.6697754290E-13  1.7638811472E-18
HessDelSqRho_EigVals = -3.9524497903E+03 -1.3068199370E+01 -1.2465454227E+01
HessDelSqRho_EigVec1 =  9.4333082135E-01 -3.3185382550E-01  0.0000000000E+00
HessDelSqRho_EigVec2 =  0.0000000000E+00  0.0000000000E+00  1.0000000000E+00
HessDelSqRho_EigVec3 =  3.3185382550E-01  9.4333082135E-01  0.0000000000E+00
</CP of DelSqRho>
<CP of DelSqRho>
CP# = 31      
Type = (3,+1)
Coords = -6.91345983139516E-01  7.03171549535752E-01  4.70021961455498E-18
DistFromNuc =  6.9273638047E-01
Rho =  3.6742762937E+00
DelSqRho =  5.6731454805E+01
GradDelSqRho =  1.0800249584E-12 -2.0339285811E-13 -2.5819604707E-18
HessDelSqRho_EigVals = -3.8997813173E+03  2.7243163551E+00  9.4762356206E+00
HessDelSqRho_EigVec1 =  9.9779290776E-01 -6.6402659824E-02 -6.7223347394E-18
HessDelSqRho_EigVec2 =  6.7073663615E-18 -4.4835785716E-19  1.0000000000E+00
HessDelSqRho_EigVec3 =  6.6402659824E-02  9.9779290776E-01  1.9813231952E-21
</CP of DelSqRho>
<CP of DelSqRho>
CP# = 32      
Type = (3,-3)
Coords = -1.96478827511069E-01  1.32345540498341E+00  1.02804392983769E-18
DistFromNuc =  6.9260520143E-01
Rho =  3.6805402170E+00
DelSqRho =  5.8228062597E+01
GradDelSqRho = -2.0428103653E-13  3.7569947153E-13 -1.9242833747E-18
HessDelSqRho_EigVals = -4.0325103917E+03 -1.1133902462E+01 -2.0632259706E+00
HessDelSqRho_EigVec1 = -2.8342416401E-01  9.5899465236E-01  0.0000000000E+00
HessDelSqRho_EigVec2 =  9.5899465236E-01  2.8342416401E-01  0.0000000000E+00
HessDelSqRho_EigVec3 =  0.0000000000E+00  0.0000000000E+00  1.0000000000E+00
</CP of DelSqRho>
<CP of DelSqRho>
CP# = 33      
Type = (3,-1)
Coords =  1.14898144662291E-01 -2.48199590529421E-02 -4.97516768619421E-19
DistFromNuc =  6.9370469214E-01
Rho =  3.6577416597E+00
DelSqRho =  5.6649434223E+01
GradDelSqRho =  4.9626969201E-14  1.4033219031E-13 -6.2203318274E-18
HessDelSqRho_EigVals = -3.8743029711E+03 -4.9279205012E+00  1.0970328894E+01
HessDelSqRho_EigVec1 = -1.6531419083E-01  9.8624095347E-01  0.0000000000E+00
HessDelSqRho_EigVec2 =  0.0000000000E+00  0.0000000000E+00  1.0000000000E+00
HessDelSqRho_EigVec3 =  9.8624095347E-01  1.6531419083E-01  0.0000000000E+00
</CP of DelSqRho>
<CP of DelSqRho>
CP# = 34      
Type = (3,+1)
Coords =  1.02231430605172E-01  2.45906756178505E-01  5.47348591866797E-01
DistFromNuc =  6.9349725190E-01
Rho =  3.6600087615E+00
DelSqRho =  5.6223354000E+01
GradDelSqRho = -8.8817841970E-15 -6.7501559897E-14  7.1054273576E-15
HessDelSqRho_EigVals = -3.8441978934E+03  5.6270578707E+00  9.3340241176E+00
HessDelSqRho_EigVec1 =  1.4691566856E-01 -5.9653751460E-01  7.8902394134E-01
HessDelSqRho_EigVec2 =  3.3094091335E-01  7.8135334473E-01  5.2911724839E-01
HessDelSqRho_EigVec3 =  9.3214478393E-01 -1.8338468951E-01 -3.1221171895E-01
</CP of DelSqRho>
<CP of DelSqRho>
CP# = 35      
Type = (3,+1)
Coords =  1.02231430605172E-01  2.45906756178496E-01 -5.47348591866790E-01
DistFromNuc =  6.9349725190E-01
Rho =  3.6600087615E+00
DelSqRho =  5.6223354000E+01
GradDelSqRho =  5.6843418861E-14 -2.2737367544E-13  6.3948846218E-14
HessDelSqRho_EigVals = -3.8441978934E+03  5.6270578707E+00  9.3340241176E+00
HessDelSqRho_EigVec1 = -1.4691566856E-01  5.9653751460E-01  7.8902394134E-01
HessDelSqRho_EigVec2 =  3.3094091335E-01  7.8135334473E-01 -5.2911724839E-01
HessDelSqRho_EigVec3 =  9.3214478393E-01 -1.8338468951E-01  3.1221171895E-01
</CP of DelSqRho>
<CP of DelSqRho>
CP# = 36      
Type = (3,-1)
Coords = -5.18140401619132E-01  5.04922547363912E-01  4.34242454671497E-01
DistFromNuc =  6.9344747321E-01
Rho =  3.6625869346E+00
DelSqRho =  5.6911005144E+01
GradDelSqRho = -2.7000623959E-13 -1.1812772982E-13  1.9095836024E-13
HessDelSqRho_EigVals = -3.9027914358E+03 -4.2754268250E+00  7.8491080551E+00
HessDelSqRho_EigVec1 =  7.4761214972E-01  2.2109009805E-01 -6.2625493382E-01
HessDelSqRho_EigVec2 =  6.3279991633E-01 -5.2336735559E-01  5.7065828392E-01
HessDelSqRho_EigVec3 =  2.0159449269E-01  8.2292513612E-01  5.3118158935E-01
</CP of DelSqRho>
<CP of DelSqRho>
CP# = 37      
Type = (3,-1)
Coords = -5.18140401619136E-01  5.04922547363926E-01 -4.34242454671497E-01
DistFromNuc =  6.9344747321E-01
Rho =  3.6625869346E+00
DelSqRho =  5.6911005144E+01
GradDelSqRho = -3.4106051316E-13 -1.3855583347E-13 -3.3129055055E-13
HessDelSqRho_EigVals = -3.9027914358E+03 -4.2754268250E+00  7.8491080551E+00
HessDelSqRho_EigVec1 =  7.4761214972E-01  2.2109009805E-01  6.2625493382E-01
HessDelSqRho_EigVec2 = -6.3279991633E-01  5.2336735559E-01  5.7065828392E-01
HessDelSqRho_EigVec3 =  2.0159449269E-01  8.2292513612E-01 -5.3118158935E-01
</CP of DelSqRho>
<CP of DelSqRho>
CP# = 38      
Type = (3,+1)
Coords =  5.27513582585231E-01  1.10887707587374E+00  4.45096198444243E-18
DistFromNuc =  6.9309968342E-01
Rho =  3.6690045441E+00
DelSqRho =  5.6712730341E+01
GradDelSqRho = -1.9895196601E-13 -1.9895196601E-13 -1.9028476960E-18
HessDelSqRho_EigVals = -3.8992510763E+03  1.6076314132E+00  1.1903383198E+01
HessDelSqRho_EigVec1 =  7.5964424773E-01  6.5033884775E-01  6.4104746635E-18
HessDelSqRho_EigVec2 = -2.2537978019E-18 -7.2245263281E-18  1.0000000000E+00
HessDelSqRho_EigVec3 = -6.5033884775E-01  7.5964424773E-01  4.0223376022E-18
</CP of DelSqRho>
<CP of DelSqRho>
CP# = 39      
Type = (3,-3)
Coords = -4.67342104973099E-01  1.45809465709098E-01 -1.20586716896154E-19
DistFromNuc =  6.9432308612E-01
Rho =  3.6485626254E+00
DelSqRho =  5.7456551472E+01
GradDelSqRho =  1.9895196601E-13 -3.5527136788E-14 -7.2463362821E-18
HessDelSqRho_EigVals = -3.9276035585E+03 -9.5976592619E+00 -8.3211901074E+00
HessDelSqRho_EigVec1 =  6.7289818967E-01  7.3973510552E-01  0.0000000000E+00
HessDelSqRho_EigVec2 =  7.3973510552E-01 -6.7289818967E-01  0.0000000000E+00
HessDelSqRho_EigVec3 =  0.0000000000E+00  0.0000000000E+00  1.0000000000E+00
</CP of DelSqRho>
<CP of DelSqRho>
CP# = 40      
Type = (3,-1)
Coords =  4.76858268024058E-01  9.23493024617830E-01  4.28067795890106E-01
DistFromNuc =  6.9313206747E-01
Rho =  3.6677537596E+00
DelSqRho =  5.6796929911E+01
GradDelSqRho = -7.1054273576E-14 -5.5067062021E-14 -1.8118839762E-13
HessDelSqRho_EigVals = -3.8980383828E+03 -2.3226907436E+00  1.0997482029E+01
HessDelSqRho_EigVec1 =  6.8705859736E-01  3.8265384822E-01  6.1767832747E-01
HessDelSqRho_EigVec2 = -2.3778983680E-01 -6.8486682446E-01  6.8877676084E-01
HessDelSqRho_EigVec3 = -6.8659047277E-01  6.2010762388E-01  3.7955244368E-01
</CP of DelSqRho>
<CP of DelSqRho>
CP# = 41      
Type = (3,-1)
Coords =  4.76858268024061E-01  9.23493024617837E-01 -4.28067795890098E-01
DistFromNuc =  6.9313206747E-01
Rho =  3.6677537596E+00
DelSqRho =  5.6796929911E+01
GradDelSqRho =  2.4158453016E-13  3.0198066270E-14 -1.6520118606E-13
HessDelSqRho_EigVals = -3.8980383828E+03 -2.3226907436E+00  1.0997482029E+01
HessDelSqRho_EigVec1 =  6.8705859736E-01  3.8265384822E-01 -6.1767832747E-01
HessDelSqRho_EigVec2 =  2.3778983680E-01  6.8486682446E-01  6.8877676084E-01
HessDelSqRho_EigVec3 = -6.8659047277E-01  6.2010762388E-01 -3.7955244368E-01
</CP of DelSqRho>
<CP of DelSqRho>
CP# = 42      
Type = (3,+3)
Coords = -4.71675979518910E-01  2.32094391714059E+00  1.54610419204503E-18
DistFromNuc =  1.7272891513E+00
Rho =  1.0851141866E-01
DelSqRho = -6.4543555522E-03
GradDelSqRho = -2.0317081351E-14 -4.4408920985E-16  1.0211025542E-18
HessDelSqRho_EigVals =  1.3466853688E-01  1.4975512738E-01  2.8186383849E+00
HessDelSqRho_EigVec1 =  9.6117757011E-01  2.7593056865E-01  0.0000000000E+00
HessDelSqRho_EigVec2 =  0.0000000000E+00  0.0000000000E+00  1.0000000000E+00
HessDelSqRho_EigVec3 = -2.7593056865E-01  9.6117757011E-01  0.0000000000E+00
</CP of DelSqRho>
<CP of DelSqRho>
CP# = 43      
Type = (3,+1)
Coords = -4.50830629149076E-01  1.97346160385301E+00  1.07089356871893E+00
DistFromNuc =  1.7541588789E+00
Rho =  1.0392890772E-01
DelSqRho =  3.5467360488E-02
GradDelSqRho = -1.6792123247E-15  5.7176485768E-15  2.8588242884E-15
HessDelSqRho_EigVals = -1.8349446872E-01  1.4765263442E-01  2.2070772399E+00
HessDelSqRho_EigVec1 = -1.0242122693E-01  5.8834967975E-01 -8.0209385150E-01
HessDelSqRho_EigVec2 =  9.5927014946E-01  2.7182319851E-01  7.6895572771E-02
HessDelSqRho_EigVec3 = -2.6326920183E-01  7.6154894990E-01  5.9222675073E-01
</CP of DelSqRho>
<CP of DelSqRho>
CP# = 44      
Type = (3,+1)
Coords = -4.50830629149076E-01  1.97346160385301E+00 -1.07089356871893E+00
DistFromNuc =  1.7541588789E+00
Rho =  1.0392890772E-01
DelSqRho =  3.5467360488E-02
GradDelSqRho = -1.7902346272E-15  5.8425486671E-15 -2.7755575616E-15
HessDelSqRho_EigVals = -1.8349446872E-01  1.4765263442E-01  2.2070772399E+00
HessDelSqRho_EigVec1 = -1.0242122693E-01  5.8834967975E-01  8.0209385150E-01
HessDelSqRho_EigVec2 = -9.5927014946E-01 -2.7182319851E-01  7.6895572771E-02
HessDelSqRho_EigVec3 = -2.6326920183E-01  7.6154894990E-01 -5.9222675073E-01
</CP of DelSqRho>
<CP of DelSqRho>
CP# = 45      
Type = (3,+1)
Coords =  1.75505482677756E+00  1.30696897316089E+00 -6.75057939871374E-18
DistFromNuc =  1.8707453824E+00
Rho =  9.2946795186E-02
DelSqRho =  1.4709015833E-01
GradDelSqRho =  5.4123372450E-16  3.8163916471E-17 -4.2475746603E-19
HessDelSqRho_EigVals = -4.0392788934E-01  6.9008846412E-02  1.0149342512E+00
HessDelSqRho_EigVec1 = -5.4590236799E-02  9.9850884125E-01  0.0000000000E+00
HessDelSqRho_EigVec2 =  0.0000000000E+00  0.0000000000E+00  1.0000000000E+00
HessDelSqRho_EigVec3 =  9.9850884125E-01  5.4590236799E-02  0.0000000000E+00
</CP of DelSqRho>
<CP of DelSqRho>
CP# = 46      
Type = (3,-1)
Coords =  1.48565510921478E+00  5.15676100274186E-01  1.20194839708584E+00
DistFromNuc =  1.9163715250E+00
Rho =  8.5804351112E-02
DelSqRho =  1.8032774359E-01
GradDelSqRho =  1.3097162244E-16 -7.2858385991E-17 -7.6327832943E-17
HessDelSqRho_EigVals = -5.0597037258E-01 -6.2380192778E-02  6.6692337500E-01
HessDelSqRho_EigVec1 = -1.7074332526E-01  3.8845402923E-01  9.0551100714E-01
HessDelSqRho_EigVec2 =  3.5166926937E-01  8.8250434527E-01 -3.1227360690E-01
HessDelSqRho_EigVec3 =  9.2042133931E-01 -2.6512176026E-01  2.8728907111E-01
</CP of DelSqRho>
<CP of DelSqRho>
CP# = 47      
Type = (3,-1)
Coords =  1.48565510921478E+00  5.15676100274187E-01 -1.20194839708584E+00
DistFromNuc =  1.9163715250E+00
Rho =  8.5804351112E-02
DelSqRho =  1.8032774359E-01
GradDelSqRho = -4.1199682554E-16  1.2490009027E-16 -4.1633363423E-17
HessDelSqRho_EigVals = -5.0597037258E-01 -6.2380192778E-02  6.6692337500E-01
HessDelSqRho_EigVec1 =  1.7074332526E-01 -3.8845402923E-01  9.0551100714E-01
HessDelSqRho_EigVec2 =  3.5166926937E-01  8.8250434527E-01  3.1227360690E-01
HessDelSqRho_EigVec3 =  9.2042133931E-01 -2.6512176026E-01 -2.8728907111E-01
</CP of DelSqRho>
<CP of DelSqRho>
CP# = 48      
Type = (3,-1)
Coords =  7.73483533441075E-01 -1.08867787916382E+00  4.83937900057107E-11
DistFromNuc =  1.9114693131E+00
Rho =  7.9498607872E-02
DelSqRho =  1.5530564106E-01
GradDelSqRho =  9.2840318766E-13  1.0283093821E-12 -4.7307584164E-13
HessDelSqRho_EigVals = -3.8169875069E-01 -9.7755532752E-03  5.8924407209E-01
HessDelSqRho_EigVec1 =  6.8631904006E-01  7.2730060858E-01 -3.4831513771E-11
HessDelSqRho_EigVec2 =  2.3573890837E-11  2.5645934324E-11  1.0000000000E+00
HessDelSqRho_EigVec3 =  7.2730060858E-01 -6.8631904006E-01  4.5598787426E-13
</CP of DelSqRho>
<CP of DelSqRho>
CP# = 49      
Type = (3,+1)
Coords =  9.15511210547187E-01 -8.92006716663889E-01  7.46704858260091E-01
DistFromNuc =  1.9499465763E+00
Rho =  7.7521277832E-02
DelSqRho =  1.5352558086E-01
GradDelSqRho =  5.6118304448E-15  1.0314665788E-13 -1.2503192925E-13
HessDelSqRho_EigVals = -4.3941948006E-01  2.3188127540E-02  5.3900955012E-01
HessDelSqRho_EigVec1 =  4.8594654760E-01  6.4435226741E-01 -5.9047955795E-01
HessDelSqRho_EigVec2 =  2.9806659148E-01  5.1292658913E-01  8.0502336687E-01
HessDelSqRho_EigVec3 =  8.2159129737E-01 -5.6720055504E-01  5.7195021098E-02
</CP of DelSqRho>
<CP of DelSqRho>
CP# = 50      
Type = (3,+1)
Coords =  9.15511210547189E-01 -8.92006716663885E-01 -7.46704858260097E-01
DistFromNuc =  1.9499465763E+00
Rho =  7.7521277832E-02
DelSqRho =  1.5352558086E-01
GradDelSqRho =  5.4140719685E-15  1.0369829995E-13  1.2501805147E-13
HessDelSqRho_EigVals = -4.3941948006E-01  2.3188127540E-02  5.3900955012E-01
HessDelSqRho_EigVec1 =  4.8594654760E-01  6.4435226741E-01  5.9047955795E-01
HessDelSqRho_EigVec2 = -2.9806659148E-01 -5.1292658913E-01  8.0502336687E-01
HessDelSqRho_EigVec3 =  8.2159129737E-01 -5.6720055504E-01 -5.7195021098E-02
</CP of DelSqRho>
<CP of DelSqRho>
CP# = 51      
Type = (3,+1)
Coords = -2.29721111797395E+00  1.13779493453329E-01  4.15236606100840E-17
DistFromNuc =  2.3610961713E+00
Rho =  5.0622249346E-02
DelSqRho =  8.9518622832E-02
GradDelSqRho = -1.2359904766E-17  4.4669129506E-17  4.8667270486E-19
HessDelSqRho_EigVals = -3.0123474497E-01  2.8750917735E-02  1.4941940916E-01
HessDelSqRho_EigVec1 =  8.7980212223E-01 -4.7534011583E-01  0.0000000000E+00
HessDelSqRho_EigVec2 =  0.0000000000E+00  0.0000000000E+00  1.0000000000E+00
HessDelSqRho_EigVec3 =  4.7534011583E-01  8.7980212223E-01  0.0000000000E+00
</CP of DelSqRho>
<CP of DelSqRho>
CP# = 52      
Type = (3,-1)
Coords = -1.59592466979708E+00 -5.26104742614312E-01  1.32007060360206E+00
DistFromNuc =  2.3863684015E+00
Rho =  5.0288494488E-02
DelSqRho =  1.0470670619E-01
GradDelSqRho = -1.0408340856E-16 -9.1072982489E-17  6.5052130349E-17
HessDelSqRho_EigVals = -3.4201765317E-01 -1.8333830085E-02  1.7075686583E-01
HessDelSqRho_EigVec1 = -4.1165278559E-01  4.9977271574E-02  9.0996937115E-01
HessDelSqRho_EigVec2 =  7.4330004549E-01 -5.5931696940E-01  3.6697352781E-01
HessDelSqRho_EigVec3 =  5.2730164658E-01  8.2744594994E-01  1.9309628025E-01
</CP of DelSqRho>
<CP of DelSqRho>
CP# = 53      
Type = (3,-1)
Coords = -1.59592466979707E+00 -5.26104742614313E-01 -1.32007060360206E+00
DistFromNuc =  2.3863684015E+00
Rho =  5.0288494488E-02
DelSqRho =  1.0470670619E-01
GradDelSqRho = -1.1058862159E-16 -2.8622937354E-17 -1.0581813203E-16
HessDelSqRho_EigVals = -3.4201765317E-01 -1.8333830085E-02  1.7075686583E-01
HessDelSqRho_EigVec1 =  4.1165278559E-01 -4.9977271574E-02  9.0996937115E-01
HessDelSqRho_EigVec2 =  7.4330004549E-01 -5.5931696940E-01 -3.6697352781E-01
HessDelSqRho_EigVec3 =  5.2730164658E-01  8.2744594994E-01 -1.9309628025E-01
</CP of DelSqRho>
<CP of DelSqRho>
CP# = 54      
Type = (3,+1)
Coords = -4.99760738478933E-01 -1.42943946614809E+00  1.04131832876467E+00
DistFromNuc =  2.3868286381E+00
Rho =  4.8945744918E-02
DelSqRho =  9.8347208450E-02
GradDelSqRho = -1.9097137066E-14 -1.2099609509E-13  9.7204362615E-14
HessDelSqRho_EigVals = -3.2501551945E-01  1.3423472732E-02  2.0762707008E-01
HessDelSqRho_EigVec1 =  3.9522933917E-01 -5.7208469312E-01  7.1868830055E-01
HessDelSqRho_EigVec2 = -5.6929794991E-01  4.6146333385E-01  6.8040534665E-01
HessDelSqRho_EigVec3 =  7.2089778311E-01  6.7806393165E-01  1.4330279448E-01
</CP of DelSqRho>
<CP of DelSqRho>
CP# = 55      
Type = (3,+1)
Coords = -4.99760738478932E-01 -1.42943946614809E+00 -1.04131832876467E+00
DistFromNuc =  2.3868286381E+00
Rho =  4.8945744918E-02
DelSqRho =  9.8347208450E-02
GradDelSqRho = -1.9213363539E-14 -1.2091629781E-13 -9.7043900693E-14
HessDelSqRho_EigVals = -3.2501551945E-01  1.3423472732E-02  2.0762707008E-01
HessDelSqRho_EigVec1 = -3.9522933917E-01  5.7208469312E-01  7.1868830055E-01
HessDelSqRho_EigVec2 = -5.6929794991E-01  4.6146333385E-01 -6.8040534665E-01
HessDelSqRho_EigVec3 =  7.2089778311E-01  6.7806393165E-01 -1.4330279448E-01
</CP of DelSqRho>
<CP of DelSqRho>
CP# = 56      
Type = (3,-1)
Coords = -1.48330258157155E-01 -1.72788820694285E+00 -1.14477851508724E-17
DistFromNuc =  2.3917953708E+00
Rho =  4.6936380922E-02
DelSqRho =  1.0246052961E-01
GradDelSqRho = -7.5907162500E-14 -3.4493675277E-14 -2.2625872536E-19
HessDelSqRho_EigVals = -3.4530248518E-01 -1.5710297702E-02  2.1448961921E-01
HessDelSqRho_EigVec1 = -5.9417156224E-01  8.0433833343E-01  0.0000000000E+00
HessDelSqRho_EigVec2 =  0.0000000000E+00  0.0000000000E+00  1.0000000000E+00
HessDelSqRho_EigVec3 =  8.0433833343E-01  5.9417156224E-01  0.0000000000E+00
</CP of DelSqRho>
<CP of DelSqRho>
CP# = 57      
Type = (3,-1)
Coords = -3.93609040116728E-01  2.19289726599221E+00  1.68327209773275E+00
DistFromNuc =  2.3108966924E+00
Rho =  5.0438458194E-02
DelSqRho =  7.2287316573E-02
GradDelSqRho =  9.5626631613E-17 -4.3021142204E-16 -1.7867651803E-16
HessDelSqRho_EigVals = -3.3463412838E-01 -3.2849018009E-02  1.2736045788E-02
HessDelSqRho_EigVec1 = -1.4973588575E-01  9.1955767298E-01  3.6330820330E-01
HessDelSqRho_EigVec2 =  3.1213316436E-02 -3.6287132728E-01  9.3131634191E-01
HessDelSqRho_EigVec3 =  9.8823321812E-01  1.5079153128E-01  2.5632414974E-02
</CP of DelSqRho>
<CP of DelSqRho>
CP# = 58      
Type = (3,-1)
Coords = -3.93609040116727E-01  2.19289726599221E+00 -1.68327209773275E+00
DistFromNuc =  2.3108966924E+00
Rho =  5.0438458194E-02
DelSqRho =  7.2287316573E-02
GradDelSqRho =  1.0842021725E-16 -4.0939474033E-16  1.8735013541E-16
HessDelSqRho_EigVals = -3.3463412838E-01 -3.2849018009E-02  1.2736045788E-02
HessDelSqRho_EigVec1 = -1.4973588575E-01  9.1955767298E-01 -3.6330820330E-01
HessDelSqRho_EigVec2 = -3.1213316436E-02  3.6287132728E-01  9.3131634191E-01
HessDelSqRho_EigVec3 =  9.8823321812E-01  1.5079153128E-01 -2.5632414974E-02
</CP of DelSqRho>
<CP of DelSqRho>
CP# = 59      
Type = (3,+1)
Coords = -5.05720715381046E-01  2.88907582602219E+00 -9.63023417273598E-18
DistFromNuc =  2.2864030739E+00
Rho =  4.1941067185E-02
DelSqRho =  4.6680547803E-02
GradDelSqRho =  3.4694469520E-18 -4.8572257327E-17 -1.4829662026E-19
HessDelSqRho_EigVals = -2.9362107132E-01  7.5947264713E-03  3.6603716829E-02
HessDelSqRho_EigVec1 = -2.1007563355E-01  9.7768513755E-01  0.0000000000E+00
HessDelSqRho_EigVec2 =  9.7768513755E-01  2.1007563355E-01  0.0000000000E+00
HessDelSqRho_EigVec3 =  0.0000000000E+00  0.0000000000E+00  1.0000000000E+00
</CP of DelSqRho>
<Path of -GradDelSqRho>
Starting CP# =      4
Ending CP# =      0
Number of Points =    400
  3.2504072534E-02  6.1082188755E-01  1.9632570545E-01  7.2384790194E+01  9.6308172664E+03
  3.6466554271E-02  6.0492052587E-01  2.2029386484E-01  4.9246482127E+01  8.2694489125E+03
  4.0426970421E-02  5.9902659476E-01  2.4426419387E-01  3.5248212802E+01  5.8813016575E+03
  4.4384859909E-02  5.9314167320E-01  2.6823715363E-01  2.7088949661E+01  3.6905421096E+03
  4.8339597120E-02  5.8726791420E-01  2.9221337086E-01  2.2394779499E+01  2.0343000847E+03
  5.2289978819E-02  5.8140951229E-01  3.1619406265E-01  1.9602341442E+01  9.3176654836E+02
  5.6233599329E-02  5.7557488503E-01  3.4018166138E-01  1.7758982615E+01  2.8012161106E+02
  6.0165081969E-02  5.6978279886E-01  3.6418155399E-01  1.6332555050E+01 -5.5696078152E+01
  6.4067245786E-02  5.6409295198E-01  3.8821061742E-01  1.5056572120E+01 -1.9461576886E+02
  6.6887154953E-02  5.6143305594E-01  4.1083074654E-01  1.3928807261E+01 -2.2338803344E+02
  6.3101486116E-02  5.7318537513E-01  4.1396793646E-01  1.3935807582E+01 -2.2376488014E+02
  5.8613895170E-02  5.8529134894E-01  4.1689832191E-01  1.3942110838E+01 -2.2417069119E+02
  5.3429513393E-02  5.9769710998E-01  4.1954091053E-01  1.3948860441E+01 -2.2460591139E+02
  4.7573547545E-02  6.1034483590E-01  4.2183997937E-01  1.3956020470E+01 -2.2506899005E+02
  4.1091863452E-02  6.2316775925E-01  4.2374224852E-01  1.3963532420E+01 -2.2555707055E+02
  3.4050742015E-02  6.3609138115E-01  4.2520017011E-01  1.3971315667E+01 -2.2606591876E+02
  2.6535109568E-02  6.4903552281E-01  4.2617528675E-01  1.3979270874E+01 -2.2658999907E+02
  1.8645218606E-02  6.6191713219E-01  4.2664122057E-01  1.3987286165E+01 -2.2712271378E+02
  1.0491987539E-02  6.7465361740E-01  4.2658585208E-01  1.3995245196E+01 -2.2765678961E+02
  2.1914345091E-03  6.8716635984E-01  4.2601234432E-01  1.4003035727E+01 -2.2818476314E+02
 -6.1411975253E-03  6.9938400326E-01  4.2493884747E-01  1.4010557254E+01 -2.2869949364E+02
 -1.4396976331E-02  7.1124513968E-01  4.2339693916E-01  1.4017726598E+01 -2.2919462659E+02
 -2.2477905789E-02  7.2270011797E-01  4.2142905999E-01  1.4024480982E+01 -2.2966494433E+02
 -3.0300253461E-02  7.3371185634E-01  4.1908533961E-01  1.4030778697E+01 -2.3010656781E+02
