 AIMInt (Version 19.10.12, Professional)
 Portions Copyright (c) 1997-2019 by Todd A. Keith
 AIMInt is a component of the AIMAll package ( http://aim.tkgristmill.com )

 TP:  64-bit Mac OS X

 AIMInt is a heavily modified and extended version of the PROAIMV program
 developed by members of R.F.W. Bader's research group

 Much of the Quantum Theory of Atoms in Molecules (QTAIM) is described in the book:
   "Atoms in Molecules - A Quantum Theory"
   R.F.W. Bader, Oxford University Press, Oxford, 1990

 For additional references see:  http://aim.tkgristmill.com/references.html

 Current Directory:  /Users/chemlab/Documents/SubstituentCoding/BCP Map Reference/BCPMapReference

 Inp File:  SubH_NHCHO_wb97xd_aug-cc-pvtz_atomicfiles/c3.inp
 Wfx File:  SubH_NHCHO_wb97xd_aug-cc-pvtz.wfx
 Out File:  SubH_NHCHO_wb97xd_aug-cc-pvtz_atomicfiles/c3.int

 Wfx Title:   Title Card Required                                                           
 Job Title:   Title Card Required                                                           
 
<Atom>
C3      
</Atom>
<Nuclei of Molecule>
     6
N1         7.0          -2.0382203524E+00  -2.9671811347E-01   1.9782438105E-05
H2         1.0          -3.5879085240E+00   7.9067544825E-01   1.5521857954E-04
C3         6.0           3.0538729754E-01   7.2918158907E-01   3.8160357782E-05
O4         8.0           2.2476106167E+00  -4.6456324048E-01  -7.3407684208E-05
H5         1.0           2.6813304997E-01   2.8139012485E+00   1.2574025364E-05
H6         1.0          -2.2258907777E+00  -2.1861335130E+00   5.2029655339E-05
</Nuclei of Molecule>
<Total Number of CPs of DelSqRho>
    24
</Total Number of CPs of DelSqRho>
<Number of (3,+3) CPs of DelSqRho>
     2
</Number of (3,+3) CPs of DelSqRho>
<Number of (3,+1) CPs of DelSqRho>
    10
</Number of (3,+1) CPs of DelSqRho>
<Number of (3,-1) CPs of DelSqRho>
    10
</Number of (3,-1) CPs of DelSqRho>
<Number of (3,-3) CPs of DelSqRho>
     2
</Number of (3,-3) CPs of DelSqRho>
<Number of Degenerate CPs of DelSqRho>
     0
</Number of Degenerate CPs of DelSqRho>
<CP of DelSqRho>
CP# = 1       
Type = (3,+3)
Coords =  3.05387113558518E-01  7.29181481812993E-01  3.81603602430154E-05
DistFromNuc =  2.1296457560E-07
Rho =  1.2113208514E+02
DelSqRho = -7.4601863092E+05
GradDelSqRho =  8.9585228125E-10 -3.2729076338E-08  5.2820636753E-11
HessDelSqRho_EigVals =  1.5982316298E+10  1.5982318371E+10  1.5982321174E+10
HessDelSqRho_EigVec1 =  2.9095262846E-05 -5.8214429750E-06  9.9999999956E-01
HessDelSqRho_EigVec2 =  3.8904060423E-01  9.2122060780E-01 -5.9564054048E-06
HessDelSqRho_EigVec3 =  9.2122060736E-01 -3.8904060423E-01 -2.9067933416E-05
</CP of DelSqRho>
<CP of DelSqRho>
CP# = 2       
Type = (3,+1)
Coords =  2.74650247517298E-01  2.07015147171514E+00  2.54244383890595E-05
DistFromNuc =  1.3413221062E+00
Rho =  2.8943106795E-01
DelSqRho = -1.1518500862E+00
GradDelSqRho = -2.3731017151E-14 -4.2550268864E-12  8.4161193639E-17
HessDelSqRho_EigVals = -1.1112199032E+01  8.6765488501E+00  9.1365320900E+00
HessDelSqRho_EigVec1 = -1.5772061788E-02  9.9987561315E-01 -1.6952158849E-05
HessDelSqRho_EigVec2 =  1.5711602695E-05  1.7202102928E-05  9.9999999973E-01
HessDelSqRho_EigVec3 =  9.9987561317E-01  1.5772061517E-02 -1.5980961009E-05
</CP of DelSqRho>
<CP of DelSqRho>
CP# = 3       
Type = (3,+1)
Coords =  1.14272028287790E-01  6.11473625498027E-01  4.30325506166593E-05
DistFromNuc =  2.2445536495E-01
Rho =  9.2093092881E+00
DelSqRho =  2.7851329284E+02
GradDelSqRho =  3.8440362005E-12 -4.7455372965E-12  1.6306400674E-16
HessDelSqRho_EigVals = -5.7437920761E+04  1.1994310275E+01  2.0110188708E+02
HessDelSqRho_EigVec1 =  8.5154609103E-01  5.2427974820E-01 -2.1737043088E-05
HessDelSqRho_EigVec2 = -5.2427974735E-01  8.5154609111E-01  3.5215319327E-05
HessDelSqRho_EigVec3 =  3.6972772824E-05 -1.8591176059E-05  9.9999999914E-01
</CP of DelSqRho>
<CP of DelSqRho>
CP# = 4       
Type = (3,-3)
Coords =  3.76492385035350E-01  7.66334960087425E-01  2.08793372900207E-01
DistFromNuc =  2.2364043733E-01
Rho =  9.2287007344E+00
DelSqRho =  2.8508781404E+02
GradDelSqRho = -1.9930723738E-12 -3.7303493627E-13 -8.1001871877E-13
HessDelSqRho_EigVals = -5.9865224726E+04 -2.2368124364E+02 -1.1245819662E+02
HessDelSqRho_EigVec1 =  3.1941321488E-01  1.6706161126E-01  9.3277307862E-01
HessDelSqRho_EigVec2 = -4.2948022710E-01  9.0295737790E-01 -1.4652925459E-02
HessDelSqRho_EigVec3 =  8.4470227459E-01  3.9592725561E-01 -3.6016617772E-01
</CP of DelSqRho>
<CP of DelSqRho>
CP# = 5       
Type = (3,-3)
Coords =  3.76475648613769E-01  7.66341634576946E-01 -2.08721584561427E-01
DistFromNuc =  2.2364045640E-01
Rho =  9.2286992986E+00
DelSqRho =  2.8508778201E+02
GradDelSqRho =  2.5441870832E-12 -1.1795009414E-12  7.7164941104E-12
HessDelSqRho_EigVals = -5.9865173576E+04 -2.2368100848E+02 -1.1245826695E+02
HessDelSqRho_EigVec1 = -3.1933844363E-01 -1.6709144278E-01  9.3279333626E-01
HessDelSqRho_EigVec2 = -4.2947756115E-01  9.0295760607E-01  1.4716864588E-02
HessDelSqRho_EigVec3 =  8.4473190001E-01  3.9591414648E-01  3.6011110192E-01
</CP of DelSqRho>
<CP of DelSqRho>
CP# = 6       
Type = (3,-1)
Coords =  5.06396707729534E-01  8.26717496632825E-01  3.00430677149386E-05
DistFromNuc =  2.2342344620E-01
Rho =  9.2670938067E+00
DelSqRho =  2.8382347535E+02
GradDelSqRho = -4.2916781240E-12 -4.1211478674E-13  4.2413988988E-16
HessDelSqRho_EigVals = -6.0198980364E+04 -1.6096138995E+02  7.6962253236E+01
HessDelSqRho_EigVec1 =  8.9956500795E-01  4.3678689902E-01 -3.6278619438E-05
HessDelSqRho_EigVec2 = -4.3678689805E-01  8.9956500859E-01  3.1776611768E-05
HessDelSqRho_EigVec3 =  4.6514584323E-05 -1.2739102368E-05  9.9999999884E-01
</CP of DelSqRho>
<CP of DelSqRho>
CP# = 7       
Type = (3,-1)
Coords =  1.19361352728734E+00  1.19773621132352E+00  2.21434038760803E-05
DistFromNuc =  1.0042356643E+00
Rho =  2.0180123679E-01
DelSqRho =  1.2461742169E-01
GradDelSqRho = -5.9285909515E-14 -1.5654144647E-14 -2.3842283399E-17
HessDelSqRho_EigVals = -4.0009210238E+00 -6.0551342418E-01  1.2247974424E+01
HessDelSqRho_EigVec1 = -4.5586647010E-01  8.9004817887E-01  2.6882271469E-05
HessDelSqRho_EigVec2 =  2.9386484950E-05 -1.5151941897E-05  9.9999999945E-01
HessDelSqRho_EigVec3 =  8.9004817880E-01  4.5586647064E-01 -1.9248125146E-05
</CP of DelSqRho>
<CP of DelSqRho>
CP# = 8       
Type = (3,-1)
Coords = -5.64886423678213E-01  1.21558987695219E+00 -1.03904317170493E-04
DistFromNuc =  9.9698013648E-01
Rho =  2.0304778418E-01
DelSqRho =  1.7048479692E-02
GradDelSqRho =  7.2795103279E-12 -3.6886049770E-12  2.6061737675E-12
HessDelSqRho_EigVals = -4.4051065914E+00 -4.7188404206E-02  1.3451043403E+01
HessDelSqRho_EigVec1 =  4.9585640421E-01  8.6840452904E-01  1.8600215902E-05
HessDelSqRho_EigVec2 = -1.0848823778E-04  4.0527623394E-05  9.9999999329E-01
HessDelSqRho_EigVec3 =  8.6840452246E-01 -4.9585640290E-01  1.1430755864E-04
</CP of DelSqRho>
<CP of DelSqRho>
CP# = 9       
Type = (3,+3)
Coords =  2.82271163017808E-01  1.73355659970129E+00  3.38324521465619E-05
DistFromNuc =  1.0046409894E+00
Rho =  3.1004573864E-01
DelSqRho = -1.3423247046E+00
GradDelSqRho =  2.8033131372E-14 -1.3335998972E-12 -2.3310346708E-18
HessDelSqRho_EigVals =  7.5998268409E+00  8.5827206490E+00  1.1467805837E+01
HessDelSqRho_EigVec1 =  1.7058138228E-05 -3.9238101468E-05  9.9999999908E-01
HessDelSqRho_EigVec2 =  9.9999922849E-01 -1.2420684634E-03 -1.7106861491E-05
HessDelSqRho_EigVec3 =  1.2420691335E-03  9.9999922786E-01  3.9216883820E-05
</CP of DelSqRho>
<CP of DelSqRho>
CP# = 10      
Type = (3,-1)
Coords =  2.03148363424443E-01 -2.82600291895832E-01  1.38923937041888E-05
DistFromNuc =  1.0169343022E+00
Rho =  1.9075111612E-01
DelSqRho =  2.0431157257E-01
GradDelSqRho =  7.6327832943E-17  3.6082248300E-15 -2.7105054312E-19
HessDelSqRho_EigVals = -4.2840141274E+00 -6.9554887455E-01  1.0857065836E+01
HessDelSqRho_EigVec1 =  9.9659005372E-01 -8.2512203942E-02 -3.2028129890E-05
HessDelSqRho_EigVec2 =  2.9778366956E-05 -2.8496457806E-05  9.9999999915E-01
HessDelSqRho_EigVec3 =  8.2512204784E-02  9.9659005383E-01  2.5942207729E-05
</CP of DelSqRho>
<CP of DelSqRho>
CP# = 11      
Type = (3,-1)
Coords =  1.37740817154365E-01  7.24902537569892E-01  1.06540035183576E+00
DistFromNuc =  1.0784805291E+00
Rho =  1.2608915888E-01
DelSqRho =  7.5940895219E-02
GradDelSqRho = -1.5543122345E-15 -7.2164496601E-16  5.7731597281E-15
HessDelSqRho_EigVals = -6.6714188414E-01 -2.7300037735E-01  6.4935120056E+00
HessDelSqRho_EigVec1 =  8.3007932399E-01  5.3849395069E-01  1.4488816707E-01
HessDelSqRho_EigVec2 =  5.3335615260E-01 -8.4250441673E-01  7.5614299378E-02
HessDelSqRho_EigVec3 = -1.6278676349E-01 -1.4511128837E-02  9.8655455844E-01
</CP of DelSqRho>
<CP of DelSqRho>
CP# = 12      
Type = (3,-1)
Coords =  1.37700792545143E-01  7.24920851540224E-01 -1.06532281726323E+00
DistFromNuc =  1.0784854800E+00
Rho =  1.2608907789E-01
DelSqRho =  7.5961559522E-02
GradDelSqRho = -1.6653345369E-16 -8.0491169285E-16 -4.8849813084E-15
HessDelSqRho_EigVals = -6.6719838545E-01 -2.7303199476E-01  6.4931684281E+00
HessDelSqRho_EigVec1 =  8.3011320746E-01  5.3843475569E-01 -1.4491403194E-01
HessDelSqRho_EigVec2 =  5.3329376955E-01 -8.4254244382E-01 -7.5630587254E-02
HessDelSqRho_EigVec3 =  1.6281835939E-01  1.4499800988E-02  9.8654951098E-01
</CP of DelSqRho>
<CP of DelSqRho>
CP# = 13      
Type = (3,+1)
Coords =  8.06291241816421E-01  1.03716604568084E+00  8.51719868359258E-01
DistFromNuc =  1.0349497179E+00
Rho =  1.5900065278E-01
DelSqRho =  2.0762635138E-02
GradDelSqRho =  0.0000000000E+00 -2.2204460493E-16  8.8817841970E-16
HessDelSqRho_EigVals = -1.8515043172E+00  4.2219313031E-01  9.8979095963E+00
HessDelSqRho_EigVec1 = -4.6137205545E-01  8.8660822136E-01 -3.2583558387E-02
HessDelSqRho_EigVec2 =  7.0500201151E-01  3.4407712787E-01 -6.2014763874E-01
HessDelSqRho_EigVec3 =  5.3861673778E-01  3.0909026497E-01  7.8380815120E-01
</CP of DelSqRho>
<CP of DelSqRho>
CP# = 14      
Type = (3,+1)
Coords =  8.06282063493567E-01  1.03721493014882E+00 -8.51626145149593E-01
DistFromNuc =  1.0349455034E+00
Rho =  1.5900721345E-01
DelSqRho =  2.0771081400E-02
GradDelSqRho = -2.2204460493E-16  5.5511151231E-16  4.4408920985E-16
HessDelSqRho_EigVals = -1.8518381986E+00  4.2223044176E-01  9.8982954717E+00
HessDelSqRho_EigVec1 = -4.6137342091E-01  8.8660542046E-01  3.2640387368E-02
HessDelSqRho_EigVec2 =  7.0500481743E-01  3.4404037783E-01  6.2016483763E-01
HessDelSqRho_EigVec3 = -5.3861189542E-01 -3.0913920300E-01  7.8379217863E-01
</CP of DelSqRho>
<CP of DelSqRho>
CP# = 15      
Type = (3,+1)
Coords = -5.28286423719957E-01  1.20008138833994E+00  3.03737794251547E-01
DistFromNuc =  1.0044859193E+00
Rho =  1.9534421687E-01
DelSqRho =  1.5994049816E-02
GradDelSqRho = -2.6201263381E-14  1.6986412277E-14  1.8068879726E-14
HessDelSqRho_EigVals = -3.9871932387E+00  7.9840712697E-02  1.2674537922E+01
HessDelSqRho_EigVec1 =  4.9694955333E-01  8.6735399207E-01 -2.7169723745E-02
HessDelSqRho_EigVec2 =  2.3604172048E-01 -1.0497831158E-01  9.6605582669E-01
HessDelSqRho_EigVec3 =  8.3506014612E-01 -4.8649419990E-01 -2.5690065360E-01
</CP of DelSqRho>
<CP of DelSqRho>
CP# = 16      
Type = (3,+1)
Coords = -5.28345402799858E-01  1.20010932147195E+00 -3.03427395021727E-01
DistFromNuc =  1.0044772213E+00
Rho =  1.9535457673E-01
DelSqRho =  1.5998832638E-02
GradDelSqRho = -2.7089441801E-14  1.7541523789E-14 -1.9012569297E-14
HessDelSqRho_EigVals = -3.9877981170E+00  7.9723559094E-02  1.2675496774E+01
HessDelSqRho_EigVec1 =  4.9694784620E-01  8.6735514597E-01  2.7164110955E-02
HessDelSqRho_EigVec2 = -2.3585661841E-01  1.0487614194E-01  9.6611213138E-01
HessDelSqRho_EigVec3 =  8.3511346158E-01 -4.8651417823E-01  2.5668942454E-01
</CP of DelSqRho>
<CP of DelSqRho>
CP# = 17      
Type = (3,+1)
Coords =  2.02563274572852E-01  2.46610581309532E-01  9.29246043964178E-01
DistFromNuc =  1.0520811985E+00
Rho =  1.4703159826E-01
DelSqRho =  6.1866087850E-02
GradDelSqRho =  5.8286708793E-16 -1.1102230246E-16 -4.4408920985E-16
HessDelSqRho_EigVals = -1.6441763132E+00  3.1725126426E-01  8.5916444133E+00
HessDelSqRho_EigVec1 =  9.9683418003E-01 -1.9843703929E-02  7.6992499228E-02
HessDelSqRho_EigVec2 = -2.3082768797E-02  8.5441962481E-01  5.1907060264E-01
HessDelSqRho_EigVec3 = -7.6084185661E-02 -5.1920451862E-01  8.5125663847E-01
</CP of DelSqRho>
<CP of DelSqRho>
CP# = 18      
Type = (3,+1)
Coords =  2.02517188374933E-01  2.46597202210460E-01 -9.29155489468943E-01
DistFromNuc =  1.0520792692E+00
Rho =  1.4703639713E-01
DelSqRho =  6.1883697270E-02
GradDelSqRho =  4.1633363423E-17  1.6653345369E-15  2.2204460493E-15
HessDelSqRho_EigVals = -1.6445140009E+00  3.1727630857E-01  8.5918215204E+00
HessDelSqRho_EigVec1 =  9.9683115617E-01 -1.9858438128E-02 -7.7027842541E-02
HessDelSqRho_EigVec2 = -2.3090342330E-02  8.5440769692E-01 -5.1908989928E-01
HessDelSqRho_EigVec3 =  7.6121496192E-02  5.1922358370E-01  8.5124167423E-01
</CP of DelSqRho>
<CP of DelSqRho>
CP# = 19      
Type = (3,+1)
Coords =  3.20637997257625E-01  1.48115929969125E+00  1.33532574555543E+00
DistFromNuc =  1.5325455935E+00
Rho =  6.5384730591E-02
DelSqRho =  1.3908741415E-01
GradDelSqRho = -1.3877787808E-16 -1.1796119637E-16  2.9143354396E-16
HessDelSqRho_EigVals = -1.4472871536E+00  6.3084281788E-02  1.2353078118E-01
HessDelSqRho_EigVec1 =  7.7517345588E-03  3.0940673712E-01  9.5089819730E-01
HessDelSqRho_EigVec2 = -2.1568788873E-01  9.2906017732E-01 -3.0054271173E-01
HessDelSqRho_EigVec3 =  9.7643158760E-01  2.0276749725E-01 -7.3937113772E-02
</CP of DelSqRho>
<CP of DelSqRho>
CP# = 20      
Type = (3,+1)
Coords =  3.20575329452298E-01  1.48121295571741E+00 -1.33522047017357E+00
DistFromNuc =  1.5325460721E+00
Rho =  6.5387164950E-02
DelSqRho =  1.3909617906E-01
GradDelSqRho = -1.7347234760E-17  9.7144514655E-17  2.6367796835E-16
HessDelSqRho_EigVals = -1.4473629767E+00  6.3079496172E-02  1.2353974531E-01
HessDelSqRho_EigVec1 = -7.7079007759E-03 -3.0940928767E-01  9.5089772372E-01
HessDelSqRho_EigVec2 = -2.1563235034E-01  9.2906802640E-01  3.0055830018E-01
HessDelSqRho_EigVec3 =  9.7644420104E-01  2.0272763754E-01  7.3879816080E-02
</CP of DelSqRho>
<CP of DelSqRho>
CP# = 21      
Type = (3,-1)
Coords = -3.26782722453237E-01  5.32197145122298E-01  1.37939668983283E+00
DistFromNuc =  1.5300561291E+00
Rho =  6.9304547041E-02
DelSqRho =  1.6336972416E-01
GradDelSqRho =  2.4286128664E-17  0.0000000000E+00  5.2735593670E-16
HessDelSqRho_EigVals = -1.4163953242E+00 -9.5331484894E-02  1.1920506406E-01
HessDelSqRho_EigVec1 = -1.5714763469E-01  4.6275502133E-03  9.8756427978E-01
HessDelSqRho_EigVec2 =  8.7752310460E-01  4.5940310891E-01  1.3748448794E-01
HessDelSqRho_EigVec3 = -4.5305388401E-01  8.8821583486E-01 -7.6254894163E-02
</CP of DelSqRho>
<CP of DelSqRho>
CP# = 22      
Type = (3,-1)
Coords = -3.26780466574283E-01  5.32300032514904E-01 -1.37930774955042E+00
DistFromNuc =  1.5300305776E+00
Rho =  6.9305390577E-02
DelSqRho =  1.6337941276E-01
GradDelSqRho =  3.1225022568E-17  2.7755575616E-17 -3.0531133177E-16
HessDelSqRho_EigVals = -1.4164468872E+00 -9.5345412635E-02  1.1920453039E-01
HessDelSqRho_EigVec1 =  1.5716211109E-01 -4.6951895675E-03  9.8756165683E-01
HessDelSqRho_EigVec2 =  8.7750354441E-01  4.5944692007E-01 -1.3746293024E-01
HessDelSqRho_EigVec3 = -4.5308674710E-01  8.8819281850E-01  7.6327693379E-02
</CP of DelSqRho>
<CP of DelSqRho>
CP# = 23      
Type = (3,-1)
Coords =  2.74854150835981E-01  1.78650160827156E+00  1.22545822214423E+00
DistFromNuc =  1.6187996244E+00
Rho =  7.0553167034E-02
DelSqRho =  1.4074087238E-01
GradDelSqRho = -1.7347234760E-18 -2.6714741530E-16  9.0205620751E-17
HessDelSqRho_EigVals = -1.4667706987E+00 -1.2115334190E-01  9.8138795404E-02
HessDelSqRho_EigVec1 = -1.5755328339E-02  3.2689227628E-01  9.4493026692E-01
HessDelSqRho_EigVec2 = -8.1583352967E-02  9.4147620771E-01 -3.2705765063E-01
HessDelSqRho_EigVec3 =  9.9654198414E-01  8.2243480166E-02 -1.1835701182E-02
</CP of DelSqRho>
<CP of DelSqRho>
CP# = 24      
Type = (3,-1)
Coords =  2.74821363900585E-01  1.78641447610980E+00 -1.22541040169043E+00
DistFromNuc =  1.6187649094E+00
Rho =  7.0552755981E-02
DelSqRho =  1.4074756690E-01
GradDelSqRho = -1.3097162244E-16  2.3592239273E-16 -3.6776137691E-16
HessDelSqRho_EigVals = -1.4668353882E+00 -1.2110054340E-01  9.8153165589E-02
HessDelSqRho_EigVec1 =  1.5782477874E-02 -3.2687894272E-01  9.4493442640E-01
HessDelSqRho_EigVec2 = -8.1585507271E-02  9.4147986924E-01  3.2704657285E-01
HessDelSqRho_EigVec3 =  9.9654137817E-01  8.2254559816E-02  1.1809699153E-02
</CP of DelSqRho>
<Path of -GradDelSqRho>
Starting CP# =      2
Ending CP# =      0
Number of Points =     31
  2.7465024752E-01  2.0701514717E+00  2.5424438389E-05  2.8943106795E-01 -1.1518500862E+00
  2.7426413731E-01  2.0951484894E+00  2.5001570467E-05  2.8948521470E-01 -1.1555736369E+00
  2.7389427877E-01  2.1201457530E+00  2.4580118807E-05  2.8985937710E-01 -1.1678036147E+00
  2.7353971549E-01  2.1451432382E+00  2.4159446456E-05  2.9057301078E-01 -1.1902511213E+00
  2.7319943152E-01  2.1701409219E+00  2.3739074325E-05  2.9164374007E-01 -1.2247761412E+00
  2.7287236232E-01  2.1951387820E+00  2.3318650854E-05  2.9308659585E-01 -1.2733488274E+00
  2.7255739673E-01  2.2201367977E+00  2.2897928727E-05  2.9491317452E-01 -1.3379713677E+00
  2.7225336354E-01  2.2451349487E+00  2.2476747992E-05  2.9713075869E-01 -1.4205359849E+00
  2.7195899663E-01  2.2701332155E+00  2.2055025476E-05  2.9974148415E-01 -1.5225843060E+00
  2.7167287105E-01  2.2951315780E+00  2.1632750772E-05  3.0274171021E-01 -1.6449281717E+00
  2.7139329836E-01  2.3201300146E+00  2.1209989718E-05  3.0612185851E-01 -1.7871062055E+00
  2.7111815941E-01  2.3451285005E+00  2.0786897492E-05  3.0986712900E-01 -1.9467080965E+00
  2.7084463732E-01  2.3701270042E+00  2.0363745554E-05  3.1395965370E-01 -2.1187285910E+00
  2.7056880251E-01  2.3951254824E+00  1.9940967886E-05  3.1838274089E-01 -2.2953323672E+00
  2.7028509416E-01  2.4201238723E+00  1.9519220108E-05  3.2312776359E-01 -2.4666904896E+00
  2.6998645560E-01  2.4451220880E+00  1.9099353772E-05  3.2820377980E-01 -2.6237751313E+00
  2.6966913496E-01  2.4701200736E+00  1.8681795476E-05  3.3364896645E-01 -2.7639577683E+00
  2.6935085929E-01  2.4951180468E+00  1.8264238283E-05  3.3954137867E-01 -2.8996888812E+00
  2.6908030650E-01  2.5201165743E+00  1.7840489514E-05  3.4600464886E-01 -3.0692940046E+00
  2.6888352784E-01  2.5451157919E+00  1.7407305157E-05  3.5320251121E-01 -3.3471414300E+00
  2.6874234071E-01  2.5701153902E+00  1.6967046599E-05  3.6131553829E-01 -3.8486215636E+00
  2.6863325260E-01  2.5951151513E+00  1.6522704337E-05  3.7049525910E-01 -4.7242876758E+00
  2.6854217484E-01  2.6201149851E+00  1.6076056323E-05  3.8079562924E-01 -6.1378626678E+00
  2.6846179358E-01  2.6451148557E+00  1.5628017444E-05  3.9208956483E-01 -8.2252885064E+00
  2.6838828688E-01  2.6701147476E+00  1.5179060003E-05  4.0398797713E-01 -1.1037476147E+01
  2.6831957025E-01  2.6951146532E+00  1.4729436168E-05  4.1578798733E-01 -1.4478555943E+01
  2.6825444793E-01  2.7201145683E+00  1.4279283752E-05  4.2648117343E-01 -1.8262600579E+01
  2.6819218697E-01  2.7451144908E+00  1.3828676042E-05  4.3484602011E-01 -2.1918572770E+01
  2.6813226917E-01  2.7701144190E+00  1.3377642294E-05  4.3962736078E-01 -2.4865696223E+01
  2.6807411422E-01  2.7951143513E+00  1.2926157151E-05  4.3977260906E-01 -2.6554195158E+01
  2.6804449499E-01  2.8076143163E+00  1.2700084293E-05  4.3789136322E-01 -2.6803946485E+01
</Path of -GradDelSqRho>
<Path of -GradDelSqRho>
Starting CP# =      2
Ending CP# =      9
Number of Points =     14
  2.7465024752E-01  2.0701514717E+00  2.5424438389E-05  2.8943106795E-01 -1.1518500862E+00
  2.7505301618E-01  2.0451547169E+00  2.5849476283E-05  2.8967631876E-01 -1.1550853497E+00
  2.7547371313E-01  2.0201582574E+00  2.6277802773E-05  2.9019975921E-01 -1.1638948241E+00
  2.7591305965E-01  1.9951621188E+00  2.6710798330E-05  2.9098008139E-01 -1.1770466232E+00
  2.7637171096E-01  1.9701663271E+00  2.7150243338E-05  2.9199629210E-01 -1.1934446809E+00
  2.7685030297E-01  1.9451709092E+00  2.7598449658E-05  2.9322807129E-01 -1.2121073577E+00
  2.7734954016E-01  1.9201758952E+00  2.8058464609E-05  2.9465609178E-01 -1.2321430124E+00
  2.7787034279E-01  1.8951813213E+00  2.8534407028E-05  2.9626231958E-01 -1.2527235139E+00
  2.7841408940E-01  1.8701872361E+00  2.9032059254E-05  2.9803031522E-01 -1.2730561380E+00
  2.7898303654E-01  1.8451937122E+00  2.9559997025E-05  2.9994555726E-01 -1.2923535949E+00
  2.7958113194E-01  1.8202008693E+00  3.0131987915E-05  3.0199581040E-01 -1.3098009082E+00
  2.8021589959E-01  1.7952089322E+00  3.0772932752E-05  3.0417156155E-01 -1.3245163595E+00
  2.8090420406E-01  1.7702184170E+00  3.1537836565E-05  3.0646654425E-01 -1.3355015381E+00
  2.8227116302E-01  1.7335565997E+00  3.3832452147E-05  3.1004573864E-01 -1.3423247046E+00
</Path of -GradDelSqRho>
<Path of -GradDelSqRho>
Starting CP# =      3
Ending CP# =      1
Number of Points =      9
  1.1427202829E-01  6.1147362550E-01  4.3032550617E-05  9.2093092881E+00  2.7851329284E+02
  1.3556011073E-01  6.2458154468E-01  4.2489295802E-05  1.2206390035E+01  2.4877451179E+02
  1.5684732656E-01  6.3769087120E-01  4.1946320950E-05  1.6235421728E+01  7.7405042941E+01
  1.7813409145E-01  6.5080092994E-01  4.1403501771E-05  2.1656361351E+01 -4.3131798313E+02
  1.9942062803E-01  6.6391135938E-01  4.0860757201E-05  2.8917327535E+01 -1.4701210610E+03
  2.2070697255E-01  6.7702210066E-01  4.0318092269E-05  3.8664175255E+01 -3.4935616182E+03
  2.4199309424E-01  6.9013320370E-01  3.9775575743E-05  5.1913039501E+01 -9.3508773533E+03
  2.6327910505E-01  7.0324448676E-01  3.9233143455E-05  6.9682036297E+01 -2.2515986993E+04
  3.0538711356E-01  7.2918148181E-01  3.8160360243E-05  1.2113208514E+02 -7.4601863092E+05
</Path of -GradDelSqRho>
<Path of -GradDelSqRho>
Starting CP# =      3
Ending CP# =      0
Number of Points =     35
  1.1427202829E-01  6.1147362550E-01  4.3032550617E-05  9.2093092881E+00  2.7851329284E+02
  9.2982714630E-02  5.9836770611E-01  4.3576152292E-05  6.9691611688E+00  2.6651013499E+02
  7.1692140603E-02  5.8526383428E-01  4.4120025434E-05  5.2889730408E+00  2.4222227960E+02
  5.0400695143E-02  5.7216137841E-01  4.4663993156E-05  4.0285865698E+00  2.1152646234E+02
  2.9108479599E-02  5.5906017401E-01  4.5207989204E-05  3.0849978971E+00  1.7754783066E+02
  7.8152329787E-03  5.4596064548E-01  4.5752029821E-05  2.3801292808E+00  1.4405001324E+02
 -1.3479540665E-02  5.3286359947E-01  4.6296145812E-05  1.8542214305E+00  1.1406045196E+02
 -3.4776550289E-02  5.1977018973E-01  4.6840353476E-05  1.4618714959E+00  8.9011562964E+01
 -5.6076749092E-02  5.0668196883E-01  4.7384638432E-05  1.1690224930E+00  6.8971957870E+01
 -7.7381361111E-02  4.9360093300E-01  4.7928940003E-05  9.5037661135E-01  5.3275699829E+01
 -9.8691887079E-02  4.8052953411E-01  4.8473137835E-05  7.8720501054E-01  4.1048313406E+01
 -1.2001011536E-01  4.6747070110E-01  4.9017044772E-05  6.6560376757E-01  3.1493529971E+01
 -1.4133819152E-01  4.5442795869E-01  4.9560404080E-05  5.7518531600E-01  2.3989612711E+01
 -1.6267879016E-01  4.4140571662E-01  5.0102881926E-05  5.0813678390E-01  1.8082757669E+01
 -1.8403540016E-01  4.2840975156E-01  5.0644044975E-05  4.5855513715E-01  1.3444182659E+01
 -2.0541271994E-01  4.1544788337E-01  5.1183316768E-05  4.2197583192E-01  9.8268002763E+00
 -2.2681717315E-01  4.0253087588E-01  5.1719909015E-05  3.9503106184E-01  7.0345211574E+00
 -2.4825757857E-01  3.8967364141E-01  5.2252722038E-05  3.7519426647E-01  4.9047969188E+00
 -2.6974602310E-01  3.7689687443E-01  5.2780203753E-05  3.6058389375E-01  3.3003502035E+00
 -2.9129898748E-01  3.6422928079E-01  5.3300149919E-05  3.4981026137E-01  2.1056957182E+00
 -3.1293875728E-01  3.5171061348E-01  5.3809419885E-05  3.4185565936E-01  1.2253809849E+00
 -3.3469511068E-01  3.3939578914E-01  5.4303529537E-05  3.3598111383E-01  5.8236373412E-01
 -3.5660719788E-01  3.2736046797E-01  5.4776062431E-05  3.3165483742E-01  1.1600036500E-01
 -3.7872540182E-01  3.1570869424E-01  5.5217802371E-05  3.2849822677E-01 -2.2032251586E-01
 -4.0111275690E-01  3.0458362215E-01  5.5615419157E-05  3.2624581305E-01 -4.6168453644E-01
 -4.2384506692E-01  2.9418313578E-01  5.5949404329E-05  3.2471601501E-01 -6.3402532340E-01
 -4.4700778469E-01  2.8478336735E-01  5.6190712155E-05  3.2378986679E-01 -7.5627802547E-01
 -4.7068490202E-01  2.7677418026E-01  5.6295178399E-05  3.2339486991E-01 -8.4216622636E-01
 -4.9492841408E-01  2.7070865684E-01  5.6194374868E-05  3.2349019245E-01 -9.0164842739E-01
 -5.1968503685E-01  2.6735298449E-01  5.5781859489E-05  3.2404673820E-01 -9.4202432758E-01
 -5.4465384737E-01  2.6767083263E-01  5.4896887930E-05  3.2501211716E-01 -9.6871338401E-01
 -5.6911931839E-01  2.7260019893E-01  5.3311742796E-05  3.2625832122E-01 -9.8569569697E-01
 -5.9196839096E-01  2.8261668738E-01  5.0693584722E-05  3.2754978833E-01 -9.9566167085E-01
 -6.1183461375E-01  2.9768088015E-01  4.6178930829E-05  3.2858103533E-01 -1.0001199197E+00
 -6.1827687081E-01  3.0531627040E-01  4.1560592820E-05  3.2883535777E-01 -1.0005275572E+00
</Path of -GradDelSqRho>
<Path of -GradDelSqRho>
Starting CP# =     13
Ending CP# =      9
Number of Points =     53
  8.0629124182E-01  1.0371660457E+00  8.5171986836E-01  1.5900065278E-01  2.0762635138E-02
  7.9470423559E-01  1.0592806949E+00  8.5045277910E-01  1.5824673425E-01  2.0188261420E-02
  7.8303233231E-01  1.0812780914E+00  8.4826012344E-01  1.5777430767E-01  1.8480251070E-02
  7.7129142660E-01  1.1031261643E+00  8.4513943826E-01  1.5758216456E-01  1.5657026244E-02
  7.5949752525E-01  1.1247929673E+00  8.4109232547E-01  1.5766870942E-01  1.1730809831E-02
  7.4766661980E-01  1.1462470383E+00  8.3612459853E-01  1.5803193106E-01  6.7070969539E-03
  7.3581453206E-01  1.1674578804E+00  8.3024627659E-01  1.5866937765E-01  5.8426696510E-04
  7.2395674676E-01  1.1883964219E+00  8.2347146887E-01  1.5957813581E-01 -6.6466688814E-03
  7.1210823944E-01  1.2090354343E+00  8.1581815470E-01  1.6075481358E-01 -1.5002186949E-02
  7.0028330703E-01  1.2293498920E+00  8.0730787112E-01  1.6219552650E-01 -2.4506237951E-02
  6.8849540916E-01  1.2493172586E+00  7.9796532361E-01  1.6389588598E-01 -3.5190097464E-02
  6.7675702690E-01  1.2689176932E+00  7.8781793916E-01  1.6585098840E-01 -4.7092073131E-02
  6.6507954512E-01  1.2881341723E+00  7.7689538176E-01  1.6805540340E-01 -6.0257058051E-02
  6.5347316309E-01  1.3069525287E+00  7.6522905084E-01  1.7050316001E-01 -7.4735916982E-02
  6.4194683613E-01  1.3253614148E+00  7.5285158155E-01  1.7318772888E-01 -9.0584690094E-02
  6.3050824962E-01  1.3433521971E+00  7.3979636367E-01  1.7610199986E-01 -1.0786359835E-01
  6.1916382456E-01  1.3609187961E+00  7.2609709288E-01  1.7923825380E-01 -1.2663583534E-01
  6.0791875257E-01  1.3780574822E+00  7.1178736463E-01  1.8258812847E-01 -1.4696613291E-01
  5.9677705684E-01  1.3947666419E+00  6.9690031757E-01  1.8614257881E-01 -1.6891909190E-01
  5.8574167442E-01  1.4110465254E+00  6.8146833026E-01  1.8989183204E-01 -1.9255727539E-01
  5.7481455508E-01  1.4268989863E+00  6.6552277188E-01  1.9382533902E-01 -2.1793906943E-01
  5.6399677152E-01  1.4423272245E+00  6.4909380543E-01  1.9793172329E-01 -2.4511632527E-01
  5.5328863614E-01  1.4573355366E+00  6.3221024010E-01  2.0219872993E-01 -2.7413180812E-01
  5.4268982007E-01  1.4719290812E+00  6.1489942828E-01  2.0661317632E-01 -3.0501648868E-01
  5.3219947072E-01  1.4861136631E+00  5.9718720181E-01  2.1116090733E-01 -3.3778672650E-01
  5.2181632516E-01  1.4998955366E+00  5.7909784196E-01  2.1582675715E-01 -3.7244140635E-01
  5.1153881714E-01  1.5132812314E+00  5.6065407745E-01  2.2059452046E-01 -4.0895910096E-01
  5.0136517660E-01  1.5262774002E+00  5.4187710539E-01  2.2544693486E-01 -4.4729534391E-01
  4.9129352105E-01  1.5388906865E+00  5.2278663004E-01  2.3036567688E-01 -4.8738010518E-01
  4.8132193890E-01  1.5511276139E+00  5.0340091520E-01  2.3533137308E-01 -5.2911556714E-01
  4.7144856511E-01  1.5629944933E+00  4.8373684632E-01  2.4032362790E-01 -5.7237430090E-01
  4.6167165017E-01  1.5744973480E+00  4.6380999893E-01  2.4532106928E-01 -6.1699794010E-01
  4.5198962352E-01  1.5856418530E+00  4.4363471049E-01  2.5030141270E-01 -6.6279644177E-01
  4.4240115276E-01  1.5964332884E+00  4.2322415303E-01  2.5524154422E-01 -7.0954801176E-01
  4.3290520053E-01  1.6068765018E+00  4.0259040401E-01  2.6011762263E-01 -7.5699975459E-01
  4.2350108075E-01  1.6169758783E+00  3.8174451332E-01  2.6490520028E-01 -8.0486908649E-01
  4.1418851667E-01  1.6267353110E+00  3.6069656368E-01  2.6957936263E-01 -8.5284592553E-01
  4.0496770354E-01  1.6361581694E+00  3.3945572208E-01  2.7411488559E-01 -9.0059564628E-01
  3.9583937958E-01  1.6452472543E+00  3.1803027905E-01  2.7848641019E-01 -9.4776275954E-01
  3.8680491024E-01  1.6540047303E+00  2.9642767204E-01  2.8266863396E-01 -9.9397525184E-01
  3.7786639270E-01  1.6624320200E+00  2.7465448822E-01  2.8663651825E-01 -1.0388494969E+00
  3.6902679128E-01  1.6705296379E+00  2.5271644000E-01  2.9036551130E-01 -1.0819956324E+00
  3.6029011942E-01  1.6782969313E+00  2.3061830415E-01  2.9383178716E-01 -1.1230232815E+00
  3.5166169402E-01  1.6857316795E+00  2.0836381066E-01  2.9701250155E-01 -1.1615474927E+00
  3.4314850445E-01  1.6928294711E+00  1.8595545924E-01  2.9988606820E-01 -1.1971947667E+00
  3.3475977091E-01  1.6995827252E+00  1.6339422706E-01  3.0243246296E-01 -1.2296090472E+00
  3.2650783108E-01  1.7059791129E+00  1.4067910202E-01  3.0463357259E-01 -1.2584575599E+00
  3.1840963492E-01  1.7119989040E+00  1.1780631642E-01  3.0647362510E-01 -1.2834364079E+00
  3.1048947032E-01  1.7176102191E+00  9.4768017560E-02  3.0793978821E-01 -1.3042758619E+00
  3.0278450703E-01  1.7227596947E+00  7.1549750371E-02  3.0902315899E-01 -1.3207453532E+00
  2.9535810811E-01  1.7273512516E+00  4.8124971629E-02  3.0972082592E-01 -1.3326583330E+00
  2.8834270056E-01  1.7311836872E+00  2.4439662064E-02  3.1004181608E-01 -1.3398776324E+00
  2.8227116302E-01  1.7335565997E+00  3.3832452147E-05  3.1004573864E-01 -1.3423247046E+00
</Path of -GradDelSqRho>
<Path of -GradDelSqRho>
Starting CP# =     13
Ending CP# =      0
Number of Points =     56
  8.0629124182E-01  1.0371660457E+00  8.5171986836E-01  1.5900065278E-01  2.0762635138E-02
  8.1776776516E-01  1.0149606459E+00  8.5208459098E-01  1.6003418767E-01  2.0179448816E-02
  8.2912895440E-01  9.9269952805E-01  8.5153982899E-01  1.6135061853E-01  1.8410110385E-02
  8.4035982147E-01  9.7041223380E-01  8.5009869408E-01  1.6295018751E-01  1.5422328542E-02
  8.5144587063E-01  9.4812671452E-01  8.4777705105E-01  1.6483288347E-01  1.1181218051E-02
  8.6237300339E-01  9.2586919374E-01  8.4459307780E-01  1.6699846063E-01  5.6505731692E-03
  8.7312749310E-01  9.0366403029E-01  8.4056677326E-01  1.6944645993E-01 -1.2057275597E-03
  8.8369593774E-01  8.8153365813E-01  8.3571946766E-01  1.7217622370E-01 -9.4222065001E-03
  8.9406519641E-01  8.5949859838E-01  8.3007335165E-01  1.7518690214E-01 -1.9030192157E-02
  9.0422231556E-01  8.3757753620E-01  8.2365103822E-01  1.7847745083E-01 -3.0056183624E-02
  9.1415445185E-01  8.1578745360E-01  8.1647516833E-01  1.8204661843E-01 -4.2520222500E-02
  9.2384879886E-01  7.9414380874E-01  8.0856806834E-01  1.8589292368E-01 -5.6434328904E-02
  9.3329252627E-01  7.7266075202E-01  7.9995146433E-01  1.9001462106E-01 -7.1801065228E-02
  9.4247274032E-01  7.5135136985E-01  7.9064625677E-01  1.9440965416E-01 -8.8612295978E-02
  9.5137647605E-01  7.3022794717E-01  7.8067235696E-01  1.9907559559E-01 -1.0684821360E-01
  9.5999073228E-01  7.0930224025E-01  7.7004858552E-01  2.0400957233E-01 -1.2647669759E-01
  9.6830256173E-01  6.8858575160E-01  7.5879263227E-01  2.0920817518E-01 -1.4745306637E-01
  9.7629922869E-01  6.6808999807E-01  7.4692107565E-01  2.1466735144E-01 -1.6972026800E-01
  9.8396844667E-01  6.4782676284E-01  7.3444945852E-01  2.2038228048E-01 -1.9320953581E-01
  9.9129870623E-01  6.2780832112E-01  7.2139241524E-01  2.2634723328E-01 -2.1784150940E-01
  9.9827969948E-01  6.0804762826E-01  7.0776384198E-01  2.3255541887E-01 -2.4352779058E-01
  1.0049028404E+00  5.8855845894E-01  6.9357709911E-01  2.3899882319E-01 -2.7017287018E-01
  1.0111618700E+00  5.6935548691E-01  6.7884523024E-01  2.4566804897E-01 -2.9767632817E-01
  1.0170535229E+00  5.5045429761E-01  6.6358117884E-01  2.5255216782E-01 -3.2593518072E-01
  1.0225782131E+00  5.3187133074E-01  6.4779798118E-01  2.5963859825E-01 -3.5484622773E-01
  1.0277406867E+00  5.1362375732E-01  6.3150891428E-01  2.6691302325E-01 -3.8430824768E-01
  1.0325505705E+00  4.9572930395E-01  6.1472758195E-01  2.7435935909E-01 -4.1422389587E-01
  1.0370227464E+00  4.7820604482E-01  5.9746793028E-01  2.8195978216E-01 -4.4450118673E-01
  1.0411774838E+00  4.6107218674E-01  5.7974419632E-01  2.8969481283E-01 -4.7505447757E-01
  1.0450402821E+00  4.4434587186E-01  5.6157080704E-01  2.9754344705E-01 -5.0580491396E-01
  1.0486414041E+00  4.2804501542E-01  5.4296225796E-01  3.0548331856E-01 -5.3668033710E-01
  1.0520151192E+00  4.1218718315E-01  5.2393300706E-01  3.1349087024E-01 -5.6761468515E-01
  1.0551987065E+00  3.9678949735E-01  5.0449741802E-01  3.2154151292E-01 -5.9854693922E-01
  1.0582313015E+00  3.8186854769E-01  4.8466977718E-01  3.2960975520E-01 -6.2941967133E-01
  1.0611526815E+00  3.6744027629E-01  4.6446439183E-01  3.3766929641E-01 -6.6017725046E-01
  1.0640020877E+00  3.5351980961E-01  4.4389575849E-01  3.4569308476E-01 -6.9076375949E-01
  1.0668171693E+00  3.4012122210E-01  4.2297877320E-01  3.5365335224E-01 -7.2112067710E-01
  1.0696331158E+00  3.2725723507E-01  4.0172894489E-01  3.6152164351E-01 -7.5118438704E-01
  1.0724820153E+00  3.1493887393E-01  3.8016257121E-01  3.6926885826E-01 -7.8088359354E-01
  1.0753924567E+00  3.0317512250E-01  3.5829684262E-01  3.7686532424E-01 -8.1013674359E-01
  1.0783893697E+00  2.9197262106E-01  3.3614985388E-01  3.8428091304E-01 -8.3884957897E-01
  1.0814940801E+00  2.8133545363E-01  3.1374051856E-01  3.9148520408E-01 -8.6691295895E-01
  1.0847245496E+00  2.7126506109E-01  2.9108839782E-01  3.9844769522E-01 -8.9420110245E-01
  1.0880957585E+00  2.6176030309E-01  2.6821346639E-01  4.0513805314E-01 -9.2057039421E-01
  1.0916201926E+00  2.5281767846E-01  2.4513584507E-01  4.1152639237E-01 -9.4585888030E-01
  1.0953083931E+00  2.4443170426E-01  2.2187552880E-01  4.1758356974E-01 -9.6988654687E-01
  1.0991695352E+00  2.3659545280E-01  1.9845213452E-01  4.2328147992E-01 -9.9245643417E-01
  1.1032120081E+00  2.2930125763E-01  1.7488468481E-01  4.2859333641E-01 -1.0133565900E+00
  1.1074439724E+00  2.2254163078E-01  1.5119143219E-01  4.3349391962E-01 -1.0323628182E+00
  1.1118738775E+00  2.1631050177E-01  1.2738971563E-01  4.3795976565E-01 -1.0492421324E+00
  1.1165109054E+00  2.1060503961E-01  1.0349581770E-01  4.4196924748E-01 -1.0637567870E+00
  1.1213652335E+00  2.0542869834E-01  7.9524735947E-02  4.4550243607E-01 -1.0756687319E+00
  1.1264476598E+00  2.0079728391E-01  5.5489592127E-02  4.4854040485E-01 -1.0847443205E+00
  1.1317660228E+00  1.9675461031E-01  3.1399465764E-02  4.5106258505E-01 -1.0907591129E+00
  1.1372905649E+00  1.9344160192E-01  7.2450690096E-03  4.5303075107E-01 -1.0935026934E+00
  1.1382043501E+00  1.9306445530E-01  9.2268708594E-04  4.5329072636E-01 -1.0936544739E+00
</Path of -GradDelSqRho>
<Path of -GradDelSqRho>
Starting CP# =     14
Ending CP# =      9
Number of Points =     53
  8.0628206349E-01  1.0372149301E+00 -8.5162614515E-01  1.5900721345E-01  2.0771081400E-02
  7.9469501467E-01  1.0593294765E+00 -8.5035764710E-01  1.5825322037E-01  2.0196603668E-02
  7.8302305249E-01  1.0813267036E+00 -8.4816360579E-01  1.5778074661E-01  1.8488282553E-02
  7.7128207393E-01  1.1031745426E+00 -8.4504155747E-01  1.5758858391E-01  1.5664541784E-02
  7.5948808835E-01  1.1248410493E+00 -8.4099310361E-01  1.5767513679E-01  1.1737605076E-02
  7.4765708998E-01  1.1462947636E+00 -8.3602405766E-01  1.5803839382E-01  6.7129672858E-03
  7.3580490325E-01  1.1675051911E+00 -8.3014443926E-01  1.5867590272E-01  5.8900614431E-04
  7.2394701545E-01  1.1884432626E+00 -8.2336835866E-01  1.5958474940E-01 -6.6432702186E-03
  7.1209840440E-01  1.2090817529E+00 -8.1571379682E-01  1.6076154085E-01 -1.5000342841E-02
  7.0027336901E-01  1.2293956394E+00 -8.0720229294E-01  1.6220239136E-01 -2.4506168592E-02
  6.8848537046E-01  1.2493623896E+00 -7.9785855512E-01  1.6390291076E-01 -3.5192030489E-02
  6.7674689086E-01  1.2689621667E+00 -7.8771001329E-01  1.6585819361E-01 -4.7096244593E-02
  6.6506931566E-01  1.2881779516E+00 -7.7678633455E-01  1.6806280751E-01 -6.0263712969E-02
  6.5346284414E-01  1.3069955821E+00 -7.6511892145E-01  1.7051077919E-01 -7.4745309349E-02
  6.4193643119E-01  1.3254037150E+00 -7.5274041210E-01  1.7319557688E-01 -9.0597082248E-02
  6.3049776129E-01  1.3433937221E+00 -7.3968419896E-01  1.7611008778E-01 -1.0787925962E-01
  6.1915325420E-01  1.3609595287E+00 -7.2598397997E-01  1.7924658999E-01 -1.2665503990E-01
  6.0790810003E-01  1.3780974101E+00 -7.1167335232E-01  1.8259671840E-01 -1.4698915676E-01
  5.9676632025E-01  1.3948057571E+00 -6.9678545587E-01  1.8615142493E-01 -1.6894620900E-01
  5.8573085016E-01  1.4110848241E+00 -6.8135266982E-01  1.8990093373E-01 -1.9258875288E-01
  5.7480363772E-01  1.4269364685E+00 -6.6540636340E-01  1.9383469245E-01 -2.1797516200E-01
  5.6398575391E-01  1.4423638935E+00 -6.4897669912E-01  1.9794132136E-01 -2.4515726877E-01
  5.5327750953E-01  1.4573713983E+00 -6.3209248525E-01  2.0220856220E-01 -2.7417781236E-01
  5.4267857430E-01  1.4719641440E+00 -6.1478107277E-01  2.0662322894E-01 -3.0506772976E-01
  5.3218809439E-01  1.4861479370E+00 -5.9706829180E-01  2.1117116296E-01 -3.3784333864E-01
  5.2180480588E-01  1.4999290329E+00 -5.7897842155E-01  2.1583719495E-01 -3.7250347358E-01
  5.1152714174E-01  1.5133139624E+00 -5.6053418851E-01  2.2060511605E-01 -4.0902664877E-01
  5.0135333137E-01  1.5263093784E+00 -5.4175678733E-01  2.2545766034E-01 -4.4736833125E-01
  4.9128149198E-01  1.5389219243E+00 -5.2266591975E-01  2.3037650081E-01 -4.8745841699E-01
  4.8130971188E-01  1.5511581234E+00 -5.0327984696E-01  2.3534226060E-01 -5.2919900780E-01
  4.7143612615E-01  1.5630242859E+00 -4.8361545178E-01  2.4033454080E-01 -5.7246258889E-01
  4.6165898560E-01  1.5745264339E+00 -4.6368830712E-01  2.4533196611E-01 -6.1709070403E-01
  4.5197672013E-01  1.5856702412E+00 -4.4351274786E-01  2.5031224897E-01 -6.6289321828E-01
  4.4238799806E-01  1.5964609862E+00 -4.2310194346E-01  2.5525227265E-01 -7.0964824528E-01
  4.3289178286E-01  1.6069035150E+00 -4.0246796893E-01  2.6012819331E-01 -7.5710279922E-01
  4.2348738948E-01  1.6170022104E+00 -3.8162187169E-01  2.6491556110E-01 -8.0497421011E-01
  4.1417454237E-01  1.6267609634E+00 -3.6057373208E-01  2.6958945955E-01 -8.5295231614E-01
  4.0495343822E-01  1.6361831408E+00 -3.3933271474E-01  2.7412466307E-01 -9.0070242046E-01
  3.9582481687E-01  1.6452715406E+00 -3.1790710780E-01  2.7849581164E-01 -9.4786897295E-01
  3.8679004566E-01  1.6540283241E+00 -2.9630434630E-01  2.8267760223E-01 -9.9407991157E-01
  3.7785122402E-01  1.6624549098E+00 -2.7453101485E-01  2.8664499620E-01 -1.0389515753E+00
  3.6901131893E-01  1.6705518072E+00 -2.5259282309E-01  2.9037344237E-01 -1.0820940821E+00
  3.6027434707E-01  1.6783183574E+00 -2.3049454470E-01  2.9383911605E-01 -1.1231170516E+00
  3.5164562941E-01  1.6857523316E+00 -2.0823990600E-01  2.9701917497E-01 -1.1616355451E+00
  3.4313216059E-01  1.6928493072E+00 -1.8583140230E-01  2.9989203567E-01 -1.1972760929E+00
  3.3474316798E-01  1.6996016879E+00 -1.6327000513E-01  3.0243767779E-01 -1.2296826848E+00
  3.2649099942E-01  1.7059971222E+00 -1.4055469491E-01  3.0463799304E-01 -1.2585226091E+00
  3.1839262036E-01  1.7120158459E+00 -1.1768169343E-01  3.0647721595E-01 -1.2834920471E+00
  3.1047234412E-01  1.7176259249E+00 -9.4643132318E-02  3.0794252309E-01 -1.3043213629E+00
  3.0276738738E-01  1.7227738993E+00 -7.1424530851E-02  3.0902502456E-01 -1.3207800961E+00
  2.9534121622E-01  1.7273634957E+00 -4.7999297557E-02  3.0972183136E-01 -1.3326818221E+00
