 AIMInt (Version 19.10.12, Professional)
 Portions Copyright (c) 1997-2019 by Todd A. Keith
 AIMInt is a component of the AIMAll package ( http://aim.tkgristmill.com )

 TP:  64-bit Mac OS X

 AIMInt is a heavily modified and extended version of the PROAIMV program
 developed by members of R.F.W. Bader's research group

 Much of the Quantum Theory of Atoms in Molecules (QTAIM) is described in the book:
   "Atoms in Molecules - A Quantum Theory"
   R.F.W. Bader, Oxford University Press, Oxford, 1990

 For additional references see:  http://aim.tkgristmill.com/references.html

 Current Directory:  /Users/chemlab/Documents/SubstituentCoding/BCP Map Reference/BCPMapReference

 Inp File:  SubH_NHCHO_wb97xd_aug-cc-pvtz_atomicfiles/o4.inp
 Wfx File:  SubH_NHCHO_wb97xd_aug-cc-pvtz.wfx
 Out File:  SubH_NHCHO_wb97xd_aug-cc-pvtz_atomicfiles/o4.int

 Wfx Title:   Title Card Required                                                           
 Job Title:   Title Card Required                                                           
 
<Atom>
O4      
</Atom>
<Nuclei of Molecule>
     6
N1         7.0          -2.0382203524E+00  -2.9671811347E-01   1.9782438105E-05
H2         1.0          -3.5879085240E+00   7.9067544825E-01   1.5521857954E-04
C3         6.0           3.0538729754E-01   7.2918158907E-01   3.8160357782E-05
O4         8.0           2.2476106167E+00  -4.6456324048E-01  -7.3407684208E-05
H5         1.0           2.6813304997E-01   2.8139012485E+00   1.2574025364E-05
H6         1.0          -2.2258907777E+00  -2.1861335130E+00   5.2029655339E-05
</Nuclei of Molecule>
<Total Number of CPs of DelSqRho>
    28
</Total Number of CPs of DelSqRho>
<Number of (3,+3) CPs of DelSqRho>
     5
</Number of (3,+3) CPs of DelSqRho>
<Number of (3,+1) CPs of DelSqRho>
     8
</Number of (3,+1) CPs of DelSqRho>
<Number of (3,-1) CPs of DelSqRho>
     9
</Number of (3,-1) CPs of DelSqRho>
<Number of (3,-3) CPs of DelSqRho>
     6
</Number of (3,-3) CPs of DelSqRho>
<Number of Degenerate CPs of DelSqRho>
     0
</Number of Degenerate CPs of DelSqRho>
<CP of DelSqRho>
CP# = 1       
Type = (3,+3)
Coords =  2.24761010817780E+00 -4.64562960786884E-01 -7.34076503010261E-05
DistFromNuc =  5.8033615836E-07
Rho =  2.9805854968E+02
DelSqRho = -3.3377177346E+06
GradDelSqRho = -9.5237919595E-07  3.3418622252E-06  1.4070167254E-10
HessDelSqRho_EigVals =  1.3273089035E+11  1.3273090460E+11  1.3273090917E+11
HessDelSqRho_EigVec1 =  5.2235380902E-01  8.5272885385E-01  3.1198335379E-06
HessDelSqRho_EigVec2 =  7.6935397492E-05 -5.0786755083E-05  9.9999999575E-01
HessDelSqRho_EigVec3 =  8.5272885039E-01 -5.2235380656E-01 -9.2133688289E-05
</CP of DelSqRho>
<CP of DelSqRho>
CP# = 2       
Type = (3,+3)
Coords =  1.13889166703088E+00  1.92702532570005E-01 -1.05499605685610E-05
DistFromNuc =  1.2888972068E+00
Rho =  4.5347719139E-01
DelSqRho = -1.0936587389E+00
GradDelSqRho = -1.3794521081E-13  8.7041485131E-14  8.0230960764E-18
HessDelSqRho_EigVals =  5.6045205407E+00  5.9749044320E+00  9.4387257492E+00
HessDelSqRho_EigVec1 = -8.9760612155E-05  2.9075131833E-05  9.9999999555E-01
HessDelSqRho_EigVec2 =  9.3002321896E-01 -3.6750075283E-01  9.4164586708E-05
HessDelSqRho_EigVec3 =  3.6750075393E-01  9.3002322327E-01  5.9465448424E-06
</CP of DelSqRho>
<CP of DelSqRho>
CP# = 3       
Type = (3,-1)
Coords =  2.10746756520559E+00 -3.69004282547219E-01 -6.82761878084809E-05
DistFromNuc =  1.6962190112E-01
Rho =  2.2155104129E+01
DelSqRho =  1.2437006023E+03
GradDelSqRho =  1.1368683772E-13 -3.1832314562E-12 -9.7144514655E-16
HessDelSqRho_EigVals = -3.9156298987E+05 -1.0324833289E+03  1.5711929909E+03
HessDelSqRho_EigVec1 =  8.2573260851E-01 -5.6406175047E-01 -3.0002494033E-05
HessDelSqRho_EigVec2 =  5.6406175077E-01  8.2573260885E-01  1.8873147474E-06
HessDelSqRho_EigVec3 =  2.3709475610E-05 -1.8481676641E-05  9.9999999955E-01
</CP of DelSqRho>
<CP of DelSqRho>
CP# = 4       
Type = (3,+1)
Coords =  2.23848617890636E+00 -2.95840395690071E-01 -6.90710318000337E-05
DistFromNuc =  1.6896938699E-01
Rho =  2.2385995238E+01
DelSqRho =  1.2381783805E+03
GradDelSqRho = -2.9558577808E-12  4.9453774409E-12  4.1633363423E-16
HessDelSqRho_EigVals = -4.0235764632E+05  1.5371588414E+03  2.5722856623E+03
HessDelSqRho_EigVec1 = -4.6517732908E-02  9.9891746400E-01  2.5271217512E-05
HessDelSqRho_EigVec2 =  9.9891746432E-01  4.6517732924E-02 -4.8022816721E-08
HessDelSqRho_EigVec3 =  1.2235305772E-06 -2.5241626605E-05  9.9999999968E-01
</CP of DelSqRho>
<CP of DelSqRho>
CP# = 5       
Type = (3,+1)
Coords =  2.09667500665101E+00 -5.40687842731747E-01 -7.00004616998025E-05
DistFromNuc =  1.6904589155E-01
Rho =  2.2373787319E+01
DelSqRho =  1.2354437083E+03
GradDelSqRho =  5.6843418861E-13  5.2295945352E-12  5.2735593670E-16
HessDelSqRho_EigVals = -4.0051277609E+05  1.7580334251E+03  2.7132074154E+03
HessDelSqRho_EigVec1 =  8.8955473536E-01  4.5682860288E-01 -1.9741278266E-05
HessDelSqRho_EigVec2 = -4.5682860295E-01  8.8955473554E-01  7.9076354716E-07
HessDelSqRho_EigVec3 =  1.7922190974E-05  8.3149531129E-06  9.9999999980E-01
</CP of DelSqRho>
<CP of DelSqRho>
CP# = 6       
Type = (3,-3)
Coords =  2.39112987171150E+00 -5.48461670018513E-01 -8.96989898572601E-05
DistFromNuc =  1.6624296470E-01
Rho =  2.2891417031E+01
DelSqRho =  1.3200906800E+03
GradDelSqRho =  7.3896444519E-13  1.8232526600E-11 -5.9813265452E-15
HessDelSqRho_EigVals = -4.7253920703E+05 -3.9591676171E+03 -1.1824196876E+03
HessDelSqRho_EigVec1 =  8.6342173012E-01 -5.0448281081E-01 -9.7682485997E-05
HessDelSqRho_EigVec2 =  5.0448281355E-01  8.6342173404E-01  3.9375101583E-06
HessDelSqRho_EigVec3 =  8.2354775253E-05 -5.2678867203E-05  9.9999999522E-01
</CP of DelSqRho>
<CP of DelSqRho>
CP# = 7       
Type = (3,+1)
Coords =  2.81153638720416E+00 -8.17162793513385E-01  1.14632092156731E-05
DistFromNuc =  6.6508550328E-01
Rho =  8.2405276618E-01
DelSqRho = -2.8299587066E+00
GradDelSqRho = -5.7731597281E-14  3.0198066270E-14  9.7491459350E-16
HessDelSqRho_EigVals = -1.0822563674E+01  7.4975482130E-01  2.4964629118E+02
HessDelSqRho_EigVec1 =  5.2984386949E-01  8.4809520334E-01  5.5066957506E-06
HessDelSqRho_EigVec2 = -1.0628747732E-04  5.9909633199E-05  9.9999999256E-01
HessDelSqRho_EigVec3 =  8.4809519670E-01 -5.2984386613E-01  1.2188465156E-04
</CP of DelSqRho>
<CP of DelSqRho>
CP# = 8       
Type = (3,+1)
Coords =  1.54120855701199E+00 -5.32917917604966E-01 -6.55249385195574E-05
DistFromNuc =  7.0970150897E-01
Rho =  7.6705081119E-01
DelSqRho = -2.3159481755E+00
GradDelSqRho =  1.5987211555E-14 -8.8817841970E-15 -3.0357660830E-18
HessDelSqRho_EigVals = -1.1504093234E+01  5.3848777399E+00  1.6362556134E+02
HessDelSqRho_EigVec1 = -2.0440118517E-01  9.7888720186E-01  3.9329041346E-05
HessDelSqRho_EigVec2 =  1.3096801859E-05 -3.7442556634E-05  9.9999999921E-01
HessDelSqRho_EigVec3 =  9.7888720256E-01  2.0440118552E-01 -5.1669887732E-06
</CP of DelSqRho>
<CP of DelSqRho>
CP# = 9       
Type = (3,+1)
Coords =  1.97426766746384E+00  1.89231341659897E-01 -6.38116409321141E-05
DistFromNuc =  7.0863511316E-01
Rho =  7.7048840470E-01
DelSqRho = -2.3173903421E+00
GradDelSqRho = -3.5527136788E-15 -8.8817841970E-15 -2.6020852140E-18
HessDelSqRho_EigVals = -1.1703108639E+01  4.7521179115E+00  1.6510500771E+02
HessDelSqRho_EigVec1 =  9.5995024508E-01  2.8017052952E-01 -3.7001036394E-05
HessDelSqRho_EigVec2 =  3.7775592658E-05  2.6353483336E-06  9.9999999928E-01
HessDelSqRho_EigVec3 = -2.8017052941E-01  9.5995024579E-01  8.0538045190E-06
</CP of DelSqRho>
<CP of DelSqRho>
CP# = 10      
Type = (3,+3)
Coords =  2.11844191868114E+00 -1.09065022376043E+00 -8.33728349974131E-05
DistFromNuc =  6.3927260482E-01
Rho =  9.4218041643E-01
DelSqRho = -4.3846220359E+00
GradDelSqRho = -5.7731597281E-15  7.1054273576E-14  2.6020852140E-18
HessDelSqRho_EigVals =  1.4491533366E+01  1.4516266697E+01  3.4020883633E+02
HessDelSqRho_EigVec1 =  7.9012741066E-03 -1.6508793826E-03  9.9996742170E-01
HessDelSqRho_EigVec2 =  9.7922350336E-01 -2.0262323456E-01 -8.0718828003E-03
HessDelSqRho_EigVec3 =  2.0262995914E-01  9.7925538008E-01  1.5598176010E-05
</CP of DelSqRho>
<CP of DelSqRho>
CP# = 11      
Type = (3,-1)
Coords =  1.98229029391000E+00 -3.26733257634621E-01  6.54325857479925E-01
DistFromNuc =  7.1946534043E-01
Rho =  6.6993001591E-01
DelSqRho = -1.4576962373E+00
GradDelSqRho = -7.5495165675E-15 -9.1038288019E-15 -3.9079850467E-14
HessDelSqRho_EigVals = -6.4656561512E+00 -6.2215958364E+00  1.4975864779E+02
HessDelSqRho_EigVec1 =  1.0796039265E-01  9.8402622514E-01 -1.4155190513E-01
HessDelSqRho_EigVec2 =  9.3512473643E-01 -5.2182407480E-02  3.5045502373E-01
HessDelSqRho_EigVec3 = -3.3747041489E-01  1.7020394995E-01  9.2582089763E-01
</CP of DelSqRho>
<CP of DelSqRho>
CP# = 12      
Type = (3,-1)
Coords =  1.98225253013215E+00 -3.26706480824396E-01 -6.54448194060357E-01
DistFromNuc =  7.1946213334E-01
Rho =  6.6993754177E-01
DelSqRho = -1.4577603303E+00
GradDelSqRho =  6.6613381478E-15 -1.3322676296E-15  1.7763568394E-14
HessDelSqRho_EigVals = -6.4655997245E+00 -6.2212833908E+00  1.4976247985E+02
HessDelSqRho_EigVec1 =  1.0866003643E-01  9.8398129470E-01  1.4132872380E-01
HessDelSqRho_EigVec2 =  9.3502310898E-01 -5.2894349770E-02 -3.5061941394E-01
HessDelSqRho_EigVec3 =  3.3752745393E-01 -1.7024394100E-01  9.2579275132E-01
</CP of DelSqRho>
<CP of DelSqRho>
CP# = 13      
Type = (3,+3)
Coords =  2.74146919735580E+00 -6.19718842018091E-02 -8.02070819262703E-05
DistFromNuc =  6.3716253650E-01
Rho =  9.5202695240E-01
DelSqRho = -4.4694495239E+00
GradDelSqRho = -4.9737991503E-14 -1.7763568394E-14 -5.2041704279E-18
HessDelSqRho_EigVals =  1.4378434062E+01  1.4835286017E+01  3.5114760464E+02
HessDelSqRho_EigVec1 =  2.9923896206E-04 -3.4898659594E-04  9.9999989433E-01
HessDelSqRho_EigVec2 = -6.3325564052E-01  7.7394255764E-01  4.5959038779E-04
HessDelSqRho_EigVec3 =  7.7394263625E-01  6.3325571113E-01 -1.0596037304E-05
</CP of DelSqRho>
<CP of DelSqRho>
CP# = 14      
Type = (3,+3)
Coords =  1.60641417658769E+00 -7.98298841659979E-02 -4.64016250803643E-05
DistFromNuc =  7.4776509076E-01
Rho =  7.5750110377E-01
DelSqRho = -2.7776926835E+00
GradDelSqRho =  3.7303493627E-14 -3.9523939677E-14  2.0909489418E-14
HessDelSqRho_EigVals =  1.0219921597E+01  1.1649751957E+01  1.1600306248E+02
HessDelSqRho_EigVec1 =  5.1578077463E-01  8.5672060349E-01  9.0340987429E-06
HessDelSqRho_EigVec2 =  2.0337011322E-05 -2.2788687598E-05  9.9999999953E-01
HessDelSqRho_EigVec3 =  8.5672060329E-01 -5.1578077421E-01 -2.9177103555E-05
</CP of DelSqRho>
<CP of DelSqRho>
CP# = 15      
Type = (3,-3)
Coords =  3.25732107613407E+00 -1.07408658017867E+00 -1.39430477420333E-04
DistFromNuc =  1.1794210096E+00
Rho =  2.3352710626E-01
DelSqRho =  6.8120858386E-01
GradDelSqRho =  1.5543122345E-15  9.4368957093E-16 -2.9815559743E-19
HessDelSqRho_EigVals = -1.6145530215E+01 -1.9494016492E-01 -1.0627474614E-01
HessDelSqRho_EigVec1 =  8.5558600521E-01 -5.1766068472E-01 -5.6490579737E-05
HessDelSqRho_EigVec2 =  5.1766068535E-01  8.5558600668E-01 -4.0017890000E-06
HessDelSqRho_EigVec3 =  5.0404118366E-05 -2.5819077558E-05  9.9999999840E-01
</CP of DelSqRho>
<CP of DelSqRho>
CP# = 16      
Type = (3,-3)
Coords =  2.18981276194825E+00  7.42457503160389E-01 -4.90538062755410E-05
DistFromNuc =  1.2084037687E+00
Rho =  2.5742647759E-01
DelSqRho =  7.3158122055E-01
GradDelSqRho = -9.7144514655E-16  8.8817841970E-16  1.8126505071E-19
HessDelSqRho_EigVals = -1.5226438349E+01 -1.3086062349E+00 -3.0182965324E-01
HessDelSqRho_EigVec1 =  1.9967498596E-02  9.9980062948E-01  1.7264506457E-05
HessDelSqRho_EigVec2 =  9.9980062878E-01 -1.9967497868E-02 -4.1398801541E-05
HessDelSqRho_EigVec3 =  4.1045818845E-05 -1.8087694923E-05  9.9999999899E-01
</CP of DelSqRho>
<CP of DelSqRho>
CP# = 17      
Type = (3,+1)
Coords =  2.00736807544983E+00 -1.65067989514659E+00 -8.67374915814857E-05
DistFromNuc =  1.2102021307E+00
Rho =  2.3864106230E-01
DelSqRho =  6.0274098358E-01
GradDelSqRho = -1.3045120539E-15  5.5511151231E-16 -8.4703294725E-21
HessDelSqRho_EigVals = -1.5995078008E+01  8.3590188889E-02  1.8984803898E-01
HessDelSqRho_EigVec1 =  1.9797912177E-01  9.8020623709E-01  1.0849372305E-05
HessDelSqRho_EigVec2 =  3.7624285354E-05 -1.8667699281E-05  9.9999999912E-01
HessDelSqRho_EigVec3 =  9.8020623643E-01 -1.9797912119E-01 -4.0575373879E-05
</CP of DelSqRho>
<CP of DelSqRho>
CP# = 18      
Type = (3,-3)
Coords =  2.13312468119813E+00 -5.28865178138047E-01  1.16245707523854E+00
DistFromNuc =  1.1699226010E+00
Rho =  2.2908175128E-01
DelSqRho =  6.7724961110E-01
GradDelSqRho = -1.9428902931E-16  1.5265566589E-16 -1.2212453271E-15
HessDelSqRho_EigVals = -1.5812829853E+01 -1.9488230768E-01 -8.2377987775E-02
HessDelSqRho_EigVec1 = -9.4760567733E-02 -5.0556746694E-02  9.9421549483E-01
HessDelSqRho_EigVec2 = -6.1795830272E-01  7.8598292550E-01 -1.8930845504E-02
HessDelSqRho_EigVec3 =  7.8047932125E-01  6.1617761740E-01  1.0572214963E-01
</CP of DelSqRho>
<CP of DelSqRho>
CP# = 19      
Type = (3,-3)
Coords =  2.13302463647810E+00 -5.28812349141424E-01 -1.16259723919737E+00
DistFromNuc =  1.1699228836E+00
Rho =  2.2908200080E-01
DelSqRho =  6.7725108541E-01
GradDelSqRho =  2.6367796835E-16  4.4408920985E-16 -1.8873791419E-15
HessDelSqRho_EigVals = -1.5812875027E+01 -1.9488767524E-01 -8.2374480147E-02
HessDelSqRho_EigVec1 =  9.4843916783E-02  5.0512204285E-02  9.9420981119E-01
HessDelSqRho_EigVec2 = -6.1794676155E-01  7.8598993123E-01  1.9016516478E-02
HessDelSqRho_EigVec3 =  7.8047833496E-01  6.1617233403E-01 -1.0576021669E-01
</CP of DelSqRho>
<CP of DelSqRho>
CP# = 20      
Type = (3,-1)
Coords =  2.28725601595333E+00  1.95496490907121E-01  9.81199140898603E-01
DistFromNuc =  1.1832778293E+00
Rho =  2.3745806065E-01
DelSqRho =  6.6252010022E-01
GradDelSqRho =  1.2490009027E-16 -8.3266726847E-16 -4.4408920985E-16
HessDelSqRho_EigVals = -1.5617054540E+01 -2.5373292029E-01  1.5549274955E-01
HessDelSqRho_EigVec1 =  3.7566196437E-02  5.3334626672E-01  8.4506244779E-01
HessDelSqRho_EigVec2 =  9.9844749417E-01  1.4770551208E-02 -5.3706910254E-02
HessDelSqRho_EigVec3 = -4.1126418240E-02  8.4576804775E-01 -5.3196337010E-01
</CP of DelSqRho>
<CP of DelSqRho>
CP# = 21      
Type = (3,-1)
Coords =  2.28717767851790E+00  1.95541470085644E-01 -9.81319034809074E-01
DistFromNuc =  1.1832779733E+00
Rho =  2.3745814802E-01
DelSqRho =  6.6252153614E-01
GradDelSqRho =  8.0491169285E-16  2.7755575616E-16  1.2212453271E-15
HessDelSqRho_EigVals = -1.5617111559E+01 -2.5373072049E-01  1.5549341261E-01
HessDelSqRho_EigVec1 = -3.7500062992E-02 -5.3338506599E-01  8.4504089644E-01
HessDelSqRho_EigVec2 =  9.9845156176E-01  1.4770813696E-02  5.3631165177E-02
HessDelSqRho_EigVec3 = -4.1088004224E-02  8.4574357487E-01  5.3200524571E-01
</CP of DelSqRho>
<CP of DelSqRho>
CP# = 22      
Type = (3,+1)
Coords =  3.23258660834383E+00  2.36067563370175E-01 -8.94443007250478E-05
DistFromNuc =  1.2087436568E+00
Rho =  2.3884762777E-01
DelSqRho =  6.1485019549E-01
GradDelSqRho = -9.0205620751E-15 -5.3290705182E-15  7.4369492769E-19
HessDelSqRho_EigVals = -1.6159344792E+01  4.5645473197E-02  1.7813918824E-01
HessDelSqRho_EigVec1 =  8.1668645579E-01  5.7708165171E-01 -1.3392735283E-05
HessDelSqRho_EigVec2 =  3.2554688603E-05 -2.2863728112E-05  9.9999999921E-01
HessDelSqRho_EigVec3 = -5.7708165095E-01  8.1668645558E-01  3.7459210548E-05
</CP of DelSqRho>
<CP of DelSqRho>
CP# = 23      
Type = (3,-3)
Coords =  1.15223383964658E+00 -9.79666271535115E-01 -5.42026787713185E-05
DistFromNuc =  1.2104467839E+00
Rho =  2.5667175988E-01
DelSqRho =  7.0066577283E-01
GradDelSqRho =  2.6645352591E-15 -3.2196467714E-15 -6.8440262138E-19
HessDelSqRho_EigVals = -1.4907558840E+01 -1.1897395086E+00 -1.3598740874E-01
HessDelSqRho_EigVec1 =  8.7370589204E-01  4.8645453441E-01 -1.2886638611E-05
HessDelSqRho_EigVec2 = -4.8645453361E-01  8.7370589166E-01  4.0067515050E-05
HessDelSqRho_EigVec3 =  3.0750156457E-05 -2.8738460203E-05  9.9999999911E-01
</CP of DelSqRho>
<CP of DelSqRho>
CP# = 24      
Type = (3,+1)
Coords =  1.19412134023608E+00  1.62749885545999E-01 -1.41068584706947E-05
DistFromNuc =  1.2261163963E+00
Rho =  4.7055479790E-01
DelSqRho = -1.0898838310E+00
GradDelSqRho = -1.7208456882E-15  2.4424906542E-15 -1.3010426070E-18
HessDelSqRho_EigVals = -5.5183994935E+00  6.9059599115E+00  1.0434645090E+01
HessDelSqRho_EigVec1 =  8.6792579991E-01 -4.9669387262E-01 -5.2485097553E-05
HessDelSqRho_EigVec2 =  4.5193647238E-05 -2.6697259182E-05  9.9999999862E-01
HessDelSqRho_EigVec3 =  4.9669387334E-01  8.6792580108E-01  7.2383236604E-07
</CP of DelSqRho>
<CP of DelSqRho>
CP# = 25      
Type = (3,-1)
Coords =  1.61942570374056E+00 -8.01256000393262E-01  9.44814701804516E-01
DistFromNuc =  1.1835505223E+00
Rho =  2.3894665803E-01
DelSqRho =  6.7131538171E-01
GradDelSqRho =  4.9737991503E-14  2.7866597918E-14 -9.6755936596E-14
HessDelSqRho_EigVals = -1.5587697494E+01 -3.5279405417E-01  8.3579306016E-02
HessDelSqRho_EigVec1 = -5.0286396107E-01 -2.8196373787E-01  8.1708279090E-01
HessDelSqRho_EigVec2 = -4.1859965604E-01  9.0649202832E-01  5.5195385362E-02
HessDelSqRho_EigVec3 =  7.5624213359E-01  3.1427480511E-01  5.7387209573E-01
</CP of DelSqRho>
<CP of DelSqRho>
CP# = 26      
Type = (3,-1)
Coords =  1.61935554115065E+00 -8.01205158648804E-01 -9.44933372768556E-01
DistFromNuc =  1.1835508331E+00
Rho =  2.3894669849E-01
DelSqRho =  6.7131752989E-01
GradDelSqRho =  3.8913317013E-14  1.8984813721E-14  7.2719608113E-14
HessDelSqRho_EigVals = -1.5587772413E+01 -3.5279407755E-01  8.3573690443E-02
HessDelSqRho_EigVec1 =  5.0292389293E-01  2.8192098269E-01  8.1706065714E-01
HessDelSqRho_EigVec2 = -4.1860331812E-01  9.0649507394E-01 -5.5117537863E-02
HessDelSqRho_EigVec3 =  7.5620025124E-01  3.1430437547E-01 -5.7391109031E-01
</CP of DelSqRho>
<CP of DelSqRho>
CP# = 27      
Type = (3,-1)
Coords =  2.88344889851727E+00 -8.55210535606069E-01  9.16341761329247E-01
DistFromNuc =  1.1818258721E+00
Rho =  2.2560809751E-01
DelSqRho =  6.5797792917E-01
GradDelSqRho = -3.5527136788E-15  3.6082248300E-16 -6.4948046941E-15
HessDelSqRho_EigVals = -1.5654196641E+01 -1.1180291458E-01  1.0475034509E-01
HessDelSqRho_EigVec1 =  5.3149689786E-01 -3.2682585266E-01  7.8147035107E-01
HessDelSqRho_EigVec2 =  5.0423126862E-01  8.6337808596E-01  1.8141346002E-02
HessDelSqRho_EigVec3 =  6.8063343681E-01 -3.8439971739E-01 -6.2367858867E-01
</CP of DelSqRho>
<CP of DelSqRho>
CP# = 28      
Type = (3,-1)
Coords =  2.88337538265538E+00 -8.55166542565088E-01 -9.16557328253724E-01
DistFromNuc =  1.1818250945E+00
Rho =  2.2560785141E-01
DelSqRho =  6.5797868962E-01
GradDelSqRho = -3.3306690739E-15  2.1371793224E-15  8.1046280798E-15
HessDelSqRho_EigVals = -1.5654163143E+01 -1.1180471202E-01  1.0475337303E-01
HessDelSqRho_EigVec1 = -5.3143488111E-01  3.2678857405E-01  7.8152811530E-01
HessDelSqRho_EigVec2 =  5.0423247727E-01  8.6337745565E-01 -1.8137749261E-02
HessDelSqRho_EigVec3 =  6.8068096493E-01 -3.8443282501E-01  6.2360630773E-01
</CP of DelSqRho>
<Path of -GradDelSqRho>
Starting CP# =      4
Ending CP# =     13
Number of Points =     43
  2.2384861789E+00 -2.9584039569E-01 -6.9071031800E-05  2.2385995238E+01  1.2381783805E+03
  2.2373642331E+00 -2.7086559311E-01 -6.8441407870E-05  1.5492927824E+01  1.1570734603E+03
  2.2362805049E+00 -2.4588909370E-01 -6.7813791414E-05  1.0817456986E+01  9.8716330669E+02
  2.2352053610E+00 -2.2091222336E-01 -6.7186627498E-05  7.6564862774E+00  7.7848402833E+02
  2.2341531136E+00 -1.9593437962E-01 -6.6560677909E-05  5.5278906881E+00  5.7758970544E+02
  2.2331468720E+00 -1.7095464392E-01 -6.5937172684E-05  4.0958104454E+00  4.1332288996E+02
  2.2322108786E+00 -1.4597218304E-01 -6.5317411871E-05  3.1303709160E+00  2.9063825828E+02
  2.2313682349E+00 -1.2098640604E-01 -6.4702648654E-05  2.4772039286E+00  2.0226759873E+02
  2.2306385762E+00 -9.5997080984E-02 -6.4093965774E-05  2.0332302456E+00  1.3898142351E+02
  2.2300388645E+00 -7.1004307055E-02 -6.3492315727E-05  1.7292312031E+00  9.3599255773E+01
  2.2295882388E+00 -4.6008411673E-02 -6.2898781249E-05  1.5183712764E+00  6.1261394055E+01
  2.2293142410E+00 -2.1009976090E-02 -6.2314917936E-05  1.3689091741E+00  3.8626486408E+01
  2.2292586007E+00  3.9898620795E-03 -6.1743083863E-05  1.2594860902E+00  2.3198528031E+01
  2.2294834169E+00  2.8988681043E-02 -6.1186804629E-05  1.1759321996E+00  1.3001978576E+01
  2.2300799531E+00  5.3981255616E-02 -6.0651302890E-05  1.1090133446E+00  6.4729506818E+00
  2.2311833393E+00  7.8956306308E-02 -6.0144393076E-05  1.0528231082E+00  2.4194018314E+00
  2.2330000627E+00  1.0388899677E-01 -5.9678169303E-05  1.0036567848E+00 -2.1474001748E-02
  2.2358676805E+00  1.2872117019E-01 -5.9272709605E-05  9.5926320883E-01 -1.4423147724E+00
  2.2404123414E+00  1.5329642493E-01 -5.8966038118E-05  9.1843326168E-01 -2.2316240489E+00
  2.2480623618E+00  1.7706008445E-01 -5.8848234114E-05  8.8114501434E-01 -2.6360683195E+00
  2.2626556078E+00  1.9702590414E-01 -5.9189525329E-05  8.5143489236E-01 -2.8184101273E+00
  2.2862083974E+00  2.0403336044E-01 -6.0276330205E-05  8.4209981465E-01 -2.9162014806E+00
  2.3110561156E+00  2.0161937676E-01 -6.1594329558E-05  8.4624160689E-01 -3.0074117492E+00
  2.3355199148E+00  1.9648970573E-01 -6.2906609707E-05  8.5340499651E-01 -3.1017472901E+00
  2.3597024599E+00  1.9015570906E-01 -6.4189499712E-05  8.6123027660E-01 -3.1989314476E+00
  2.3836303954E+00  1.8291775201E-01 -6.5441404316E-05  8.6920997389E-01 -3.2981729573E+00
  2.4072914901E+00  1.7484982872E-01 -6.6662899510E-05  8.7718725980E-01 -3.3986103022E+00
  2.4306644583E+00  1.6598162032E-01 -6.7854370142E-05  8.8507498262E-01 -3.4993474121E+00
  2.4537266781E+00  1.5633402207E-01 -6.9015728678E-05  8.9280013134E-01 -3.5994659348E+00
  2.4764559216E+00  1.4592610328E-01 -7.0146425011E-05  9.0029323921E-01 -3.6980358324E+00
  2.4988306157E+00  1.3477633445E-01 -7.1245475246E-05  9.0748708672E-01 -3.7941265586E+00
  2.5208297491E+00  1.2290269773E-01 -7.2311466384E-05  9.1431731294E-01 -3.8868190429E+00
  2.5424327045E+00  1.1032263028E-01 -7.3342529294E-05  9.2072335117E-01 -3.9752182992E+00
  2.5636190909E+00  9.7052991737E-02 -7.4336274361E-05  9.2664933313E-01 -4.0584663494E+00
  2.5843685969E+00  8.3110086847E-02 -7.5289678579E-05  9.3204487348E-01 -4.1357550983E+00
  2.6046608757E+00  6.8509738399E-02 -7.6198901935E-05  9.3686571108E-01 -4.2063387787E+00
  2.6244754612E+00  5.3267397571E-02 -7.7058990388E-05  9.4107420338E-01 -4.2695455903E+00
  2.6437917146E+00  3.7398277524E-02 -7.7863380440E-05  9.4463967986E-01 -4.3247881829E+00
  2.6625887950E+00  2.0917497527E-02 -7.8603023777E-05  9.4753866493E-01 -4.3715726795E+00
  2.6808456514E+00  3.8402274973E-03 -7.9264699480E-05  9.4975498260E-01 -4.4095059844E+00
  2.6985410268E+00 -1.3818174043E-02 -7.9827304124E-05  9.5127975552E-01 -4.4383011902E+00
  2.7156534738E+00 -3.2042032652E-02 -8.0251759348E-05  9.5211130942E-01 -4.4577809593E+00
  2.7414691974E+00 -6.1971884202E-02 -8.0207081926E-05  9.5202695240E-01 -4.4694495239E+00
</Path of -GradDelSqRho>
<Path of -GradDelSqRho>
Starting CP# =      4
Ending CP# =      1
Number of Points =      7
  2.2384861789E+00 -2.9584039569E-01 -6.9071031800E-05  2.2385995238E+01  1.2381783805E+03
  2.2397000583E+00 -3.2081089012E-01 -6.9705492559E-05  3.2579815529E+01  9.9327088631E+02
  2.2409947615E+00 -3.4577733728E-01 -7.0344206520E-05  4.7759199056E+01 -7.4532493848E+02
  2.2423255364E+00 -3.7074189219E-01 -7.0984819141E-05  7.0297311809E+01 -6.2659752453E+03
  2.2436815110E+00 -3.9570508894E-01 -7.1626759869E-05  1.0372069375E+02 -2.0191662581E+04
  2.2450802528E+00 -4.2066592715E-01 -7.2270957155E-05  1.5385407113E+02 -7.3808282811E+04
  2.2476101082E+00 -4.6456296079E-01 -7.3407650301E-05  2.9805854968E+02 -3.3377177346E+06
</Path of -GradDelSqRho>
<Path of -GradDelSqRho>
Starting CP# =      5
Ending CP# =      1
Number of Points =      7
  2.0966750067E+00 -5.4068784273E-01 -7.0000461700E-05  2.2373787319E+01  1.2354437083E+03
  2.1189365207E+00 -5.2931137005E-01 -7.0496810025E-05  3.2556274516E+01  9.9172937015E+02
  2.1412338682E+00 -5.1800526345E-01 -7.0997634009E-05  4.7717616068E+01 -7.4001997365E+02
  2.1635471477E+00 -5.0673062264E-01 -7.1500457847E-05  7.0228492301E+01 -6.2469845125E+03
  2.1858714600E+00 -4.9547784748E-01 -7.2004672296E-05  1.0360915244E+02 -2.0121346968E+04
  2.2082144900E+00 -4.8426228083E-01 -7.2511254713E-05  1.5367953429E+02 -7.3564951102E+04
  2.2476101082E+00 -4.6456296079E-01 -7.3407650301E-05  2.9805854968E+02 -3.3377177346E+06
</Path of -GradDelSqRho>
<Path of -GradDelSqRho>
Starting CP# =      5
Ending CP# =     10
Number of Points =     42
  2.0966750067E+00 -5.4068784273E-01 -7.0000461700E-05  2.2373787319E+01  1.2354437083E+03
  2.0744543875E+00 -5.5214400429E-01 -6.9509187378E-05  1.5487656149E+01  1.1546172873E+03
  2.0522507552E+00 -5.6363307321E-01 -6.9020006311E-05  1.0816407549E+01  9.8506276749E+02
  2.0300509821E+00 -5.7512959712E-01 -6.8531300260E-05  7.6579265115E+00  7.7673214037E+02
  2.0078615553E+00 -5.8664607422E-01 -6.8043875402E-05  5.5306817377E+00  5.7618914847E+02
  1.9856929299E+00 -5.9820253460E-01 -6.7559025114E-05  4.0992132435E+00  4.1223475186E+02
  1.9635561919E+00 -6.0981994790E-01 -6.7078116365E-05  3.1339204029E+00  2.8979803967E+02
  1.9414620980E+00 -6.2151824484E-01 -6.6602467954E-05  2.4806161577E+00  2.0161422220E+02
  1.9194200571E+00 -6.3331431399E-01 -6.6133222057E-05  2.0363375852E+00  1.3846904482E+02
  1.8974385112E+00 -6.4522271855E-01 -6.5671388751E-05  1.7319407739E+00  9.3195975176E+01
  1.8755272329E+00 -6.5725990252E-01 -6.5218122352E-05  1.5206392482E+00  6.0944269330E+01
  1.8537004191E+00 -6.6944953451E-01 -6.4775085069E-05  1.3707244676E+00  3.8377643504E+01
  1.8319798460E+00 -6.8182740971E-01 -6.4344799724E-05  1.2608593905E+00  2.3003225124E+01
  1.8103986554E+00 -6.9444659269E-01 -6.3931044675E-05  1.1768881804E+00  1.2847926252E+01
  1.7890072260E+00 -7.0738457496E-01 -6.3539429561E-05  1.1095851762E+00  6.3500972573E+00
  1.7678836854E+00 -7.2075492749E-01 -6.3178367998E-05  1.0530489028E+00  2.3197536227E+00
  1.7471549265E+00 -7.3472835536E-01 -6.2860906363E-05  1.0035780208E+00 -1.0411826748E-01
  1.7270455260E+00 -7.4957648232E-01 -6.2608711788E-05  9.5892599414E-01 -1.5126943563E+00
  1.7080187262E+00 -7.6578008967E-01 -6.2462696434E-05  9.1789672153E-01 -2.2933737784E+00
  1.6913176899E+00 -7.8433251177E-01 -6.2518711393E-05  8.8052119826E-01 -2.6921441947E+00
  1.6816075485E+00 -8.0706331205E-01 -6.3050483042E-05  8.5107867410E-01 -2.8718911700E+00
  1.6875569081E+00 -8.3092935116E-01 -6.4275641020E-05  8.4215177863E-01 -2.9698701182E+00
  1.7020294214E+00 -8.5127331234E-01 -6.5669256259E-05  8.4628579817E-01 -3.0611824404E+00
  1.7186205436E+00 -8.6996907986E-01 -6.7036914393E-05  8.5332161107E-01 -3.1548536527E+00
  1.7361063136E+00 -8.8783426418E-01 -6.8364603059E-05  8.6095487075E-01 -3.2505677950E+00
  1.7542438156E+00 -9.0503794289E-01 -6.9652660642E-05  8.6868413187E-01 -3.3475228676E+00
  1.7729640899E+00 -9.2160572460E-01 -7.0902141058E-05  8.7635409540E-01 -3.4448544007E+00
  1.7922316249E+00 -9.3753381450E-01 -7.2113599176E-05  8.8387889916E-01 -3.5416707744E+00
  1.8120177878E+00 -9.5281291798E-01 -7.3287026504E-05  8.9118735390E-01 -3.6370660452E+00
  1.8322957572E+00 -9.6743305007E-01 -7.4421893318E-05  8.9821262835E-01 -3.7301311982E+00
  1.8530396009E+00 -9.8138432748E-01 -7.5517170113E-05  9.0489102737E-01 -3.8199659315E+00
  1.8742241103E+00 -9.9465694869E-01 -7.6571313194E-05  9.1116256997E-01 -3.9056911017E+00
  1.8958247334E+00 -1.0072410470E+00 -7.7582209566E-05  9.1697183779E-01 -3.9864615852E+00
  1.9178174902E+00 -1.0191265618E+00 -7.8547070921E-05  9.2226876655E-01 -4.0614791969E+00
  1.9401788577E+00 -1.0303031557E+00 -7.9462255222E-05  9.2700930775E-01 -4.1300052808E+00
  1.9628856346E+00 -1.0407601783E+00 -8.0322973518E-05  9.3115594595E-01 -4.1913725795E+00
  1.9859147963E+00 -1.0504866696E+00 -8.1122797135E-05  9.3467807381E-01 -4.2449960183E+00
  2.0092433497E+00 -1.0594713935E+00 -8.1852783519E-05  9.3755223376E-01 -4.2903820766E+00
  2.0328481953E+00 -1.0677028911E+00 -8.2499787048E-05  9.3976223792E-01 -4.3271364741E+00
  2.0567059999E+00 -1.0751695470E+00 -8.3042738966E-05  9.4129917852E-01 -4.3549699626E+00
  2.0807930830E+00 -1.0818596604E+00 -8.3442490719E-05  9.4216134013E-01 -4.3737020835E+00
  2.1184419187E+00 -1.0906502238E+00 -8.3372834997E-05  9.4218041643E-01 -4.3846220359E+00
</Path of -GradDelSqRho>
<Path of -GradDelSqRho>
Starting CP# =      7
Ending CP# =     13
Number of Points =     33
  2.8115363872E+00 -8.1716279351E-01  1.1463209216E-05  8.2405276618E-01 -2.8299587066E+00
  2.8195761237E+00 -8.0347520025E-01  1.1483215720E-05  8.2453730856E-01 -2.8313164703E+00
  2.8319336343E+00 -7.8186928851E-01  1.1417322362E-05  8.2479210691E-01 -2.8389455295E+00
  2.8432221218E+00 -7.5956508117E-01  1.1119167969E-05  8.2590323621E-01 -2.8532976296E+00
  2.8535610129E+00 -7.3680513292E-01  1.0616561471E-05  8.2750736335E-01 -2.8742719938E+00
  2.8629338482E+00 -7.1363061481E-01  9.9107473102E-06  8.2959478859E-01 -2.9017347266E+00
  2.8713266447E+00 -6.9008343155E-01  9.0034022988E-06  8.3215247030E-01 -2.9355069456E+00
  2.8787279348E+00 -6.6620602724E-01  7.8966194553E-06  8.3516402801E-01 -2.9753646091E+00
  2.8851287877E+00 -6.4204118937E-01  6.5928874041E-06  8.3860974970E-01 -3.0210383289E+00
  2.8905228116E+00 -6.1763185302E-01  5.0950655088E-06  8.4246660559E-01 -3.0722132092E+00
  2.8949061365E+00 -5.9302090724E-01  3.4063547760E-06  8.4670827136E-01 -3.1285287629E+00
  2.8982773779E+00 -5.6825100582E-01  1.5302645224E-06  8.5130516425E-01 -3.1895789661E+00
  2.9006375808E+00 -5.4336438458E-01 -5.2942523056E-07  8.5622449602E-01 -3.2549125203E+00
  2.9019901446E+00 -5.1840268745E-01 -2.7687057221E-06  8.6143034697E-01 -3.3240334021E+00
  2.9023407290E+00 -4.9340680385E-01 -5.1833859379E-06  8.6688376581E-01 -3.3964017844E+00
  2.9016971431E+00 -4.6841671927E-01 -7.7691438944E-06  8.7254290014E-01 -3.4714354224E+00
  2.9000692169E+00 -4.4347138169E-01 -1.0521583187E-05  8.7836316242E-01 -3.5485115970E+00
  2.8974686589E+00 -4.1860858548E-01 -1.3436295552E-05  8.8429743573E-01 -3.6269697105E+00
  2.8939089016E+00 -3.9386487467E-01 -1.6508930654E-05  8.9029632355E-01 -3.7061146209E+00
  2.8894049370E+00 -3.6927546676E-01 -1.9735274987E-05  8.9630844641E-01 -3.7852207965E+00
  2.8839731470E+00 -3.4487419786E-01 -2.3111342881E-05  9.0228078750E-01 -3.8635373509E+00
  2.8776311302E+00 -3.2069348916E-01 -2.6633484314E-05  9.0815908748E-01 -3.9402940009E+00
  2.8703975310E+00 -2.9676433413E-01 -3.0298516968E-05  9.1388828761E-01 -4.0147079638E+00
  2.8622918740E+00 -2.7311630510E-01 -3.4103894547E-05  9.1941301794E-01 -4.0859917733E+00
  2.8533344059E+00 -2.4977757725E-01 -3.8047931186E-05  9.2467812606E-01 -4.1533619627E+00
  2.8435459514E+00 -2.2677496745E-01 -4.2130115895E-05  9.2962923980E-01 -4.2160485217E+00
  2.8329477812E+00 -2.0413398512E-01 -4.6351577967E-05  9.3421335627E-01 -4.2733049923E+00
  2.8215614975E+00 -1.8187889212E-01 -5.0715819690E-05  9.3837944823E-01 -4.3244190332E+00
  2.8094089348E+00 -1.6003276882E-01 -5.5229957281E-05  9.4207907803E-01 -4.3687232417E+00
  2.7965120774E+00 -1.3861758400E-01 -5.9907026144E-05  9.4526700952E-01 -4.4056059956E+00
  2.7828929910E+00 -1.1765426666E-01 -6.4770843418E-05  9.4790180772E-01 -4.4345220492E+00
  2.7685737677E+00 -9.7162778831E-02 -6.9868475860E-05  9.4994641699E-01 -4.4550026040E+00
  2.7414691974E+00 -6.1971884202E-02 -8.0207081926E-05  9.5202695240E-01 -4.4694495239E+00
</Path of -GradDelSqRho>
<Path of -GradDelSqRho>
Starting CP# =      7
Ending CP# =     10
Number of Points =     33
  2.8115363872E+00 -8.1716279351E-01  1.1463209216E-05  8.2405276618E-01 -2.8299587066E+00
  2.8027622069E+00 -8.3038784729E-01  1.1308432166E-05  8.2448025639E-01 -2.8313153566E+00
  2.7887647707E+00 -8.5096855594E-01  1.0968592267E-05  8.2464303156E-01 -2.8389344600E+00
  2.7736707648E+00 -8.7089539055E-01  1.0395880864E-05  8.2565994934E-01 -2.8532552417E+00
  2.7577514600E+00 -8.9016930682E-01  9.6195610934E-06  8.2716592136E-01 -2.8741632497E+00
  2.7410368544E+00 -9.0875775888E-01  8.6411905916E-06  8.2914974769E-01 -2.9015103402E+00
  2.7235586541E+00 -9.2663013167E-01  7.4627529336E-06  8.3159688802E-01 -2.9351025374E+00
  2.7053501144E+00 -9.4375785760E-01  6.0866399741E-06  8.3448946724E-01 -2.9746996927E+00
  2.6864458705E+00 -9.6011451703E-01  4.5156299382E-06  8.3780628656E-01 -3.0200151751E+00
  2.6668817610E+00 -9.7567592159E-01  2.7528614852E-06  8.4152284291E-01 -3.0707156434E+00
  2.6466946460E+00 -9.9042017899E-01  8.0180383329E-07  8.4561135979E-01 -3.1264209612E+00
  2.6259222201E+00 -1.0043277383E+00 -1.3337770028E-06  8.5004083318E-01 -3.1867043223E+00
  2.6046028240E+00 -1.0173814149E+00 -3.6498558315E-06  8.5477709668E-01 -3.2510926654E+00
  2.5827752560E+00 -1.0295663944E+00 -6.1421897706E-06  8.5978291030E-01 -3.3190674614E+00
  2.5604785859E+00 -1.0408702143E+00 -8.8063636687E-06  8.6501807762E-01 -3.3900659641E+00
  2.5377519733E+00 -1.0512827255E+00 -1.1637839632E-05  8.7043959618E-01 -3.4634830160E+00
  2.5146344939E+00 -1.0607960303E+00 -1.4632010986E-05  8.7600184566E-01 -3.5386735037E+00
  2.4911649750E+00 -1.0694044020E+00 -1.7784261259E-05  8.8165681827E-01 -3.6149555498E+00
  2.4673818437E+00 -1.0771041838E+00 -2.1090029191E-05  8.8735439481E-01 -3.6916145230E+00
  2.4433229902E+00 -1.0838936716E+00 -2.4544881381E-05  8.9304266907E-01 -3.7679079311E+00
  2.4190256469E+00 -1.0897729823E+00 -2.8144595246E-05  8.9866832192E-01 -3.8430712428E+00
  2.3945262865E+00 -1.0947439107E+00 -3.1885256509E-05  9.0417704471E-01 -3.9163246595E+00
  2.3698605394E+00 -1.0988097795E+00 -3.5763378139E-05  9.0951401019E-01 -3.9868808246E+00
  2.3450631306E+00 -1.1019752856E+00 -3.9776052056E-05  9.1462438689E-01 -4.0539534255E+00
  2.3201678358E+00 -1.1042463473E+00 -4.3921152803E-05  9.1945389153E-01 -4.1167666007E+00
  2.2952074572E+00 -1.1056299557E+00 -4.8197626972E-05  9.2394937206E-01 -4.1745650278E+00
  2.2702138146E+00 -1.1061340337E+00 -5.2605931285E-05  9.2805941274E-01 -4.2266245226E+00
  2.2452177528E+00 -1.1057673052E+00 -5.7148745189E-05  9.3173495158E-01 -4.2722629477E+00
  2.2202491616E+00 -1.1045391755E+00 -6.1832235618E-05  9.3492989995E-01 -4.3108511891E+00
  2.1953370061E+00 -1.1024596245E+00 -6.6668573705E-05  9.3760175399E-01 -4.3418239376E+00
  2.1705093656E+00 -1.0995391105E+00 -7.1681849845E-05  9.3971218761E-01 -4.3646899916E+00
  2.1457934809E+00 -1.0957884851E+00 -7.6926556512E-05  9.4122761755E-01 -4.3790417887E+00
  2.1184419187E+00 -1.0906502238E+00 -8.3372834997E-05  9.4218041643E-01 -4.3846220359E+00
</Path of -GradDelSqRho>
<Path of -GradDelSqRho>
Starting CP# =      8
Ending CP# =     14
Number of Points =     19
  1.5412085570E+00 -5.3291791760E-01 -6.5524938520E-05  7.6705081119E-01 -2.3159481755E+00
  1.5368368875E+00 -5.1011204304E-01 -6.4606758847E-05  7.6489401096E-01 -2.3189999568E+00
  1.5329735942E+00 -4.8541366891E-01 -6.3607483232E-05  7.6293382915E-01 -2.3288424270E+00
  1.5299872857E+00 -4.6059398153E-01 -6.2597912597E-05  7.6132244647E-01 -2.3449885421E+00
  1.5278811100E+00 -4.3568416596E-01 -6.1578994689E-05  7.6002967933E-01 -2.3668272796E+00
  1.5266588894E+00 -4.1071537066E-01 -6.0551669155E-05  7.5902265161E-01 -2.3936473504E+00
  1.5263255673E+00 -3.8571891554E-01 -5.9516880585E-05  7.5826651573E-01 -2.4246456139E+00
  1.5268876587E+00 -3.6072658083E-01 -5.8475595423E-05  7.5772525728E-01 -2.4589385013E+00
  1.5283536946E+00 -3.3577098381E-01 -5.7428825403E-05  7.5736258725E-01 -2.4955764288E+00
  1.5307346422E+00 -3.1088605081E-01 -5.6377659996E-05  7.5714292230E-01 -2.5335610688E+00
  1.5340442707E+00 -2.8610758944E-01 -5.5323311534E-05  7.5703244667E-01 -2.5718652270E+00
  1.5382994140E+00 -2.6147396025E-01 -5.4267178833E-05  7.5700023664E-01 -2.6094549647E+00
  1.5435200464E+00 -2.3702683110E-01 -5.3210939210E-05  7.5701940744E-01 -2.6453134934E+00
  1.5497290446E+00 -2.1281196711E-01 -5.2156687119E-05  7.5706820628E-01 -2.6784662642E+00
  1.5569514483E+00 -1.8887995213E-01 -5.1107156734E-05  7.5713092006E-01 -2.7080065561E+00
  1.5652129655E+00 -1.6528664560E-01 -5.0066115198E-05  7.5719838749E-01 -2.7331207335E+00
  1.5745374371E+00 -1.4209304865E-01 -4.9039162138E-05  7.5726781794E-01 -2.7531121930E+00
  1.5849430629E+00 -1.1936412332E-01 -4.8035728071E-05  7.5734157562E-01 -2.7674228790E+00
  1.6064141766E+00 -7.9829884166E-02 -4.6401625080E-05  7.5750110377E-01 -2.7776926835E+00
</Path of -GradDelSqRho>
<Path of -GradDelSqRho>
Starting CP# =      8
Ending CP# =     10
Number of Points =     35
  1.5412085570E+00 -5.3291791760E-01 -6.5524938520E-05  7.6705081119E-01 -2.3159481755E+00
  1.5463326653E+00 -5.5558124158E-01 -6.6433667075E-05  7.6954857375E-01 -2.3190972895E+00
  1.5526828779E+00 -5.7975991348E-01 -6.7398757280E-05  7.7263628199E-01 -2.3296875011E+00
  1.5598965651E+00 -6.0369514923E-01 -6.8349755921E-05  7.7615299508E-01 -2.3479319329E+00
  1.5679680645E+00 -6.2735488574E-01 -6.9285630169E-05  7.8010793148E-01 -2.3739211888E+00
  1.5768901747E+00 -6.5070713821E-01 -7.0205331290E-05  7.8450476567E-01 -2.4076455293E+00
  1.5866539006E+00 -6.7372020010E-01 -7.1107800481E-05  7.8934133418E-01 -2.4490000057E+00
  1.5972482558E+00 -6.9636287577E-01 -7.1991974260E-05  7.9460939693E-01 -2.4977900237E+00
  1.6086601253E+00 -7.1860473474E-01 -7.2856789913E-05  8.0029445880E-01 -2.5537370024E+00
  1.6208741974E+00 -7.4041637452E-01 -7.3701190631E-05  8.0637565935E-01 -2.6164838669E+00
  1.6338729657E+00 -7.6176967747E-01 -7.4524129840E-05  8.1282574093E-01 -2.6856002060E+00
  1.6476368040E+00 -7.8263804651E-01 -7.5324574203E-05  8.1961110763E-01 -2.7605870259E+00
  1.6621441106E+00 -8.0299660445E-01 -7.6101504738E-05  8.2669198878E-01 -2.8408811293E+00
  1.6773715159E+00 -8.2282234267E-01 -7.6853915545E-05  8.3402272043E-01 -2.9258592429E+00
  1.6932941442E+00 -8.4209420761E-01 -7.7580809597E-05  8.4155215707E-01 -3.0148420896E+00
  1.7098859163E+00 -8.6079311674E-01 -7.8281191154E-05  8.4922422196E-01 -3.1070986589E+00
  1.7271198760E+00 -8.7890190072E-01 -7.8954054318E-05  8.5697859903E-01 -3.2018509505E+00
  1.7449685235E+00 -8.9640517378E-01 -7.9598367306E-05  8.6475156185E-01 -3.2982794640E+00
  1.7634041363E+00 -9.1328914033E-01 -8.0213051931E-05  8.7247692602E-01 -3.3955296692E+00
  1.7823990595E+00 -9.2954135113E-01 -8.0796957658E-05  8.8008710191E-01 -3.4927196278E+00
  1.8019259500E+00 -9.4515042674E-01 -8.1348829289E-05  8.8751421588E-01 -3.5889488507E+00
  1.8219579632E+00 -9.6010576861E-01 -8.1867266785E-05  8.9469126109E-01 -3.6833083768E+00
  1.8424688754E+00 -9.7439727828E-01 -8.2350674791E-05  9.0155323602E-01 -3.7748919571E+00
  1.8634331405E+00 -9.8801510334E-01 -8.2797197916E-05  9.0803822906E-01 -3.8628081329E+00
  1.8848258855E+00 -1.0009494243E+00 -8.3204635208E-05  9.1408841271E-01 -3.9461929173E+00
  1.9066228536E+00 -1.0131902917E+00 -8.3570323014E-05  9.1965091873E-01 -4.0242227311E+00
  1.9288003060E+00 -1.0247275155E+00 -8.3890967720E-05  9.2467857588E-01 -4.0961272079E+00
  1.9513348962E+00 -1.0355506060E+00 -8.4162395616E-05  9.2913050179E-01 -4.1612014777E+00
  1.9742035284E+00 -1.0456487575E+00 -8.4379158506E-05  9.3297254942E-01 -4.2188175442E+00
  1.9973832112E+00 -1.0550108683E+00 -8.4533871139E-05  9.3617761497E-01 -4.2684344103E+00
  2.0208509158E+00 -1.0636255846E+00 -8.4616004159E-05  9.3872581799E-01 -4.3096066485E+00
  2.0445834425E+00 -1.0714813617E+00 -8.4609426454E-05  9.4060456583E-01 -4.3419911750E+00
  2.0685573002E+00 -1.0785665330E+00 -8.4486489377E-05  9.4180851425E-01 -4.3653520514E+00
  2.0927485991E+00 -1.0848693827E+00 -8.4188912108E-05  9.4233943513E-01 -4.3795632086E+00
  2.1184419187E+00 -1.0906502238E+00 -8.3372834997E-05  9.4218041643E-01 -4.3846220359E+00
</Path of -GradDelSqRho>
<Path of -GradDelSqRho>
Starting CP# =      9
Ending CP# =     13
Number of Points =     35
  1.9742676675E+00  1.8923134166E-01 -6.3811640932E-05  7.7048840470E-01 -2.3173903421E+00
