 AIMInt (Version 19.10.12, Professional)
 Portions Copyright (c) 1997-2019 by Todd A. Keith
 AIMInt is a component of the AIMAll package ( http://aim.tkgristmill.com )

 TP:  64-bit Mac OS X

 AIMInt is a heavily modified and extended version of the PROAIMV program
 developed by members of R.F.W. Bader's research group

 Much of the Quantum Theory of Atoms in Molecules (QTAIM) is described in the book:
   "Atoms in Molecules - A Quantum Theory"
   R.F.W. Bader, Oxford University Press, Oxford, 1990

 For additional references see:  http://aim.tkgristmill.com/references.html

 Current Directory:  /Users/chemlab/Documents/SubstituentCoding/BCP Map Reference/BCPMapReference

 Inp File:  SubH_GeFHCH3_reor_wb97xd_aug-cc-pvtz_atomicfiles/c3.inp
 Wfx File:  SubH_GeFHCH3_reor_wb97xd_aug-cc-pvtz.wfx
 Out File:  SubH_GeFHCH3_reor_wb97xd_aug-cc-pvtz_atomicfiles/c3.int

 Wfx Title:   Title Card Required                                                           
 Job Title:   Title Card Required                                                           
 
<Atom>
C3      
</Atom>
<Nuclei of Molecule>
     8
H1         1.0          -6.8892833080E-02   2.3126216551E+00   2.3977071155E+00
H2         1.0          -6.8892833080E-02   2.3126216551E+00  -2.3977071155E+00
C3         6.0           2.6872254284E+00  -1.7989633462E+00   0.0000000000E+00
H4         1.0           2.5477867668E+00  -2.9849279794E+00   1.6740753224E+00
H5         1.0           2.5477867668E+00  -2.9849279794E+00  -1.6740753224E+00
H6         1.0           4.5224062112E+00  -8.6476204696E-01   0.0000000000E+00
F7         9.0          -2.8448385166E+00  -1.0019631476E+00   0.0000000000E+00
Ge8       32.0          -7.9240299391E-17   6.8815072191E-01   0.0000000000E+00
</Nuclei of Molecule>
<Total Number of CPs of DelSqRho>
    36
</Total Number of CPs of DelSqRho>
<Number of (3,+3) CPs of DelSqRho>
     5
</Number of (3,+3) CPs of DelSqRho>
<Number of (3,+1) CPs of DelSqRho>
    13
</Number of (3,+1) CPs of DelSqRho>
<Number of (3,-1) CPs of DelSqRho>
    13
</Number of (3,-1) CPs of DelSqRho>
<Number of (3,-3) CPs of DelSqRho>
     5
</Number of (3,-3) CPs of DelSqRho>
<Number of Degenerate CPs of DelSqRho>
     0
</Number of Degenerate CPs of DelSqRho>
<CP of DelSqRho>
CP# = 1       
Type = (3,+3)
Coords =  2.68722540118663E+00 -1.79896329807853E+00 -6.48555371424392E-25
DistFromNuc =  5.5283605692E-08
Rho =  1.2086576169E+02
DelSqRho = -7.4428368509E+05
GradDelSqRho =  2.6752477424E-06 -1.7478771497E-06 -1.7687976866E-15
HessDelSqRho_EigVals =  1.5945107858E+10  1.5945108213E+10  1.5945108226E+10
HessDelSqRho_EigVec1 =  7.3379128230E-01 -6.7937497306E-01  9.5945437251E-17
HessDelSqRho_EigVec2 =  6.7937497306E-01  7.3379128230E-01 -2.3954877917E-15
HessDelSqRho_EigVec3 =  1.5570305286E-15  1.8229709873E-15  1.0000000000E+00
</CP of DelSqRho>
<CP of DelSqRho>
CP# = 2       
Type = (3,+1)
Coords =  2.59721647935491E+00 -2.54108492148243E+00  1.05268007237854E+00
DistFromNuc =  1.2911163302E+00
Rho =  2.8225041510E-01
DelSqRho = -1.0720379243E+00
GradDelSqRho =  2.2204460493E-16 -1.1102230246E-16 -7.2164496601E-16
HessDelSqRho_EigVals = -7.7962818194E+00  7.9415023065E+00  8.1338030848E+00
HessDelSqRho_EigVec1 = -6.3765870636E-02 -5.8017460616E-01  8.1199220447E-01
HessDelSqRho_EigVec2 =  8.1652948406E-01 -4.9813105915E-01 -2.9179624669E-01
HessDelSqRho_EigVec3 =  5.7377130933E-01  6.4440893405E-01  5.0549343250E-01
</CP of DelSqRho>
<CP of DelSqRho>
CP# = 3       
Type = (3,+1)
Coords =  2.59721647935491E+00 -2.54108492148243E+00 -1.05268007237854E+00
DistFromNuc =  1.2911163302E+00
Rho =  2.8225041510E-01
DelSqRho = -1.0720379243E+00
GradDelSqRho =  2.7755575616E-16 -1.1102230246E-16  6.1062266354E-16
HessDelSqRho_EigVals = -7.7962818194E+00  7.9415023065E+00  8.1338030848E+00
HessDelSqRho_EigVec1 =  6.3765870636E-02  5.8017460616E-01  8.1199220447E-01
HessDelSqRho_EigVec2 =  8.1652948406E-01 -4.9813105915E-01  2.9179624669E-01
HessDelSqRho_EigVec3 =  5.7377130933E-01  6.4440893405E-01 -5.0549343250E-01
</CP of DelSqRho>
<CP of DelSqRho>
CP# = 4       
Type = (3,+1)
Coords =  3.83621808003759E+00 -1.20892808196877E+00 -1.65158722291695E-19
DistFromNuc =  1.2916368401E+00
Rho =  2.8013443814E-01
DelSqRho = -1.0568108349E+00
GradDelSqRho =  4.9960036108E-16  4.3021142204E-16 -2.1355477463E-18
HessDelSqRho_EigVals = -7.5493565126E+00  7.8113419350E+00  8.0020146043E+00
HessDelSqRho_EigVec1 =  8.9378622757E-01  4.4849323229E-01  0.0000000000E+00
HessDelSqRho_EigVec2 = -4.4849323229E-01  8.9378622757E-01  0.0000000000E+00
HessDelSqRho_EigVec3 =  0.0000000000E+00  0.0000000000E+00  1.0000000000E+00
</CP of DelSqRho>
<CP of DelSqRho>
CP# = 5       
Type = (3,+1)
Coords =  2.55153236015580E+00 -1.62071441697176E+00  5.57814947499191E-18
DistFromNuc =  2.2402073462E-01
Rho =  9.2250635909E+00
DelSqRho =  2.8001630299E+02
GradDelSqRho =  2.7711166695E-12 -6.6364691520E-12  4.1761821156E-16
HessDelSqRho_EigVals = -5.8452699538E+04  1.9042286798E+01  1.9602931171E+01
HessDelSqRho_EigVec1 = -6.0585958336E-01  7.9557159656E-01  2.4914519137E-17
HessDelSqRho_EigVec2 =  7.9557159656E-01  6.0585958336E-01  5.6412373495E-17
HessDelSqRho_EigVec3 = -2.9785381863E-17 -5.3999260869E-17  1.0000000000E+00
</CP of DelSqRho>
<CP of DelSqRho>
CP# = 6       
Type = (3,-3)
Coords =  2.83524403283406E+00 -1.96680318927058E+00 -3.67783701406219E-18
DistFromNuc =  2.2378498650E-01
Rho =  9.2354785006E+00
DelSqRho =  2.8155332366E+02
GradDelSqRho = -3.5935698861E-12  3.2471803024E-12  4.0748485611E-17
HessDelSqRho_EigVals = -5.9070591714E+04 -4.6296851410E+01 -3.5506627354E+01
HessDelSqRho_EigVec1 = -6.6130999356E-01  7.5011271981E-01  1.6455319975E-17
HessDelSqRho_EigVec2 = -7.1313947240E-18 -2.8224268186E-17  1.0000000000E+00
HessDelSqRho_EigVec3 =  7.5011271981E-01  6.6130999356E-01  2.4014340505E-17
</CP of DelSqRho>
<CP of DelSqRho>
CP# = 7       
Type = (3,-1)
Coords =  3.44950731335254E+00 -2.50242047172236E+00  2.17255573630570E-18
DistFromNuc =  1.0372683354E+00
Rho =  1.7281743538E-01
DelSqRho =  2.4741206621E-02
GradDelSqRho = -8.8817841970E-16  1.7763568394E-15  3.0672895840E-18
HessDelSqRho_EigVals = -1.1250608438E+00 -1.1044239341E+00  9.3367536606E+00
HessDelSqRho_EigVec1 =  0.0000000000E+00  0.0000000000E+00  1.0000000000E+00
HessDelSqRho_EigVec2 =  6.7875100542E-01  7.3436848560E-01  0.0000000000E+00
HessDelSqRho_EigVec3 =  7.3436848560E-01 -6.7875100542E-01  0.0000000000E+00
</CP of DelSqRho>
<CP of DelSqRho>
CP# = 8       
Type = (3,-1)
Coords =  1.81816977532476E+00 -2.36974895567044E+00 -1.55519873963096E-18
DistFromNuc =  1.0397374381E+00
Rho =  1.7107198565E-01
DelSqRho =  3.2577911093E-02
GradDelSqRho =  6.6613381478E-16 -1.1102230246E-15  4.0600166028E-18
HessDelSqRho_EigVals = -1.4588684844E+00 -1.1826056138E+00  9.1708136166E+00
HessDelSqRho_EigVec1 =  0.0000000000E+00  0.0000000000E+00  1.0000000000E+00
HessDelSqRho_EigVec2 = -5.6669268027E-01  8.2392924825E-01  0.0000000000E+00
HessDelSqRho_EigVec3 =  8.2392924825E-01  5.6669268027E-01  0.0000000000E+00
</CP of DelSqRho>
<CP of DelSqRho>
CP# = 9       
Type = (3,+1)
Coords =  2.83802003873821E+00 -8.09342201422283E-01 -7.34874584431032E-19
DistFromNuc =  1.0010439674E+00
Rho =  2.0724603538E-01
DelSqRho = -2.4698368295E-01
GradDelSqRho = -9.9920072216E-16 -1.3322676296E-15 -3.3554539773E-18
HessDelSqRho_EigVals = -2.5071385727E+00  1.4109367813E+00  1.4156082700E+01
HessDelSqRho_EigVec1 =  9.8510526367E-01 -1.7195237567E-01  0.0000000000E+00
HessDelSqRho_EigVec2 =  0.0000000000E+00  0.0000000000E+00  1.0000000000E+00
HessDelSqRho_EigVec3 =  1.7195237567E-01  9.8510526367E-01  0.0000000000E+00
</CP of DelSqRho>
<CP of DelSqRho>
CP# = 10      
Type = (3,+1)
Coords =  2.60183020578437E+00 -2.79594609901352E+00  2.69797348038047E-18
DistFromNuc =  1.0006332762E+00
Rho =  2.0765327961E-01
DelSqRho = -1.5506037657E-01
GradDelSqRho = -3.6082248300E-16 -3.5527136788E-15 -6.1417386110E-18
HessDelSqRho_EigVals = -3.2937767158E+00  1.1010639760E+00  1.3900636583E+01
HessDelSqRho_EigVec1 =  0.0000000000E+00  0.0000000000E+00  1.0000000000E+00
HessDelSqRho_EigVec2 =  9.9612379182E-01 -8.7962443003E-02  0.0000000000E+00
HessDelSqRho_EigVec3 =  8.7962443003E-02  9.9612379182E-01  0.0000000000E+00
</CP of DelSqRho>
<CP of DelSqRho>
CP# = 11      
Type = (3,-1)
Coords =  2.84695302298531E+00 -1.25346405395268E+00  8.71199003108354E-01
DistFromNuc =  1.0402259780E+00
Rho =  1.7114315025E-01
DelSqRho =  3.1575445544E-02
GradDelSqRho = -9.4445284926E-14  2.3264723481E-13 -3.4339198152E-13
HessDelSqRho_EigVals = -1.4418708877E+00 -1.1916718182E+00  9.1415585038E+00
HessDelSqRho_EigVec1 =  5.7925235768E-01  6.4027326322E-01 -5.0449663480E-01
HessDelSqRho_EigVec2 =  7.9735514256E-01 -5.7365911219E-01  1.8745666070E-01
HessDelSqRho_EigVec3 =  1.6938560376E-01  5.1084769884E-01  8.4281857231E-01
</CP of DelSqRho>
<CP of DelSqRho>
CP# = 12      
Type = (3,-1)
Coords =  2.84695302298531E+00 -1.25346405395268E+00 -8.71199003108354E-01
DistFromNuc =  1.0402259780E+00
Rho =  1.7114315025E-01
DelSqRho =  3.1575445544E-02
GradDelSqRho = -9.4244057003E-14  2.3103741142E-13  3.4372504842E-13
HessDelSqRho_EigVals = -1.4418708877E+00 -1.1916718182E+00  9.1415585038E+00
HessDelSqRho_EigVec1 =  5.7925235768E-01  6.4027326322E-01  5.0449663480E-01
HessDelSqRho_EigVec2 =  7.9735514256E-01 -5.7365911219E-01 -1.8745666070E-01
HessDelSqRho_EigVec3 = -1.6938560376E-01 -5.1084769884E-01  8.4281857231E-01
</CP of DelSqRho>
<CP of DelSqRho>
CP# = 13      
Type = (3,+3)
Coords =  1.95478879408854E+00 -1.12368179078045E+00  2.12989473313259E-18
DistFromNuc =  9.9622718411E-01
Rho =  2.3793024929E-01
DelSqRho = -6.7147184409E-01
GradDelSqRho =  4.4408920985E-16 -1.7763568394E-15  4.1160894020E-18
HessDelSqRho_EigVals =  2.3583272024E+00  2.3709117727E+00  1.5246444742E+01
HessDelSqRho_EigVec1 =  0.0000000000E+00  0.0000000000E+00  1.0000000000E+00
HessDelSqRho_EigVec2 =  6.7761383327E-01  7.3541790362E-01  0.0000000000E+00
HessDelSqRho_EigVec3 =  7.3541790362E-01 -6.7761383327E-01  0.0000000000E+00
</CP of DelSqRho>
<CP of DelSqRho>
CP# = 14      
Type = (3,+1)
Coords =  1.99357907269523E+00 -1.71597414412103E+00  7.13474371707506E-01
DistFromNuc =  9.9853800805E-01
Rho =  2.0894258841E-01
DelSqRho = -2.5292120597E-01
GradDelSqRho =  7.7715611724E-16  1.3877787808E-16 -1.1102230246E-15
HessDelSqRho_EigVals = -2.5518036633E+00  1.4370081890E+00  1.4397726807E+01
HessDelSqRho_EigVec1 = -4.3001895493E-01  7.6827911965E-01 -4.7416336078E-01
HessDelSqRho_EigVec2 =  5.8863874631E-01  6.3680905880E-01  4.9797454651E-01
HessDelSqRho_EigVec3 = -6.8453496970E-01  6.4972432163E-02  7.2607882376E-01
</CP of DelSqRho>
<CP of DelSqRho>
CP# = 15      
Type = (3,+1)
Coords =  1.99357907269523E+00 -1.71597414412103E+00 -7.13474371707506E-01
DistFromNuc =  9.9853800805E-01
Rho =  2.0894258841E-01
DelSqRho = -2.5292120597E-01
GradDelSqRho = -9.4368957093E-16  3.3306690739E-16 -2.2204460493E-16
HessDelSqRho_EigVals = -2.5518036633E+00  1.4370081890E+00  1.4397726807E+01
HessDelSqRho_EigVec1 = -4.3001895493E-01  7.6827911965E-01  4.7416336078E-01
HessDelSqRho_EigVec2 =  5.8863874631E-01  6.3680905880E-01 -4.9797454651E-01
HessDelSqRho_EigVec3 =  6.8453496970E-01 -6.4972432163E-02  7.2607882376E-01
</CP of DelSqRho>
<CP of DelSqRho>
CP# = 16      
Type = (3,+1)
Coords =  3.40770101666829E+00 -1.92172442895291E+00  6.83645022021536E-01
DistFromNuc =  1.0007626456E+00
Rho =  2.0794132142E-01
DelSqRho = -1.5862976560E-01
GradDelSqRho =  8.8817841970E-16 -1.1934897515E-15  4.4408920985E-16
HessDelSqRho_EigVals = -3.2774189048E+00  1.1200783971E+00  1.3908091475E+01
HessDelSqRho_EigVec1 =  5.8753563910E-01  6.3448068917E-01 -5.0223114983E-01
HessDelSqRho_EigVec2 = -3.7362609785E-01  7.6323982608E-01  5.2713234286E-01
HessDelSqRho_EigVec3 =  7.1777810763E-01 -1.2206237322E-01  6.8548914306E-01
</CP of DelSqRho>
<CP of DelSqRho>
CP# = 17      
Type = (3,+1)
Coords =  3.40770101666829E+00 -1.92172442895291E+00 -6.83645022021536E-01
DistFromNuc =  1.0007626456E+00
Rho =  2.0794132142E-01
DelSqRho = -1.5862976560E-01
GradDelSqRho =  2.9143354396E-16 -8.0491169285E-16 -6.6613381478E-16
HessDelSqRho_EigVals = -3.2774189048E+00  1.1200783971E+00  1.3908091475E+01
HessDelSqRho_EigVec1 =  5.8753563910E-01  6.3448068917E-01  5.0223114983E-01
HessDelSqRho_EigVec2 =  3.7362609785E-01 -7.6323982608E-01  5.2713234286E-01
HessDelSqRho_EigVec3 =  7.1777810763E-01 -1.2206237322E-01 -6.8548914306E-01
</CP of DelSqRho>
<CP of DelSqRho>
CP# = 18      
Type = (3,+3)
Coords =  3.64309739325421E+00 -1.30402575852976E+00  1.52265806398242E-19
DistFromNuc =  1.0764081145E+00
Rho =  2.8816767918E-01
DelSqRho = -1.1102266118E+00
GradDelSqRho =  0.0000000000E+00 -2.2204460493E-16  3.3543356314E-18
HessDelSqRho_EigVals =  6.5882259982E+00  6.9137498558E+00  6.9509741024E+00
HessDelSqRho_EigVec1 =  8.2123286055E-01 -5.7059319025E-01  0.0000000000E+00
HessDelSqRho_EigVec2 =  5.7059319025E-01  8.2123286055E-01  0.0000000000E+00
HessDelSqRho_EigVec3 =  0.0000000000E+00  0.0000000000E+00  1.0000000000E+00
</CP of DelSqRho>
<CP of DelSqRho>
CP# = 19      
Type = (3,+3)
Coords =  2.60980149036565E+00 -2.41288964296240E+00  8.75328215585110E-01
DistFromNuc =  1.0719605632E+00
Rho =  2.9088457936E-01
DelSqRho = -1.1291703826E+00
GradDelSqRho =  0.0000000000E+00  1.4432899320E-15 -1.5543122345E-15
HessDelSqRho_EigVals =  6.6936021730E+00  7.0523477090E+00  7.1281149979E+00
HessDelSqRho_EigVec1 =  7.2152757174E-01 -6.9205624883E-01  2.1356771190E-02
HessDelSqRho_EigVec2 =  6.5859677711E-01  6.9550805944E-01  2.8726089959E-01
HessDelSqRho_EigVec3 = -2.1365450709E-01 -1.9320115866E-01  9.5761425631E-01
</CP of DelSqRho>
<CP of DelSqRho>
CP# = 20      
Type = (3,+3)
Coords =  2.60980149036565E+00 -2.41288964296240E+00 -8.75328215585110E-01
DistFromNuc =  1.0719605632E+00
Rho =  2.9088457936E-01
DelSqRho = -1.1291703826E+00
GradDelSqRho = -4.1633363423E-16 -2.5535129566E-15 -1.1102230246E-15
HessDelSqRho_EigVals =  6.6936021730E+00  7.0523477090E+00  7.1281149979E+00
HessDelSqRho_EigVec1 =  7.2152757174E-01 -6.9205624883E-01 -2.1356771190E-02
HessDelSqRho_EigVec2 =  6.5859677711E-01  6.9550805944E-01 -2.8726089959E-01
HessDelSqRho_EigVec3 =  2.1365450709E-01  1.9320115866E-01  9.5761425631E-01
</CP of DelSqRho>
<CP of DelSqRho>
CP# = 21      
Type = (3,-3)
Coords =  1.62619779520348E+00 -2.87020805496155E+00  1.58327040295575E-15
DistFromNuc =  1.5077615410E+00
Rho =  8.2100002112E-02
DelSqRho =  1.8918540878E-01
GradDelSqRho =  5.5935533982E-12 -3.4781344471E-12 -6.9795507354E-17
HessDelSqRho_EigVals = -1.7577826698E+00 -6.3961390569E-02 -3.2996840220E-02
HessDelSqRho_EigVec1 =  7.6387093709E-01  6.4536903510E-01  0.0000000000E+00
HessDelSqRho_EigVec2 = -6.4536903510E-01  7.6387093709E-01  0.0000000000E+00
HessDelSqRho_EigVec3 =  0.0000000000E+00  0.0000000000E+00  1.0000000000E+00
</CP of DelSqRho>
<CP of DelSqRho>
CP# = 22      
Type = (3,-1)
Coords =  3.21019771118395E+00 -1.86537222263007E-01 -1.21032069975289E-17
DistFromNuc =  1.6951159293E+00
Rho =  8.4228631064E-02
DelSqRho =  1.3971648348E-01
GradDelSqRho =  2.4980018054E-16 -4.1633363423E-17 -1.5131958372E-18
HessDelSqRho_EigVals = -1.2714441908E+00 -4.5912407818E-01  7.9742170505E-02
HessDelSqRho_EigVec1 = -1.4778382373E-01  9.8901968709E-01  0.0000000000E+00
HessDelSqRho_EigVec2 =  9.8901968709E-01  1.4778382373E-01  0.0000000000E+00
HessDelSqRho_EigVec3 =  0.0000000000E+00  0.0000000000E+00  1.0000000000E+00
</CP of DelSqRho>
<CP of DelSqRho>
CP# = 23      
Type = (3,-1)
Coords =  1.63901477642927E+00 -1.87717322186242E+00  1.33017326817225E+00
DistFromNuc =  1.6953534378E+00
Rho =  8.4140844604E-02
DelSqRho =  1.4273498017E-01
GradDelSqRho =  9.7144514655E-17 -7.9797279895E-17 -2.6367796835E-16
HessDelSqRho_EigVals = -1.2914812157E+00 -4.6776705381E-01  7.7208188633E-02
HessDelSqRho_EigVec1 =  7.8833867104E-01 -3.0537556605E-01 -5.3410476819E-01
HessDelSqRho_EigVec2 =  1.8824952364E-01 -7.0675977580E-01  6.8194775179E-01
HessDelSqRho_EigVec3 =  5.8573394694E-01  6.3815075255E-01  4.9967925756E-01
</CP of DelSqRho>
<CP of DelSqRho>
CP# = 24      
Type = (3,-1)
Coords =  1.63901477642927E+00 -1.87717322186242E+00 -1.33017326817225E+00
DistFromNuc =  1.6953534378E+00
Rho =  8.4140844604E-02
DelSqRho =  1.4273498017E-01
GradDelSqRho =  1.3183898417E-16 -1.0755285551E-16  8.3266726847E-17
HessDelSqRho_EigVals = -1.2914812157E+00 -4.6776705381E-01  7.7208188633E-02
HessDelSqRho_EigVec1 =  7.8833867104E-01 -3.0537556605E-01  5.3410476819E-01
HessDelSqRho_EigVec2 = -1.8824952364E-01  7.0675977580E-01  6.8194775179E-01
HessDelSqRho_EigVec3 =  5.8573394694E-01  6.3815075255E-01 -4.9967925756E-01
</CP of DelSqRho>
<CP of DelSqRho>
CP# = 25      
Type = (3,-3)
Coords =  3.77515364000148E+00 -2.82572760136228E+00 -9.84847211424830E-16
DistFromNuc =  1.4959387117E+00
Rho =  7.9983052092E-02
DelSqRho =  1.8273357597E-01
GradDelSqRho =  2.2204460493E-16  6.9388939039E-17  5.5843932757E-17
HessDelSqRho_EigVals = -1.7099839829E+00 -2.3243559152E-02 -2.1073014342E-02
HessDelSqRho_EigVec1 =  7.3089123105E-01 -6.8249396215E-01  0.0000000000E+00
HessDelSqRho_EigVec2 =  0.0000000000E+00  0.0000000000E+00  1.0000000000E+00
HessDelSqRho_EigVec3 =  6.8249396215E-01  7.3089123105E-01  0.0000000000E+00
</CP of DelSqRho>
<CP of DelSqRho>
CP# = 26      
Type = (3,-3)
Coords =  3.14234957885305E+00 -1.21028369413966E+00  1.31219487607063E+00
DistFromNuc =  1.5084883552E+00
Rho =  8.2226884867E-02
DelSqRho =  1.8817113807E-01
GradDelSqRho =  1.1796119637E-16 -8.8817841970E-16 -1.3322676296E-15
HessDelSqRho_EigVals = -1.7483533745E+00 -6.6835032525E-02 -3.4935989287E-02
HessDelSqRho_EigVec1 =  2.4280709344E-01  4.5480988269E-01  8.5685044552E-01
HessDelSqRho_EigVec2 =  7.3441420128E-01 -6.6326191707E-01  1.4394238545E-01
HessDelSqRho_EigVec3 =  6.3378268858E-01  5.9433290332E-01 -4.9506353500E-01
</CP of DelSqRho>
<CP of DelSqRho>
CP# = 27      
Type = (3,-3)
Coords =  3.14234957885305E+00 -1.21028369413965E+00 -1.31219487607063E+00
DistFromNuc =  1.5084883552E+00
Rho =  8.2226884867E-02
DelSqRho =  1.8817113807E-01
GradDelSqRho =  1.3183898417E-16 -7.7715611724E-16  8.6042284408E-16
HessDelSqRho_EigVals = -1.7483533745E+00 -6.6835032525E-02 -3.4935989287E-02
HessDelSqRho_EigVec1 = -2.4280709344E-01 -4.5480988269E-01  8.5685044552E-01
HessDelSqRho_EigVec2 =  7.3441420128E-01 -6.6326191707E-01 -1.4394238545E-01
HessDelSqRho_EigVec3 =  6.3378268858E-01  5.9433290332E-01  4.9506353500E-01
</CP of DelSqRho>
<CP of DelSqRho>
CP# = 28      
Type = (3,-1)
Coords =  3.92541107479373E+00 -2.24121231496140E+00  8.85843845565162E-01
DistFromNuc =  1.5853728786E+00
Rho =  8.4865927499E-02
DelSqRho =  1.7684627586E-01
GradDelSqRho = -9.2764684823E-13  2.6117302765E-13 -7.7442783089E-13
HessDelSqRho_EigVals = -1.6539445018E+00 -1.0993552758E-01  1.9912070223E-02
HessDelSqRho_EigVec1 =  7.9099171396E-01 -3.2812360137E-01  5.1639811258E-01
HessDelSqRho_EigVec2 = -5.8823856579E-01 -6.3995671863E-01  4.9439942152E-01
HessDelSqRho_EigVec3 = -1.6824832293E-01  6.9483113093E-01  6.9921541840E-01
</CP of DelSqRho>
<CP of DelSqRho>
CP# = 29      
Type = (3,-1)
Coords =  3.92541107479372E+00 -2.24121231496139E+00 -8.85843845565165E-01
DistFromNuc =  1.5853728786E+00
Rho =  8.4865927499E-02
DelSqRho =  1.7684627586E-01
GradDelSqRho = -9.2756184678E-13  2.6093710526E-13  7.7411688171E-13
HessDelSqRho_EigVals = -1.6539445018E+00 -1.0993552758E-01  1.9912070223E-02
HessDelSqRho_EigVec1 =  7.9099171396E-01 -3.2812360137E-01 -5.1639811258E-01
HessDelSqRho_EigVec2 =  5.8823856579E-01  6.3995671863E-01  4.9439942152E-01
HessDelSqRho_EigVec3 = -1.6824832293E-01  6.9483113093E-01 -6.9921541840E-01
</CP of DelSqRho>
<CP of DelSqRho>
CP# = 30      
Type = (3,-1)
Coords =  2.91165273480146E+00 -3.36375884177565E+00  5.84235286283201E-16
DistFromNuc =  1.5808075654E+00
Rho =  8.4628052069E-02
DelSqRho =  1.7777559327E-01
GradDelSqRho =  6.9388939039E-17  6.1062266354E-16 -1.0270765475E-17
HessDelSqRho_EigVals = -1.6674487081E+00 -1.0150477411E-01  1.9582172626E-02
HessDelSqRho_EigVec1 = -2.0974938389E-01  9.7775518201E-01  0.0000000000E+00
HessDelSqRho_EigVec2 =  0.0000000000E+00  0.0000000000E+00  1.0000000000E+00
HessDelSqRho_EigVec3 =  9.7775518201E-01  2.0974938389E-01  0.0000000000E+00
</CP of DelSqRho>
<CP of DelSqRho>
CP# = 31      
Type = (3,-1)
Coords =  3.74747118467125E-01 -1.72743507611985E+00  1.77794528512019E-17
DistFromNuc =  2.3135842814E+00
Rho =  3.7965626736E-02
DelSqRho =  6.5823829351E-02
GradDelSqRho = -3.8424124993E-15 -5.3793774990E-15 -5.7716433980E-19
HessDelSqRho_EigVals = -1.5072042707E-01 -1.2908684333E-02  2.3166051181E-01
HessDelSqRho_EigVec1 =  6.3336435212E-01  7.7385373131E-01  0.0000000000E+00
HessDelSqRho_EigVec2 =  0.0000000000E+00  0.0000000000E+00  1.0000000000E+00
HessDelSqRho_EigVec3 =  7.7385373131E-01 -6.3336435212E-01  0.0000000000E+00
</CP of DelSqRho>
<CP of DelSqRho>
CP# = 32      
Type = (3,+1)
Coords =  2.39472560198725E+00  5.04017091780448E-01  1.14291527871839E-17
DistFromNuc =  2.3214812181E+00
Rho =  4.2119688787E-02
DelSqRho =  5.8292596374E-02
GradDelSqRho = -1.5265566589E-16  1.3010426070E-17 -2.1965766167E-19
HessDelSqRho_EigVals = -1.3623352823E-01  7.9387557174E-03  2.4895807985E-01
HessDelSqRho_EigVec1 =  6.4248170896E-01  7.6630102026E-01  0.0000000000E+00
HessDelSqRho_EigVec2 =  0.0000000000E+00  0.0000000000E+00  1.0000000000E+00
HessDelSqRho_EigVec3 =  7.6630102026E-01 -6.4248170896E-01  0.0000000000E+00
</CP of DelSqRho>
<CP of DelSqRho>
CP# = 33      
Type = (3,-1)
Coords =  1.91912994508561E+00 -7.42254887797138E-03  1.26927723495453E+00
DistFromNuc =  2.3260812108E+00
Rho =  4.0756247352E-02
DelSqRho =  6.1772594101E-02
GradDelSqRho =  4.1633363423E-17 -2.2551405188E-17  3.8163916471E-17
HessDelSqRho_EigVals = -1.5021851605E-01 -7.0787383807E-03  2.3597990839E-01
HessDelSqRho_EigVec1 =  3.7471265539E-01  3.9704153875E-01  8.3782363442E-01
HessDelSqRho_EigVec2 =  5.8010111156E-01  6.0452096934E-01 -5.4592774063E-01
HessDelSqRho_EigVec3 =  7.2323794581E-01 -6.9058845496E-01  3.8025803029E-03
</CP of DelSqRho>
<CP of DelSqRho>
CP# = 34      
Type = (3,-1)
Coords =  1.91912994508561E+00 -7.42254887797120E-03 -1.26927723495453E+00
DistFromNuc =  2.3260812108E+00
Rho =  4.0756247352E-02
DelSqRho =  6.1772594101E-02
GradDelSqRho =  5.8980598183E-17 -3.4694469520E-17 -5.3776427755E-17
HessDelSqRho_EigVals = -1.5021851605E-01 -7.0787383807E-03  2.3597990839E-01
HessDelSqRho_EigVec1 = -3.7471265539E-01 -3.9704153875E-01  8.3782363442E-01
HessDelSqRho_EigVec2 =  5.8010111156E-01  6.0452096934E-01  5.4592774063E-01
HessDelSqRho_EigVec3 =  7.2323794581E-01 -6.9058845496E-01 -3.8025803029E-03
</CP of DelSqRho>
<CP of DelSqRho>
CP# = 35      
Type = (3,+1)
Coords =  9.53724425204086E-01 -1.03084452337640E+00  1.39109730895624E+00
DistFromNuc =  2.3516343204E+00
Rho =  4.0570027514E-02
DelSqRho =  5.8125863453E-02
GradDelSqRho =  5.9084681592E-15  6.2137794909E-15 -2.7811086767E-14
HessDelSqRho_EigVals = -1.3629108980E-01  1.0571010390E-02  2.3445406176E-01
HessDelSqRho_EigVec1 = -3.0985082219E-01 -2.6303230793E-01  9.1367744471E-01
HessDelSqRho_EigVec2 =  6.0789605495E-01  6.8409072530E-01  4.0309089041E-01
HessDelSqRho_EigVec3 =  7.3106419305E-01 -6.8031895795E-01  5.2069771375E-02
</CP of DelSqRho>
<CP of DelSqRho>
CP# = 36      
Type = (3,+1)
Coords =  9.53724425204088E-01 -1.03084452337640E+00 -1.39109730895625E+00
DistFromNuc =  2.3516343204E+00
Rho =  4.0570027514E-02
DelSqRho =  5.8125863453E-02
GradDelSqRho =  5.9292848409E-15  6.2137794909E-15  2.7859659024E-14
HessDelSqRho_EigVals = -1.3629108980E-01  1.0571010390E-02  2.3445406176E-01
HessDelSqRho_EigVec1 =  3.0985082219E-01  2.6303230793E-01  9.1367744471E-01
HessDelSqRho_EigVec2 =  6.0789605495E-01  6.8409072530E-01 -4.0309089041E-01
HessDelSqRho_EigVec3 =  7.3106419305E-01 -6.8031895795E-01 -5.2069771375E-02
</CP of DelSqRho>
<Path of -GradDelSqRho>
Starting CP# =      2
Ending CP# =      0
Number of Points =     32
  2.5972164794E+00 -2.5410849215E+00  1.0526800724E+00  2.8225041510E-01 -1.0720379243E+00
  2.5956187579E+00 -2.5555870541E+00  1.0729811913E+00  2.8226684667E-01 -1.0747139701E+00
  2.5940148790E+00 -2.5700854821E+00  1.0932844707E+00  2.8256041747E-01 -1.0837516718E+00
  2.5924062996E+00 -2.5845812777E+00  1.1135892578E+00  2.8315200383E-01 -1.1007815244E+00
  2.5907941332E+00 -2.5990752431E+00  1.1338950670E+00  2.8406138047E-01 -1.1275860384E+00
  2.5891792354E+00 -2.6135679778E+00  1.1542015375E+00  2.8530651168E-01 -1.1660822978E+00
  2.5875622640E+00 -2.6280599257E+00  1.1745084046E+00  2.8690275683E-01 -1.2182792468E+00
  2.5859437226E+00 -2.6425514079E+00  1.1948154789E+00  2.8886200753E-01 -1.2861936007E+00
  2.5843239910E+00 -2.6570426455E+00  1.2151226328E+00  2.9119180104E-01 -1.3716989441E+00
  2.5827033458E+00 -2.6715337721E+00  1.2354297931E+00  2.9389450107E-01 -1.4762726292E+00
  2.5810819722E+00 -2.6860248378E+00  1.2557369387E+00  2.9696671282E-01 -1.6006016670E+00
  2.5794599663E+00 -2.7005158029E+00  1.2760441056E+00  3.0039921055E-01 -1.7440272675E+00
  2.5778373263E+00 -2.7150065181E+00  1.2963514002E+00  3.0417780024E-01 -1.9038727718E+00
  2.5762139287E+00 -2.7294966856E+00  1.3166590250E+00  3.0828568644E-01 -2.0748395905E+00
  2.5745894825E+00 -2.7439857919E+00  1.3369673231E+00  3.1270798451E-01 -2.2488827257E+00
  2.5729634673E+00 -2.7584730224E+00  1.3572768338E+00  3.1743888312E-01 -2.4162534678E+00
  2.5713351469E+00 -2.7729572990E+00  1.3775882667E+00  3.2249143866E-01 -2.5685958435E+00
  2.5697041642E+00 -2.7874381745E+00  1.3979019108E+00  3.2790891445E-01 -2.7048836928E+00
  2.5680726950E+00 -2.8019189247E+00  1.4182156052E+00  3.3377495269E-01 -2.8403373532E+00
  2.5664461104E+00 -2.8164072619E+00  1.4385242804E+00  3.4021796683E-01 -3.0171439183E+00
  2.5648269124E+00 -2.8309064968E+00  1.4588257673E+00  3.4740360706E-01 -3.3140136130E+00
  2.5632132168E+00 -2.8454136899E+00  1.4791220066E+00  3.5550892714E-01 -3.8498863002E+00
  2.5616027483E+00 -2.8599254969E+00  1.4994152037E+00  3.6467401782E-01 -4.7761945101E+00
  2.5599941338E+00 -2.8744399370E+00  1.5197066646E+00  3.7493196925E-01 -6.2526865899E+00
  2.5583866436E+00 -2.8889559686E+00  1.5399970761E+00  3.8612599436E-01 -8.4046041062E+00
  2.5567798862E+00 -2.9034730378E+00  1.5602868034E+00  3.9783225681E-01 -1.1264880854E+01
  2.5551736430E+00 -2.9179908365E+00  1.5805760494E+00  4.0931562099E-01 -1.4714475341E+01
  2.5535677849E+00 -2.9325091836E+00  1.6008649335E+00  4.1954846241E-01 -1.8444817753E+01
  2.5519622287E+00 -2.9470279623E+00  1.6211535326E+00  4.2731418714E-01 -2.1971622270E+01
  2.5503569076E+00 -2.9615470779E+00  1.6414419093E+00  4.3139408181E-01 -2.4719223034E+01
  2.5487517199E+00 -2.9760663849E+00  1.6617301595E+00  4.3080290240E-01 -2.6165391045E+01
  2.5481095670E+00 -2.9818739953E+00  1.6698455338E+00  4.2912041163E-01 -2.6299847301E+01
</Path of -GradDelSqRho>
<Path of -GradDelSqRho>
Starting CP# =      2
Ending CP# =     19
Number of Points =      9
  2.5972164794E+00 -2.5410849215E+00  1.0526800724E+00  2.8225041510E-01 -1.0720379243E+00
  2.5988063463E+00 -2.5265777942E+00  1.0323819057E+00  2.8248976566E-01 -1.0742467170E+00
  2.6003856100E+00 -2.5120636185E+00  1.0120879507E+00  2.8296360225E-01 -1.0800085572E+00
  2.6019507052E+00 -2.4975396766E+00  9.9179988648E-01  2.8365116161E-01 -1.0881209258E+00
  2.6034964970E+00 -2.4830020343E+00  9.7152015733E-01  2.8453263388E-01 -1.0974896876E+00
  2.6050151315E+00 -2.4684446636E+00  9.5125253405E-01  2.8558954847E-01 -1.1071042722E+00
  2.6064934456E+00 -2.4538574705E+00  9.3100338542E-01  2.8680514370E-01 -1.1160094968E+00
  2.6079058178E+00 -2.4392208898E+00  9.1078521059E-01  2.8816473455E-01 -1.1232738958E+00
  2.6098014904E+00 -2.4128896430E+00  8.7532821559E-01  2.9088457936E-01 -1.1291703826E+00
</Path of -GradDelSqRho>
<Path of -GradDelSqRho>
Starting CP# =      3
Ending CP# =     20
Number of Points =      9
  2.5972164794E+00 -2.5410849215E+00 -1.0526800724E+00  2.8225041510E-01 -1.0720379243E+00
  2.5988063463E+00 -2.5265777942E+00 -1.0323819057E+00  2.8248976566E-01 -1.0742467170E+00
  2.6003856100E+00 -2.5120636185E+00 -1.0120879507E+00  2.8296360225E-01 -1.0800085572E+00
  2.6019507052E+00 -2.4975396766E+00 -9.9179988648E-01  2.8365116161E-01 -1.0881209258E+00
  2.6034964970E+00 -2.4830020343E+00 -9.7152015733E-01  2.8453263388E-01 -1.0974896876E+00
  2.6050151315E+00 -2.4684446636E+00 -9.5125253405E-01  2.8558954847E-01 -1.1071042722E+00
  2.6064934456E+00 -2.4538574705E+00 -9.3100338542E-01  2.8680514370E-01 -1.1160094968E+00
  2.6079058178E+00 -2.4392208898E+00 -9.1078521059E-01  2.8816473455E-01 -1.1232738958E+00
  2.6098014904E+00 -2.4128896430E+00 -8.7532821559E-01  2.9088457936E-01 -1.1291703826E+00
</Path of -GradDelSqRho>
<Path of -GradDelSqRho>
Starting CP# =      3
Ending CP# =      0
Number of Points =     32
  2.5972164794E+00 -2.5410849215E+00 -1.0526800724E+00  2.8225041510E-01 -1.0720379243E+00
  2.5956187579E+00 -2.5555870541E+00 -1.0729811913E+00  2.8226684667E-01 -1.0747139701E+00
  2.5940148790E+00 -2.5700854821E+00 -1.0932844707E+00  2.8256041747E-01 -1.0837516718E+00
  2.5924062996E+00 -2.5845812777E+00 -1.1135892578E+00  2.8315200383E-01 -1.1007815244E+00
  2.5907941332E+00 -2.5990752431E+00 -1.1338950670E+00  2.8406138047E-01 -1.1275860384E+00
  2.5891792354E+00 -2.6135679778E+00 -1.1542015375E+00  2.8530651168E-01 -1.1660822978E+00
  2.5875622640E+00 -2.6280599257E+00 -1.1745084046E+00  2.8690275683E-01 -1.2182792468E+00
  2.5859437226E+00 -2.6425514079E+00 -1.1948154789E+00  2.8886200753E-01 -1.2861936007E+00
  2.5843239910E+00 -2.6570426455E+00 -1.2151226328E+00  2.9119180104E-01 -1.3716989441E+00
  2.5827033458E+00 -2.6715337721E+00 -1.2354297931E+00  2.9389450107E-01 -1.4762726292E+00
  2.5810819722E+00 -2.6860248378E+00 -1.2557369387E+00  2.9696671282E-01 -1.6006016670E+00
  2.5794599663E+00 -2.7005158029E+00 -1.2760441056E+00  3.0039921055E-01 -1.7440272675E+00
  2.5778373263E+00 -2.7150065181E+00 -1.2963514002E+00  3.0417780024E-01 -1.9038727718E+00
  2.5762139287E+00 -2.7294966856E+00 -1.3166590250E+00  3.0828568644E-01 -2.0748395905E+00
  2.5745894825E+00 -2.7439857919E+00 -1.3369673231E+00  3.1270798451E-01 -2.2488827257E+00
  2.5729634673E+00 -2.7584730224E+00 -1.3572768338E+00  3.1743888312E-01 -2.4162534678E+00
  2.5713351469E+00 -2.7729572990E+00 -1.3775882667E+00  3.2249143866E-01 -2.5685958435E+00
  2.5697041642E+00 -2.7874381745E+00 -1.3979019108E+00  3.2790891445E-01 -2.7048836928E+00
  2.5680726950E+00 -2.8019189247E+00 -1.4182156052E+00  3.3377495269E-01 -2.8403373532E+00
  2.5664461104E+00 -2.8164072619E+00 -1.4385242804E+00  3.4021796683E-01 -3.0171439183E+00
  2.5648269124E+00 -2.8309064968E+00 -1.4588257673E+00  3.4740360706E-01 -3.3140136130E+00
  2.5632132168E+00 -2.8454136899E+00 -1.4791220066E+00  3.5550892714E-01 -3.8498863002E+00
  2.5616027483E+00 -2.8599254969E+00 -1.4994152037E+00  3.6467401782E-01 -4.7761945101E+00
  2.5599941338E+00 -2.8744399370E+00 -1.5197066646E+00  3.7493196925E-01 -6.2526865899E+00
  2.5583866436E+00 -2.8889559686E+00 -1.5399970761E+00  3.8612599436E-01 -8.4046041062E+00
  2.5567798862E+00 -2.9034730378E+00 -1.5602868034E+00  3.9783225681E-01 -1.1264880854E+01
  2.5551736430E+00 -2.9179908365E+00 -1.5805760494E+00  4.0931562099E-01 -1.4714475341E+01
  2.5535677849E+00 -2.9325091836E+00 -1.6008649335E+00  4.1954846241E-01 -1.8444817753E+01
  2.5519622287E+00 -2.9470279623E+00 -1.6211535326E+00  4.2731418714E-01 -2.1971622270E+01
  2.5503569076E+00 -2.9615470779E+00 -1.6414419093E+00  4.3139408181E-01 -2.4719223034E+01
  2.5487517199E+00 -2.9760663849E+00 -1.6617301595E+00  4.3080290240E-01 -2.6165391045E+01
  2.5481095670E+00 -2.9818739953E+00 -1.6698455338E+00  4.2912041163E-01 -2.6299847301E+01
</Path of -GradDelSqRho>
<Path of -GradDelSqRho>
Starting CP# =      4
Ending CP# =      0
Number of Points =     32
  3.8362180800E+00 -1.2089280820E+00 -1.6515872229E-19  2.8013443814E-01 -1.0568108349E+00
  3.8585612316E+00 -1.1977127543E+00  1.9393587261E-20  2.8018310873E-01 -1.0594058350E+00
  3.8809019623E+00 -1.1864926049E+00 -4.9635279091E-21  2.8050680778E-01 -1.0681848415E+00
  3.9032410782E+00 -1.1752692410E+00  3.5235323086E-20  2.8112638167E-01 -1.0847554752E+00
  3.9255791735E+00 -1.1640438458E+00  3.4678338081E-20  2.8206164752E-01 -1.1108791993E+00
  3.9479166832E+00 -1.1528172852E+00  2.6022204987E-20  2.8333069767E-01 -1.1484560024E+00
  3.9702539204E+00 -1.1415901825E+00  2.8629785973E-20  2.8494911705E-01 -1.1994850009E+00
  3.9925911023E+00 -1.1303629699E+00  2.2491378424E-20  2.8692912852E-01 -1.2659856513E+00
  4.0149283673E+00 -1.1191359226E+00  2.2282471711E-20  2.8927870745E-01 -1.3498551660E+00
  4.0372657840E+00 -1.1079091770E+00  2.1627843825E-20  2.9200075073E-01 -1.4526276328E+00
  4.0596033523E+00 -1.0966827331E+00  1.8430838372E-20  2.9509245775E-01 -1.5750957367E+00
  4.0819409954E+00 -1.0854564380E+00  1.8247577300E-20  2.9854518871E-01 -1.7167712804E+00
  4.1042785392E+00 -1.0742299455E+00  1.6901690071E-20  3.0234520738E-01 -1.8752197805E+00
  4.1266156742E+00 -1.0630026395E+00  1.4401673910E-20  3.0647586378E-01 -2.0454356979E+00
  4.1489518902E+00 -1.0517735052E+00  1.3982420272E-20  3.1092185730E-01 -2.2196435320E+00
  4.1712863901E+00 -1.0405409583E+00  1.2689402942E-20  3.1567611269E-01 -2.3881849145E+00
  4.1936181008E+00 -1.0293028672E+00  1.1451378344E-20  3.2074932487E-01 -2.5423669349E+00
  4.2159464228E+00 -1.0180580447E+00  6.9525608710E-21  3.2618121895E-01 -2.6800887642E+00
  4.2382741160E+00 -1.0068119736E+00  4.0110215172E-21  3.3205099687E-01 -2.8144798829E+00
  4.2606087442E+00 -9.9557968365E-01  4.0413612937E-21  3.3848255440E-01 -2.9845335323E+00
  4.2829543541E+00 -9.8436925663E-01  4.0460932175E-21  3.4563844257E-01 -3.2649573365E+00
  4.3053083059E+00 -9.7317547170E-01  3.5288872830E-21  3.5369612424E-01 -3.7707054880E+00
  4.3276671304E+00 -9.6199142226E-01  2.6653947439E-21  3.6280194933E-01 -4.6506351022E+00
  4.3500287210E+00 -9.5081290422E-01  2.0083234948E-21  3.7300307904E-01 -6.0651460983E+00
  4.3723919691E+00 -9.3963770264E-01  1.8923700185E-21  3.8416528602E-01 -8.1451974648E+00
  4.3947562886E+00 -9.2846464507E-01  1.7551118530E-21  3.9589418131E-01 -1.0935619322E+01
  4.4171213558E+00 -9.1729308442E-01  1.4401646190E-21  4.0748637534E-01 -1.4334762079E+01
  4.4394869824E+00 -9.0612264364E-01  1.0489404925E-21  4.1794082510E-01 -1.8053479370E+01
  4.4618530487E+00 -8.9495308332E-01  6.4245941535E-22  4.2605347884E-01 -2.1622696733E+01
  4.4842194615E+00 -8.8378421683E-01  5.1138179409E-22  4.3059671073E-01 -2.4470587682E+01
  4.5065860915E+00 -8.7261578538E-01 -5.1989492816E-22  4.3055237330E-01 -2.6062843365E+01
  4.5177693103E+00 -8.6703137688E-01 -2.8226762505E-21  4.2860567606E-01 -2.6271401004E+01
</Path of -GradDelSqRho>
<Path of -GradDelSqRho>
Starting CP# =      4
Ending CP# =     18
Number of Points =      9
  3.8362180800E+00 -1.2089280820E+00 -1.6515872229E-19  2.8013443814E-01 -1.0568108349E+00
  3.8138715158E+00 -1.2201366081E+00 -7.9985697389E-20  2.8033952757E-01 -1.0589462887E+00
  3.7915199741E+00 -1.2313352049E+00 -4.5219900524E-20  2.8077721470E-01 -1.0645030262E+00
  3.7691613538E+00 -1.2425196616E+00 -2.9063111265E-21  2.8142690272E-01 -1.0722997228E+00
  3.7467925933E+00 -1.2536838226E+00  1.4548275170E-20  2.8226896932E-01 -1.0812614025E+00
  3.7244089640E+00 -1.2648181390E+00  2.9590786786E-20  2.8328514194E-01 -1.0903941458E+00
  3.7020024510E+00 -1.2759063230E+00 -2.2018659619E-20  2.8445885779E-01 -1.0987565509E+00
  3.6795571443E+00 -1.2869157306E+00 -8.5111640765E-20  2.8577562108E-01 -1.1054278066E+00
  3.6430973933E+00 -1.3040257585E+00  1.5226580640E-19  2.8816767918E-01 -1.1102266118E+00
</Path of -GradDelSqRho>
<Path of -GradDelSqRho>
Starting CP# =      5
Ending CP# =     13
Number of Points =     36
  2.5515323602E+00 -1.6207144170E+00  5.5781494750E-18  9.2250635909E+00  2.8001630299E+02
  2.5363847498E+00 -1.6008259807E+00  6.1905508923E-18  6.9798294028E+00  2.6783518118E+02
  2.5212350158E+00 -1.5809391619E+00  6.8092902759E-18  5.2959068699E+00  2.4332040723E+02
  2.5060838848E+00 -1.5610534075E+00  7.4285774757E-18  4.0325952826E+00  2.1247121058E+02
  2.4909316264E+00 -1.5411685121E+00  8.0476321996E-18  3.0865746347E+00  1.7837415758E+02
  2.4757779176E+00 -1.5212847220E+00  8.6665313446E-18  2.3795724662E+00  1.4476053723E+02
  2.4606220968E+00 -1.5014025416E+00  9.2848367514E-18  1.8516929437E+00  1.1465545148E+02
  2.4454632483E+00 -1.4815226696E+00  9.9025068885E-18  1.4574296413E+00  8.9501341770E+01
  2.4303002003E+00 -1.4616460006E+00  1.0520069360E-17  1.1626474584E+00  6.9375186894E+01
  2.4151315260E+00 -1.4417736249E+00  1.1136172427E-17  9.4199280920E-01  5.3613818256E+01
  2.3999555685E+00 -1.4219068107E+00  1.1749836915E-17  7.7669999642E-01  4.1341201289E+01
  2.3847704499E+00 -1.4020469981E+00  1.2361752258E-17  6.5284303560E-01  3.1757479876E+01
  2.3695740006E+00 -1.3821958544E+00  1.2971768014E-17  5.6002299142E-01  2.4236967239E+01
  2.3543635735E+00 -1.3623554189E+00  1.3579843661E-17  4.9042280102E-01  1.8322371466E+01
  2.3391357488E+00 -1.3425283338E+00  1.4183667807E-17  4.3813968538E-01  1.3682133420E+01
  2.3238859481E+00 -1.3227181472E+00  1.4781918299E-17  3.9871179621E-01  1.0067066178E+01
  2.3086079557E+00 -1.3029296957E+00  1.5375939449E-17  3.6877502654E-01  7.2795340506E+00
  2.2932933111E+00 -1.2831695987E+00  1.5962150098E-17  3.4580648646E-01  5.1558717475E+00
  2.2779305192E+00 -1.2634469159E+00  1.6538618848E-17  3.2792750181E-01  3.5580181282E+00
  2.2625040121E+00 -1.2437740371E+00  1.7102802350E-17  3.1374988071E-01  2.3699662791E+00
  2.2469927861E+00 -1.2241679006E+00  1.7649357389E-17  3.0225551753E-01  1.4959494488E+00
  2.2313686176E+00 -1.2046516752E+00  1.8170778323E-17  2.9270270262E-01  8.5877300879E-01
  2.2155937090E+00 -1.1852571372E+00  1.8665307832E-17  2.8455413497E-01  3.9776419591E-01
  2.1996174851E+00 -1.1660281819E+00  1.9121529774E-17  2.7742250700E-01  6.6371596201E-02
  2.1833719482E+00 -1.1470263753E+00  1.9514466402E-17  2.7103015137E-01 -1.7035597730E-01
  2.1667643154E+00 -1.1283405415E+00  1.9839543237E-17  2.6517985368E-01 -3.3818027445E-01
  2.1496642084E+00 -1.1101050072E+00  2.0059893231E-17  2.5973470102E-01 -4.5581750343E-01
  2.1318795851E+00 -1.0925380890E+00  2.0126585136E-17  2.5460608163E-01 -5.3674298594E-01
  2.1131092428E+00 -1.0760334469E+00  1.9978956819E-17  2.4975193509E-01 -5.9065383826E-01
  2.0928521474E+00 -1.0614106167E+00  1.9451338252E-17  2.4519788983E-01 -6.2464701623E-01
  2.0703362599E+00 -1.0507002533E+00  1.8332419149E-17  2.4114078308E-01 -6.4426626645E-01
  2.0456561001E+00 -1.0488314273E+00  1.6031018719E-17  2.3828705597E-01 -6.5472342852E-01
  2.0229225553E+00 -1.0587984528E+00  1.2726398216E-17  2.3736622127E-01 -6.6114275803E-01
  2.0034888500E+00 -1.0744909184E+00  9.3888717876E-18  2.3746282180E-01 -6.6586579739E-01
  1.9854374285E+00 -1.0917837619E+00  6.1297263132E-18  2.3771977199E-01 -6.6916978474E-01
  1.9547887941E+00 -1.1236817908E+00  2.1298947331E-18  2.3793024929E-01 -6.7147184409E-01
</Path of -GradDelSqRho>
<Path of -GradDelSqRho>
Starting CP# =      5
Ending CP# =      1
Number of Points =      9
  2.5515323602E+00 -1.6207144170E+00  5.5781494750E-18  9.2250635909E+00  2.8001630299E+02
  2.5666778879E+00 -1.6406044393E+00  4.9496201684E-18  1.2229425397E+01  2.4974173483E+02
  2.5818219627E+00 -1.6604955679E+00  4.3275378541E-18  1.6268941650E+01  7.5717095226E+01
  2.5969652972E+00 -1.6803872602E+00  3.7053901161E-18  2.1704397814E+01 -4.3847699767E+02
  2.6121082780E+00 -1.7002792217E+00  3.0835641210E-18  2.8985160892E+01 -1.4843105925E+03
  2.6272509464E+00 -1.7201714210E+00  2.4618788470E-18  3.8761461659E+01 -3.5324775640E+03
  2.6423931755E+00 -1.7400639547E+00  1.8402675249E-18  5.2052545220E+01 -9.4845727702E+03
  2.6575351804E+00 -1.7599566591E+00  1.2186875392E-18  6.9874746941E+01 -2.2795336720E+04
