 AIMInt (Version 19.10.12, Professional)
 Portions Copyright (c) 1997-2019 by Todd A. Keith
 AIMInt is a component of the AIMAll package ( http://aim.tkgristmill.com )

 TP:  64-bit Mac OS X

 AIMInt is a heavily modified and extended version of the PROAIMV program
 developed by members of R.F.W. Bader's research group

 Much of the Quantum Theory of Atoms in Molecules (QTAIM) is described in the book:
   "Atoms in Molecules - A Quantum Theory"
   R.F.W. Bader, Oxford University Press, Oxford, 1990

 For additional references see:  http://aim.tkgristmill.com/references.html

 Current Directory:  /Users/chemlab/Documents/SubstituentCoding/BCP Map Reference/BCPMapReference

 Inp File:  SubH_GeFHCH3_reor_wb97xd_aug-cc-pvtz_atomicfiles/f7.inp
 Wfx File:  SubH_GeFHCH3_reor_wb97xd_aug-cc-pvtz.wfx
 Out File:  SubH_GeFHCH3_reor_wb97xd_aug-cc-pvtz_atomicfiles/f7.int

 Wfx Title:   Title Card Required                                                           
 Job Title:   Title Card Required                                                           
 
<Atom>
F7      
</Atom>
<Nuclei of Molecule>
     8
H1         1.0          -6.8892833080E-02   2.3126216551E+00   2.3977071155E+00
H2         1.0          -6.8892833080E-02   2.3126216551E+00  -2.3977071155E+00
C3         6.0           2.6872254284E+00  -1.7989633462E+00   0.0000000000E+00
H4         1.0           2.5477867668E+00  -2.9849279794E+00   1.6740753224E+00
H5         1.0           2.5477867668E+00  -2.9849279794E+00  -1.6740753224E+00
H6         1.0           4.5224062112E+00  -8.6476204696E-01   0.0000000000E+00
F7         9.0          -2.8448385166E+00  -1.0019631476E+00   0.0000000000E+00
Ge8       32.0          -7.9240299391E-17   6.8815072191E-01   0.0000000000E+00
</Nuclei of Molecule>
<Total Number of CPs of DelSqRho>
    16
</Total Number of CPs of DelSqRho>
<Number of (3,+3) CPs of DelSqRho>
     4
</Number of (3,+3) CPs of DelSqRho>
<Number of (3,+1) CPs of DelSqRho>
     5
</Number of (3,+1) CPs of DelSqRho>
<Number of (3,-1) CPs of DelSqRho>
     4
</Number of (3,-1) CPs of DelSqRho>
<Number of (3,-3) CPs of DelSqRho>
     3
</Number of (3,-3) CPs of DelSqRho>
<Number of Degenerate CPs of DelSqRho>
     0
</Number of Degenerate CPs of DelSqRho>
<CP of DelSqRho>
CP# = 1       
Type = (3,+3)
Coords = -2.84483825879322E+00 -1.00196299535784E+00 -2.30780703058820E-26
DistFromNuc =  2.9935654157E-07
Rho =  4.2965152499E+02
DelSqRho = -6.1051494475E+06
GradDelSqRho =  3.9764753637E-05  1.9258810426E-05 -1.3265321394E-16
HessDelSqRho_EigVals =  3.0874106633E+11  3.0874106639E+11  3.0874109104E+11
HessDelSqRho_EigVec1 = -5.2159872480E-01  8.5319093425E-01  1.0498619045E-19
HessDelSqRho_EigVec2 = -3.3725872270E-19 -3.2923452285E-19  1.0000000000E+00
HessDelSqRho_EigVec3 =  8.5319093425E-01  5.2159872480E-01  4.5947439198E-19
</CP of DelSqRho>
<CP of DelSqRho>
CP# = 2       
Type = (3,-1)
Coords = -1.57426205564683E+00 -2.53178595278532E-01  4.34398787612205E-19
DistFromNuc =  1.4748026474E+00
Rho =  1.7548608076E-01
DelSqRho =  3.5402140468E-01
GradDelSqRho = -7.2164496601E-16 -6.1617377867E-15  2.7509906337E-20
HessDelSqRho_EigVals = -3.2953596600E-01 -3.2726640487E-01  9.3450604966E+00
HessDelSqRho_EigVec1 = -5.1148843212E-01  8.5929016275E-01  0.0000000000E+00
HessDelSqRho_EigVec2 =  0.0000000000E+00  0.0000000000E+00  1.0000000000E+00
HessDelSqRho_EigVec3 =  8.5929016275E-01  5.1148843212E-01  0.0000000000E+00
</CP of DelSqRho>
<CP of DelSqRho>
CP# = 3       
Type = (3,+1)
Coords = -2.72069196979894E+00 -1.08472420262139E+00  1.16256579059925E-18
DistFromNuc =  1.4920374426E-01
Rho =  3.2688887530E+01
DelSqRho =  2.3247013286E+03
GradDelSqRho =  6.8212102633E-12  2.0577317628E-11 -1.8400585147E-17
HessDelSqRho_EigVals = -9.8631583950E+05  3.1547229911E+01  3.5401432911E+03
HessDelSqRho_EigVec1 =  8.2957715792E-01 -5.5839210154E-01  7.8068720036E-18
HessDelSqRho_EigVec2 = -5.1469779109E-18  6.3343601865E-18  1.0000000000E+00
HessDelSqRho_EigVec3 =  5.5839210154E-01  8.2957715792E-01 -2.3808087086E-18
</CP of DelSqRho>
<CP of DelSqRho>
CP# = 4       
Type = (3,-3)
Coords = -2.97129245809565E+00 -1.07857421831928E+00 -1.51954453879527E-20
DistFromNuc =  1.4785078793E-01
Rho =  3.3056654729E+01
DelSqRho =  2.4223649799E+03
GradDelSqRho =  3.7971403799E-11  5.3660187405E-11  1.6077637422E-17
HessDelSqRho_EigVals = -1.0813443545E+06 -6.2748964058E+03 -6.2697677952E+03
HessDelSqRho_EigVec1 =  8.5530646905E-01  5.1812242183E-01  1.0246186449E-19
HessDelSqRho_EigVec2 = -5.1812242183E-01  8.5530646905E-01  2.2776875327E-20
HessDelSqRho_EigVec3 = -7.5835085723E-20 -7.2568998187E-20  1.0000000000E+00
</CP of DelSqRho>
<CP of DelSqRho>
CP# = 5       
Type = (3,-1)
Coords = -2.86104869529970E+00 -8.53662225198697E-01  1.33732879102305E-18
DistFromNuc =  1.4918422663E-01
Rho =  3.2695362161E+01
DelSqRho =  2.3257367035E+03
GradDelSqRho =  1.1993961380E-11  8.4128259914E-12  5.1707145839E-18
HessDelSqRho_EigVals = -9.8754134858E+05 -2.0751169878E+01  3.4650953592E+03
HessDelSqRho_EigVec1 = -1.1313887668E-01  9.9357918385E-01  8.9822855451E-18
HessDelSqRho_EigVec2 =  5.2441479263E-18 -8.4431806502E-18  1.0000000000E+00
HessDelSqRho_EigVec3 =  9.9357918385E-01  1.1313887668E-01 -4.2552242423E-18
</CP of DelSqRho>
<CP of DelSqRho>
CP# = 6       
Type = (3,-3)
Coords = -2.71808125375635E+00 -9.22577369346237E-01 -9.54785030708565E-21
DistFromNuc =  1.4956438566E-01
Rho =  3.2439038885E+01
DelSqRho =  2.3409568645E+03
GradDelSqRho = -4.3428372010E-11  1.8644641386E-11  8.8385189502E-17
HessDelSqRho_EigVals = -9.7145359111E+05 -2.4330509426E+03 -2.4280190928E+03
HessDelSqRho_EigVec1 =  8.4744236205E-01  5.3088741086E-01 -6.3018299754E-20
HessDelSqRho_EigVec2 = -5.3088741086E-01  8.4744236205E-01 -1.5493282970E-20
HessDelSqRho_EigVec3 =  4.5179187914E-20  4.6585286309E-20  1.0000000000E+00
</CP of DelSqRho>
<CP of DelSqRho>
CP# = 7       
Type = (3,-1)
Coords = -2.31006215256674E+00 -6.73487559518436E-01 -3.97879220909289E-19
DistFromNuc =  6.2760016845E-01
Rho =  1.1431930538E+00
DelSqRho = -3.6992407914E+00
GradDelSqRho = -6.2172489379E-14 -7.7271522514E-14 -5.6951211233E-18
HessDelSqRho_EigVals = -7.3081990474E+00 -7.2134752192E+00  3.7049969273E+02
HessDelSqRho_EigVec1 =  0.0000000000E+00  0.0000000000E+00  1.0000000000E+00
HessDelSqRho_EigVec2 = -5.2419064056E-01  8.5160094666E-01  0.0000000000E+00
HessDelSqRho_EigVec3 =  8.5160094666E-01  5.2419064056E-01  0.0000000000E+00
</CP of DelSqRho>
<CP of DelSqRho>
CP# = 8       
Type = (3,-1)
Coords = -3.34658721598551E+00 -1.31029126772407E+00 -1.13744094535319E-19
DistFromNuc =  5.8891254618E-01
Rho =  1.3137421696E+00
DelSqRho = -5.0073185271E+00
GradDelSqRho = -3.5527136788E-15  5.5067062021E-14 -3.2007490098E-18
HessDelSqRho_EigVals = -1.3477482002E+01 -1.3414746207E+01  5.5612849520E+02
HessDelSqRho_EigVec1 =  0.0000000000E+00  0.0000000000E+00  1.0000000000E+00
HessDelSqRho_EigVec2 = -5.2339759700E-01  8.5208858428E-01  0.0000000000E+00
HessDelSqRho_EigVec3 =  8.5208858428E-01  5.2339759700E-01  0.0000000000E+00
</CP of DelSqRho>
<CP of DelSqRho>
CP# = 9       
Type = (3,+3)
Coords = -3.24537289175773E+00 -5.97277510745130E-01  4.41207573254802E-17
DistFromNuc =  5.6938409741E-01
Rho =  1.4563249191E+00
DelSqRho = -6.8912838007E+00
GradDelSqRho = -7.1054273576E-14  7.0166095156E-14  3.8642462752E-18
HessDelSqRho_EigVals =  1.9304905681E-01  1.8740651281E+01  7.0585909476E+02
HessDelSqRho_EigVec1 = -1.1443560680E-18 -1.0822706390E-16  1.0000000000E+00
HessDelSqRho_EigVec2 =  7.0897346763E-01  7.0523515383E-01  7.7136848151E-17
HessDelSqRho_EigVec3 = -7.0523515383E-01  7.0897346763E-01  7.5923076661E-17
</CP of DelSqRho>
<CP of DelSqRho>
CP# = 10      
Type = (3,+1)
Coords = -2.67197954274716E+00 -1.54490257222849E+00 -1.19947952440545E-17
DistFromNuc =  5.6979245665E-01
Rho =  1.4532586588E+00
DelSqRho = -6.8491647002E+00
GradDelSqRho =  8.8817841970E-15  2.8421709430E-14  5.7192112836E-18
HessDelSqRho_EigVals = -2.8764311565E-01  1.8576847004E+01  7.0152679205E+02
HessDelSqRho_EigVec1 =  6.9901586062E-18 -1.9880628776E-17  1.0000000000E+00
HessDelSqRho_EigVec2 =  9.5341367624E-01  3.0166597746E-01 -6.6720350197E-19
HessDelSqRho_EigVec3 = -3.0166597746E-01  9.5341367624E-01  2.1063156396E-17
</CP of DelSqRho>
<CP of DelSqRho>
CP# = 11      
Type = (3,+1)
Coords = -3.02702150812347E+00 -9.61345890062556E-01  5.38095257440842E-01
DistFromNuc =  5.6954974331E-01
Rho =  1.4549682771E+00
DelSqRho = -6.8719418326E+00
GradDelSqRho = -5.8975047068E-13  5.2757798130E-13  9.9475983006E-13
HessDelSqRho_EigVals = -1.1985086596E-01  1.8643163408E+01  7.0429739400E+02
HessDelSqRho_EigVec1 = -5.1157063425E-01  8.2622483577E-01 -2.3589829785E-01
HessDelSqRho_EigVec2 =  7.9678344733E-01  5.5891590879E-01  2.2967182012E-01
HessDelSqRho_EigVec3 = -3.2160787338E-01  7.0466500294E-02  9.4424723887E-01
</CP of DelSqRho>
<CP of DelSqRho>
CP# = 12      
Type = (3,+1)
Coords = -3.02702150812350E+00 -9.61345890062520E-01 -5.38095257440832E-01
DistFromNuc =  5.6954974331E-01
Rho =  1.4549682771E+00
DelSqRho = -6.8719418326E+00
GradDelSqRho = -6.2527760747E-13  5.4356519286E-13 -1.1510792319E-12
HessDelSqRho_EigVals = -1.1985086596E-01  1.8643163408E+01  7.0429739400E+02
HessDelSqRho_EigVec1 = -5.1157063425E-01  8.2622483577E-01  2.3589829785E-01
HessDelSqRho_EigVec2 =  7.9678344733E-01  5.5891590879E-01 -2.2967182012E-01
HessDelSqRho_EigVec3 =  3.2160787338E-01 -7.0466500294E-02  9.4424723887E-01
</CP of DelSqRho>
<CP of DelSqRho>
CP# = 13      
Type = (3,+3)
Coords = -2.87563051059534E+00 -1.20485718615059E+00  5.31388407373540E-01
DistFromNuc =  5.6963828635E-01
Rho =  1.4546788408E+00
DelSqRho = -6.8738126625E+00
GradDelSqRho =  5.3290705182E-15  2.8421709430E-14  1.4210854715E-14
HessDelSqRho_EigVals =  1.3448667201E-01  1.8593876137E+01  7.0332372573E+02
HessDelSqRho_EigVec1 =  5.0522048661E-01 -8.1567075239E-01 -2.8183946424E-01
HessDelSqRho_EigVec2 =  8.6115189506E-01  4.5519518393E-01  2.2630677886E-01
HessDelSqRho_EigVec3 = -5.6299853815E-02 -3.5704140967E-01  9.3239034650E-01
</CP of DelSqRho>
<CP of DelSqRho>
CP# = 14      
Type = (3,+3)
Coords = -2.87563051059538E+00 -1.20485718615052E+00 -5.31388407373565E-01
DistFromNuc =  5.6963828635E-01
Rho =  1.4546788408E+00
DelSqRho = -6.8738126625E+00
GradDelSqRho = -1.7763568394E-14  2.8421709430E-14  0.0000000000E+00
HessDelSqRho_EigVals =  1.3448667201E-01  1.8593876137E+01  7.0332372573E+02
HessDelSqRho_EigVec1 =  5.0522048661E-01 -8.1567075239E-01  2.8183946424E-01
HessDelSqRho_EigVec2 =  8.6115189506E-01  4.5519518393E-01 -2.2630677886E-01
HessDelSqRho_EigVec3 =  5.6299853815E-02  3.5704140967E-01  9.3239034650E-01
</CP of DelSqRho>
<CP of DelSqRho>
CP# = 15      
Type = (3,+1)
Coords = -1.93817761878809E+00 -4.61640945963715E-01  7.78344815056725E-19
DistFromNuc =  1.0554534879E+00
Rho =  4.0687287264E-01
DelSqRho =  8.8601287611E-01
GradDelSqRho = -6.8833827527E-15 -4.1633363423E-15 -1.4118988195E-18
HessDelSqRho_EigVals = -3.4209853017E+01  1.6152346460E+00  1.6253039615E+00
HessDelSqRho_EigVec1 =  8.5885205350E-01  5.1222373060E-01  0.0000000000E+00
HessDelSqRho_EigVec2 =  0.0000000000E+00  0.0000000000E+00  1.0000000000E+00
HessDelSqRho_EigVec3 = -5.1222373060E-01  8.5885205350E-01  0.0000000000E+00
</CP of DelSqRho>
<CP of DelSqRho>
CP# = 16      
Type = (3,-3)
Coords = -3.72764579984489E+00 -1.53341721712953E+00 -1.93376339293519E-18
DistFromNuc =  1.0304329806E+00
Rho =  3.7977957478E-01
DelSqRho =  1.4912641624E+00
GradDelSqRho =  7.3470118878E-12  3.7820857557E-12 -9.2962252434E-20
HessDelSqRho_EigVals = -4.7143485849E+01 -1.9889140991E-01 -1.9525556304E-01
HessDelSqRho_EigVec1 =  8.5668826522E-01  5.1583448531E-01  0.0000000000E+00
HessDelSqRho_EigVec2 = -5.1583448531E-01  8.5668826522E-01  0.0000000000E+00
HessDelSqRho_EigVec3 =  0.0000000000E+00  0.0000000000E+00  1.0000000000E+00
</CP of DelSqRho>
<Path of -GradDelSqRho>
Starting CP# =      3
Ending CP# =     10
Number of Points =     32
 -2.7206919698E+00 -1.0847242026E+00  1.1625657906E-18  3.2688887530E+01  2.3247013286E+03
 -2.6999677485E+00 -1.0987065647E+00  1.3571093742E-18  2.1641590334E+01  2.1354112611E+03
 -2.6792566785E+00 -1.1127084066E+00  1.5523626687E-18  1.4527144158E+01  1.7517806356E+03
 -2.6585498913E+00 -1.1267165811E+00  1.7476470707E-18  9.9678852680E+00  1.3063962801E+03
 -2.6378549565E+00 -1.1407422575E+00  1.9430406038E-18  7.0587369797E+00  9.1169061822E+02
 -2.6171820457E+00 -1.1548003713E+00  2.1385253414E-18  5.2013719131E+00  6.1458509966E+02
 -2.5965415318E+00 -1.1689060020E+00  2.3342951515E-18  4.0100530173E+00  4.0683737170E+02
 -2.5759429041E+00 -1.1830727231E+00  2.5303351664E-18  3.2400449152E+00  2.6430927879E+02
 -2.5553948650E+00 -1.1973127127E+00  2.7266499687E-18  2.7358592191E+00  1.6677037021E+02
 -2.5349078305E+00 -1.2116403176E+00  2.9233228935E-18  2.3980099334E+00  1.0080072064E+02
 -2.5144977887E+00 -1.2260773628E+00  3.1206073790E-18  2.1628739109E+00  5.7415134235E+01
 -2.4941907768E+00 -1.2406589168E+00  3.3184185384E-18  1.9902848419E+00  2.9998374962E+01
 -2.4740293573E+00 -1.2554409980E+00  3.5171545840E-18  1.8554508911E+00  1.3444390550E+01
 -2.4540846525E+00 -1.2705139056E+00  3.7165622861E-18  1.7434751579E+00  3.9133306766E+00
 -2.4344826262E+00 -1.2860290520E+00  3.9182747945E-18  1.6456528932E+00 -1.3064188999E+00
 -2.4154744335E+00 -1.3022636987E+00  4.1224455256E-18  1.5570919070E+00 -3.9982851988E+00
 -2.3977002835E+00 -1.3198278931E+00  4.3327328402E-18  1.4754981297E+00 -5.2597479422E+00
 -2.3840052242E+00 -1.3405603741E+00  4.5493028930E-18  1.4033432047E+00 -5.7373627995E+00
 -2.3891383899E+00 -1.3638389610E+00  4.7107316005E-18  1.3766729406E+00 -5.8873285436E+00
 -2.4058159377E+00 -1.3824397459E+00  4.7808812455E-18  1.3846429389E+00 -6.0064321610E+00
 -2.4237379031E+00 -1.3998670644E+00  4.8389865490E-18  1.3943879576E+00 -6.1213343419E+00
 -2.4423386941E+00 -1.4165683452E+00  4.8840710789E-18  1.4036453620E+00 -6.2310731498E+00
 -2.4615692626E+00 -1.4325404614E+00  4.9273549726E-18  1.4122658007E+00 -6.3345898692E+00
 -2.4813982979E+00 -1.4477632453E+00  4.9552990009E-18  1.4201831348E+00 -6.4308673461E+00
 -2.5017949977E+00 -1.4622165769E+00  4.9869881144E-18  1.4273402936E+00 -6.5189511196E+00
 -2.5227285202E+00 -1.4758808371E+00  5.0151685385E-18  1.4336878932E+00 -6.5979685221E+00
 -2.5441679004E+00 -1.4887368634E+00  5.0450801309E-18  1.4391849184E+00 -6.6671463571E+00
 -2.5660819648E+00 -1.5007659174E+00  5.0517820908E-18  1.4437992960E+00 -6.7258266106E+00
 -2.5884392401E+00 -1.5119496729E+00  5.0407829958E-18  1.4475083048E+00 -6.7734796989E+00
 -2.6112078601E+00 -1.5222702226E+00  5.0323202772E-18  1.4502988216E+00 -6.8097148482E+00
 -2.6343554742E+00 -1.5317101004E+00  5.0160509668E-18  1.4521674080E+00 -6.8342873130E+00
 -2.6719795427E+00 -1.5449025722E+00 -1.1994795244E-17  1.4532586588E+00 -6.8491647002E+00
</Path of -GradDelSqRho>
<Path of -GradDelSqRho>
Starting CP# =      3
Ending CP# =      1
Number of Points =      6
 -2.7206919698E+00 -1.0847242026E+00  1.1625657906E-18  3.2688887530E+01  2.3247013286E+03
 -2.7414502174E+00 -1.0707924127E+00  9.6754541545E-19  4.9896805252E+01  1.6664559446E+03
 -2.7622361810E+00 -1.0569019974E+00  7.7262215225E-19  7.6890883555E+01 -3.2837626876E+03
 -2.7830331062E+00 -1.0430279970E+00  5.7778251833E-19  1.1896827368E+02 -1.8677878723E+04
 -2.8038435199E+00 -1.0291742400E+00  3.8303677155E-19  1.8512525382E+02 -7.6077174066E+04
 -2.8448382588E+00 -1.0019629954E+00 -2.3078070306E-26  4.2965152499E+02 -6.1051494475E+06
</Path of -GradDelSqRho>
<Path of -GradDelSqRho>
Starting CP# =     10
Ending CP# =      0
Number of Points =    306
 -2.6719795427E+00 -1.5449025722E+00 -1.1994795244E-17  1.4532586588E+00 -6.8491647002E+00
 -2.6723335423E+00 -1.5437856094E+00  1.7909017150E-03  1.4571141390E+00 -6.8486814291E+00
 -2.6723335426E+00 -1.5437857534E+00  1.9156180320E-03  1.4571123469E+00 -6.8486819479E+00
 -2.6723335902E+00 -1.5437859270E+00  2.0481218856E-03  1.4571103262E+00 -6.8486825331E+00
 -2.6723336462E+00 -1.5437861185E+00  2.1887268169E-03  1.4571080535E+00 -6.8486831918E+00
 -2.6723337119E+00 -1.5437863282E+00  2.3377286750E-03  1.4571055048E+00 -6.8486839309E+00
 -2.6723337889E+00 -1.5437865565E+00  2.4954005019E-03  1.4571026551E+00 -6.8486847580E+00
 -2.6723338790E+00 -1.5437868031E+00  2.6619873774E-03  1.4570994794E+00 -6.8486856806E+00
 -2.6723339846E+00 -1.5437870675E+00  2.8377014648E-03  1.4570959529E+00 -6.8486867060E+00
 -2.6723341082E+00 -1.5437873481E+00  3.0227175003E-03  1.4570920513E+00 -6.8486878418E+00
 -2.6723342526E+00 -1.5437876430E+00  3.2171689718E-03  1.4570877516E+00 -6.8486890950E+00
 -2.6723344210E+00 -1.5437879493E+00  3.4211452208E-03  1.4570830324E+00 -6.8486904723E+00
 -2.6723346169E+00 -1.5437882632E+00  3.6346896655E-03  1.4570778745E+00 -6.8486919798E+00
 -2.6723348444E+00 -1.5437885799E+00  3.8577992808E-03  1.4570722614E+00 -6.8486936231E+00
 -2.6723351076E+00 -1.5437888936E+00  4.0904253993E-03  1.4570661795E+00 -6.8486954067E+00
 -2.6723354111E+00 -1.5437891976E+00  4.3324758060E-03  1.4570596187E+00 -6.8486973345E+00
 -2.6723357600E+00 -1.5437894841E+00  4.5838180196E-03  1.4570525721E+00 -6.8486994094E+00
 -2.6723361594E+00 -1.5437897444E+00  4.8442835752E-03  1.4570450363E+00 -6.8487016333E+00
 -2.6723366147E+00 -1.5437899690E+00  5.1136730675E-03  1.4570370115E+00 -6.8487040071E+00
 -2.6723371316E+00 -1.5437901476E+00  5.3917616848E-03  1.4570285010E+00 -6.8487065312E+00
 -2.6723377159E+00 -1.5437902691E+00  5.6783049552E-03  1.4570195113E+00 -6.8487092047E+00
 -2.6723383735E+00 -1.5437903221E+00  5.9730444471E-03  1.4570100513E+00 -6.8487120263E+00
 -2.6723391103E+00 -1.5437902945E+00  6.2757132026E-03  1.4570001323E+00 -6.8487149940E+00
 -2.6723399326E+00 -1.5437901742E+00  6.5860407277E-03  1.4569897676E+00 -6.8487181052E+00
 -2.6723408462E+00 -1.5437899486E+00  6.9037574212E-03  1.4569789719E+00 -6.8487213569E+00
 -2.6723418571E+00 -1.5437896053E+00  7.2285983701E-03  1.4569677610E+00 -6.8487247459E+00
 -2.6723429715E+00 -1.5437891315E+00  7.5603064908E-03  1.4569561517E+00 -6.8487282687E+00
 -2.6723441951E+00 -1.5437885148E+00  7.8986350271E-03  1.4569441608E+00 -6.8487319217E+00
 -2.6723455339E+00 -1.5437877427E+00  8.2433494490E-03  1.4569318058E+00 -6.8487357011E+00
 -2.6723469935E+00 -1.5437868029E+00  8.5942288092E-03  1.4569191038E+00 -6.8487396035E+00
 -2.6723485798E+00 -1.5437856833E+00  8.9510666298E-03  1.4569060718E+00 -6.8487436252E+00
 -2.6723502982E+00 -1.5437843719E+00  9.3136713898E-03  1.4568927264E+00 -6.8487477627E+00
 -2.6723521543E+00 -1.5437828571E+00  9.6818666864E-03  1.4568790836E+00 -6.8487520128E+00
 -2.6723541537E+00 -1.5437811271E+00  1.0055491137E-02  1.4568651589E+00 -6.8487563723E+00
 -2.6723563016E+00 -1.5437791706E+00  1.0434398082E-02  1.4568509671E+00 -6.8487608382E+00
 -2.6723586036E+00 -1.5437769765E+00  1.0818455135E-02  1.4568365224E+00 -6.8487654079E+00
 -2.6723610649E+00 -1.5437745337E+00  1.1207543636E-02  1.4568218381E+00 -6.8487700789E+00
 -2.6723636907E+00 -1.5437718312E+00  1.1601558030E-02  1.4568069271E+00 -6.8487748487E+00
 -2.6723664866E+00 -1.5437688582E+00  1.2000405211E-02  1.4567918014E+00 -6.8487797154E+00
 -2.6723694576E+00 -1.5437656040E+00  1.2404003848E-02  1.4567764723E+00 -6.8487846771E+00
 -2.6723726091E+00 -1.5437620579E+00  1.2812283711E-02  1.4567609505E+00 -6.8487897321E+00
 -2.6723759465E+00 -1.5437582093E+00  1.3225185015E-02  1.4567452462E+00 -6.8487948788E+00
 -2.6723794752E+00 -1.5437540476E+00  1.3642657787E-02  1.4567293689E+00 -6.8488001162E+00
 -2.6723832004E+00 -1.5437495621E+00  1.4064661262E-02  1.4567133275E+00 -6.8488054430E+00
 -2.6723871277E+00 -1.5437447423E+00  1.4491163316E-02  1.4566971305E+00 -6.8488108583E+00
 -2.6723912627E+00 -1.5437395772E+00  1.4922139935E-02  1.4566807859E+00 -6.8488163615E+00
 -2.6723956110E+00 -1.5437340562E+00  1.5357574721E-02  1.4566643012E+00 -6.8488219520E+00
 -2.6724001783E+00 -1.5437281682E+00  1.5797458440E-02  1.4566476837E+00 -6.8488276294E+00
 -2.6724049703E+00 -1.5437219023E+00  1.6241788604E-02  1.4566309400E+00 -6.8488333933E+00
 -2.6724099931E+00 -1.5437152472E+00  1.6690569092E-02  1.4566140766E+00 -6.8488392438E+00
 -2.6724152527E+00 -1.5437081915E+00  1.7143809802E-02  1.4565970997E+00 -6.8488451809E+00
 -2.6724207552E+00 -1.5437007237E+00  1.7601526339E-02  1.4565800151E+00 -6.8488512047E+00
 -2.6724265071E+00 -1.5436928318E+00  1.8063739735E-02  1.4565628283E+00 -6.8488573155E+00
 -2.6724325148E+00 -1.5436845038E+00  1.8530476192E-02  1.4565455449E+00 -6.8488635137E+00
 -2.6724387850E+00 -1.5436757275E+00  1.9001766857E-02  1.4565281699E+00 -6.8488698000E+00
 -2.6724453244E+00 -1.5436664902E+00  1.9477647621E-02  1.4565107085E+00 -6.8488761750E+00
 -2.6724521401E+00 -1.5436567790E+00  1.9958158942E-02  1.4564931654E+00 -6.8488826394E+00
 -2.6724592394E+00 -1.5436465806E+00  2.0443345683E-02  1.4564755454E+00 -6.8488891942E+00
 -2.6724666296E+00 -1.5436358815E+00  2.0933256982E-02  1.4564578532E+00 -6.8488958403E+00
 -2.6724743183E+00 -1.5436246677E+00  2.1427946125E-02  1.4564400933E+00 -6.8489025790E+00
 -2.6724823135E+00 -1.5436129248E+00  2.1927470451E-02  1.4564222702E+00 -6.8489094114E+00
 -2.6724906232E+00 -1.5436006382E+00  2.2431891258E-02  1.4564043883E+00 -6.8489163389E+00
 -2.6724992558E+00 -1.5435877924E+00  2.2941273735E-02  1.4563864521E+00 -6.8489233630E+00
 -2.6725082199E+00 -1.5435743720E+00  2.3455686901E-02  1.4563684658E+00 -6.8489304851E+00
 -2.6725175244E+00 -1.5435603608E+00  2.3975203555E-02  1.4563504340E+00 -6.8489377069E+00
 -2.6725271785E+00 -1.5435457420E+00  2.4499900239E-02  1.4563323609E+00 -6.8489450303E+00
 -2.6725371917E+00 -1.5435304985E+00  2.5029857215E-02  1.4563142510E+00 -6.8489524571E+00
 -2.6725475738E+00 -1.5435146126E+00  2.5565158440E-02  1.4562961089E+00 -6.8489599893E+00
 -2.6725583349E+00 -1.5434980659E+00  2.6105891564E-02  1.4562779389E+00 -6.8489676290E+00
 -2.6725694855E+00 -1.5434808395E+00  2.6652147922E-02  1.4562597457E+00 -6.8489753785E+00
 -2.6725810365E+00 -1.5434629138E+00  2.7204022543E-02  1.4562415340E+00 -6.8489832400E+00
 -2.6725929989E+00 -1.5434442685E+00  2.7761614159E-02  1.4562233086E+00 -6.8489912160E+00
 -2.6726053846E+00 -1.5434248827E+00  2.8325025223E-02  1.4562050743E+00 -6.8489993092E+00
 -2.6726182053E+00 -1.5434047347E+00  2.8894361932E-02  1.4561868361E+00 -6.8490075222E+00
 -2.6726314737E+00 -1.5433838021E+00  2.9469734250E-02  1.4561685992E+00 -6.8490158578E+00
 -2.6726452025E+00 -1.5433620616E+00  3.0051255943E-02  1.4561503688E+00 -6.8490243191E+00
 -2.6726594051E+00 -1.5433394893E+00  3.0639044610E-02  1.4561321505E+00 -6.8490329091E+00
 -2.6726740953E+00 -1.5433160601E+00  3.1233221719E-02  1.4561139498E+00 -6.8490416310E+00
 -2.6726892874E+00 -1.5432917483E+00  3.1833912648E-02  1.4560957725E+00 -6.8490504884E+00
 -2.6727049963E+00 -1.5432665271E+00  3.2441246721E-02  1.4560776246E+00 -6.8490594846E+00
 -2.6727212372E+00 -1.5432403689E+00  3.3055357256E-02  1.4560595123E+00 -6.8490686234E+00
 -2.6727380262E+00 -1.5432132448E+00  3.3676381600E-02  1.4560414420E+00 -6.8490779087E+00
 -2.6727553798E+00 -1.5431851252E+00  3.4304461172E-02  1.4560234203E+00 -6.8490873444E+00
 -2.6727733149E+00 -1.5431559792E+00  3.4939741507E-02  1.4560054540E+00 -6.8490969348E+00
 -2.6727918495E+00 -1.5431257748E+00  3.5582372291E-02  1.4559875503E+00 -6.8491066843E+00
 -2.6728110019E+00 -1.5430944788E+00  3.6232507401E-02  1.4559697166E+00 -6.8491165973E+00
 -2.6728307912E+00 -1.5430620568E+00  3.6890304933E-02  1.4559519603E+00 -6.8491266788E+00
 -2.6728512371E+00 -1.5430284733E+00  3.7555927240E-02  1.4559342895E+00 -6.8491369335E+00
 -2.6728723602E+00 -1.5429936912E+00  3.8229540953E-02  1.4559167121E+00 -6.8491473667E+00
 -2.6728941817E+00 -1.5429576722E+00  3.8911317002E-02  1.4558992368E+00 -6.8491579837E+00
 -2.6729167237E+00 -1.5429203767E+00  3.9601430630E-02  1.4558818721E+00 -6.8491687902E+00
 -2.6729400090E+00 -1.5428817634E+00  4.0300061400E-02  1.4558646270E+00 -6.8491797920E+00
 -2.6729640613E+00 -1.5428417896E+00  4.1007393197E-02  1.4558475109E+00 -6.8491909952E+00
 -2.6729889053E+00 -1.5428004112E+00  4.1723614217E-02  1.4558305333E+00 -6.8492024060E+00
 -2.6730145663E+00 -1.5427575823E+00  4.2448916947E-02  1.4558137039E+00 -6.8492140312E+00
 -2.6730410707E+00 -1.5427132555E+00  4.3183498137E-02  1.4557970330E+00 -6.8492258775E+00
 -2.6730684458E+00 -1.5426673815E+00  4.3927558761E-02  1.4557805309E+00 -6.8492379521E+00
 -2.6730967201E+00 -1.5426199094E+00  4.4681303959E-02  1.4557642082E+00 -6.8492502625E+00
 -2.6731259227E+00 -1.5425707866E+00  4.5444942979E-02  1.4557480758E+00 -6.8492628163E+00
 -2.6731560842E+00 -1.5425199584E+00  4.6218689087E-02  1.4557321449E+00 -6.8492756217E+00
 -2.6731872358E+00 -1.5424673683E+00  4.7002759484E-02  1.4557164269E+00 -6.8492886871E+00
 -2.6732194102E+00 -1.5424129580E+00  4.7797375186E-02  1.4557009331E+00 -6.8493020211E+00
 -2.6732526410E+00 -1.5423566671E+00  4.8602760906E-02  1.4556856754E+00 -6.8493156328E+00
 -2.6732869630E+00 -1.5422984330E+00  4.9419144911E-02  1.4556706655E+00 -6.8493295317E+00
 -2.6733224122E+00 -1.5422381914E+00  5.0246758864E-02  1.4556559154E+00 -6.8493437276E+00
 -2.6733590258E+00 -1.5421758756E+00  5.1085837650E-02  1.4556414371E+00 -6.8493582307E+00
 -2.6733968424E+00 -1.5421114167E+00  5.1936619187E-02  1.4556272426E+00 -6.8493730516E+00
 -2.6734359015E+00 -1.5420447440E+00  5.2799344219E-02  1.4556133439E+00 -6.8493882013E+00
 -2.6734762441E+00 -1.5419757840E+00  5.3674256099E-02  1.4555997530E+00 -6.8494036912E+00
 -2.6735179125E+00 -1.5419044614E+00  5.4561600547E-02  1.4555864816E+00 -6.8494195332E+00
 -2.6735609504E+00 -1.5418306985E+00  5.5461625405E-02  1.4555735413E+00 -6.8494357397E+00
 -2.6736054028E+00 -1.5417544152E+00  5.6374580374E-02  1.4555609436E+00 -6.8494523234E+00
 -2.6736513158E+00 -1.5416755290E+00  5.7300716744E-02  1.4555486994E+00 -6.8494692976E+00
 -2.6736987373E+00 -1.5415939553E+00  5.8240287111E-02  1.4555368193E+00 -6.8494866761E+00
 -2.6737477163E+00 -1.5415096069E+00  5.9193545090E-02  1.4555253137E+00 -6.8495044730E+00
 -2.6737983035E+00 -1.5414223941E+00  6.0160745023E-02  1.4555141920E+00 -6.8495227032E+00
 -2.6738505507E+00 -1.5413322251E+00  6.1142141684E-02  1.4555034634E+00 -6.8495413819E+00
 -2.6739045115E+00 -1.5412390055E+00  6.2137989985E-02  1.4554931362E+00 -6.8495605250E+00
 -2.6739602406E+00 -1.5411426383E+00  6.3148544687E-02  1.4554832179E+00 -6.8495801487E+00
 -2.6740177946E+00 -1.5410430243E+00  6.4174060109E-02  1.4554737154E+00 -6.8496002700E+00
 -2.6740772313E+00 -1.5409400617E+00  6.5214789858E-02  1.4554646345E+00 -6.8496209063E+00
 -2.6741386101E+00 -1.5408336460E+00  6.6270986555E-02  1.4554559799E+00 -6.8496420757E+00
 -2.6742019918E+00 -1.5407236706E+00  6.7342901586E-02  1.4554477556E+00 -6.8496637967E+00
 -2.6742674391E+00 -1.5406100259E+00  6.8430784863E-02  1.4554399643E+00 -6.8496860886E+00
 -2.6743350159E+00 -1.5404926002E+00  6.9534884599E-02  1.4554326076E+00 -6.8497089710E+00
 -2.6744047878E+00 -1.5403712788E+00  7.0655447107E-02  1.4554256858E+00 -6.8497324643E+00
 -2.6744768221E+00 -1.5402459447E+00  7.1792716613E-02  1.4554191983E+00 -6.8497565894E+00
 -2.6745511877E+00 -1.5401164781E+00  7.2946935092E-02  1.4554131429E+00 -6.8497813678E+00
 -2.6746279549E+00 -1.5399827564E+00  7.4118342119E-02  1.4554075164E+00 -6.8498068217E+00
 -2.6747071961E+00 -1.5398446546E+00  7.5307174743E-02  1.4554023145E+00 -6.8498329737E+00
 -2.6747889850E+00 -1.5397020446E+00  7.6513667373E-02  1.4553975313E+00 -6.8498598470E+00
 -2.6748733972E+00 -1.5395547956E+00  7.7738051687E-02  1.4553931600E+00 -6.8498874656E+00
 -2.6749605102E+00 -1.5394027739E+00  7.8980556547E-02  1.4553891927E+00 -6.8499158539E+00
 -2.6750504032E+00 -1.5392458429E+00  8.0241407927E-02  1.4553856204E+00 -6.8499450368E+00
 -2.6751431570E+00 -1.5390838628E+00  8.1520828854E-02  1.4553824329E+00 -6.8499750399E+00
 -2.6752388546E+00 -1.5389166909E+00  8.2819039349E-02  1.4553796195E+00 -6.8500058893E+00
 -2.6753375807E+00 -1.5387441813E+00  8.4136256368E-02  1.4553771682E+00 -6.8500376116E+00
 -2.6754394221E+00 -1.5385661848E+00  8.5472693747E-02  1.4553750667E+00 -6.8500702341E+00
 -2.6755444675E+00 -1.5383825488E+00  8.6828562141E-02  1.4553733018E+00 -6.8501037843E+00
 -2.6756528076E+00 -1.5381931175E+00  8.8204068949E-02  1.4553718599E+00 -6.8501382905E+00
 -2.6757645351E+00 -1.5379977314E+00  8.9599418237E-02  1.4553707272E+00 -6.8501737813E+00
 -2.6758797450E+00 -1.5377962276E+00  9.1014810642E-02  1.4553698895E+00 -6.8502102857E+00
 -2.6759985344E+00 -1.5375884396E+00  9.2450443261E-02  1.4553693323E+00 -6.8502478334E+00
 -2.6761210022E+00 -1.5373741971E+00  9.3906509522E-02  1.4553690413E+00 -6.8502864543E+00
 -2.6762472501E+00 -1.5371533261E+00  9.5383199038E-02  1.4553690025E+00 -6.8503261788E+00
 -2.6763773815E+00 -1.5369256487E+00  9.6880697436E-02  1.4553692016E+00 -6.8503670377E+00
 -2.6765115022E+00 -1.5366909832E+00  9.8399186172E-02  1.4553696252E+00 -6.8504090619E+00
 -2.6766497205E+00 -1.5364491441E+00  9.9938842315E-02  1.4553702600E+00 -6.8504522830E+00
 -2.6767921467E+00 -1.5361999418E+00  1.0149983832E-01  1.4553710931E+00 -6.8504967328E+00
 -2.6769388935E+00 -1.5359431828E+00  1.0308234175E-01  1.4553721126E+00 -6.8505424431E+00
 -2.6770900759E+00 -1.5356786697E+00  1.0468651506E-01  1.4553733068E+00 -6.8505894464E+00
 -2.6772458111E+00 -1.5354062010E+00  1.0631251523E-01  1.4553746652E+00 -6.8506377751E+00
 -2.6774062188E+00 -1.5351255714E+00  1.0796049348E-01  1.4553761775E+00 -6.8506874620E+00
 -2.6775714207E+00 -1.5348365716E+00  1.0963059496E-01  1.4553778346E+00 -6.8507385399E+00
 -2.6777415410E+00 -1.5345389883E+00  1.1132295836E-01  1.4553796281E+00 -6.8507910420E+00
 -2.6779167060E+00 -1.5342326047E+00  1.1303771557E-01  1.4553815503E+00 -6.8508450014E+00
 -2.6780970443E+00 -1.5339171998E+00  1.1477499129E-01  1.4553835943E+00 -6.8509004513E+00
 -2.6782826865E+00 -1.5335925493E+00  1.1653490262E-01  1.4553857541E+00 -6.8509574251E+00
 -2.6784737654E+00 -1.5332584250E+00  1.1831755868E-01  1.4553880244E+00 -6.8510159562E+00
 -2.6786704160E+00 -1.5329145954E+00  1.2012306016E-01  1.4553904005E+00 -6.8510760779E+00
 -2.6788727751E+00 -1.5325608255E+00  1.2195149892E-01  1.4553928787E+00 -6.8511378235E+00
 -2.6790809816E+00 -1.5321968773E+00  1.2380295752E-01  1.4553954555E+00 -6.8512012262E+00
 -2.6792951760E+00 -1.5318225093E+00  1.2567750879E-01  1.4553981285E+00 -6.8512663190E+00
 -2.6795155009E+00 -1.5314374774E+00  1.2757521535E-01  1.4554008956E+00 -6.8513331350E+00
 -2.6797421005E+00 -1.5310415346E+00  1.2949612918E-01  1.4554037550E+00 -6.8514017069E+00
 -2.6799751204E+00 -1.5306344315E+00  1.3144029112E-01  1.4554067058E+00 -6.8514720669E+00
 -2.6802147078E+00 -1.5302159160E+00  1.3340773043E-01  1.4554097471E+00 -6.8515442474E+00
 -2.6804610115E+00 -1.5297857343E+00  1.3539846427E-01  1.4554128786E+00 -6.8516182800E+00
 -2.6807141811E+00 -1.5293436303E+00  1.3741249724E-01  1.4554161003E+00 -6.8516941960E+00
 -2.6809743677E+00 -1.5288893464E+00  1.3944982091E-01  1.4554194123E+00 -6.8517720263E+00
 -2.6812417231E+00 -1.5284226236E+00  1.4151041332E-01  1.4554228151E+00 -6.8518518011E+00
 -2.6815164001E+00 -1.5279432018E+00  1.4359423850E-01  1.4554263093E+00 -6.8519335500E+00
 -2.6817985521E+00 -1.5274508199E+00  1.4570124601E-01  1.4554298958E+00 -6.8520173021E+00
 -2.6820883329E+00 -1.5269452166E+00  1.4783137044E-01  1.4554335753E+00 -6.8521030854E+00
 -2.6823858969E+00 -1.5264261302E+00  1.4998453094E-01  1.4554373489E+00 -6.8521909273E+00
 -2.6826913983E+00 -1.5258932990E+00  1.5216063079E-01  1.4554412177E+00 -6.8522808542E+00
 -2.6830049914E+00 -1.5253464621E+00  1.5435955690E-01  1.4554451828E+00 -6.8523728914E+00
 -2.6833268302E+00 -1.5247853594E+00  1.5658117940E-01  1.4554492453E+00 -6.8524670633E+00
 -2.6836570682E+00 -1.5242097319E+00  1.5882535117E-01  1.4554534066E+00 -6.8525633928E+00
 -2.6839958582E+00 -1.5236193226E+00  1.6109190747E-01  1.4554576676E+00 -6.8526619020E+00
 -2.6843433520E+00 -1.5230138761E+00  1.6338066547E-01  1.4554620296E+00 -6.8527626111E+00
 -2.6846997002E+00 -1.5223931402E+00  1.6569142392E-01  1.4554664937E+00 -6.8528655392E+00
 -2.6850650520E+00 -1.5217568651E+00  1.6802396276E-01  1.4554710610E+00 -6.8529707038E+00
 -2.6854395549E+00 -1.5211048047E+00  1.7037804275E-01  1.4554757327E+00 -6.8530781207E+00
 -2.6858233543E+00 -1.5204367171E+00  1.7275340520E-01  1.4554805096E+00 -6.8531878038E+00
 -2.6862165933E+00 -1.5197523643E+00  1.7514977160E-01  1.4554853928E+00 -6.8532997655E+00
 -2.6866194127E+00 -1.5190515137E+00  1.7756684343E-01  1.4554903833E+00 -6.8534140161E+00
 -2.6870319502E+00 -1.5183339381E+00  1.8000430186E-01  1.4554954817E+00 -6.8535305638E+00
 -2.6874543404E+00 -1.5175994161E+00  1.8246180756E-01  1.4555006889E+00 -6.8536494147E+00
 -2.6878867143E+00 -1.5168477331E+00  1.8493900053E-01  1.4555060056E+00 -6.8537705729E+00
 -2.6883291994E+00 -1.5160786815E+00  1.8743549995E-01  1.4555114323E+00 -6.8538940399E+00
 -2.6887819189E+00 -1.5152920613E+00  1.8995090413E-01  1.4555169696E+00 -6.8540198150E+00
 -2.6892449915E+00 -1.5144876808E+00  1.9248479036E-01  1.4555226179E+00 -6.8541478950E+00
 -2.6897185312E+00 -1.5136653572E+00  1.9503671498E-01  1.4555283775E+00 -6.8542782742E+00
 -2.6902026470E+00 -1.5128249169E+00  1.9760621336E-01  1.4555342486E+00 -6.8544109441E+00
 -2.6906974424E+00 -1.5119661963E+00  2.0019280001E-01  1.4555402313E+00 -6.8545458936E+00
 -2.6912030151E+00 -1.5110890425E+00  2.0279596866E-01  1.4555463257E+00 -6.8546831088E+00
 -2.6917194566E+00 -1.5101933133E+00  2.0541519245E-01  1.4555525316E+00 -6.8548225732E+00
 -2.6922468523E+00 -1.5092788786E+00  2.0804992416E-01  1.4555588488E+00 -6.8549642669E+00
 -2.6927852804E+00 -1.5083456201E+00  2.1069959649E-01  1.4555652770E+00 -6.8551081676E+00
 -2.6933348125E+00 -1.5073934325E+00  2.1336362234E-01  1.4555718157E+00 -6.8552542497E+00
 -2.6938955124E+00 -1.5064222237E+00  2.1604139524E-01  1.4555784643E+00 -6.8554024847E+00
 -2.6944674364E+00 -1.5054319154E+00  2.1873228976E-01  1.4555852221E+00 -6.8555528409E+00
 -2.6950506327E+00 -1.5044224437E+00  2.2143566201E-01  1.4555920882E+00 -6.8557052837E+00
 -2.6956451413E+00 -1.5033937592E+00  2.2415085016E-01  1.4555990617E+00 -6.8558597754E+00
 -2.6962509935E+00 -1.5023458280E+00  2.2687717506E-01  1.4556061414E+00 -6.8560162751E+00
 -2.6968682118E+00 -1.5012786319E+00  2.2961394088E-01  1.4556133260E+00 -6.8561747390E+00
 -2.6974968097E+00 -1.5001921687E+00  2.3236043581E-01  1.4556206143E+00 -6.8563351201E+00
 -2.6981367910E+00 -1.4990864527E+00  2.3511593282E-01  1.4556280046E+00 -6.8564973683E+00
 -2.6987881504E+00 -1.4979615148E+00  2.3787969048E-01  1.4556354953E+00 -6.8566614307E+00
 -2.6994508724E+00 -1.4968174035E+00  2.4065095381E-01  1.4556430846E+00 -6.8568272514E+00
 -2.7001249318E+00 -1.4956541844E+00  2.4342895515E-01  1.4556507706E+00 -6.8569947714E+00
 -2.7008102932E+00 -1.4944719407E+00  2.4621291519E-01  1.4556585512E+00 -6.8571639292E+00
 -2.7015069108E+00 -1.4932707737E+00  2.4900204389E-01  1.4556664242E+00 -6.8573346602E+00
 -2.7022147287E+00 -1.4920508027E+00  2.5179554155E-01  1.4556743872E+00 -6.8575068974E+00
 -2.7029336801E+00 -1.4908121649E+00  2.5459259988E-01  1.4556824378E+00 -6.8576805710E+00
 -2.7036636880E+00 -1.4895550161E+00  2.5739240311E-01  1.4556905734E+00 -6.8578556090E+00
 -2.7044046646E+00 -1.4882795300E+00  2.6019412913E-01  1.4556987913E+00 -6.8580319369E+00
 -2.7051565114E+00 -1.4869858988E+00  2.6299695064E-01  1.4557070886E+00 -6.8582094778E+00
 -2.7059191194E+00 -1.4856743328E+00  2.6580003639E-01  1.4557154624E+00 -6.8583881532E+00
 -2.7066923691E+00 -1.4843450603E+00  2.6860255233E-01  1.4557239097E+00 -6.8585678820E+00
 -2.7074761300E+00 -1.4829983277E+00  2.7140366292E-01  1.4557324271E+00 -6.8587485819E+00
 -2.7082702617E+00 -1.4816343988E+00  2.7420253228E-01  1.4557410116E+00 -6.8589301686E+00
 -2.7090746131E+00 -1.4802535553E+00  2.7699832550E-01  1.4557496597E+00 -6.8591125564E+00
 -2.7098890230E+00 -1.4788560956E+00  2.7979020990E-01  1.4557583679E+00 -6.8592956584E+00
 -2.7107133202E+00 -1.4774423352E+00  2.8257735624E-01  1.4557671328E+00 -6.8594793863E+00
 -2.7115473236E+00 -1.4760126058E+00  2.8535893999E-01  1.4557759507E+00 -6.8596636511E+00
 -2.7123908425E+00 -1.4745672554E+00  2.8813414256E-01  1.4557848178E+00 -6.8598483630E+00
 -2.7132436768E+00 -1.4731066472E+00  2.9090215253E-01  1.4557937306E+00 -6.8600334314E+00
 -2.7141056175E+00 -1.4716311594E+00  2.9366216685E-01  1.4558026851E+00 -6.8602187655E+00
 -2.7149764465E+00 -1.4701411847E+00  2.9641339200E-01  1.4558116775E+00 -6.8604042742E+00
 -2.7158559375E+00 -1.4686371296E+00  2.9915504519E-01  1.4558207039E+00 -6.8605898665E+00
 -2.7167438558E+00 -1.4671194137E+00  3.0188635542E-01  1.4558297604E+00 -6.8607754513E+00
 -2.7176399592E+00 -1.4655884693E+00  3.0460656460E-01  1.4558388431E+00 -6.8609609380E+00
 -2.7185439979E+00 -1.4640447401E+00  3.0731492860E-01  1.4558479479E+00 -6.8611462365E+00
 -2.7194557153E+00 -1.4624886813E+00  3.1001071823E-01  1.4558570709E+00 -6.8613312576E+00
 -2.7203748479E+00 -1.4609207582E+00  3.1269322023E-01  1.4558662081E+00 -6.8615159126E+00
 -2.7213011265E+00 -1.4593414457E+00  3.1536173816E-01  1.4558753555E+00 -6.8617001142E+00
 -2.7222342759E+00 -1.4577512274E+00  3.1801559325E-01  1.4558845093E+00 -6.8618837762E+00
 -2.7231740157E+00 -1.4561505949E+00  3.2065412522E-01  1.4558936653E+00 -6.8620668137E+00
 -2.7241200608E+00 -1.4545400468E+00  3.2327669304E-01  1.4559028198E+00 -6.8622491436E+00
 -2.7250721217E+00 -1.4529200882E+00  3.2588267561E-01  1.4559119689E+00 -6.8624306841E+00
 -2.7260299052E+00 -1.4512912295E+00  3.2847147239E-01  1.4559211086E+00 -6.8626113557E+00
 -2.7269931145E+00 -1.4496539857E+00  3.3104250397E-01  1.4559302354E+00 -6.8627910804E+00
 -2.7279614503E+00 -1.4480088756E+00  3.3359521261E-01  1.4559393454E+00 -6.8629697827E+00
 -2.7289346106E+00 -1.4463564209E+00  3.3612906267E-01  1.4559484349E+00 -6.8631473891E+00
 -2.7299122917E+00 -1.4446971455E+00  3.3864354102E-01  1.4559575005E+00 -6.8633238283E+00
 -2.7308941884E+00 -1.4430315745E+00  3.4113815733E-01  1.4559665385E+00 -6.8634990317E+00
 -2.7318799945E+00 -1.4413602333E+00  3.4361244440E-01  1.4559755455E+00 -6.8636729329E+00
 -2.7328694036E+00 -1.4396836473E+00  3.4606595832E-01  1.4559845183E+00 -6.8638454682E+00
 -2.7338621089E+00 -1.4380023403E+00  3.4849827863E-01  1.4559934535E+00 -6.8640165766E+00
 -2.7348578043E+00 -1.4363168348E+00  3.5090900845E-01  1.4560023479E+00 -6.8641861997E+00
 -2.7358561847E+00 -1.4346276501E+00  3.5329777446E-01  1.4560111986E+00 -6.8643542818E+00
 -2.7368569459E+00 -1.4329353025E+00  3.5566422692E-01  1.4560200024E+00 -6.8645207703E+00
 -2.7378597860E+00 -1.4312403042E+00  3.5800803956E-01  1.4560287566E+00 -6.8646856149E+00
 -2.7388644047E+00 -1.4295431626E+00  3.6032890951E-01  1.4560374584E+00 -6.8648487685E+00
 -2.7398705046E+00 -1.4278443797E+00  3.6262655709E-01  1.4560461052E+00 -6.8650101868E+00
 -2.7408777911E+00 -1.4261444519E+00  3.6490072558E-01  1.4560546944E+00 -6.8651698283E+00
 -2.7418859728E+00 -1.4244438685E+00  3.6715118100E-01  1.4560632235E+00 -6.8653276543E+00
 -2.7428947620E+00 -1.4227431122E+00  3.6937771177E-01  1.4560716903E+00 -6.8654836289E+00
 -2.7439038748E+00 -1.4210426579E+00  3.7158012836E-01  1.4560800926E+00 -6.8656377192E+00
 -2.7449130317E+00 -1.4193429723E+00  3.7375826294E-01  1.4560884282E+00 -6.8657898949E+00
 -2.7459219577E+00 -1.4176445137E+00  3.7591196896E-01  1.4560966952E+00 -6.8659401286E+00
 -2.7469303824E+00 -1.4159477315E+00  3.7804112066E-01  1.4561048918E+00 -6.8660883954E+00
 -2.7479380406E+00 -1.4142530655E+00  3.8014561267E-01  1.4561130162E+00 -6.8662346732E+00
 -2.7489446724E+00 -1.4125609462E+00  3.8222535943E-01  1.4561210667E+00 -6.8663789425E+00
 -2.7499500232E+00 -1.4108717937E+00  3.8428029474E-01  1.4561290419E+00 -6.8665211863E+00
