 AIMInt (Version 19.10.12, Professional)
 Portions Copyright (c) 1997-2019 by Todd A. Keith
 AIMInt is a component of the AIMAll package ( http://aim.tkgristmill.com )

 TP:  64-bit Mac OS X

 AIMInt is a heavily modified and extended version of the PROAIMV program
 developed by members of R.F.W. Bader's research group

 Much of the Quantum Theory of Atoms in Molecules (QTAIM) is described in the book:
   "Atoms in Molecules - A Quantum Theory"
   R.F.W. Bader, Oxford University Press, Oxford, 1990

 For additional references see:  http://aim.tkgristmill.com/references.html

 Current Directory:  /Users/chemlab/Documents/SubstituentCoding/BCP Map Reference/BCPMapReference

 Inp File:  SubH_GeFHCH3_reor_wb97xd_aug-cc-pvtz_atomicfiles/ge8.inp
 Wfx File:  SubH_GeFHCH3_reor_wb97xd_aug-cc-pvtz.wfx
 Out File:  SubH_GeFHCH3_reor_wb97xd_aug-cc-pvtz_atomicfiles/ge8.int

 Wfx Title:   Title Card Required                                                           
 Job Title:   Title Card Required                                                           
 
<Atom>
Ge8     
</Atom>
<Nuclei of Molecule>
     8
H1         1.0          -6.8892833080E-02   2.3126216551E+00   2.3977071155E+00
H2         1.0          -6.8892833080E-02   2.3126216551E+00  -2.3977071155E+00
C3         6.0           2.6872254284E+00  -1.7989633462E+00   0.0000000000E+00
H4         1.0           2.5477867668E+00  -2.9849279794E+00   1.6740753224E+00
H5         1.0           2.5477867668E+00  -2.9849279794E+00  -1.6740753224E+00
H6         1.0           4.5224062112E+00  -8.6476204696E-01   0.0000000000E+00
F7         9.0          -2.8448385166E+00  -1.0019631476E+00   0.0000000000E+00
Ge8       32.0          -7.9240299391E-17   6.8815072191E-01   0.0000000000E+00
</Nuclei of Molecule>
<Total Number of CPs of DelSqRho>
    36
</Total Number of CPs of DelSqRho>
<Number of (3,+3) CPs of DelSqRho>
     5
</Number of (3,+3) CPs of DelSqRho>
<Number of (3,+1) CPs of DelSqRho>
    10
</Number of (3,+1) CPs of DelSqRho>
<Number of (3,-1) CPs of DelSqRho>
    14
</Number of (3,-1) CPs of DelSqRho>
<Number of (3,-3) CPs of DelSqRho>
     7
</Number of (3,-3) CPs of DelSqRho>
<Number of Degenerate CPs of DelSqRho>
     0
</Number of Degenerate CPs of DelSqRho>
<CP of DelSqRho>
CP# = 1       
Type = (3,+3)
Coords = -7.26278343529037E-11  6.88150721867788E-01 -4.70213362705143E-30
DistFromNuc =  8.5339850638E-11
Rho =  2.2320672194E+04
DelSqRho = -2.2403269382E+10
GradDelSqRho = -2.4214386940E-08 -2.6147652827E+00  2.9305131267E-12
HessDelSqRho_EigVals =  3.9510096455E+17  3.9510096457E+17  3.9510096472E+17
HessDelSqRho_EigVec1 = -5.3560173179E-01  8.4447071288E-01  1.2282188761E-19
HessDelSqRho_EigVec2 =  7.8785388213E-20 -9.5473171551E-20  1.0000000000E+00
HessDelSqRho_EigVec3 =  8.4447071288E-01  5.3560173179E-01 -1.5396356926E-20
</CP of DelSqRho>
<CP of DelSqRho>
CP# = 2       
Type = (3,+3)
Coords =  5.49561853727235E-03  9.57323666005819E-01  3.76728159270492E-01
DistFromNuc =  4.6304252682E-01
Rho =  1.0450650177E+01
DelSqRho = -1.5158896946E+02
GradDelSqRho =  3.4106051316E-13  0.0000000000E+00  2.2737367544E-13
HessDelSqRho_EigVals =  2.9034086252E+02  2.9864756018E+02  5.1850049950E+04
HessDelSqRho_EigVec1 = -5.4549670629E-01  6.8567772457E-01 -4.8195373373E-01
HessDelSqRho_EigVec2 =  8.3802981831E-01  4.3813806399E-01 -3.2517850561E-01
HessDelSqRho_EigVec3 =  1.1805381974E-02  5.8127540368E-01  8.1362124974E-01
</CP of DelSqRho>
<CP of DelSqRho>
CP# = 3       
Type = (3,-1)
Coords = -4.97156998872189E-02  4.18778861745488E-01  3.77705466787546E-01
DistFromNuc =  4.6657718494E-01
Rho =  1.0140304757E+01
DelSqRho = -1.3436050771E+02
GradDelSqRho =  2.5579538487E-13 -6.8212102633E-13  4.5474735089E-13
HessDelSqRho_EigVals = -1.7895222471E+02 -1.6381039139E+02  4.7840366099E+04
HessDelSqRho_EigVec1 = -3.9282629729E-01  7.7237835978E-01  4.9911839227E-01
HessDelSqRho_EigVec2 =  9.1343723123E-01  2.6492375345E-01  3.0894632132E-01
HessDelSqRho_EigVec3 = -1.0639513503E-01 -5.7727556176E-01  8.0958816755E-01
</CP of DelSqRho>
<CP of DelSqRho>
CP# = 4       
Type = (3,+3)
Coords =  5.49561853727172E-03  9.57323666005819E-01 -3.76728159270493E-01
DistFromNuc =  4.6304252682E-01
Rho =  1.0450650177E+01
DelSqRho = -1.5158896946E+02
GradDelSqRho =  2.9132252166E-13  3.4106051316E-13 -2.2737367544E-12
HessDelSqRho_EigVals =  2.9034086252E+02  2.9864756018E+02  5.1850049950E+04
HessDelSqRho_EigVec1 = -5.4549670629E-01  6.8567772457E-01  4.8195373373E-01
HessDelSqRho_EigVec2 =  8.3802981831E-01  4.3813806399E-01  3.2517850561E-01
HessDelSqRho_EigVec3 = -1.1805381974E-02 -5.8127540368E-01  8.1362124974E-01
</CP of DelSqRho>
<CP of DelSqRho>
CP# = 5       
Type = (3,-1)
Coords = -4.97156998872190E-02  4.18778861745493E-01 -3.77705466787549E-01
DistFromNuc =  4.6657718494E-01
Rho =  1.0140304757E+01
DelSqRho = -1.3436050771E+02
GradDelSqRho =  5.5422333389E-13 -2.3874235922E-12 -1.3642420527E-12
HessDelSqRho_EigVals = -1.7895222471E+02 -1.6381039139E+02  4.7840366099E+04
HessDelSqRho_EigVec1 = -3.9282629729E-01  7.7237835978E-01 -4.9911839227E-01
HessDelSqRho_EigVec2 =  9.1343723123E-01  2.6492375345E-01 -3.0894632132E-01
HessDelSqRho_EigVec3 =  1.0639513503E-01  5.7727556176E-01  8.0958816755E-01
</CP of DelSqRho>
<CP of DelSqRho>
CP# = 6       
Type = (3,+1)
Coords = -3.51902433947967E-01  6.92511973392624E-01  3.04643597022905E-01
DistFromNuc =  4.6546972484E-01
Rho =  1.0241662408E+01
DelSqRho = -1.3970553635E+02
GradDelSqRho =  4.5474735089E-13 -6.9633188104E-13 -6.8212102633E-13
HessDelSqRho_EigVals = -2.2731948040E+02  1.3581288820E+02  4.9043322558E+04
HessDelSqRho_EigVec1 =  4.8762505634E-01  6.7534855746E-01  5.5328666201E-01
HessDelSqRho_EigVec2 =  4.3682105780E-01 -7.3743737858E-01  5.1514413141E-01
HessDelSqRho_EigVec3 =  7.5591611167E-01 -9.5099211359E-03 -6.5459941454E-01
</CP of DelSqRho>
<CP of DelSqRho>
CP# = 7       
Type = (3,+1)
Coords = -3.51902433947968E-01  6.92511973392625E-01 -3.04643597022904E-01
DistFromNuc =  4.6546972484E-01
Rho =  1.0241662408E+01
DelSqRho = -1.3970553635E+02
GradDelSqRho = -1.3642420527E-12 -9.5923269328E-14 -1.9326762413E-12
HessDelSqRho_EigVals = -2.2731948040E+02  1.3581288820E+02  4.9043322558E+04
HessDelSqRho_EigVec1 =  4.8762505634E-01  6.7534855746E-01 -5.5328666201E-01
HessDelSqRho_EigVec2 = -4.3682105780E-01  7.3743737858E-01  5.1514413141E-01
HessDelSqRho_EigVec3 =  7.5591611167E-01 -9.5099211359E-03  6.5459941454E-01
</CP of DelSqRho>
<CP of DelSqRho>
CP# = 8       
Type = (3,-1)
Coords =  3.93837949364610E-01  9.39024929731473E-01  3.39233461534405E-19
DistFromNuc =  4.6695417174E-01
Rho =  1.0107471560E+01
DelSqRho = -1.3261212851E+02
GradDelSqRho = -2.8421709430E-12 -7.9580786405E-13 -8.3781883264E-17
HessDelSqRho_EigVals = -2.1662871495E+02 -2.1500909931E+02  4.7445948790E+04
HessDelSqRho_EigVec1 = -5.2738091825E-19 -5.6534443602E-19  1.0000000000E+00
HessDelSqRho_EigVec2 = -5.3725916060E-01  8.4341721251E-01  1.9348099889E-19
HessDelSqRho_EigVec3 =  8.4341721251E-01  5.3725916060E-01  7.4853862115E-19
</CP of DelSqRho>
<CP of DelSqRho>
CP# = 9       
Type = (3,+3)
Coords =  3.53899615413590E-01  3.89616394012831E-01  2.29891873684308E-19
DistFromNuc =  4.6299857745E-01
Rho =  1.0457832174E+01
DelSqRho = -1.5173303918E+02
GradDelSqRho = -2.1600499167E-12  2.3874235922E-12  9.7483194270E-17
HessDelSqRho_EigVals =  2.7651049702E+02  2.8612683840E+02  5.1916208441E+04
HessDelSqRho_EigVec1 = -1.8108713204E-19  5.3021649388E-19  1.0000000000E+00
HessDelSqRho_EigVec2 =  6.4485253280E-01  7.6430701354E-01 -2.8847368922E-19
HessDelSqRho_EigVec3 =  7.6430701354E-01 -6.4485253280E-01  4.8031761409E-19
</CP of DelSqRho>
<CP of DelSqRho>
CP# = 10      
Type = (3,+3)
Coords = -4.00935574189800E-01  4.54390134804765E-01 -3.22824240385915E-19
DistFromNuc =  4.6410488764E-01
Rho =  1.0361757277E+01
DelSqRho = -1.4659618576E+02
GradDelSqRho = -2.6147972676E-12 -1.9326762413E-12 -9.3460295814E-17
HessDelSqRho_EigVals =  2.1243690273E+02  2.1304920499E+02  5.0439163960E+04
HessDelSqRho_EigVec1 = -5.1532806732E-19 -4.5522110596E-19  1.0000000000E+00
HessDelSqRho_EigVec2 = -5.0369325166E-01  8.6388257780E-01  1.3369031258E-19
HessDelSqRho_EigVec3 =  8.6388257780E-01  5.0369325166E-01  6.7447473830E-19
</CP of DelSqRho>
<CP of DelSqRho>
CP# = 11      
Type = (3,-3)
Coords = -9.43954981114888E-03  9.07648440154127E-01 -2.00229561401413E-18
DistFromNuc =  2.1970059948E-01
Rho =  5.7241313599E+01
DelSqRho =  6.7841099017E+03
GradDelSqRho =  1.8417267711E-11 -6.3664629124E-12  5.2398418842E-17
HessDelSqRho_EigVals = -3.8842551414E+06 -2.8538969816E+03 -7.8041314498E+02
HessDelSqRho_EigVec1 = -4.2713615455E-02  9.9908735707E-01 -9.1611324940E-18
HessDelSqRho_EigVec2 =  9.9908735707E-01  4.2713615455E-02 -6.3767204771E-18
HessDelSqRho_EigVec3 =  5.9795957178E-18  9.4251444375E-18  1.0000000000E+00
</CP of DelSqRho>
<CP of DelSqRho>
CP# = 12      
Type = (3,-3)
Coords =  1.28042994657199E-01  6.79933633000814E-01 -1.78338949334418E-01
DistFromNuc =  2.1969822457E-01
Rho =  5.7243851126E+01
DelSqRho =  6.7835150703E+03
GradDelSqRho = -6.5483618528E-11 -4.0927261580E-12  0.0000000000E+00
HessDelSqRho_EigVals = -3.8841945183E+06 -3.1964958315E+03 -2.6928378457E+02
HessDelSqRho_EigVec1 = -5.8269051973E-01  3.6794277721E-02  8.1186078815E-01
HessDelSqRho_EigVec2 =  5.8893006531E-01  7.0751326600E-01  3.9062303645E-01
HessDelSqRho_EigVec3 = -5.6002958528E-01  7.0574156712E-01 -4.3393052907E-01
</CP of DelSqRho>
<CP of DelSqRho>
CP# = 13      
Type = (3,-3)
Coords =  1.39648742935635E-01  5.18849782008933E-01 -2.24250637507937E-19
DistFromNuc =  2.1946430155E-01
Rho =  5.7449246127E+01
DelSqRho =  6.7868870012E+03
GradDelSqRho =  3.8653524825E-11  2.0918378141E-11  1.5881555655E-15
HessDelSqRho_EigVals = -3.9036573106E+06 -1.4154162667E+03 -1.1762459102E+03
HessDelSqRho_EigVec1 = -6.3696313310E-01  7.7089426452E-01  1.0122377274E-18
HessDelSqRho_EigVec2 = -7.3854988602E-19 -1.9233075728E-18  1.0000000000E+00
HessDelSqRho_EigVec3 =  7.7089426452E-01  6.3696313310E-01  1.7944198887E-18
</CP of DelSqRho>
<CP of DelSqRho>
CP# = 14      
Type = (3,-1)
Coords =  1.63719147434371E-01  6.08923975206007E-01  1.23133136066783E-01
DistFromNuc =  2.1964199468E-01
Rho =  5.7297959460E+01
DelSqRho =  6.7829254302E+03
GradDelSqRho =  5.4569682106E-12  1.0004441720E-11  1.4551915228E-11
HessDelSqRho_EigVals = -3.8889075633E+06 -2.9794280261E+03  4.1242129643E+02
HessDelSqRho_EigVec1 =  7.4592182497E-01 -3.6154286673E-01  5.5936337613E-01
HessDelSqRho_EigVec2 = -6.4463095551E-01 -6.0309058494E-01  4.6982196369E-01
HessDelSqRho_EigVec3 = -1.6748600610E-01  7.1103340419E-01  6.8292015338E-01
</CP of DelSqRho>
<CP of DelSqRho>
CP# = 15      
Type = (3,-1)
Coords = -1.36858711067861E-01  5.44847530136030E-01  9.49122555972507E-02
DistFromNuc =  2.1971446887E-01
Rho =  5.7260672085E+01
DelSqRho =  6.7517837190E+03
GradDelSqRho = -1.2732925825E-11 -2.5011104299E-11 -1.0913936421E-11
HessDelSqRho_EigVals = -3.8691637560E+06 -5.7904952786E+02  2.3499186101E+03
HessDelSqRho_EigVec1 =  6.2421303871E-01  6.5199047713E-01 -4.3042595186E-01
HessDelSqRho_EigVec2 =  6.7646225948E-01 -1.7543641615E-01  7.1527678236E-01
HessDelSqRho_EigVec3 = -3.9084126420E-01  7.3765200577E-01  5.5055664975E-01
</CP of DelSqRho>
<CP of DelSqRho>
CP# = 16      
Type = (3,-1)
Coords =  1.63719147434381E-01  6.08923975205996E-01 -1.23133136066763E-01
DistFromNuc =  2.1964199468E-01
Rho =  5.7297959460E+01
DelSqRho =  6.7829254302E+03
GradDelSqRho = -1.0368239600E-10  6.7302607931E-11  1.1277734302E-10
HessDelSqRho_EigVals = -3.8889075633E+06 -2.9794280261E+03  4.1242129643E+02
HessDelSqRho_EigVec1 =  7.4592182497E-01 -3.6154286673E-01 -5.5936337612E-01
HessDelSqRho_EigVec2 =  6.4463095551E-01  6.0309058494E-01  4.6982196369E-01
HessDelSqRho_EigVec3 = -1.6748600610E-01  7.1103340419E-01 -6.8292015338E-01
</CP of DelSqRho>
<CP of DelSqRho>
CP# = 17      
Type = (3,-1)
Coords = -1.36858711067852E-01  5.44847530136051E-01 -9.49122555972945E-02
DistFromNuc =  2.1971446887E-01
Rho =  5.7260672085E+01
DelSqRho =  6.7517837190E+03
GradDelSqRho = -8.6401996668E-11 -2.3646862246E-11 -1.4551915228E-11
HessDelSqRho_EigVals = -3.8691637560E+06 -5.7904952786E+02  2.3499186101E+03
HessDelSqRho_EigVec1 =  6.2421303871E-01  6.5199047713E-01  4.3042595186E-01
HessDelSqRho_EigVec2 =  6.7646225948E-01 -1.7543641615E-01 -7.1527678236E-01
HessDelSqRho_EigVec3 =  3.9084126420E-01 -7.3765200577E-01  5.5055664975E-01
</CP of DelSqRho>
<CP of DelSqRho>
CP# = 18      
Type = (3,-1)
Coords = -3.75838104723303E-01  9.64681301727648E-01  1.74192526885866E-18
DistFromNuc =  4.6660844670E-01
Rho =  1.0138742270E+01
DelSqRho = -1.3416125908E+02
GradDelSqRho = -3.8653524825E-12  2.2737367544E-12 -9.7718145049E-17
HessDelSqRho_EigVals = -1.9661966501E+02 -1.7925240652E+02  4.7817059898E+04
HessDelSqRho_EigVec1 =  2.1477742376E-18 -3.4501970831E-18  1.0000000000E+00
HessDelSqRho_EigVec2 =  5.9279388881E-01  8.0535421113E-01  1.5054433075E-18
HessDelSqRho_EigVec3 =  8.0535421113E-01 -5.9279388881E-01 -3.7749747728E-18
</CP of DelSqRho>
<CP of DelSqRho>
CP# = 19      
Type = (3,+1)
Coords =  2.77447915428043E-03  1.15341306906301E+00  2.93962495811438E-18
DistFromNuc =  4.6527061954E-01
Rho =  1.0256203290E+01
DelSqRho = -1.4048010547E+02
GradDelSqRho = -8.2422957348E-13  9.0949470177E-13 -6.3280122517E-16
HessDelSqRho_EigVals = -2.7610294082E+02  1.6127541077E+02  4.9363821742E+04
HessDelSqRho_EigVec1 = -3.8067523363E-20 -6.4870819781E-18  1.0000000000E+00
HessDelSqRho_EigVec2 =  9.9998278372E-01 -5.8679013672E-03  1.3107736744E-24
HessDelSqRho_EigVec3 =  5.8679013672E-03  9.9998278372E-01  6.4871936711E-18
</CP of DelSqRho>
<CP of DelSqRho>
CP# = 20      
Type = (3,+1)
Coords = -7.84724330457825E-02  2.29347856284764E-01 -9.32996427387588E-20
DistFromNuc =  4.6546535022E-01
Rho =  1.0242818897E+01
DelSqRho = -1.3969233196E+02
GradDelSqRho = -5.6843418861E-13  4.0927261580E-12  4.0483975008E-17
HessDelSqRho_EigVals = -2.2053342055E+02  1.2177229189E+02  4.9048185399E+04
HessDelSqRho_EigVec1 =  9.8572321053E-01 -1.6837384664E-01  1.0267512994E-21
HessDelSqRho_EigVec2 = -3.5700226901E-20 -2.0290438011E-19  1.0000000000E+00
HessDelSqRho_EigVec3 =  1.6837384664E-01  9.8572321053E-01  2.0601854152E-19
</CP of DelSqRho>
<CP of DelSqRho>
CP# = 21      
Type = (3,+1)
Coords =  3.12128006384613E-01  6.56749550866926E-01  3.43628037499406E-01
DistFromNuc =  4.6528502455E-01
Rho =  1.0255305140E+01
DelSqRho = -1.4038761338E+02
GradDelSqRho =  0.0000000000E+00 -1.7053025658E-13 -1.5916157281E-12
HessDelSqRho_EigVals = -2.6687104462E+02  1.4701474743E+02  4.9345910438E+04
HessDelSqRho_EigVec1 = -4.5911064572E-01  7.4426919496E-01  4.8505750218E-01
HessDelSqRho_EigVec2 =  5.8246248491E-01  6.6445402899E-01 -4.6822889384E-01
HessDelSqRho_EigVec3 =  6.7078675349E-01 -6.7558928246E-02  7.3856680304E-01
</CP of DelSqRho>
<CP of DelSqRho>
CP# = 22      
Type = (3,+1)
Coords =  3.12128006384612E-01  6.56749550866926E-01 -3.43628037499406E-01
DistFromNuc =  4.6528502455E-01
Rho =  1.0255305140E+01
DelSqRho = -1.4038761338E+02
GradDelSqRho =  5.6843418861E-14 -3.4816594052E-13  4.5474735089E-13
HessDelSqRho_EigVals = -2.6687104462E+02  1.4701474743E+02  4.9345910438E+04
HessDelSqRho_EigVec1 = -4.5911064572E-01  7.4426919496E-01 -4.8505750218E-01
HessDelSqRho_EigVec2 =  5.8246248491E-01  6.6445402899E-01  4.6822889384E-01
HessDelSqRho_EigVec3 = -6.7078675349E-01  6.7558928246E-02  7.3856680304E-01
</CP of DelSqRho>
<CP of DelSqRho>
CP# = 23      
Type = (3,-3)
Coords =  5.59347503128335E-01  1.74052401026280E-01  3.11780800159565E-19
DistFromNuc =  7.5971488915E-01
Rho =  2.7387877542E+00
DelSqRho =  3.3344846758E+01
GradDelSqRho =  1.8474111130E-13 -1.9184653866E-13  3.1649403593E-18
HessDelSqRho_EigVals = -1.7781289485E+03 -7.9972515040E+00 -6.9669674321E+00
HessDelSqRho_EigVec1 =  7.3568388587E-01 -6.7732504758E-01  0.0000000000E+00
HessDelSqRho_EigVec2 =  6.7732504758E-01  7.3568388587E-01  0.0000000000E+00
HessDelSqRho_EigVec3 =  0.0000000000E+00  0.0000000000E+00  1.0000000000E+00
</CP of DelSqRho>
<CP of DelSqRho>
CP# = 24      
Type = (3,-3)
Coords = -6.49891790049660E-01  2.92403183173827E-01 -8.09908575853065E-19
DistFromNuc =  7.6090436534E-01
Rho =  2.7235415417E+00
DelSqRho =  3.2488349364E+01
GradDelSqRho = -5.6843418861E-14 -2.5579538487E-13  4.1431760739E-18
HessDelSqRho_EigVals = -1.7154920717E+03 -4.2077339801E+00 -4.1077045508E+00
HessDelSqRho_EigVec1 =  8.5390989751E-01  5.2042087480E-01  0.0000000000E+00
HessDelSqRho_EigVec2 =  0.0000000000E+00  0.0000000000E+00  1.0000000000E+00
HessDelSqRho_EigVec3 = -5.2042087480E-01  8.5390989751E-01  0.0000000000E+00
</CP of DelSqRho>
<CP of DelSqRho>
CP# = 25      
Type = (3,-1)
Coords = -3.85408447063220E-02  1.44499307792126E+00 -3.42967167030580E-19
DistFromNuc =  7.5782303248E-01
Rho =  2.7574554808E+00
DelSqRho =  3.2592535658E+01
GradDelSqRho = -5.3290705182E-15  2.2737367544E-13  2.0743219931E-17
HessDelSqRho_EigVals = -1.7448270048E+03 -5.0556461490E+00  5.7817772478E+00
HessDelSqRho_EigVec1 = -5.1734800069E-02  9.9866085858E-01  0.0000000000E+00
HessDelSqRho_EigVec2 =  9.9866085858E-01  5.1734800069E-02  0.0000000000E+00
HessDelSqRho_EigVec3 =  0.0000000000E+00  0.0000000000E+00  1.0000000000E+00
</CP of DelSqRho>
<CP of DelSqRho>
CP# = 26      
Type = (3,-1)
Coords = -2.56789667061001E-01 -2.60998913140389E-02 -2.04572236932922E-18
DistFromNuc =  7.5900913802E-01
Rho =  2.7438152927E+00
DelSqRho =  3.2272007480E+01
GradDelSqRho = -1.0658141036E-13 -2.4158453016E-13  6.7527871716E-18
HessDelSqRho_EigVals = -1.7166122940E+03 -3.7812759430E+00  4.6780985892E+00
HessDelSqRho_EigVec1 =  3.3437967388E-01  9.4243845088E-01  0.0000000000E+00
HessDelSqRho_EigVec2 =  0.0000000000E+00  0.0000000000E+00  1.0000000000E+00
HessDelSqRho_EigVec3 =  9.4243845088E-01 -3.3437967388E-01  0.0000000000E+00
</CP of DelSqRho>
<CP of DelSqRho>
CP# = 27      
Type = (3,-3)
Coords = -1.18496051614762E-02  1.11250724505855E+00  6.30225174705124E-01
DistFromNuc =  7.5987014859E-01
Rho =  2.7367950567E+00
DelSqRho =  3.3271440105E+01
GradDelSqRho =  3.9968028887E-14 -6.3948846218E-14 -1.6342482922E-13
HessDelSqRho_EigVals = -1.7737124838E+03 -7.7103943474E+00 -6.5518462716E+00
HessDelSqRho_EigVec1 = -1.6143211654E-02  5.5795038513E-01  8.2971727983E-01
HessDelSqRho_EigVec2 =  9.0159986837E-01  3.6687804081E-01 -2.2916845447E-01
HessDelSqRho_EigVec3 =  4.3226967748E-01 -7.4437347542E-01  5.0897058365E-01
</CP of DelSqRho>
<CP of DelSqRho>
CP# = 28      
Type = (3,-3)
Coords = -1.18496051614742E-02  1.11250724505855E+00 -6.30225174705123E-01
DistFromNuc =  7.5987014859E-01
Rho =  2.7367950567E+00
DelSqRho =  3.3271440105E+01
GradDelSqRho = -4.2632564146E-14  7.1054273576E-15 -2.8421709430E-14
HessDelSqRho_EigVals = -1.7737124838E+03 -7.7103943474E+00 -6.5518462716E+00
HessDelSqRho_EigVec1 =  1.6143211653E-02 -5.5795038513E-01  8.2971727983E-01
HessDelSqRho_EigVec2 =  9.0159986837E-01  3.6687804081E-01  2.2916845447E-01
HessDelSqRho_EigVec3 =  4.3226967748E-01 -7.4437347542E-01 -5.0897058365E-01
</CP of DelSqRho>
<CP of DelSqRho>
CP# = 29      
Type = (3,-1)
Coords =  4.80206754906642E-01  6.07181943508280E-01  5.80585939722294E-01
DistFromNuc =  7.5778262314E-01
Rho =  2.7579739231E+00
DelSqRho =  3.2590329225E+01
GradDelSqRho =  3.0153657349E-12  1.2208012379E-12  2.1884716261E-12
HessDelSqRho_EigVals = -1.7448483451E+03 -5.2619461981E+00  6.0263416221E+00
HessDelSqRho_EigVec1 =  6.3321458402E-01 -1.0744575502E-01  7.6648202870E-01
HessDelSqRho_EigVec2 =  6.2001361166E-01  6.6318564285E-01 -4.1924685386E-01
HessDelSqRho_EigVec3 = -4.6327358218E-01  7.4070251305E-01  4.8655665160E-01
</CP of DelSqRho>
<CP of DelSqRho>
CP# = 30      
Type = (3,+1)
Coords = -1.73629129774020E-01  2.10605817187714E-01  5.62169305401005E-01
DistFromNuc =  7.5778000678E-01
Rho =  2.7562261641E+00
DelSqRho =  3.1938439514E+01
GradDelSqRho =  5.3290705182E-14 -3.5527136788E-15  1.1368683772E-13
HessDelSqRho_EigVals = -1.7046482356E+03  4.7003822995E+00  5.2426053124E+00
HessDelSqRho_EigVec1 = -2.2649930758E-01 -6.2936955812E-01  7.4336533614E-01
HessDelSqRho_EigVec2 =  8.7054744704E-01  2.1149749653E-01  4.4431514875E-01
HessDelSqRho_EigVec3 =  4.3685833644E-01 -7.4777186914E-01 -4.9999202555E-01
</CP of DelSqRho>
<CP of DelSqRho>
CP# = 31      
Type = (3,-1)
Coords =  4.80206754906645E-01  6.07181943508271E-01 -5.80585939722291E-01
DistFromNuc =  7.5778262314E-01
Rho =  2.7579739231E+00
DelSqRho =  3.2590329225E+01
GradDelSqRho =  3.0659919048E-12  1.2434497876E-12 -2.2453150450E-12
HessDelSqRho_EigVals = -1.7448483451E+03 -5.2619461981E+00  6.0263416221E+00
HessDelSqRho_EigVec1 = -6.3321458402E-01  1.0744575502E-01  7.6648202870E-01
HessDelSqRho_EigVec2 =  6.2001361166E-01  6.6318564285E-01  4.1924685386E-01
HessDelSqRho_EigVec3 = -4.6327358218E-01  7.4070251305E-01 -4.8655665160E-01
</CP of DelSqRho>
<CP of DelSqRho>
CP# = 32      
Type = (3,+1)
Coords = -1.73629129774007E-01  2.10605817187714E-01 -5.62169305401009E-01
DistFromNuc =  7.5778000678E-01
Rho =  2.7562261641E+00
DelSqRho =  3.1938439514E+01
GradDelSqRho =  1.5454304503E-13 -6.7501559897E-14 -1.4210854715E-13
HessDelSqRho_EigVals = -1.7046482356E+03  4.7003822995E+00  5.2426053124E+00
HessDelSqRho_EigVec1 =  2.2649930758E-01  6.2936955812E-01  7.4336533614E-01
HessDelSqRho_EigVec2 =  8.7054744704E-01  2.1149749653E-01 -4.4431514875E-01
HessDelSqRho_EigVec3 =  4.3685833644E-01 -7.4777186914E-01  4.9999202555E-01
</CP of DelSqRho>
<CP of DelSqRho>
CP# = 33      
Type = (3,+1)
Coords = -6.79943414501687E-01  1.02257884183600E+00  3.48732934956374E-18
DistFromNuc =  7.5773690310E-01
Rho =  2.7567976356E+00
DelSqRho =  3.1966764558E+01
GradDelSqRho = -6.1106675275E-13  3.4106051316E-13  1.1818973255E-17
HessDelSqRho_EigVals = -1.7059873703E+03  4.5131810490E+00  4.6864842489E+00
HessDelSqRho_EigVec1 =  8.9566242453E-01 -4.4473455150E-01  0.0000000000E+00
HessDelSqRho_EigVec2 =  4.4473455150E-01  8.9566242453E-01  0.0000000000E+00
HessDelSqRho_EigVec3 =  0.0000000000E+00  0.0000000000E+00  1.0000000000E+00
</CP of DelSqRho>
<CP of DelSqRho>
CP# = 34      
Type = (3,-1)
Coords = -6.25851148513146E-01  5.97045910612781E-01  4.19745801806427E-01
DistFromNuc =  7.5906276741E-01
Rho =  2.7432697435E+00
DelSqRho =  3.2255648119E+01
GradDelSqRho =  2.7142732506E-12  2.1671553441E-13 -1.7621459847E-12
HessDelSqRho_EigVals = -1.7156681248E+03 -3.5125374653E+00  4.7254674635E+00
HessDelSqRho_EigVec1 =  8.2295993273E-01  1.1729086384E-01 -5.5585951676E-01
HessDelSqRho_EigVec2 = -4.4655685185E-01  7.3839765702E-01 -5.0532749596E-01
HessDelSqRho_EigVec3 =  3.5117506629E-01  6.6408715796E-01  6.6004872506E-01
</CP of DelSqRho>
<CP of DelSqRho>
CP# = 35      
Type = (3,-1)
Coords = -6.25851148513143E-01  5.97045910612772E-01 -4.19745801806430E-01
DistFromNuc =  7.5906276741E-01
Rho =  2.7432697435E+00
DelSqRho =  3.2255648119E+01
GradDelSqRho =  2.9274360713E-12  2.8421709430E-13  1.8154366899E-12
HessDelSqRho_EigVals = -1.7156681248E+03 -3.5125374653E+00  4.7254674635E+00
HessDelSqRho_EigVec1 =  8.2295993273E-01  1.1729086384E-01  5.5585951676E-01
HessDelSqRho_EigVec2 = -4.4655685185E-01  7.3839765702E-01  5.0532749596E-01
HessDelSqRho_EigVec3 = -3.5117506629E-01 -6.6408715796E-01  6.6004872506E-01
</CP of DelSqRho>
<CP of DelSqRho>
CP# = 36      
Type = (3,+1)
Coords =  6.45113865953260E-01  1.08454471838963E+00 -4.18999140378580E-15
DistFromNuc =  7.5716583421E-01
Rho =  2.7635659288E+00
DelSqRho =  3.1858434995E+01
GradDelSqRho = -2.0818902158E-12 -1.1830536550E-12 -2.5458659940E-14
HessDelSqRho_EigVals = -1.7031664280E+03  6.0939272571E+00  6.3205262631E+00
HessDelSqRho_EigVec1 =  8.5187544508E-01  5.2374442819E-01 -5.5059495949E-15
HessDelSqRho_EigVec2 = -4.9169256798E-14  9.0486942797E-14  1.0000000000E+00
HessDelSqRho_EigVec3 = -5.2374442819E-01  8.5187544508E-01 -1.0283572896E-13
</CP of DelSqRho>
<Path of -GradDelSqRho>
Starting CP# =      6
Ending CP# =      2
Number of Points =     37
 -3.5190243395E-01  6.9251197339E-01  3.0464359702E-01  1.0241662408E+01 -1.3970553635E+02
 -3.5016098989E-01  6.9453637896E-01  3.0606469724E-01  1.0253314531E+01 -1.3970342870E+02
 -3.4978137033E-01  6.9504642302E-01  3.0647278458E-01  1.0253636543E+01 -1.3970384457E+02
 -3.4931242475E-01  6.9567271835E-01  3.0697147089E-01  1.0254099553E+01 -1.3970449108E+02
 -3.4873856428E-01  6.9643431996E-01  3.0757478032E-01  1.0254739245E+01 -1.3970548779E+02
 -3.4804347437E-01  6.9735110980E-01  3.0829729236E-01  1.0255580467E+01 -1.3970701165E+02
 -3.4720934049E-01  6.9844508510E-01  3.0915532481E-01  1.0256624820E+01 -1.3970932620E+02
 -3.4621469869E-01  6.9974337772E-01  3.1016942572E-01  1.0257839448E+01 -1.3971283023E+02
 -3.4503107572E-01  7.0128259596E-01  3.1136772576E-01  1.0259149423E+01 -1.3971813660E+02
 -3.4361915373E-01  7.0311324019E-01  3.1278898528E-01  1.0260437499E+01 -1.3972618719E+02
 -3.4192537742E-01  7.0530238964E-01  3.1448353142E-01  1.0261565363E+01 -1.3973839125E+02
 -3.3987937440E-01  7.0793338403E-01  3.1651057280E-01  1.0262439160E+01 -1.3975675549E+02
 -3.3739126014E-01  7.1110427241E-01  3.1893363846E-01  1.0263099939E+01 -1.3978403787E+02
 -3.3434806125E-01  7.1492911071E-01  3.2181932256E-01  1.0263730669E+01 -1.3982410571E+02
 -3.3060997694E-01  7.1954187741E-01  3.2523960248E-01  1.0264538334E+01 -1.3988261072E+02
 -3.2600487827E-01  7.2509936521E-01  3.2927115313E-01  1.0265679168E+01 -1.3996783448E+02
 -3.2032002060E-01  7.3178154203E-01  3.3398862524E-01  1.0267303220E+01 -1.4009164639E+02
 -3.1329493312E-01  7.3978755726E-01  3.3945264195E-01  1.0269601170E+01 -1.4027063243E+02
 -3.0462007843E-01  7.4932349176E-01  3.4569086068E-01  1.0272811318E+01 -1.4052716014E+02
 -2.9394889773E-01  7.6057539623E-01  3.5266942771E-01  1.0277188348E+01 -1.4088962772E+02
 -2.8094214303E-01  7.7365522336E-01  3.6025339707E-01  1.0282876781E+01 -1.4139017896E+02
 -2.6541546788E-01  7.8846809169E-01  3.6814346390E-01  1.0289601198E+01 -1.4205492727E+02
 -2.4787479858E-01  8.0422472827E-01  3.7563959764E-01  1.0299166610E+01 -1.4286776765E+02
 -2.2936929443E-01  8.1977776400E-01  3.8199955496E-01  1.0314680535E+01 -1.4376873604E+02
 -2.1020103200E-01  8.3494736146E-01  3.8722533150E-01  1.0331579457E+01 -1.4472725259E+02
 -1.9043545223E-01  8.4969303252E-01  3.9131628467E-01  1.0348979488E+01 -1.4571739692E+02
 -1.7013188486E-01  8.6397307676E-01  3.9426509525E-01  1.0366395558E+01 -1.4671156191E+02
 -1.4935052550E-01  8.7774753838E-01  3.9606799406E-01  1.0383330884E+01 -1.4768122554E+02
 -1.2815215425E-01  8.9097818830E-01  3.9672465069E-01  1.0399290531E+01 -1.4859779604E+02
 -1.0659785145E-01  9.0362842703E-01  3.9623805961E-01  1.0413796084E+01 -1.4943348725E+02
 -8.4748699147E-02  9.1566307654E-01  3.9461448892E-01  1.0426400042E+01 -1.5016219326E+02
 -6.2665396851E-02  9.2704794954E-01  3.9186358345E-01  1.0436699439E+01 -1.5076032914E+02
 -4.2823012208E-02  9.3631115915E-01  3.8802613983E-01  1.0461509647E+01 -1.5115856925E+02
 -3.3188844438E-02  9.4072297805E-01  3.8604679796E-01  1.0465079499E+01 -1.5130798186E+02
 -2.5402249749E-02  9.4418718809E-01  3.8430843198E-01  1.0467305894E+01 -1.5140544372E+02
 -1.9140694282E-02  9.4690531428E-01  3.8282004811E-01  1.0468730471E+01 -1.5146836341E+02
  5.4956185373E-03  9.5732366601E-01  3.7672815927E-01  1.0450650177E+01 -1.5158896946E+02
</Path of -GradDelSqRho>
<Path of -GradDelSqRho>
Starting CP# =      6
Ending CP# =     10
Number of Points =     40
 -3.5190243395E-01  6.9251197339E-01  3.0464359702E-01  1.0241662408E+01 -1.3970553635E+02
 -3.5308739994E-01  6.9048283230E-01  3.0274345343E-01  1.0253274521E+01 -1.3970341426E+02
 -3.5344195510E-01  6.8997627899E-01  3.0231881545E-01  1.0253576994E+01 -1.3970382457E+02
 -3.5387362449E-01  6.8935564440E-01  3.0179618691E-01  1.0254013293E+01 -1.3970445911E+02
 -3.5439372704E-01  6.8860282348E-01  3.0115921422E-01  1.0254616794E+01 -1.3970543136E+02
 -3.5501381236E-01  6.8769924166E-01  3.0039105466E-01  1.0255410248E+01 -1.3970690697E+02
 -3.5574657044E-01  6.8662480753E-01  2.9947364440E-01  1.0256394228E+01 -1.3970912852E+02
 -3.5660772882E-01  6.8535533721E-01  2.9838561304E-01  1.0257537068E+01 -1.3971245567E+02
 -3.5761850602E-01  6.8385888943E-01  2.9709910570E-01  1.0258768665E+01 -1.3971742806E+02
 -3.5880763831E-01  6.8209220269E-01  2.9557638243E-01  1.0259981066E+01 -1.3972485345E+02
 -3.6021154358E-01  6.7999885550E-01  2.9376729652E-01  1.0261046240E+01 -1.3973590635E+02
 -3.6187138035E-01  6.7751034680E-01  2.9160831321E-01  1.0261868262E+01 -1.3975220469E+02
 -3.6382806847E-01  6.7454897530E-01  2.8902236721E-01  1.0262458781E+01 -1.3977586862E+02
 -3.6611930713E-01  6.7102925566E-01  2.8591830519E-01  1.0262957151E+01 -1.3980967162E+02
 -3.6877990630E-01  6.6685746697E-01  2.8219044310E-01  1.0263544033E+01 -1.3985736196E+02
 -3.7184077607E-01  6.6193234626E-01  2.7771860322E-01  1.0264356306E+01 -1.3992401375E+02
 -3.7532342716E-01  6.5614838798E-01  2.7236805841E-01  1.0265499814E+01 -1.4001625437E+02
 -3.7923159795E-01  6.4940225608E-01  2.6599148849E-01  1.0267090920E+01 -1.4014234524E+02
 -3.8354144906E-01  6.4160325995E-01  2.5843555842E-01  1.0269270004E+01 -1.4031200972E+02
 -3.8819096559E-01  6.3268852023E-01  2.4955360473E-01  1.0272198219E+01 -1.4053577054E+02
 -3.9307057502E-01  6.2264243430E-01  2.3922564718E-01  1.0276045624E+01 -1.4082354624E+02
 -3.9801876442E-01  6.1151802321E-01  2.2738555871E-01  1.0280971297E+01 -1.4118238999E+02
 -4.0282752767E-01  5.9945479554E-01  2.1405187349E-01  1.0287098762E+01 -1.4161361998E+02
 -4.0726146328E-01  5.8668529553E-01  1.9935423288E-01  1.0294492547E+01 -1.4211016254E+02
 -4.1109010414E-01  5.7352364044E-01  1.8354536684E-01  1.0303132359E+01 -1.4265536235E+02
 -4.1412689269E-01  5.6033680120E-01  1.6699386698E-01  1.0312855098E+01 -1.4322422930E+02
 -4.1626466642E-01  5.4750602985E-01  1.5015954012E-01  1.0323247678E+01 -1.4378714599E+02
 -4.1749614680E-01  5.3537898217E-01  1.3354199322E-01  1.0333629721E+01 -1.4431543204E+02
 -4.1790663655E-01  5.2421920378E-01  1.1760084436E-01  1.0343292284E+01 -1.4478710905E+02
 -4.1764225679E-01  5.1418124189E-01  1.0269145923E-01  1.0351758268E+01 -1.4519003035E+02
 -4.1687327251E-01  5.0531816986E-01  8.9043286508E-02  1.0358833089E+01 -1.4552151580E+02
 -4.1576513942E-01  4.9760517510E-01  7.6768303012E-02  1.0364533397E+01 -1.4578589738E+02
 -4.1446073712E-01  4.9096624273E-01  6.5883891074E-02  1.0368998821E+01 -1.4599155247E+02
 -4.1307283544E-01  4.8529746744E-01  5.6339945161E-02  1.0372422062E+01 -1.4614839474E+02
 -4.1168382057E-01  4.8048447560E-01  4.8043916119E-02  1.0375003297E+01 -1.4626618100E+02
 -4.1034945738E-01  4.7641388231E-01  4.0880810723E-02  1.0376925252E+01 -1.4635359078E+02
 -4.0910420812E-01  4.7297990200E-01  3.4727555011E-02  1.0378342686E+01 -1.4641786862E+02
 -4.0796659076E-01  4.7008752624E-01  2.9462414284E-02  1.0379380487E+01 -1.4646480718E+02
 -4.0694383708E-01  4.6765351184E-01  2.4970610030E-02  1.0380136183E+01 -1.4649890128E+02
 -4.0093557419E-01  4.5439013480E-01 -3.2282424039E-19  1.0361757277E+01 -1.4659618576E+02
</Path of -GradDelSqRho>
<Path of -GradDelSqRho>
Starting CP# =      7
Ending CP# =      4
Number of Points =     37
 -3.5190243395E-01  6.9251197339E-01 -3.0464359702E-01  1.0241662408E+01 -1.3970553635E+02
 -3.5016098989E-01  6.9453637896E-01 -3.0606469724E-01  1.0253314531E+01 -1.3970342870E+02
 -3.4978137033E-01  6.9504642302E-01 -3.0647278458E-01  1.0253636543E+01 -1.3970384457E+02
 -3.4931242475E-01  6.9567271835E-01 -3.0697147089E-01  1.0254099553E+01 -1.3970449108E+02
 -3.4873856428E-01  6.9643431996E-01 -3.0757478032E-01  1.0254739245E+01 -1.3970548779E+02
 -3.4804347437E-01  6.9735110980E-01 -3.0829729236E-01  1.0255580467E+01 -1.3970701165E+02
 -3.4720934049E-01  6.9844508510E-01 -3.0915532481E-01  1.0256624820E+01 -1.3970932620E+02
 -3.4621469869E-01  6.9974337772E-01 -3.1016942572E-01  1.0257839448E+01 -1.3971283023E+02
 -3.4503107572E-01  7.0128259596E-01 -3.1136772576E-01  1.0259149423E+01 -1.3971813660E+02
 -3.4361915373E-01  7.0311324019E-01 -3.1278898528E-01  1.0260437499E+01 -1.3972618719E+02
 -3.4192537742E-01  7.0530238964E-01 -3.1448353142E-01  1.0261565363E+01 -1.3973839125E+02
 -3.3987937440E-01  7.0793338403E-01 -3.1651057280E-01  1.0262439160E+01 -1.3975675549E+02
 -3.3739126014E-01  7.1110427241E-01 -3.1893363846E-01  1.0263099939E+01 -1.3978403787E+02
 -3.3434806125E-01  7.1492911071E-01 -3.2181932256E-01  1.0263730669E+01 -1.3982410571E+02
 -3.3060997694E-01  7.1954187741E-01 -3.2523960248E-01  1.0264538334E+01 -1.3988261071E+02
 -3.2600487827E-01  7.2509936521E-01 -3.2927115313E-01  1.0265679168E+01 -1.3996783448E+02
 -3.2032002060E-01  7.3178154203E-01 -3.3398862523E-01  1.0267303220E+01 -1.4009164639E+02
 -3.1329493312E-01  7.3978755726E-01 -3.3945264195E-01  1.0269601170E+01 -1.4027063243E+02
 -3.0462007843E-01  7.4932349176E-01 -3.4569086068E-01  1.0272811318E+01 -1.4052716014E+02
 -2.9394889773E-01  7.6057539623E-01 -3.5266942771E-01  1.0277188348E+01 -1.4088962772E+02
 -2.8094214303E-01  7.7365522336E-01 -3.6025339707E-01  1.0282876781E+01 -1.4139017896E+02
 -2.6541546788E-01  7.8846809169E-01 -3.6814346390E-01  1.0289601198E+01 -1.4205492727E+02
 -2.4787479858E-01  8.0422472827E-01 -3.7563959764E-01  1.0299166610E+01 -1.4286776765E+02
 -2.2936929443E-01  8.1977776400E-01 -3.8199955496E-01  1.0314680535E+01 -1.4376873604E+02
 -2.1020103200E-01  8.3494736146E-01 -3.8722533150E-01  1.0331579457E+01 -1.4472725259E+02
 -1.9043545223E-01  8.4969303252E-01 -3.9131628467E-01  1.0348979488E+01 -1.4571739692E+02
 -1.7013188486E-01  8.6397307676E-01 -3.9426509525E-01  1.0366395558E+01 -1.4671156191E+02
 -1.4935052550E-01  8.7774753838E-01 -3.9606799406E-01  1.0383330884E+01 -1.4768122554E+02
 -1.2815215425E-01  8.9097818830E-01 -3.9672465069E-01  1.0399290531E+01 -1.4859779604E+02
 -1.0659785145E-01  9.0362842703E-01 -3.9623805961E-01  1.0413796084E+01 -1.4943348725E+02
 -8.4748699149E-02  9.1566307654E-01 -3.9461448892E-01  1.0426400042E+01 -1.5016219326E+02
 -6.2665396911E-02  9.2704794977E-01 -3.9186358382E-01  1.0436699425E+01 -1.5076032914E+02
 -4.2269469348E-02  9.3721207513E-01 -3.8882918736E-01  1.0425097686E+01 -1.5116904458E+02
 -3.2745356814E-02  9.4159080790E-01 -3.8689731718E-01  1.0427096433E+01 -1.5131499233E+02
 -2.5043341827E-02  9.4503170309E-01 -3.8519847020E-01  1.0428124450E+01 -1.5140990455E+02
 -1.8850423078E-02  9.4772912845E-01 -3.8373963428E-01  1.0428779753E+01 -1.5147114745E+02
  5.4956185373E-03  9.5732366601E-01 -3.7672815927E-01  1.0450650177E+01 -1.5158896946E+02
</Path of -GradDelSqRho>
<Path of -GradDelSqRho>
Starting CP# =      7
Ending CP# =     10
Number of Points =     40
 -3.5190243395E-01  6.9251197339E-01 -3.0464359702E-01  1.0241662408E+01 -1.3970553635E+02
 -3.5308739994E-01  6.9048283230E-01 -3.0274345343E-01  1.0253274521E+01 -1.3970341426E+02
 -3.5344195510E-01  6.8997627899E-01 -3.0231881545E-01  1.0253576994E+01 -1.3970382457E+02
 -3.5387362449E-01  6.8935564440E-01 -3.0179618691E-01  1.0254013293E+01 -1.3970445911E+02
 -3.5439372704E-01  6.8860282348E-01 -3.0115921422E-01  1.0254616794E+01 -1.3970543136E+02
 -3.5501381236E-01  6.8769924166E-01 -3.0039105466E-01  1.0255410248E+01 -1.3970690697E+02
 -3.5574657044E-01  6.8662480753E-01 -2.9947364440E-01  1.0256394228E+01 -1.3970912852E+02
 -3.5660772882E-01  6.8535533721E-01 -2.9838561304E-01  1.0257537068E+01 -1.3971245567E+02
 -3.5761850602E-01  6.8385888943E-01 -2.9709910570E-01  1.0258768665E+01 -1.3971742806E+02
 -3.5880763831E-01  6.8209220269E-01 -2.9557638243E-01  1.0259981066E+01 -1.3972485345E+02
 -3.6021154357E-01  6.7999885550E-01 -2.9376729652E-01  1.0261046240E+01 -1.3973590635E+02
 -3.6187138035E-01  6.7751034680E-01 -2.9160831321E-01  1.0261868262E+01 -1.3975220469E+02
 -3.6382806847E-01  6.7454897530E-01 -2.8902236721E-01  1.0262458781E+01 -1.3977586862E+02
 -3.6611930713E-01  6.7102925566E-01 -2.8591830519E-01  1.0262957151E+01 -1.3980967162E+02
 -3.6877990630E-01  6.6685746697E-01 -2.8219044310E-01  1.0263544033E+01 -1.3985736196E+02
 -3.7184077607E-01  6.6193234626E-01 -2.7771860322E-01  1.0264356306E+01 -1.3992401375E+02
 -3.7532342716E-01  6.5614838798E-01 -2.7236805841E-01  1.0265499814E+01 -1.4001625437E+02
 -3.7923159795E-01  6.4940225608E-01 -2.6599148849E-01  1.0267090920E+01 -1.4014234524E+02
 -3.8354144906E-01  6.4160325996E-01 -2.5843555842E-01  1.0269270004E+01 -1.4031200972E+02
 -3.8819096559E-01  6.3268852023E-01 -2.4955360473E-01  1.0272198219E+01 -1.4053577054E+02
 -3.9307057502E-01  6.2264243430E-01 -2.3922564718E-01  1.0276045624E+01 -1.4082354624E+02
 -3.9801876442E-01  6.1151802321E-01 -2.2738555871E-01  1.0280971297E+01 -1.4118238999E+02
 -4.0282752767E-01  5.9945479554E-01 -2.1405187349E-01  1.0287098762E+01 -1.4161361998E+02
 -4.0726146328E-01  5.8668529553E-01 -1.9935423288E-01  1.0294492547E+01 -1.4211016254E+02
 -4.1109010414E-01  5.7352364044E-01 -1.8354536685E-01  1.0303132359E+01 -1.4265536235E+02
 -4.1412689269E-01  5.6033680120E-01 -1.6699386698E-01  1.0312855098E+01 -1.4322422930E+02
 -4.1626466642E-01  5.4750602985E-01 -1.5015954012E-01  1.0323247678E+01 -1.4378714599E+02
 -4.1749614680E-01  5.3537898217E-01 -1.3354199322E-01  1.0333629721E+01 -1.4431543204E+02
 -4.1790663655E-01  5.2421920378E-01 -1.1760084437E-01  1.0343292284E+01 -1.4478710905E+02
 -4.1764225679E-01  5.1418124189E-01 -1.0269145923E-01  1.0351758268E+01 -1.4519003035E+02
 -4.1687327251E-01  5.0531816986E-01 -8.9043286510E-02  1.0358833089E+01 -1.4552151580E+02
 -4.1576513942E-01  4.9760517510E-01 -7.6768303014E-02  1.0364533397E+01 -1.4578589738E+02
 -4.1446073712E-01  4.9096624273E-01 -6.5883891075E-02  1.0368998821E+01 -1.4599155247E+02
 -4.1307283544E-01  4.8529746744E-01 -5.6339945162E-02  1.0372422062E+01 -1.4614839474E+02
 -4.1168382058E-01  4.8048447560E-01 -4.8043916119E-02  1.0375003297E+01 -1.4626618100E+02
 -4.1034945738E-01  4.7641388231E-01 -4.0880810724E-02  1.0376925252E+01 -1.4635359078E+02
 -4.0910420812E-01  4.7297990201E-01 -3.4727555012E-02  1.0378342686E+01 -1.4641786862E+02
 -4.0796659076E-01  4.7008752624E-01 -2.9462414285E-02  1.0379380487E+01 -1.4646480718E+02
 -4.0694383708E-01  4.6765351184E-01 -2.4970610030E-02  1.0380136183E+01 -1.4649890128E+02
 -4.0093557419E-01  4.5439013480E-01 -3.2282424039E-19  1.0361757277E+01 -1.4659618576E+02
</Path of -GradDelSqRho>
<Path of -GradDelSqRho>
Starting CP# =     19
Ending CP# =      2
Number of Points =     32
  2.7744791543E-03  1.1534130691E+00  2.9396249581E-18  1.0256203290E+01 -1.4048010547E+02
  2.7727423366E-03  1.1530924685E+00  3.2328874351E-03  1.0266285186E+01 -1.4047918561E+02
  2.7726971088E-03  1.1530605783E+00  4.3259457709E-03  1.0267046155E+01 -1.4047996608E+02
  2.7726323989E-03  1.1530125689E+00  5.7042958807E-03  1.0268145276E+01 -1.4048131213E+02
  2.7725722314E-03  1.1529454211E+00  7.4024582900E-03  1.0269584604E+01 -1.4048357500E+02
  2.7725640265E-03  1.1528571509E+00  9.4651979143E-03  1.0271291067E+01 -1.4048731805E+02
  2.7726862866E-03  1.1527459837E+00  1.1964219649E-02  1.0273113652E+01 -1.4049347728E+02
  2.7730608525E-03  1.1526086363E+00  1.5012135844E-02  1.0274826654E+01 -1.4050361810E+02
  2.7738632300E-03  1.1524363184E+00  1.8767401698E-02  1.0276180290E+01 -1.4052024057E+02
  2.7753170545E-03  1.1522061377E+00  2.3427051556E-02  1.0277074964E+01 -1.4054701791E+02
  2.7776997345E-03  1.1518714875E+00  2.9219375820E-02  1.0277728509E+01 -1.4058916026E+02
  2.7814286877E-03  1.1513602634E+00  3.6409714884E-02  1.0278507560E+01 -1.4065445191E+02
  2.7871897371E-03  1.1505725030E+00  4.5306909814E-02  1.0279672403E+01 -1.4075475616E+02
  2.7960390457E-03  1.1493650423E+00  5.6259430936E-02  1.0281432296E+01 -1.4090748486E+02
  2.8095239555E-03  1.1475321799E+00  6.9635754775E-02  1.0284042811E+01 -1.4113697972E+02
  2.8298220758E-03  1.1447911696E+00  8.5777144116E-02  1.0287795300E+01 -1.4147498737E+02
