 AIMInt (Version 19.10.12, Professional)
 Portions Copyright (c) 1997-2019 by Todd A. Keith
 AIMInt is a component of the AIMAll package ( http://aim.tkgristmill.com )

 TP:  64-bit Mac OS X

 AIMInt is a heavily modified and extended version of the PROAIMV program
 developed by members of R.F.W. Bader's research group

 Much of the Quantum Theory of Atoms in Molecules (QTAIM) is described in the book:
   "Atoms in Molecules - A Quantum Theory"
   R.F.W. Bader, Oxford University Press, Oxford, 1990

 For additional references see:  http://aim.tkgristmill.com/references.html

 Current Directory:  /Users/chemlab/Documents/SubstituentCoding/BCP Map Reference/BCPMapReference

 Inp File:  SubH_SeMeONH_wb97xd_aug-cc-pvtz_atomicfiles/o7.inp
 Wfx File:  SubH_SeMeONH_wb97xd_aug-cc-pvtz.wfx
 Out File:  SubH_SeMeONH_wb97xd_aug-cc-pvtz_atomicfiles/o7.int

 Wfx Title:  Title Card Required                                                            
 Job Title:  Title Card Required                                                            
 
<Atom>
O7      
</Atom>
<Nuclei of Molecule>
     9
Se1       34.0          -2.4268596200E-01   5.0972284900E-02   3.1351986700E-01
H2         1.0          -1.9110312600E-01   3.6481120400E-01   3.1447142400E+00
C3         6.0           3.3047618200E+00  -4.3122480700E-02  -3.4913385600E-01
H4         1.0           4.0852279500E+00  -1.6904911400E+00   5.9333662100E-01
H5         1.0           3.4957216200E+00  -2.0312550700E-01  -2.3866571500E+00
H6         1.0           4.1182028500E+00   1.7099365300E+00   3.4068314500E-01
O7         8.0          -1.4563473400E+00   2.6555005800E+00  -7.0673324000E-01
N8         7.0          -1.1894332000E+00  -2.8529244700E+00  -5.8925629500E-01
H9         1.0          -3.1084863700E+00  -2.9289872500E+00  -4.7828921000E-01
</Nuclei of Molecule>
<Total Number of CPs of DelSqRho>
    16
</Total Number of CPs of DelSqRho>
<Number of (3,+3) CPs of DelSqRho>
     4
</Number of (3,+3) CPs of DelSqRho>
<Number of (3,+1) CPs of DelSqRho>
     5
</Number of (3,+1) CPs of DelSqRho>
<Number of (3,-1) CPs of DelSqRho>
     4
</Number of (3,-1) CPs of DelSqRho>
<Number of (3,-3) CPs of DelSqRho>
     3
</Number of (3,-3) CPs of DelSqRho>
<Number of Degenerate CPs of DelSqRho>
     0
</Number of Degenerate CPs of DelSqRho>
<CP of DelSqRho>
CP# = 1       
Type = (3,+3)
Coords = -1.45634711004054E+00  2.65550010410511E+00 -7.06733049642826E-01
DistFromNuc =  5.6177678017E-07
Rho =  2.9839517330E+02
DelSqRho = -3.3412549435E+06
GradDelSqRho =  6.4965970523E-06  1.6550940927E-05 -5.9911180870E-06
HessDelSqRho_EigVals =  1.3286945469E+11  1.3286945562E+11  1.3286947036E+11
HessDelSqRho_EigVec1 =  1.2994473848E-01  4.0426625324E-01  9.0536355208E-01
HessDelSqRho_EigVec2 = -9.1415625247E-01 -3.0475543209E-01  2.6728724752E-01
HessDelSqRho_EigVec3 = -3.8396967460E-01  8.6237632337E-01 -3.2996115814E-01
</CP of DelSqRho>
<CP of DelSqRho>
CP# = 2       
Type = (3,+3)
Coords = -9.01231570520285E-01  1.49485675384924E+00 -2.59094509332121E-01
DistFromNuc =  1.3622143891E+00
Rho =  2.7505259212E-01
DelSqRho =  4.9699249688E-02
GradDelSqRho = -4.5033421436E-15  8.8262730458E-15 -1.1102230246E-15
HessDelSqRho_EigVals =  4.5623402042E-01  5.4772472277E-01  5.3137974991E+00
HessDelSqRho_EigVec1 =  8.3803473750E-01  1.6867972593E-01 -5.1888816599E-01
HessDelSqRho_EigVec2 =  3.8222472167E-01  4.9716113714E-01  7.7893200336E-01
HessDelSqRho_EigVec3 = -3.8936106750E-01  8.5110396179E-01 -3.5216474177E-01
</CP of DelSqRho>
<CP of DelSqRho>
CP# = 3       
Type = (3,-3)
Coords = -1.39453225292970E+00  2.50732323570000E+00 -6.52509333380733E-01
DistFromNuc =  1.6946345447E-01
Rho =  2.2109849437E+01
DelSqRho =  1.2649663246E+03
GradDelSqRho = -4.6895820560E-12 -1.6399326341E-11 -2.1742607714E-12
HessDelSqRho_EigVals = -3.9840179411E+05 -1.7051045668E+03 -1.5421819508E+03
HessDelSqRho_EigVec1 = -3.6438413266E-01  8.7461308635E-01 -3.1980643060E-01
HessDelSqRho_EigVec2 =  1.0958988590E-01  3.8130358624E-01  9.1793116955E-01
HessDelSqRho_EigVec3 =  9.2477795214E-01  2.9943200282E-01 -2.3478972489E-01
</CP of DelSqRho>
<CP of DelSqRho>
CP# = 4       
Type = (3,-1)
Coords = -1.56509370843533E+00  2.53372555522158E+00 -6.64085393486159E-01
DistFromNuc =  1.6874172015E-01
Rho =  2.2395804559E+01
DelSqRho =  1.2536229291E+03
GradDelSqRho =  1.0729195310E-11 -1.6200374375E-11 -3.6379788071E-12
HessDelSqRho_EigVals = -4.0979237922E+05 -1.9436531331E+02  2.2163978091E+03
HessDelSqRho_EigVec1 =  6.5020243264E-01  7.1716845458E-01 -2.5081109294E-01
HessDelSqRho_EigVec2 = -1.7953693757E-02  3.4452961190E-01  9.3860375633E-01
HessDelSqRho_EigVec3 =  7.5954885391E-01 -6.0577946010E-01  2.3688981458E-01
</CP of DelSqRho>
<CP of DelSqRho>
CP# = 5       
Type = (3,+1)
Coords = -1.38593966634130E+00  2.66247333986232E+00 -5.53495186971711E-01
DistFromNuc =  1.6878317685E-01
Rho =  2.2398748552E+01
DelSqRho =  1.2501906397E+03
GradDelSqRho = -3.1491254049E-11 -3.1263880373E-12 -1.8076207198E-11
HessDelSqRho_EigVals = -4.0844994279E+05  1.8630474672E+02  2.4984932475E+03
HessDelSqRho_EigVec1 =  4.1525949200E-01  4.8564295164E-02  9.0840578132E-01
HessDelSqRho_EigVec2 =  8.8043261578E-01  2.2981313053E-01 -4.1475816339E-01
HessDelSqRho_EigVec3 = -2.2890601427E-01  9.7202234248E-01  5.2674494414E-02
</CP of DelSqRho>
<CP of DelSqRho>
CP# = 6       
Type = (3,-3)
Coords = -1.52165866458422E+00  2.79809251621052E+00 -7.61855125288029E-01
DistFromNuc =  1.6624214757E-01
Rho =  2.2818221412E+01
DelSqRho =  1.3387410758E+03
GradDelSqRho = -5.1727511163E-12  6.2527760747E-12  1.3926637621E-11
HessDelSqRho_EigVals = -4.7625535427E+05 -4.4712474965E+03 -4.3000703097E+03
HessDelSqRho_EigVec1 = -3.9299903372E-01  8.5765314226E-01 -3.3163661900E-01
HessDelSqRho_EigVec2 =  1.0923306188E-01  4.0164451865E-01  9.0925783958E-01
HessDelSqRho_EigVec3 =  9.1302787345E-01  3.2111176903E-01 -2.5152998649E-01
</CP of DelSqRho>
<CP of DelSqRho>
CP# = 7       
Type = (3,-1)
Coords = -1.29556254102709E+00  2.62441307586732E+00 -7.47653820872152E-01
DistFromNuc =  1.6879774416E-01
Rho =  2.2385059443E+01
DelSqRho =  1.2520604289E+03
GradDelSqRho = -1.5177192836E-11 -3.6024516703E-12  1.0345502233E-11
HessDelSqRho_EigVals = -4.0847753703E+05 -1.2481327583E+02  2.3117675043E+03
HessDelSqRho_EigVec1 =  9.5277228871E-01 -1.7778549171E-01 -2.4620577736E-01
HessDelSqRho_EigVec2 =  3.0112590792E-01  4.4803581635E-01  8.4177615483E-01
HessDelSqRho_EigVec3 =  3.9346581150E-02  8.7615993186E-01 -4.8041192778E-01
</CP of DelSqRho>
<CP of DelSqRho>
CP# = 8       
Type = (3,+1)
Coords = -2.09142578043650E+00  2.58887046780765E+00 -5.62535636064875E-01
DistFromNuc =  6.5464276238E-01
Rho =  8.6864141105E-01
DelSqRho = -3.6026245114E+00
GradDelSqRho = -2.1760371283E-14  3.1086244690E-15  2.3092638912E-14
HessDelSqRho_EigVals = -4.2295971396E-01  1.1650214224E+01  2.8463093667E+02
HessDelSqRho_EigVec1 =  1.6113479858E-01  4.0610110294E-01  8.9950957242E-01
HessDelSqRho_EigVec2 = -1.7433996712E-01  9.0879906818E-01 -3.7906441344E-01
HessDelSqRho_EigVec3 =  9.7141193762E-01  9.5740001367E-02 -2.1723880774E-01
</CP of DelSqRho>
<CP of DelSqRho>
CP# = 9       
Type = (3,+3)
Coords = -1.57121557585211E+00  2.52100942226329E+00 -1.33383434255214E+00
DistFromNuc =  6.5156609484E-01
Rho =  8.8188147490E-01
DelSqRho = -3.7466643546E+00
GradDelSqRho =  1.7053025658E-13  4.4408920985E-15 -3.5527136788E-13
HessDelSqRho_EigVals =  9.3955021392E-01  1.2773309761E+01  2.9508705571E+02
HessDelSqRho_EigVec1 =  9.2192882475E-01  3.0733438997E-01 -2.3578128603E-01
HessDelSqRho_EigVec2 =  3.4339306553E-01 -9.3010401601E-01  1.3033695540E-01
HessDelSqRho_EigVec3 =  1.7924409236E-01  2.0112705472E-01  9.6302620069E-01
</CP of DelSqRho>
<CP of DelSqRho>
CP# = 10      
Type = (3,+3)
Coords = -1.41111185078308E+00  3.03681554240141E+00 -1.78735215319942E-01
DistFromNuc =  6.5286236230E-01
Rho =  8.7720071757E-01
DelSqRho = -3.6901658645E+00
GradDelSqRho =  2.5579538487E-13 -4.1566750042E-13 -7.5672801358E-13
HessDelSqRho_EigVals =  6.2080906988E-01  1.2395962078E+01  2.8990943353E+02
HessDelSqRho_EigVec1 =  9.1525548673E-01  2.8613865643E-01 -2.8360547123E-01
HessDelSqRho_EigVec2 = -3.9744008243E-01  7.5651516327E-01 -5.1935170031E-01
HessDelSqRho_EigVec3 =  6.5945241632E-02  5.8805567511E-01  8.0612762518E-01
</CP of DelSqRho>
<CP of DelSqRho>
CP# = 11      
Type = (3,-1)
Coords = -1.71859607288483E+00  3.25231019799927E+00 -9.31212188657023E-01
DistFromNuc =  6.8945407130E-01
Rho =  7.2292956509E-01
DelSqRho = -2.0308677150E+00
GradDelSqRho =  9.3258734069E-15 -1.6875389974E-14  1.5543122345E-15
HessDelSqRho_EigVals = -8.4376656007E+00 -7.8576790564E+00  2.0324681871E+02
HessDelSqRho_EigVec1 =  1.0136016671E-01  3.8909944518E-01  9.1560239098E-01
HessDelSqRho_EigVec2 = -9.1910074829E-01 -3.1562094333E-01  2.3587546421E-01
HessDelSqRho_EigVec3 = -3.8076230262E-01  8.6543921906E-01 -3.2563019979E-01
</CP of DelSqRho>
<CP of DelSqRho>
CP# = 12      
Type = (3,+1)
Coords = -9.26954075693257E-01  2.98844893655474E+00 -9.05644395567618E-01
DistFromNuc =  6.5626022600E-01
Rho =  8.6187820914E-01
DelSqRho = -3.5196940119E+00
GradDelSqRho = -8.2645001953E-13  5.7598370518E-13  4.2614800577E-12
HessDelSqRho_EigVals = -1.1133178406E+00  1.1153695779E+01  2.7856237932E+02
HessDelSqRho_EigVec1 =  1.0248336218E-01  3.8604836945E-01  9.1676813695E-01
HessDelSqRho_EigVec2 = -5.8659136994E-01  7.6777798773E-01 -2.5773538033E-01
HessDelSqRho_EigVec3 =  8.0337271873E-01  5.1135468904E-01 -3.0513711148E-01
</CP of DelSqRho>
<CP of DelSqRho>
CP# = 13      
Type = (3,-1)
Coords = -1.17704199296543E+00  1.97891018523547E+00 -4.64078392334856E-01
DistFromNuc =  7.7114681758E-01
Rho =  5.9287582531E-01
DelSqRho = -1.1869415839E+00
GradDelSqRho =  2.4424906542E-15 -8.8817841970E-16 -3.1086244690E-15
HessDelSqRho_EigVals = -2.9442108183E+00 -2.7433796501E+00  9.8845604915E+01
HessDelSqRho_EigVec1 = -1.4498715820E-01  2.7551638448E-01  9.5029966108E-01
HessDelSqRho_EigVec2 =  9.2420000316E-01  3.8067800432E-01  3.0636762128E-02
HessDelSqRho_EigVec3 = -3.5331724855E-01  8.8270888684E-01 -3.0982566544E-01
</CP of DelSqRho>
<CP of DelSqRho>
CP# = 14      
Type = (3,-3)
Coords = -1.91369245302100E+00  3.66018867810144E+00 -1.09068989664515E+00
DistFromNuc =  1.1687537983E+00
Rho =  2.2391783627E-01
DelSqRho =  6.8100951769E-01
GradDelSqRho =  2.2767898678E-13 -9.1986140927E-13  2.1881108037E-13
HessDelSqRho_EigVals = -1.5461210767E+01 -1.3953343165E-01 -1.3493977378E-01
HessDelSqRho_EigVec1 = -3.9080373312E-01  8.6005372803E-01 -3.2799394367E-01
HessDelSqRho_EigVec2 = -1.2254961822E-01  3.0454401892E-01  9.4458167017E-01
HessDelSqRho_EigVec3 =  9.1227958064E-01  4.0934157551E-01 -1.3617683475E-02
</CP of DelSqRho>
<CP of DelSqRho>
CP# = 15      
Type = (3,+1)
Coords = -9.55739931623336E-01  1.60191518365540E+00 -2.92591882032029E-01
DistFromNuc =  1.2378057316E+00
Rho =  3.0869952542E-01
DelSqRho =  6.3398592662E-02
GradDelSqRho =  3.6082248300E-16  2.5257573810E-15  8.8817841970E-16
HessDelSqRho_EigVals = -5.3905854411E+00  1.3541285744E+00  1.4435993547E+00
HessDelSqRho_EigVec1 = -4.0246635452E-01  8.5398625209E-01 -3.2973976819E-01
HessDelSqRho_EigVec2 = -8.3379347598E-01 -1.9327251555E-01  5.1714038147E-01
HessDelSqRho_EigVec3 =  3.7790114170E-01  4.8306647159E-01  7.8983385033E-01
</CP of DelSqRho>
<CP of DelSqRho>
CP# = 16      
Type = (3,+1)
Coords =  1.50381063727138E-01  1.96680553068767E+00  3.84865377068777E-01
DistFromNuc =  2.0609377902E+00
Rho =  8.2649319918E-02
DelSqRho =  1.5883008698E-01
GradDelSqRho =  1.8479107133E-12  8.1787562833E-12  6.3998112365E-13
HessDelSqRho_EigVals = -4.7302265634E-01  5.2887557655E-02  6.2649947448E-01
HessDelSqRho_EigVec1 =  7.9046490106E-01  3.4315174084E-01  5.0735798303E-01
HessDelSqRho_EigVec2 = -5.6723204484E-01  9.7569055609E-02  8.1775796339E-01
HessDelSqRho_EigVec3 = -2.3111262947E-01  9.3419867381E-01 -2.7177157754E-01
</CP of DelSqRho>
<Path of -GradDelSqRho>
Starting CP# =      5
Ending CP# =      0
Number of Points =     37
 -1.3859396663E+00  2.6624733399E+00 -5.5349518697E-01  2.2398748552E+01  1.2501906397E+03
 -1.3755686217E+00  2.6637272836E+00 -5.3078244654E-01  1.5477885603E+01  1.1680266481E+03
 -1.3652074038E+00  2.6650187630E+00 -5.0806731429E-01  1.0785190523E+01  9.9644202212E+02
 -1.3548483952E+00  2.6663188335E+00 -4.8535166454E-01  7.6139398707E+00  7.8602529222E+02
 -1.3444952197E+00  2.6676412780E+00 -4.6263464892E-01  5.4796441662E+00  5.8350871504E+02
 -1.3341538400E+00  2.6690087201E+00 -4.3991492890E-01  4.0448355070E+00  4.1790069950E+02
 -1.3238306176E+00  2.6704451566E+00 -4.1719121562E-01  3.0785637423E+00  2.9419543481E+02
 -1.3135317615E+00  2.6719737675E+00 -3.9446246803E-01  2.4257689551E+00  2.0506490039E+02
 -1.3032627209E+00  2.6736145911E+00 -3.7172806255E-01  1.9829344801E+00  1.4119680823E+02
 -1.2930283533E+00  2.6753851862E+00 -3.4898776800E-01  1.6805585829E+00  9.5347666210E+01
 -1.2828341872E+00  2.6773053430E+00 -3.2624156735E-01  1.4716130517E+00  6.2621952943E+01
 -1.2726881344E+00  2.6794032597E+00 -3.0348957999E-01  1.3242194752E+00  3.9661531908E+01
 -1.2626021889E+00  2.6817213294E+00 -2.8073227809E-01  1.2169205460E+00  2.3962780108E+01
 -1.2525943636E+00  2.6843222455E+00 -2.5797114120E-01  1.1354784060E+00  1.3545276120E+01
 -1.2426915620E+00  2.6872974411E+00 -2.3521007866E-01  1.0706167432E+00  6.8401712849E+00
 -1.2329345343E+00  2.6907807132E+00 -2.1245847544E-01  1.0164095571E+00  2.6497625277E+00
 -1.2233874362E+00  2.6949726985E+00 -1.8973808873E-01  9.6915244459E-01  1.0516889312E-01
 -1.2141592193E+00  2.7001916820E+00 -1.6710053898E-01  9.2661194770E-01 -1.3922743564E+00
 -1.2054622153E+00  2.7070005093E+00 -1.4468147297E-01  8.8760697290E-01 -2.2366606522E+00
 -1.1978199268E+00  2.7165890198E+00 -1.2292935377E-01  8.5208669288E-01 -2.6793467744E+00
 -1.1930135193E+00  2.7318809932E+00 -1.0400307923E-01  8.2324662098E-01 -2.8847103789E+00
 -1.1951564806E+00  2.7548189567E+00 -9.5590908048E-02  8.1265617679E-01 -2.9863889951E+00
 -1.2021293135E+00  2.7787360203E+00 -9.6896281847E-02  8.1687529704E-01 -3.0702763915E+00
 -1.2103038598E+00  2.8019851620E+00 -1.0107121719E-01  8.2431570436E-01 -3.1505649006E+00
 -1.2189109863E+00  2.8248684089E+00 -1.0628724426E-01  8.3196313691E-01 -3.2273292593E+00
 -1.2278213632E+00  2.8474618640E+00 -1.1221102702E-01  8.3923194439E-01 -3.2999695538E+00
 -1.2370124018E+00  2.8697631763E+00 -1.1877831681E-01  8.4598231122E-01 -3.3678732331E+00
 -1.2464804499E+00  2.8917543309E+00 -1.2596850422E-01  8.5215287629E-01 -3.4304564607E+00
 -1.2562276262E+00  2.9134139376E+00 -1.3376643252E-01  8.5769843611E-01 -3.4871772997E+00
 -1.2662616158E+00  2.9347186011E+00 -1.4215593721E-01  8.6258119023E-01 -3.5375461866E+00
 -1.2765988282E+00  2.9556419696E+00 -1.5111737092E-01  8.6677013328E-01 -3.5811353619E+00
 -1.2872713578E+00  2.9761523161E+00 -1.6062386467E-01  8.7024139265E-01 -3.6175873004E+00
 -1.2983432324E+00  2.9962067529E+00 -1.7063278168E-01  8.7297861490E-01 -3.6466222892E+00
 -1.3099558883E+00  3.0157340933E+00 -1.8106132292E-01  8.7497351020E-01 -3.6680463028E+00
 -1.3225021552E+00  3.0345612343E+00 -1.9168761533E-01  8.7622759701E-01 -3.6817659024E+00
 -1.3379451605E+00  3.0516071946E+00 -2.0121089524E-01  8.7676784870E-01 -3.6878913760E+00
 -1.3562174973E+00  3.0532335317E+00 -1.9799674770E-01  8.7604041402E-01 -3.6889546552E+00
</Path of -GradDelSqRho>
<Path of -GradDelSqRho>
Starting CP# =      5
Ending CP# =      1
Number of Points =      7
 -1.3859396663E+00  2.6624733399E+00 -5.5349518697E-01  2.2398748552E+01  1.2501906397E+03
 -1.3963340153E+00  2.6613084441E+00 -5.7620200587E-01  3.2636654071E+01  1.0016720812E+03
 -1.4067486986E+00  2.6602215962E+00 -5.9890339075E-01  4.7884166252E+01 -7.5713171182E+02
 -1.4171724357E+00  2.6591696281E+00 -6.2160226805E-01  7.0523054857E+01 -6.3205904549E+03
 -1.4276025979E+00  2.6581424586E+00 -6.4429932715E-01  1.0409841207E+02 -2.0393617510E+04
 -1.4380436154E+00  2.6571572474E+00 -6.6699325663E-01  1.5445114688E+02 -7.4498634963E+04
 -1.4563471100E+00  2.6555001041E+00 -7.0673304964E-01  2.9839517330E+02 -3.3412549435E+06
</Path of -GradDelSqRho>
<Path of -GradDelSqRho>
Starting CP# =      8
Ending CP# =      0
Number of Points =    119
 -2.0914257804E+00  2.5888704678E+00 -5.6253563606E-01  8.6864141105E-01 -3.6026245114E+00
 -2.0903733930E+00  2.5899222865E+00 -5.6050307578E-01  8.6976613480E-01 -3.6025602577E+00
 -2.0903486861E+00  2.5899819381E+00 -5.6036857675E-01  8.6976596784E-01 -3.6025604312E+00
 -2.0903226213E+00  2.5900462408E+00 -5.6022624411E-01  8.6976578592E-01 -3.6025606266E+00
 -2.0902949574E+00  2.5901146763E+00 -5.6007526469E-01  8.6976558511E-01 -3.6025608468E+00
 -2.0902655651E+00  2.5901873549E+00 -5.5991505220E-01  8.6976536288E-01 -3.6025610947E+00
 -2.0902343290E+00  2.5902645114E+00 -5.5974503451E-01  8.6976511678E-01 -3.6025613739E+00
 -2.0902011306E+00  2.5903464163E+00 -5.5956461411E-01  8.6976484414E-01 -3.6025616883E+00
 -2.0901658439E+00  2.5904333602E+00 -5.5937315943E-01  8.6976454201E-01 -3.6025620423E+00
 -2.0901283349E+00  2.5905256522E+00 -5.5917000159E-01  8.6976420714E-01 -3.6025624409E+00
 -2.0900884608E+00  2.5906236201E+00 -5.5895443212E-01  8.6976383592E-01 -3.6025628897E+00
 -2.0900460690E+00  2.5907276120E+00 -5.5872570060E-01  8.6976342439E-01 -3.6025633949E+00
 -2.0900009968E+00  2.5908379971E+00 -5.5848301240E-01  8.6976296818E-01 -3.6025639636E+00
 -2.0899530704E+00  2.5909551667E+00 -5.5822552618E-01  8.6976246251E-01 -3.6025646037E+00
 -2.0899021044E+00  2.5910795360E+00 -5.5795235132E-01  8.6976190214E-01 -3.6025653240E+00
 -2.0898479007E+00  2.5912115455E+00 -5.5766254529E-01  8.6976128138E-01 -3.6025661346E+00
 -2.0897902475E+00  2.5913516620E+00 -5.5735511080E-01  8.6976059402E-01 -3.6025670466E+00
 -2.0897289185E+00  2.5915003806E+00 -5.5702899287E-01  8.6975983338E-01 -3.6025680725E+00
 -2.0896636716E+00  2.5916582260E+00 -5.5668307585E-01  8.6975899228E-01 -3.6025692263E+00
 -2.0895942480E+00  2.5918257546E+00 -5.5631618017E-01  8.6975806307E-01 -3.6025705239E+00
 -2.0895203704E+00  2.5920035562E+00 -5.5592705907E-01  8.6975703765E-01 -3.6025719829E+00
 -2.0894417419E+00  2.5921922557E+00 -5.5551439515E-01  8.6975590753E-01 -3.6025736228E+00
 -2.0893580444E+00  2.5923925154E+00 -5.5507679678E-01  8.6975466396E-01 -3.6025754658E+00
 -2.0892689368E+00  2.5926050372E+00 -5.5461279432E-01  8.6975329799E-01 -3.6025775366E+00
 -2.0891740529E+00  2.5928305646E+00 -5.5412083630E-01  8.6975180069E-01 -3.6025798626E+00
 -2.0890729997E+00  2.5930698857E+00 -5.5359928526E-01  8.6975016338E-01 -3.6025824746E+00
 -2.0889653548E+00  2.5933238353E+00 -5.5304641353E-01  8.6974837791E-01 -3.6025854069E+00
 -2.0888506638E+00  2.5935932979E+00 -5.5246039876E-01  8.6974643703E-01 -3.6025886977E+00
 -2.0887284377E+00  2.5938792106E+00 -5.5183931916E-01  8.6974433484E-01 -3.6025923896E+00
 -2.0885981493E+00  2.5941825666E+00 -5.5118114859E-01  8.6974206737E-01 -3.6025965301E+00
 -2.0884592301E+00  2.5945044185E+00 -5.5048375129E-01  8.6973963316E-01 -3.6026011720E+00
 -2.0883110663E+00  2.5948458820E+00 -5.4974487632E-01  8.6973703409E-01 -3.6026063741E+00
 -2.0881529946E+00  2.5952081399E+00 -5.4896215165E-01  8.6973427611E-01 -3.6026122019E+00
 -2.0879842971E+00  2.5955924467E+00 -5.4813307798E-01  8.6973137023E-01 -3.6026187282E+00
 -2.0878041968E+00  2.5960001331E+00 -5.4725502215E-01  8.6972833342E-01 -3.6026260340E+00
 -2.0876118514E+00  2.5964326112E+00 -5.4632521025E-01  8.6972518958E-01 -3.6026342095E+00
 -2.0874063476E+00  2.5968913796E+00 -5.4534072057E-01  8.6972197040E-01 -3.6026433550E+00
 -2.0871866943E+00  2.5973780292E+00 -5.4429847629E-01  8.6971871611E-01 -3.6026535824E+00
 -2.0869518160E+00  2.5978942491E+00 -5.4319523827E-01  8.6971547591E-01 -3.6026650166E+00
 -2.0867005453E+00  2.5984418325E+00 -5.4202759793E-01  8.6971230809E-01 -3.6026777965E+00
 -2.0864316158E+00  2.5990226828E+00 -5.4079197060E-01  8.6970927964E-01 -3.6026920778E+00
 -2.0861436538E+00  2.5996388201E+00 -5.3948458940E-01  8.6970646512E-01 -3.6027080344E+00
 -2.0858351706E+00  2.6002923864E+00 -5.3810149996E-01  8.6970394502E-01 -3.6027258608E+00
 -2.0855045545E+00  2.6009856525E+00 -5.3663855604E-01  8.6970180317E-01 -3.6027457749E+00
 -2.0851500623E+00  2.6017210232E+00 -5.3509141627E-01  8.6970012366E-01 -3.6027680209E+00
 -2.0847698098E+00  2.6025010434E+00 -5.3345554176E-01  8.6969898720E-01 -3.6027928725E+00
 -2.0843617626E+00  2.6033284038E+00 -5.3172619468E-01  8.6969846741E-01 -3.6028206362E+00
 -2.0839237247E+00  2.6042059471E+00 -5.2989843762E-01  8.6969862749E-01 -3.6028516548E+00
 -2.0834533252E+00  2.6051366750E+00 -5.2796713353E-01  8.6969951780E-01 -3.6028863118E+00
 -2.0829480040E+00  2.6061237546E+00 -5.2592694640E-01  8.6970117501E-01 -3.6029250351E+00
 -2.0824049935E+00  2.6071705272E+00 -5.2377234265E-01  8.6970362314E-01 -3.6029683011E+00
 -2.0818212983E+00  2.6082805157E+00 -5.2149759375E-01  8.6970687671E-01 -3.6030166390E+00
 -2.0811936725E+00  2.6094574337E+00 -5.1909678040E-01  8.6971094571E-01 -3.6030706358E+00
 -2.0805185939E+00  2.6107051945E+00 -5.1656379880E-01  8.6971584177E-01 -3.6031309404E+00
 -2.0797922380E+00  2.6120279192E+00 -5.1389236949E-01  8.6972158449E-01 -3.6031982692E+00
 -2.0790104492E+00  2.6134299451E+00 -5.1107604915E-01  8.6972820707E-01 -3.6032734115E+00
 -2.0781687134E+00  2.6149158331E+00 -5.0810824568E-01  8.6973576027E-01 -3.6033572358E+00
 -2.0772621285E+00  2.6164903745E+00 -5.0498223685E-01  8.6974431445E-01 -3.6034506961E+00
 -2.0762853763E+00  2.6181585961E+00 -5.0169119298E-01  8.6975395979E-01 -3.6035548397E+00
 -2.0752326923E+00  2.6199257657E+00 -4.9822820390E-01  8.6976480539E-01 -3.6036708141E+00
 -2.0740978355E+00  2.6217973946E+00 -4.9458631091E-01  8.6977697790E-01 -3.6037998753E+00
 -2.0728740567E+00  2.6237792397E+00 -4.9075854401E-01  8.6979062034E-01 -3.6039433954E+00
 -2.0715540659E+00  2.6258773037E+00 -4.8673796516E-01  8.6980589152E-01 -3.6041028707E+00
 -2.0701299985E+00  2.6280978329E+00 -4.8251771788E-01  8.6982296596E-01 -3.6042799295E+00
 -2.0685933819E+00  2.6304473130E+00 -4.7809108375E-01  8.6984203439E-01 -3.6044763395E+00
 -2.0669351017E+00  2.6329324612E+00 -4.7345154629E-01  8.6986330436E-01 -3.6046940149E+00
 -2.0651453696E+00  2.6355602155E+00 -4.6859286257E-01  8.6988700101E-01 -3.6049350229E+00
 -2.0632136925E+00  2.6383377198E+00 -4.6350914297E-01  8.6991336778E-01 -3.6052015896E+00
 -2.0611288450E+00  2.6412723044E+00 -4.5819493931E-01  8.6994266703E-01 -3.6054961042E+00
 -2.0588788449E+00  2.6443714614E+00 -4.5264534162E-01  8.6997518046E-01 -3.6058211225E+00
 -2.0564509345E+00  2.6476428145E+00 -4.4685608352E-01  8.7001120936E-01 -3.6061793686E+00
 -2.0538315672E+00  2.6510940819E+00 -4.4082365608E-01  8.7005107461E-01 -3.6065737339E+00
 -2.0510064026E+00  2.6547330325E+00 -4.3454543006E-01  8.7009511629E-01 -3.6070072746E+00
 -2.0479603104E+00  2.6585674347E+00 -4.2801978563E-01  8.7014369302E-01 -3.6074832058E+00
 -2.0446773855E+00  2.6626049956E+00 -4.2124624918E-01  8.7019718078E-01 -3.6080048921E+00
 -2.0411409759E+00  2.6668532925E+00 -4.1422563583E-01  8.7025597127E-01 -3.6085758352E+00
 -2.0373337264E+00  2.6713196936E+00 -4.0696019642E-01  8.7032046966E-01 -3.6091996566E+00
 -2.0332376382E+00  2.6760112701E+00 -3.9945376721E-01  8.7039109177E-01 -3.6098800759E+00
 -2.0288341487E+00  2.6809346961E+00 -3.9171192008E-01  8.7046826047E-01 -3.6106208840E+00
 -2.0241042324E+00  2.6860961392E+00 -3.8374211093E-01  8.7055240141E-01 -3.6114259106E+00
 -2.0190285258E+00  2.6915011399E+00 -3.7555382320E-01  8.7064393791E-01 -3.6122989864E+00
 -2.0135874780E+00  2.6971544801E+00 -3.6715870348E-01  8.7074328505E-01 -3.6132438974E+00
 -2.0077615293E+00  2.7030600421E+00 -3.5857068536E-01  8.7085084291E-01 -3.6142643345E+00
 -2.0015313195E+00  2.7092206575E+00 -3.4980609767E-01  8.7096698904E-01 -3.6153638347E+00
 -1.9948779280E+00  2.7156379485E+00 -3.4088375258E-01  8.7109207015E-01 -3.6165457158E+00
 -1.9877831457E+00  2.7223121616E+00 -3.3182500904E-01  8.7122639307E-01 -3.6178130038E+00
 -1.9802297809E+00  2.7292419971E+00 -3.2265380634E-01  8.7137021519E-01 -3.6191683530E+00
 -1.9722019985E+00  2.7364244360E+00 -3.1339666261E-01  8.7152373444E-01 -3.6206139595E+00
 -1.9636856909E+00  2.7438545683E+00 -3.0408263266E-01  8.7168707907E-01 -3.6221514681E+00
 -1.9546688806E+00  2.7515254256E+00 -2.9474321950E-01  8.7186029733E-01 -3.6237818733E+00
 -1.9451421497E+00  2.7594278243E+00 -2.8541223368E-01  8.7204334750E-01 -3.6255054164E+00
 -1.9350990916E+00  2.7675502238E+00 -2.7612559506E-01  8.7223608835E-01 -3.6273214795E+00
 -1.9245367781E+00  2.7758786068E+00 -2.6692107142E-01  8.7243827038E-01 -3.6292284794E+00
 -1.9134562331E+00  2.7843963889E+00 -2.5783794964E-01  8.7264952817E-01 -3.6312237644E+00
 -1.9018628994E+00  2.7930843661E+00 -2.4891663588E-01  8.7286937387E-01 -3.6333035182E+00
 -1.8897670852E+00  2.8019207087E+00 -2.4019818320E-01  8.7309719224E-01 -3.6354626756E+00
 -1.8771843710E+00  2.8108810095E+00 -2.3172374720E-01  8.7333223713E-01 -3.6376948564E+00
 -1.8641359570E+00  2.8199383965E+00 -2.2353397382E-01  8.7357362971E-01 -3.6399923239E+00
 -1.8506489279E+00  2.8290637161E+00 -2.1566832675E-01  8.7382035844E-01 -3.6423459754E+00
 -1.8367564086E+00  2.8382257928E+00 -2.0816436705E-01  8.7407128122E-01 -3.6447453721E+00
 -1.8224975868E+00  2.8473917689E+00 -2.0105700240E-01  8.7432513016E-01 -3.6471788156E+00
 -1.8079175769E+00  2.8565275248E+00 -1.9437772882E-01  8.7458052004E-01 -3.6496334755E+00
 -1.7930671037E+00  2.8655981727E+00 -1.8815389311E-01  8.7483596166E-01 -3.6520955737E+00
 -1.7780019910E+00  2.8745686173E+00 -1.8240800865E-01  8.7508988158E-01 -3.6545506231E+00
 -1.7627824487E+00  2.8834041646E+00 -1.7715716032E-01  8.7534064941E-01 -3.6569837183E+00
 -1.7474721664E+00  2.8920711600E+00 -1.7241253440E-01  8.7558661299E-01 -3.6593798701E+00
 -1.7321372343E+00  2.9005376278E+00 -1.6817910690E-01  8.7582614078E-01 -3.6617243682E+00
 -1.7168449297E+00  2.9087738816E+00 -1.6445551643E-01  8.7605766896E-01 -3.6640031564E+00
 -1.7016624191E+00  2.9167530775E+00 -1.6123413765E-01  8.7627974992E-01 -3.6662031989E+00
 -1.6866554368E+00  2.9244516803E+00 -1.5850135839E-01  8.7649109791E-01 -3.6683128150E+00
 -1.6718870010E+00  2.9318498206E+00 -1.5623804935E-01  8.7669062794E-01 -3.6703219643E+00
 -1.6574162303E+00  2.9389315295E+00 -1.5442020236E-01  8.7687748484E-01 -3.6722224634E+00
 -1.6432973111E+00  2.9456848429E+00 -1.5301970235E-01  8.7705106046E-01 -3.6740081245E+00
 -1.6295786585E+00  2.9521017783E+00 -1.5200519072E-01  8.7721099859E-01 -3.6756748105E+00
 -1.6163022963E+00  2.9581781960E+00 -1.5134297452E-01  8.7735718824E-01 -3.6772204067E+00
 -1.6035034679E+00  2.9639135588E+00 -1.5099793634E-01  8.7748974683E-01 -3.6786447192E+00
 -1.5912104738E+00  2.9693106120E+00 -1.5093440430E-01  8.7760899555E-01 -3.6799493092E+00
 -1.5794447222E+00  2.9743750068E+00 -1.5111694782E-01  8.7771542932E-01 -3.6811372802E+00
 -1.5782977691E+00  2.9748634444E+00 -1.5114739690E-01  8.7772539131E-01 -3.6812498228E+00
</Path of -GradDelSqRho>
<Path of -GradDelSqRho>
Starting CP# =      8
Ending CP# =      0
Number of Points =    109
 -2.0914257804E+00  2.5888704678E+00 -5.6253563606E-01  8.6864141105E-01 -3.6026245114E+00
 -2.0911557422E+00  2.5879523012E+00 -5.6486626719E-01  8.6976647316E-01 -3.6025604017E+00
 -2.0911791725E+00  2.5878906329E+00 -5.6500049765E-01  8.6976640360E-01 -3.6025605759E+00
 -2.0912042073E+00  2.5878261464E+00 -5.6514343544E-01  8.6976632503E-01 -3.6025607722E+00
 -2.0912307881E+00  2.5877578650E+00 -5.6529528648E-01  8.6976623389E-01 -3.6025609936E+00
 -2.0912589786E+00  2.5876854117E+00 -5.6545654423E-01  8.6976612802E-01 -3.6025612430E+00
 -2.0912888687E+00  2.5876085044E+00 -5.6562778211E-01  8.6976600536E-01 -3.6025615243E+00
 -2.0913205572E+00  2.5875268647E+00 -5.6580961817E-01  8.6976586363E-01 -3.6025618412E+00
 -2.0913541490E+00  2.5874402011E+00 -5.6600271064E-01  8.6976570031E-01 -3.6025621985E+00
 -2.0913897551E+00  2.5873482049E+00 -5.6620775924E-01  8.6976551258E-01 -3.6025626012E+00
 -2.0914274920E+00  2.5872505488E+00 -5.6642550747E-01  8.6976529729E-01 -3.6025630551E+00
 -2.0914674829E+00  2.5871468855E+00 -5.6665674544E-01  8.6976505093E-01 -3.6025635667E+00
 -2.0915098571E+00  2.5870368466E+00 -5.6690231272E-01  8.6976476963E-01 -3.6025641434E+00
 -2.0915547508E+00  2.5869200412E+00 -5.6716310151E-01  8.6976444909E-01 -3.6025647933E+00
 -2.0916023070E+00  2.5867960547E+00 -5.6744005997E-01  8.6976408457E-01 -3.6025655257E+00
 -2.0916526758E+00  2.5866644477E+00 -5.6773419572E-01  8.6976367088E-01 -3.6025663512E+00
 -2.0917060149E+00  2.5865247538E+00 -5.6804657966E-01  8.6976320233E-01 -3.6025672814E+00
 -2.0917624891E+00  2.5863764786E+00 -5.6837834998E-01  8.6976267277E-01 -3.6025683297E+00
 -2.0918222712E+00  2.5862190981E+00 -5.6873071641E-01  8.6976207551E-01 -3.6025695109E+00
 -2.0918855415E+00  2.5860520564E+00 -5.6910496484E-01  8.6976140343E-01 -3.6025708419E+00
 -2.0919524884E+00  2.5858747647E+00 -5.6950246217E-01  8.6976064894E-01 -3.6025723414E+00
 -2.0920233080E+00  2.5856865986E+00 -5.6992466153E-01  8.6975980408E-01 -3.6025740307E+00
 -2.0920982042E+00  2.5854868965E+00 -5.7037310790E-01  8.6975886059E-01 -3.6025759336E+00
 -2.0921773884E+00  2.5852749573E+00 -5.7084944407E-01  8.6975781007E-01 -3.6025780769E+00
 -2.0922610797E+00  2.5850500382E+00 -5.7135541714E-01  8.6975664415E-01 -3.6025804907E+00
 -2.0923495039E+00  2.5848113520E+00 -5.7189288545E-01  8.6975535477E-01 -3.6025832088E+00
 -2.0924428936E+00  2.5845580650E+00 -5.7246382612E-01  8.6975393447E-01 -3.6025862692E+00
 -2.0925414873E+00  2.5842892938E+00 -5.7307034320E-01  8.6975237684E-01 -3.6025897146E+00
 -2.0926455284E+00  2.5840041025E+00 -5.7371467656E-01  8.6975067702E-01 -3.6025935926E+00
 -2.0927552646E+00  2.5837014995E+00 -5.7439921154E-01  8.6974883235E-01 -3.6025979571E+00
 -2.0928709463E+00  2.5833804340E+00 -5.7512648958E-01  8.6974684312E-01 -3.6026028683E+00
 -2.0929928251E+00  2.5830397926E+00 -5.7589921978E-01  8.6974471343E-01 -3.6026083939E+00
 -2.0931211524E+00  2.5826783949E+00 -5.7672029161E-01  8.6974245224E-01 -3.6026146100E+00
 -2.0932561767E+00  2.5822949894E+00 -5.7759278883E-01  8.6974007443E-01 -3.6026216018E+00
 -2.0933981416E+00  2.5818882490E+00 -5.7852000474E-01  8.6973760198E-01 -3.6026294656E+00
 -2.0935472827E+00  2.5814567656E+00 -5.7950545877E-01  8.6973506518E-01 -3.6026383094E+00
 -2.0937038247E+00  2.5809990453E+00 -5.8055291452E-01  8.6973250371E-01 -3.6026482549E+00
 -2.0938679771E+00  2.5805135024E+00 -5.8166639918E-01  8.6972996759E-01 -3.6026594398E+00
 -2.0940399306E+00  2.5799984539E+00 -5.8285022433E-01  8.6972751774E-01 -3.6026720194E+00
 -2.0942198523E+00  2.5794521135E+00 -5.8410900799E-01  8.6972522614E-01 -3.6026861695E+00
 -2.0944078803E+00  2.5788725854E+00 -5.8544769788E-01  8.6972317523E-01 -3.6027020898E+00
 -2.0946041182E+00  2.5782578584E+00 -5.8687159569E-01  8.6972145646E-01 -3.6027200069E+00
 -2.0948086282E+00  2.5776058002E+00 -5.8838638251E-01  8.6972016798E-01 -3.6027401789E+00
 -2.0950214238E+00  2.5769141512E+00 -5.8999814540E-01  8.6971941123E-01 -3.6027629001E+00
 -2.0952424613E+00  2.5761805193E+00 -5.9171340548E-01  8.6971928676E-01 -3.6027885062E+00
 -2.0954716298E+00  2.5754023739E+00 -5.9353914808E-01  8.6971988960E-01 -3.6028173810E+00
 -2.0957087384E+00  2.5745770406E+00 -5.9548285562E-01  8.6972130470E-01 -3.6028499632E+00
 -2.0959535016E+00  2.5737016949E+00 -5.9755254418E-01  8.6972360333E-01 -3.6028867541E+00
 -2.0962055201E+00  2.5727733564E+00 -5.9975680437E-01  8.6972684126E-01 -3.6029283268E+00
 -2.0964642577E+00  2.5717888823E+00 -6.0210484728E-01  8.6973105965E-01 -3.6029753358E+00
 -2.0967290120E+00  2.5707449616E+00 -6.0460655582E-01  8.6973628886E-01 -3.6030285283E+00
 -2.0969988801E+00  2.5696381084E+00 -6.0727254130E-01  8.6974255532E-01 -3.6030887563E+00
 -2.0972727168E+00  2.5684646571E+00 -6.1011420521E-01  8.6974989035E-01 -3.6031569910E+00
 -2.0975490876E+00  2.5672207578E+00 -6.1314380571E-01  8.6975833963E-01 -3.6032343394E+00
 -2.0978262149E+00  2.5659023731E+00 -6.1637452882E-01  8.6976797162E-01 -3.6033220635E+00
 -2.0981019177E+00  2.5645052766E+00 -6.1982056406E-01  8.6977888365E-01 -3.6034216031E+00
 -2.0983735432E+00  2.5630250535E+00 -6.2349718490E-01  8.6979120520E-01 -3.6035346016E+00
 -2.0986378900E+00  2.5614571036E+00 -6.2742083418E-01  8.6980509889E-01 -3.6036629377E+00
 -2.0988911186E+00  2.5597966483E+00 -6.3160921486E-01  8.6982076034E-01 -3.6038087599E+00
 -2.0991286476E+00  2.5580387405E+00 -6.3608138613E-01  8.6983841837E-01 -3.6039745284E+00
 -2.0993450337E+00  2.5561782819E+00 -6.4085786458E-01  8.6985833621E-01 -3.6041630617E+00
 -2.0995338298E+00  2.5542100447E+00 -6.4596072977E-01  8.6988081435E-01 -3.6043775909E+00
 -2.0996874224E+00  2.5521287040E+00 -6.5141373265E-01  8.6990619461E-01 -3.6046218219E+00
 -2.0997968417E+00  2.5499288787E+00 -6.5724240502E-01  8.6993486530E-01 -3.6049000067E+00
 -2.0998515429E+00  2.5476051863E+00 -6.6347416714E-01  8.6996726721E-01 -3.6052170254E+00
 -2.0998391547E+00  2.5451523128E+00 -6.7013842929E-01  8.7000390029E-01 -3.6055784794E+00
 -2.0997451901E+00  2.5425651020E+00 -6.7726668213E-01  8.7004533097E-01 -3.6059907981E+00
 -2.0995527165E+00  2.5398386683E+00 -6.8489256814E-01  8.7009220008E-01 -3.6064613591E+00
 -2.0992419796E+00  2.5369685370E+00 -6.9305192433E-01  8.7014523112E-01 -3.6069986239E+00
 -2.0987899797E+00  2.5339508195E+00 -7.0178278311E-01  8.7020523888E-01 -3.6076122880E+00
 -2.0981699953E+00  2.5307824279E+00 -7.1112531386E-01  8.7027313777E-01 -3.6083134466E+00
 -2.0973510578E+00  2.5274613387E+00 -7.2112168304E-01  8.7034994941E-01 -3.6091147729E+00
 -2.0962973764E+00  2.5239869111E+00 -7.3181580403E-01  8.7043680853E-01 -3.6100307057E+00
 -2.0949677253E+00  2.5203602703E+00 -7.4325294062E-01  8.7053496568E-01 -3.6110776386E+00
 -2.0933148085E+00  2.5165847630E+00 -7.5547911888E-01  8.7064578471E-01 -3.6122741014E+00
 -2.0912846299E+00  2.5126664923E+00 -7.6854029194E-01  8.7077073172E-01 -3.6136409135E+00
 -2.0888159162E+00  2.5086149365E+00 -7.8248119066E-01  8.7091135071E-01 -3.6152012865E+00
 -2.0858396591E+00  2.5044436509E+00 -7.9734378023E-01  8.7106921830E-01 -3.6169808355E+00
 -2.0822788809E+00  2.5001710465E+00 -8.1316522733E-01  8.7124586527E-01 -3.6190074494E+00
 -2.0780487768E+00  2.4958212266E+00 -8.2997525949E-01  8.7144264381E-01 -3.6213109437E+00
 -2.0730574651E+00  2.4914248534E+00 -8.4779274769E-01  8.7166050080E-01 -3.6239223921E+00
 -2.0672077422E+00  2.4870200140E+00 -8.6662119077E-01  8.7189957598E-01 -3.6268729739E+00
 -2.0604006410E+00  2.4826531034E+00 -8.8644222778E-01  8.7215844739E-01 -3.6301920208E+00
 -2.0525429659E+00  2.4783800392E+00 -9.0720398040E-01  8.7243269289E-01 -3.6339033871E+00
 -2.0435663167E+00  2.4742698306E+00 -9.2878983544E-01  8.7271349369E-01 -3.6380166772E+00
 -2.0334779620E+00  2.4704196381E+00 -9.5091225894E-01  8.7300531741E-01 -3.6425006714E+00
 -2.0224041560E+00  2.4669620883E+00 -9.7302106928E-01  8.7338915894E-01 -3.6472570312E+00
 -2.0104840071E+00  2.4639561325E+00 -9.9478755222E-01  8.7386356363E-01 -3.6522111568E+00
 -1.9977835178E+00  2.4613980018E+00 -1.0161668565E+00  8.7435908630E-01 -3.6573350981E+00
 -1.9843272623E+00  2.4592886464E+00 -1.0371287544E+00  8.7486320502E-01 -3.6626036444E+00
 -1.9701359673E+00  2.4576303169E+00 -1.0576416417E+00  8.7537285061E-01 -3.6679894898E+00
 -1.9552314247E+00  2.4564250173E+00 -1.0776746994E+00  8.7588505012E-01 -3.6734633006E+00
 -1.9396365728E+00  2.4556744829E+00 -1.0971979909E+00  8.7639672235E-01 -3.6789938388E+00
 -1.9233754672E+00  2.4553801948E+00 -1.1161824983E+00  8.7690469323E-01 -3.6845481078E+00
 -1.9064732490E+00  2.4555433901E+00 -1.1346001563E+00  8.7740571385E-01 -3.6900915216E+00
 -1.8889561128E+00  2.4561650715E+00 -1.1524238828E+00  8.7789648018E-01 -3.6955880957E+00
 -1.8708512731E+00  2.4572460121E+00 -1.1696276076E+00  8.7837365420E-01 -3.7010006600E+00
 -1.8521869310E+00  2.4587867573E+00 -1.1861862983E+00  8.7883388648E-01 -3.7062910930E+00
 -1.8329922383E+00  2.4607876229E+00 -1.2020759838E+00  8.7927383987E-01 -3.7114205772E+00
 -1.8132972626E+00  2.4632486878E+00 -1.2172737750E+00  8.7969021437E-01 -3.7163498726E+00
 -1.7931329496E+00  2.4661697821E+00 -1.2317578839E+00  8.8007977265E-01 -3.7210396100E+00
 -1.7725310852E+00  2.4695504689E+00 -1.2455076398E+00  8.8043936632E-01 -3.7254505999E+00
 -1.7515242550E+00  2.4733900189E+00 -1.2585035044E+00  8.8076596242E-01 -3.7295441570E+00
 -1.7301458020E+00  2.4776873774E+00 -1.2707270842E+00  8.8105666984E-01 -3.7332824368E+00
 -1.7084329803E+00  2.4824390052E+00 -1.2821682446E+00  8.8129513278E-01 -3.7366287607E+00
 -1.6923537418E+00  2.4861231433E+00 -1.2905443297E+00  8.8063117226E-01 -3.7387944076E+00
 -1.6794281451E+00  2.4892961768E+00 -1.2965176044E+00  8.8069578003E-01 -3.7403529544E+00
 -1.6676886463E+00  2.4922918245E+00 -1.3016644584E+00  8.8074555587E-01 -3.7416223056E+00
 -1.6667799784E+00  2.4927020505E+00 -1.3009104442E+00  8.8258072518E-01 -3.7416797018E+00
</Path of -GradDelSqRho>
<Path of -GradDelSqRho>
Starting CP# =     12
Ending CP# =      0
Number of Points =     54
 -9.2695407569E-01  2.9884489366E+00 -9.0564439557E-01  8.6187820914E-01 -3.5196940119E+00
 -9.2689122465E-01  2.9894542470E+00 -9.0279641375E-01  8.6236647534E-01 -3.5196866924E+00
 -9.2682874976E-01  2.9897271852E+00 -9.0212716145E-01  8.6238356795E-01 -3.5196885088E+00
 -9.2675622887E-01  2.9900546331E+00 -9.0132035602E-01  8.6240751284E-01 -3.5196912512E+00
 -9.2667315859E-01  2.9904420361E+00 -9.0036072918E-01  8.6243954269E-01 -3.5196953306E+00
 -9.2657917000E-01  2.9908944487E+00 -8.9923462774E-01  8.6248026219E-01 -3.5197013097E+00
 -9.2647366637E-01  2.9914171903E+00 -8.9792835588E-01  8.6252937066E-01 -3.5197099620E+00
 -9.2635551073E-01  2.9920170826E+00 -8.9642520989E-01  8.6258554500E-01 -3.5197223699E+00
 -9.2622277017E-01  2.9927038638E+00 -8.9470195035E-01  8.6264641980E-01 -3.5197400797E+00
 -9.2607256486E-01  2.9934914770E+00 -8.9272547578E-01  8.6270856404E-01 -3.5197653312E+00
 -9.2590112326E-01  2.9943989679E+00 -8.9045026825E-01  8.6276749574E-01 -3.5198013624E+00
 -9.2570428510E-01  2.9954506052E+00 -8.8781721496E-01  8.6281806528E-01 -3.5198527452E+00
 -9.2547877784E-01  2.9966748058E+00 -8.8475430450E-01  8.6285576169E-01 -3.5199256605E+00
 -9.2522421425E-01  2.9981021428E+00 -8.8117849695E-01  8.6287898631E-01 -3.5200280905E+00
 -9.2494480243E-01  2.9997640212E+00 -8.7699640511E-01  8.6289063751E-01 -3.5201702160E+00
 -9.2464958589E-01  3.0016934080E+00 -8.7210248066E-01  8.6289663400E-01 -3.5203654651E+00
 -9.2435195702E-01  3.0039265200E+00 -8.6637635073E-01  8.6290228707E-01 -3.5206321710E+00
 -9.2407068094E-01  3.0065033487E+00 -8.5968058739E-01  8.6291055237E-01 -3.5209953707E+00
 -9.2383299570E-01  3.0094666912E+00 -8.5185871074E-01  8.6292309044E-01 -3.5214886979E+00
 -9.2367864213E-01  3.0128604642E+00 -8.4273384898E-01  8.6294152562E-01 -3.5221566974E+00
 -9.2366442762E-01  3.0167273849E+00 -8.3210879855E-01  8.6296781921E-01 -3.5230576286E+00
 -9.2386958969E-01  3.0211055650E+00 -8.1976826953E-01  8.6300420173E-01 -3.5242665089E+00
 -9.2440183543E-01  3.0260235698E+00 -8.0548478050E-01  8.6305274970E-01 -3.5258778702E+00
 -9.2540312111E-01  3.0314934577E+00 -7.8903115087E-01  8.6311408740E-01 -3.5280071185E+00
 -9.2705217615E-01  3.0375006152E+00 -7.7020777265E-01  8.6318347983E-01 -3.5307877675E+00
 -9.2955216399E-01  3.0439813241E+00 -7.4892726452E-01  8.6323987843E-01 -3.5343535376E+00
 -9.3306889731E-01  3.0506824938E+00 -7.2566712573E-01  8.6329880882E-01 -3.5387307691E+00
 -9.3763520136E-01  3.0570136834E+00 -7.0192567158E-01  8.6362319592E-01 -3.5436828260E+00
 -9.4310224608E-01  3.0628787670E+00 -6.7824800190E-01  8.6404728752E-01 -3.5490829995E+00
 -9.4943447693E-01  3.0682935262E+00 -6.5467888778E-01  8.6450769209E-01 -3.5548830388E+00
