 AIMInt (Version 19.10.12, Professional)
 Portions Copyright (c) 1997-2019 by Todd A. Keith
 AIMInt is a component of the AIMAll package ( http://aim.tkgristmill.com )

 TP:  64-bit Mac OS X

 AIMInt is a heavily modified and extended version of the PROAIMV program
 developed by members of R.F.W. Bader's research group

 Much of the Quantum Theory of Atoms in Molecules (QTAIM) is described in the book:
   "Atoms in Molecules - A Quantum Theory"
   R.F.W. Bader, Oxford University Press, Oxford, 1990

 For additional references see:  http://aim.tkgristmill.com/references.html

 Current Directory:  /Users/chemlab/Documents/SubstituentCoding/BCP Map Reference/BCPMapReference

 Inp File:  SubH_GeFHCH3_reor_wb97xd_aug-cc-pvtz_reor_atomicfiles/ge1.inp
 Wfx File:  SubH_GeFHCH3_reor_wb97xd_aug-cc-pvtz_reor.wfx
 Out File:  SubH_GeFHCH3_reor_wb97xd_aug-cc-pvtz_reor_atomicfiles/ge1.int

 Wfx Title:   single point on SubH_GeFHCH3_reor_wb97xd_aug-cc-pvtz reoriented by subproptool
 Job Title:   single point on SubH_GeFHCH3_reor_wb97xd_aug-cc-pvtz reoriented by subproptool
 
<Atom>
Ge1     
</Atom>
<Nuclei of Molecule>
     8
Ge1       32.0           0.0000000000E+00   0.0000000000E+00   0.0000000000E+00
H2         1.0          -2.8970068407E+00   0.0000000000E+00   0.0000000000E+00
H3         1.0           1.0719150188E+00   2.6914008589E+00   0.0000000000E+00
C4         6.0           1.4585303072E+00  -2.1508465907E+00   2.5794289169E+00
H5         1.0           7.3468583298E-01  -4.0662049605E+00   2.3898648201E+00
H6         1.0           3.5057802220E+00  -2.1870726405E+00   2.3898648201E+00
H7         1.0           9.7832822222E-01  -1.4427072524E+00   4.4525443488E+00
F8         9.0           8.8006435347E-01  -1.2978007855E+00  -2.9138953231E+00
</Nuclei of Molecule>
<Total Number of CPs of DelSqRho>
    37
</Total Number of CPs of DelSqRho>
<Number of (3,+3) CPs of DelSqRho>
     5
</Number of (3,+3) CPs of DelSqRho>
<Number of (3,+1) CPs of DelSqRho>
    13
</Number of (3,+1) CPs of DelSqRho>
<Number of (3,-1) CPs of DelSqRho>
    13
</Number of (3,-1) CPs of DelSqRho>
<Number of (3,-3) CPs of DelSqRho>
     6
</Number of (3,-3) CPs of DelSqRho>
<Number of Degenerate CPs of DelSqRho>
     0
</Number of Degenerate CPs of DelSqRho>
<CP of DelSqRho>
CP# = 1       
Type = (3,+3)
Coords =  2.33985898330263E-11 -3.45130010442317E-11 -7.44567721365530E-11
DistFromNuc =  8.5337284725E-11
Rho =  2.2320672221E+04
DelSqRho = -2.2403269420E+10
GradDelSqRho =  1.8626451492E-09 -1.8626451492E-08  0.0000000000E+00
HessDelSqRho_EigVals =  3.9510096522E+17  3.9510096524E+17  3.9510096539E+17
HessDelSqRho_EigVec1 = -4.8619552864E-01  7.1710147903E-01 -4.9937899105E-01
HessDelSqRho_EigVec2 =  8.2769570039E-01  5.6117718018E-01 -1.9278076626E-06
HessDelSqRho_EigVec3 = -2.8023871160E-01  4.1333478105E-01  8.6638364671E-01
</CP of DelSqRho>
<CP of DelSqRho>
CP# = 2       
Type = (3,+1)
Coords =  4.32801800232131E-02 -6.38399678019742E-02 -2.05605456325301E-01
DistFromNuc =  2.1959580857E-01
Rho =  5.7369851757E+01
DelSqRho =  6.7492646285E+03
GradDelSqRho =  9.3223206932E-12  3.6379788071E-12 -5.5479176808E-11
HessDelSqRho_EigVals = -3.8761710264E+06  5.1116429099E+02  1.4063924349E+03
HessDelSqRho_EigVec1 = -1.9746762924E-01  2.9127205397E-01  9.3603799387E-01
HessDelSqRho_EigVec2 = -5.2526259811E-01  7.7476856480E-01 -3.5189895427E-01
HessDelSqRho_EigVec3 =  8.2771114432E-01  5.6115440083E-01 -2.6041252827E-06
</CP of DelSqRho>
<CP of DelSqRho>
CP# = 3       
Type = (3,+1)
Coords =  6.99980703954726E-02 -1.03223979574055E-01 -2.86760411220350E-03
DistFromNuc =  1.2475232652E-01
Rho =  2.1969840405E+02
DelSqRho = -2.1820256438E+04
GradDelSqRho =  2.9103830457E-11 -1.8626451492E-09  1.9645085558E-10
HessDelSqRho_EigVals = -7.6968712486E+04  5.4900905106E+04  6.7279434992E+07
HessDelSqRho_EigVec1 =  8.2764999286E-01  5.6124458957E-01  1.1881136402E-06
HessDelSqRho_EigVec2 =  1.2633864985E-02 -1.8632885326E-02  9.9974656841E-01
HessDelSqRho_EigVec3 = -5.6110237460E-01  8.2744022519E-01  2.2512195775E-02
</CP of DelSqRho>
<CP of DelSqRho>
CP# = 4       
Type = (3,+1)
Coords = -3.97112766095732E-02 -2.00872567154154E-01 -8.01143318633873E-02
DistFromNuc =  2.1987514615E-01
Rho =  5.7126436476E+01
DelSqRho =  6.7509707643E+03
GradDelSqRho =  9.0949470177E-12  8.7311491370E-11 -2.3646862246E-11
HessDelSqRho_EigVals = -3.8600751744E+06  8.3803693252E+02  3.1184771640E+03
HessDelSqRho_EigVec1 =  1.7976422058E-01  9.1323877248E-01  3.6562244111E-01
HessDelSqRho_EigVec2 = -4.4748779721E-01 -2.5507838906E-01  8.5714041253E-01
HessDelSqRho_EigVec3 =  8.7603624146E-01 -3.1769475896E-01  3.6280923882E-01
</CP of DelSqRho>
<CP of DelSqRho>
CP# = 5       
Type = (3,-1)
Coords = -1.64001831580175E-01  2.41849450696046E-01 -3.63779652031210E-01
DistFromNuc =  4.6660839340E-01
Rho =  1.0138746380E+01
DelSqRho = -1.3416145154E+02
GradDelSqRho =  5.6843418861E-14 -1.2505552149E-12  6.8212102633E-13
HessDelSqRho_EigVals = -1.9662584197E+02 -1.7924446994E+02  4.7817125517E+04
HessDelSqRho_EigVec1 =  8.2757611063E-01  5.6135351570E-01  1.0737802164E-04
HessDelSqRho_EigVec2 = -4.3763359958E-01  6.4506205259E-01  6.2639586591E-01
HessDelSqRho_EigVec3 =  3.5156025606E-01 -5.1843724665E-01  7.7950510431E-01
</CP of DelSqRho>
<CP of DelSqRho>
CP# = 6       
Type = (3,-1)
Coords =  4.62474015246006E-01 -9.01170463513202E-03 -6.10804154661901E-02
DistFromNuc =  4.6657715627E-01
Rho =  1.0140306963E+01
DelSqRho = -1.3436064310E+02
GradDelSqRho = -4.2064129957E-12 -6.8212102633E-13 -7.9580786405E-13
HessDelSqRho_EigVals = -1.7894807712E+02 -1.6380527750E+02  4.7840398346E+04
HessDelSqRho_EigVec1 = -2.9374358052E-02  9.3253975982E-01 -3.5987045370E-01
HessDelSqRho_EigVec2 =  1.2885166045E-01  3.6055464088E-01  9.2379521570E-01
HessDelSqRho_EigVec3 =  9.9122873076E-01 -1.9234014072E-02 -1.3075035760E-01
</CP of DelSqRho>
<CP of DelSqRho>
CP# = 7       
Type = (3,+3)
Coords =  1.60988984955340E-01  4.33826549836244E-01  1.68962927609284E-02
DistFromNuc =  4.6304256103E-01
Rho =  1.0450647090E+01
DelSqRho = -1.5158879690E+02
GradDelSqRho = -1.3642420527E-12 -5.1159076975E-12 -8.6686213763E-13
HessDelSqRho_EigVals =  2.9033814264E+02  2.9863934500E+02  5.1850013063E+04
HessDelSqRho_EigVec1 =  7.9614446885E-01 -3.1555640182E-01  5.1631205874E-01
HessDelSqRho_EigVec2 =  4.9522211838E-01 -1.5053231815E-01 -8.5562554582E-01
HessDelSqRho_EigVec3 =  3.4771976964E-01  9.3689069718E-01  3.6425037295E-02
</CP of DelSqRho>
<CP of DelSqRho>
CP# = 8       
Type = (3,+1)
Coords = -2.60826504201378E-01  3.84630307094944E-01  2.24902964659133E-02
DistFromNuc =  4.6527062218E-01
Rho =  1.0256203610E+01
DelSqRho = -1.4048010499E+02
GradDelSqRho = -1.3642420527E-12  4.5474735089E-13 -1.8385293288E-13
HessDelSqRho_EigVals = -2.7610432846E+02  1.6127628279E+02  4.9363819091E+04
HessDelSqRho_EigVec1 =  8.2764827798E-01  5.6124711844E-01 -1.8646312402E-06
HessDelSqRho_EigVec2 =  2.7077747540E-02 -3.9927133568E-02  9.9883563192E-01
HessDelSqRho_EigVec3 = -5.6059354576E-01  8.2668464123E-01  4.8242931123E-02
</CP of DelSqRho>
<CP of DelSqRho>
CP# = 9       
Type = (3,+1)
Coords =  2.55403292004121E-01 -3.76635162978982E-01 -9.78422365698296E-02
DistFromNuc =  4.6546534867E-01
Rho =  1.0242819454E+01
DelSqRho = -1.3969235148E+02
GradDelSqRho = -9.0949470177E-13  9.0949470177E-13 -3.4106051316E-13
HessDelSqRho_EigVals = -2.2052389874E+02  1.2176684736E+02  4.9048183121E+04
HessDelSqRho_EigVec1 =  1.1784926861E-01 -1.7380193928E-01  9.7770365438E-01
HessDelSqRho_EigVec2 =  8.2765076265E-01  5.6124345434E-01  7.3270959821E-06
HessDelSqRho_EigVec3 = -5.4873104976E-01  8.0919631170E-01  2.0998943820E-01
</CP of DelSqRho>
<CP of DelSqRho>
CP# = 10      
Type = (3,+1)
Coords = -2.59374040865299E-01 -2.29771639752504E-01  3.10516043599131E-01
DistFromNuc =  4.6528498025E-01
Rho =  1.0255308629E+01
DelSqRho = -1.4038783014E+02
GradDelSqRho = -4.5474735089E-13  2.2737367544E-13  1.1937117961E-12
HessDelSqRho_EigVals = -2.6686346586E+02  1.4702606778E+02  4.9345955247E+04
HessDelSqRho_EigVec1 = -8.2971606634E-01  3.5932000152E-01 -4.2715381979E-01
HessDelSqRho_EigVec2 =  2.8807243778E-02  7.9179903003E-01  6.1010199045E-01
HessDelSqRho_EigVec3 = -5.5744182832E-01 -4.9390629936E-01  6.6731939541E-01
</CP of DelSqRho>
<CP of DelSqRho>
CP# = 11      
Type = (3,+1)
Coords =  3.09430268531254E-01  1.55951535208269E-01  3.10519163336259E-01
DistFromNuc =  4.6528499139E-01
Rho =  1.0255307939E+01
DelSqRho = -1.4038779713E+02
GradDelSqRho = -6.8212102633E-13 -9.0949470177E-13 -2.5579538487E-13
HessDelSqRho_EigVals = -2.6686030203E+02  1.4702293744E+02  4.9345942380E+04
HessDelSqRho_EigVec1 = -2.6813720426E-02  9.0377820318E-01 -4.2716037253E-01
HessDelSqRho_EigVec2 = -7.4627179846E-01  2.6621132422E-01  6.1009010292E-01
HessDelSqRho_EigVec3 =  6.6510106542E-01  3.3513652489E-01  6.6732606907E-01
</CP of DelSqRho>
<CP of DelSqRho>
CP# = 12      
Type = (3,-1)
Coords = -1.31309928141588E-01  1.93634641348183E-01  4.04115772671880E-01
DistFromNuc =  4.6695420469E-01
Rho =  1.0107469139E+01
DelSqRho = -1.3261195314E+02
GradDelSqRho = -3.1263880373E-13  1.5916157281E-12  1.8189894035E-12
HessDelSqRho_EigVals = -2.1663867415E+02 -2.1501656129E+02  4.7445916061E+04
HessDelSqRho_EigVec1 =  8.2846821356E-01  5.6003544097E-01  8.5086435897E-04
HessDelSqRho_EigVec2 = -4.8431730459E-01  7.1721854381E-01 -5.0103324130E-01
HessDelSqRho_EigVec3 = -2.8120662793E-01  4.1467802602E-01  8.6542762097E-01
</CP of DelSqRho>
<CP of DelSqRho>
CP# = 13      
Type = (3,+3)
Coords =  1.75814538278812E-01 -2.59270477266837E-01  3.40933690270660E-01
DistFromNuc =  4.6299861060E-01
Rho =  1.0457829394E+01
DelSqRho = -1.5173285799E+02
GradDelSqRho = -1.8189894035E-12  0.0000000000E+00  1.1368683772E-12
HessDelSqRho_EigVals =  2.7649760148E+02  2.8612504758E+02  5.1916171833E+04
HessDelSqRho_EigVec1 =  8.2753410847E-01  5.6141540942E-01  1.9337624814E-04
HessDelSqRho_EigVec2 = -4.1347839476E-01  6.0923982485E-01  6.7665534276E-01
HessDelSqRho_EigVec3 =  3.7976692378E-01 -5.6003533271E-01  7.3629987758E-01
</CP of DelSqRho>
<CP of DelSqRho>
CP# = 14      
Type = (3,-1)
Coords = -1.62750142773225E-01 -4.32983760930695E-01 -6.10879960194586E-02
DistFromNuc =  4.6657720632E-01
Rho =  1.0140303394E+01
DelSqRho = -1.3436042861E+02
GradDelSqRho =  1.1368683772E-12 -1.4210854715E-13  5.6843418861E-13
HessDelSqRho_EigVals = -1.7895171930E+02 -1.6381370182E+02  4.7840339604E+04
HessDelSqRho_EigVec1 =  8.5556077072E-01 -3.7235206685E-01  3.5968000489E-01
HessDelSqRho_EigVec2 = -3.8247125951E-01  1.3613766463E-02  9.2386709055E-01
HessDelSqRho_EigVec3 =  3.4890042025E-01  9.2799170453E-01  1.3076655946E-01
</CP of DelSqRho>
<CP of DelSqRho>
CP# = 15      
Type = (3,-1)
Coords = -1.43975746309742E-03 -1.66951416307471E-01 -1.42827085680123E-01
DistFromNuc =  2.1971441626E-01
Rho =  5.7260719401E+01
DelSqRho =  6.7517827276E+03
GradDelSqRho = -2.1827872843E-11  4.7293724492E-11 -2.4556356948E-11
HessDelSqRho_EigVals = -3.8691665062E+06 -5.7891459803E+02  2.3494845502E+03
HessDelSqRho_EigVec1 =  5.4294228314E-03  7.5874425113E-01  6.5136601289E-01
HessDelSqRho_EigVec2 = -4.7750839297E-01 -5.7034665744E-01  6.6834902932E-01
HessDelSqRho_EigVec3 =  8.7861041196E-01 -3.1466148753E-01  3.5921009487E-01
</CP of DelSqRho>
<CP of DelSqRho>
CP# = 16      
Type = (3,-1)
Coords =  1.50236671060979E-01 -2.12114679330107E-03  1.60209453908928E-01
DistFromNuc =  2.1964203996E-01
Rho =  5.7297920655E+01
DelSqRho =  6.7829240652E+03
GradDelSqRho =  4.3655745685E-11 -1.8189894035E-12  2.0008883439E-11
HessDelSqRho_EigVals = -3.8889036720E+06 -2.9794050465E+03  4.1250249341E+02
HessDelSqRho_EigVec1 =  6.8345715233E-01 -1.1064187650E-02  7.2990677808E-01
HessDelSqRho_EigVec2 =  7.1167962598E-01 -2.1244801405E-01 -6.6961029808E-01
HessDelSqRho_EigVec3 =  1.6247593943E-01  9.7710973032E-01 -1.3732495777E-01
</CP of DelSqRho>
<CP of DelSqRho>
CP# = 17      
Type = (3,-1)
Coords =  1.55628965436877E-01 -6.04404464314024E-02 -1.42832041964821E-01
DistFromNuc =  2.1971439338E-01
Rho =  5.7260737877E+01
DelSqRho =  6.7517836146E+03
GradDelSqRho =  1.2005330063E-10 -5.2750692703E-11 -1.3642420527E-10
HessDelSqRho_EigVals = -3.8691683096E+06 -5.7910458197E+02  2.3493915269E+03
HessDelSqRho_EigVec1 =  7.0687498829E-01 -2.7571854601E-01 -6.5138854328E-01
HessDelSqRho_EigVec2 =  7.0658066728E-01  2.3262555850E-01  6.6830315738E-01
HessDelSqRho_EigVec3 =  3.2733951165E-02  9.3266533811E-01 -3.5925458316E-01
</CP of DelSqRho>
<CP of DelSqRho>
CP# = 18      
Type = (3,-3)
Coords =  9.82581110937367E-02 -1.44894384199596E-01  1.32346295914430E-01
DistFromNuc =  2.1946430464E-01
Rho =  5.7449240274E+01
DelSqRho =  6.7868879809E+03
GradDelSqRho =  4.5474735089E-12 -1.0459189070E-11  2.9558577808E-11
HessDelSqRho_EigVals = -3.9036570863E+06 -1.4157623461E+03 -1.1764037451E+03
HessDelSqRho_EigVec1 = -4.4743388385E-01  6.5979968137E-01 -6.0371127209E-01
HessDelSqRho_EigVec2 =  8.2758469305E-01  5.6134085624E-01  1.3762316807E-04
HessDelSqRho_EigVec3 = -3.3897860612E-01  4.9956063054E-01  7.9720303625E-01
</CP of DelSqRho>
<CP of DelSqRho>
CP# = 19      
Type = (3,-3)
Coords = -1.39959158224233E-01 -1.11373907481202E-01  1.27571913807356E-01
DistFromNuc =  2.1969821672E-01
Rho =  5.7243859003E+01
DelSqRho =  6.7835142064E+03
GradDelSqRho = -2.1827872843E-11 -3.6379788071E-12 -7.2759576142E-12
HessDelSqRho_EigVals = -3.8841949625E+06 -3.1961980757E+03 -2.6919222016E+02
HessDelSqRho_EigVec1 =  6.3749136047E-01  5.0649862708E-01 -5.8057205074E-01
HessDelSqRho_EigVec2 = -5.9501863604E-02  7.8365714975E-01  6.1833728650E-01
HessDelSqRho_EigVec3 =  7.6815642519E-01 -3.5963955902E-01  5.2971227476E-01
</CP of DelSqRho>
<CP of DelSqRho>
CP# = 20      
Type = (3,+1)
Coords =  2.41321901704748E-01  1.86926703893678E-01 -3.51403146291381E-01
DistFromNuc =  4.6546968118E-01
Rho =  1.0241665171E+01
DelSqRho = -1.3970571357E+02
GradDelSqRho =  2.2737367544E-13  1.9326762413E-12 -2.3874235922E-12
HessDelSqRho_EigVals = -2.2730666594E+02  1.3581235476E+02  4.9043373941E+04
HessDelSqRho_EigVec1 =  9.0821205615E-02  8.5188317885E-01  5.1579701260E-01
HessDelSqRho_EigVec2 =  8.5026182444E-01 -3.3597815709E-01  4.0518330156E-01
HessDelSqRho_EigVec3 = -5.1846536867E-01 -4.0176327303E-01  7.5483768714E-01
</CP of DelSqRho>
<CP of DelSqRho>
CP# = 21      
Type = (3,+1)
Coords = -2.62953115163735E-01 -1.55021306517911E-01 -3.51405873825402E-01
DistFromNuc =  4.6546969225E-01
Rho =  1.0241665137E+01
DelSqRho = -1.3970570996E+02
GradDelSqRho = -1.1368683772E-13 -1.0231815395E-12 -1.1368683772E-13
HessDelSqRho_EigVals = -2.2730656103E+02  1.3581847924E+02  4.9043353754E+04
HessDelSqRho_EigVec1 = -8.2502565783E-01  2.3082948984E-01  5.1580074694E-01
HessDelSqRho_EigVec2 =  2.4817980567E-03  9.1423903172E-01 -4.0516766105E-01
HessDelSqRho_EigVec3 =  5.6508981994E-01  3.3299360280E-01  7.5484353074E-01
</CP of DelSqRho>
<CP of DelSqRho>
CP# = 22      
Type = (3,+3)
Coords = -4.62604406579156E-01  1.09544264223400E-02  1.68987761720949E-02
DistFromNuc =  4.6304255213E-01
Rho =  1.0450648079E+01
DelSqRho = -1.5158884782E+02
GradDelSqRho = -2.1600499167E-12  2.2737367544E-13  1.4210854715E-14
HessDelSqRho_EigVals =  2.9033990370E+02  2.9864426696E+02  5.1850017764E+04
HessDelSqRho_EigVec1 =  1.4009883853E-03  8.5625215203E-01 -5.1655618220E-01
HessDelSqRho_EigVec2 =  4.3390645360E-02  5.1601813454E-01  8.5547795806E-01
HessDelSqRho_EigVec3 =  9.9905720013E-01 -2.3612220794E-02 -3.6430398055E-02
</CP of DelSqRho>
<CP of DelSqRho>
CP# = 23      
Type = (3,+3)
Coords =  1.21543630787251E-01 -1.79236642420346E-01 -4.10481145002674E-01
DistFromNuc =  4.6410494349E-01
Rho =  1.0361752568E+01
DelSqRho = -1.4659588936E+02
GradDelSqRho = -3.6948222260E-13  3.9790393203E-13 -3.7516656448E-12
HessDelSqRho_EigVals =  2.1242341016E+02  2.1303649576E+02  5.0439107655E+04
HessDelSqRho_EigVec1 =  8.2965118943E-01  5.5827890958E-01  1.8875897676E-03
HessDelSqRho_EigVec2 = -4.9304118523E-01  7.3427995273E-01 -4.6662976833E-01
HessDelSqRho_EigVec3 = -2.6189557756E-01  3.8620928282E-01  8.8445073142E-01
</CP of DelSqRho>
<CP of DelSqRho>
CP# = 24      
Type = (3,+1)
Coords =  7.28929654148257E-01 -7.32860545885306E-02 -1.93704193125016E-01
DistFromNuc =  7.5778004786E-01
Rho =  2.7562258196E+00
DelSqRho =  3.1938438141E+01
GradDelSqRho = -2.4158453016E-13 -4.2632564146E-14  3.1974423109E-14
HessDelSqRho_EigVals = -1.7046483572E+03  4.7004897235E+00  5.2427094044E+00
HessDelSqRho_EigVec1 =  9.6277359975E-01 -9.5282735225E-02 -2.5295888202E-01
HessDelSqRho_EigVec2 =  2.6983998790E-01  3.9389208409E-01  8.7865545410E-01
HessDelSqRho_EigVec3 = -1.5917806238E-02  9.1420469615E-01 -4.0493999183E-01
</CP of DelSqRho>
<CP of DelSqRho>
CP# = 25      
Type = (3,-3)
Coords = -7.59841577043137E-01 -2.38919754759535E-03  6.14211851810756E-03
DistFromNuc =  7.5987015739E-01
Rho =  2.7367949871E+00
DelSqRho =  3.3271427947E+01
GradDelSqRho =  5.4178883602E-13 -5.6843418861E-14 -5.4178883602E-14
HessDelSqRho_EigVals = -1.7737114801E+03 -7.7104527897E+00 -6.5517108241E+00
HessDelSqRho_EigVec1 =  9.9996481275E-01  3.7321314424E-03 -7.5129532276E-03
HessDelSqRho_EigVec2 =  5.3904444638E-03  4.0035775878E-01  9.1634306245E-01
HessDelSqRho_EigVec3 = -6.4277818715E-03  9.1635131701E-01 -4.0032355344E-01
</CP of DelSqRho>
<CP of DelSqRho>
CP# = 26      
Type = (3,-3)
Coords =  2.83370000903398E-01  7.05029283830063E-01  6.14205611545058E-03
DistFromNuc =  7.5987010293E-01
Rho =  2.7367956390E+00
DelSqRho =  3.3271432729E+01
GradDelSqRho =  3.5527136788E-14  1.0658141036E-14 -1.8163248683E-13
HessDelSqRho_EigVals = -1.7737122824E+03 -7.7102701474E+00 -6.5517678019E+00
HessDelSqRho_EigVec1 =  3.7346627294E-01  9.2761333484E-01  7.5129226570E-03
HessDelSqRho_EigVec2 = -3.7394464281E-01  1.4313218363E-01  9.1633977439E-01
HessDelSqRho_EigVec3 =  8.4893365294E-01 -3.4503141747E-01  4.0033108032E-01
</CP of DelSqRho>
<CP of DelSqRho>
CP# = 27      
Type = (3,-3)
Coords =  3.01577183117086E-01 -4.44730129653011E-01  5.37059530554699E-01
DistFromNuc =  7.5971483134E-01
Rho =  2.7387884230E+00
DelSqRho =  3.3344845752E+01
GradDelSqRho = -8.8817841970E-14  4.2632564146E-14 -2.6290081223E-13
HessDelSqRho_EigVals = -1.7781290607E+03 -7.9972648700E+00 -6.9668906791E+00
HessDelSqRho_EigVec1 =  3.9729841876E-01 -5.8588843153E-01  7.0632054497E-01
HessDelSqRho_EigVec2 = -3.9637699369E-01  5.8461439621E-01  7.0789214335E-01
HessDelSqRho_EigVec3 =  8.2767097649E-01  5.6121364341E-01 -3.3680072715E-05
</CP of DelSqRho>
<CP of DelSqRho>
CP# = 28      
Type = (3,+1)
Coords = -2.03701433761833E-01  3.00384090633289E-01 -6.65161804462386E-01
DistFromNuc =  7.5773682908E-01
Rho =  2.7567983212E+00
DelSqRho =  3.1966807784E+01
GradDelSqRho =  1.0302869669E-13  5.6843418861E-14  2.9842794902E-13
HessDelSqRho_EigVals = -1.7059904507E+03  4.5128841321E+00  4.6860580661E+00
HessDelSqRho_EigVec1 =  2.7068596833E-01 -3.9916187802E-01  8.7601307164E-01
HessDelSqRho_EigVec2 = -4.9132258974E-01  7.2525930163E-01  4.8228731914E-01
HessDelSqRho_EigVec3 =  8.2784734062E-01  5.6095342100E-01 -2.0026871817E-04
</CP of DelSqRho>
<CP of DelSqRho>
CP# = 29      
Type = (3,-1)
Coords =  5.37348299660003E-01  2.42054574264847E-01  4.76341256823820E-01
DistFromNuc =  7.5778268984E-01
Rho =  2.7579732868E+00
DelSqRho =  3.2590322192E+01
GradDelSqRho = -4.1211478674E-13 -2.4868995752E-13 -3.2773783687E-13
HessDelSqRho_EigVals = -1.7448477227E+03 -5.2618621604E+00  6.0263741838E+00
HessDelSqRho_EigVec1 =  7.0969198314E-01  3.1912731647E-01  6.2808840536E-01
HessDelSqRho_EigVec2 = -7.0411460665E-01  2.9134878557E-01  6.4756351492E-01
HessDelSqRho_EigVec3 = -2.3662412630E-02  9.0181685559E-01 -4.3147010232E-01
</CP of DelSqRho>
<CP of DelSqRho>
CP# = 30      
Type = (3,+1)
Coords = -2.06933165624547E-01  3.05162907533108E-01  6.61327646486914E-01
DistFromNuc =  7.5716576202E-01
Rho =  2.7635666323E+00
DelSqRho =  3.1858444755E+01
GradDelSqRho = -4.2632564146E-14 -7.4606987255E-14 -1.4210854715E-14
HessDelSqRho_EigVals = -1.7031669281E+03  6.0937751660E+00  6.3202587890E+00
HessDelSqRho_EigVec1 = -2.7342689379E-01  4.0322046408E-01  8.7329891280E-01
HessDelSqRho_EigVec2 =  8.2786588512E-01  5.6092604851E-01  2.1062187019E-04
HessDelSqRho_EigVec3 = -4.8977118127E-01  7.2303196711E-01 -4.8718473348E-01
</CP of DelSqRho>
<CP of DelSqRho>
CP# = 31      
Type = (3,-1)
Coords = -4.23703843259225E-01 -4.09645010094772E-01  4.76340853852933E-01
DistFromNuc =  7.5778268002E-01
Rho =  2.7579733069E+00
DelSqRho =  3.2590331312E+01
GradDelSqRho =  1.8474111130E-13  6.3948846218E-14 -5.8619775700E-14
HessDelSqRho_EigVals = -1.7448483951E+03 -5.2618465691E+00  6.0262626852E+00
HessDelSqRho_EigVec1 = -5.5907656928E-01 -5.4123809464E-01  6.2808814238E-01
HessDelSqRho_EigVec2 =  1.0143659901E-02 -7.6194782764E-01 -6.4755896574E-01
HessDelSqRho_EigVec3 =  8.2905397644E-01 -3.5566393247E-01  4.3147731260E-01
</CP of DelSqRho>
<CP of DelSqRho>
CP# = 32      
Type = (3,-1)
Coords =  3.83596502457886E-01  1.82195153418890E-01 -6.29154059409019E-01
DistFromNuc =  7.5906269906E-01
Rho =  2.7432705106E+00
DelSqRho =  3.2255668657E+01
GradDelSqRho =  2.3447910280E-13  2.1760371283E-14 -9.9475983006E-14
HessDelSqRho_EigVals = -1.7156701433E+03 -3.5124546659E+00  4.7252494944E+00
HessDelSqRho_EigVec1 = -5.0624411736E-01 -2.4384788174E-01  8.2719713745E-01
HessDelSqRho_EigVec2 =  8.4290996095E-01 -3.4263241335E-01  4.1485639330E-01
HessDelSqRho_EigVec3 =  1.8226269879E-01  9.0727131548E-01  3.7899745215E-01
</CP of DelSqRho>
<CP of DelSqRho>
CP# = 33      
Type = (3,-1)
Coords = -4.25307840497735E-01  6.27190083367758E-01 -6.44802342064001E-03
DistFromNuc =  7.5782302477E-01
Rho =  2.7574556493E+00
DelSqRho =  3.2592531910E+01
GradDelSqRho =  1.1368683772E-13  4.9737991503E-14 -1.0036416143E-13
HessDelSqRho_EigVals = -1.7448268045E+03 -5.0555088759E+00  5.7817832024E+00
HessDelSqRho_EigVec1 = -5.6121882347E-01  8.2761422520E-01 -9.3875680935E-03
HessDelSqRho_EigVec2 = -5.2708848103E-03  7.7681538938E-03  9.9995593581E-01
HessDelSqRho_EigVec3 =  8.2765068112E-01  5.6124357460E-01  2.6250596133E-06
</CP of DelSqRho>
<CP of DelSqRho>
CP# = 34      
Type = (3,-1)
Coords =  3.94410696370561E-01 -5.81607382187276E-01 -2.86823989550849E-01
DistFromNuc =  7.5900918664E-01
Rho =  2.7438148011E+00
DelSqRho =  3.2271997242E+01
GradDelSqRho = -2.6290081223E-13 -8.5265128291E-14  1.7763568394E-13
HessDelSqRho_EigVals = -1.7166111888E+03 -3.7813883147E+00  4.6781620969E+00
HessDelSqRho_EigVec1 = -5.2052237838E-01  7.6757437403E-01  3.7401341412E-01
HessDelSqRho_EigVec2 =  8.2764461806E-01  5.6125251540E-01  1.2023282274E-05
HessDelSqRho_EigVec3 = -2.0990674071E-01  3.0955644767E-01 -9.2742329382E-01
</CP of DelSqRho>
<CP of DelSqRho>
CP# = 35      
Type = (3,-1)
Coords = -3.11204358285488E-01 -2.88944569716229E-01 -6.29157559507374E-01
DistFromNuc =  7.5906281141E-01
Rho =  2.7432692885E+00
DelSqRho =  3.2255640815E+01
GradDelSqRho =  1.1297629499E-12  1.3873346916E-12  2.4584778657E-12
HessDelSqRho_EigVals = -1.7156675875E+03 -3.5123672216E+00  4.7254246718E+00
HessDelSqRho_EigVec1 =  4.1386388366E-01  3.8007118909E-01  8.2720165439E-01
HessDelSqRho_EigVec2 = -6.4282540996E-03  9.0987200953E-01 -4.1483925057E-01
HessDelSqRho_EigVec3 = -9.1031607881E-01  1.6636952091E-01  3.7900635768E-01
</CP of DelSqRho>
<CP of DelSqRho>
CP# = 36      
Type = (3,-3)
Coords =  2.06460360597434E-01 -3.04441279742108E-01 -6.66081767622801E-01
DistFromNuc =  7.6090426104E-01
Rho =  2.7235427623E+00
DelSqRho =  3.2488346405E+01
GradDelSqRho =  6.3948846218E-14 -2.9132252166E-13  1.2079226508E-13
HessDelSqRho_EigVals = -1.7154924245E+03 -4.2076964797E+00 -4.1075724566E+00
HessDelSqRho_EigVec1 = -2.7151934679E-01  4.0037492553E-01  8.7520121305E-01
HessDelSqRho_EigVec2 =  8.2766714772E-01  5.6121928998E-01  3.3720101141E-05
HessDelSqRho_EigVec3 = -4.9116630269E-01  7.2438444735E-01 -4.8375906765E-01
</CP of DelSqRho>
<CP of DelSqRho>
CP# = 37      
Type = (3,+1)
Coords = -2.01624895711502E-01 -7.04309199673196E-01 -1.93717957356414E-01
DistFromNuc =  7.5778010948E-01
Rho =  2.7562251577E+00
DelSqRho =  3.1938415463E+01
GradDelSqRho = -4.2632564146E-14 -1.4210854715E-14  1.7763568394E-15
HessDelSqRho_EigVals = -1.7046461835E+03  4.7006004480E+00  5.2426330228E+00
HessDelSqRho_EigVec1 =  2.6771359271E-01  9.2969465170E-01  2.5297685048E-01
HessDelSqRho_EigVec2 = -4.6564028287E-01 -1.0502125981E-01  8.7872046861E-01
HessDelSqRho_EigVec3 =  8.4350966755E-01 -3.5304162586E-01  4.0478766183E-01
</CP of DelSqRho>
<Path of -GradDelSqRho>
Starting CP# =      2
Ending CP# =      0
Number of Points =    400
  4.3280180023E-02 -6.3839967802E-02 -2.0560545633E-01  5.7369851757E+01  6.7492646285E+03
  3.8344165715E-02 -5.6559163260E-02 -1.8220405364E-01  8.4257682718E+01  5.0779365032E+03
  3.3408584737E-02 -4.9278997127E-02 -1.5880236094E-01  1.2245561427E+02 -1.7367876345E+03
  2.8470561135E-02 -4.1995230629E-02 -1.3540230412E-01  1.7236547711E+02 -1.4233028621E+04
  2.4338637445E-02 -3.5900695700E-02 -1.1679369673E-01  2.1987264896E+02 -2.1613237973E+04
  2.3618608006E-02 -3.4839424743E-02 -1.1721957422E-01  2.1997642966E+02 -2.1614632753E+04
  2.2911229100E-02 -3.3796783074E-02 -1.1762823578E-01  2.2006566117E+02 -2.1616151887E+04
  2.2203097321E-02 -3.2753015289E-02 -1.1802642825E-01  2.2014556941E+02 -2.1617821909E+04
  2.1486261194E-02 -3.1696401040E-02 -1.1841773318E-01  2.2021874062E+02 -2.1619666453E+04
  2.0755217341E-02 -3.0618827881E-02 -1.1880418520E-01  2.2028661467E+02 -2.1621708958E+04
  2.0005735828E-02 -2.9514060020E-02 -1.1918691424E-01  2.2035004249E+02 -2.1623973706E+04
  1.9234320421E-02 -2.8376942833E-02 -1.1956643888E-01  2.2040953848E+02 -2.1626486241E+04
  1.8437937257E-02 -2.7203002968E-02 -1.1994280939E-01  2.2046541221E+02 -2.1629273485E+04
  1.7613874179E-02 -2.5988241037E-02 -1.2031567744E-01  2.2051784569E+02 -2.1632363622E+04
  1.6759671127E-02 -2.4729029028E-02 -1.2068432720E-01  2.2056694449E+02 -2.1635785818E+04
  1.5873092651E-02 -2.3422069810E-02 -1.2104768569E-01  2.2061277497E+02 -2.1639569760E+04
  1.4952126871E-02 -2.2064395617E-02 -1.2140432302E-01  2.2065539387E+02 -2.1643745052E+04
  1.3995001268E-02 -2.0653391351E-02 -1.2175244975E-01  2.2069487249E+02 -2.1648340482E+04
  1.3000208726E-02 -1.9186832996E-02 -1.2208991662E-01  2.2073131609E+02 -2.1653383202E+04
  1.1966538881E-02 -1.7662933865E-02 -1.2241422101E-01  2.2076487790E+02 -2.1658897875E+04
  1.0893111099E-02 -1.6080393251E-02 -1.2272252287E-01  2.2079576672E+02 -2.1664905841E+04
  9.7794064569E-03 -1.4438443616E-02 -1.2301167231E-01  2.2082424748E+02 -2.1671424342E+04
  8.6252971215E-03 -1.2736893957E-02 -1.2327824934E-01  2.2085063451E+02 -2.1678465858E+04
  7.4310723244E-03 -1.0976168144E-02 -1.2351861573E-01  2.2087527836E+02 -2.1686037535E+04
  6.1974605536E-03 -9.1573376983E-03 -1.2372897802E-01  2.2089854801E+02 -2.1694140712E+04
  4.9256476193E-03 -7.2821484829E-03 -1.2390546017E-01  2.2092081081E+02 -2.1702770516E+04
  3.6172898998E-03 -5.3530402972E-03 -1.2404418432E-01  2.2094241288E+02 -2.1711915503E+04
  2.2745215753E-03 -3.3731576027E-03 -1.2414135774E-01  2.2096366229E+02 -2.1721557343E+04
  8.9995421636E-04 -1.3463489779E-03 -1.2419336397E-01  2.2098481675E+02 -2.1731670551E+04
 -5.0333310181E-04  7.2284739495E-04 -1.2419685597E-01  2.2100607649E+02 -2.1742222321E+04
 -1.9318148467E-03  2.8292347060E-03 -1.2414884839E-01  2.2102758220E+02 -2.1753172501E+04
 -3.3815524747E-03  4.9670067808E-03 -1.2404680619E-01  2.2104941741E+02 -2.1764473765E+04
 -4.8482408120E-03  7.1298164218E-03 -1.2388872586E-01  2.2107161391E+02 -2.1776072047E+04
 -6.3272670602E-03  9.3108623762E-03 -1.2367320578E-01  2.2109415907E+02 -2.1787907258E+04
 -7.8137812262E-03  1.1502993160E-02 -1.2339950197E-01  2.2111700410E+02 -2.1799914287E+04
 -9.3027759201E-03  1.3698824711E-02 -1.2306756612E-01  2.2114007227E+02 -2.1812024279E+04
 -1.0789172730E-02  1.5890867747E-02 -1.2267806325E-01  2.2116326664E+02 -2.1824166125E+04
 -1.2267911834E-02  1.8071659924E-02 -1.2223236757E-01  2.2118647711E+02 -2.1836268099E+04
 -1.3734041212E-02  2.0233897406E-02 -1.2173253624E-01  2.2120958656E+02 -2.1848259552E+04
 -1.5182801782E-02  2.2370560452E-02 -1.2118126203E-01  2.2123247616E+02 -2.1860072567E+04
 -1.6609705065E-02  2.4475027974E-02 -1.2058180730E-01  2.2125502982E+02 -2.1871643488E+04
 -1.8010600460E-02  2.6541176814E-02 -1.1993792257E-01  2.2127713785E+02 -2.1882914251E+04
 -1.9381729953E-02  2.8563462476E-02 -1.1925375396E-01  2.2129869984E+02 -2.1893833443E+04
 -2.0719768894E-02  3.0536979314E-02 -1.1853374403E-01  2.2131962680E+02 -2.1904357066E+04
 -2.2021852318E-02  3.2457499423E-02 -1.1778253061E-01  2.2133984256E+02 -2.1914448991E+04
 -2.3285587139E-02  3.4321490680E-02 -1.1700484802E-01  2.2135928463E+02 -2.1924081099E+04
 -2.4509051210E-02  3.6126115417E-02 -1.1620543434E-01  2.2137790432E+02 -2.1933233154E+04
 -2.5690780795E-02  3.7869211999E-02 -1.1538894772E-01  2.2139566651E+02 -2.1941892427E+04
 -2.6829748357E-02  3.9549262122E-02 -1.1455989375E-01  2.2141254892E+02 -2.1950053142E+04
 -2.7925332759E-02  4.1165346902E-02 -1.1372256523E-01  2.2142854111E+02 -2.1957715775E+04
 -2.8977283971E-02  4.2717094869E-02 -1.1288099471E-01  2.2144364326E+02 -2.1964886275E+04
 -2.9985684296E-02  4.4204624805E-02 -1.1203891949E-01  2.2145786481E+02 -2.1971575239E+04
 -3.0950907901E-02  4.5628486093E-02 -1.1119975838E-01  2.2147122304E+02 -2.1977797088E+04
 -3.1873580193E-02  4.6989598807E-02 -1.1036659902E-01  2.2148374174E+02 -2.1983569275E+04
 -3.2754538266E-02  4.8289195403E-02 -1.0954219436E-01  2.2149544982E+02 -2.1988911544E+04
 -3.3594793384E-02  4.9528765383E-02 -1.0872896672E-01  2.2150638011E+02 -2.1993845263E+04
 -3.4395496159E-02  5.0710003948E-02 -1.0792901815E-01  2.2151656823E+02 -2.1998392834E+04
 -3.5157904864E-02  5.1834765253E-02 -1.0714414531E-01  2.2152605168E+02 -2.2002577185E+04
 -3.5883357095E-02  5.2905020621E-02 -1.0637585791E-01  2.2153486890E+02 -2.2006421344E+04
 -3.6573244852E-02  5.3922821775E-02 -1.0562539935E-01  2.2154305865E+02 -2.2009948090E+04
 -3.7228992964E-02  5.4890269007E-02 -1.0489376864E-01  2.2155065941E+02 -2.2013179678E+04
 -3.7852040685E-02  5.5809484039E-02 -1.0418174289E-01  2.2155770889E+02 -2.2016137623E+04
 -3.8443826266E-02  5.6682587241E-02 -1.0348989958E-01  2.2156424371E+02 -2.2018842546E+04
 -3.9005774201E-02  5.7511678826E-02 -1.0281863827E-01  2.2157029911E+02 -2.2021314060E+04
 -3.9539284906E-02  5.8298823605E-02 -1.0216820127E-01  2.2157590876E+02 -2.2023570700E+04
 -4.0045726516E-02  5.9046038886E-02 -1.0153869322E-01  2.2158110465E+02 -2.2025629890E+04
 -4.0526428547E-02  5.9755285114E-02 -1.0093009911E-01  2.2158591699E+02 -2.2027507928E+04
 -4.0982677153E-02  6.0428458861E-02 -1.0034230098E-01  2.2159037422E+02 -2.2029219998E+04
 -4.1415711734E-02  6.1067387826E-02 -9.9775093108E-02  2.2159450295E+02 -2.2030780193E+04
 -4.1826722699E-02  6.1673827512E-02 -9.9228195681E-02  2.2159832807E+02 -2.2032201556E+04
 -4.2216850157E-02  6.2249459303E-02 -9.8701267129E-02  2.2160187275E+02 -2.2033496125E+04
 -4.2587183401E-02  6.2795889684E-02 -9.8193915056E-02  2.2160515850E+02 -2.2034674983E+04
 -4.2938761011E-02  6.3314650390E-02 -9.7705705948E-02  2.2160820528E+02 -2.2035748314E+04
 -4.3272571460E-02  6.3807199296E-02 -9.7236173702E-02  2.2161103156E+02 -2.2036725460E+04
 -4.3589554112E-02  6.4274921882E-02 -9.6784827095E-02  2.2161365441E+02 -2.2037614976E+04
 -4.3890600521E-02  6.4719133144E-02 -9.6351156286E-02  2.2161608959E+02 -2.2038424687E+04
 -4.4176555952E-02  6.5141079832E-02 -9.5934638440E-02  2.2161835162E+02 -2.2039161744E+04
 -4.4448221065E-02  6.5541942928E-02 -9.5534742570E-02  2.2162045390E+02 -2.2039832672E+04
 -4.4706353698E-02  6.5922840276E-02 -9.5150933680E-02  2.2162240874E+02 -2.2040443422E+04
 -4.4951670721E-02  6.6284829317E-02 -9.4782676285E-02  2.2162422749E+02 -2.2040999420E+04
 -4.5184849920E-02  6.6628909852E-02 -9.4429437389E-02  2.2162592058E+02 -2.2041505606E+04
 -4.5406531878E-02  6.6956026827E-02 -9.4090688972E-02  2.2162749760E+02 -2.2041966476E+04
 -4.5617321842E-02  6.7267073076E-02 -9.3765910065E-02  2.2162896737E+02 -2.2042386126E+04
 -4.5817791547E-02  6.7562892015E-02 -9.3454588447E-02  2.2163033800E+02 -2.2042768277E+04
 -4.6008481000E-02  6.7844280268E-02 -9.3156222025E-02  2.2163161695E+02 -2.2043116316E+04
 -4.6189900201E-02  6.8111990202E-02 -9.2870319940E-02  2.2163281106E+02 -2.2043433324E+04
 -4.6362530793E-02  6.8366732369E-02 -9.2596403424E-02  2.2163392665E+02 -2.2043722100E+04
 -4.6526827661E-02  6.8609177849E-02 -9.2334006456E-02  2.2163496950E+02 -2.2043985190E+04
 -4.6683220437E-02  6.8839960481E-02 -9.2082676242E-02  2.2163594494E+02 -2.2044224906E+04
 -4.6832114951E-02  6.9059678995E-02 -9.1841973541E-02  2.2163685790E+02 -2.2044443352E+04
 -4.6973894598E-02  6.9268899031E-02 -9.1611472860E-02  2.2163771286E+02 -2.2044642441E+04
 -4.7108921638E-02  6.9468155056E-02 -9.1390762547E-02  2.2163851401E+02 -2.2044823910E+04
 -4.7237538424E-02  6.9657952173E-02 -9.1179444787E-02  2.2163926516E+02 -2.2044989338E+04
 -4.7360068564E-02  6.9838767833E-02 -9.0977135520E-02  2.2163996984E+02 -2.2045140163E+04
 -4.7476818014E-02  7.0011053450E-02 -9.0783464304E-02  2.2164063131E+02 -2.2045277691E+04
 -4.7588076107E-02  7.0175235919E-02 -9.0598074115E-02  2.2164125257E+02 -2.2045403109E+04
 -4.7694116529E-02  7.0331719049E-02 -9.0420621112E-02  2.2164183640E+02 -2.2045517496E+04
 -4.7795198227E-02  7.0480884911E-02 -9.0250774366E-02  2.2164238534E+02 -2.2045621836E+04
 -4.7891566269E-02  7.0623095098E-02 -9.0088215557E-02  2.2164290175E+02 -2.2045717022E+04
 -4.7983452650E-02  7.0758691921E-02 -8.9932638659E-02  2.2164338784E+02 -2.2045803867E+04
 -4.8071077050E-02  7.0887999520E-02 -8.9783749602E-02  2.2164384560E+02 -2.2045883110E+04
 -4.8154647543E-02  7.1011324916E-02 -8.9641265927E-02  2.2164427692E+02 -2.2045955425E+04
 -4.8234361268E-02  7.1128958996E-02 -8.9504916430E-02  2.2164468352E+02 -2.2046021425E+04
 -4.8310405053E-02  7.1241177435E-02 -8.9374440806E-02  2.2164506701E+02 -2.2046081666E+04
 -4.8382956003E-02  7.1348241563E-02 -8.9249589289E-02  2.2164542887E+02 -2.2046136658E+04
 -4.8452182055E-02  7.1450399185E-02 -8.9130122292E-02  2.2164577049E+02 -2.2046186862E+04
 -4.8518242492E-02  7.1547885338E-02 -8.9015810055E-02  2.2164609313E+02 -2.2046232700E+04
 -4.8581288432E-02  7.1640923011E-02 -8.8906432287E-02  2.2164639799E+02 -2.2046274555E+04
 -4.8641463284E-02  7.1729723823E-02 -8.8801777825E-02  2.2164668618E+02 -2.2046312776E+04
 -4.8698903178E-02  7.1814488648E-02 -8.8701644296E-02  2.2164695871E+02 -2.2046347683E+04
 -4.8753737367E-02  7.1895408215E-02 -8.8605837776E-02  2.2164721655E+02 -2.2046379564E+04
 -4.8806088604E-02  7.1972663665E-02 -8.8514172477E-02  2.2164746058E+02 -2.2046408686E+04
 -4.8856073501E-02  7.2046427075E-02 -8.8426470421E-02  2.2164769164E+02 -2.2046435288E+04
 -4.8903802858E-02  7.2116861949E-02 -8.8342561142E-02  2.2164791049E+02 -2.2046459590E+04
 -4.8949381983E-02  7.2184123688E-02 -8.8262281380E-02  2.2164811786E+02 -2.2046481794E+04
 -4.8992910986E-02  7.2248360017E-02 -8.8185474801E-02  2.2164831441E+02 -2.2046502080E+04
 -4.9034485054E-02  7.2309711404E-02 -8.8111991709E-02  2.2164850078E+02 -2.2046520618E+04
 -4.9074194715E-02  7.2368311442E-02 -8.8041688784E-02  2.2164867755E+02 -2.2046537557E+04
 -4.9112126088E-02  7.2424287210E-02 -8.7974428817E-02  2.2164884527E+02 -2.2046553038E+04
 -4.9148361106E-02  7.2477759622E-02 -8.7910080458E-02  2.2164900445E+02 -2.2046567186E+04
 -4.9182977745E-02  7.2528843745E-02 -8.7848517976E-02  2.2164915557E+02 -2.2046580116E+04
 -4.9216050223E-02  7.2577649103E-02 -8.7789621027E-02  2.2164929909E+02 -2.2046591936E+04
 -4.9247649198E-02  7.2624279967E-02 -8.7733274426E-02  2.2164943542E+02 -2.2046602739E+04
 -4.9277841948E-02  7.2668835620E-02 -8.7679367932E-02  2.2164956496E+02 -2.2046612615E+04
 -4.9306692548E-02  7.2711410618E-02 -8.7627796042E-02  2.2164968808E+02 -2.2046621643E+04
 -4.9334262030E-02  7.2752095029E-02 -8.7578457788E-02  2.2164980513E+02 -2.2046629897E+04
 -4.9360608539E-02  7.2790974657E-02 -8.7531256550E-02  2.2164991643E+02 -2.2046637443E+04
 -4.9385787476E-02  7.2828131262E-02 -8.7486099867E-02  2.2165002229E+02 -2.2046644342E+04
 -4.9409851639E-02  7.2863642759E-02 -8.7442899266E-02  2.2165012300E+02 -2.2046650650E+04
 -4.9432851353E-02  7.2897583411E-02 -8.7401570085E-02  2.2165021884E+02 -2.2046656418E+04
 -4.9454834588E-02  7.2930024013E-02 -8.7362031319E-02  2.2165031005E+02 -2.2046661692E+04
 -4.9475847082E-02  7.2961032060E-02 -8.7324205455E-02  2.2165039688E+02 -2.2046666515E+04
 -4.9495932444E-02  7.2990671911E-02 -8.7288018331E-02  2.2165047956E+02 -2.2046670926E+04
 -4.9515132267E-02  7.3019004942E-02 -8.7253398987E-02  2.2165055829E+02 -2.2046674959E+04
 -4.9533486217E-02  7.3046089693E-02 -8.7220279529E-02  2.2165063329E+02 -2.2046678648E+04
 -4.9551032134E-02  7.3071982006E-02 -8.7188595001E-02  2.2165070473E+02 -2.2046682022E+04
 -4.9567806117E-02  7.3096735154E-02 -8.7158283252E-02  2.2165077281E+02 -2.2046685107E+04
 -4.9583842608E-02  7.3120399964E-02 -8.7129284820E-02  2.2165083768E+02 -2.2046687929E+04
 -4.9599174474E-02  7.3143024939E-02 -8.7101542817E-02  2.2165089952E+02 -2.2046690511E+04
 -4.9613833077E-02  7.3164656363E-02 -8.7075002816E-02  2.2165095847E+02 -2.2046692871E+04
 -4.9627848353E-02  7.3185338415E-02 -8.7049612744E-02  2.2165101467E+02 -2.2046695031E+04
 -4.9641248875E-02  7.3205113258E-02 -8.7025322783E-02  2.2165106826E+02 -2.2046697006E+04
 -4.9654061917E-02  7.3224021146E-02 -8.7002085271E-02  2.2165111937E+02 -2.2046698813E+04
 -4.9666313520E-02  7.3242100506E-02 -8.6979854612E-02  2.2165116812E+02 -2.2046700466E+04
 -4.9678028544E-02  7.3259388027E-02 -8.6958587181E-02  2.2165121462E+02 -2.2046701978E+04
 -4.9689230729E-02  7.3275918742E-02 -8.6938241244E-02  2.2165125898E+02 -2.2046703361E+04
 -4.9699942743E-02  7.3291726103E-02 -8.6918776875E-02  2.2165130131E+02 -2.2046704627E+04
 -4.9710186234E-02  7.3306842059E-02 -8.6900155876E-02  2.2165134171E+02 -2.2046705785E+04
 -4.9719981878E-02  7.3321297121E-02 -8.6882341705E-02  2.2165138026E+02 -2.2046706844E+04
 -4.9729349422E-02  7.3335120432E-02 -8.6865299401E-02  2.2165141705E+02 -2.2046707812E+04
 -4.9738307729E-02  7.3348339828E-02 -8.6848995519E-02  2.2165145217E+02 -2.2046708699E+04
 -4.9746874818E-02  7.3360981901E-02 -8.6833398063E-02  2.2165148570E+02 -2.2046709510E+04
 -4.9755067903E-02  7.3373072054E-02 -8.6818476423E-02  2.2165151771E+02 -2.2046710252E+04
 -4.9762903429E-02  7.3384634556E-02 -8.6804201316E-02  2.2165154828E+02 -2.2046710931E+04
 -4.9770397108E-02  7.3395692595E-02 -8.6790544725E-02  2.2165157746E+02 -2.2046711552E+04
 -4.9777563953E-02  7.3406268325E-02 -8.6777479851E-02  2.2165160533E+02 -2.2046712120E+04
 -4.9784418310E-02  7.3416382917E-02 -8.6764981052E-02  2.2165163195E+02 -2.2046712640E+04
 -4.9790973886E-02  7.3426056599E-02 -8.6753023802E-02  2.2165165737E+02 -2.2046713116E+04
 -4.9797243782E-02  7.3435308705E-02 -8.6741584633E-02  2.2165168165E+02 -2.2046713551E+04
 -4.9803240515E-02  7.3444157708E-02 -8.6730641096E-02  2.2165170484E+02 -2.2046713950E+04
 -4.9808976051E-02  7.3452621264E-02 -8.6720171716E-02  2.2165172700E+02 -2.2046714314E+04
 -4.9814461825E-02  7.3460716250E-02 -8.6710155946E-02  2.2165174817E+02 -2.2046714648E+04
 -4.9819708765E-02  7.3468458794E-02 -8.6700574132E-02  2.2165176839E+02 -2.2046714953E+04
 -4.9824727320E-02  7.3475864313E-02 -8.6691407470E-02  2.2165178771E+02 -2.2046715232E+04
 -4.9829527475E-02  7.3482947543E-02 -8.6682637971E-02  2.2165180618E+02 -2.2046715487E+04
 -4.9834118774E-02  7.3489722570E-02 -8.6674248425E-02  2.2165182382E+02 -2.2046715721E+04
 -4.9838510344E-02  7.3496202861E-02 -8.6666222371E-02  2.2165184068E+02 -2.2046715935E+04
 -4.9842710906E-02  7.3502401287E-02 -8.6658544056E-02  2.2165185679E+02 -2.2046716131E+04
 -4.9846728800E-02  7.3508330155E-02 -8.6651198415E-02  2.2165187219E+02 -2.2046716310E+04
