 AIMInt (Version 19.10.12, Professional)
 Portions Copyright (c) 1997-2019 by Todd A. Keith
 AIMInt is a component of the AIMAll package ( http://aim.tkgristmill.com )

 TP:  64-bit Mac OS X

 AIMInt is a heavily modified and extended version of the PROAIMV program
 developed by members of R.F.W. Bader's research group

 Much of the Quantum Theory of Atoms in Molecules (QTAIM) is described in the book:
   "Atoms in Molecules - A Quantum Theory"
   R.F.W. Bader, Oxford University Press, Oxford, 1990

 For additional references see:  http://aim.tkgristmill.com/references.html

 Current Directory:  /Users/chemlab/Documents/SubstituentCoding/BCP Map Reference/BCPMapReference

 Inp File:  SubH_SMeONH_wb97xd_aug-cc-pvtz_atomicfiles/c6.inp
 Wfx File:  SubH_SMeONH_wb97xd_aug-cc-pvtz.wfx
 Out File:  SubH_SMeONH_wb97xd_aug-cc-pvtz_atomicfiles/c6.int

 Wfx Title:   Title Card Required                                                           
 Job Title:   Title Card Required                                                           
 
<Atom>
C6      
</Atom>
<Nuclei of Molecule>
     9
S1        16.0          -3.1434988843E-01   8.9660891015E-02   4.0370245626E-01
H2         1.0          -2.3631019109E-01   3.2652101305E-01   2.9856064811E+00
N3         7.0          -1.4386824631E+00  -2.4323498442E+00  -4.2205745747E-01
H4         1.0          -3.3386239204E+00  -2.4617868848E+00  -1.7057695053E-01
O5         8.0          -1.2174139355E+00   2.5321971629E+00  -4.8155856779E-01
C6         6.0           2.9564844719E+00  -2.6073336399E-01  -2.2570395359E-01
H7         1.0           3.9075318659E+00   1.4394914477E+00   4.2307753406E-01
H8         1.0           3.6433126701E+00  -1.9431853675E+00   7.2745129649E-01
H9         1.0           3.1248696850E+00  -4.6234267457E-01  -2.2637031951E+00
</Nuclei of Molecule>
<Total Number of CPs of DelSqRho>
    38
</Total Number of CPs of DelSqRho>
<Number of (3,+3) CPs of DelSqRho>
     5
</Number of (3,+3) CPs of DelSqRho>
<Number of (3,+1) CPs of DelSqRho>
    13
</Number of (3,+1) CPs of DelSqRho>
<Number of (3,-1) CPs of DelSqRho>
    14
</Number of (3,-1) CPs of DelSqRho>
<Number of (3,-3) CPs of DelSqRho>
     6
</Number of (3,-3) CPs of DelSqRho>
<Number of Degenerate CPs of DelSqRho>
     0
</Number of Degenerate CPs of DelSqRho>
<CP of DelSqRho>
CP# = 1       
Type = (3,+3)
Coords =  2.95648430573605E+00 -2.60733339169224E-01 -2.25703906736048E-01
DistFromNuc =  1.7439117503E-07
Rho =  1.2094616643E+02
DelSqRho = -7.4478970132E+05
GradDelSqRho =  3.2612085761E-06 -3.9815404307E-08  2.0078323359E-07
HessDelSqRho_EigVals =  1.5955926809E+10  1.5955926859E+10  1.5955927219E+10
HessDelSqRho_EigVec1 =  1.6634897592E-01  8.6939191021E-01  4.6528026464E-01
HessDelSqRho_EigVec2 =  1.0763287541E-01 -4.8504438949E-01  8.6784048325E-01
HessDelSqRho_EigVec3 =  9.8017507739E-01 -9.4284922897E-02 -1.7426178862E-01
</CP of DelSqRho>
<CP of DelSqRho>
CP# = 2       
Type = (3,+1)
Coords =  1.49402890057660E+00 -1.09300241430435E-01  6.27394902145849E-02
DistFromNuc =  1.4983016749E+00
Rho =  2.1354920772E-01
DelSqRho = -4.4540034599E-01
GradDelSqRho =  1.5543122345E-15 -1.3877787808E-16 -2.9143354396E-16
HessDelSqRho_EigVals = -4.2632267631E+00  2.7160287971E+00  2.8292885340E+00
HessDelSqRho_EigVec1 =  9.7664929354E-01 -1.0575127801E-01 -1.8701022600E-01
HessDelSqRho_EigVec2 =  1.7519322468E-01 -1.1181299922E-01  9.7816419237E-01
HessDelSqRho_EigVec3 =  1.2435228770E-01  9.8808629198E-01  9.0675179283E-02
</CP of DelSqRho>
<CP of DelSqRho>
CP# = 3       
Type = (3,+1)
Coords =  3.55341816189676E+00  8.15343387278644E-01  1.87900157599680E-01
DistFromNuc =  1.2982062108E+00
Rho =  2.8849772170E-01
DelSqRho = -1.1258279815E+00
GradDelSqRho =  2.0955459590E-15  1.3877787808E-16 -9.9920072216E-16
HessDelSqRho_EigVals = -8.9819864143E+00  8.4963722433E+00  8.5678064146E+00
HessDelSqRho_EigVec1 =  4.6884372377E-01  8.2615833938E-01  3.1248673726E-01
HessDelSqRho_EigVec2 = -7.7406857488E-01  2.1389932060E-01  5.9587324325E-01
HessDelSqRho_EigVec3 =  4.2544494833E-01 -5.2125759364E-01  7.3978856237E-01
</CP of DelSqRho>
<CP of DelSqRho>
CP# = 4       
Type = (3,+1)
Coords =  3.38772284124768E+00 -1.32401088035810E+00  3.80735110314952E-01
DistFromNuc =  1.2978035083E+00
Rho =  2.8869182338E-01
DelSqRho = -1.1288216102E+00
GradDelSqRho =  7.3552275381E-16  7.4940054162E-16 -8.6042284408E-16
HessDelSqRho_EigVals = -9.0598363787E+00  8.5247399269E+00  8.6120006626E+00
HessDelSqRho_EigVec1 = -3.3949561936E-01  8.1997337287E-01 -4.6085398145E-01
HessDelSqRho_EigVec2 = -7.7726181812E-01  3.1368440575E-02  6.2839484961E-01
HessDelSqRho_EigVec3 =  5.2972331506E-01  5.7154150218E-01  6.2668454645E-01
</CP of DelSqRho>
<CP of DelSqRho>
CP# = 5       
Type = (3,+1)
Coords =  3.06002726108240E+00 -3.87137714201143E-01 -1.51557934984034E+00
DistFromNuc =  1.3001837204E+00
Rho =  2.8747376922E-01
DelSqRho = -1.1203223624E+00
GradDelSqRho = -1.8318679906E-15 -7.7715611724E-16  2.0539125956E-15
HessDelSqRho_EigVals = -9.0186875241E+00  8.4643202652E+00  8.5545148294E+00
HessDelSqRho_EigVec1 = -8.6232736772E-02  9.9122314485E-02  9.9133177185E-01
HessDelSqRho_EigVec2 =  9.7693385270E-01 -1.8670100247E-01  1.0364836290E-01
HessDelSqRho_EigVec3 = -1.9535650121E-01 -9.7740344917E-01  8.0736206177E-02
</CP of DelSqRho>
<CP of DelSqRho>
CP# = 6       
Type = (3,-3)
Coords =  3.17349305457630E+00 -2.83443320697614E-01 -2.73851267615484E-01
DistFromNuc =  2.2344267934E-01
Rho =  9.2475130653E+00
DelSqRho =  2.8474234744E+02
GradDelSqRho =  6.2518878963E-12  1.0240697179E-12 -5.0093262871E-13
HessDelSqRho_EigVals = -6.0174030538E+04 -1.6465339313E+02 -1.6317200500E+02
HessDelSqRho_EigVec1 =  9.7117668870E-01 -1.0171166464E-01 -2.1557035185E-01
HessDelSqRho_EigVec2 = -4.9760087025E-02  7.9794777716E-01 -6.0066902589E-01
HessDelSqRho_EigVec3 =  2.3310892960E-01  5.9408255504E-01  7.6988709869E-01
</CP of DelSqRho>
<CP of DelSqRho>
CP# = 7       
Type = (3,-3)
Coords =  2.73442211712722E+00 -2.52476356523849E-01 -1.95593777147139E-01
DistFromNuc =  2.2424649449E-01
Rho =  9.2037813491E+00
DelSqRho =  2.8075732423E+02
GradDelSqRho = -9.6349594969E-12  4.4941828037E-13  8.9883656074E-13
HessDelSqRho_EigVals = -5.8036167695E+04 -4.8969329289E+01 -4.4041963397E+01
HessDelSqRho_EigVec1 =  9.9028754659E-01 -3.6690765265E-02 -1.3410578960E-01
HessDelSqRho_EigVec2 =  1.1762170553E-01 -2.9321199560E-01  9.4878441177E-01
HessDelSqRho_EigVec3 =  7.4133052329E-02  9.5534313908E-01  2.8604855737E-01
</CP of DelSqRho>
<CP of DelSqRho>
CP# = 8       
Type = (3,-1)
Coords =  2.92414634114644E+00 -2.51933994444455E-01 -4.10132383452788E-03
DistFromNuc =  2.2412253148E-01
Rho =  9.2228385296E+00
DelSqRho =  2.7984951010E+02
GradDelSqRho = -2.6183499813E-12  4.6185277824E-13  5.9827698351E-12
HessDelSqRho_EigVals = -5.8166593344E+04 -2.1634247827E+01  7.3930214598E+01
HessDelSqRho_EigVec1 = -1.4284424161E-01  3.9000941617E-02  9.8897646544E-01
HessDelSqRho_EigVec2 =  7.0183699689E-02  9.9710707230E-01 -2.9184493631E-02
HessDelSqRho_EigVec3 =  9.8725365076E-01 -6.5241190390E-02  1.4516823392E-01
</CP of DelSqRho>
<CP of DelSqRho>
CP# = 9       
Type = (3,+1)
Coords =  2.93299914593597E+00 -6.71951701209842E-02 -1.15248914281874E-01
DistFromNuc =  2.2407344495E-01
Rho =  9.2313562415E+00
DelSqRho =  2.7959250046E+02
GradDelSqRho = -9.2370555649E-14 -8.4838802650E-12 -4.8103743211E-12
HessDelSqRho_EigVals = -5.8296433896E+04  2.7985920550E+01  9.3018863396E+01
HessDelSqRho_EigVec1 = -1.0310212673E-01  8.6404636252E-01  4.9274114389E-01
HessDelSqRho_EigVec2 =  1.1030786127E-01 -4.8239312092E-01  8.6898161812E-01
HessDelSqRho_EigVec3 =  9.8853534444E-01  1.4394707466E-01 -4.5575349605E-02
</CP of DelSqRho>
<CP of DelSqRho>
CP# = 10      
Type = (3,+1)
Coords =  2.90977342614829E+00 -4.11719173578631E-01 -6.69009013887300E-02
DistFromNuc =  2.2404697248E-01
Rho =  9.2328687667E+00
DelSqRho =  2.7971301972E+02
GradDelSqRho =  1.3677947663E-13  5.3734794392E-12  5.3290705182E-13
HessDelSqRho_EigVals = -5.8365688384E+04  2.4847321334E+01  9.0197738125E+01
HessDelSqRho_EigVec1 = -2.0685787541E-01 -6.7460014455E-01  7.0860741201E-01
HessDelSqRho_EigVec2 =  1.5762721879E-01  6.9183130530E-01  7.0464395613E-01
HessDelSqRho_EigVec3 =  9.6558970545E-01 -2.5745696726E-01  3.6775409377E-02
</CP of DelSqRho>
<CP of DelSqRho>
CP# = 11      
Type = (3,-1)
Coords =  2.86725564950580E+00 -9.76800142042000E-02 -3.50877339280475E-01
DistFromNuc =  2.2409050427E-01
Rho =  9.2250853194E+00
DelSqRho =  2.7997959194E+02
GradDelSqRho =  2.7164936967E-12 -9.3436369752E-13  3.4177105590E-12
HessDelSqRho_EigVals = -5.8250427970E+04 -2.2781904698E+01  7.1218153023E+01
HessDelSqRho_EigVec1 = -3.9686109753E-01  7.2770966608E-01 -5.5941032450E-01
HessDelSqRho_EigVec2 =  1.8455330112E-01  6.6027625816E-01  7.2799405352E-01
HessDelSqRho_EigVec3 =  8.9913366543E-01  1.8567149701E-01 -3.9633918162E-01
</CP of DelSqRho>
<CP of DelSqRho>
CP# = 12      
Type = (3,+1)
Coords =  2.85061547907830E+00 -2.46436383263573E-01 -4.22605986392921E-01
DistFromNuc =  2.2401575349E-01
Rho =  9.2348907853E+00
DelSqRho =  2.7985710958E+02
GradDelSqRho =  9.6331831401E-12 -1.6733281427E-12 -1.2860823517E-12
HessDelSqRho_EigVals = -5.8450555144E+04  2.2484829060E+01  8.6957238741E+01
HessDelSqRho_EigVec1 =  4.7103932884E-01 -6.3500462867E-02  8.7982364250E-01
HessDelSqRho_EigVec2 =  6.9552127507E-02  9.9697397087E-01  3.4718913747E-02
HessDelSqRho_EigVec3 =  8.7936593762E-01 -4.4839632338E-02 -4.7403054240E-01
</CP of DelSqRho>
<CP of DelSqRho>
CP# = 13      
Type = (3,-1)
Coords =  2.84160292816896E+00 -4.35133069462141E-01 -3.06897164589133E-01
DistFromNuc =  2.2406553475E-01
Rho =  9.2259673200E+00
DelSqRho =  2.8015197032E+02
GradDelSqRho =  1.7799095531E-12 -1.6555645743E-12  1.0067502387E-12
HessDelSqRho_EigVals = -5.8321710094E+04 -2.9758822662E+01  6.4771814240E+01
HessDelSqRho_EigVec1 =  5.1140481970E-01  7.7890233363E-01  3.6301000682E-01
HessDelSqRho_EigVec2 =  1.2303903299E-01 -4.8444485594E-01  8.6612619052E-01
HessDelSqRho_EigVec3 = -8.5048604148E-01  3.9827670810E-01  3.4358282413E-01
</CP of DelSqRho>
<CP of DelSqRho>
CP# = 14      
Type = (3,-1)
Coords =  3.99455638847296E+00 -3.56015812719497E-01 -4.42116928364889E-01
DistFromNuc =  1.0646626812E+00
Rho =  1.5390891874E-01
DelSqRho =  9.7522264634E-02
GradDelSqRho =  2.6768587347E-12  5.2069459855E-14  2.8739510771E-13
HessDelSqRho_EigVals = -1.1873683756E+00 -1.1257280380E+00  7.1740319643E+00
HessDelSqRho_EigVec1 =  8.3069802122E-02  9.9579371745E-01 -3.8655921549E-02
HessDelSqRho_EigVec2 =  2.0548335198E-01  2.0840649301E-02  9.7843868454E-01
HessDelSqRho_EigVec3 =  9.7512870947E-01 -8.9221856247E-02 -2.0288780233E-01
</CP of DelSqRho>
<CP of DelSqRho>
CP# = 15      
Type = (3,-1)
Coords =  2.41542695739509E+00 -1.08889884891632E+00 -5.35923181404604E-01
DistFromNuc =  1.0367435911E+00
Rho =  1.7221708763E-01
DelSqRho =  5.3537546712E-02
GradDelSqRho = -3.8857805862E-16 -1.9428902931E-16 -1.1102230246E-16
HessDelSqRho_EigVals = -1.4836902202E+00 -1.4357864669E+00  9.2862531782E+00
HessDelSqRho_EigVec1 =  6.8975688918E-01 -5.8826959321E-01  4.2210700011E-01
HessDelSqRho_EigVec2 = -5.2188067385E-01  1.6027316049E-04  8.5301848548E-01
HessDelSqRho_EigVec3 =  5.0187248987E-01  8.0866486261E-01  3.0689598219E-01
</CP of DelSqRho>
<CP of DelSqRho>
CP# = 16      
Type = (3,-1)
Coords =  2.54562832496583E+00  5.75774725271625E-01 -6.80657679368373E-01
DistFromNuc =  1.0370783237E+00
Rho =  1.7291435325E-01
DelSqRho =  5.1039243976E-02
GradDelSqRho =  3.3306690739E-16  2.2204460493E-16  1.8873791419E-15
HessDelSqRho_EigVals = -1.5162738318E+00 -1.3987247186E+00  9.2795370188E+00
HessDelSqRho_EigVec1 =  7.9203736302E-01  5.3134316843E-01  3.0058485149E-01
HessDelSqRho_EigVec2 = -4.8127322730E-01  2.4055721415E-01  8.4291654830E-01
HessDelSqRho_EigVec3 = -3.7557009501E-01  8.1228484171E-01 -4.4625154303E-01
</CP of DelSqRho>
<CP of DelSqRho>
CP# = 17      
Type = (3,-1)
Coords =  2.79965836424401E+00 -1.52254762020097E-01  7.94023931835464E-01
DistFromNuc =  1.0374039693E+00
Rho =  1.7272509001E-01
DelSqRho =  3.9246466018E-02
GradDelSqRho = -4.5657921888E-15  5.4400928207E-15  9.9920072216E-15
HessDelSqRho_EigVals = -1.4160060659E+00 -1.3361961767E+00  9.2493696005E+00
HessDelSqRho_EigVec1 =  3.2975927593E-01  9.4242117151E-01 -5.5688018666E-02
HessDelSqRho_EigVec2 =  9.3533124518E-01 -3.1813455304E-01  1.5474452482E-01
HessDelSqRho_EigVec3 = -1.2811823344E-01  1.0311518630E-01  9.8638378769E-01
</CP of DelSqRho>
<CP of DelSqRho>
CP# = 18      
Type = (3,+1)
Coords =  3.63397055543461E+00 -2.46098868513467E-01  5.00895657748604E-01
DistFromNuc =  9.9355349986E-01
Rho =  2.0980412192E-01
DelSqRho = -1.7005772620E-01
GradDelSqRho = -2.6645352591E-15  9.9920072216E-16  2.2204460493E-16
HessDelSqRho_EigVals = -3.3437500656E+00  1.2901330709E+00  1.4551943747E+01
HessDelSqRho_EigVec1 =  7.5459768713E-02  9.9312306912E-01 -8.9511970598E-02
HessDelSqRho_EigVec2 =  7.3451339768E-01 -1.1607156184E-01 -6.6859364427E-01
HessDelSqRho_EigVec3 =  6.7438556623E-01  1.5295819898E-02  7.3822093303E-01
</CP of DelSqRho>
<CP of DelSqRho>
CP# = 19      
Type = (3,+1)
Coords =  2.18352600678237E+00 -2.51447480069780E-01 -8.63910360524840E-01
DistFromNuc =  1.0024262737E+00
Rho =  2.0945287144E-01
DelSqRho = -2.1715306537E-01
GradDelSqRho =  1.5859535907E-12  2.4513724384E-13  2.6114665985E-12
HessDelSqRho_EigVals = -3.0083071833E+00  1.5277547397E+00  1.4262478892E+01
HessDelSqRho_EigVec1 = -6.6255204204E-01  1.2050579985E-01  7.3925850945E-01
HessDelSqRho_EigVec2 =  8.2499995017E-02  9.9270877744E-01 -8.7880794394E-02
HessDelSqRho_EigVec3 =  7.4445855654E-01 -2.7632235631E-03  6.6766295553E-01
</CP of DelSqRho>
<CP of DelSqRho>
CP# = 20      
Type = (3,+1)
Coords =  2.38520672164008E+00 -8.42179936321570E-01  3.59732794438265E-01
DistFromNuc =  1.0035808738E+00
Rho =  2.0670249755E-01
DelSqRho = -2.0564192949E-01
GradDelSqRho =  1.1102230246E-15  8.8817841970E-16 -1.7763568394E-15
HessDelSqRho_EigVals = -2.9095697140E+00  1.4260749778E+00  1.4052025467E+01
HessDelSqRho_EigVec1 =  8.1010268032E-01 -5.6338012520E-01  1.6228518681E-01
HessDelSqRho_EigVec2 = -2.3368969865E-01 -5.6414597542E-01 -7.9191441656E-01
HessDelSqRho_EigVec3 =  5.3770137817E-01  6.0360761504E-01 -5.8867229846E-01
</CP of DelSqRho>
<CP of DelSqRho>
CP# = 21      
Type = (3,+1)
Coords =  3.41703820091414E+00  3.88955528415735E-01 -8.16085723472946E-01
DistFromNuc =  9.9134052094E-01
Rho =  2.1211138373E-01
DelSqRho = -1.8203520146E-01
GradDelSqRho = -2.0152768343E-12 -3.0897506775E-12  1.7978951661E-12
HessDelSqRho_EigVals = -3.4223252150E+00  1.3830933376E+00  1.4859764554E+01
HessDelSqRho_EigVec1 = -2.2925932893E-01 -5.6151610358E-01 -7.9507221403E-01
HessDelSqRho_EigVec2 =  8.6072053087E-01 -4.9838461217E-01  1.0379280367E-01
HessDelSqRho_EigVec3 =  4.5453308773E-01  6.6053950962E-01 -5.9756776050E-01
</CP of DelSqRho>
<CP of DelSqRho>
CP# = 22      
Type = (3,+1)
Coords =  3.30839617071995E+00 -1.06471917068517E+00 -6.84411896351257E-01
DistFromNuc =  9.9027672794E-01
Rho =  2.1274884553E-01
DelSqRho = -1.8549946928E-01
GradDelSqRho = -1.6719958751E-13  2.8016478026E-13  1.2972678487E-12
HessDelSqRho_EigVals = -3.4436470300E+00  1.4071500851E+00  1.4980394904E+01
HessDelSqRho_EigVec1 =  1.5298951687E-01 -4.3862648538E-01  8.8555124869E-01
HessDelSqRho_EigVec2 =  9.2643938084E-01  3.7554774302E-01  2.5960861512E-02
HessDelSqRho_EigVec3 = -3.4395389422E-01  8.1643781088E-01  4.6381571730E-01
</CP of DelSqRho>
<CP of DelSqRho>
CP# = 23      
Type = (3,+1)
Coords =  2.48789239032249E+00  4.98062670037323E-01  2.36537376994665E-01
DistFromNuc =  1.0044983862E+00
Rho =  2.0639554421E-01
DelSqRho = -1.9739412379E-01
GradDelSqRho =  7.7684039756E-13 -4.2188474936E-15 -6.2061467077E-14
HessDelSqRho_EigVals = -2.9730975705E+00  1.3871196749E+00  1.3950075933E+01
HessDelSqRho_EigVec1 =  8.8859964324E-01  4.5301958591E-01  7.1860481549E-02
HessDelSqRho_EigVec2 =  1.5349356749E-01 -4.4132275761E-01  8.8412326536E-01
HessDelSqRho_EigVec3 = -4.3223882145E-01  7.7460149651E-01  4.6169483735E-01
</CP of DelSqRho>
<CP of DelSqRho>
CP# = 24      
Type = (3,+3)
Coords =  3.43647248177719E+00  6.13192429172434E-01  1.11964407132154E-01
DistFromNuc =  1.0526892720E+00
Rho =  3.0007185794E-01
DelSqRho = -1.2078478254E+00
GradDelSqRho = -4.6712633761E-14 -8.2656104183E-14 -3.0531133177E-14
HessDelSqRho_EigVals =  7.2829792786E+00  7.3656051065E+00  8.2338193324E+00
HessDelSqRho_EigVec1 =  7.1280078724E-01  7.9336688963E-02 -6.9686492773E-01
HessDelSqRho_EigVec2 =  6.4228277343E-01 -4.7298725490E-01  6.0312179173E-01
HessDelSqRho_EigVec3 =  2.8175854321E-01  8.7749002643E-01  3.8810227627E-01
</CP of DelSqRho>
<CP of DelSqRho>
CP# = 25      
Type = (3,+3)
Coords =  3.30201117651939E+00 -1.12184007554896E+00  2.67770489775746E-01
DistFromNuc =  1.0509093674E+00
Rho =  3.0073146357E-01
DelSqRho = -1.2125257824E+00
GradDelSqRho = -1.8318679906E-15 -3.3306690739E-16 -1.0408340856E-15
HessDelSqRho_EigVals =  7.2959610263E+00  7.3986145297E+00  8.3170957495E+00
HessDelSqRho_EigVec1 =  6.9873884470E-01 -2.7999826792E-01 -6.5830463834E-01
HessDelSqRho_EigVec2 =  6.9437034709E-01  4.8681821866E-01  5.2996022781E-01
HessDelSqRho_EigVec3 = -1.7208674552E-01  8.2741101754E-01 -5.3458129417E-01
</CP of DelSqRho>
<CP of DelSqRho>
CP# = 26      
Type = (3,+3)
Coords =  3.03688264069649E+00 -3.62272782397279E-01 -1.26832124999047E+00
DistFromNuc =  1.0506307371E+00
Rho =  3.0012611838E-01
DelSqRho = -1.2054373287E+00
GradDelSqRho = -8.2378548427E-14  1.1690648449E-13  1.1888268148E-12
HessDelSqRho_EigVals =  7.2682253395E+00  7.3406738103E+00  8.2884724067E+00
HessDelSqRho_EigVec1 =  9.6190511198E-01 -2.7222864408E-01 -2.5102208973E-02
HessDelSqRho_EigVec2 =  2.6887992493E-01  9.5866041250E-01 -9.3133235020E-02
HessDelSqRho_EigVec3 =  4.9418028297E-02  8.2835854796E-02  9.9533716882E-01
</CP of DelSqRho>
<CP of DelSqRho>
CP# = 27      
Type = (3,+3)
Coords =  1.95181885335084E+00 -1.61320163591123E-01 -2.14610886231507E-02
DistFromNuc =  1.0300248237E+00
Rho =  2.4556206094E-01
DelSqRho = -7.0243655855E-01
GradDelSqRho =  2.6645352591E-15 -5.5511151231E-17 -8.3266726847E-17
HessDelSqRho_EigVals =  3.2046228495E+00  3.3510161690E+00  1.1973603695E+01
HessDelSqRho_EigVec1 =  1.9445495528E-01 -9.5626731243E-02  9.7623910936E-01
HessDelSqRho_EigVec2 =  1.0919478781E-01  9.9116126944E-01  7.5338146205E-02
HessDelSqRho_EigVec3 =  9.7481473557E-01 -9.1950346543E-02 -2.0317816096E-01
</CP of DelSqRho>
<CP of DelSqRho>
CP# = 28      
Type = (3,-1)
Coords =  4.20731646952935E+00 -2.59158071964455E-01  7.47072977038930E-01
DistFromNuc =  1.5845750612E+00
Rho =  8.3687019613E-02
DelSqRho =  1.7680743424E-01
GradDelSqRho = -1.0060528799E-14  3.4867941867E-16 -8.6870614868E-15
HessDelSqRho_EigVals = -1.6671840804E+00 -8.4523169900E-02  1.5519127353E-02
HessDelSqRho_EigVec1 =  8.1321046751E-01 -1.5026131130E-02  5.8177568781E-01
HessDelSqRho_EigVec2 =  7.0250657636E-02  9.9489118934E-01 -7.2500803233E-02
HessDelSqRho_EigVec3 = -5.7771409940E-01  9.9828536756E-02  8.1011152480E-01
</CP of DelSqRho>
<CP of DelSqRho>
CP# = 29      
Type = (3,-3)
Coords =  4.37482460733440E+00 -3.76763653876352E-01 -5.01170560163908E-01
DistFromNuc =  1.4494942633E+00
Rho =  7.9143712069E-02
DelSqRho =  1.8985023813E-01
GradDelSqRho =  9.7144514655E-17  9.0205620751E-17 -2.1857515797E-16
HessDelSqRho_EigVals = -1.6354776785E+00 -7.1349403678E-02 -6.7760375265E-02
HessDelSqRho_EigVec1 =  9.7550500878E-01 -8.8811494734E-02 -2.0125231986E-01
HessDelSqRho_EigVec2 =  8.8606731243E-02 -6.7873803885E-01  7.2901544688E-01
HessDelSqRho_EigVec3 =  2.0134255642E-01  7.2899053013E-01  6.5424306030E-01
</CP of DelSqRho>
<CP of DelSqRho>
CP# = 30      
Type = (3,-1)
Coords =  3.99902205079754E+00  5.60711667765993E-01 -1.08516002802385E+00
DistFromNuc =  1.5812404269E+00
Rho =  8.3238531942E-02
DelSqRho =  1.7661906586E-01
GradDelSqRho =  3.8719027984E-15  1.9428902931E-15 -2.8171909250E-15
HessDelSqRho_EigVals = -1.6683782795E+00 -8.0831255417E-02  2.3033899579E-02
HessDelSqRho_EigVec1 =  7.0438609501E-01  4.6028794495E-01 -5.4034732986E-01
HessDelSqRho_EigVec2 =  2.1457564426E-01  5.8755366669E-01  7.8021662482E-01
HessDelSqRho_EigVec3 =  6.7660736180E-01 -6.6551911805E-01  3.1509805055E-01
</CP of DelSqRho>
<CP of DelSqRho>
CP# = 31      
Type = (3,-1)
Coords =  1.81538794699560E+00 -2.17555807546317E-01 -1.44003202130129E+00
DistFromNuc =  1.6669007878E+00
Rho =  8.4613863354E-02
DelSqRho =  1.6800428907E-01
GradDelSqRho =  1.0325074129E-14  4.1806835771E-15  7.0082828429E-15
HessDelSqRho_EigVals = -1.2957525007E+00 -3.7778535242E-01  7.2298954124E-02
HessDelSqRho_EigVec1 =  8.0144313131E-01 -6.5974604813E-02  5.9442094411E-01
HessDelSqRho_EigVec2 = -5.8474609264E-01  1.2219191406E-01  8.0196081156E-01
HessDelSqRho_EigVec3 =  1.2554248054E-01  9.9031130846E-01 -5.9351477849E-02
</CP of DelSqRho>
<CP of DelSqRho>
CP# = 32      
Type = (3,-3)
Coords =  2.20462213081282E+00 -1.46178053240199E+00 -6.70146457188089E-01
DistFromNuc =  1.4850388613E+00
Rho =  8.0369449640E-02
DelSqRho =  2.0630370395E-01
GradDelSqRho =  2.2204460493E-16  2.0816681712E-16 -4.1633363423E-17
HessDelSqRho_EigVals = -1.7722243587E+00 -1.4344841595E-01 -8.0521108638E-02
HessDelSqRho_EigVec1 =  4.7413431653E-01  8.2165493255E-01  3.1635395003E-01
HessDelSqRho_EigVec2 = -8.5677289463E-01  3.4780015552E-01  3.8075616719E-01
HessDelSqRho_EigVec3 =  2.0282222985E-01 -4.5157305459E-01  8.6887566398E-01
</CP of DelSqRho>
<CP of DelSqRho>
CP# = 33      
Type = (3,-1)
Coords =  2.22810017138855E+00 -1.27546161784801E+00  8.61694430948920E-01
DistFromNuc =  1.6560955181E+00
Rho =  8.3916027248E-02
DelSqRho =  1.6556723483E-01
GradDelSqRho =  6.9388939039E-17  1.3877787808E-17  1.8041124150E-16
HessDelSqRho_EigVals = -1.3487890360E+00 -3.3653230696E-01  6.5350596219E-02
HessDelSqRho_EigVec1 =  5.8844289404E-01  4.7731693542E-01 -6.5261282827E-01
HessDelSqRho_EigVec2 =  7.4889472744E-01 -6.2601680398E-01  2.1739284335E-01
HessDelSqRho_EigVec3 =  3.0478131122E-01  6.1666158003E-01  7.2583527611E-01
</CP of DelSqRho>
<CP of DelSqRho>
CP# = 34      
Type = (3,-3)
Coords =  2.78729217483883E+00 -9.62941604357541E-02  1.24577725551366E+00
DistFromNuc =  1.4902762273E+00
Rho =  8.0913538192E-02
DelSqRho =  1.9363706299E-01
GradDelSqRho = -1.8735013541E-16  5.8980598183E-17 -1.2490009027E-16
HessDelSqRho_EigVals = -1.7302380615E+00 -1.1279041420E-01 -7.3002596872E-02
HessDelSqRho_EigVec1 = -9.7062148912E-02  1.0172515197E-01  9.9006612542E-01
HessDelSqRho_EigVec2 =  9.9478543178E-01  4.1218443878E-02  9.3289788305E-02
HessDelSqRho_EigVec3 = -3.1319067133E-02  9.9395826539E-01 -1.0519544996E-01
</CP of DelSqRho>
<CP of DelSqRho>
CP# = 35      
Type = (3,-1)
Coords =  3.88240837960858E+00 -1.33818037979267E+00 -9.14079702256726E-01
DistFromNuc =  1.5786349566E+00
Rho =  8.3034337340E-02
DelSqRho =  1.7629595994E-01
GradDelSqRho =  2.8819308051E-13 -5.6682436522E-13 -3.2042771214E-13
HessDelSqRho_EigVals = -1.6712581743E+00 -7.4200588286E-02  2.6150775279E-02
HessDelSqRho_EigVec1 =  6.4664159760E-01 -6.3175152997E-01 -4.2748643092E-01
HessDelSqRho_EigVec2 =  1.5155798561E-01 -4.4284064004E-01  8.8369810712E-01
HessDelSqRho_EigVec3 = -7.4758599589E-01 -6.3622493813E-01 -1.9061218967E-01
</CP of DelSqRho>
<CP of DelSqRho>
CP# = 36      
Type = (3,-1)
Coords =  2.38613933839770E+00  1.00913443655660E+00  6.62087144930052E-01
DistFromNuc =  1.6510696039E+00
Rho =  8.3993017228E-02
DelSqRho =  1.6943139085E-01
GradDelSqRho =  6.8989952640E-15 -9.5977913117E-15 -1.0273032425E-14
HessDelSqRho_EigVals = -1.3409448452E+00 -3.1842225163E-01  5.8913330364E-02
HessDelSqRho_EigVec1 = -4.6455500334E-01  6.8221355070E-01  5.6460014179E-01
HessDelSqRho_EigVec2 = -8.5593278994E-01 -5.0941756902E-01 -8.8728797302E-02
HessDelSqRho_EigVec3 =  2.2708524384E-01 -5.2447918129E-01  8.2058142827E-01
</CP of DelSqRho>
<CP of DelSqRho>
CP# = 37      
Type = (3,-3)
Coords =  2.38338242704644E+00  9.70580215764257E-01 -8.36079488789406E-01
DistFromNuc =  1.4890055001E+00
Rho =  8.0862031903E-02
DelSqRho =  2.0485696975E-01
GradDelSqRho =  1.3877787808E-16 -1.8041124150E-16 -1.5872719805E-16
HessDelSqRho_EigVals = -1.7560608316E+00 -1.5007001494E-01 -8.5860105251E-02
HessDelSqRho_EigVec1 = -3.4542779483E-01  8.2218889951E-01 -4.5242132143E-01
HessDelSqRho_EigVec2 = -9.2662662722E-01 -2.2255344575E-01  3.0303969627E-01
HessDelSqRho_EigVec3 =  1.4846795037E-01  5.2390397718E-01  8.3873827289E-01
</CP of DelSqRho>
<CP of DelSqRho>
CP# = 38      
Type = (3,-1)
Coords =  1.26623211561388E+00 -1.26849738610804E+00 -4.49771389725296E-01
DistFromNuc =  1.9805927315E+00
Rho =  6.2223335323E-02
DelSqRho =  1.6147918492E-01
GradDelSqRho = -9.7144514655E-17 -3.4694469520E-17 -5.3776427755E-17
HessDelSqRho_EigVals = -6.3833164232E-01 -8.1901849591E-02  3.3471368645E-01
HessDelSqRho_EigVec1 = -7.0150581295E-02  9.0136879009E-01  4.2733265753E-01
HessDelSqRho_EigVec2 =  1.4800047814E-01 -4.1424227368E-01  8.9805300354E-01
HessDelSqRho_EigVec3 =  9.8649620091E-01  1.2624437787E-01 -1.0434367562E-01
</CP of DelSqRho>
<Path of -GradDelSqRho>
Starting CP# =      2
Ending CP# =     27
Number of Points =     19
  1.4940289006E+00 -1.0930024143E-01  6.2739490215E-02  2.1354920772E-01 -4.4540034599E-01
  1.5184452186E+00 -1.1194247274E-01  5.8063805794E-02  2.1389391209E-01 -4.4672468977E-01
  1.5428617095E+00 -1.1458184895E-01  5.3387410970E-02  2.1442004077E-01 -4.5066045680E-01
  1.5672783719E+00 -1.1721890610E-01  4.8710603871E-02  2.1512672689E-01 -4.5713811592E-01
  1.5916952121E+00 -1.1985420717E-01  4.4033735080E-02  2.1601184820E-01 -4.6606756654E-01
  1.6161122450E+00 -1.2248835484E-01  3.9357222195E-02  2.1707206055E-01 -4.7733431226E-01
  1.6405294960E+00 -1.2512200828E-01  3.4681570007E-02  2.1830284119E-01 -4.9079470728E-01
  1.6649470041E+00 -1.2775590669E-01  3.0007398983E-02  2.1969854523E-01 -5.0627036006E-01
  1.6893648260E+00 -1.3039090287E-01  2.5335486244E-02  2.2125247955E-01 -5.2354176579E-01
  1.7137830418E+00 -1.3302801276E-01  2.0666826033E-02  2.2295699924E-01 -5.4234122090E-01
  1.7382017642E+00 -1.3566849073E-01  1.6002721824E-02  2.2480363188E-01 -5.6234504223E-01
  1.7626211528E+00 -1.3831394865E-01  1.1344932278E-02  2.2678323625E-01 -5.8316506383E-01
  1.7870414375E+00 -1.4096655375E-01  6.6959141497E-03  2.2888620254E-01 -6.0433929850E-01
  1.8114629588E+00 -1.4362937795E-01  2.0592523026E-03  2.3110270196E-01 -6.2532150266E-01
  1.8358862448E+00 -1.4630706617E-01 -2.5595157525E-03  2.3342299453E-01 -6.4546912828E-01
  1.8603121693E+00 -1.4900725871E-01 -7.1511398885E-03  2.3583780416E-01 -6.6402871614E-01
  1.8847423281E+00 -1.5174411748E-01 -1.1698279326E-02  2.3833876610E-01 -6.8011708984E-01
  1.9091801412E+00 -1.5454945157E-01 -1.6161621793E-02  2.4091892311E-01 -6.9269565793E-01
  1.9518188534E+00 -1.6132016359E-01 -2.1461088623E-02  2.4556206094E-01 -7.0243655855E-01
</Path of -GradDelSqRho>
<Path of -GradDelSqRho>
Starting CP# =      2
Ending CP# =      0
Number of Points =     22
  1.4940289006E+00 -1.0930024143E-01  6.2739490215E-02  2.1354920772E-01 -4.4540034599E-01
  1.4696127572E+00 -1.0665474796E-01  6.7414242312E-02  2.1338551227E-01 -4.4673919251E-01
  1.4451968069E+00 -1.0400539123E-01  7.2087814365E-02  2.1340110670E-01 -4.5077691544E-01
  1.4207810683E+00 -1.0135166345E-01  7.6760012755E-02  2.1359294950E-01 -4.5753357231E-01
  1.3963655662E+00 -9.8693050542E-02  8.1430669294E-02  2.1395666146E-01 -4.6701269851E-01
  1.3719503317E+00 -9.6029023086E-02  8.6099638860E-02  2.1448651389E-01 -4.7919894545E-01
  1.3475354033E+00 -9.3359024663E-02  9.0766798079E-02  2.1517542171E-01 -4.9405412291E-01
  1.3231208288E+00 -9.0682456220E-02  9.5432044958E-02  2.1601494412E-01 -5.1151151473E-01
  1.2987066677E+00 -8.7998654437E-02  1.0009529938E-01  2.1699529651E-01 -5.3146833836E-01
  1.2742929951E+00 -8.5306860954E-02  1.0475650453E-01  2.1810537869E-01 -5.5377622732E-01
  1.2498799073E+00 -8.2606177571E-02  1.0941562934E-01  2.1933282587E-01 -5.7822963231E-01
  1.2254675300E+00 -7.9895499295E-02  1.1407267249E-01  2.2066409063E-01 -6.0455206382E-01
  1.2010560321E+00 -7.7173411000E-02  1.1872766859E-01  2.2208456532E-01 -6.3238013497E-01
  1.1766456461E+00 -7.4438021321E-02  1.2338069829E-01  2.2357875676E-01 -6.6124540416E-01
  1.1522367057E+00 -7.1686681597E-02  1.2803190555E-01  2.2513052657E-01 -6.9055405373E-01
  1.1278297110E+00 -6.8915477938E-02  1.3268152892E-01  2.2672341294E-01 -7.1956445800E-01
  1.1034254617E+00 -6.6118230828E-02  1.3732996375E-01  2.2834105170E-01 -7.4736266818E-01
  1.0790253542E+00 -6.3284279723E-02  1.4197789988E-01  2.2996771800E-01 -7.7283574171E-01
  1.0546321806E+00 -6.0392663570E-02  1.4662668133E-01  2.3158901413E-01 -7.9464263891E-01
  1.0302530065E+00 -5.7391881809E-02  1.5127953661E-01  2.3319273896E-01 -8.1118211884E-01
  1.0059194108E+00 -5.4069582005E-02  1.5594912394E-01  2.3476996055E-01 -8.2055745574E-01
  9.9333857067E-01 -4.9668746697E-02  1.5858136144E-01  2.3559813573E-01 -8.2188732428E-01
</Path of -GradDelSqRho>
<Path of -GradDelSqRho>
Starting CP# =      3
Ending CP# =      0
Number of Points =     32
  3.5534181619E+00  8.1534338728E-01  1.8790015760E-01  2.8849772170E-01 -1.1258279815E+00
  3.5651366215E+00  8.3599879532E-01  1.9571244402E-01  2.8844136325E-01 -1.1288870894E+00
  3.5768507045E+00  8.5665676278E-01  2.0352452695E-01  2.8867239178E-01 -1.1391245844E+00
  3.5885616911E+00  8.7731675824E-01  2.1133588910E-01  2.8921157701E-01 -1.1582456778E+00
  3.6002705567E+00  8.9797835880E-01  2.1914618547E-01  2.9007826377E-01 -1.1881007014E+00
  3.6119780409E+00  9.1864122555E-01  2.2695520272E-01  2.9128961924E-01 -1.2306581153E+00
  3.6236846963E+00  9.3930508670E-01  2.3476283120E-01  2.9285980068E-01 -1.2879465859E+00
  3.6353909201E+00  9.5996972579E-01  2.4256904759E-01  2.9479907072E-01 -1.3619464464E+00
  3.6470969733E+00  9.8063497390E-01  2.5037390757E-01  2.9711292132E-01 -1.4544007728E+00
  3.6588029856E+00  1.0013007053E+00  2.5817754907E-01  2.9980132517E-01 -1.5665077428E+00
  3.6705089461E+00  1.0219668369E+00  2.6598020839E-01  3.0285832312E-01 -1.6984590943E+00
  3.6822146751E+00  1.0426333316E+00  2.7378225336E-01  3.0627228318E-01 -1.8488237312E+00
  3.6939197674E+00  1.0633002080E+00  2.8158424252E-01  3.1002731822E-01 -2.0138684271E+00
  3.7056234935E+00  1.0839675589E+00  2.8938702432E-01  3.1410647790E-01 -2.1870841328E+00
  3.7173246446E+00  1.1046355820E+00  2.9719188687E-01  3.1849733696E-01 -2.3594431370E+00
  3.7290213919E+00  1.1253046117E+00  3.0500068398E-01  3.2320032834E-01 -2.5211787934E+00
  3.7407117308E+00  1.1459750444E+00  3.1281536112E-01  3.2823943400E-01 -2.6659875401E+00
  3.7523967418E+00  1.1666467266E+00  3.2063470063E-01  3.3367353295E-01 -2.7982548651E+00
  3.7640871422E+00  1.1873176435E+00  3.2844800335E-01  3.3960491279E-01 -2.9429828395E+00
  3.7757965886E+00  1.2079850574E+00  3.3624202587E-01  3.4617960412E-01 -3.1565371683E+00
  3.7875253043E+00  1.2286487501E+00  3.4401692082E-01  3.5357304387E-01 -3.5344809489E+00
  3.7992663198E+00  1.2493099984E+00  3.5177973983E-01  3.6195520192E-01 -4.2112816415E+00
  3.8110143185E+00  1.2699698303E+00  3.5953576118E-01  3.7143265559E-01 -5.3463118495E+00
  3.8227663883E+00  1.2906288236E+00  3.6728784806E-01  3.8197143934E-01 -7.0919737713E+00
  3.8345209994E+00  1.3112872872E+00  3.7503749319E-01  3.9331340618E-01 -9.5437176729E+00
  3.8462773218E+00  1.3319453911E+00  3.8278550104E-01  4.0490859492E-01 -1.2679082901E+01
  3.8580348824E+00  1.3526032331E+00  3.9053232815E-01  4.1589311386E-01 -1.6303435620E+01
  3.8697933935E+00  1.3732608726E+00  3.9827825272E-01  4.2514097594E-01 -2.0029823503E+01
  3.8815526577E+00  1.3939183486E+00  4.0602347013E-01  4.3140394768E-01 -2.3320512093E+01
  3.8933124871E+00  1.4145756935E+00  4.1376817899E-01  4.3352514290E-01 -2.5599621527E+01
  3.9050723247E+00  1.4352329848E+00  4.2151301818E-01  4.3067813873E-01 -2.6411527989E+01
  3.9044841912E+00  1.4342001403E+00  4.2112593766E-01  4.3094558541E-01 -2.6410036043E+01
</Path of -GradDelSqRho>
<Path of -GradDelSqRho>
Starting CP# =      3
Ending CP# =     24
Number of Points =     10
  3.5534181619E+00  8.1534338728E-01  1.8790015760E-01  2.8849772170E-01 -1.1258279815E+00
  3.5416938226E+00  7.9469112137E-01  1.8008838594E-01  2.8881993803E-01 -1.1283951030E+00
  3.5299612443E+00  7.7404294217E-01  1.7227818157E-01  2.8938630783E-01 -1.1351850879E+00
  3.5182173972E+00  7.5340001189E-01  1.6447103964E-01  2.9017546078E-01 -1.1449308760E+00
  3.5064580457E+00  7.3276393821E-01  1.5666911177E-01  2.9116681338E-01 -1.1564833951E+00
  3.4946770125E+00  7.1213705875E-01  1.4887558703E-01  2.9234098094E-01 -1.1687888838E+00
  3.4828647205E+00  6.9152301077E-01  1.4109544412E-01  2.9368016901E-01 -1.1808626520E+00
  3.4710049151E+00  6.7092802477E-01  1.3333714777E-01  2.9516856637E-01 -1.1917593929E+00
  3.4590657015E+00  6.5036450777E-01  1.2561732525E-01  2.9679276327E-01 -1.2005392662E+00
  3.4364724818E+00  6.1319242917E-01  1.1196440713E-01  3.0007185794E-01 -1.2078478254E+00
</Path of -GradDelSqRho>
<Path of -GradDelSqRho>
Starting CP# =      4
Ending CP# =     25
Number of Points =     10
  3.3877228412E+00 -1.3240108804E+00  3.8073511031E-01  2.8869182338E-01 -1.1288216102E+00
  3.3792314666E+00 -1.3035130162E+00  3.6921408108E-01  2.8904955657E-01 -1.1314124101E+00
  3.3707303440E+00 -1.2830183898E+00  3.5769448068E-01  2.8965168595E-01 -1.1382706330E+00
  3.3622164932E+00 -1.2625273833E+00  3.4617784165E-01  2.9047686010E-01 -1.1481247308E+00
  3.3536858004E+00 -1.2420404792E+00  3.3466636896E-01  2.9150449779E-01 -1.1598209997E+00
  3.3451323207E+00 -1.2215583420E+00  3.2316332706E-01  2.9271520339E-01 -1.1723011625E+00
  3.3365468982E+00 -1.2010819861E+00  3.1167380053E-01  2.9409116148E-01 -1.1845763379E+00
  3.3279140843E+00 -1.1806131595E+00  3.0020639871E-01  2.9561653316E-01 -1.1956975023E+00
  3.3192038067E+00 -1.1601554122E+00  2.8877790214E-01  2.9727787866E-01 -1.2047216509E+00
  3.3020111765E+00 -1.1218400755E+00  2.6777048978E-01  3.0073146357E-01 -1.2125257824E+00
</Path of -GradDelSqRho>
<Path of -GradDelSqRho>
Starting CP# =      4
Ending CP# =      0
Number of Points =     32
  3.3877228412E+00 -1.3240108804E+00  3.8073511031E-01  2.8869182338E-01 -1.1288216102E+00
  3.3962068678E+00 -1.3445115872E+00  3.9225649509E-01  2.8860015184E-01 -1.1319056266E+00
  3.4046850467E+00 -1.3650149281E+00  4.0377749736E-01  2.8879600888E-01 -1.1422198007E+00
  3.4131587202E+00 -1.3855206419E+00  4.1529759098E-01  2.8930007553E-01 -1.1614712059E+00
  3.4216289443E+00 -1.4060284866E+00  4.2681642813E-01  2.9013157885E-01 -1.1915100815E+00
  3.4300965529E+00 -1.4265382356E+00  4.3833379759E-01  2.9130753739E-01 -1.2343019444E+00
  3.4385622026E+00 -1.4470496752E+00  4.4984959627E-01  2.9284192842E-01 -1.2918683146E+00
  3.4470264042E+00 -1.4675626012E+00  4.6136381167E-01  2.9474480511E-01 -1.3661761048E+00
  3.4554895435E+00 -1.4880768142E+00  4.7287651495E-01  2.9702142605E-01 -1.4589456348E+00
  3.4639518927E+00 -1.5085921123E+00  4.8438786547E-01  2.9967151831E-01 -1.5713389065E+00
  3.4724136119E+00 -1.5291082801E+00  4.9589812900E-01  3.0268888584E-01 -1.7034936596E+00
  3.4808747397E+00 -1.5496250722E+00  5.0740771462E-01  3.0606170310E-01 -1.8539044968E+00
  3.4893351669E+00 -1.5701421869E+00  5.1891724008E-01  3.0977398453E-01 -2.0187476769E+00
  3.4977945873E+00 -1.5906592256E+00  5.3042764084E-01  3.1380884685E-01 -2.1914254186E+00
  3.5062524181E+00 -1.6111756340E+00  5.4194033321E-01  3.1815417941E-01 -2.3628635306E+00
  3.5147077294E+00 -1.6316906579E+00  5.5345734244E-01  3.2281105223E-01 -2.5233594195E+00
  3.5231595038E+00 -1.6522035567E+00  5.6498073118E-01  3.2780443757E-01 -2.6668747450E+00
  3.5316084448E+00 -1.6727149397E+00  5.7650889496E-01  3.3319449149E-01 -2.7983499435E+00
  3.5400604201E+00 -1.6932291320E+00  5.8802983237E-01  3.3908484133E-01 -2.9436717307E+00
  3.5485225272E+00 -1.7137510382E+00  5.9952957343E-01  3.4562249211E-01 -3.1603511340E+00
  3.5569946652E+00 -1.7342802480E+00  6.1100887630E-01  3.5298287022E-01 -3.5451263299E+00
  3.5654731623E+00 -1.7548139647E+00  6.2247541681E-01  3.6133423838E-01 -4.2332586809E+00
  3.5739552759E+00 -1.7753501898E+00  6.3393478878E-01  3.7077915249E-01 -5.3839810591E+00
  3.5824395089E+00 -1.7958878564E+00  6.4539000766E-01  3.8127706083E-01 -7.1480410030E+00
  3.5909250748E+00 -1.8164264125E+00  6.5684264427E-01  3.9256109794E-01 -9.6173171164E+00
  3.5994115478E+00 -1.8369655614E+00  6.6829354548E-01  4.0407181917E-01 -1.2763949487E+01
  3.6078986876E+00 -1.8575051341E+00  6.7974319218E-01  4.1493741647E-01 -1.6386999450E+01
  3.6163863552E+00 -1.8780450246E+00  6.9119187755E-01  4.2402847807E-01 -2.0094191368E+01
  3.6248744698E+00 -1.8985851512E+00  7.0263980793E-01  4.3010049524E-01 -2.3345895191E+01
  3.6333629889E+00 -1.9191254133E+00  7.1408719532E-01  4.3200867977E-01 -2.5569707625E+01
  3.6418519352E+00 -1.9396652226E+00  7.2553507816E-01  4.2894590148E-01 -2.6319006033E+01
  3.6414274617E+00 -1.9386384261E+00  7.2496235557E-01  4.2922385210E-01 -2.6320633298E+01
</Path of -GradDelSqRho>
<Path of -GradDelSqRho>
Starting CP# =      5
Ending CP# =     26
Number of Points =     10
  3.0600272611E+00 -3.8713771420E-01 -1.5155793498E+00  2.8747376922E-01 -1.1203223624E+00
  3.0578681949E+00 -3.8465994327E-01 -1.4907963097E+00  2.8787250009E-01 -1.1229033258E+00
  3.0557011694E+00 -3.8218263694E-01 -1.4660139178E+00  2.8851522296E-01 -1.1297437966E+00
  3.0535237330E+00 -3.7970553484E-01 -1.4412324182E+00  2.8938078182E-01 -1.1395891309E+00
  3.0513325047E+00 -3.7722824595E-01 -1.4164521531E+00  2.9044876159E-01 -1.1513016234E+00
  3.0491226048E+00 -3.7475017888E-01 -1.3916736244E+00  2.9169989503E-01 -1.1638382445E+00
  3.0468865366E+00 -3.7227040744E-01 -1.3668976148E+00  2.9311644910E-01 -1.1762248662E+00
  3.0446117219E+00 -3.6978737515E-01 -1.3421254616E+00  2.9468261323E-01 -1.1875271196E+00
  3.0422739860E+00 -3.6729811235E-01 -1.3173598001E+00  2.9638491666E-01 -1.1968171527E+00
  3.0368826407E+00 -3.6227278240E-01 -1.2683212500E+00  3.0012611838E-01 -1.2054373287E+00
</Path of -GradDelSqRho>
<Path of -GradDelSqRho>
Starting CP# =      5
Ending CP# =      0
Number of Points =     32
  3.0600272611E+00 -3.8713771420E-01 -1.5155793498E+00  2.8747376922E-01 -1.1203223624E+00
  3.0621803427E+00 -3.8961610106E-01 -1.5403628491E+00  2.8734047967E-01 -1.1233904151E+00
  3.0643286782E+00 -3.9209522380E-01 -1.5651466866E+00  2.8749387015E-01 -1.1336439663E+00
  3.0664733763E+00 -3.9457514089E-01 -1.5899307598E+00  2.8795439063E-01 -1.1527703657E+00
  3.0686153103E+00 -3.9705587452E-01 -1.6147149902E+00  2.8874104367E-01 -1.1825995297E+00
  3.0707551698E+00 -3.9953741919E-01 -1.6394993187E+00  2.8987063959E-01 -1.2250765847E+00
  3.0728934966E+00 -4.0201974741E-01 -1.6642837010E+00  2.9135697353E-01 -1.2822035776E+00
  3.0750307078E+00 -4.0450281258E-01 -1.6890681056E+00  2.9320995188E-01 -1.3559305995E+00
  3.0771671091E+00 -4.0698654888E-01 -1.7138525129E+00  2.9543472955E-01 -1.4479666729E+00
  3.0793028988E+00 -4.0947086764E-01 -1.7386369145E+00  2.9803097715E-01 -1.5594724059E+00
  3.0814381598E+00 -4.1195564922E-01 -1.7634213153E+00  3.0099248677E-01 -1.6905999589E+00
  3.0835728381E+00 -4.1444072847E-01 -1.7882057364E+00  3.0430745159E-01 -1.8398806819E+00
  3.0857066998E+00 -4.1692587037E-01 -1.8129902215E+00  3.0795990392E-01 -2.0035542315E+00
  3.0878392546E+00 -4.1941073003E-01 -1.8377748474E+00  3.1193292279E-01 -2.1751095055E+00
  3.0899696372E+00 -4.2189479339E-01 -1.8625597400E+00  3.1621422373E-01 -2.3455628943E+00
  3.0920964952E+00 -4.2437732879E-01 -1.8873450883E+00  3.2080446521E-01 -2.5052616012E+00
  3.0942183225E+00 -4.2685758207E-01 -1.9121310962E+00  3.2572786760E-01 -2.6481006577E+00
  3.0963359415E+00 -4.2933607978E-01 -1.9369176397E+00  3.3104342903E-01 -2.7787359598E+00
