 AIMInt (Version 19.10.12, Professional)
 Portions Copyright (c) 1997-2019 by Todd A. Keith
 AIMInt is a component of the AIMAll package ( http://aim.tkgristmill.com )

 TP:  64-bit Mac OS X

 AIMInt is a heavily modified and extended version of the PROAIMV program
 developed by members of R.F.W. Bader's research group

 Much of the Quantum Theory of Atoms in Molecules (QTAIM) is described in the book:
   "Atoms in Molecules - A Quantum Theory"
   R.F.W. Bader, Oxford University Press, Oxford, 1990

 For additional references see:  http://aim.tkgristmill.com/references.html

 Current Directory:  /Users/chemlab/Documents/SubstituentCoding/BCP Map Reference/BCPMapReference

 Inp File:  SubH_SMeONH_wb97xd_aug-cc-pvtz_atomicfiles/n3.inp
 Wfx File:  SubH_SMeONH_wb97xd_aug-cc-pvtz.wfx
 Out File:  SubH_SMeONH_wb97xd_aug-cc-pvtz_atomicfiles/n3.int

 Wfx Title:   Title Card Required                                                           
 Job Title:   Title Card Required                                                           
 
<Atom>
N3      
</Atom>
<Nuclei of Molecule>
     9
S1        16.0          -3.1434988843E-01   8.9660891015E-02   4.0370245626E-01
H2         1.0          -2.3631019109E-01   3.2652101305E-01   2.9856064811E+00
N3         7.0          -1.4386824631E+00  -2.4323498442E+00  -4.2205745747E-01
H4         1.0          -3.3386239204E+00  -2.4617868848E+00  -1.7057695053E-01
O5         8.0          -1.2174139355E+00   2.5321971629E+00  -4.8155856779E-01
C6         6.0           2.9564844719E+00  -2.6073336399E-01  -2.2570395359E-01
H7         1.0           3.9075318659E+00   1.4394914477E+00   4.2307753406E-01
H8         1.0           3.6433126701E+00  -1.9431853675E+00   7.2745129649E-01
H9         1.0           3.1248696850E+00  -4.6234267457E-01  -2.2637031951E+00
</Nuclei of Molecule>
<Total Number of CPs of DelSqRho>
    30
</Total Number of CPs of DelSqRho>
<Number of (3,+3) CPs of DelSqRho>
     6
</Number of (3,+3) CPs of DelSqRho>
<Number of (3,+1) CPs of DelSqRho>
    11
</Number of (3,+1) CPs of DelSqRho>
<Number of (3,-1) CPs of DelSqRho>
     9
</Number of (3,-1) CPs of DelSqRho>
<Number of (3,-3) CPs of DelSqRho>
     4
</Number of (3,-3) CPs of DelSqRho>
<Number of Degenerate CPs of DelSqRho>
     0
</Number of Degenerate CPs of DelSqRho>
<CP of DelSqRho>
CP# = 1       
Type = (3,+3)
Coords = -1.43868272077950E+00 -2.43234928601167E+00 -4.22057186397829E-01
DistFromNuc =  6.7190392487E-07
Rho =  1.9631523720E+02
DelSqRho = -1.6603646828E+06
GradDelSqRho = -2.3538523237E-06 -1.0375151760E-07 -1.1852353055E-06
HessDelSqRho_EigVals =  4.9271483681E+10  4.9271484840E+10  4.9271493435E+10
HessDelSqRho_EigVec1 =  1.0463793855E-01 -3.4098107422E-01  9.3422845645E-01
HessDelSqRho_EigVec2 = -5.8461066297E-01  7.3885335349E-01  3.3515085376E-01
HessDelSqRho_EigVec3 =  8.0453792612E-01  5.8122941173E-01  1.2202908006E-01
</CP of DelSqRho>
<CP of DelSqRho>
CP# = 2       
Type = (3,+3)
Coords = -9.24323654463898E-01 -1.04771721494301E+00  3.28778350244187E-02
DistFromNuc =  1.5455544709E+00
Rho =  2.9932958416E-01
DelSqRho = -7.3207187120E-01
GradDelSqRho =  2.4515112163E-14  4.8128168118E-14  5.5511151231E-16
HessDelSqRho_EigVals =  1.6820994479E+00  2.7603437199E+00  1.5225902075E+01
HessDelSqRho_EigVec1 =  1.7016288107E-02 -3.1320270024E-01  9.4953384063E-01
HessDelSqRho_EigVec2 =  8.5652278735E-01 -4.8537238926E-01 -1.7544901965E-01
HessDelSqRho_EigVec3 =  5.1582861561E-01  8.1628286293E-01  2.6000601340E-01
</CP of DelSqRho>
<CP of DelSqRho>
CP# = 3       
Type = (3,+1)
Coords = -2.64700963493532E+00 -2.44750075900403E+00 -2.59053345695271E-01
DistFromNuc =  1.2193664112E+00
Rho =  3.5111682399E-01
DelSqRho = -1.1771960762E+00
GradDelSqRho =  1.2059797605E-12  8.8429263911E-14 -1.1883549700E-13
HessDelSqRho_EigVals = -2.2230804987E+01  1.2671941795E+01  1.2951352978E+01
HessDelSqRho_EigVec1 =  9.9123373578E-01  1.1783529827E-02 -1.3159342489E-01
HessDelSqRho_EigVec2 =  1.2896990143E-01 -3.0249611444E-01  9.4438491373E-01
HessDelSqRho_EigVec3 =  2.8678311916E-02  9.5307777708E-01  3.0136407426E-01
</CP of DelSqRho>
<CP of DelSqRho>
CP# = 4       
Type = (3,+1)
Coords = -1.54886963702185E+00 -2.29672145412054E+00 -3.38302842883284E-01
DistFromNuc =  1.9378108513E-01
Rho =  1.4676575902E+01
DelSqRho =  6.1373372961E+02
GradDelSqRho =  8.8533624876E-12 -6.1390892370E-12 -1.9895196601E-13
HessDelSqRho_EigVals = -1.5722612738E+05  1.9443753501E+02  9.2996133061E+02
HessDelSqRho_EigVec1 = -5.6998434979E-01  6.9869795095E-01  4.3236444619E-01
HessDelSqRho_EigVec2 =  1.7274044233E-01 -4.1255272017E-01  8.9440538497E-01
HessDelSqRho_EigVec3 =  8.0329233818E-01  5.8448389749E-01  1.1445520086E-01
</CP of DelSqRho>
<CP of DelSqRho>
CP# = 5       
Type = (3,-3)
Coords = -1.45978279780037E+00 -2.60851619846976E+00 -4.91025222170143E-01
DistFromNuc =  1.9035850667E-01
Rho =  1.5064657221E+01
DelSqRho =  6.5429795915E+02
GradDelSqRho = -1.0942358131E-12  7.9580786405E-13 -7.8159700934E-13
HessDelSqRho_EigVals = -1.8777396394E+05 -1.0916884688E+03 -6.1759552883E+02
HessDelSqRho_EigVec1 =  1.0705655553E-01  9.2561970280E-01  3.6299732740E-01
HessDelSqRho_EigVec2 =  1.2404114933E-01 -3.7467733217E-01  9.1882027080E-01
HessDelSqRho_EigVec3 =  9.8648501620E-01 -5.3339127645E-02 -1.5492659639E-01
</CP of DelSqRho>
<CP of DelSqRho>
CP# = 6       
Type = (3,-1)
Coords = -6.57511722669200E-01 -2.13457628104316E+00 -4.15445929857077E-01
DistFromNuc =  8.3602663413E-01
Rho =  4.0223066865E-01
DelSqRho = -6.6432586796E-01
GradDelSqRho =  1.7763568394E-15  2.2204460493E-15 -8.8817841970E-16
HessDelSqRho_EigVals = -4.4517968714E+00 -3.6516649110E+00  5.5630868869E+01
HessDelSqRho_EigVec1 = -2.7677026492E-01  9.1266235679E-01  3.0074182109E-01
HessDelSqRho_EigVec2 =  1.0840299726E-01 -2.8131585213E-01  9.5347269574E-01
HessDelSqRho_EigVec3 =  9.5480207930E-01  2.9649420540E-01 -2.1075472049E-02
</CP of DelSqRho>
<CP of DelSqRho>
CP# = 7       
Type = (3,+1)
Coords = -2.04177254553435E+00 -2.36314350984608E+00 -9.60006311297347E-01
DistFromNuc =  8.1110796664E-01
Rho =  4.2235057687E-01
DelSqRho = -9.6100432885E-01
GradDelSqRho =  1.3100631691E-14 -1.7763568394E-15  9.3258734069E-15
HessDelSqRho_EigVals = -5.3785072924E+00  2.3830297099E+00  6.6005808283E+01
HessDelSqRho_EigVec1 =  7.0835080134E-01  7.6248639330E-02 -7.0173020972E-01
HessDelSqRho_EigVec2 =  8.9502380972E-03  9.9309831940E-01  1.1694281188E-01
HessDelSqRho_EigVec3 =  7.0580382223E-01 -8.9117186961E-02  7.0277954688E-01
</CP of DelSqRho>
<CP of DelSqRho>
CP# = 8       
Type = (3,-1)
Coords = -1.88565122702933E+00 -1.76227067545112E+00 -1.11074920366576E-01
DistFromNuc =  8.6342185906E-01
Rho =  3.6806923580E-01
DelSqRho = -3.7848550271E-01
GradDelSqRho = -3.1263880373E-13  3.8102854205E-13  3.6459724129E-13
HessDelSqRho_EigVals = -6.0888620154E+00 -1.2434376706E+00  4.2545685892E+01
HessDelSqRho_EigVec1 =  8.2842253941E-01  5.5364823348E-01  8.4792274186E-02
HessDelSqRho_EigVec2 =  1.3138344687E-01 -3.3924628251E-01  9.3147750895E-01
HessDelSqRho_EigVec3 = -5.4447634116E-01  7.6051666212E-01  3.5377948011E-01
</CP of DelSqRho>
<CP of DelSqRho>
CP# = 9       
Type = (3,-1)
Coords = -1.92261561086172E+00 -3.07810203730182E+00 -6.00353926899165E-01
DistFromNuc =  8.2642411470E-01
Rho =  3.8499722832E-01
DelSqRho = -6.2351133596E-01
GradDelSqRho =  3.9968028887E-15 -4.4408920985E-15 -3.1086244690E-15
HessDelSqRho_EigVals = -5.6645488850E+00 -2.1309580506E+00  5.8167321104E+01
HessDelSqRho_EigVec1 =  8.1694892930E-01 -4.8727003627E-01 -3.0848396826E-01
HessDelSqRho_EigVec2 = -1.3607739549E-01  3.5693165840E-01 -9.2416596652E-01
HessDelSqRho_EigVec3 =  5.6042607840E-01  7.9697409179E-01  2.2528849873E-01
</CP of DelSqRho>
<CP of DelSqRho>
CP# = 10      
Type = (3,+1)
Coords = -1.88080860722745E+00 -2.79740923420557E+00  1.51993925052648E-01
DistFromNuc =  8.1134386994E-01
Rho =  4.2186094267E-01
DelSqRho = -9.6132655645E-01
GradDelSqRho = -1.2667644711E-12 -6.7634786660E-13  1.7563728250E-12
HessDelSqRho_EigVals = -5.2007194369E+00  2.4107318863E+00  6.5743149886E+01
HessDelSqRho_EigVec1 =  8.6197880270E-01 -3.4929214460E-01  3.6740650705E-01
HessDelSqRho_EigVec2 =  8.1642783166E-02  8.1093622473E-01  5.7941081746E-01
HessDelSqRho_EigVec3 = -5.0032689280E-01 -4.6944375291E-01  7.2752701887E-01
</CP of DelSqRho>
<CP of DelSqRho>
CP# = 11      
Type = (3,+3)
Coords = -9.79258818313586E-01 -3.03131569841264E+00 -2.94872634681088E-01
DistFromNuc =  7.6551039121E-01
Rho =  4.9327497665E-01
DelSqRho = -1.7022048418E+00
GradDelSqRho =  3.6122216329E-12 -5.0128790008E-12  2.8546054409E-12
HessDelSqRho_EigVals =  3.9631073529E-01  5.3687497945E+00  1.0042296363E+02
HessDelSqRho_EigVec1 = -1.2263656750E-01  1.1237215043E-01  9.8606935462E-01
HessDelSqRho_EigVec2 =  7.9159593944E-01  6.1036139690E-01  2.8893491124E-02
HessDelSqRho_EigVec3 = -5.9861184499E-01  7.8411189570E-01 -1.6380596464E-01
</CP of DelSqRho>
<CP of DelSqRho>
CP# = 12      
Type = (3,+1)
Coords = -1.02555584498574E+00 -1.98464779552442E+00  1.68198040502926E-01
DistFromNuc =  8.4824069692E-01
Rho =  4.2295285205E-01
DelSqRho = -1.0688575094E+00
GradDelSqRho = -2.2204460493E-15  2.8865798640E-15 -2.6645352591E-15
HessDelSqRho_EigVals = -1.8330030964E+00  3.7966536693E+00  5.2047305758E+01
HessDelSqRho_EigVec1 = -9.4987936668E-02  8.8178081756E-01 -4.6199554291E-01
HessDelSqRho_EigVec2 =  8.6001015983E-01 -1.6104501523E-01 -4.8419730282E-01
HessDelSqRho_EigVec3 =  5.0135797279E-01  4.4331376343E-01  7.4304312814E-01
</CP of DelSqRho>
<CP of DelSqRho>
CP# = 13      
Type = (3,+1)
Coords = -9.73163923501074E-01 -3.00197262162070E+00 -6.33335192778191E-01
DistFromNuc =  7.6538611218E-01
Rho =  4.9256544296E-01
DelSqRho = -1.6957930507E+00
GradDelSqRho =  1.2061462940E-12 -1.5027978861E-12 -4.4586556669E-13
HessDelSqRho_EigVals = -2.4854555882E-01  5.5605510538E+00  1.0097755243E+02
HessDelSqRho_EigVec1 =  9.1284616355E-02 -2.8038978055E-01  9.5553581292E-01
HessDelSqRho_EigVec2 =  7.8747744093E-01  6.0766236846E-01  1.0308116213E-01
HessDelSqRho_EigVec3 = -6.0954605966E-01  7.4305317234E-01  2.7627085303E-01
</CP of DelSqRho>
<CP of DelSqRho>
CP# = 14      
Type = (3,+1)
Coords = -1.14435320659223E+00 -1.66200919630319E+00 -6.20636116937003E-01
DistFromNuc =  8.4822633128E-01
Rho =  4.2633943090E-01
DelSqRho = -1.1064331980E+00
GradDelSqRho = -1.4432899320E-15 -1.5543122345E-14  7.5495165675E-15
HessDelSqRho_EigVals = -1.5150762472E+00  4.2250872299E+00  5.1972227606E+01
HessDelSqRho_EigVec1 = -1.1634594092E-01 -3.1065500730E-01 -9.4337536987E-01
HessDelSqRho_EigVec2 =  9.3290618266E-01 -3.6010222360E-01  3.5274519566E-03
HessDelSqRho_EigVec3 =  3.4080738899E-01  8.7967031040E-01 -3.3170840902E-01
</CP of DelSqRho>
<CP of DelSqRho>
CP# = 15      
Type = (3,+3)
Coords = -1.09961409406208E+00 -2.72012747633340E+00 -1.04404216810697E+00
DistFromNuc =  7.6462298207E-01
Rho =  4.9518817508E-01
DelSqRho = -1.7148097673E+00
GradDelSqRho = -2.2204460493E-15  0.0000000000E+00  7.1054273576E-15
HessDelSqRho_EigVals =  5.4450358544E-01  5.4042832810E+00  1.0116128719E+02
HessDelSqRho_EigVec1 =  3.6154895992E-01 -7.5454480032E-01  5.4767188525E-01
HessDelSqRho_EigVec2 =  8.2061932370E-01  5.3636302976E-01  1.9722734564E-01
HessDelSqRho_EigVec3 = -4.4256781982E-01  3.7812279040E-01  8.1311553929E-01
</CP of DelSqRho>
<CP of DelSqRho>
CP# = 16      
Type = (3,+3)
Coords = -1.10106776981359E+00 -1.64821061505267E+00 -2.07540518478171E-01
DistFromNuc =  8.8027014545E-01
Rho =  4.2694979724E-01
DelSqRho = -1.1519408384E+00
GradDelSqRho =  1.3322676296E-15  9.7699626167E-15 -2.4424906542E-15
HessDelSqRho_EigVals =  1.2843700175E+00  5.3860640145E+00  3.8555414522E+01
HessDelSqRho_EigVec1 =  1.2135026055E-01 -2.9002595332E-01  9.4929398011E-01
HessDelSqRho_EigVec2 =  9.0468303335E-01 -3.6120807869E-01 -2.2600294922E-01
HessDelSqRho_EigVec3 =  4.0843937547E-01  8.8623567424E-01  2.1854886474E-01
</CP of DelSqRho>
<CP of DelSqRho>
CP# = 17      
Type = (3,+3)
Coords = -2.29359507328796E+00 -2.45623650716988E+00 -3.10266256812172E-01
DistFromNuc =  8.6252154537E-01
Rho =  4.5429164999E-01
DelSqRho = -1.7883194303E+00
GradDelSqRho = -3.6859404418E-14  7.5495165675E-15 -1.0103029524E-14
HessDelSqRho_EigVals =  9.4391176227E+00  1.1632700812E+01  4.2244945210E+01
HessDelSqRho_EigVec1 =  1.3212962659E-01 -3.4998541493E-01  9.2738987007E-01
HessDelSqRho_EigVec2 = -1.6732863615E-02  9.3467188131E-01  3.5511756582E-01
HessDelSqRho_EigVec3 =  9.9109120320E-01  6.2439439580E-02 -1.1764158844E-01
</CP of DelSqRho>
<CP of DelSqRho>
CP# = 18      
Type = (3,-1)
Coords = -9.01351852756007E-01 -2.81141647402273E+00 -1.65956586319353E+00
DistFromNuc =  1.4013717383E+00
Rho =  1.3486047790E-01
DelSqRho =  2.4650816911E-01
GradDelSqRho = -1.1491363416E-12  7.0186217949E-13  2.6785518248E-12
HessDelSqRho_EigVals = -4.6172551851E+00 -2.0850828547E-02  5.9384208064E-02
HessDelSqRho_EigVec1 = -3.8002861414E-01  2.7194631986E-01  8.8409470734E-01
HessDelSqRho_EigVec2 =  5.3275370476E-02 -9.4778221840E-01  3.1443695933E-01
HessDelSqRho_EigVec3 =  9.2343921692E-01  1.6659551496E-01  3.4569632202E-01
</CP of DelSqRho>
<CP of DelSqRho>
CP# = 19      
Type = (3,-1)
Coords = -2.42565847451095E+00 -2.41957304719478E+00 -1.38804052230779E+00
DistFromNuc =  1.3810894885E+00
Rho =  1.4140616472E-01
DelSqRho =  3.1952931825E-01
GradDelSqRho =  3.1780134080E-15 -3.4000580129E-16  5.6343818500E-15
HessDelSqRho_EigVals = -4.9104546714E+00 -7.2024255209E-01  4.2102996330E-02
HessDelSqRho_EigVec1 =  6.2742267033E-01 -7.9575220379E-03  7.7863821547E-01
HessDelSqRho_EigVec2 =  7.7867622240E-01  3.8009731526E-03 -6.2741445096E-01
HessDelSqRho_EigVec3 =  2.0330813678E-03  9.9996111447E-01  8.5811499254E-03
</CP of DelSqRho>
<CP of DelSqRho>
CP# = 20      
Type = (3,-1)
Coords = -6.58479383951179E-01 -3.56921500899425E+00 -1.69931421163195E-01
DistFromNuc =  1.4016942555E+00
Rho =  1.3391141578E-01
DelSqRho =  2.4558647701E-01
GradDelSqRho = -2.4147350786E-14  3.5860203695E-14 -7.4662498406E-15
HessDelSqRho_EigVals = -4.5560535980E+00 -1.6798805451E-02  5.1906739043E-02
HessDelSqRho_EigVec1 = -5.5248700388E-01  8.1399623571E-01 -1.7935506350E-01
HessDelSqRho_EigVec2 =  1.7903477249E-01  3.2604575014E-01  9.2824604446E-01
HessDelSqRho_EigVec3 =  8.1406674222E-01  4.8073308298E-01 -3.2586967049E-01
</CP of DelSqRho>
<CP of DelSqRho>
CP# = 21      
Type = (3,-3)
Coords = -2.29393833633489E+00 -3.44605163079926E+00 -6.90289754850279E-01
DistFromNuc =  1.3531454047E+00
Rho =  1.3989525343E-01
DelSqRho =  3.4122006615E-01
GradDelSqRho =  5.9396931817E-15  1.0186296251E-14  5.8703042427E-15
HessDelSqRho_EigVals = -4.9094482171E+00 -7.9787558418E-01 -8.1329393983E-02
HessDelSqRho_EigVec1 =  5.1737057996E-01  8.2083616004E-01  2.4198281214E-01
HessDelSqRho_EigVec2 =  8.4546301358E-01 -4.4654692493E-01 -2.9289611896E-01
HessDelSqRho_EigVec3 =  1.3236304493E-01 -3.5612335252E-01  9.2501685505E-01
</CP of DelSqRho>
<CP of DelSqRho>
CP# = 22      
Type = (3,-1)
Coords = -2.15560993006625E+00 -3.12454127645550E+00  5.35905374476278E-01
DistFromNuc =  1.3823193405E+00
Rho =  1.4174110151E-01
DelSqRho =  3.1630714919E-01
GradDelSqRho =  2.3225588119E-12  5.2592930011E-12 -4.0122627443E-12
HessDelSqRho_EigVals = -4.8963051480E+00 -6.9890063355E-01  4.9429634319E-02
HessDelSqRho_EigVec1 = -4.1696131799E-01 -5.4220632360E-01  7.2948993273E-01
HessDelSqRho_EigVec2 =  9.0383622752E-01 -3.3214256040E-01  2.6974319899E-01
HessDelSqRho_EigVec3 = -9.6038185802E-02 -7.7181190858E-01 -6.2855631780E-01
</CP of DelSqRho>
<CP of DelSqRho>
CP# = 23      
Type = (3,-3)
Coords = -2.25702865309485E+00 -1.35645061108074E+00 -2.30232920213805E-01
DistFromNuc =  1.3653008092E+00
Rho =  1.6011692571E-01
DelSqRho =  3.7052486837E-01
GradDelSqRho = -3.8194447605E-13 -3.9274139496E-13 -2.3148358230E-12
HessDelSqRho_EigVals = -4.8464389850E+00 -1.1811858863E+00 -8.1600512220E-02
HessDelSqRho_EigVec1 = -5.7360493107E-01  8.0794797121E-01  1.3489795726E-01
HessDelSqRho_EigVec2 =  8.1612907682E-01  5.7778763163E-01  9.7356410645E-03
HessDelSqRho_EigVec3 =  7.0076479789E-02 -1.1567855704E-01  9.9081166647E-01
</CP of DelSqRho>
<CP of DelSqRho>
CP# = 24      
Type = (3,+1)
Coords = -9.73250908441077E-01 -1.29455480058240E+00 -5.22152399763775E-02
DistFromNuc =  1.2837395995E+00
Rho =  3.2639755116E-01
DelSqRho = -6.0496338993E-01
GradDelSqRho =  7.7715611724E-16  1.1102230246E-16  2.7755575616E-16
HessDelSqRho_EigVals = -8.9025167134E+00  3.2592222079E+00  4.7546508782E+00
HessDelSqRho_EigVec1 =  3.5574324658E-01  8.8729190904E-01  2.9352991445E-01
HessDelSqRho_EigVec2 =  8.7077017325E-02 -3.4417743221E-01  9.3485800430E-01
HessDelSqRho_EigVec3 =  9.3051831555E-01 -3.0700971209E-01 -1.9970153007E-01
</CP of DelSqRho>
<CP of DelSqRho>
CP# = 25      
Type = (3,+1)
Coords = -8.06531182686387E-01 -3.52799194385443E+00 -1.02499833435529E+00
DistFromNuc =  1.4012796127E+00
Rho =  1.3199525542E-01
DelSqRho =  2.4384152258E-01
GradDelSqRho =  0.0000000000E+00  5.5511151231E-17  3.8857805862E-16
HessDelSqRho_EigVals = -4.4319352702E+00  9.5873523553E-03  6.4204732455E-02
HessDelSqRho_EigVec1 = -4.4188652238E-01  7.8707058659E-01  4.3041397870E-01
HessDelSqRho_EigVec2 =  1.6123261075E-01 -4.0230349448E-01  9.0119695048E-01
HessDelSqRho_EigVec3 =  8.8246266016E-01  4.6762355592E-01  5.0871046595E-02
</CP of DelSqRho>
<CP of DelSqRho>
CP# = 26      
Type = (3,-3)
Coords = -1.12602171144890E-01 -2.05896586578351E+00 -5.06416678601423E-01
DistFromNuc =  1.3802249869E+00
Rho =  1.5176099405E-01
DelSqRho =  3.5050169708E-01
GradDelSqRho =  3.4778846469E-12 -8.2175516392E-12 -4.0008482638E-12
HessDelSqRho_EigVals = -4.2087772017E+00 -6.0603962268E-01 -3.4827282319E-01
HessDelSqRho_EigVec1 =  9.8294848851E-01  1.4876666154E-01 -1.0807751545E-01
HessDelSqRho_EigVec2 = -1.0258959561E-01  9.3145523235E-01  3.4909386275E-01
HessDelSqRho_EigVec3 =  1.5260289579E-01 -3.3205365613E-01  9.3083442440E-01
</CP of DelSqRho>
<CP of DelSqRho>
CP# = 27      
Type = (3,-1)
Coords = -1.37397905887325E+00 -1.28303175406132E+00  1.46223713544903E+00
DistFromNuc =  2.2080952687E+00
Rho =  6.9417792789E-02
DelSqRho =  1.5200751282E-01
GradDelSqRho =  4.1633363423E-17  1.9775847626E-16  3.3306690739E-16
HessDelSqRho_EigVals = -8.6762563192E-01 -4.9436986319E-02  7.9501688453E-02
HessDelSqRho_EigVec1 = -4.7518280970E-01 -4.2625176410E-01  7.6974718640E-01
HessDelSqRho_EigVec2 = -6.9593998283E-01  7.1736989811E-01 -3.2372358455E-02
HessDelSqRho_EigVec3 = -5.3839468577E-01 -5.5108063193E-01 -6.3752748917E-01
</CP of DelSqRho>
<CP of DelSqRho>
CP# = 28      
Type = (3,-1)
Coords = -1.99244603859909E+00 -3.60645114714191E-01 -5.91839318294721E-01
DistFromNuc =  2.1511486383E+00
Rho =  7.0572410840E-02
DelSqRho =  1.7117053767E-01
GradDelSqRho =  3.1571967263E-16  4.1633363423E-17  3.4694469520E-17
HessDelSqRho_EigVals = -9.6585408167E-01 -9.3382854194E-02  2.6335761240E-01
HessDelSqRho_EigVec1 =  8.7254350048E-01 -1.5340661741E-01  4.6382566715E-01
HessDelSqRho_EigVec2 = -4.4706636886E-01  1.3207006036E-01  8.8469721430E-01
HessDelSqRho_EigVec3 =  1.9697589093E-01  9.7929766103E-01 -4.6653933368E-02
</CP of DelSqRho>
<CP of DelSqRho>
CP# = 29      
Type = (3,+1)
Coords = -3.79048696693809E-01 -1.81087478144069E+00  1.24000158823390E+00
DistFromNuc =  2.0667596000E+00
Rho =  7.4295672958E-02
DelSqRho =  1.3827851637E-01
GradDelSqRho = -6.9964867233E-14  4.4146110378E-13 -4.9477089092E-13
HessDelSqRho_EigVals = -7.1153433821E-01  5.9815136886E-02  2.3400163576E-01
HessDelSqRho_EigVec1 = -2.2244946682E-01  7.2360291478E-01 -6.5338737089E-01
HessDelSqRho_EigVec2 = -8.9399374598E-01  1.1598020116E-01  4.3280916705E-01
HessDelSqRho_EigVec3 =  3.8896197353E-01  6.8040239172E-01  6.2109674648E-01
</CP of DelSqRho>
<CP of DelSqRho>
CP# = 30      
Type = (3,+1)
Coords = -7.48335373165525E-01 -6.24893622634261E-01 -1.47568238562176E+00
DistFromNuc =  2.2030893279E+00
Rho =  6.4668429871E-02
DelSqRho =  1.2771552579E-01
GradDelSqRho = -1.3016332803E-12 -3.6001202020E-12  2.7410296255E-12
HessDelSqRho_EigVals = -7.4857108628E-01  6.2022909753E-02  1.1297408054E-01
HessDelSqRho_EigVec1 =  2.5423372582E-02 -2.5043031469E-02  9.9936304650E-01
HessDelSqRho_EigVec2 =  9.4105516558E-01  3.3789905729E-01 -1.5472634718E-02
HessDelSqRho_EigVec3 = -3.3729634962E-01  9.4084912375E-01  3.2157407754E-02
</CP of DelSqRho>
<Path of -GradDelSqRho>
Starting CP# =      3
Ending CP# =     17
Number of Points =     15
 -2.6470096349E+00 -2.4475007590E+00 -2.5905334570E-01  3.5111682399E-01 -1.1771960762E+00
 -2.6222292452E+00 -2.4472141074E+00 -2.6234729252E-01  3.5559479500E-01 -1.1839100304E+00
 -2.5974498383E+00 -2.4469450653E+00 -2.6565010545E-01  3.6059622866E-01 -1.2031299008E+00
 -2.5726714985E+00 -2.4466959182E+00 -2.6896246976E-01  3.6610066672E-01 -1.2334851385E+00
 -2.5478943387E+00 -2.4464697099E+00 -2.7228528799E-01  3.7208441294E-01 -1.2735931627E+00
 -2.5231185153E+00 -2.4462705295E+00 -2.7561977667E-01  3.7852090733E-01 -1.3220137314E+00
 -2.4983442511E+00 -2.4461039320E+00 -2.7896760501E-01  3.8538113607E-01 -1.3771943965E+00
 -2.4735718730E+00 -2.4459775902E+00 -2.8233110490E-01  3.9263411899E-01 -1.4374098069E+00
 -2.4488018778E+00 -2.4459023799E+00 -2.8571361285E-01  4.0024751982E-01 -1.5006970754E+00
 -2.4240350576E+00 -2.4458943355E+00 -2.8912007615E-01  4.0818842335E-01 -1.5647886449E+00
 -2.3992727717E+00 -2.4459785387E+00 -2.9255824382E-01  4.1642431144E-01 -1.6270425670E+00
 -2.3745176230E+00 -2.4461979155E+00 -2.9604133614E-01  4.2492421684E-01 -1.6843671693E+00
 -2.3497755749E+00 -2.4466372390E+00 -2.9959526357E-01  4.3365977831E-01 -1.7331320727E+00
 -2.3250656993E+00 -2.4475130081E+00 -3.0328530488E-01  4.4260410647E-01 -1.7690519217E+00
 -2.2935950733E+00 -2.4562365072E+00 -3.1026625681E-01  4.5429164999E-01 -1.7883194303E+00
</Path of -GradDelSqRho>
<Path of -GradDelSqRho>
Starting CP# =      3
Ending CP# =      0
Number of Points =     29
 -2.6470096349E+00 -2.4475007590E+00 -2.5905334570E-01  3.5111682399E-01 -1.1771960762E+00
 -2.6717909131E+00 -2.4478028041E+00 -2.5576746750E-01  3.4717916285E-01 -1.1843797067E+00
 -2.6965730544E+00 -2.4481194133E+00 -2.5248947880E-01  3.4379463509E-01 -1.2068892313E+00
 -2.7213560083E+00 -2.4484494802E+00 -2.4921896927E-01  3.4097159492E-01 -1.2461792238E+00
 -2.7461397246E+00 -2.4487920344E+00 -2.4595552774E-01  3.3871342247E-01 -1.3036805371E+00
 -2.7709241480E+00 -2.4491461176E+00 -2.4269869366E-01  3.3701799747E-01 -1.3806888706E+00
 -2.7957092128E+00 -2.4495106443E+00 -2.3944789832E-01  3.3587721629E-01 -1.4781606410E+00
 -2.8204948353E+00 -2.4498842284E+00 -2.3620238657E-01  3.3527668792E-01 -1.5963797199E+00
 -2.8452809029E+00 -2.4502649520E+00 -2.3296110635E-01  3.3519584455E-01 -1.7344703524E+00
 -2.8700672587E+00 -2.4506500359E+00 -2.2972254571E-01  3.3560883614E-01 -1.8897818816E+00
 -2.8948536760E+00 -2.4510353450E+00 -2.2648448272E-01  3.3648672096E-01 -2.0572866922E+00
 -2.9196398178E+00 -2.4514146404E+00 -2.2324360268E-01  3.3780155656E-01 -2.2293310565E+00
 -2.9444251783E+00 -2.4517786167E+00 -2.1999500652E-01  3.3953291781E-01 -2.3963366951E+00
 -2.9692090640E+00 -2.4521148692E+00 -2.1673221333E-01  3.4167695388E-01 -2.5492693950E+00
 -2.9939909831E+00 -2.4524152570E+00 -2.1345103393E-01  3.4425717209E-01 -2.6846762645E+00
 -3.0187724683E+00 -2.4527070429E+00 -2.1016580157E-01  3.4733470885E-01 -2.8126031461E+00
 -3.0435583618E+00 -2.4530780501E+00 -2.0692232634E-01  3.5101434723E-01 -2.9665909137E+00
 -3.0683510761E+00 -2.4535854193E+00 -2.0375025219E-01  3.5544087461E-01 -3.2133239567E+00
 -3.0931484864E+00 -2.4541998518E+00 -2.0063413261E-01  3.6077892616E-01 -3.6577776696E+00
 -3.1179483497E+00 -2.4548766338E+00 -1.9755054325E-01  3.6717159005E-01 -4.4386534047E+00
 -3.1427494918E+00 -2.4555883352E+00 -1.9448512976E-01  3.7467779483E-01 -5.7091841398E+00
 -3.1675513575E+00 -2.4563207414E+00 -1.9143045923E-01  3.8319498838E-01 -7.6005327602E+00
 -3.1923536738E+00 -2.4570664805E+00 -1.8838267867E-01  3.9238242955E-01 -1.0169738210E+01
 -3.2171562978E+00 -2.4578215742E+00 -1.8533970829E-01  4.0160916040E-01 -1.3342137437E+01
 -3.2419591501E+00 -2.4585837826E+00 -1.8230037415E-01  4.0995522181E-01 -1.6868339876E+01
 -3.2667621838E+00 -2.4593517952E+00 -1.7926398226E-01  4.1628972759E-01 -2.0322944451E+01
 -3.2915653680E+00 -2.4601248075E+00 -1.7623008995E-01  4.1943109223E-01 -2.3167267679E+01
 -3.3163686747E+00 -2.4609022357E+00 -1.7319832788E-01  4.1836486540E-01 -2.4875257853E+01
 -3.3312506781E+00 -2.4613702631E+00 -1.7137983267E-01  4.1542319659E-01 -2.5193830003E+01
</Path of -GradDelSqRho>
<Path of -GradDelSqRho>
Starting CP# =      4
Ending CP# =     17
Number of Points =     57
 -1.5488696370E+00 -2.2967214541E+00 -3.3830284288E-01  1.4676575902E+01  6.1373372961E+02
 -1.5631266504E+00 -2.2792605740E+00 -3.2749288429E-01  1.0611056024E+01  5.8139515276E+02
 -1.5773923601E+00 -2.2618074359E+00 -3.1668189467E-01  7.7061601113E+00  5.1415405197E+02
 -1.5916599946E+00 -2.2443560451E+00 -3.0587062453E-01  5.6332215967E+00  4.2880085076E+02
 -1.6059301019E+00 -2.2269068929E+00 -2.9505900462E-01  4.1583549696E+00  3.3961030597E+02
 -1.6202057866E+00 -2.2094627503E+00 -2.8424666418E-01  3.1107383538E+00  2.5935758186E+02
 -1.6344906710E+00 -2.1920268614E+00 -2.7343316165E-01  2.3662211061E+00  1.9412052545E+02
 -1.6487885602E+00 -2.1746026471E+00 -2.6261802943E-01  1.8360932809E+00  1.4405506822E+02
 -1.6631031625E+00 -2.1571934532E+00 -2.5180081722E-01  1.4577742650E+00  1.0653177765E+02
 -1.6774377553E+00 -2.1398022478E+00 -2.4098114285E-01  1.1872391987E+00  7.8487748245E+01
 -1.6917951633E+00 -2.1224315959E+00 -2.3015870320E-01  9.9335024412E-01  5.7429169007E+01
 -1.7061782232E+00 -2.1050840754E+00 -2.1933322369E-01  8.5390323431E-01  4.1579595193E+01
 -1.7205905235E+00 -2.0877629455E+00 -2.0850437758E-01  7.5297185510E-01  2.9704254209E+01
 -1.7350371279E+00 -2.0704728075E+00 -1.9767171692E-01  6.7912461194E-01  2.0904616290E+01
 -1.7495252108E+00 -2.0532201934E+00 -1.8683463070E-01  6.2419344029E-01  1.4482015133E+01
 -1.7640646959E+00 -2.0360141675E+00 -1.7599232722E-01  5.8238987156E-01  9.8704253878E+00
 -1.7786690226E+00 -2.0188670645E+00 -1.6514383937E-01  5.4965184205E-01  6.6095440179E+00
 -1.7933561440E+00 -2.0017954728E+00 -1.5428806289E-01  5.2315576947E-01  4.3330741964E+00
 -1.8081498798E+00 -1.9848216093E+00 -1.4342385137E-01  5.0095429234E-01  2.7589447627E+00
 -1.8230818804E+00 -1.9679753816E+00 -1.3255020715E-01  4.8171174990E-01  1.6774071633E+00
 -1.8381948507E+00 -1.9512978730E+00 -1.2166663557E-01  4.6451518762E-01  9.3749036540E-01
 -1.8535486053E+00 -1.9348480554E+00 -1.1077382143E-01  4.4874258773E-01  4.3352503974E-01
 -1.8692326770E+00 -1.9187172309E+00 -9.9875120687E-02  4.3397385847E-01  9.3139155453E-02
 -1.8853947870E+00 -1.9030635112E+00 -8.8980641054E-02  4.1993497719E-01 -1.3257713994E-01
 -1.9023118110E+00 -1.8882068555E+00 -7.8121430004E-02  4.0647565377E-01 -2.7664519982E-01
 -1.9205914292E+00 -1.8749598454E+00 -6.7416305723E-02  3.9362453350E-01 -3.6186370007E-01
 -1.9416814131E+00 -1.8662160005E+00 -5.7558226864E-02  3.8213076004E-01 -4.0572939232E-01
 -1.9651532831E+00 -1.8705630722E+00 -5.2300701466E-02  3.7606465326E-01 -4.2860769801E-01
 -1.9853325548E+00 -1.8851990532E+00 -5.2729565526E-02  3.7601963240E-01 -4.5077373379E-01
 -2.0035819866E+00 -1.9020924702E+00 -5.5231564897E-02  3.7774663624E-01 -4.7691911613E-01
 -2.0210449146E+00 -1.9196383580E+00 -5.8709035655E-02  3.8007165812E-01 -5.0735221487E-01
 -2.0379858294E+00 -1.9375420992E+00 -6.2880640262E-02  3.8273839664E-01 -5.4208664544E-01
 -2.0544646400E+00 -1.9557293527E+00 -6.7637162350E-02  3.8566662130E-01 -5.8107348581E-01
 -2.0704916082E+00 -1.9741738341E+00 -7.2918664734E-02  3.8881686790E-01 -6.2421304271E-01
 -2.0860639273E+00 -1.9928612704E+00 -7.8684285860E-02  3.9215991247E-01 -6.7135264060E-01
 -2.1011754163E+00 -2.0117804634E+00 -8.4902712025E-02  3.9566857818E-01 -7.2228332460E-01
 -2.1158192323E+00 -2.0309208988E+00 -9.1548438073E-02  3.9931528172E-01 -7.7673711596E-01
 -2.1299885553E+00 -2.0502721302E+00 -9.8600004574E-02  4.0307128757E-01 -8.3438530961E-01
 -2.1436766417E+00 -2.0698236623E+00 -1.0603904026E-01  4.0690653946E-01 -8.9483807914E-01
 -2.1568766758E+00 -2.0895649628E+00 -1.1384968694E-01  4.1078971455E-01 -9.5764555676E-01
 -2.1695815569E+00 -2.1094854898E+00 -1.2201823155E-01  4.1468838028E-01 -1.0223004813E+00
 -2.1817836648E+00 -2.1295747000E+00 -1.3053286450E-01  4.1856921227E-01 -1.0882424361E+00
 -2.1934746102E+00 -2.1498220313E+00 -1.3938352495E-01  4.2239826060E-01 -1.1548636343E+00
 -2.2046449585E+00 -2.1702168577E+00 -1.4856181443E-01  4.2614126407E-01 -1.2215161499E+00
 -2.2152839080E+00 -2.1907484166E+00 -1.5806097251E-01  4.2976401773E-01 -1.2875204506E+00
 -2.2253788964E+00 -2.2114057026E+00 -1.6787591665E-01  4.3323280267E-01 -1.3521750594E+00
 -2.2349151006E+00 -2.2321773184E+00 -1.7800335557E-01  4.3651488955E-01 -1.4147671585E+00
 -2.2438747887E+00 -2.2530512593E+00 -1.8844199383E-01  4.3957913004E-01 -1.4745839569E+00
 -2.2522364778E+00 -2.2740145940E+00 -1.9919285716E-01  4.4239665293E-01 -1.5309246533E+00
 -2.2599738456E+00 -2.2950529724E+00 -2.1025978818E-01  4.4494168505E-01 -1.5831128479E+00
 -2.2670543473E+00 -2.3161498407E+00 -2.2165020246E-01  4.4719252098E-01 -1.6305092655E+00
 -2.2734375143E+00 -2.3372851488E+00 -2.3337628017E-01  4.4913266784E-01 -1.6725246520E+00
 -2.2790729899E+00 -2.3584331249E+00 -2.4545697567E-01  4.5075218682E-01 -1.7086326732E+00
 -2.2838985947E+00 -2.3795582042E+00 -2.5792178533E-01  4.5204922241E-01 -1.7383825683E+00
 -2.2878394071E+00 -2.4006067587E+00 -2.7081899199E-01  4.5303159910E-01 -1.7614111826E+00
 -2.2908111647E+00 -2.4214866970E+00 -2.8423830402E-01  4.5371800096E-01 -1.7774538646E+00
 -2.2935950733E+00 -2.4562365072E+00 -3.1026625681E-01  4.5429164999E-01 -1.7883194303E+00
</Path of -GradDelSqRho>
<Path of -GradDelSqRho>
Starting CP# =      4
Ending CP# =      1
Number of Points =      8
 -1.5488696370E+00 -2.2967214541E+00 -3.3830284288E-01  1.4676575902E+01  6.1373372961E+02
 -1.5346283193E+00 -2.3141962404E+00 -3.4911101894E-01  2.0386140749E+01  5.2581183006E+02
 -1.5204005922E+00 -2.3316830358E+00 -3.5991767216E-01  2.8452911139E+01 -3.8852713734E+01
 -1.5061797796E+00 -2.3491759309E+00 -3.7072355516E-01  3.9847252497E+01 -1.8037804909E+03
 -1.4919623197E+00 -2.3666717817E+00 -3.8152906474E-01  5.5861473025E+01 -5.5415354220E+03
 -1.4777514601E+00 -2.3841734353E+00 -3.9233385911E-01  7.8634817076E+01 -1.6310399622E+04
 -1.4635464515E+00 -2.4016802264E+00 -4.0313802460E-01  1.1087368974E+02 -4.7325822889E+04
 -1.4386827208E+00 -2.4323492860E+00 -4.2205718640E-01  1.9631523720E+02 -1.6603646828E+06
</Path of -GradDelSqRho>
<Path of -GradDelSqRho>
Starting CP# =      7
Ending CP# =      0
Number of Points =     48
 -2.0417725455E+00 -2.3631435098E+00 -9.6000631130E-01  4.2235057687E-01 -9.6100432885E-01
 -2.0242488726E+00 -2.3613394955E+00 -9.7685470981E-01  4.2274893719E-01 -9.6257719377E-01
 -2.0057515861E+00 -2.3596084814E+00 -9.9358201657E-01  4.2337989957E-01 -9.6734575895E-01
 -1.9867353261E+00 -2.3580035816E+00 -1.0097298991E+00  4.2423363853E-01 -9.7512814844E-01
 -1.9672154302E+00 -2.3565305605E+00 -1.0252782464E+00  4.2530573648E-01 -9.8573003611E-01
 -1.9472088743E+00 -2.3551953881E+00 -1.0402081388E+00  4.2658988147E-01 -9.9894955513E-01
 -1.9267342023E+00 -2.3540042614E+00 -1.0545020272E+00  4.2807794304E-01 -1.0145805082E+00
 -1.9058114199E+00 -2.3529636381E+00 -1.0681438830E+00  4.2976006245E-01 -1.0324149243E+00
 -1.8844618596E+00 -2.3520802844E+00 -1.0811193131E+00  4.3162475745E-01 -1.0522449941E+00
 -1.8627080229E+00 -2.3513613382E+00 -1.0934156355E+00  4.3365904121E-01 -1.0738644391E+00
 -1.8405734103E+00 -2.3508143913E+00 -1.1050219162E+00  4.3584855457E-01 -1.0970693896E+00
 -1.8180823468E+00 -2.3504475902E+00 -1.1159289661E+00  4.3817771032E-01 -1.1216588543E+00
 -1.7952598125E+00 -2.3502697612E+00 -1.1261293014E+00  4.4062984792E-01 -1.1474348745E+00
 -1.7721312875E+00 -2.3502905606E+00 -1.1356170732E+00  4.4318739697E-01 -1.1742024544E+00
 -1.7487226193E+00 -2.3505206554E+00 -1.1443879690E+00  4.4583204762E-01 -1.2017693564E+00
 -1.7250599191E+00 -2.3509719394E+00 -1.1524390957E+00  4.4854492623E-01 -1.2299458471E+00
 -1.7011694952E+00 -2.3516577913E+00 -1.1597688475E+00  4.5130677491E-01 -1.2585444664E+00
 -1.6770778309E+00 -2.3525933849E+00 -1.1663767675E+00  4.5409813368E-01 -1.2873798884E+00
 -1.6528116128E+00 -2.3537960629E+00 -1.1722634072E+00  4.5689952463E-01 -1.3162689289E+00
 -1.6283978209E+00 -2.3552857898E+00 -1.1774301904E+00  4.5969163751E-01 -1.3450307463E+00
 -1.6038638936E+00 -2.3570857049E+00 -1.1818792854E+00  4.6245551675E-01 -1.3734872735E+00
 -1.5792379839E+00 -2.3592228007E+00 -1.1856134908E+00  4.6517275027E-01 -1.4014639098E+00
 -1.5545493370E+00 -2.3617287609E+00 -1.1886361390E+00  4.6782566085E-01 -1.4287904993E+00
 -1.5298288272E+00 -2.3646409977E+00 -1.1909510226E+00  4.7039750122E-01 -1.4553026150E+00
 -1.5051097144E+00 -2.3680039384E+00 -1.1925623510E+00  4.7287265458E-01 -1.4808431716E+00
 -1.4804287080E+00 -2.3718706156E+00 -1.1934747483E+00  4.7523684300E-01 -1.5052643921E+00
 -1.4558274664E+00 -2.3763046131E+00 -1.1936933100E+00  4.7747734647E-01 -1.5284301610E+00
 -1.4313547178E+00 -2.3813823931E+00 -1.1932237460E+00  4.7958323598E-01 -1.5502188085E+00
 -1.4070692564E+00 -2.3871959606E+00 -1.1920726592E+00  4.8154562333E-01 -1.5705263802E+00
 -1.3830441413E+00 -2.3938556350E+00 -1.1902480336E+00  4.8335792840E-01 -1.5892704472E+00
 -1.3593724358E+00 -2.4014923203E+00 -1.1877600455E+00  4.8501615744E-01 -1.6063944774E+00
 -1.3361746258E+00 -2.4102579129E+00 -1.1846223451E+00  4.8651917162E-01 -1.6218726738E+00
 -1.3136070783E+00 -2.4203212199E+00 -1.1808539348E+00  4.8786889535E-01 -1.6357148860E+00
 -1.2918689018E+00 -2.4318551115E+00 -1.1764815486E+00  4.8907036806E-01 -1.6479705994E+00
 -1.2712007682E+00 -2.4450098598E+00 -1.1715417554E+00  4.9013149119E-01 -1.6587300389E+00
 -1.2518648815E+00 -2.4598711206E+00 -1.1660806939E+00  4.9106231869E-01 -1.6681194822E+00
 -1.2340965484E+00 -2.4764127716E+00 -1.1601481723E+00  4.9187387739E-01 -1.6762883193E+00
 -1.2180341143E+00 -2.4944703563E+00 -1.1537843874E+00  4.9257681143E-01 -1.6833889415E+00
 -1.2036605247E+00 -2.5137600010E+00 -1.1470034875E+00  4.9318039859E-01 -1.6895562535E+00
 -1.1907953618E+00 -2.5339378426E+00 -1.1397837317E+00  4.9369233826E-01 -1.6948957755E+00
 -1.1791433636E+00 -2.5546650868E+00 -1.1320710699E+00  4.9411921206E-01 -1.6994839958E+00
 -1.1683692518E+00 -2.5756491622E+00 -1.1237938115E+00  4.9446715456E-01 -1.7033769079E+00
 -1.1581652457E+00 -2.5966582177E+00 -1.1148806521E+00  4.9474230827E-01 -1.7066199505E+00
 -1.1482950362E+00 -2.6175212195E+00 -1.1052752868E+00  4.9495090462E-01 -1.7092550726E+00
 -1.1386113052E+00 -2.6381230355E+00 -1.0949439604E+00  4.9509907205E-01 -1.7113241540E+00
 -1.1290489520E+00 -2.6583958341E+00 -1.0838751482E+00  4.9519260653E-01 -1.7128699555E+00
 -1.1196003714E+00 -2.6783052252E+00 -1.0720733000E+00  4.9523690454E-01 -1.7139360146E+00
 -1.1143553255E+00 -2.6895954614E+00 -1.0643995178E+00  4.9565454505E-01 -1.7143409751E+00
</Path of -GradDelSqRho>
<Path of -GradDelSqRho>
Starting CP# =      7
Ending CP# =     17
Number of Points =     30
 -2.0417725455E+00 -2.3631435098E+00 -9.6000631130E-01  4.2235057687E-01 -9.6100432885E-01
 -2.0588244885E+00 -2.3650605211E+00 -9.4260307334E-01  4.2216482188E-01 -9.6263461788E-01
 -2.0757180934E+00 -2.3671304588E+00 -9.2429260075E-01  4.2219652807E-01 -9.6776752632E-01
 -2.0920482334E+00 -2.3693057436E+00 -9.0548973443E-01  4.2244893313E-01 -9.7652489750E-01
 -2.1078073108E+00 -2.3715815898E+00 -8.8621731052E-01  4.2291642507E-01 -9.8899582294E-01
 -2.1229889524E+00 -2.3739534388E+00 -8.6649809139E-01  4.2359130918E-01 -1.0052316193E+00
 -2.1375878221E+00 -2.3764169744E+00 -8.4635458927E-01  4.2446381556E-01 -1.0252400816E+00
 -2.1515994116E+00 -2.3789681377E+00 -8.2580891531E-01  4.2552211807E-01 -1.0489800995E+00
 -2.1650198174E+00 -2.3816031429E+00 -8.0488265700E-01  4.2675236608E-01 -1.0763568965E+00
 -2.1778455071E+00 -2.3843184925E+00 -7.8359678538E-01  4.2813873034E-01 -1.1072181507E+00
 -2.1900730815E+00 -2.3871109929E+00 -7.6197159261E-01  4.2966346527E-01 -1.1413512395E+00
 -2.2016990332E+00 -2.3899777710E+00 -7.4002665885E-01  4.3130699058E-01 -1.1784818182E+00
 -2.2127195042E+00 -2.3929162935E+00 -7.1778084727E-01  4.3304799566E-01 -1.2182738949E+00
 -2.2231300389E+00 -2.3959243891E+00 -6.9525232473E-01  4.3486357155E-01 -1.2603315050E+00
 -2.2329253271E+00 -2.3990002777E+00 -6.7245860588E-01  4.3672937606E-01 -1.3042020206E+00
 -2.2420989258E+00 -2.4021426096E+00 -6.4941661850E-01  4.3861983927E-01 -1.3493810627E+00
 -2.2506429436E+00 -2.4053505198E+00 -6.2614278908E-01  4.4050841835E-01 -1.3953189204E+00
 -2.2585476629E+00 -2.4086237040E+00 -6.0265314953E-01  4.4236791245E-01 -1.4414283284E+00
 -2.2658010685E+00 -2.4119625286E+00 -5.7896347006E-01  4.4417085095E-01 -1.4870934235E+00
 -2.2723882391E+00 -2.4153681907E+00 -5.5508942920E-01  4.4588997103E-01 -1.5316796849E+00
 -2.2782905486E+00 -2.4188429543E+00 -5.3104684228E-01  4.4749880404E-01 -1.5745446725E+00
 -2.2834846097E+00 -2.4223905087E+00 -5.0685198552E-01  4.4897239441E-01 -1.6150494027E+00
 -2.2879408820E+00 -2.4260165288E+00 -4.8252207875E-01  4.5028818033E-01 -1.6525702374E+00
 -2.2916218583E+00 -2.4297295867E+00 -4.5807603293E-01  4.5142707197E-01 -1.6865111965E+00
 -2.2944797533E+00 -2.4335427175E+00 -4.3353564283E-01  4.5237476765E-01 -1.7163166281E+00
 -2.2964536762E+00 -2.4374763166E+00 -4.0892754562E-01  4.5312334334E-01 -1.7414841597E+00
 -2.2974664625E+00 -2.4415640673E+00 -3.8428656651E-01  4.5367310736E-01 -1.7615777860E+00
 -2.2974218715E+00 -2.4458670704E+00 -3.5966191390E-01  4.5403454993E-01 -1.7762407949E+00
 -2.2962041757E+00 -2.4505178331E+00 -3.3513150883E-01  4.5422970069E-01 -1.7852080117E+00
 -2.2935950733E+00 -2.4562365072E+00 -3.1026625681E-01  4.5429164999E-01 -1.7883194303E+00
</Path of -GradDelSqRho>
<Path of -GradDelSqRho>
Starting CP# =     10
Ending CP# =      0
Number of Points =     49
 -1.8808086072E+00 -2.7974092342E+00  1.5199392505E-01  4.2186094267E-01 -9.6132655645E-01
 -1.8597732007E+00 -2.8057147176E+00  1.6060384942E-01  4.2220434649E-01 -9.6282467812E-01
 -1.8376843844E+00 -2.8139796322E+00  1.6889384341E-01  4.2277499195E-01 -9.6740803277E-01
 -1.8152504988E+00 -2.8219158719E+00  1.7655443375E-01  4.2356253639E-01 -9.7489725133E-01
 -1.7924919850E+00 -2.8295158008E+00  1.8357142582E-01  4.2456257546E-01 -9.8510164296E-01
 -1.7694305904E+00 -2.8367728340E+00  1.8993177359E-01  4.2576887877E-01 -9.9782451484E-01
 -1.7460892554E+00 -2.8436815565E+00  1.9562366959E-01  4.2717346898E-01 -1.0128661693E+00
 -1.7224919753E+00 -2.8502378293E+00  2.0063659634E-01  4.2876671502E-01 -1.0300262540E+00
 -1.6986636465E+00 -2.8564388786E+00  2.0496133608E-01  4.3053743953E-01 -1.0491055035E+00
 -1.6746299037E+00 -2.8622833717E+00  2.0858993779E-01  4.3247303963E-01 -1.0699069336E+00
 -1.6504169586E+00 -2.8677714780E+00  2.1151564165E-01  4.3455962025E-01 -1.0922365626E+00
 -1.6260514476E+00 -2.8729049197E+00  2.1373276304E-01  4.3678213818E-01 -1.1159037465E+00
 -1.6015602968E+00 -2.8776870172E+00  2.1523653911E-01  4.3912455546E-01 -1.1407212179E+00
 -1.5769706120E+00 -2.8821227327E+00  2.1602294140E-01  4.4156999991E-01 -1.1665049179E+00
 -1.5523095995E+00 -2.8862187216E+00  2.1608845834E-01  4.4410093122E-01 -1.1930737085E+00
 -1.5276045245E+00 -2.8899833972E+00  2.1542985089E-01  4.4669931073E-01 -1.2202490442E+00
 -1.5028827099E+00 -2.8934270187E+00  2.1404388328E-01  4.4934677369E-01 -1.2478546749E+00
 -1.4781715844E+00 -2.8965618130E+00  2.1192702996E-01  4.5202480286E-01 -1.2757164409E+00
 -1.4534987832E+00 -2.8994021398E+00  2.0907515750E-01  4.5471490278E-01 -1.3036622132E+00
 -1.4288923112E+00 -2.9019647156E+00  2.0548317870E-01  4.5739877446E-01 -1.3315220212E+00
