 AIMInt (Version 19.10.12, Professional)
 Portions Copyright (c) 1997-2019 by Todd A. Keith
 AIMInt is a component of the AIMAll package ( http://aim.tkgristmill.com )

 TP:  64-bit Mac OS X

 AIMInt is a heavily modified and extended version of the PROAIMV program
 developed by members of R.F.W. Bader's research group

 Much of the Quantum Theory of Atoms in Molecules (QTAIM) is described in the book:
   "Atoms in Molecules - A Quantum Theory"
   R.F.W. Bader, Oxford University Press, Oxford, 1990

 For additional references see:  http://aim.tkgristmill.com/references.html

 Current Directory:  /Users/chemlab/Documents/SubstituentCoding/BCP Map Reference/BCPMapReference

 Inp File:  SubH_SMeONH_wb97xd_aug-cc-pvtz_atomicfiles/s1.inp
 Wfx File:  SubH_SMeONH_wb97xd_aug-cc-pvtz.wfx
 Out File:  SubH_SMeONH_wb97xd_aug-cc-pvtz_atomicfiles/s1.int

 Wfx Title:   Title Card Required                                                           
 Job Title:   Title Card Required                                                           
 
<Atom>
S1      
</Atom>
<Nuclei of Molecule>
     9
S1        16.0          -3.1434988843E-01   8.9660891015E-02   4.0370245626E-01
H2         1.0          -2.3631019109E-01   3.2652101305E-01   2.9856064811E+00
N3         7.0          -1.4386824631E+00  -2.4323498442E+00  -4.2205745747E-01
H4         1.0          -3.3386239204E+00  -2.4617868848E+00  -1.7057695053E-01
O5         8.0          -1.2174139355E+00   2.5321971629E+00  -4.8155856779E-01
C6         6.0           2.9564844719E+00  -2.6073336399E-01  -2.2570395359E-01
H7         1.0           3.9075318659E+00   1.4394914477E+00   4.2307753406E-01
H8         1.0           3.6433126701E+00  -1.9431853675E+00   7.2745129649E-01
H9         1.0           3.1248696850E+00  -4.6234267457E-01  -2.2637031951E+00
</Nuclei of Molecule>
<Total Number of CPs of DelSqRho>
    50
</Total Number of CPs of DelSqRho>
<Number of (3,+3) CPs of DelSqRho>
     6
</Number of (3,+3) CPs of DelSqRho>
<Number of (3,+1) CPs of DelSqRho>
    19
</Number of (3,+1) CPs of DelSqRho>
<Number of (3,-1) CPs of DelSqRho>
    20
</Number of (3,-1) CPs of DelSqRho>
<Number of (3,-3) CPs of DelSqRho>
     5
</Number of (3,-3) CPs of DelSqRho>
<Number of Degenerate CPs of DelSqRho>
     0
</Number of Degenerate CPs of DelSqRho>
<CP of DelSqRho>
CP# = 1       
Type = (3,+3)
Coords = -3.14349887774443E-01  8.96608916480287E-02  4.03702456336269E-01
DistFromNuc =  9.1766811897E-10
Rho =  2.6267238383E+03
DelSqRho = -2.9413148617E+08
GradDelSqRho =  3.8984954590E-03  8.2133384421E-04 -2.5284229778E-03
HessDelSqRho_EigVals =  2.6731856344E+14  2.6731856364E+14  2.6731856369E+14
HessDelSqRho_EigVec1 =  5.3578900781E-01  8.3752801632E-01  1.0713057916E-01
HessDelSqRho_EigVec2 =  8.1498989023E-01 -5.4614620046E-01  1.9368997534E-01
HessDelSqRho_EigVec3 = -2.2072973959E-01  1.6466620765E-02  9.7519599695E-01
</CP of DelSqRho>
<CP of DelSqRho>
CP# = 2       
Type = (3,-1)
Coords = -5.24520595143429E-02  4.10784040037623E-02  3.21494073814149E-01
DistFromNuc =  2.7876324898E-01
Rho =  1.6862509113E+01
DelSqRho = -3.4433467080E+02
GradDelSqRho =  1.5916157281E-12  2.5011104299E-12  3.1832314562E-12
HessDelSqRho_EigVals = -1.7632892541E+02 -1.0094215652E+02  1.8976091967E+05
HessDelSqRho_EigVec1 =  2.0544284631E-01  9.7543066507E-01  7.9550327149E-02
HessDelSqRho_EigVec2 =  2.7365079054E-01 -1.3529680006E-01  9.5226573010E-01
HessDelSqRho_EigVec3 =  9.3963209914E-01 -1.7386717212E-01 -2.9472313231E-01
</CP of DelSqRho>
<CP of DelSqRho>
CP# = 3       
Type = (3,+3)
Coords = -5.74306115377672E-01  1.25126496736645E-03  4.50203408764340E-01
DistFromNuc =  2.7848849256E-01
Rho =  1.6923630009E+01
DelSqRho = -3.4930257573E+02
GradDelSqRho =  1.0686562746E-11  3.4106051316E-12 -7.9580786405E-13
HessDelSqRho_EigVals =  8.5939870356E+01  1.3452806065E+02  1.9141511683E+05
HessDelSqRho_EigVec1 = -3.5911504146E-01  8.4664947796E-01 -3.9270987823E-01
HessDelSqRho_EigVec2 =  1.5885945527E-02  4.2626283055E-01  9.0445985871E-01
HessDelSqRho_EigVec3 =  9.3315809150E-01  3.1856657193E-01 -1.6652722156E-01
</CP of DelSqRho>
<CP of DelSqRho>
CP# = 4       
Type = (3,-1)
Coords = -4.33636128988347E-01  3.16050481238147E-01  2.93018842300014E-01
DistFromNuc =  2.7880515803E-01
Rho =  1.6851959746E+01
DelSqRho = -3.4353674309E+02
GradDelSqRho = -6.3664629124E-12  1.2732925825E-11 -5.9117155615E-12
HessDelSqRho_EigVals = -2.0947925732E+02 -1.2400302942E+02  1.8945834852E+05
HessDelSqRho_EigVec1 =  8.4397339875E-01  5.1595535704E-01  1.4662527662E-01
HessDelSqRho_EigVec2 = -3.2384077694E-01  2.7222417045E-01  9.0610217537E-01
HessDelSqRho_EigVec3 = -4.2759332712E-01  8.1220937606E-01 -3.9683734204E-01
</CP of DelSqRho>
<CP of DelSqRho>
CP# = 5       
Type = (3,+3)
Coords = -1.54963826644258E-01  3.09531808591735E-01  4.65834168999041E-01
DistFromNuc =  2.7858120327E-01
Rho =  1.6909085884E+01
DelSqRho = -3.4879594836E+02
GradDelSqRho = -3.8653524825E-12 -2.7284841053E-12 -3.0695446185E-12
HessDelSqRho_EigVals =  1.5975752602E+02  1.9892441399E+02  1.9070617984E+05
HessDelSqRho_EigVec1 =  2.4963115803E-01  9.1121858519E-02 -9.6404413376E-01
HessDelSqRho_EigVec2 =  7.8114465068E-01 -6.0731080581E-01  1.4486759425E-01
HessDelSqRho_EigVec3 =  5.7227381528E-01  7.8922138342E-01  2.2278305208E-01
</CP of DelSqRho>
<CP of DelSqRho>
CP# = 6       
Type = (3,+3)
Coords = -3.14906204371473E-01 -1.77777007889886E-01  4.81509926522432E-01
DistFromNuc =  2.7852709327E-01
Rho =  1.6918588787E+01
DelSqRho = -3.4897113667E+02
GradDelSqRho =  9.0949470177E-13 -9.0949470177E-13 -3.4106051316E-12
HessDelSqRho_EigVals =  5.7411377506E+01  1.2801453358E+02  1.9120672095E+05
HessDelSqRho_EigVec1 =  9.8074701182E-01 -5.7381030011E-02 -1.8666203738E-01
HessDelSqRho_EigVec2 =  1.9525748067E-01  2.7280684197E-01  9.4204614707E-01
HessDelSqRho_EigVec3 =  3.1328973044E-03  9.6035610290E-01 -2.7875857042E-01
</CP of DelSqRho>
<CP of DelSqRho>
CP# = 7       
Type = (3,-1)
Coords = -3.21975343073938E-01  1.19296035296053E-01  6.80830642886115E-01
DistFromNuc =  2.7881251973E-01
Rho =  1.6854978240E+01
DelSqRho = -3.4403214883E+02
GradDelSqRho =  0.0000000000E+00  4.0927261580E-12  9.0949470177E-13
HessDelSqRho_EigVals = -1.9538724613E+02 -1.0728991227E+02  1.8952486596E+05
HessDelSqRho_EigVec1 =  6.1375726572E-01  7.8663116905E-01 -6.7182011457E-02
HessDelSqRho_EigVec2 = -7.8902020637E-01  6.0821339087E-01 -8.6738602131E-02
HessDelSqRho_EigVec3 = -2.7370289002E-02  1.0624441182E-01  9.9396327509E-01
</CP of DelSqRho>
<CP of DelSqRho>
CP# = 8       
Type = (3,+1)
Coords = -1.94801644928265E-01  2.03120191757440E-01  1.78870680281041E-01
DistFromNuc =  2.7877252902E-01
Rho =  1.6870379774E+01
DelSqRho = -3.4603725894E+02
GradDelSqRho =  0.0000000000E+00  2.5579538487E-12 -4.5474735089E-12
HessDelSqRho_EigVals = -9.4624185053E+01  1.2409647457E+02  1.8971881519E+05
HessDelSqRho_EigVec1 =  4.4128239979E-01  6.8411727929E-01  5.8073521661E-01
HessDelSqRho_EigVec2 = -7.8805343792E-01  6.0498448173E-01 -1.1386639472E-01
HessDelSqRho_EigVec3 = -4.2923376220E-01 -4.0740314806E-01  8.0608997782E-01
</CP of DelSqRho>
<CP of DelSqRho>
CP# = 9       
Type = (3,+1)
Coords = -9.35358948866652E-02  4.86193977081504E-02  5.68829719532060E-01
DistFromNuc =  2.7876555920E-01
Rho =  1.6869672637E+01
DelSqRho = -3.4565731721E+02
GradDelSqRho = -9.0949470177E-12 -1.3642420527E-12 -6.3664629124E-12
HessDelSqRho_EigVals = -1.5794277374E+02  9.8344628918E+01  1.8979247305E+05
HessDelSqRho_EigVec1 =  1.9901651101E-01  9.7971713436E-01 -2.3383006507E-02
HessDelSqRho_EigVec2 = -5.7673065340E-01  1.3637940495E-01  8.0547030444E-01
HessDelSqRho_EigVec3 =  7.9232201899E-01 -1.4681619309E-01  5.9217465639E-01
</CP of DelSqRho>
<CP of DelSqRho>
CP# = 10      
Type = (3,+1)
Coords = -4.42339787199989E-01 -1.42150731243241E-01  4.89748636990787E-01
DistFromNuc =  2.7842770627E-01
Rho =  1.6929102380E+01
DelSqRho = -3.4881537362E+02
GradDelSqRho =  4.5474735089E-12  6.8212102633E-12 -3.4106051316E-12
HessDelSqRho_EigVals = -4.2305227531E+01  1.2154560101E+02  1.9172914562E+05
HessDelSqRho_EigVec1 =  8.8131424785E-01 -4.7039189058E-01  4.4907302478E-02
HessDelSqRho_EigVec2 =  1.0756529641E-01  2.9225209805E-01  9.5027281251E-01
HessDelSqRho_EigVec3 =  4.6012487821E-01  8.3265850171E-01 -3.0816378111E-01
</CP of DelSqRho>
<CP of DelSqRho>
CP# = 11      
Type = (3,+1)
Coords = -4.37463365567844E-01  2.87180000760303E-01  5.57182130382681E-01
DistFromNuc =  2.7879515300E-01
Rho =  1.6863550135E+01
DelSqRho = -3.4530254405E+02
GradDelSqRho = -1.1368683772E-12  3.6379788071E-12  9.0949470177E-13
HessDelSqRho_EigVals = -1.7073001322E+02  1.0447821730E+02  1.8956887440E+05
HessDelSqRho_EigVec1 =  8.6003627986E-01  5.0908537670E-01  3.4200534410E-02
HessDelSqRho_EigVec2 =  2.5598984019E-01 -4.8850254964E-01  8.3416692617E-01
HessDelSqRho_EigVec3 = -4.4136923210E-01  7.0865883063E-01  5.5045059972E-01
</CP of DelSqRho>
<CP of DelSqRho>
CP# = 12      
Type = (3,-3)
Coords =  1.75706772550545E-01  6.94152905697227E-02  2.98319402858614E-01
DistFromNuc =  5.0166822030E-01
Rho =  4.0937676844E+00
DelSqRho =  8.4219314403E+01
GradDelSqRho =  1.2541079286E-12 -1.2434497876E-13 -3.3129055055E-13
HessDelSqRho_EigVals = -8.9041780486E+03 -2.0717234390E+01 -1.7806337354E+01
HessDelSqRho_EigVec1 =  9.7683333595E-01 -4.0495280936E-02 -2.1013511367E-01
HessDelSqRho_EigVec2 =  1.8517246208E-02  9.9424451160E-01 -1.0552233295E-01
HessDelSqRho_EigVec3 =  2.1319883998E-01  9.9186608877E-02  9.7196104410E-01
</CP of DelSqRho>
<CP of DelSqRho>
CP# = 13      
Type = (3,-3)
Coords = -3.43414341186038E-01  1.08295277947133E-01  9.04279036408063E-01
DistFromNuc =  5.0176577742E-01
Rho =  4.0918092429E+00
DelSqRho =  8.4042083022E+01
GradDelSqRho =  6.7501559897E-14 -2.9487523534E-13  7.1054273576E-13
HessDelSqRho_EigVals = -8.8812718560E+03 -1.7199683182E+01 -1.3578239424E+01
HessDelSqRho_EigVec1 = -5.7852925992E-02  3.7253911723E-02  9.9762978354E-01
HessDelSqRho_EigVec2 =  6.1585992622E-01 -7.8516694548E-01  6.5033983425E-02
HessDelSqRho_EigVec3 =  7.8572870015E-01  6.1816261111E-01  2.2481013864E-02
</CP of DelSqRho>
<CP of DelSqRho>
CP# = 14      
Type = (3,+1)
Coords = -2.73306414114868E-01  9.44169003960141E-02 -9.72192100199188E-02
DistFromNuc =  5.0262282295E-01
Rho =  4.0753090919E+00
DelSqRho =  8.2598858690E+01
GradDelSqRho = -4.9737991503E-14 -1.1990408666E-13  1.2221335055E-12
HessDelSqRho_EigVals = -8.7205541115E+03  1.7291216263E+01  1.9976496600E+01
HessDelSqRho_EigVec1 = -8.1686827087E-02 -9.5852019556E-03  9.9661195366E-01
HessDelSqRho_EigVec2 =  9.0296753609E-01 -4.2397986527E-01  6.9933558489E-02
HessDelSqRho_EigVec3 =  4.2187307456E-01  9.0562089074E-01  4.3288696136E-02
</CP of DelSqRho>
<CP of DelSqRho>
CP# = 15      
Type = (3,+1)
Coords = -8.56145523251469E-02 -3.08509159964871E-01  6.08232695682001E-01
DistFromNuc =  5.0268465495E-01
Rho =  4.0741438364E+00
DelSqRho =  8.2743581678E+01
GradDelSqRho = -3.1263880373E-13  1.7053025658E-13 -4.5474735089E-13
HessDelSqRho_EigVals = -8.7227719254E+03  1.5260938397E+01  2.2123206995E+01
HessDelSqRho_EigVec1 = -4.5530675723E-01  7.9188338729E-01 -4.0696001985E-01
HessDelSqRho_EigVec2 = -2.9013217045E-01  3.0017277715E-01  9.0869116180E-01
HessDelSqRho_EigVec3 =  8.4173575455E-01  5.3180542004E-01  9.3080152128E-02
</CP of DelSqRho>
<CP of DelSqRho>
CP# = 16      
Type = (3,-3)
Coords = -5.76057415947956E-01 -3.16974074424138E-01  2.70603543919613E-01
DistFromNuc =  5.0155572526E-01
Rho =  4.0966111430E+00
DelSqRho =  8.5037088173E+01
GradDelSqRho = -1.4921397451E-13 -5.6843418861E-14 -6.0396132540E-14
HessDelSqRho_EigVals = -8.9658143728E+03 -3.0183554351E+01 -2.6426726356E+01
HessDelSqRho_EigVec1 =  5.2189569347E-01  8.1064332689E-01  2.6548499336E-01
HessDelSqRho_EigVec2 = -8.0370582953E-01  5.7158646490E-01 -1.6536581485E-01
HessDelSqRho_EigVec3 = -2.8580032315E-01 -1.2706813020E-01  9.4982728197E-01
</CP of DelSqRho>
<CP of DelSqRho>
CP# = 17      
Type = (3,-1)
Coords =  5.41813170955877E-02  1.03483510677338E-01  7.44498949848028E-01
DistFromNuc =  5.0214396771E-01
Rho =  4.0830712811E+00
DelSqRho =  8.3494956388E+01
GradDelSqRho = -7.1054273576E-13 -7.8159700934E-14 -5.1159076975E-13
HessDelSqRho_EigVals = -8.8134212096E+03 -1.5087552834E+01  1.3875565635E+01
HessDelSqRho_EigVec1 =  7.3383834886E-01  2.7434058705E-02  6.7876995379E-01
HessDelSqRho_EigVec2 =  2.3843268215E-02  9.9752841479E-01 -6.6095084820E-02
HessDelSqRho_EigVec3 = -6.7890557245E-01  6.4687201977E-02  7.3137048724E-01
</CP of DelSqRho>
<CP of DelSqRho>
CP# = 18      
Type = (3,+1)
Coords = -7.87448731434107E-01  1.86377602990211E-01  5.43096932373840E-01
DistFromNuc =  5.0260069399E-01
Rho =  4.0759710555E+00
DelSqRho =  8.2763874252E+01
GradDelSqRho = -6.1461946643E-13  8.6508578079E-13 -4.6629367034E-13
HessDelSqRho_EigVals = -8.7382310433E+03  1.5011278972E+01  2.1463608214E+01
HessDelSqRho_EigVec1 =  9.4123281274E-01 -1.9274159566E-01 -2.7736522766E-01
HessDelSqRho_EigVec2 =  3.0968401743E-01  1.6467876105E-01  9.3647034924E-01
HessDelSqRho_EigVec3 =  1.3482062735E-01  9.6733219887E-01 -2.1469004513E-01
</CP of DelSqRho>
<CP of DelSqRho>
CP# = 19      
Type = (3,-1)
Coords = -7.07803387113866E-01  1.59942973796125E-01  9.95537886271869E-02
DistFromNuc =  5.0224659163E-01
Rho =  4.0812362318E+00
DelSqRho =  8.3394221746E+01
GradDelSqRho = -3.4106051316E-13  3.2684965845E-13 -6.8212102633E-13
HessDelSqRho_EigVals = -8.7983773985E+03 -1.4385325959E+01  2.4017102182E+01
HessDelSqRho_EigVec1 =  7.8328654497E-01 -1.4009433523E-01  6.0566968366E-01
HessDelSqRho_EigVec2 = -5.9911598011E-01  8.9882391383E-02  7.9560115516E-01
HessDelSqRho_EigVec3 =  1.6589825449E-01  9.8605006615E-01  1.3529087159E-02
</CP of DelSqRho>
<CP of DelSqRho>
CP# = 20      
Type = (3,+1)
Coords = -6.95936486595364E-02  4.93823378658819E-01  5.75103873911166E-01
DistFromNuc =  5.0262449135E-01
Rho =  4.0753922584E+00
DelSqRho =  8.2820771030E+01
GradDelSqRho =  5.3290705182E-13  6.1106675275E-13 -1.1368683772E-13
HessDelSqRho_EigVals = -8.7348923410E+03  1.4086021781E+01  1.8873443960E+01
HessDelSqRho_EigVec1 =  4.8689037229E-01  8.0409828820E-01  3.4112125158E-01
HessDelSqRho_EigVec2 = -5.1327455383E-01 -5.2605116359E-02  8.5661072497E-01
HessDelSqRho_EigVec3 =  7.0674394073E-01 -5.9216437299E-01  3.8711026542E-01
</CP of DelSqRho>
<CP of DelSqRho>
CP# = 21      
Type = (3,-3)
Coords = -4.91017978246384E-01  5.25931068493821E-01  2.29805751026239E-01
DistFromNuc =  5.0178017678E-01
Rho =  4.0892447830E+00
DelSqRho =  8.4410774064E+01
GradDelSqRho =  1.9895196601E-13 -5.6843418861E-13 -1.8474111130E-13
HessDelSqRho_EigVals = -8.8722119564E+03 -2.5042713206E+01 -2.4183675905E+01
HessDelSqRho_EigVec1 = -3.5219137876E-01  8.6936746659E-01 -3.4664310286E-01
HessDelSqRho_EigVec2 =  8.8849849579E-01  4.2697463667E-01  1.6811627705E-01
HessDelSqRho_EigVec3 = -2.9416263477E-01  2.4878277206E-01  9.2280847234E-01
</CP of DelSqRho>
<CP of DelSqRho>
CP# = 22      
Type = (3,-1)
Coords = -4.82433940141841E-01  4.60525626114642E-01  6.97669325892144E-01
DistFromNuc =  5.0220456053E-01
Rho =  4.0814752006E+00
DelSqRho =  8.3375134738E+01
GradDelSqRho =  2.8776980798E-13  2.2737367544E-13 -2.1316282073E-14
HessDelSqRho_EigVals = -8.7932111278E+03 -1.3386767245E+01  1.7928176696E+01
HessDelSqRho_EigVec1 = -3.3475082061E-01  7.3828423537E-01  5.8555808927E-01
HessDelSqRho_EigVec2 =  9.1904942803E-01  3.9300742413E-01  2.9888349100E-02
HessDelSqRho_EigVec3 = -2.0806257938E-01  5.4816197641E-01 -8.1007926197E-01
</CP of DelSqRho>
<CP of DelSqRho>
CP# = 23      
Type = (3,-1)
Coords = -5.33850433039875E-01 -1.62942418395399E-01  7.78027487458563E-01
DistFromNuc =  5.0210372434E-01
Rho =  4.0849042856E+00
DelSqRho =  8.3699138953E+01
GradDelSqRho = -3.1263880373E-13 -1.2789769244E-13  1.2789769244E-13
HessDelSqRho_EigVals = -8.8389557794E+03 -1.6928034278E+01  1.4752813589E+01
HessDelSqRho_EigVec1 = -4.3698629309E-01 -5.0275724481E-01  7.4584055431E-01
HessDelSqRho_EigVec2 = -8.1349745353E-01  5.7468007937E-01 -8.9245164960E-02
HessDelSqRho_EigVec3 =  3.8375105570E-01  6.4573830548E-01  6.6011905599E-01
</CP of DelSqRho>
<CP of DelSqRho>
CP# = 24      
Type = (3,-1)
Coords = -4.79546780899083E-02  4.27662990885580E-01  1.44806850589500E-01
DistFromNuc =  5.0223377251E-01
Rho =  4.0820257120E+00
DelSqRho =  8.3371933029E+01
GradDelSqRho =  1.4210854715E-13  7.3541173151E-13  3.3750779949E-13
HessDelSqRho_EigVals = -8.7984077352E+03 -1.3817101236E+01  1.9982147114E+01
HessDelSqRho_EigVec1 =  5.3050272082E-01  6.7277086838E-01 -5.1569974002E-01
HessDelSqRho_EigVec2 =  2.4013074203E-01  4.6417254877E-01  8.5257320607E-01
HessDelSqRho_EigVec3 =  8.1296007893E-01 -5.7612776675E-01  8.4691832216E-02
</CP of DelSqRho>
<CP of DelSqRho>
CP# = 25      
Type = (3,-1)
Coords = -6.54002484187822E-02 -2.65597823462977E-01  1.50571190478186E-01
DistFromNuc =  5.0225503003E-01
Rho =  4.0812414992E+00
DelSqRho =  8.3392593069E+01
GradDelSqRho = -2.2026824809E-12  3.8156144910E-12  3.3324454307E-12
HessDelSqRho_EigVals = -8.7969143332E+03 -1.4025311197E+01  2.2160346900E+01
HessDelSqRho_EigVec1 = -4.9605115391E-01  7.0697261211E-01  5.0410611822E-01
HessDelSqRho_EigVec2 =  2.0540764475E-01 -4.6854608410E-01  8.5922771519E-01
HessDelSqRho_EigVec3 =  8.4364740987E-01  5.2976815004E-01  8.7205246521E-02
</CP of DelSqRho>
<CP of DelSqRho>
CP# = 26      
Type = (3,-1)
Coords = -1.59027711140900E+00  3.20571029479451E-01  9.77316409804735E-01
DistFromNuc =  1.4178655571E+00
Rho =  1.0581556784E-01
DelSqRho =  6.0167310755E-02
GradDelSqRho = -1.1668443989E-13  3.1995239791E-14  6.3837823916E-14
HessDelSqRho_EigVals = -4.5801133174E-01 -2.2674846834E-01  5.9886964237E+00
HessDelSqRho_EigVec1 =  3.2664356384E-01 -3.6312346509E-01  8.7260834932E-01
HessDelSqRho_EigVec2 =  3.0431191173E-01  9.1449294811E-01  2.6664003495E-01
HessDelSqRho_EigVec3 =  8.9481743534E-01 -1.7844886369E-01 -4.0921603153E-01
</CP of DelSqRho>
<CP of DelSqRho>
CP# = 27      
Type = (3,-1)
Coords = -4.34826199007568E-02  1.73008270920366E-01 -9.88882936140311E-01
DistFromNuc =  1.4211298104E+00
Rho =  1.0363940864E-01
DelSqRho =  7.4780319431E-02
GradDelSqRho = -2.9698465909E-15  4.4408920985E-16  7.7715611724E-15
HessDelSqRho_EigVals = -4.4569329964E-01 -2.6538604249E-01  5.7779443739E+00
HessDelSqRho_EigVec1 = -9.8048100770E-01 -1.1503535287E-02 -1.9627700380E-01
HessDelSqRho_EigVec2 = -2.6341766929E-02  9.9697255311E-01  7.3156268745E-02
HessDelSqRho_EigVec3 = -1.9484122988E-01 -7.6898615186E-02  9.7781567697E-01
</CP of DelSqRho>
<CP of DelSqRho>
CP# = 28      
Type = (3,-1)
Coords =  4.64350758242083E-01  1.19350280331793E+00  8.76845351578430E-01
DistFromNuc =  1.4313301030E+00
Rho =  1.0701446645E-01
DelSqRho =  1.1707999865E-01
GradDelSqRho = -2.6888213878E-16  2.7755575616E-17  1.3877787808E-16
HessDelSqRho_EigVals = -6.3425653448E-01 -5.4318324300E-01  5.0777342760E+00
HessDelSqRho_EigVec1 =  4.5790587223E-01 -5.8844378018E-01  6.6637536699E-01
HessDelSqRho_EigVec2 = -7.0675115747E-01  2.1374672779E-01  6.7439983525E-01
HessDelSqRho_EigVec3 =  5.3928194258E-01  7.7977320672E-01  3.1800744092E-01
</CP of DelSqRho>
<CP of DelSqRho>
CP# = 29      
Type = (3,-1)
Coords =  3.32174150492712E-01 -1.00939442230907E+00  1.07341210417123E+00
DistFromNuc =  1.4402870989E+00
Rho =  1.0422515729E-01
DelSqRho =  1.1999352606E-01
GradDelSqRho =  2.3986368447E-13 -4.7084558474E-13  4.8849813084E-14
HessDelSqRho_EigVals = -8.6261472863E-01 -4.8263177344E-01  4.5892273761E+00
HessDelSqRho_EigVec1 =  8.8541607636E-01  4.4317723679E-01 -1.4011534004E-01
HessDelSqRho_EigVec2 = -1.0329869271E-01  4.8153860132E-01  8.7031600900E-01
HessDelSqRho_EigVec3 = -4.5317518887E-01  7.5611805442E-01 -4.7214164820E-01
</CP of DelSqRho>
<CP of DelSqRho>
CP# = 30      
Type = (3,+1)
Coords =  4.27091108858200E-01  9.94806755877587E-01 -3.04748531634978E-01
DistFromNuc =  1.3678181865E+00
Rho =  1.4350469156E-01
DelSqRho =  2.5286677436E-03
GradDelSqRho = -2.3869795029E-15 -2.3869795029E-15  5.4539706085E-15
HessDelSqRho_EigVals = -1.8457039159E+00  2.5895267814E-01  1.0995052060E+01
HessDelSqRho_EigVec1 =  8.0256334472E-01 -5.9273715100E-01  6.7488869634E-02
HessDelSqRho_EigVec2 =  2.6167401691E-01  4.5143594739E-01  8.5307226791E-01
HessDelSqRho_EigVec3 =  5.3611452748E-01  6.6698444901E-01 -5.1740985515E-01
</CP of DelSqRho>
<CP of DelSqRho>
CP# = 31      
Type = (3,-1)
Coords = -1.39184111821138E+00  2.41834150827231E-01 -4.37099385358563E-01
DistFromNuc =  1.3751697307E+00
Rho =  1.3675806488E-01
DelSqRho =  4.7175261528E-02
GradDelSqRho = -3.8857805862E-16  0.0000000000E+00  2.7755575616E-16
HessDelSqRho_EigVals = -1.4783017776E+00 -1.3823983555E-01  9.8852290186E+00
HessDelSqRho_EigVec1 =  7.5128763730E-02  9.9221199584E-01  9.9353027958E-02
HessDelSqRho_EigVec2 = -6.1986847251E-01 -3.1575706511E-02  7.8407018279E-01
HessDelSqRho_EigVec3 =  7.8110098300E-01 -1.2049203319E-01  6.1266869048E-01
</CP of DelSqRho>
<CP of DelSqRho>
CP# = 32      
Type = (3,+1)
Coords =  1.90510517922770E-01 -6.59602334898556E-01 -6.47798397819501E-01
DistFromNuc =  1.3863381470E+00
Rho =  1.2989505829E-01
DelSqRho =  3.6508773583E-02
GradDelSqRho =  3.2393532301E-12 -5.0043857946E-12 -5.0247583872E-12
HessDelSqRho_EigVals = -1.7749203941E+00  1.8496655724E-01  8.8935327363E+00
HessDelSqRho_EigVec1 =  9.0837068298E-01  3.8747358837E-01  1.5724795904E-01
HessDelSqRho_EigVec2 = -1.9447951916E-01  7.2435380493E-01 -6.6142972560E-01
HessDelSqRho_EigVec3 = -3.7018970669E-01  5.7024186412E-01  7.3333743765E-01
</CP of DelSqRho>
<CP of DelSqRho>
CP# = 33      
Type = (3,+1)
Coords = -8.74309901288755E-01 -7.21080302461666E-01  1.33851426193870E+00
DistFromNuc =  1.3582082354E+00
Rho =  1.4873007773E-01
DelSqRho = -8.8581773864E-02
GradDelSqRho = -5.1403326040E-14 -3.4611202793E-14  7.2053474298E-14
HessDelSqRho_EigVals = -1.7360349275E+00  5.0813685446E-01  1.2158529038E+01
HessDelSqRho_EigVec1 = -2.9375125459E-01 -6.2884345219E-01 -7.1990701696E-01
HessDelSqRho_EigVec2 =  8.6140276058E-01 -5.0062170407E-01  8.5809052478E-02
HessDelSqRho_EigVec3 = -4.1436153839E-01 -5.9492337494E-01  6.8874573933E-01
</CP of DelSqRho>
<CP of DelSqRho>
CP# = 34      
Type = (3,+1)
Coords = -1.68756055420404E+00  2.32420899056902E-01  2.30494164414129E-01
DistFromNuc =  1.3914341755E+00
Rho =  1.2247624582E-01
DelSqRho =  3.0220018664E-02
GradDelSqRho = -3.9968028887E-15  8.8817841970E-16  0.0000000000E+00
HessDelSqRho_EigVals = -8.8776584161E-01  1.8072983527E-01  8.2982891892E+00
HessDelSqRho_EigVec1 =  1.0884415901E-01  9.9404645812E-01 -4.9586433073E-03
HessDelSqRho_EigVec2 = -1.6422853999E-01  2.2901661291E-02  9.8615642804E-01
HessDelSqRho_EigVec3 =  9.8039886562E-01 -1.0652301631E-01  1.6574351056E-01
</CP of DelSqRho>
<CP of DelSqRho>
CP# = 35      
Type = (3,+1)
Coords = -7.76630276767952E-01  1.13609305129252E+00  1.15470254683103E+00
DistFromNuc =  1.3684752682E+00
Rho =  1.4814057085E-01
DelSqRho =  1.2306392039E-02
GradDelSqRho =  2.5229818235E-14  5.7731597281E-15 -6.1062266354E-15
HessDelSqRho_EigVals = -1.9846794448E+00  1.7329476917E-01  1.1042571320E+01
HessDelSqRho_EigVec1 =  2.3053063889E-01 -4.9142406785E-01  8.3985594602E-01
HessDelSqRho_EigVec2 =  9.1276814783E-01  4.0831247999E-01 -1.1628713774E-02
HessDelSqRho_EigVec3 = -3.3720903433E-01  7.6927453111E-01  5.4268477309E-01
</CP of DelSqRho>
<CP of DelSqRho>
CP# = 36      
Type = (3,+1)
Coords = -8.88365106461141E-01  2.45810242106377E-01 -8.47440793096272E-01
DistFromNuc =  1.3853647609E+00
Rho =  1.2868400292E-01
DelSqRho =  3.4768405284E-02
GradDelSqRho =  1.2073675393E-15 -1.1102230246E-16 -1.3877787808E-16
HessDelSqRho_EigVals = -1.1973877926E+00  1.6965038236E-01  8.9869219558E+00
HessDelSqRho_EigVec1 =  8.0831049420E-02  9.9105315183E-01  1.0620730534E-01
HessDelSqRho_EigVec2 =  8.9172551817E-01 -2.4298893874E-02 -4.5192384757E-01
HessDelSqRho_EigVec3 =  4.4529983348E-01 -1.3123724324E-01  8.8571149043E-01
</CP of DelSqRho>
<CP of DelSqRho>
CP# = 37      
Type = (3,+1)
Coords =  7.28023732341768E-01  9.02609474907601E-02  1.27934862070187E+00
DistFromNuc =  1.3613593687E+00
Rho =  1.4805891590E-01
DelSqRho = -9.9060378750E-02
GradDelSqRho = -3.5416114486E-12 -1.1117218257E-12 -3.8985203954E-12
HessDelSqRho_EigVals = -2.1244821752E+00  8.0939239492E-01  1.1947931818E+01
HessDelSqRho_EigVec1 = -6.3865803888E-01  1.3751677821E-01  7.5710306107E-01
HessDelSqRho_EigVec2 =  8.8614258856E-02  9.9049943501E-01 -1.0515884353E-01
HessDelSqRho_EigVec3 =  7.6437125960E-01  7.0414148972E-05  6.4477637406E-01
</CP of DelSqRho>
<CP of DelSqRho>
CP# = 38      
Type = (3,+3)
Coords =  9.93917453769544E-01 -4.93214487428459E-02  1.58494978311126E-01
DistFromNuc =  1.3382848115E+00
Rho =  2.3556498540E-01
DelSqRho = -8.2189014497E-01
GradDelSqRho = -4.1300296516E-14  5.2458037914E-15  8.5209617140E-15
HessDelSqRho_EigVals =  2.8682981430E+00  3.1175747470E+00  1.7053179554E+01
HessDelSqRho_EigVec1 =  1.6588733473E-01 -1.7264789235E-01  9.7091405255E-01
HessDelSqRho_EigVec2 =  1.2629271299E-01  9.8016742090E-01  1.5271534842E-01
HessDelSqRho_EigVec3 =  9.7802430584E-01 -9.7285827659E-02 -1.8440153176E-01
</CP of DelSqRho>
<CP of DelSqRho>
CP# = 39      
Type = (3,+3)
Coords = -2.74301987625107E-01  2.09003846214936E-01  1.78259057478313E+00
DistFromNuc =  1.3846223379E+00
Rho =  2.3703866590E-01
DelSqRho = -8.8675023815E-01
GradDelSqRho = -1.6653345369E-16  5.5511151231E-17 -1.9984014443E-15
HessDelSqRho_EigVals =  3.9899303413E+00  4.2384036817E+00  9.6815472273E+00
HessDelSqRho_EigVec1 =  9.5039214430E-01  3.0919141194E-01 -3.3991805444E-02
HessDelSqRho_EigVec2 = -3.1073851604E-01  9.4866410043E-01 -5.8974563995E-02
HessDelSqRho_EigVec3 =  1.4012376824E-02  6.6611525516E-02  9.9768058915E-01
</CP of DelSqRho>
<CP of DelSqRho>
CP# = 40      
Type = (3,-1)
Coords =  1.19910510755881E+00  4.31257803848083E-01  1.60118431229869E+00
DistFromNuc =  1.9598972604E+00
Rho =  6.3130611496E-02
DelSqRho =  1.4540839062E-01
GradDelSqRho = -1.8757113918E-12 -7.8087536437E-13 -1.6267993896E-12
HessDelSqRho_EigVals = -8.7893887112E-01 -1.5157392117E-01  1.4967539889E-02
HessDelSqRho_EigVec1 =  7.1898523038E-01  2.7311166567E-01  6.3911677851E-01
HessDelSqRho_EigVec2 = -6.8948396310E-01  1.6438680479E-01  7.0539977534E-01
HessDelSqRho_EigVec3 = -8.7590542499E-02  9.4783278931E-01 -3.0649779832E-01
</CP of DelSqRho>
<CP of DelSqRho>
CP# = 41      
Type = (3,+1)
Coords =  9.80661497263146E-01 -3.86634350674869E-02 -1.25596282530184E+00
DistFromNuc =  2.1090306941E+00
Rho =  5.7801942972E-02
DelSqRho =  1.2320910828E-01
GradDelSqRho = -1.4987447047E-13 -1.4146323002E-13  5.7516491569E-13
HessDelSqRho_EigVals = -5.7727599415E-01  6.6811531474E-02  1.7346579378E-01
HessDelSqRho_EigVec1 = -7.5867944564E-02 -4.5206014547E-03  9.9710762666E-01
HessDelSqRho_EigVec2 =  8.0073432696E-02  9.9673248207E-01  1.0611529566E-02
HessDelSqRho_EigVec3 =  9.9389753011E-01 -8.0646905371E-02  7.5258064619E-02
</CP of DelSqRho>
<CP of DelSqRho>
CP# = 42      
Type = (3,+1)
Coords =  1.57801672205288E+00  9.81478984892296E-01  8.54539425782998E-01
DistFromNuc =  2.1400104846E+00
Rho =  6.1745372912E-02
DelSqRho =  1.3255430028E-01
GradDelSqRho = -4.5480980093E-14 -2.2116336540E-13  5.2428547614E-14
HessDelSqRho_EigVals = -5.9848340085E-01  3.0782300743E-02  2.1174812533E-01
HessDelSqRho_EigVec1 =  4.2894471996E-01  7.5563458040E-01  4.9499778598E-01
HessDelSqRho_EigVec2 =  1.2567824640E-01 -5.9256088878E-01  7.9566109083E-01
HessDelSqRho_EigVec3 =  8.9454536252E-01 -2.7908417007E-01 -3.4914269348E-01
</CP of DelSqRho>
<CP of DelSqRho>
CP# = 43      
Type = (3,-1)
Coords =  1.91795623329250E-01 -1.80760989946653E-02 -1.33585850514749E+00
DistFromNuc =  1.8149002387E+00
Rho =  5.5709051124E-02
DelSqRho =  1.3826038912E-01
GradDelSqRho =  1.1449174941E-16  3.1918911958E-16 -3.8857805862E-16
HessDelSqRho_EigVals = -9.9913435516E-01 -7.8232554954E-02  8.5316446936E-02
HessDelSqRho_EigVec1 = -1.8179916901E-01  2.4287469576E-02  9.8303569669E-01
HessDelSqRho_EigVec2 =  9.7951780369E-01  9.2480527978E-02  1.7886370284E-01
HessDelSqRho_EigVec3 = -8.6567513511E-02  9.9541823912E-01 -4.0602891993E-02
</CP of DelSqRho>
<CP of DelSqRho>
CP# = 44      
Type = (3,-1)
Coords =  1.40583042661953E+00  1.09288455489810E+00 -4.73463447947660E-01
DistFromNuc =  2.1759820908E+00
Rho =  6.1613641400E-02
DelSqRho =  1.5237324531E-01
GradDelSqRho = -9.7144514655E-17 -6.9388939039E-17  1.4831885720E-16
HessDelSqRho_EigVals = -6.5761894112E-01 -6.1101425347E-02  2.9608475250E-01
HessDelSqRho_EigVec1 =  2.9525693027E-01  8.4027384193E-01 -4.5471223394E-01
HessDelSqRho_EigVec2 =  2.1943306740E-01  4.0356782986E-01  8.8824666373E-01
HessDelSqRho_EigVec3 =  9.2987766618E-01 -3.6203988354E-01 -6.5227667993E-02
</CP of DelSqRho>
<CP of DelSqRho>
CP# = 45      
Type = (3,+1)
Coords = -2.04160394553952E+00  6.05416001240221E-02  9.89312108174514E-01
DistFromNuc =  1.8240595317E+00
Rho =  5.5260038747E-02
DelSqRho =  1.2591127640E-01
GradDelSqRho =  5.4793808379E-12 -6.1975077847E-13 -5.6325074813E-12
HessDelSqRho_EigVals = -9.8185630634E-01  3.3384567241E-02  6.3208250986E-02
HessDelSqRho_EigVec1 =  9.2731788698E-01 -6.6694962010E-02 -3.6828429037E-01
HessDelSqRho_EigVec2 =  3.7242221001E-01  6.6648195058E-02  9.2566717323E-01
HessDelSqRho_EigVec3 =  3.7191853731E-02  9.9554497645E-01 -8.6642748560E-02
</CP of DelSqRho>
<CP of DelSqRho>
CP# = 46      
Type = (3,-1)
Coords = -2.86050739172540E-01 -1.35146421369072E+00  1.62674380846687E+00
DistFromNuc =  1.8903630758E+00
Rho =  6.4186922153E-02
DelSqRho =  1.4937724582E-01
GradDelSqRho =  0.0000000000E+00  1.1449174941E-16 -2.9490299092E-16
HessDelSqRho_EigVals = -1.0366062235E+00 -1.3006736753E-01  3.6952461734E-02
HessDelSqRho_EigVec1 = -1.7586771626E-01  7.0712854877E-01 -6.8486477635E-01
HessDelSqRho_EigVec2 =  2.1771388284E-01  7.0641990185E-01  6.7347723605E-01
HessDelSqRho_EigVec3 =  9.6003708866E-01 -3.0661666226E-02 -2.7818815688E-01
</CP of DelSqRho>
<CP of DelSqRho>
CP# = 47      
Type = (3,-1)
Coords = -1.93305084344206E+00  7.42101800162429E-02  1.23100401540644E+00
DistFromNuc =  1.8179272197E+00
Rho =  5.5524623777E-02
DelSqRho =  1.2630489200E-01
GradDelSqRho = -1.7347234760E-16  1.0755285551E-16 -1.4745149546E-16
HessDelSqRho_EigVals = -9.8986036609E-01 -3.2081407690E-02  6.3230529115E-02
HessDelSqRho_EigVec1 =  9.0024211180E-01 -5.1227977038E-02 -4.3236539467E-01
HessDelSqRho_EigVec2 =  4.3488462629E-01  5.7983481391E-02  8.9861742566E-01
HessDelSqRho_EigVec3 =  2.0964302032E-02  9.9700231206E-01 -7.4477431387E-02
</CP of DelSqRho>
<CP of DelSqRho>
CP# = 48      
Type = (3,+1)
Coords =  1.39763832237131E+00 -1.09455953852181E+00  9.78969413186813E-01
DistFromNuc =  2.1596790807E+00
Rho =  6.1319921070E-02
DelSqRho =  1.2669826061E-01
GradDelSqRho =  6.9388939039E-17 -2.0816681712E-17 -6.9388939039E-17
HessDelSqRho_EigVals = -5.6945449924E-01  5.2179618750E-02  2.2044711958E-01
HessDelSqRho_EigVec1 = -2.7839816148E-01  7.5776447371E-01 -5.9015884817E-01
HessDelSqRho_EigVec2 =  2.2984458602E-01  6.4915934307E-01  7.2509558928E-01
HessDelSqRho_EigVec3 =  9.3255880778E-01  6.6220462808E-02 -3.5489282937E-01
</CP of DelSqRho>
<CP of DelSqRho>
CP# = 49      
Type = (3,-3)
Coords = -1.09847093754954E+00 -1.21759084377722E+00  1.64184875988510E+00
DistFromNuc =  1.9638633321E+00
Rho =  6.6402951628E-02
DelSqRho =  1.5288561766E-01
GradDelSqRho = -2.6020852140E-17 -1.5265566589E-16 -1.3877787808E-17
HessDelSqRho_EigVals = -9.8797944500E-01 -1.1280584480E-01 -2.0935491588E-02
HessDelSqRho_EigVec1 = -3.4402561591E-01 -5.1520190660E-01  7.8499259298E-01
HessDelSqRho_EigVec2 = -4.6379975342E-03  8.3694543652E-01  5.4726668569E-01
HessDelSqRho_EigVec3 =  9.3894880828E-01 -1.8463296490E-01  2.9032017446E-01
</CP of DelSqRho>
<CP of DelSqRho>
CP# = 50      
Type = (3,-1)
Coords =  1.60557654706411E+00  6.98665618939265E-02  1.39682806959389E+00
DistFromNuc =  2.1616678323E+00
Rho =  6.2372579875E-02
DelSqRho =  1.3829048986E-01
GradDelSqRho = -2.1090768021E-14 -2.9160701631E-15 -2.7949864645E-14
HessDelSqRho_EigVals = -6.2450139221E-01 -2.3863112318E-02  1.7854800470E-01
HessDelSqRho_EigVec1 =  4.7874438294E-01  8.7424608480E-02  8.7359072433E-01
HessDelSqRho_EigVec2 = -5.4223307289E-02 -9.9018597151E-01  1.2880828692E-01
HessDelSqRho_EigVec3 =  8.7627829412E-01 -1.0903522213E-01 -4.6930552051E-01
</CP of DelSqRho>
<Path of -GradDelSqRho>
Starting CP# =      8
Ending CP# =      5
Number of Points =    208
 -1.9480164493E-01  2.0312019176E-01  1.7887068028E-01  1.6870379774E+01 -3.4603725894E+02
 -1.9453347850E-01  2.0385067652E-01  1.8089576704E-01  1.6972709662E+01 -3.4589513048E+02
 -1.9438640273E-01  2.0407824585E-01  1.8108684524E-01  1.6972386911E+01 -3.4589617422E+02
 -1.9423080150E-01  2.0431904981E-01  1.8128927927E-01  1.6972026587E+01 -3.4589733922E+02
 -1.9406847359E-01  2.0457033378E-01  1.8150087325E-01  1.6971636059E+01 -3.4589860380E+02
 -1.9390079225E-01  2.0482999652E-01  1.8171996154E-01  1.6971221547E+01 -3.4589994975E+02
 -1.9372877102E-01  2.0509648871E-01  1.8194532385E-01  1.6970787971E+01 -3.4590136276E+02
 -1.9355314737E-01  2.0536868451E-01  1.8217608047E-01  1.6970339107E+01 -3.4590283192E+02
 -1.9337445623E-01  2.0564576867E-01  1.8241160108E-01  1.6969877817E+01 -3.4590434910E+02
 -1.9319308657E-01  2.0592714980E-01  1.8265143498E-01  1.6969406270E+01 -3.4590590822E+02
 -1.9300932253E-01  2.0621239725E-01  1.8289526053E-01  1.6968926115E+01 -3.4590750476E+02
 -1.9282337267E-01  2.0650119638E-01  1.8314284937E-01  1.6968438620E+01 -3.4590913539E+02
 -1.9263539046E-01  2.0679331709E-01  1.8339404129E-01  1.6967944766E+01 -3.4591079759E+02
 -1.9244548877E-01  2.0708859163E-01  1.8364872653E-01  1.6967445324E+01 -3.4591248955E+02
 -1.9225375022E-01  2.0738689879E-01  1.8390683327E-01  1.6966940905E+01 -3.4591420991E+02
 -1.9206023450E-01  2.0768815269E-01  1.8416831867E-01  1.6966432001E+01 -3.4591595770E+02
 -1.9186498367E-01  2.0799229460E-01  1.8443316241E-01  1.6965919011E+01 -3.4591773225E+02
 -1.9166802614E-01  2.0829928697E-01  1.8470136200E-01  1.6965402263E+01 -3.4591953313E+02
 -1.9146937946E-01  2.0860910906E-01  1.8497292928E-01  1.6964882031E+01 -3.4592136008E+02
 -1.9126905254E-01  2.0892175360E-01  1.8524788789E-01  1.6964358548E+01 -3.4592321300E+02
 -1.9106704722E-01  2.0923722439E-01  1.8552627136E-01  1.6963832010E+01 -3.4592509192E+02
 -1.9086335953E-01  2.0955553437E-01  1.8580812163E-01  1.6963302589E+01 -3.4592699697E+02
 -1.9065798063E-01  2.0987670423E-01  1.8609348800E-01  1.6962770438E+01 -3.4592892838E+02
 -1.9045089751E-01  2.1020076126E-01  1.8638242629E-01  1.6962235691E+01 -3.4593088645E+02
 -1.9024209360E-01  2.1052773856E-01  1.8667499823E-01  1.6961698472E+01 -3.4593287154E+02
 -1.9003154918E-01  2.1085767431E-01  1.8697127100E-01  1.6961158893E+01 -3.4593488411E+02
 -1.8981924171E-01  2.1119061133E-01  1.8727131691E-01  1.6960617062E+01 -3.4593692463E+02
 -1.8960514613E-01  2.1152659662E-01  1.8757521312E-01  1.6960073079E+01 -3.4593899367E+02
 -1.8938923506E-01  2.1186568112E-01  1.8788304148E-01  1.6959527042E+01 -3.4594109182E+02
 -1.8917147896E-01  2.1220791942E-01  1.8819488846E-01  1.6958979046E+01 -3.4594321973E+02
 -1.8895184624E-01  2.1255336961E-01  1.8851084506E-01  1.6958429188E+01 -3.4594537810E+02
 -1.8873030339E-01  2.1290209315E-01  1.8883100680E-01  1.6957877562E+01 -3.4594756768E+02
 -1.8850681503E-01  2.1325415479E-01  1.8915547375E-01  1.6957324264E+01 -3.4594978926E+02
 -1.8828134395E-01  2.1360962249E-01  1.8948435058E-01  1.6956769394E+01 -3.4595204369E+02
 -1.8805385117E-01  2.1396856741E-01  1.8981774666E-01  1.6956213054E+01 -3.4595433185E+02
 -1.8782429598E-01  2.1433106388E-01  1.9015577611E-01  1.6955655349E+01 -3.4595665469E+02
 -1.8759263590E-01  2.1469718941E-01  1.9049855799E-01  1.6955096392E+01 -3.4595901320E+02
 -1.8735882670E-01  2.1506702473E-01  1.9084621638E-01  1.6954536298E+01 -3.4596140841E+02
 -1.8712282243E-01  2.1544065382E-01  1.9119888060E-01  1.6953975189E+01 -3.4596384144E+02
 -1.8688457537E-01  2.1581816396E-01  1.9155668533E-01  1.6953413196E+01 -3.4596631343E+02
 -1.8664403602E-01  2.1619964576E-01  1.9191977086E-01  1.6952850455E+01 -3.4596882559E+02
 -1.8640115309E-01  2.1658519328E-01  1.9228828325E-01  1.6952287113E+01 -3.4597137920E+02
 -1.8615587344E-01  2.1697490405E-01  1.9266237459E-01  1.6951723324E+01 -3.4597397560E+02
 -1.8590814212E-01  2.1736887921E-01  1.9304220321E-01  1.6951159254E+01 -3.4597661619E+02
 -1.8565790227E-01  2.1776722354E-01  1.9342793396E-01  1.6950595079E+01 -3.4597930245E+02
 -1.8540509512E-01  2.1817004557E-01  1.9381973846E-01  1.6950030988E+01 -3.4598203594E+02
 -1.8514965995E-01  2.1857745771E-01  1.9421779538E-01  1.6949467180E+01 -3.4598481827E+02
 -1.8489153407E-01  2.1898957630E-01  1.9462229073E-01  1.6948903870E+01 -3.4598765117E+02
 -1.8463065277E-01  2.1940652171E-01  1.9503341819E-01  1.6948341286E+01 -3.4599053644E+02
 -1.8436694931E-01  2.1982841848E-01  1.9545137941E-01  1.6947779674E+01 -3.4599347596E+02
 -1.8410035486E-01  2.2025539538E-01  1.9587638433E-01  1.6947219293E+01 -3.4599647174E+02
 -1.8383079851E-01  2.2068758553E-01  1.9630865156E-01  1.6946660422E+01 -3.4599952585E+02
 -1.8355820724E-01  2.2112512646E-01  1.9674840868E-01  1.6946103358E+01 -3.4600264051E+02
 -1.8328250588E-01  2.2156816025E-01  1.9719589268E-01  1.6945548417E+01 -3.4600581803E+02
 -1.8300361713E-01  2.2201683356E-01  1.9765135025E-01  1.6944995936E+01 -3.4600906086E+02
 -1.8272146155E-01  2.2247129772E-01  1.9811503822E-01  1.6944446276E+01 -3.4601237156E+02
 -1.8243595755E-01  2.2293170883E-01  1.9858722393E-01  1.6943899819E+01 -3.4601575284E+02
 -1.8214702145E-01  2.2339822774E-01  1.9906818562E-01  1.6943356970E+01 -3.4601920755E+02
 -1.8185456745E-01  2.2387102015E-01  1.9955821282E-01  1.6942818163E+01 -3.4602273871E+02
 -1.8155850772E-01  2.2435025658E-01  2.0005760675E-01  1.6942283854E+01 -3.4602634949E+02
 -1.8125875245E-01  2.2483611240E-01  2.0056668071E-01  1.6941754530E+01 -3.4603004322E+02
 -1.8095520991E-01  2.2532876777E-01  2.0108576047E-01  1.6941230703E+01 -3.4603382344E+02
 -1.8064778656E-01  2.2582840762E-01  2.0161518463E-01  1.6940712917E+01 -3.4603769387E+02
 -1.8033638716E-01  2.2633522152E-01  2.0215530500E-01  1.6940201743E+01 -3.4604165843E+02
 -1.8002091493E-01  2.2684940359E-01  2.0270648692E-01  1.6939697784E+01 -3.4604572127E+02
 -1.7970127171E-01  2.2737115232E-01  2.0326910958E-01  1.6939201671E+01 -3.4604988676E+02
 -1.7937735814E-01  2.2790067038E-01  2.0384356633E-01  1.6938714069E+01 -3.4605415952E+02
 -1.7904907394E-01  2.2843816433E-01  2.0443026491E-01  1.6938235669E+01 -3.4605854443E+02
 -1.7871631812E-01  2.2898384435E-01  2.0502962765E-01  1.6937767193E+01 -3.4606304661E+02
 -1.7837898932E-01  2.2953792387E-01  2.0564209166E-01  1.6937309393E+01 -3.4606767152E+02
 -1.7803698613E-01  2.3010061912E-01  2.0626810893E-01  1.6936863043E+01 -3.4607242486E+02
 -1.7769020748E-01  2.3067214866E-01  2.0690814634E-01  1.6936428947E+01 -3.4607731270E+02
 -1.7733855307E-01  2.3125273286E-01  2.0756268568E-01  1.6936007927E+01 -3.4608234140E+02
 -1.7698192381E-01  2.3184259319E-01  2.0823222353E-01  1.6935600823E+01 -3.4608751769E+02
 -1.7662022235E-01  2.3244195161E-01  2.0891727109E-01  1.6935208492E+01 -3.4609284865E+02
 -1.7625335362E-01  2.3305102976E-01  2.0961835390E-01  1.6934831798E+01 -3.4609834177E+02
 -1.7588122542E-01  2.3367004813E-01  2.1033601152E-01  1.6934471610E+01 -3.4610400489E+02
 -1.7550374905E-01  2.3429922520E-01  2.1107079708E-01  1.6934128793E+01 -3.4610984631E+02
 -1.7512083998E-01  2.3493877639E-01  2.1182327673E-01  1.6933804205E+01 -3.4611587472E+02
 -1.7473241856E-01  2.3558891311E-01  2.1259402908E-01  1.6933498682E+01 -3.4612209928E+02
 -1.7433841070E-01  2.3624984167E-01  2.1338364444E-01  1.6933213038E+01 -3.4612852960E+02
 -1.7393874868E-01  2.3692176212E-01  2.1419272409E-01  1.6932948048E+01 -3.4613517575E+02
