 AIMInt (Version 19.10.12, Professional)
 Portions Copyright (c) 1997-2019 by Todd A. Keith
 AIMInt is a component of the AIMAll package ( http://aim.tkgristmill.com )

 TP:  64-bit Mac OS X

 AIMInt is a heavily modified and extended version of the PROAIMV program
 developed by members of R.F.W. Bader's research group

 Much of the Quantum Theory of Atoms in Molecules (QTAIM) is described in the book:
   "Atoms in Molecules - A Quantum Theory"
   R.F.W. Bader, Oxford University Press, Oxford, 1990

 For additional references see:  http://aim.tkgristmill.com/references.html

 Current Directory:  /Users/chemlab/Documents/SubstituentCoding/BCP Map Reference/BCPMapReference

 Inp File:  SubH_POCH3H_wb97xd_aug-cc-pvtz_reor_atomicfiles/c5.inp
 Wfx File:  SubH_POCH3H_wb97xd_aug-cc-pvtz_reor.wfx
 Out File:  SubH_POCH3H_wb97xd_aug-cc-pvtz_reor_atomicfiles/c5.int

 Wfx Title:   Title Card Required                                                           
 Job Title:   Title Card Required                                                           
 
<Atom>
C5      
</Atom>
<Nuclei of Molecule>
     8
P1        15.0           0.0000000000E+00   0.0000000000E+00   0.0000000000E+00
H2         1.0          -2.6772959431E+00   0.0000000000E+00   0.0000000000E+00
H3         1.0           5.0254053748E-01   2.6297088599E+00   0.0000000000E+00
O4         8.0           1.2082625382E+00  -1.4610209662E+00  -2.0654857720E+00
C5         6.0           7.7645822897E-01  -9.3890154328E-01   3.1926091395E+00
H6         1.0          -2.1363542811E-01   2.6027689242E-01   4.5440543364E+00
H7         1.0           2.2503614582E-01  -2.9006936964E+00   3.4718993224E+00
H8         1.0           2.8071994964E+00  -7.6777380359E-01   3.4710319381E+00
</Nuclei of Molecule>
<Total Number of CPs of DelSqRho>
    42
</Total Number of CPs of DelSqRho>
<Number of (3,+3) CPs of DelSqRho>
     6
</Number of (3,+3) CPs of DelSqRho>
<Number of (3,+1) CPs of DelSqRho>
    16
</Number of (3,+1) CPs of DelSqRho>
<Number of (3,-1) CPs of DelSqRho>
    15
</Number of (3,-1) CPs of DelSqRho>
<Number of (3,-3) CPs of DelSqRho>
     5
</Number of (3,-3) CPs of DelSqRho>
<Number of Degenerate CPs of DelSqRho>
     0
</Number of Degenerate CPs of DelSqRho>
<CP of DelSqRho>
CP# = 1       
Type = (3,+3)
Coords =  7.76458208321861E-01 -9.38901518322480E-01  3.19260909806475E+00
DistFromNuc =  5.2593240578E-08
Rho =  1.2088526419E+02
DelSqRho = -7.4438362146E+05
GradDelSqRho =  2.2865265237E-07  6.8291046773E-07 -3.3705819078E-06
HessDelSqRho_EigVals =  1.5947192475E+10  1.5947192504E+10  1.5947192647E+10
HessDelSqRho_EigVec1 = -5.9178527353E-01  7.1176818475E-01  3.7838636500E-01
HessDelSqRho_EigVec2 =  7.6932001483E-01  6.3886195462E-01  1.4552365259E-03
HessDelSqRho_EigVec3 =  2.4070086168E-01 -2.9196139148E-01  9.2564660701E-01
</CP of DelSqRho>
<CP of DelSqRho>
CP# = 2       
Type = (3,+3)
Coords =  3.40331442856289E-01 -4.11486846201280E-01  1.42927576479604E+00
DistFromNuc =  1.8914855079E+00
Rho =  1.7675816333E-01
DelSqRho = -4.5555367287E-01
GradDelSqRho = -4.7406523151E-14  5.7398530373E-14 -1.9806378759E-13
HessDelSqRho_EigVals =  1.5068226326E+00  1.6852225408E+00  5.4291949737E+00
HessDelSqRho_EigVec1 =  7.7056001132E-01  6.3736745206E-01 -3.6885416982E-06
HessDelSqRho_EigVec2 = -5.9804177129E-01  7.2301832816E-01  3.4581864747E-01
HessDelSqRho_EigVec3 =  2.2041621709E-01 -2.6647181500E-01  9.3830137112E-01
</CP of DelSqRho>
<CP of DelSqRho>
CP# = 3       
Type = (3,+1)
Coords =  1.52452001021874E-01 -1.83120552424508E-01  4.03867622025904E+00
DistFromNuc =  1.2947656868E+00
Rho =  2.8087647326E-01
DelSqRho = -1.0656036265E+00
GradDelSqRho = -2.4980018054E-16  1.3600232052E-15 -4.3021142204E-16
HessDelSqRho_EigVals = -7.7958060764E+00  7.9217563929E+00  8.0614230551E+00
HessDelSqRho_EigVec1 = -4.7862091640E-01  5.7970004619E-01  6.5944664290E-01
HessDelSqRho_EigVec2 = -4.2029394443E-01  5.0815653107E-01 -7.5175124889E-01
HessDelSqRho_EigVec3 =  7.7089235219E-01  6.3696530233E-01 -4.3007441886E-04
</CP of DelSqRho>
<CP of DelSqRho>
CP# = 4       
Type = (3,+1)
Coords =  4.26726510460198E-01 -2.17282463584000E+00  3.36599402463001E+00
DistFromNuc =  1.2941950362E+00
Rho =  2.8339411015E-01
DelSqRho = -1.0843666300E+00
GradDelSqRho =  1.2490009027E-16  5.8460181140E-16  1.5543122345E-15
HessDelSqRho_EigVals = -8.0823437296E+00  8.0823744370E+00  8.2277901419E+00
HessDelSqRho_EigVec1 =  2.6523849135E-01  9.5412023482E-01 -1.3893566933E-01
HessDelSqRho_EigVec2 =  3.9925390644E-01  2.2477297591E-02  9.1656483092E-01
HessDelSqRho_EigVec3 =  8.7763595010E-01 -2.9857888170E-01 -3.7497438646E-01
</CP of DelSqRho>
<CP of DelSqRho>
CP# = 5       
Type = (3,+1)
Coords =  2.05429431732498E+00 -8.28415583051558E-01  3.36545565615609E+00
DistFromNuc =  1.2941978730E+00
Rho =  2.8339413841E-01
DelSqRho = -1.0843773455E+00
GradDelSqRho = -9.8532293435E-16 -3.8163916471E-16  1.1657341759E-15
HessDelSqRho_EigVals = -8.0822657663E+00  8.0825383899E+00  8.2278337707E+00
HessDelSqRho_EigVec1 =  9.8709782159E-01  8.0331849177E-02  1.3850878898E-01
HessDelSqRho_EigVec2 = -9.7082170920E-02 -3.8763573924E-01  9.1668619808E-01
HessDelSqRho_EigVec3 = -1.2733005421E-01  9.1830568313E-01  3.7483560346E-01
</CP of DelSqRho>
<CP of DelSqRho>
CP# = 6       
Type = (3,+1)
Coords =  9.72738653125490E-01 -8.41950180983140E-01  3.14557568490851E+00
DistFromNuc =  2.2391453148E-01
Rho =  9.2368370375E+00
DelSqRho =  2.8039301224E+02
GradDelSqRho = -2.2470914018E-12 -2.8972380051E-12 -1.9610979507E-12
HessDelSqRho_EigVals = -5.8711182149E+04  1.8567230050E+01  2.8812939226E+01
HessDelSqRho_EigVec1 =  8.7691841695E-01  4.3254735450E-01 -2.0956353721E-01
HessDelSqRho_EigVec2 = -4.7386384311E-01  7.0509939700E-01 -5.2752999777E-01
HessDelSqRho_EigVec3 = -8.0418581237E-02  5.6190535365E-01  8.2328319874E-01
</CP of DelSqRho>
<CP of DelSqRho>
CP# = 7       
Type = (3,+1)
Coords =  6.33779735687808E-01 -7.66268472073439E-01  3.18899446546374E+00
DistFromNuc =  2.2399195429E-01
Rho =  9.2298671829E+00
DelSqRho =  2.8026266863E+02
GradDelSqRho =  2.7768676247E-11 -2.7073898679E-11  4.7606363296E-13
HessDelSqRho_EigVals = -5.8516358641E+04  9.3507922045E+00  2.1679422054E+01
HessDelSqRho_EigVec1 = -6.3698530526E-01  7.7071749836E-01 -1.5628774782E-02
HessDelSqRho_EigVec2 = -9.5548526087E-03  1.2378806926E-02  9.9987772749E-01
HessDelSqRho_EigVec3 =  7.7081672638E-01  6.3705675011E-01 -5.2102600853E-04
</CP of DelSqRho>
<CP of DelSqRho>
CP# = 8       
Type = (3,+1)
Coords =  6.44115605128412E-01 -1.11331160370732E+00  3.14565887423143E+00
DistFromNuc =  2.2391464149E-01
Rho =  9.2368271171E+00
DelSqRho =  2.8039278238E+02
GradDelSqRho = -5.7349680560E-12  6.3948846218E-14 -1.0729195310E-12
HessDelSqRho_EigVals = -5.8710888723E+04  1.8552347296E+01  2.8806562119E+01
HessDelSqRho_EigVec1 =  5.9067440305E-01  7.7932176800E-01  2.0919209237E-01
HessDelSqRho_EigVec2 =  6.0298453413E-01 -5.9858123501E-01  5.2736150476E-01
HessDelSqRho_EigVec3 =  5.3620276126E-01 -1.8535934565E-01 -8.2348558688E-01
</CP of DelSqRho>
<CP of DelSqRho>
CP# = 9       
Type = (3,-3)
Coords =  8.27606287251186E-01 -1.00073487766898E+00  3.40153122575003E+00
DistFromNuc =  2.2380331372E-01
Rho =  9.2347766186E+00
DelSqRho =  2.8169213163E+02
GradDelSqRho = -1.3327117188E-12  2.7005064851E-12 -9.3649532573E-12
HessDelSqRho_EigVals = -5.9039522482E+04 -5.3657914447E+01 -4.6759771498E+01
HessDelSqRho_EigVec1 =  2.2862447872E-01 -2.7638609625E-01  9.3345678718E-01
HessDelSqRho_EigVec2 =  7.7119208299E-01  6.3660240179E-01 -3.9137888481E-04
HessDelSqRho_EigVec3 = -5.9413266100E-01  7.1996396288E-01  3.5868966154E-01
</CP of DelSqRho>
<CP of DelSqRho>
CP# = 10      
Type = (3,-1)
Coords =  8.77826066095053E-01 -7.83259768436794E-01  3.06741317111633E+00
DistFromNuc =  2.2399515839E-01
Rho =  9.2273956382E+00
DelSqRho =  2.8044653194E+02
GradDelSqRho = -3.0357938385E-12  2.7853275242E-12  8.1437079302E-12
HessDelSqRho_EigVals = -5.8510091398E+04 -1.2905844242E+01  1.2832671914E+01
HessDelSqRho_EigVec1 =  4.5287546942E-01  6.9466204427E-01 -5.5888143058E-01
HessDelSqRho_EigVec2 =  8.7205850225E-01 -2.1469484228E-01  4.3979551311E-01
HessDelSqRho_EigVec3 =  1.8552028961E-01 -6.8654990273E-01 -7.0301596938E-01
</CP of DelSqRho>
<CP of DelSqRho>
CP# = 11      
Type = (3,-1)
Coords =  6.04378225930318E-01 -1.00906182146898E+00  3.06754966973125E+00
DistFromNuc =  2.2399522999E-01
Rho =  9.2273903998E+00
DelSqRho =  2.8044620996E+02
GradDelSqRho = -2.5508484214E-12 -4.0145664570E-13 -6.3320459986E-12
HessDelSqRho_EigVals = -5.8509881168E+04 -1.2893184227E+01  1.2827458213E+01
HessDelSqRho_EigVec1 =  7.6811408803E-01  3.1358129538E-01  5.5827190414E-01
HessDelSqRho_EigVec2 = -4.6449914235E-02  8.9686461180E-01 -4.3985937931E-01
HessDelSqRho_EigVec3 = -6.3862598854E-01  3.1193050393E-01  7.0346016766E-01
</CP of DelSqRho>
<CP of DelSqRho>
CP# = 12      
Type = (3,-1)
Coords =  1.29722805737542E+00 -1.56958419418738E+00  2.54691537447965E+00
DistFromNuc =  1.0420567444E+00
Rho =  1.7033860232E-01
DelSqRho =  5.4771136605E-02
GradDelSqRho = -1.1102230246E-16  5.5511151231E-16  1.5543122345E-15
HessDelSqRho_EigVals = -1.4443586457E+00 -1.3435125545E+00  8.9015763393E+00
HessDelSqRho_EigVec1 =  7.7118204590E-01  6.3661465355E-01  1.8697298308E-04
HessDelSqRho_EigVec2 = -3.8728106349E-01  4.6937746542E-01 -7.9353523729E-01
HessDelSqRho_EigVec3 = -5.0526392107E-01  6.1188771670E-01  6.0852427414E-01
</CP of DelSqRho>
<CP of DelSqRho>
CP# = 13      
Type = (3,-1)
Coords = -2.54894855442477E-01 -1.04571147805842E+00  3.11074268735362E+00
DistFromNuc =  1.0400959873E+00
Rho =  1.7236615477E-01
DelSqRho =  4.2254307678E-02
GradDelSqRho =  1.1178558079E-14  1.4016565686E-15  2.3314683517E-15
HessDelSqRho_EigVals = -1.4372629829E+00 -1.2946921694E+00  9.0660450851E+00
HessDelSqRho_EigVec1 = -1.2483283859E-01  9.2496436963E-01  3.5896751570E-01
HessDelSqRho_EigVec2 = -2.1376839531E-02 -3.6422095915E-01  9.3106719610E-01
HessDelSqRho_EigVec3 =  9.9194747499E-01  1.0855417002E-01  6.5239551105E-02
</CP of DelSqRho>
<CP of DelSqRho>
CP# = 14      
Type = (3,-1)
Coords =  1.07606104574249E+00  5.37038089808960E-02  3.11032775350934E+00
DistFromNuc =  1.0400949282E+00
Rho =  1.7236771940E-01
DelSqRho =  4.2264585581E-02
GradDelSqRho =  3.5041414215E-14  9.3994256822E-14 -1.1213252549E-14
HessDelSqRho_EigVals = -1.4373072808E+00 -1.2949243106E+00  9.0661326321E+00
HessDelSqRho_EigVec1 =  8.8454516010E-01 -2.9734032474E-01 -3.5940032142E-01
HessDelSqRho_EigVec2 =  3.6223630203E-01 -4.7559576507E-02  9.3087214384E-01
HessDelSqRho_EigVec3 =  2.9387875262E-01  9.5358629288E-01 -6.5638866461E-02
</CP of DelSqRho>
<CP of DelSqRho>
CP# = 15      
Type = (3,-1)
Coords =  1.01481673230765E+00 -1.22705771101362E+00  4.16951373642095E+00
DistFromNuc =  1.0460360150E+00
Rho =  1.6709612530E-01
DelSqRho =  5.2111013544E-02
GradDelSqRho = -3.0531133177E-16  5.5511151231E-16 -1.1102230246E-15
HessDelSqRho_EigVals = -1.1743191735E+00 -1.1518696268E+00  8.5562414793E+00
HessDelSqRho_EigVec1 = -5.9420539433E-01  7.1969762456E-01  3.5910343712E-01
HessDelSqRho_EigVec2 = -7.7105724590E-01 -6.3676575405E-01  3.1307340718E-04
HessDelSqRho_EigVec3 =  2.2889008911E-01 -2.7670327731E-01  9.3329771425E-01
</CP of DelSqRho>
<CP of DelSqRho>
CP# = 16      
Type = (3,+1)
Coords =  1.21094625508182E+00 -3.62962528983529E-01  3.88522969355042E+00
DistFromNuc =  1.0001044070E+00
Rho =  2.0748533925E-01
DelSqRho = -1.5972002780E-01
GradDelSqRho =  1.1102230246E-16  5.5511151231E-17  2.1094237468E-15
HessDelSqRho_EigVals = -3.2695915123E+00  1.2085226423E+00  1.3966646734E+01
HessDelSqRho_EigVec1 =  8.9900210331E-01 -3.0321587684E-01 -3.1599897195E-01
HessDelSqRho_EigVec2 = -2.6033565682E-02 -7.5727516320E-01  6.5257687720E-01
HessDelSqRho_EigVec3 =  4.3716984308E-01  5.7844140518E-01  6.8868575495E-01
</CP of DelSqRho>
<CP of DelSqRho>
CP# = 17      
Type = (3,+1)
Coords =  1.29107060110492E-01 -1.25659360079561E+00  3.88558932205412E+00
DistFromNuc =  1.0001066506E+00
Rho =  2.0748340872E-01
DelSqRho = -1.5970777475E-01
GradDelSqRho =  2.6645352591E-15  5.5511151231E-16 -1.5543122345E-15
HessDelSqRho_EigVals = -3.2695389398E+00  1.2083621911E+00  1.3966369803E+01
HessDelSqRho_EigVec1 = -1.2787952367E-01  9.4018946539E-01  3.1573817728E-01
HessDelSqRho_EigVec2 =  7.4882184546E-01 -1.1721527505E-01  6.5232386362E-01
HessDelSqRho_EigVec3 =  6.5031736190E-01  3.1985050955E-01 -6.8904497702E-01
</CP of DelSqRho>
<CP of DelSqRho>
CP# = 18      
Type = (3,+3)
Coords =  5.42891274694289E-01 -6.56456234702464E-01  2.26125477371234E+00
DistFromNuc =  1.0008745322E+00
Rho =  2.5667886178E-01
DelSqRho = -7.7403075936E-01
GradDelSqRho =  1.8873791419E-15 -2.0261570199E-15  1.3322676296E-15
HessDelSqRho_EigVals =  3.1265114549E+00  3.2222924556E+00  1.4461965638E+01
HessDelSqRho_EigVec1 =  7.7075633043E-01  6.3713002823E-01 -7.8937481536E-05
HessDelSqRho_EigVec2 = -5.9183285965E-01  7.1600478400E-01  3.7023102993E-01
HessDelSqRho_EigVec3 =  2.3594182617E-01 -2.8531119225E-01  9.2893970646E-01
</CP of DelSqRho>
<CP of DelSqRho>
CP# = 19      
Type = (3,+1)
Coords =  1.43538358714321E+00 -6.09017877059888E-01  2.52018839169740E+00
DistFromNuc =  9.9757482074E-01
Rho =  2.1282566016E-01
DelSqRho = -2.3856517491E-01
GradDelSqRho = -1.0547118734E-15 -4.4408920985E-16  7.7715611724E-16
HessDelSqRho_EigVals = -2.9354576701E+00  1.5237187352E+00  1.4547738667E+01
HessDelSqRho_EigVec1 = -7.2557311172E-01  1.3451598455E-01 -6.7486969813E-01
HessDelSqRho_EigVec2 = -1.3246615686E-01  9.3506437822E-01  3.2879678507E-01
HessDelSqRho_EigVec3 =  6.7527503792E-01  3.2796350175E-01 -6.6063875505E-01
</CP of DelSqRho>
<CP of DelSqRho>
CP# = 20      
Type = (3,+1)
Coords =  1.56422050775483E-01 -1.88365288512793E-01  2.97083765336476E+00
DistFromNuc =  9.9846488373E-01
Rho =  2.1191638143E-01
DelSqRho = -2.3529965856E-01
GradDelSqRho =  1.4904744106E-14 -1.6320278462E-14  1.0547118734E-14
HessDelSqRho_EigVals = -2.8732780282E+00  1.4697997224E+00  1.4446765139E+01
HessDelSqRho_EigVec1 = -1.3143573141E-01  1.5946938594E-01  9.7841410633E-01
HessDelSqRho_EigVec2 =  7.7098153990E-01  6.3685745059E-01 -2.2970230871E-04
HessDelSqRho_EigVec3 = -6.2314694386E-01  7.5430902326E-01 -2.0665377756E-01
</CP of DelSqRho>
<CP of DelSqRho>
CP# = 21      
Type = (3,+1)
Coords =  1.39101759347557E+00 -1.68279385030291E+00  3.44653252853049E+00
DistFromNuc =  9.9776553581E-01
Rho =  2.0946056087E-01
DelSqRho = -1.6675817779E-01
GradDelSqRho = -1.6098233857E-15  2.0261570199E-15 -7.7715611724E-16
HessDelSqRho_EigVals = -3.3586265821E+00  1.2610992022E+00  1.4219397272E+01
HessDelSqRho_EigVec1 = -7.7098381546E-01 -6.3685468532E-01  2.5706823806E-04
HessDelSqRho_EigVec2 = -1.5945009230E-01  1.9342293292E-01  9.6807191731E-01
HessDelSqRho_EigVec3 = -6.1657085916E-01  7.4632679090E-01 -2.5067248918E-01
</CP of DelSqRho>
<CP of DelSqRho>
CP# = 22      
Type = (3,+1)
Coords =  3.27845629481727E-01 -1.52388738143449E+00  2.52052369807059E+00
DistFromNuc =  9.9757733327E-01
Rho =  2.1282277361E-01
DelSqRho = -2.3856832952E-01
GradDelSqRho = -4.4408920985E-16 -1.3322676296E-15 -2.7755575616E-15
HessDelSqRho_EigVals = -2.9350755121E+00  1.5236813375E+00  1.4547445300E+01
HessDelSqRho_EigVec1 =  4.6876975129E-03  7.3771063915E-01 -6.7510076165E-01
HessDelSqRho_EigVec2 =  8.9310996629E-01 -3.0676502028E-01 -3.2901338946E-01
HessDelSqRho_EigVec3 =  4.4981397667E-01  6.0139690323E-01  6.6029474569E-01
</CP of DelSqRho>
<CP of DelSqRho>
CP# = 23      
Type = (3,+3)
Coords =  4.86275038111020E-01 -1.95632533337536E+00  3.33340672247819E+00
DistFromNuc =  1.0673244175E+00
Rho =  2.9299332051E-01
DelSqRho = -1.1476974349E+00
GradDelSqRho =  1.7937040742E-15 -1.0547118734E-15  1.3877787808E-15
HessDelSqRho_EigVals =  6.8899258745E+00  7.1216376901E+00  7.3606196664E+00
HessDelSqRho_EigVec1 =  3.6034062100E-01 -2.1039075863E-01  9.0878510416E-01
HessDelSqRho_EigVec2 =  8.3070497577E-01 -3.7082719920E-01 -4.1523057637E-01
HessDelSqRho_EigVec3 =  4.2436291082E-01  9.0455675168E-01  4.1148546807E-02
</CP of DelSqRho>
<CP of DelSqRho>
CP# = 24      
Type = (3,+3)
Coords =  1.83042867581339E+00 -8.46018538550793E-01  3.33296519839378E+00
DistFromNuc =  1.0673241207E+00
Rho =  2.9299406829E-01
DelSqRho = -1.1477091126E+00
GradDelSqRho = -1.1552148127E-12 -1.0363238045E-13 -1.4993561948E-13
HessDelSqRho_EigVals =  6.8901485161E+00  7.1216863813E+00  7.3605326859E+00
HessDelSqRho_EigVec1 =  1.3896185082E-01 -3.9343304962E-01  9.0879042660E-01
HessDelSqRho_EigVec2 = -2.0750232008E-01  8.8575433731E-01  4.1518916303E-01
HessDelSqRho_EigVec3 =  9.6831420065E-01  2.4627157653E-01 -4.1447791492E-02
</CP of DelSqRho>
<CP of DelSqRho>
CP# = 25      
Type = (3,+3)
Coords =  2.58241959608999E-01 -3.11254365781406E-01  3.89111287415462E+00
DistFromNuc =  1.0725654053E+00
Rho =  2.8961148527E-01
DelSqRho = -1.1242811264E+00
GradDelSqRho =  1.6353585153E-13 -1.9828583220E-13 -2.1826984664E-13
HessDelSqRho_EigVals =  6.7537229978E+00  6.9882780406E+00  7.1199385705E+00
HessDelSqRho_EigVec1 =  2.2582051280E-01 -2.7256378890E-01  9.3526150192E-01
HessDelSqRho_EigVec2 =  7.7076050199E-01  6.3712484566E-01 -4.2380646006E-04
HessDelSqRho_EigVec3 = -5.9576282577E-01  7.2095832891E-01  3.5395726212E-01
</CP of DelSqRho>
<CP of DelSqRho>
CP# = 26      
Type = (3,-3)
Coords =  1.24911590625635E+00  4.74897603593447E-01  3.20123816705158E+00
DistFromNuc =  1.4907406776E+00
Rho =  8.2081379440E-02
DelSqRho =  1.9204156880E-01
GradDelSqRho = -2.0506513154E-13 -3.7220712623E-12  4.1706707532E-12
HessDelSqRho_EigVals = -1.7438534540E+00 -9.6148838391E-02 -5.7235716597E-02
HessDelSqRho_EigVec1 =  3.0611222011E-01  9.5140722924E-01 -3.3460317438E-02
HessDelSqRho_EigVec2 =  3.3763848295E-01 -7.5637143590E-02  9.3823199548E-01
HessDelSqRho_EigVec3 =  8.9010986037E-01 -2.9850176993E-01 -3.4438514750E-01
</CP of DelSqRho>
<CP of DelSqRho>
CP# = 27      
Type = (3,-1)
Coords = -4.15227284129087E-03 -2.06192827426181E+00  2.22625878687389E+00
DistFromNuc =  1.6746267638E+00
Rho =  8.5235750147E-02
DelSqRho =  1.5477943250E-01
GradDelSqRho =  8.8935803166E-14 -1.2815304373E-12 -1.8558540121E-12
HessDelSqRho_EigVals = -1.3171694657E+00 -4.4273887499E-01  7.4603159296E-02
HessDelSqRho_EigVec1 =  4.6913127044E-01  4.1425035437E-01  7.7994390504E-01
HessDelSqRho_EigVec2 =  9.7584711401E-02  8.5343600397E-01 -5.1198067467E-01
HessDelSqRho_EigVec3 =  8.7772038554E-01 -3.1629674523E-01 -3.5994901550E-01
</CP of DelSqRho>
<CP of DelSqRho>
CP# = 28      
Type = (3,-1)
Coords =  2.02626211066040E+00 -3.84488591896771E-01  2.22568167686989E+00
DistFromNuc =  1.6746140395E+00
Rho =  8.5237255236E-02
DelSqRho =  1.5478933442E-01
GradDelSqRho =  1.3834419721E-16  2.7755575616E-17  1.7347234760E-17
HessDelSqRho_EigVals = -1.3172299739E+00 -4.4280196945E-01  7.4606107482E-02
HessDelSqRho_EigVec1 = -4.9507064383E-01 -3.8242395744E-01  7.8016470979E-01
HessDelSqRho_EigVec2 =  8.5670010607E-01 -6.5201004423E-02  5.1167739572E-01
HessDelSqRho_EigVec3 = -1.4481017191E-01  9.2168364735E-01  3.5990174814E-01
</CP of DelSqRho>
<CP of DelSqRho>
CP# = 29      
Type = (3,-1)
Coords =  1.67774699543982E+00 -2.02969664843520E+00  3.90730855755343E+00
DistFromNuc =  1.5852288984E+00
Rho =  8.4356674684E-02
DelSqRho =  1.7732443207E-01
GradDelSqRho =  6.9388939039E-17  9.7144514655E-17 -4.1633363423E-17
HessDelSqRho_EigVals = -1.6590677861E+00 -1.0798268994E-01  2.2775360131E-02
HessDelSqRho_EigVec1 = -5.4770303239E-01  6.6286222295E-01 -5.1052430078E-01
HessDelSqRho_EigVec2 = -7.7100801612E-01 -6.3682536520E-01  3.0547266450E-04
HessDelSqRho_EigVec3 = -3.2491233800E-01  3.9378563663E-01  8.5986327111E-01
</CP of DelSqRho>
<CP of DelSqRho>
CP# = 30      
Type = (3,-1)
Coords = -2.82649706940683E-01  3.42962407877524E-01  3.01685601320579E+00
DistFromNuc =  1.6720568084E+00
Rho =  8.4961351213E-02
DelSqRho =  1.5308903899E-01
GradDelSqRho = -3.6429192996E-16  5.2041704279E-16 -2.4980018054E-16
HessDelSqRho_EigVals = -1.3000059018E+00 -4.1136983167E-01  6.7844163454E-02
HessDelSqRho_EigVec1 = -5.8691832139E-01  7.1015451447E-01 -3.8885402093E-01
HessDelSqRho_EigVec2 = -2.4746499923E-01  2.9994769150E-01  9.2129933058E-01
HessDelSqRho_EigVec3 =  7.7090074470E-01  6.3695521659E-01 -3.0640921790E-04
</CP of DelSqRho>
<CP of DelSqRho>
CP# = 31      
Type = (3,+1)
Coords =  4.13780379192835E-01 -5.00320565306148E-01  1.72230068724531E+00
DistFromNuc =  1.5766088423E+00
Rho =  1.8897253039E-01
DelSqRho = -3.9030945384E-01
GradDelSqRho =  2.7755575616E-17 -6.9388939039E-17  6.2450045135E-16
HessDelSqRho_EigVals = -2.9192869032E+00  1.9156593209E+00  2.0245302228E+00
HessDelSqRho_EigVec1 =  2.2873502285E-01 -2.7660391753E-01  9.3336518155E-01
HessDelSqRho_EigVec2 =  7.7056748009E-01  6.3735842097E-01  4.2926329988E-05
HessDelSqRho_EigVec3 = -5.9490003189E-01  7.1921103720E-01  3.5892817670E-01
</CP of DelSqRho>
<CP of DelSqRho>
CP# = 32      
Type = (3,-3)
Coords =  1.12031680595537E+00 -1.35442318894393E+00  4.57103523973034E+00
DistFromNuc =  1.4801876478E+00
Rho =  7.9956660549E-02
DelSqRho =  1.8565281552E-01
GradDelSqRho = -1.9428902931E-16 -6.9388939039E-17 -1.9428902931E-16
HessDelSqRho_EigVals = -1.6945813796E+00 -4.1056614271E-02 -3.9389967432E-02
HessDelSqRho_EigVec1 =  2.3070002131E-01 -2.7884947553E-01  9.3221267432E-01
HessDelSqRho_EigVec2 =  7.6800036570E-01  6.4044761535E-01  1.5133680891E-03
HessDelSqRho_EigVec3 = -5.9745538616E-01  7.1559054074E-01  3.6190777769E-01
</CP of DelSqRho>
<CP of DelSqRho>
CP# = 33      
Type = (3,-1)
Coords = -3.56081845595645E-02 -1.47359284887085E+00  4.44868304614699E+00
DistFromNuc =  1.5884169198E+00
Rho =  8.4373958879E-02
DelSqRho =  1.7584232811E-01
GradDelSqRho = -4.6664061504E-16 -1.5265566589E-16  7.2229548731E-16
HessDelSqRho_EigVals = -1.6387466183E+00 -1.1014383310E-01  2.2848072425E-02
HessDelSqRho_EigVec1 = -4.6497440254E-01 -3.3911937003E-01  8.1780001091E-01
HessDelSqRho_EigVec2 = -1.2875646149E-01  9.3981109373E-01  3.1650731700E-01
HessDelSqRho_EigVec3 = -8.7591128467E-01  4.1870765008E-02 -4.8065191192E-01
</CP of DelSqRho>
<CP of DelSqRho>
CP# = 34      
Type = (3,-3)
Coords =  1.55141830947082E+00 -1.87713194099194E+00  2.34524181954844E+00
DistFromNuc =  1.4828589887E+00
Rho =  8.1501266914E-02
DelSqRho =  1.9752119200E-01
GradDelSqRho = -3.0531133177E-16  1.6653345369E-16  1.1102230246E-16
HessDelSqRho_EigVals = -1.7549583719E+00 -1.1565842628E-01 -6.5479197596E-02
HessDelSqRho_EigVec1 = -5.1440466346E-01  6.2294166440E-01  5.8934839015E-01
HessDelSqRho_EigVec2 =  3.7556234907E-01 -4.5418558785E-01  8.0787893508E-01
HessDelSqRho_EigVec3 =  7.7093499348E-01  6.3691375754E-01 -3.1825034817E-04
</CP of DelSqRho>
<CP of DelSqRho>
CP# = 35      
Type = (3,-3)
Coords = -7.01133517796130E-01 -1.13630966258844E+00  3.20186794712056E+00
DistFromNuc =  1.4907491611E+00
Rho =  8.2080209786E-02
DelSqRho =  1.9203215525E-01
GradDelSqRho = -2.0816681712E-16 -1.3183898417E-16  7.2858385991E-17
HessDelSqRho_EigVals = -1.7438120864E+00 -9.6078804580E-02 -5.7218866450E-02
HessDelSqRho_EigVec1 =  9.9210488375E-01  1.2098439875E-01  3.3025367631E-02
HessDelSqRho_EigVec2 =  1.0858106021E-02 -3.4521322950E-01  9.3846146842E-01
HessDelSqRho_EigVec3 = -1.2493999033E-01  9.3069361308E-01  3.4380139235E-01
</CP of DelSqRho>
<CP of DelSqRho>
CP# = 36      
Type = (3,-1)
Coords =  1.45538170416923E+00 -2.41863223040369E-01  4.44811846364524E+00
DistFromNuc =  1.5884278920E+00
Rho =  8.4374635334E-02
DelSqRho =  1.7584242373E-01
GradDelSqRho = -3.6429192996E-17 -2.7582103268E-16 -8.1336846980E-16
HessDelSqRho_EigVals = -1.6387455622E+00 -1.1017715846E-01  2.2853942381E-02
HessDelSqRho_EigVec1 =  4.2117193249E-01  3.9293697651E-01  8.1744402608E-01
HessDelSqRho_EigVec2 =  8.9846215981E-01 -3.0398964571E-01 -3.1679021875E-01
HessDelSqRho_EigVec3 =  1.2401592914E-01  8.6786567382E-01 -4.8107091112E-01
</CP of DelSqRho>
<CP of DelSqRho>
CP# = 37      
Type = (3,+1)
Coords = -4.36247104345898E-01 -1.79368048701617E+00  1.17193577827685E+00
DistFromNuc =  2.5068749671E+00
Rho =  3.9123353092E-02
DelSqRho =  7.4734520914E-02
GradDelSqRho = -1.0408340856E-17 -1.1796119637E-16 -3.8163916471E-17
HessDelSqRho_EigVals = -3.0385498085E-01  2.5036126674E-02  9.1875983706E-02
HessDelSqRho_EigVec1 =  4.2796722383E-01  9.0358009152E-01  1.9674184506E-02
HessDelSqRho_EigVec2 =  8.5776160228E-01 -3.9921481270E-01 -3.2384034179E-01
HessDelSqRho_EigVec3 =  2.8476145979E-01 -1.5546881206E-01  9.4590716220E-01
</CP of DelSqRho>
<CP of DelSqRho>
CP# = 38      
Type = (3,+1)
Coords =  1.84366488280829E+00  9.18252803522330E-02  1.17195645684726E+00
DistFromNuc =  2.5068635964E+00
Rho =  3.9123404234E-02
DelSqRho =  7.4738575808E-02
GradDelSqRho = -5.5511151231E-17 -1.3877787808E-17 -8.7603535537E-17
HessDelSqRho_EigVals = -3.0390891262E-01  2.5032773288E-02  9.1886642564E-02
HessDelSqRho_EigVec1 =  9.6783675313E-01  2.5081258987E-01 -1.9623049135E-02
HessDelSqRho_EigVec2 = -2.3118883292E-01  9.1744576650E-01  3.2379775951E-01
HessDelSqRho_EigVec3 =  9.9215638010E-02 -3.0884674241E-01  9.4592280175E-01
</CP of DelSqRho>
<CP of DelSqRho>
CP# = 39      
Type = (3,-1)
Coords =  1.26656422784142E+00 -1.53137785654995E+00  1.00930736027100E+00
DistFromNuc =  2.3147437722E+00
Rho =  4.3779063612E-02
DelSqRho =  9.7481225056E-02
GradDelSqRho = -3.8857805862E-16  4.9960036108E-16  4.0245584643E-16
HessDelSqRho_EigVals = -3.7252308689E-01 -3.7304653624E-02  1.9848867508E-01
HessDelSqRho_EigVec1 = -6.3460899387E-01  7.6736262948E-01  9.1793353694E-02
HessDelSqRho_EigVec2 =  7.7061746839E-01  6.3729798122E-01  2.3113239706E-05
HessDelSqRho_EigVec3 =  5.8481982763E-02 -7.0752229709E-02  9.9577807753E-01
</CP of DelSqRho>
<CP of DelSqRho>
CP# = 40      
Type = (3,+1)
Coords = -5.26792115109784E-01  6.36905231139235E-01  2.07749595122454E+00
DistFromNuc =  2.3291856672E+00
Rho =  4.4402894850E-02
DelSqRho =  8.6782282671E-02
GradDelSqRho =  1.1726730698E-15 -7.7195194681E-16 -7.7889084071E-16
HessDelSqRho_EigVals = -3.2471709960E-01  9.9494634945E-03  1.7922649593E-01
HessDelSqRho_EigVec1 = -5.4804924081E-01  6.6255738615E-01  5.1054846951E-01
HessDelSqRho_EigVec2 =  7.7056932754E-01  6.3735618697E-01  4.8743003083E-05
HessDelSqRho_EigVec3 =  3.2536893075E-01 -3.9343970439E-01  8.5984897389E-01
</CP of DelSqRho>
<CP of DelSqRho>
CP# = 41      
Type = (3,-1)
Coords = -1.11636612037609E+00 -1.25026675050409E-01  1.89037802027615E+00
DistFromNuc =  2.4374130152E+00
Rho =  4.4171503674E-02
DelSqRho =  8.8895599706E-02
GradDelSqRho =  9.8879238131E-17 -1.3877787808E-17  7.4593109467E-17
HessDelSqRho_EigVals = -3.4532714074E-01 -1.2635318857E-02  6.3836672663E-02
HessDelSqRho_EigVec1 =  8.4022110026E-01 -1.7368890433E-01 -5.1367369720E-01
HessDelSqRho_EigVec2 =  4.1147730908E-01  8.2119136412E-01  3.9538736399E-01
HessDelSqRho_EigVec3 =  3.5315000608E-01 -5.4357787667E-01  7.6145135445E-01
</CP of DelSqRho>
<CP of DelSqRho>
CP# = 42      
Type = (3,-1)
Coords =  3.32486441774238E-01  1.07315150777648E+00  1.89032840954768E+00
DistFromNuc =  2.4374994416E+00
Rho =  4.4170755595E-02
DelSqRho =  8.8897799476E-02
GradDelSqRho = -6.2450045135E-17 -3.1225022568E-16 -1.6479873022E-16
HessDelSqRho_EigVals = -3.4529049926E-01 -1.2645298154E-02  6.3786626871E-02
HessDelSqRho_EigVec1 = -1.2793327537E-02  8.5791117638E-01  5.1363872928E-01
HessDelSqRho_EigVec2 = -8.8376715276E-01 -2.4999628948E-01  3.9554705781E-01
HessDelSqRho_EigVec3 =  4.6775201813E-01 -4.4887667426E-01  7.6139200209E-01
</CP of DelSqRho>
<Path of -GradDelSqRho>
Starting CP# =      3
Ending CP# =      0
Number of Points =     32
  1.5245200102E-01 -1.8312055242E-01  4.0386762203E+00  2.8087647326E-01 -1.0656036265E+00
  1.4048566718E-01 -1.6862707824E-01  4.0551609423E+00  2.8090553106E-01 -1.0682773417E+00
  1.2851815058E-01 -1.5413218859E-01  4.0716435610E+00  2.8121173512E-01 -1.0772994781E+00
  1.1655002968E-01 -1.3963658185E-01  4.0881251103E+00  2.8181584690E-01 -1.0942881280E+00
  1.0458172200E-01 -1.2514076183E-01  4.1046063364E+00  2.8273753109E-01 -1.1210142443E+00
  9.2613523063E-02 -1.1064508484E-01  4.1210877672E+00  2.8399465365E-01 -1.1593845886E+00
  8.0645633559E-02 -9.6149792523E-02  4.1375697611E+00  2.8560249350E-01 -1.2113995904E+00
  6.8678177739E-02 -8.1655034134E-02  4.1540525394E+00  2.8757288483E-01 -1.2790701437E+00
  5.6711214314E-02 -6.7160879659E-02  4.1705362062E+00  2.8991333400E-01 -1.3642680776E+00
  4.4744740093E-02 -5.2667324221E-02  4.1870207549E+00  2.9262620146E-01 -1.4684750867E+00
  3.2778685631E-02 -3.8174282782E-02  4.2035060602E+00  2.9570811386E-01 -1.5923913291E+00
  2.0812900918E-02 -2.3681572804E-02  4.2199918527E+00  2.9914988252E-01 -1.7353829059E+00
  8.8471269881E-03 -9.1888798355E-03  4.2364776679E+00  3.0293734825E-01 -1.8948116134E+00
 -3.1190541206E-03  5.3043030945E-03  4.2529627569E+00  3.0705371877E-01 -2.0654288618E+00
 -1.5086300680E-02  1.9798773963E-02  4.2694459399E+00  3.1148403896E-01 -2.2392411631E+00
 -2.7055613283E-02  3.4295745264E-02  4.2859254234E+00  3.1622230169E-01 -2.4065300436E+00
 -3.9028290290E-02  4.8796789834E-02  4.3023988779E+00  3.2128119007E-01 -2.5589100716E+00
 -5.1004877107E-02  6.3302567559E-02  4.3188653218E+00  3.2670338201E-01 -2.6952146459E+00
 -6.2981527844E-02  7.7808417777E-02  4.3353316553E+00  3.3257173365E-01 -2.8303607761E+00
 -7.4949093951E-02  9.2303257532E-02  4.3518142795E+00  3.3901377649E-01 -3.0060401290E+00
 -8.6903578589E-02  1.0678224762E-01  4.3683203110E+00  3.4619441089E-01 -3.3002993476E+00
 -9.8848489102E-02  1.2124963925E-01  4.3848434362E+00  3.5429039445E-01 -3.8313504955E+00
 -1.1078785504E-01  1.3571031467E-01  4.4013764456E+00  3.6344235259E-01 -4.7500312088E+00
 -1.2272406633E-01  1.5016716924E-01  4.4179150735E+00  3.7368511074E-01 -6.2159065544E+00
 -1.3465837878E-01  1.6462172419E-01  4.4344570815E+00  3.8486504529E-01 -8.3547554200E+00
 -1.4659145996E-01  1.7907478818E-01  4.4510012803E+00  3.9656283241E-01 -1.1201002972E+01
 -1.5852368106E-01  1.9352681080E-01  4.4675470091E+00  4.0804867694E-01 -1.4638051703E+01
 -1.7045526110E-01  2.0797805732E-01  4.4840938780E+00  4.1830013062E-01 -1.8360332885E+01
 -1.8238634288E-01  2.2242870063E-01  4.5006416330E+00  4.2610430659E-01 -2.1886293647E+01
 -1.9431704502E-01  2.3687888431E-01  4.5171900631E+00  4.3024348349E-01 -2.4641694557E+01
 -2.0624755601E-01  2.5132883620E-01  4.5337388334E+00  4.2972999419E-01 -2.6103638377E+01
 -2.1101993034E-01  2.5710902207E-01  4.5403580399E+00  4.2808256194E-01 -2.6246064611E+01
</Path of -GradDelSqRho>
<Path of -GradDelSqRho>
Starting CP# =      3
Ending CP# =     25
Number of Points =      9
  1.5245200102E-01 -1.8312055242E-01  4.0386762203E+00  2.8087647326E-01 -1.0656036265E+00
  1.6441641891E-01 -1.9761172533E-01  4.0221880848E+00  2.8110331694E-01 -1.0678144809E+00
  1.7637779325E-01 -2.1209923517E-01  4.0056945232E+00  2.8156486779E-01 -1.0735914258E+00
  1.8833458965E-01 -2.2658122811E-01  3.9891927995E+00  2.8224044601E-01 -1.0817454363E+00
  2.0028458385E-01 -2.4105501663E-01  3.9726789552E+00  2.8311029894E-01 -1.0911959443E+00
  2.1222438049E-01 -2.5551649813E-01  3.9561469639E+00  2.8415597982E-01 -1.1009459852E+00
  2.2414834746E-01 -2.6995886743E-01  3.9395868673E+00  2.8536071375E-01 -1.1100541050E+00
  2.3604575730E-01 -2.8436916305E-01  3.9229798071E+00  2.8670977427E-01 -1.1176029580E+00
  2.5824195961E-01 -3.1125436578E-01  3.8911128742E+00  2.8961148527E-01 -1.1242811264E+00
</Path of -GradDelSqRho>
<Path of -GradDelSqRho>
Starting CP# =      4
Ending CP# =     23
Number of Points =     10
  4.2672651046E-01 -2.1728246358E+00  3.3659940246E+00  2.8339411015E-01 -1.0843666300E+00
  4.3335678239E-01 -2.1489718234E+00  3.3625179883E+00  2.8367594657E-01 -1.0866628104E+00
  4.3998482198E-01 -2.1251193675E+00  3.3590352543E+00  2.8419437564E-01 -1.0926791750E+00
  4.4660899925E-01 -2.1012671796E+00  3.3555433502E+00  2.8492858445E-01 -1.1012029754E+00
  4.5322693314E-01 -2.0774151199E+00  3.3520387568E+00  2.8585866001E-01 -1.1111320563E+00
  4.5983499467E-01 -2.0535629705E+00  3.3485161949E+00  2.8696597969E-01 -1.1214506941E+00
  4.6642723951E-01 -2.0297103813E+00  3.3449670859E+00  2.8823358652E-01 -1.1312020636E+00
  4.7299266968E-01 -2.0058567439E+00  3.3413756020E+00  2.8964657161E-01 -1.1394572711E+00
  4.7950570933E-01 -1.9820008233E+00  3.3377049332E+00  2.9119248653E-01 -1.1452799527E+00
  4.8627503811E-01 -1.9563253334E+00  3.3334067225E+00  2.9299332051E-01 -1.1476974349E+00
</Path of -GradDelSqRho>
<Path of -GradDelSqRho>
Starting CP# =      4
Ending CP# =      0
Number of Points =     32
  4.2672651046E-01 -2.1728246358E+00  3.3659940246E+00  2.8339411015E-01 -1.0843666300E+00
  4.2009516063E-01 -2.1966778473E+00  3.3694652638E+00  2.8337015318E-01 -1.0871341287E+00
  4.1346350082E-01 -2.2205314956E+00  3.3729329072E+00  2.8362535766E-01 -1.0964544213E+00
  4.0683209875E-01 -2.2443855907E+00  3.3763979692E+00  2.8418045168E-01 -1.1139697700E+00
  4.0020134232E-01 -2.2682401285E+00  3.3798612178E+00  2.8505498039E-01 -1.1414723923E+00
  3.9357148396E-01 -2.2920950950E+00  3.3833232334E+00  2.8626658940E-01 -1.1808847775E+00
  3.8694267170E-01 -2.3159504682E+00  3.3867844494E+00  2.8783022401E-01 -1.2342135003E+00
  3.8031496982E-01 -2.3398062202E+00  3.3902451811E+00  2.8975726398E-01 -1.3034596304E+00
  3.7368837044E-01 -2.3636623176E+00  3.3937056435E+00  2.9205464201E-01 -1.3904593122E+00
  3.6706279618E-01 -2.3875187208E+00  3.3971659600E+00  2.9472404327E-01 -1.4966184041E+00
  3.6043809282E-01 -2.4113753827E+00  3.4006261608E+00  2.9776136236E-01 -1.6225030534E+00
  3.5381400951E-01 -2.4352322446E+00  3.4040861695E+00  3.0115670869E-01 -1.7672700439E+00
  3.4719016096E-01 -2.4590892305E+00  3.4075457728E+00  3.0489539779E-01 -1.9279921633E+00
  3.4056596204E-01 -2.4829462368E+00  3.4110045640E+00  3.0896050854E-01 -2.0990822925E+00
  3.3394052373E-01 -2.5068031171E+00  3.4144618507E+00  3.1333764382E-01 -2.2722542797E+00
  3.2731253400E-01 -2.5306596647E+00  3.4179165415E+00  3.1802236473E-01 -2.4377334454E+00
  3.2068038628E-01 -2.5545156357E+00  3.4213672314E+00  3.2303019566E-01 -2.5876085598E+00
  3.1404379208E-01 -2.5783710012E+00  3.4248135558E+00  3.2840797078E-01 -2.7220716664E+00
  3.0740856588E-01 -2.6022266731E+00  3.4282603925E+00  3.3424362534E-01 -2.8585783072E+00
  3.0078605924E-01 -2.6260843653E+00  3.4317176875E+00  3.4066964796E-01 -3.0425848601E+00
  2.9417962580E-01 -2.6499445189E+00  3.4351887216E+00  3.4785396179E-01 -3.3567105268E+00
  2.8758432764E-01 -2.6738063421E+00  3.4386694432E+00  3.5597196916E-01 -3.9235076750E+00
  2.8099538032E-01 -2.6976691038E+00  3.4421557557E+00  3.6515592809E-01 -4.8962471727E+00
  2.7441005173E-01 -2.7215323948E+00  3.4456452812E+00  3.7542322993E-01 -6.4329161906E+00
  2.6782691829E-01 -2.7453960048E+00  3.4491367667E+00  3.8659333871E-01 -8.6516821103E+00
  2.6124522339E-01 -2.7692598232E+00  3.4526295399E+00  3.9821288402E-01 -1.1572293369E+01
  2.5466454558E-01 -2.7931237889E+00  3.4561232232E+00  4.0951669809E-01 -1.5057611291E+01
  2.4808463533E-01 -2.8169878658E+00  3.4596175918E+00  4.1945457864E-01 -1.8780130795E+01
  2.4150532843E-01 -2.8408520304E+00  3.4631124978E+00  4.2680365932E-01 -2.2242464086E+01
  2.3492648409E-01 -2.8647162622E+00  3.4666078159E+00  4.3036190797E-01 -2.4868721060E+01
  2.2834785232E-01 -2.8885805239E+00  3.4701033296E+00  4.2918476217E-01 -2.6153014166E+01
  2.2670264299E-01 -2.8945465064E+00  3.4709767374E+00  4.2808249429E-01 -2.6224832803E+01
</Path of -GradDelSqRho>
<Path of -GradDelSqRho>
Starting CP# =      5
Ending CP# =      0
Number of Points =     32
  2.0542943173E+00 -8.2841558305E-01  3.3654556562E+00  2.8339413841E-01 -1.0843773455E+00
  2.0789720377E+00 -8.2640694627E-01  3.3689162191E+00  2.8337012073E-01 -1.0871448160E+00
  2.1036502454E+00 -8.2439809010E-01  3.3723731772E+00  2.8362526204E-01 -1.0964650079E+00
  2.1283288436E+00 -8.2238957398E-01  3.3758275447E+00  2.8418029007E-01 -1.1139801598E+00
  2.1530077554E+00 -8.2038177801E-01  3.3792800893E+00  2.8505474960E-01 -1.1414824651E+00
  2.1776869196E+00 -8.1837494731E-01  3.3827313917E+00  2.8626628590E-01 -1.1808943900E+00
  2.2023662867E+00 -8.1636922296E-01  3.3861818857E+00  2.8782984404E-01 -1.2342224876E+00
  2.2270458172E+00 -8.1436466265E-01  3.3896318872E+00  2.8975680355E-01 -1.3034678105E+00
  2.2517254798E+00 -8.1236125213E-01  3.3930816118E+00  2.9205409697E-01 -1.3904664941E+00
  2.2764052503E+00 -8.1035890775E-01  3.3965311836E+00  2.9472340941E-01 -1.4966244028E+00
  2.3010851112E+00 -8.0835746895E-01  3.3999806338E+00  2.9776063546E-01 -1.6225077134E+00
  2.3257650522E+00 -8.0635667811E-01  3.4034298872E+00  3.0115588454E-01 -1.7672732725E+00
  2.3504450710E+00 -8.0435614227E-01  3.4068787318E+00  3.0489447219E-01 -1.9279939693E+00
  2.3751251759E+00 -8.0235526701E-01  3.4103267630E+00  3.0895947716E-01 -2.0990828181E+00
  2.3998053902E+00 -8.0035315136E-01  3.4137732908E+00  3.1333650199E-01 -2.2722537985E+00
  2.4244857577E+00 -7.9834846754E-01  3.4172172277E+00  3.1802110707E-01 -2.4377322844E+00
  2.4491663410E+00 -7.9633959153E-01  3.4206571725E+00  3.2302881552E-01 -2.5876068961E+00
  2.4738471661E+00 -7.9432623472E-01  3.4240927606E+00  3.2840645967E-01 -2.7220691586E+00
  2.4985280353E+00 -7.9231428066E-01  3.4275288530E+00  3.3424197242E-01 -2.8585735657E+00
  2.5232084970E+00 -7.9031520278E-01  3.4309753665E+00  3.4066783988E-01 -3.0425748338E+00
  2.5478883537E+00 -7.8833237801E-01  3.4344355760E+00  3.4785198327E-01 -3.3566899802E+00
  2.5725677562E+00 -7.8636080613E-01  3.4379054444E+00  3.5596980459E-01 -3.9234690166E+00
  2.5972468860E+00 -7.8439564936E-01  3.4413808879E+00  3.6515356442E-01 -4.8961809426E+00
  2.6219258552E+00 -7.8243414686E-01  3.4448595356E+00  3.7542066079E-01 -6.4328124774E+00
  2.6466047247E+00 -7.8047486061E-01  3.4483401380E+00  3.8659056926E-01 -8.6515330032E+00
  2.6712835284E+00 -7.7851702659E-01  3.4518220248E+00  3.9820993531E-01 -1.1572096183E+01
  2.6959622854E+00 -7.7656021934E-01  3.4553048194E+00  4.0951360970E-01 -1.5057371736E+01
  2.7206410073E+00 -7.7460418701E-01  3.4587882976E+00  4.1945140777E-01 -1.8779864708E+01
  2.7453197019E+00 -7.7264876390E-01  3.4622723117E+00  4.2680047548E-01 -2.2242196234E+01
  2.7699983755E+00 -7.7069380790E-01  3.4657567366E+00  4.3035878355E-01 -2.4868480382E+01
  2.7946770387E+00 -7.6873906670E-01  3.4692413557E+00  4.2918176095E-01 -2.6152826473E+01
  2.8008467273E+00 -7.6824981834E-01  3.4701120337E+00  4.2807953178E-01 -2.6224661306E+01
</Path of -GradDelSqRho>
<Path of -GradDelSqRho>
Starting CP# =      5
Ending CP# =     24
Number of Points =     10
  2.0542943173E+00 -8.2841558305E-01  3.3654556562E+00  2.8339413841E-01 -1.0843773455E+00
  2.0296171915E+00 -8.3042323900E-01  3.3619902880E+00  2.8367603349E-01 -1.0866735055E+00
  2.0049408356E+00 -8.3242877219E-01  3.3585182151E+00  2.8419451959E-01 -1.0926898243E+00
  1.9802654688E+00 -8.3443056468E-01  3.3550369672E+00  2.8492878418E-01 -1.1012135766E+00
  1.9555914013E+00 -8.3642625100E-01  3.3515430285E+00  2.8585891466E-01 -1.1111426306E+00
  1.9309191013E+00 -8.3841222497E-01  3.3480311248E+00  2.8696628876E-01 -1.1214612864E+00
  1.9062493419E+00 -8.4038258089E-01  3.3444926862E+00  2.8823394982E-01 -1.1312127433E+00
  1.8815835925E+00 -8.4232640002E-01  3.3409119011E+00  2.8964698922E-01 -1.1394681341E+00
  1.8569254464E+00 -8.4421832623E-01  3.3372519975E+00  2.9119295876E-01 -1.1452911234E+00
  1.8304286758E+00 -8.4601853855E-01  3.3329651984E+00  2.9299406829E-01 -1.1477091126E+00
</Path of -GradDelSqRho>
<Path of -GradDelSqRho>
Starting CP# =      6
Ending CP# =     24
Number of Points =     47
  9.7273865313E-01 -8.4195018098E-01  3.1455756849E+00  9.2368370375E+00  2.8039301224E+02
  9.9466391904E-01 -8.3113967285E-01  3.1403396922E+00  6.9897880586E+00  2.6816772474E+02
  1.0165933007E+00 -8.2033497441E-01  3.1351089458E+00  5.3047882142E+00  2.4359838391E+02
