 AIMInt (Version 19.10.12, Standard)
 Portions Copyright (c) 1997-2019 by Todd A. Keith
 AIMInt is a component of the AIMAll package ( http://aim.tkgristmill.com )

 TP:  64-bit Mac OS X

 AIMInt is a heavily modified and extended version of the PROAIMV program
 developed by members of R.F.W. Bader's research group

 Much of the Quantum Theory of Atoms in Molecules (QTAIM) is described in the book:
   "Atoms in Molecules - A Quantum Theory"
   R.F.W. Bader, Oxford University Press, Oxford, 1990

 For additional references see:  http://aim.tkgristmill.com/references.html

 Current Directory:  /Users/chemlab/Documents/SubstituentCoding/rotationalInvarianceCheck

 Inp File:  SubCH3_CFH2_anti2146_reor_atomicfiles/c4.inp
 Wfx File:  SubCH3_CFH2_anti2146_reor.wfx
 Out File:  SubCH3_CFH2_anti2146_reor_atomicfiles/c4.int

 Wfx Title:   Title Card Required                                                           
 Job Title:   Title Card Required                                                           
 
<Atom>
C4      
</Atom>
<Nuclei of Molecule>
     8
C1         6.0           0.0000000000E+00   0.0000000000E+00   0.0000000000E+00
H2         1.0          -2.0632464465E+00   0.0000000000E+00   0.0000000000E+00
H3         1.0           6.6148729155E-01   0.0000000000E+00  -1.9543339710E+00
C4         6.0           1.0429549660E+00  -2.2175765996E+00   1.4540886949E+00
H5         1.0           4.1988202707E-01  -3.9796914087E+00   5.8540124859E-01
H6         1.0           3.1010462396E+00  -2.1838960109E+00   1.4541756223E+00
H7         1.0           3.8320055327E-01  -2.1838960109E+00   3.4035687154E+00
F8         9.0           7.8702935691E-01   2.2448491271E+00   1.0972787339E+00
</Nuclei of Molecule>
<Total Number of CPs of DelSqRho>
    40
</Total Number of CPs of DelSqRho>
<Number of (3,+3) CPs of DelSqRho>
     5
</Number of (3,+3) CPs of DelSqRho>
<Number of (3,+1) CPs of DelSqRho>
    15
</Number of (3,+1) CPs of DelSqRho>
<Number of (3,-1) CPs of DelSqRho>
    14
</Number of (3,-1) CPs of DelSqRho>
<Number of (3,-3) CPs of DelSqRho>
     6
</Number of (3,-3) CPs of DelSqRho>
<Number of Degenerate CPs of DelSqRho>
     0
</Number of Degenerate CPs of DelSqRho>
<CP of DelSqRho>
CP# = 1       
Type = (3,+3)
Coords =  1.04295493738774E+00 -2.21757657853819E+00  1.45408865506983E+00
DistFromNuc =  5.3370005577E-08
Rho =  1.2076994657E+02
DelSqRho = -7.4339115913E+05
GradDelSqRho = -1.0657292933E-06 -5.6537692217E-07 -7.8033099271E-07
HessDelSqRho_EigVals =  1.5925295666E+10  1.5925295716E+10  1.5925296570E+10
HessDelSqRho_EigVec1 =  4.6106108566E-01  6.1327844803E-01  6.4133627721E-01
HessDelSqRho_EigVec2 = -8.1219260548E-01  5.2468994029E-04  5.8338914655E-01
HessDelSqRho_EigVec3 = -3.5744348770E-01  7.8986661525E-01 -4.9834213470E-01
</CP of DelSqRho>
<CP of DelSqRho>
CP# = 2       
Type = (3,+1)
Coords =  6.47888947900629E-01 -3.32162896797371E+00  9.03279253252688E-01
DistFromNuc =  1.2955307143E+00
Rho =  2.8286071106E-01
DelSqRho = -1.0850957517E+00
GradDelSqRho =  3.1918911958E-16 -5.5511151231E-17  1.7069679004E-15
HessDelSqRho_EigVals = -7.7985167247E+00  8.1164896930E+00  8.1183605147E+00
HessDelSqRho_EigVec1 =  2.9856201660E-01  8.5883270861E-01  4.1625364967E-01
HessDelSqRho_EigVec2 =  4.6114829555E-01 -5.1167069062E-01  7.2493817245E-01
HessDelSqRho_EigVec3 =  8.3558540662E-01 -2.4484341612E-02 -5.4881467297E-01
</CP of DelSqRho>
<CP of DelSqRho>
CP# = 3       
Type = (3,+1)
Coords =  2.33908921715109E+00 -2.19211895385044E+00  1.45001736601532E+00
DistFromNuc =  1.2963906296E+00
Rho =  2.8565067102E-01
DelSqRho = -1.1041240498E+00
GradDelSqRho = -6.3143934526E-15  4.4408920985E-16  1.6653345369E-16
HessDelSqRho_EigVals = -8.2063981018E+00  8.2855009357E+00  8.3119915163E+00
HessDelSqRho_EigVec1 =  9.9993228631E-01  1.0543156304E-02  4.9259158659E-03
HessDelSqRho_EigVec2 = -1.1440602790E-02  8.1316762328E-01  5.8191711529E-01
HessDelSqRho_EigVec3 =  2.1296478056E-03 -5.8193406698E-01  8.1323318076E-01
</CP of DelSqRho>
<CP of DelSqRho>
CP# = 4       
Type = (3,+1)
Coords =  6.23549490858800E-01 -2.19211993811033E+00  2.68049690034110E+00
DistFromNuc =  1.2963896330E+00
Rho =  2.8565006597E-01
DelSqRho = -1.1041209635E+00
GradDelSqRho =  2.5535129566E-15 -1.3600232052E-15 -7.6605388699E-15
HessDelSqRho_EigVals = -8.2060856777E+00  8.2854562111E+00  8.3119343166E+00
HessDelSqRho_EigVec1 = -3.1591849367E-01  1.0546778021E-02  9.4872771164E-01
HessDelSqRho_EigVec2 =  5.5471309250E-01  8.1328476272E-01  1.7567378785E-01
HessDelSqRho_EigVec3 = -7.6973299941E-01  5.8177028129E-01 -2.6278213301E-01
</CP of DelSqRho>
<CP of DelSqRho>
CP# = 5       
Type = (3,-1)
Coords =  1.14410799999912E+00 -2.07597229613196E+00  1.59512882418425E+00
DistFromNuc =  2.2400007396E-01
Rho =  9.2219357458E+00
DelSqRho =  2.8035348358E+02
GradDelSqRho = -1.0089706848E-12  5.6843418861E-12 -6.1604055190E-12
HessDelSqRho_EigVals = -5.8462064944E+04 -3.8710756529E+01  1.7239152594E+01
HessDelSqRho_EigVec1 =  4.5178710093E-01  6.3171735151E-01  6.2993777728E-01
HessDelSqRho_EigVec2 = -8.1260951355E-01 -1.0465689296E-05  5.8280852635E-01
HessDelSqRho_EigVec3 =  3.6817685143E-01 -7.7519880527E-01  5.1333480144E-01
</CP of DelSqRho>
<CP of DelSqRho>
CP# = 6       
Type = (3,-3)
Coords =  1.13423755634111E+00 -2.37763362844217E+00  1.58136136968122E+00
DistFromNuc =  2.2393994177E-01
Rho =  9.2205031401E+00
DelSqRho =  2.8123749059E+02
GradDelSqRho = -1.2310152897E-12 -2.3305801733E-12 -5.4569682106E-12
HessDelSqRho_EigVals = -5.8664812655E+04 -7.1489342599E+01 -5.9399061100E+01
HessDelSqRho_EigVec1 = -4.0774084406E-01  7.1453034998E-01 -5.6850134832E-01
HessDelSqRho_EigVec2 = -8.1260783160E-01 -6.4893840405E-06  5.8281087153E-01
HessDelSqRho_EigVec3 =  4.1643236678E-01  6.9960444461E-01  5.8063560430E-01
</CP of DelSqRho>
<CP of DelSqRho>
CP# = 7       
Type = (3,+1)
Coords =  9.42659096916759E-01 -2.36110758004648E+00  1.31424005525122E+00
DistFromNuc =  2.2409383235E-01
Rho =  9.2217546313E+00
DelSqRho =  2.7946936516E+02
GradDelSqRho =  4.7961634664E-12  3.8298253457E-12  9.0665253083E-12
HessDelSqRho_EigVals = -5.8219468916E+04  2.5691499423E+01  4.9202152988E+01
HessDelSqRho_EigVec1 =  4.4733704288E-01  6.4095746910E-01  6.2374922274E-01
HessDelSqRho_EigVec2 = -8.1260980752E-01 -2.4402679272E-05  5.8280811605E-01
HessDelSqRho_EigVec3 =  3.7357043619E-01 -7.6757639503E-01  5.2083740937E-01
</CP of DelSqRho>
<CP of DelSqRho>
CP# = 8       
Type = (3,+1)
Coords =  8.87799014386161E-01 -2.19194905081846E+00  1.61364331050391E+00
DistFromNuc =  2.2402637328E-01
Rho =  9.2260500332E+00
DelSqRho =  2.7972807305E+02
GradDelSqRho =  4.7464254749E-12 -8.4821039081E-14  2.4007462684E-12
HessDelSqRho_EigVals = -5.8385574608E+04  2.0330713290E+01  4.4345911012E+01
HessDelSqRho_EigVec1 = -6.9205038691E-01  1.1421844066E-01  7.1275550491E-01
HessDelSqRho_EigVec2 =  6.0757228000E-01  6.2532856002E-01  4.8971432142E-01
HessDelSqRho_EigVec3 = -3.8977196737E-01  7.7195747282E-01 -5.0215483032E-01
</CP of DelSqRho>
<CP of DelSqRho>
CP# = 9       
Type = (3,-1)
Coords =  1.17163783231096E+00 -2.27735588241852E+00  1.28064048614776E+00
DistFromNuc =  2.2409177554E-01
Rho =  9.2177680555E+00
DelSqRho =  2.7979289554E+02
GradDelSqRho =  1.9930723738E-12 -3.3573144265E-12  1.2807532812E-12
HessDelSqRho_EigVals = -5.8205565270E+04 -1.7874256912E+01  3.4214548085E+01
HessDelSqRho_EigVec1 = -5.7469783547E-01  2.6703565552E-01  7.7357246370E-01
HessDelSqRho_EigVec2 =  7.3943087519E-01  5.7447635882E-01  3.5102548906E-01
HessDelSqRho_EigVec3 =  3.5066277065E-01 -7.7373695262E-01  5.2760472841E-01
</CP of DelSqRho>
<CP of DelSqRho>
CP# = 10      
Type = (3,-3)
Coords =  1.07977756173924E+00 -2.00261447299319E+00  1.50543375408521E+00
DistFromNuc =  2.2405565058E-01
Rho =  9.2161794310E+00
DelSqRho =  2.8039970380E+02
GradDelSqRho = -1.2256862192E-13  5.2580162446E-13  1.5809575871E-12
HessDelSqRho_EigVals = -5.8341924743E+04 -3.3721587295E+01 -1.1991627426E+01
HessDelSqRho_EigVec1 =  1.6445885019E-01  9.5935691803E-01  2.2931984307E-01
HessDelSqRho_EigVec2 = -8.1261352776E-01 -7.0775243536E-06  5.8280292934E-01
HessDelSqRho_EigVec3 =  5.5911764512E-01 -2.8219550631E-01  7.7958524558E-01
</CP of DelSqRho>
<CP of DelSqRho>
CP# = 11      
Type = (3,+1)
Coords =  1.24383231598936E+00 -2.19195394548725E+00  1.35827850129823E+00
DistFromNuc =  2.2402638988E-01
Rho =  9.2260495222E+00
DelSqRho =  2.7972796623E+02
GradDelSqRho = -4.7393200475E-12  1.6466827901E-12 -4.7855053253E-12
HessDelSqRho_EigVals = -5.8385528884E+04  2.0332348200E+01  4.4351267525E+01
HessDelSqRho_EigVec1 =  8.9701213977E-01  1.1419660097E-01 -4.2699924757E-01
HessDelSqRho_EigVec2 =  2.6908263881E-01  6.2532204411E-01  7.3250725228E-01
HessDelSqRho_EigVec3 = -3.5066188072E-01  7.7196598207E-01 -5.3019314210E-01
</CP of DelSqRho>
<CP of DelSqRho>
CP# = 12      
Type = (3,-1)
Coords =  8.37405926636296E-01 -2.27734708388215E+00  1.52037743327361E+00
DistFromNuc =  2.2409175618E-01
Rho =  9.2177689569E+00
DelSqRho =  2.7979299024E+02
GradDelSqRho =  2.8812507935E-12  2.7515767442E-12 -2.6645352591E-13
HessDelSqRho_EigVals = -5.8205618095E+04 -1.7874152457E+01  3.4210555326E+01
HessDelSqRho_EigVec1 =  9.1699016403E-01  2.6699637726E-01 -2.9638146635E-01
HessDelSqRho_EigVec2 =  9.5469001098E-02  5.7450047998E-01  8.1291750402E-01
HessDelSqRho_EigVec3 =  3.8731732326E-01 -7.7373259789E-01  5.0132141194E-01
</CP of DelSqRho>
<CP of DelSqRho>
CP# = 13      
Type = (3,+3)
Coords =  2.10971884538037E+00 -2.19326045184024E+00  1.44790889542806E+00
DistFromNuc =  1.0670588735E+00
Rho =  2.9438969360E-01
DelSqRho = -1.1694802500E+00
GradDelSqRho =  2.2204460493E-15 -1.1102230246E-15 -6.6613381478E-16
HessDelSqRho_EigVals =  7.1540500584E+00  7.1723212591E+00  7.4895673570E+00
HessDelSqRho_EigVec1 = -4.9035579400E-01  8.7137984386E-01 -1.5759536963E-02
HessDelSqRho_EigVec2 =  3.1976696996E-01  1.9670681337E-01  9.2685247720E-01
HessDelSqRho_EigVec3 =  8.1074057516E-01  4.4944810299E-01 -3.7509481801E-01
</CP of DelSqRho>
<CP of DelSqRho>
CP# = 14      
Type = (3,-1)
Coords = -4.67924245759994E-03 -2.25274186688262E+00  1.45970529298966E+00
DistFromNuc =  1.0482392746E+00
Rho =  1.6615523970E-01
DelSqRho =  8.8550486996E-02
GradDelSqRho =  2.2315482795E-14 -1.0283440766E-14  1.9428902931E-15
HessDelSqRho_EigVals = -1.6127344788E+00 -1.2987766200E+00  8.2564815566E+00
HessDelSqRho_EigVec1 = -3.4316258157E-02  8.3154544533E-01 -5.5439567709E-01
HessDelSqRho_EigVec2 = -1.0855789945E-02  5.5437952846E-01  8.3219318085E-01
HessDelSqRho_EigVec3 =  9.9935206321E-01  3.4576159047E-02 -9.9971483317E-03
</CP of DelSqRho>
<CP of DelSqRho>
CP# = 15      
Type = (3,-1)
Coords =  1.36901529148964E+00 -1.33600767882748E+00  1.90868260300253E+00
DistFromNuc =  1.0440951677E+00
Rho =  1.6690805426E-01
DelSqRho =  8.3285772976E-02
GradDelSqRho =  1.3877787808E-16 -7.2164496601E-16 -1.0547118734E-15
HessDelSqRho_EigVals = -1.5953065096E+00 -1.3264017380E+00  8.5593622903E+00
HessDelSqRho_EigVec1 =  4.9257588983E-01 -5.3498134474E-01  6.8641383548E-01
HessDelSqRho_EigVec2 = -8.1249386611E-01 -1.0542526376E-04  5.8296973028E-01
HessDelSqRho_EigVec3 =  3.1180556488E-01  8.4486386458E-01  4.3472099103E-01
</CP of DelSqRho>
<CP of DelSqRho>
CP# = 16      
Type = (3,-1)
Coords =  1.42589700249973E+00 -3.05005698908911E+00  1.98796914889762E+00
DistFromNuc =  1.0605171103E+00
Rho =  1.6081423444E-01
DelSqRho =  9.7863546512E-02
GradDelSqRho =  5.5511151231E-17 -1.6653345369E-15  4.4408920985E-16
HessDelSqRho_EigVals = -1.2800587424E+00 -1.2219037816E+00  7.4150403112E+00
HessDelSqRho_EigVec1 = -8.1292801371E-01 -4.7000636824E-04  5.8236399582E-01
HessDelSqRho_EigVec2 =  4.5621315422E-01  6.2102737986E-01  6.3733394024E-01
HessDelSqRho_EigVec3 = -3.6196353746E-01  7.8378872954E-01 -5.0463613128E-01
</CP of DelSqRho>
<CP of DelSqRho>
CP# = 17      
Type = (3,-1)
Coords =  1.38416699478713E+00 -2.25272506415407E+00  4.63565642917425E-01
DistFromNuc =  1.0482351738E+00
Rho =  1.6615740026E-01
DelSqRho =  8.8533271522E-02
GradDelSqRho =  1.8518520051E-13  1.3183898417E-15 -1.0210721157E-12
HessDelSqRho_EigVals = -1.6125950851E+00 -1.2987941929E+00  8.2569255012E+00
HessDelSqRho_EigVec1 = -5.1436196357E-01  8.3138220716E-01 -2.1032212450E-01
HessDelSqRho_EigVec2 =  7.9158559064E-01  5.5462511117E-01  2.5648243360E-01
HessDelSqRho_EigVec3 = -3.2988486342E-01  3.4563154980E-02  9.4338823673E-01
</CP of DelSqRho>
<CP of DelSqRho>
CP# = 18      
Type = (3,+1)
Coords =  4.51536479095275E-01 -1.52257952241688E+00  1.85833529480384E+00
DistFromNuc =  9.9810424179E-01
Rho =  2.1007793768E-01
DelSqRho = -1.8174921320E-01
GradDelSqRho =  1.1657341759E-15 -1.3322676296E-15 -1.6653345369E-16
HessDelSqRho_EigVals = -3.4474508314E+00  1.4950533733E+00  1.4382411015E+01
HessDelSqRho_EigVec1 =  4.1348532711E-02 -4.8787213100E-01  8.7193525140E-01
HessDelSqRho_EigVec2 = -8.0565853668E-01 -5.3242005259E-01 -2.5969830549E-01
HessDelSqRho_EigVec3 = -5.9093537813E-01  6.9174393484E-01  4.1507313511E-01
</CP of DelSqRho>
<CP of DelSqRho>
CP# = 19      
Type = (3,+1)
Coords =  4.68773022427751E-01 -2.91447716921319E+00  1.88170574997503E+00
DistFromNuc =  9.9910542683E-01
Rho =  2.0940854359E-01
DelSqRho = -1.7359956527E-01
GradDelSqRho =  1.8873791419E-15  2.2204460493E-15 -1.8873791419E-15
HessDelSqRho_EigVals = -3.4146988366E+00  1.4736505087E+00  1.4132055973E+01
HessDelSqRho_EigVec1 = -1.3602822639E-02  5.3390335934E-01  8.4543608044E-01
HessDelSqRho_EigVec2 =  8.1573270940E-01 -4.8305457909E-01  3.1817985548E-01
HessDelSqRho_EigVec3 = -5.7826906370E-01 -6.9397800866E-01  4.2895152811E-01
</CP of DelSqRho>
<CP of DelSqRho>
CP# = 20      
Type = (3,+1)
Coords =  1.62308931106569E+00 -2.13443085305736E+00  2.26291770610643E+00
DistFromNuc =  9.9883604406E-01
Rho =  2.0884190565E-01
DelSqRho = -1.6495491061E-01
GradDelSqRho = -2.9282132274E-15 -4.9960036108E-16 -3.1918911958E-15
HessDelSqRho_EigVals = -3.4660386814E+00  1.4055982284E+00  1.4107058770E+01
HessDelSqRho_EigVec1 =  8.1259075502E-01  5.4797250700E-06 -5.8283468053E-01
HessDelSqRho_EigVec2 = -5.0860491980E-02  9.9618588656E-01 -7.0900562602E-02
HessDelSqRho_EigVec3 =  5.8061129443E-01  8.7256400291E-02  8.0949172040E-01
</CP of DelSqRho>
<CP of DelSqRho>
CP# = 21      
Type = (3,+1)
Coords =  1.63208396225596E+00 -2.91447007676548E+00  1.04729297728976E+00
DistFromNuc =  9.9910772623E-01
Rho =  2.0940692759E-01
DelSqRho = -1.7357755443E-01
GradDelSqRho = -1.2767564783E-15  2.2204460493E-15  1.1102230246E-16
HessDelSqRho_EigVals = -3.4148240176E+00  1.4734771290E+00  1.4131660325E+01
HessDelSqRho_EigVec1 =  8.0517142715E-01  5.3389816895E-01  2.5816994033E-01
HessDelSqRho_EigVec2 =  3.9864788579E-02 -4.8307335676E-01  8.7467189884E-01
HessDelSqRho_EigVec3 = -5.9170074491E-01  6.9396893099E-01  4.1024060171E-01
</CP of DelSqRho>
<CP of DelSqRho>
CP# = 22      
Type = (3,+1)
Coords =  4.60680063963898E-01 -2.29765545551974E+00  6.42237634646333E-01
DistFromNuc =  1.0022768224E+00
Rho =  2.0772738106E-01
DelSqRho = -1.7343836197E-01
GradDelSqRho = -1.5265566589E-16  0.0000000000E+00  2.2204460493E-15
HessDelSqRho_EigVals = -3.3468307785E+00  1.4585265476E+00  1.3959519999E+01
HessDelSqRho_EigVec1 = -5.0884785259E-02  9.9618282501E-01 -7.0926143152E-02
HessDelSqRho_EigVec2 =  8.1260285406E-01  1.2148571089E-05 -5.8281781152E-01
HessDelSqRho_EigVec3 =  5.8059223230E-01  8.7291345537E-02  8.0950162494E-01
</CP of DelSqRho>
<CP of DelSqRho>
CP# = 23      
Type = (3,+1)
Coords =  1.61545612374738E+00 -1.52256545473589E+00  1.02348311602935E+00
DistFromNuc =  9.9810782573E-01
Rho =  2.1007514088E-01
DelSqRho = -1.8172617399E-01
GradDelSqRho =  1.5543122345E-15 -1.1102230246E-15  1.9428902931E-15
HessDelSqRho_EigVals = -3.4473653243E+00  1.4948718890E+00  1.4381858144E+01
HessDelSqRho_EigVec1 =  8.1266457212E-01 -4.8785789273E-01  3.1870200773E-01
HessDelSqRho_EigVec2 = -1.2307381383E-02  5.3241911575E-01  8.4639140683E-01
HessDelSqRho_EigVec3 =  5.8260176930E-01  6.9175469763E-01 -4.2667389974E-01
</CP of DelSqRho>
<CP of DelSqRho>
CP# = 24      
Type = (3,+3)
Coords =  6.95088539835639E-01 -2.19326368978536E+00  2.46256333255877E+00
DistFromNuc =  1.0670629142E+00
Rho =  2.9438874413E-01
DelSqRho = -1.1694718222E+00
GradDelSqRho =  4.7184478547E-16 -1.6653345369E-16  1.1102230246E-15
HessDelSqRho_EigVals =  7.1540237809E+00  7.1722724125E+00  7.4892709301E+00
HessDelSqRho_EigVec1 =  1.4156476109E-01  8.7112115663E-01 -4.7022053219E-01
HessDelSqRho_EigVec2 =  7.7535582455E-01  1.9774477266E-01  5.9976691325E-01
HessDelSqRho_EigVec3 =  6.1545329941E-01 -4.4949408824E-01 -6.4743517118E-01
</CP of DelSqRho>
<CP of DelSqRho>
CP# = 25      
Type = (3,+3)
Coords =  7.13496192245965E-01 -3.13049458791593E+00  9.94750113898757E-01
DistFromNuc =  1.0737570809E+00
Rho =  2.9073604076E-01
DelSqRho = -1.1433196957E+00
GradDelSqRho = -5.5511151231E-17 -5.5511151231E-16 -2.4980018054E-16
HessDelSqRho_EigVals =  6.9214113433E+00  7.0362580941E+00  7.2049439455E+00
HessDelSqRho_EigVec1 = -2.6608221702E-02  9.9893614470E-01 -3.7664059207E-02
HessDelSqRho_EigVec2 =  8.1223340379E-01 -3.5896403873E-04 -5.8333246860E-01
HessDelSqRho_EigVec3 =  5.8272540730E-01  4.6113446660E-02  8.1135975358E-01
</CP of DelSqRho>
<CP of DelSqRho>
CP# = 26      
Type = (3,+3)
Coords =  6.80030751264509E-01 -1.42558108176133E+00  9.48121558520571E-01
DistFromNuc =  1.0074589962E+00
Rho =  2.8317587033E-01
DelSqRho = -9.3069015341E-01
GradDelSqRho = -9.4368957093E-16 -1.3322676296E-15 -8.8817841970E-16
HessDelSqRho_EigVals =  4.8168838317E+00  4.8407554697E+00  1.3218903893E+01
HessDelSqRho_EigVec1 = -8.1068625298E-01  2.4837398392E-03  5.8547555907E-01
HessDelSqRho_EigVec2 =  4.6431789006E-01  6.1187330691E-01  6.4032800443E-01
HessDelSqRho_EigVec3 = -3.5664645827E-01  7.9095188686E-01 -4.9719052332E-01
</CP of DelSqRho>
<CP of DelSqRho>
CP# = 27      
Type = (3,-3)
Coords =  1.52154630670210E+00 -2.19727679662095E+00  6.82999868435585E-02
DistFromNuc =  1.4662442146E+00
Rho =  8.2451328705E-02
DelSqRho =  2.1083148605E-01
GradDelSqRho =  2.7755575616E-17  4.1633363423E-17 -1.7347234760E-16
HessDelSqRho_EigVals = -1.7835526077E+00 -2.0729159527E-01 -9.3635817173E-02
HessDelSqRho_EigVec1 = -3.5187268345E-01  6.0350598312E-02  9.3410032648E-01
HessDelSqRho_EigVec2 =  5.0464799212E-01 -8.2824168470E-01  2.4361058224E-01
HessDelSqRho_EigVec3 =  7.8836287247E-01  5.5711176348E-01  2.6097981588E-01
</CP of DelSqRho>
<CP of DelSqRho>
CP# = 28      
Type = (3,-1)
Coords =  1.10939302825635E+00 -4.40821546579392E-01  1.54666523505382E+00
DistFromNuc =  1.7804052770E+00
Rho =  7.7102416404E-02
DelSqRho =  1.8947566739E-01
GradDelSqRho = -2.2811613709E-16  1.9428902931E-16 -1.3530843113E-16
HessDelSqRho_EigVals = -9.8408421747E-01 -6.1953182830E-02  2.3183846769E-01
HessDelSqRho_EigVec1 =  4.4565790122E-01  6.4453292530E-01  6.2126189589E-01
HessDelSqRho_EigVec2 =  8.1256683440E-01 -2.0376413169E-05 -5.8286802899E-01
HessDelSqRho_EigVec3 =  3.7566497670E-01 -7.6457655457E-01  5.2373515968E-01
</CP of DelSqRho>
<CP of DelSqRho>
CP# = 29      
Type = (3,-1)
Coords =  9.98100005737212E-02 -2.37653940385596E+00  1.39049078103025E-01
DistFromNuc =  1.6260752727E+00
Rho =  8.4585816496E-02
DelSqRho =  1.7820424489E-01
GradDelSqRho =  1.3877787808E-16  1.5092094241E-16  5.2041704279E-16
HessDelSqRho_EigVals = -1.4163122753E+00 -1.7011103498E-01  5.1729426506E-02
HessDelSqRho_EigVec1 =  5.7935118044E-01  1.0866308270E-01  8.0780229276E-01
HessDelSqRho_EigVec2 =  6.3333245611E-02 -9.9407863594E-01  8.8298162877E-02
HessDelSqRho_EigVec3 =  8.1261375187E-01  5.0961183660E-06 -5.8280261689E-01
</CP of DelSqRho>
<CP of DelSqRho>
CP# = 30      
Type = (3,-3)
Coords =  1.57782989426105E+00 -3.34658389325216E+00  2.19982171577604E+00
DistFromNuc =  1.4549454960E+00
Rho =  8.2565387007E-02
DelSqRho =  1.9889705432E-01
GradDelSqRho =  1.1102230246E-16  2.1510571102E-16  1.8041124150E-16
HessDelSqRho_EigVals = -1.7052754232E+00 -8.0457894613E-02 -7.2093146710E-02
HessDelSqRho_EigVec1 = -3.6291930794E-01  7.8248439292E-01 -5.0597208497E-01
HessDelSqRho_EigVec2 = -8.1271677221E-01 -1.8078395714E-04  5.8265891865E-01
HessDelSqRho_EigVec3 =  4.5583003860E-01  6.2267017124E-01  6.3600380011E-01
</CP of DelSqRho>
<CP of DelSqRho>
CP# = 31      
Type = (3,-1)
Coords =  1.98520483225539E+00 -3.30026989331380E+00  7.37981016731673E-01
DistFromNuc =  1.6040167659E+00
Rho =  8.5357266482E-02
DelSqRho =  1.7497726203E-01
GradDelSqRho =  1.0408340856E-16  5.5511151231E-17  1.5959455979E-16
HessDelSqRho_EigVals = -1.5993140691E+00 -1.5590625205E-01  3.0834057888E-02
HessDelSqRho_EigVec1 = -5.9344147188E-01  6.5582626489E-01  4.6660382524E-01
HessDelSqRho_EigVec2 =  8.0078563315E-01  5.3946638501E-01  2.6022757190E-01
HessDelSqRho_EigVec3 =  8.1053002336E-02 -5.2807947292E-01  8.4531797632E-01
</CP of DelSqRho>
<CP of DelSqRho>
CP# = 32      
Type = (3,-1)
Coords =  8.28835332940559E-02 -1.12495163972767E+00  2.17930785143584E+00
DistFromNuc =  1.6252720646E+00
Rho =  8.4644811620E-02
DelSqRho =  1.8286441891E-01
GradDelSqRho =  5.4080871725E-13 -8.0060437446E-13 -4.2936834643E-13
HessDelSqRho_EigVals = -1.4693513030E+00 -2.6672886404E-01  5.3761405929E-02
HessDelSqRho_EigVec1 = -5.9170406720E-01  7.0569284812E-01  3.8972285148E-01
HessDelSqRho_EigVec2 = -3.5596857557E-02  4.6009096918E-01 -8.8715791368E-01
HessDelSqRho_EigVec3 = -8.0536895929E-01 -5.3880785461E-01 -2.4711724995E-01
</CP of DelSqRho>
<CP of DelSqRho>
CP# = 33      
Type = (3,-1)
Coords =  2.03766653112129E+00 -1.12494827117993E+00  7.77189501516772E-01
DistFromNuc =  1.6252631418E+00
Rho =  8.4645208563E-02
DelSqRho =  1.8286414031E-01
GradDelSqRho =  8.3266726847E-17  2.9490299092E-17  1.2663481375E-16
HessDelSqRho_EigVals = -1.4693496622E+00 -2.6667482112E-01  5.3759255491E-02
HessDelSqRho_EigVec1 =  5.5884899623E-01  7.0569075404E-01 -4.3553227101E-01
HessDelSqRho_EigVec2 =  8.2891814207E-01 -4.6008163815E-01  3.1815027893E-01
HessDelSqRho_EigVec3 = -2.4135309519E-02  5.3881856492E-01  8.4207603038E-01
</CP of DelSqRho>
<CP of DelSqRho>
CP# = 34      
Type = (3,-3)
Coords =  1.45009347984711E+00 -9.21982793492764E-01  2.02172775959252E+00
DistFromNuc =  1.4719168413E+00
Rho =  8.0620712302E-02
DelSqRho =  2.1302600718E-01
GradDelSqRho = -7.1123662515E-17  0.0000000000E+00  2.4286128664E-16
HessDelSqRho_EigVals = -1.7971273040E+00 -1.9962278523E-01 -9.7585424988E-02
HessDelSqRho_EigVec1 =  3.3392903898E-01  8.1959953949E-01  4.6556201712E-01
HessDelSqRho_EigVec2 =  4.7773830857E-01 -5.7293681489E-01  6.6596510019E-01
HessDelSqRho_EigVec3 =  8.1256230866E-01  3.1724690848E-05 -5.8287433770E-01
</CP of DelSqRho>
<CP of DelSqRho>
CP# = 35      
Type = (3,-1)
Coords =  1.95832074480570E+00 -1.93767453481659E+00  2.73027914348777E+00
DistFromNuc =  1.5952748152E+00
Rho =  8.5022207260E-02
DelSqRho =  1.7830427892E-01
GradDelSqRho = -3.7414515930E-12 -7.3779871101E-13 -5.2174514709E-12
HessDelSqRho_EigVals = -1.6359721982E+00 -1.4407054181E-01  2.6245536866E-02
HessDelSqRho_EigVec1 =  5.6862659047E-01  2.1941110696E-01  7.9279415156E-01
HessDelSqRho_EigVec2 =  8.1259460162E-01  3.5393111581E-06 -5.8282931756E-01
HessDelSqRho_EigVec3 = -1.2788203168E-01  9.7563249543E-01 -1.7829026850E-01
</CP of DelSqRho>
<CP of DelSqRho>
CP# = 36      
Type = (3,-1)
Coords =  6.25089960384893E-02 -3.30022414612390E+00  2.11703342411549E+00
DistFromNuc =  1.6040248514E+00
Rho =  8.5356204574E-02
DelSqRho =  1.7497340572E-01
GradDelSqRho = -1.6098233857E-15 -6.9388939039E-17  2.0816681712E-16
HessDelSqRho_EigVals = -1.5992830446E+00 -1.5586640250E-01  3.0842495927E-02
HessDelSqRho_EigVec1 =  6.3227571187E-01  6.5581192229E-01 -4.1247805609E-01
HessDelSqRho_EigVec2 = -1.0268087628E-02  5.3945270940E-01  8.4195328890E-01
HessDelSqRho_EigVec3 = -7.7467540981E-01  5.2811125428E-01 -3.4781678014E-01
</CP of DelSqRho>
<CP of DelSqRho>
CP# = 37      
Type = (3,-3)
Coords = -4.23108939203512E-01 -2.19729573370900E+00  1.46309412547064E+00
DistFromNuc =  1.4662318320E+00
Rho =  8.2452525733E-02
DelSqRho =  2.1083528546E-01
GradDelSqRho =  1.9428902931E-16 -6.9388939039E-18 -1.0408340856E-17
HessDelSqRho_EigVals = -1.7835772257E+00 -2.0733182053E-01 -9.3640372559E-02
HessDelSqRho_EigVec1 =  9.9760319274E-01  6.0375629249E-02 -3.3803154215E-02
HessDelSqRho_EigVec2 = -6.8969669766E-02  8.2828762655E-01 -5.5604207787E-01
HessDelSqRho_EigVec3 = -5.5726559661E-03  5.5704074456E-01  8.3046646796E-01
</CP of DelSqRho>
<CP of DelSqRho>
CP# = 38      
Type = (3,+1)
Coords =  1.64209686193918E+00 -8.01432736732398E-01  4.69647794840844E-01
DistFromNuc =  1.8258034773E+00
Rho =  8.3359371120E-02
DelSqRho =  1.7238136905E-01
GradDelSqRho = -1.3418016698E-12 -2.8488843229E-13  8.8534041209E-13
HessDelSqRho_EigVals = -9.9092992307E-01  2.8542927395E-02  9.7381928544E-02
HessDelSqRho_EigVec1 =  8.9857298261E-01  3.4021898578E-01 -2.7715994776E-01
HessDelSqRho_EigVec2 =  1.0179319523E-01  4.5276598348E-01  8.8579970061E-01
HessDelSqRho_EigVec3 = -4.2685447207E-01  8.2416867565E-01 -3.7221130256E-01
</CP of DelSqRho>
<CP of DelSqRho>
CP# = 39      
Type = (3,+1)
Coords = -8.15338355349249E-02 -8.01402296423201E-01  1.70605360608178E+00
DistFromNuc =  1.8257905242E+00
Rho =  8.3357464940E-02
DelSqRho =  1.7237936350E-01
GradDelSqRho =  1.0126968708E-12 -1.3065416804E-13 -6.1185778666E-13
HessDelSqRho_EigVals = -9.9091016632E-01  2.8555028963E-02  9.7402507029E-02
HessDelSqRho_EigVec1 = -5.5058729428E-01  3.4031875419E-01  7.6225768407E-01
HessDelSqRho_EigVec2 =  8.0640273149E-01  4.5288224959E-01  3.8027924299E-01
HessDelSqRho_EigVec3 = -2.1579681651E-01  8.2406359801E-01 -5.2378518538E-01
</CP of DelSqRho>
<CP of DelSqRho>
CP# = 40      
Type = (3,+1)
Coords =  4.88373627494144E-02 -2.01905434357513E+00  6.79476979434455E-02
DistFromNuc =  1.7172849963E+00
Rho =  8.3778868084E-02
DelSqRho =  1.7524297890E-01
GradDelSqRho = -1.1796119637E-16 -1.4918621893E-16 -2.1510571102E-16
HessDelSqRho_EigVals = -1.1368140513E+00  2.7228389143E-02  8.8215366249E-02
HessDelSqRho_EigVec1 =  5.4548204838E-01  3.5200911045E-01  7.6061746039E-01
HessDelSqRho_EigVec2 =  8.1260526057E-01  1.0585597309E-04 -5.8281444670E-01
HessDelSqRho_EigVec3 = -2.0523651084E-01  9.3599656781E-01 -2.8598671238E-01
</CP of DelSqRho>
<Path of -GradDelSqRho>
Starting CP# =      2
Ending CP# =     25
Number of Points =      9
  6.4788894790E-01 -3.3216289680E+00  9.0327925325E-01  2.8286071106E-01 -1.0850957517E+00
  6.5535249375E-01 -3.3001576412E+00  9.1368490605E-01  2.8299049287E-01 -1.0873057429E+00
  6.6281412740E-01 -3.2786843735E+00  9.2408792467E-01  2.8335570219E-01 -1.0930742207E+00
  6.7027205461E-01 -3.2572073320E+00  9.3448580914E-01  2.8393566222E-01 -1.1012055288E+00
  6.7772358455E-01 -3.2357237721E+00  9.4487480966E-01  2.8471066549E-01 -1.1106154059E+00
  6.8516451643E-01 -3.2142294203E+00  9.5524907170E-01  2.8566235068E-01 -1.1203061659E+00
  6.9258779672E-01 -3.1927171310E+00  9.6559876502E-01  2.8677406030E-01 -1.1293386528E+00
  6.9997995317E-01 -3.1711733473E+00  9.7590511407E-01  2.8803119262E-01 -1.1368009248E+00
  7.1349619225E-01 -3.1304945879E+00  9.9475011390E-01  2.9073604076E-01 -1.1433196957E+00
</Path of -GradDelSqRho>
<Path of -GradDelSqRho>
Starting CP# =      2
Ending CP# =      0
Number of Points =     32
  6.4788894790E-01 -3.3216289680E+00  9.0327925325E-01  2.8286071106E-01 -1.0850957517E+00
  6.4042471002E-01 -3.3430996009E+00  8.9287266513E-01  2.8298758925E-01 -1.0877722623E+00
  6.3296058108E-01 -3.3645703591E+00  8.8246625752E-01  2.8339244748E-01 -1.0968115157E+00
  6.2549711759E-01 -3.3860418114E+00  8.7206080457E-01  2.8409615522E-01 -1.1138467560E+00
  6.1803467490E-01 -3.4075143202E+00  8.6165679991E-01  2.8511851076E-01 -1.1406666965E+00
  6.1057346125E-01 -3.4289880975E+00  8.5125453199E-01  2.8647753115E-01 -1.1791982050E+00
  6.0311357613E-01 -3.4504632438E+00  8.4085413762E-01  2.8818865437E-01 -1.2314637295E+00
  5.9565503707E-01 -3.4719397759E+00  8.3045563932E-01  2.9026387102E-01 -1.2994973797E+00
  5.8819779725E-01 -3.4934176444E+00  8.2005896983E-01  2.9271082990E-01 -1.3851942250E+00
  5.8074175483E-01 -3.5148967441E+00  8.0966398515E-01  2.9553200847E-01 -1.4900573333E+00
  5.7328675429E-01 -3.5363769148E+00  7.9927046631E-01  2.9872411456E-01 -1.6148034315E+00
  5.6583257880E-01 -3.5578579337E+00  7.8887810870E-01  3.0227799754E-01 -1.7588061235E+00
  5.5837893092E-01 -3.5793394954E+00  7.7848649495E-01  3.0617949190E-01 -1.9194201298E+00
  5.5092539634E-01 -3.6008211754E+00  7.6809504420E-01  3.1041176390E-01 -2.0913693984E+00
  5.4347138473E-01 -3.6223023686E+00  7.5770292932E-01  3.1495980674E-01 -2.2666090767E+00
  5.3601606059E-01 -3.6437822187E+00  7.4730898012E-01  3.1981759731E-01 -2.4353490607E+00
  5.2855840738E-01 -3.6652596836E+00  7.3691177347E-01  3.2499790817E-01 -2.5891298747E+00
  5.2109811550E-01 -3.6867344454E+00  7.2651087697E-01  3.3054370348E-01 -2.7267481243E+00
  5.1363845269E-01 -3.7082098554E+00  7.1611086778E-01  3.3653842027E-01 -2.8631868902E+00
  5.0618666410E-01 -3.7296933361E+00  7.0572188974E-01  3.4311051742E-01 -3.0403927732E+00
  4.9874553754E-01 -3.7511877249E+00  6.9534784248E-01  3.5042611349E-01 -3.3369414022E+00
  4.9131198066E-01 -3.7726898445E+00  6.8498439355E-01  3.5866331184E-01 -3.8718949373E+00
  4.8388269811E-01 -3.7941963242E+00  6.7462692832E-01  3.6796389469E-01 -4.7972232469E+00
  4.7645578679E-01 -3.8157052211E+00  6.6427278218E-01  3.7836314571E-01 -6.2737381429E+00
  4.6903026462E-01 -3.8372155334E+00  6.5392058028E-01  3.8970656382E-01 -8.4282703538E+00
  4.6160561718E-01 -3.8587267368E+00  6.4356960254E-01  4.0157198986E-01 -1.1295688979E+01
  4.5418156244E-01 -3.8802385438E+00  6.3321945418E-01  4.1322442570E-01 -1.4758816184E+01
  4.4675793683E-01 -3.9017507878E+00  6.2286990630E-01  4.2363386627E-01 -1.8510210327E+01
  4.3933463679E-01 -3.9232633633E+00  6.1252081408E-01  4.3157810552E-01 -2.2065194077E+01
  4.3191158141E-01 -3.9447761881E+00  6.0217206457E-01  4.3582952338E-01 -2.4845603290E+01
  4.2448865414E-01 -3.9662891440E+00  5.9182349556E-01  4.3539156802E-01 -2.6324640046E+01
  4.2151938750E-01 -3.9748942297E+00  5.8768393568E-01  4.3376255370E-01 -2.6470984571E+01
</Path of -GradDelSqRho>
<Path of -GradDelSqRho>
Starting CP# =      3
Ending CP# =      0
Number of Points =     32
  2.3390892172E+00 -2.1921189539E+00  1.4500173660E+00  2.8565067102E-01 -1.1041240498E+00
  2.3640875101E+00 -2.1918536611E+00  1.4501397061E+00  2.8575417929E-01 -1.1069338177E+00
  2.3890857796E+00 -2.1915857224E+00  1.4502610826E+00  2.8614061511E-01 -1.1163964449E+00
  2.4140840324E+00 -2.1913161629E+00  1.4503823036E+00  2.8683098422E-01 -1.1341808130E+00
  2.4390822735E+00 -2.1910456994E+00  1.4505039206E+00  2.8784511090E-01 -1.1621098875E+00
  2.4640805064E+00 -2.1907748231E+00  1.4506262951E+00  2.8920090857E-01 -1.2021402891E+00
  2.4890787337E+00 -2.1905038600E+00  1.4507496463E+00  2.9091356417E-01 -1.2563146608E+00
  2.5140769567E+00 -2.1902330148E+00  1.4508740853E+00  2.9299465667E-01 -1.3266694630E+00
  2.5390751768E+00 -2.1899624043E+00  1.4509996383E+00  2.9545125960E-01 -1.4150711041E+00
  2.5640733946E+00 -2.1896920837E+00  1.4511262599E+00  2.9828512795E-01 -1.5229435428E+00
  2.5890716108E+00 -2.1894220660E+00  1.4512538393E+00  3.0149215052E-01 -1.6508487848E+00
  2.6140698262E+00 -2.1891523394E+00  1.4513821959E+00  3.0506236659E-01 -1.7979048220E+00
  2.6390680418E+00 -2.1888828798E+00  1.4515110647E+00  3.0898099473E-01 -1.9610995764E+00
  2.6640662594E+00 -2.1886136647E+00  1.4516400652E+00  3.1323106519E-01 -2.1347121992E+00
  2.6890644817E+00 -2.1883446866E+00  1.4517686502E+00  3.1779830315E-01 -2.3102928218E+00
  2.7140627128E+00 -2.1880759722E+00  1.4518960541E+00  3.2267873207E-01 -2.4779306434E+00
  2.7390609581E+00 -2.1878076060E+00  1.4520214084E+00  3.2788887424E-01 -2.6297173780E+00
  2.7640592185E+00 -2.1875397152E+00  1.4521447451E+00  3.3347726863E-01 -2.7661547724E+00
  2.7890574755E+00 -2.1872722504E+00  1.4522696723E+00  3.3953432108E-01 -2.9055147495E+00
  2.8140556909E+00 -2.1870047159E+00  1.4524025002E+00  3.4619557458E-01 -3.0947489185E+00
  2.8390538499E+00 -2.1867366492E+00  1.4525445627E+00  3.5363204803E-01 -3.4187015592E+00
  2.8640519671E+00 -2.1864680073E+00  1.4526927719E+00  3.6202133444E-01 -4.0027015381E+00
  2.8890500589E+00 -2.1861989047E+00  1.4528443873E+00  3.7149565402E-01 -5.0028469853E+00
  2.9140481353E+00 -2.1859294386E+00  1.4529978917E+00  3.8206860720E-01 -6.5791464665E+00
  2.9390462016E+00 -2.1856596678E+00  1.4531525089E+00  3.9355077474E-01 -8.8498586293E+00
  2.9640442606E+00 -2.1853896243E+00  1.4533078324E+00  4.0547420392E-01 -1.1831786908E+01
  2.9890423137E+00 -2.1851193231E+00  1.4534636382E+00  4.1705414818E-01 -1.5381235517E+01
  3.0140403619E+00 -2.1848487681E+00  1.4536197964E+00  4.2721820203E-01 -1.9161088102E+01
  3.0390384056E+00 -2.1845779525E+00  1.4537762239E+00  4.3472255216E-01 -2.2663314058E+01
  3.0640364450E+00 -2.1843068518E+00  1.4539328547E+00  4.3834999925E-01 -2.5303463598E+01
  3.0890344796E+00 -2.1840353748E+00  1.4540895831E+00  4.3715034481E-01 -2.6572196146E+01
  3.0952839872E+00 -2.1839673641E+00  1.4541287033E+00  4.3602852282E-01 -2.6635746091E+01
</Path of -GradDelSqRho>
<Path of -GradDelSqRho>
Starting CP# =      3
Ending CP# =     13
Number of Points =     10
  2.3390892172E+00 -2.1921189539E+00  1.4500173660E+00  2.8565067102E-01 -1.1041240498E+00
  2.3140908925E+00 -2.1923802761E+00  1.4498929753E+00  2.8580854273E-01 -1.1064558785E+00
  2.2890925239E+00 -2.1926355113E+00  1.4497648589E+00  2.8620626074E-01 -1.1125682450E+00
  2.2640940970E+00 -2.1928817386E+00  1.4496306549E+00  2.8682278947E-01 -1.1212354105E+00
  2.2390955962E+00 -2.1931146737E+00  1.4494868957E+00  2.8763801886E-01 -1.1313467352E+00
  2.2140970091E+00 -2.1933277692E+00  1.4493282866E+00  2.8863315256E-01 -1.1418824435E+00
  2.1890983427E+00 -2.1935103211E+00  1.4491461875E+00  2.8979107515E-01 -1.1518860692E+00
  2.1640996849E+00 -2.1936427611E+00  1.4489248363E+00  2.9109671334E-01 -1.1604335910E+00
  2.1391015147E+00 -2.1936811300E+00  1.4486288942E+00  2.9253738099E-01 -1.1665983823E+00
  2.1097188454E+00 -2.1932604518E+00  1.4479088954E+00  2.9438969360E-01 -1.1694802500E+00
</Path of -GradDelSqRho>
<Path of -GradDelSqRho>
Starting CP# =      4
Ending CP# =      0
Number of Points =     32
  6.2354949086E-01 -2.1921199381E+00  2.6804969003E+00  2.8565006597E-01 -1.1041209635E+00
  6.1565077004E-01 -2.1918545598E+00  2.7042148215E+00  2.8575356422E-01 -1.1069306294E+00
  6.0775114825E-01 -2.1915865448E+00  2.7279324129E+00  2.8613998680E-01 -1.1163929325E+00
  5.9985138874E-01 -2.1913169169E+00  2.7516499402E+00  2.8683033934E-01 -1.1341767284E+00
  5.9195201193E-01 -2.1910463917E+00  2.7753675847E+00  2.8784444610E-01 -1.1621049584E+00
  5.8405335884E-01 -2.1907754596E+00  2.7990854656E+00  2.8920022059E-01 -1.2021342233E+00
  5.7615563622E-01 -2.1905044458E+00  2.8228036555E+00  2.9091284998E-01 -1.2563071553E+00
  5.6825894852E-01 -2.1902335541E+00  2.8465221913E+00  2.9299391355E-01 -1.3266602195E+00
  5.6036331973E-01 -2.1899629009E+00  2.8702410823E+00  2.9545048531E-01 -1.4150598552E+00
  5.5246870650E-01 -2.1896925406E+00  2.8939603147E+00  2.9828432081E-01 -1.5229300950E+00
  5.4457500314E-01 -2.1894224861E+00  2.9176798535E+00  3.0149130946E-01 -1.6508330807E+00
  5.3668203810E-01 -2.1891527246E+00  2.9413996412E+00  3.0506149118E-01 -1.7978870225E+00
  5.2878955954E-01 -2.1888832319E+00  2.9651195939E+00  3.0898008490E-01 -1.9610801473E+00
  5.2089720583E-01 -2.1886139849E+00  2.9888395910E+00  3.1323012087E-01 -2.1346919632E+00
  5.1300445696E-01 -2.1883449755E+00  3.0125594592E+00  3.1779732349E-01 -2.3102729031E+00
  5.0511058551E-01 -2.1880762298E+00  3.0362789569E+00  3.2267771434E-01 -2.4779121983E+00
  4.9721476593E-01 -2.1878078317E+00  3.0599978100E+00  3.2788781244E-01 -2.6297009972E+00
  4.8931702805E-01 -2.1875399086E+00  3.0837160299E+00  3.3347615208E-01 -2.7661394921E+00
  4.8142080008E-01 -2.1872724138E+00  3.1074347573E+00  3.3953313347E-01 -2.9054967373E+00
  4.7353207974E-01 -2.1870048560E+00  3.1311559818E+00  3.4619429416E-01 -3.0947201149E+00
  4.6565213738E-01 -2.1867367727E+00  3.1548801180E+00  3.5363064981E-01 -3.4186487859E+00
  4.5777803930E-01 -2.1864681183E+00  3.1786061881E+00  3.6201979517E-01 -4.0026067592E+00
  4.4990718039E-01 -2.1861990054E+00  3.2023333278E+00  3.7149396000E-01 -5.0026894219E+00
  4.4203811832E-01 -2.1859295300E+00  3.2260610593E+00  3.8206676446E-01 -6.5789070451E+00
  4.3417011516E-01 -2.1856597506E+00  3.2497891386E+00  3.9354881970E-01 -8.8495266809E+00
  4.2630278415E-01 -2.1853896989E+00  3.2735174376E+00  4.0547221139E-01 -1.1831368013E+01
  4.1843591265E-01 -2.1851193898E+00  3.2972458860E+00  4.1705223301E-01 -1.5380758000E+01
  4.1056937688E-01 -2.1848488270E+00  3.3209744429E+00  4.2721651086E-01 -1.9160604527E+01
  4.0270309812E-01 -2.1845780038E+00  3.3447030820E+00  4.3472124400E-01 -2.2662894413E+01
  3.9483701372E-01 -2.1843068956E+00  3.3684317823E+00  4.3834921744E-01 -2.5303179634E+01
  3.8697102382E-01 -2.1840354113E+00  3.3921605096E+00  4.3715018713E-01 -2.6572100992E+01
  3.8500446826E-01 -2.1839673989E+00  3.3980926705E+00  4.3602852877E-01 -2.6635702491E+01
</Path of -GradDelSqRho>
<Path of -GradDelSqRho>
Starting CP# =      4
Ending CP# =     24
Number of Points =     10
  6.2354949086E-01 -2.1921199381E+00  2.6804969003E+00  2.8565006597E-01 -1.1041209635E+00
  6.3144628378E-01 -2.1923813565E+00  2.6567782933E+00  2.8580794465E-01 -1.1064526989E+00
  6.3933956630E-01 -2.1926367007E+00  2.6330584517E+00  2.8620566681E-01 -1.1125648028E+00
  6.4722710572E-01 -2.1928830524E+00  2.6093366049E+00  2.8682219720E-01 -1.1212315610E+00
  6.5510562256E-01 -2.1931161311E+00  2.5856116262E+00  2.8763742604E-01 -1.1313423561E+00
  6.6297010542E-01 -2.1933293944E+00  2.5618818063E+00  2.8863255736E-01 -1.1418774326E+00
  6.7081236784E-01 -2.1935121464E+00  2.5381443817E+00  2.8979047614E-01 -1.1518803417E+00
  6.7861745080E-01 -2.1936448330E+00  2.5143943816E+00  2.9109610951E-01 -1.1604270763E+00
  6.8635172421E-01 -2.1936835241E+00  2.4906209282E+00  2.9253677183E-01 -1.1665910203E+00
  6.9508853984E-01 -2.1932636898E+00  2.4625633326E+00  2.9438874413E-01 -1.1694718222E+00
</Path of -GradDelSqRho>
<Path of -GradDelSqRho>
Starting CP# =      7
Ending CP# =      1
Number of Points =      9
  9.4265909692E-01 -2.3611075800E+00  1.3142400553E+00  9.2217546313E+00  2.7946936516E+02
  9.5384389793E-01 -2.3450864696E+00  1.3298357034E+00  1.2221816810E+01  2.4931798032E+02
  9.6503085264E-01 -2.3290697876E+00  1.3454343553E+00  1.6255427635E+01  7.5935033716E+01
  9.7621895286E-01 -2.3130554619E+00  1.3610346048E+00  2.1682787369E+01 -4.3675528160E+02
  9.8740759858E-01 -2.2970422585E+00  1.3766356151E+00  2.8952449394E+01 -1.4802267656E+03
  9.9859679349E-01 -2.2810301850E+00  1.3922373913E+00  3.8712938616E+01 -3.5218209610E+03
  1.0097869271E+00 -2.2650200433E+00  1.4078404767E+00  5.1981331991E+01 -9.4501314881E+03
  1.0209775730E+00 -2.2490109558E+00  1.4234442762E+00  6.9772316356E+01 -2.2717228201E+04
  1.0429549374E+00 -2.2175765785E+00  1.4540886551E+00  1.2076994657E+02 -7.4339115913E+05
</Path of -GradDelSqRho>
<Path of -GradDelSqRho>
Starting CP# =      7
Ending CP# =     25
Number of Points =     41
  9.4265909692E-01 -2.3611075800E+00  1.3142400553E+00  9.2217546313E+00  2.7946936516E+02
  9.3147719099E-01 -2.3771346402E+00  1.2986484448E+00  6.9797066112E+00  2.6733114641E+02
  9.2029796324E-01 -2.3931672013E+00  1.2830605698E+00  5.2982193134E+00  2.4288104445E+02
  9.0912023290E-01 -2.4092028368E+00  1.2674747833E+00  4.0368337075E+00  2.1209169714E+02
  8.9794359107E-01 -2.4252407063E+00  1.2518905150E+00  3.0923897452E+00  1.7805199606E+02
  8.8676843481E-01 -2.4412816241E+00  1.2363083189E+00  2.3867260366E+00  1.4449315590E+02
  8.7559555906E-01 -2.4573272192E+00  1.2207293034E+00  1.8600271543E+00  1.1443622558E+02
