 AIMInt (Version 19.10.12, Standard)
 Portions Copyright (c) 1997-2019 by Todd A. Keith
 AIMInt is a component of the AIMAll package ( http://aim.tkgristmill.com )

 TP:  64-bit Mac OS X

 AIMInt is a heavily modified and extended version of the PROAIMV program
 developed by members of R.F.W. Bader's research group

 Much of the Quantum Theory of Atoms in Molecules (QTAIM) is described in the book:
   "Atoms in Molecules - A Quantum Theory"
   R.F.W. Bader, Oxford University Press, Oxford, 1990

 For additional references see:  http://aim.tkgristmill.com/references.html

 Current Directory:  /Users/chemlab/Documents/SubstituentCoding/rotationalInvarianceCheck

 Inp File:  SubCH3_CFH2_anti2146_reor_atomicfiles/f8.inp
 Wfx File:  SubCH3_CFH2_anti2146_reor.wfx
 Out File:  SubCH3_CFH2_anti2146_reor_atomicfiles/f8.int

 Wfx Title:   Title Card Required                                                           
 Job Title:   Title Card Required                                                           
 
<Atom>
F8      
</Atom>
<Nuclei of Molecule>
     8
C1         6.0           0.0000000000E+00   0.0000000000E+00   0.0000000000E+00
H2         1.0          -2.0632464465E+00   0.0000000000E+00   0.0000000000E+00
H3         1.0           6.6148729155E-01   0.0000000000E+00  -1.9543339710E+00
C4         6.0           1.0429549660E+00  -2.2175765996E+00   1.4540886949E+00
H5         1.0           4.1988202707E-01  -3.9796914087E+00   5.8540124859E-01
H6         1.0           3.1010462396E+00  -2.1838960109E+00   1.4541756223E+00
H7         1.0           3.8320055327E-01  -2.1838960109E+00   3.4035687154E+00
F8         9.0           7.8702935691E-01   2.2448491271E+00   1.0972787339E+00
</Nuclei of Molecule>
<Total Number of CPs of DelSqRho>
    27
</Total Number of CPs of DelSqRho>
<Number of (3,+3) CPs of DelSqRho>
     5
</Number of (3,+3) CPs of DelSqRho>
<Number of (3,+1) CPs of DelSqRho>
     8
</Number of (3,+1) CPs of DelSqRho>
<Number of (3,-1) CPs of DelSqRho>
     8
</Number of (3,-1) CPs of DelSqRho>
<Number of (3,-3) CPs of DelSqRho>
     6
</Number of (3,-3) CPs of DelSqRho>
<Number of Degenerate CPs of DelSqRho>
     0
</Number of Degenerate CPs of DelSqRho>
<CP of DelSqRho>
CP# = 1       
Type = (3,+3)
Coords =  7.87029228673516E-01  2.24484877100452E+00  1.09727855510115E+00
DistFromNuc =  4.1855962101E-07
Rho =  4.2959969398E+02
DelSqRho = -6.1040878717E+06
GradDelSqRho =  1.5206751414E-05 -5.9885758674E-05  1.0141971870E-05
HessDelSqRho_EigVals =  3.0868576489E+11  3.0868576500E+11  3.0868581181E+11
HessDelSqRho_EigVec1 =  8.1271714495E-01 -1.3253107943E-04 -5.8265841171E-01
HessDelSqRho_EigVec2 =  4.9698184754E-01 -5.2182555743E-01  6.9333046293E-01
HessDelSqRho_EigVec3 =  3.0413793832E-01  8.5305220828E-01  4.2403071165E-01
</CP of DelSqRho>
<CP of DelSqRho>
CP# = 2       
Type = (3,+3)
Coords =  3.20620215290307E-01  9.04433177822584E-01  4.46997610423996E-01
DistFromNuc =  1.5611271389E+00
Rho =  2.5331971097E-01
DelSqRho = -4.6409460076E-01
GradDelSqRho = -7.4940054162E-16  2.2204460493E-16 -1.6653345369E-16
HessDelSqRho_EigVals =  4.5659945236E+00  4.6218164698E+00  1.4223609852E+01
HessDelSqRho_EigVec1 =  8.1235495163E-01  2.3245077582E-04 -5.8316325205E-01
HessDelSqRho_EigVec2 =  4.9758614081E-01 -5.2177257586E-01  6.9293680199E-01
HessDelSqRho_EigVec3 =  3.0411751847E-01  8.5308459431E-01  4.2398019991E-01
</CP of DelSqRho>
<CP of DelSqRho>
CP# = 3       
Type = (3,-3)
Coords =  7.40908815491381E-01  2.11765308546914E+00  1.03297703711315E+00
DistFromNuc =  1.4980202117E-01
Rho =  3.2263456311E+01
DelSqRho =  2.3547458208E+03
GradDelSqRho =  1.5916157281E-12 -3.7175595935E-11  3.5583980207E-11
HessDelSqRho_EigVals = -9.6277459113E+05 -5.6194699010E+03 -5.6006925749E+03
HessDelSqRho_EigVec1 =  3.0790355834E-01  8.4906555929E-01  4.2928204574E-01
HessDelSqRho_EigVec2 = -8.1262773130E-01  3.8440686628E-05  5.8278312334E-01
HessDelSqRho_EigVec3 =  4.9480457667E-01 -5.2828749233E-01  6.8998605519E-01
</CP of DelSqRho>
<CP of DelSqRho>
CP# = 4       
Type = (3,-3)
Coords =  8.32015586265876E-01  2.37050987544322E+00  1.15999902313580E+00
DistFromNuc =  1.4747277443E-01
Rho =  3.3100932513E+01
DelSqRho =  2.4665698684E+03
GradDelSqRho = -2.8762769944E-11 -6.8439476308E-11 -3.9790393203E-11
HessDelSqRho_EigVals = -1.1129431714E+06 -1.1131210555E+04 -1.1109551032E+04
HessDelSqRho_EigVec1 =  3.0504058205E-01  8.5210204207E-01  4.2529090420E-01
HessDelSqRho_EigVec2 = -8.1263210724E-01  4.2253944894E-05  5.8277702125E-01
HessDelSqRho_EigVec3 =  4.9656751966E-01 -5.2337568544E-01  6.9245836720E-01
</CP of DelSqRho>
<CP of DelSqRho>
CP# = 5       
Type = (3,+1)
Coords =  7.96838026781908E-01  2.13721196962211E+00  1.20021102602905E+00
DistFromNuc =  1.4925489752E-01
Rho =  3.2715117585E+01
DelSqRho =  2.3101599765E+03
GradDelSqRho = -3.5242919694E-12  2.8705926525E-11 -1.2960299500E-11
HessDelSqRho_EigVals = -9.8059044016E+05  3.4492494296E+00  7.4520447751E+03
HessDelSqRho_EigVec1 = -6.7925090908E-02  7.1681299012E-01 -6.9394907538E-01
HessDelSqRho_EigVec2 =  9.3751547300E-01 -1.9204830285E-01 -2.9014166758E-01
HessDelSqRho_EigVec3 =  3.4124905849E-01  6.7029589479E-01  6.5897837105E-01
</CP of DelSqRho>
<CP of DelSqRho>
CP# = 6       
Type = (3,-1)
Coords =  9.71997459911412E-01  2.76003286587325E+00  1.35516402420961E+00
DistFromNuc =  6.0508867682E-01
Rho =  1.2109561080E+00
DelSqRho = -3.6880896934E+00
GradDelSqRho =  2.7222668564E-12  6.0325078266E-12  3.7676528564E-12
HessDelSqRho_EigVals = -2.5473804565E+01 -2.5265436124E+01  4.7017675071E+02
HessDelSqRho_EigVec1 = -8.1257114066E-01 -2.3027187837E-05  5.8286202555E-01
HessDelSqRho_EigVec2 =  4.9628040307E-01 -5.2445607274E-01  6.9184650703E-01
HessDelSqRho_EigVec3 =  3.0566959759E-01  8.5143750636E-01  4.2616929720E-01
</CP of DelSqRho>
<CP of DelSqRho>
CP# = 7       
Type = (3,-1)
Coords =  5.47961064722766E-01  1.73460818743875E+00  7.63951087846344E-01
DistFromNuc =  6.5468067363E-01
Rho =  1.0317182649E+00
DelSqRho = -2.9870987369E+00
GradDelSqRho =  2.4868995752E-14 -1.4210854715E-14 -7.1054273576E-15
HessDelSqRho_EigVals = -2.8819799564E+00 -1.5553267582E+00  3.0688280863E+02
HessDelSqRho_EigVec1 =  4.4175639389E-01 -6.5213024422E-01  6.1609855789E-01
HessDelSqRho_EigVec2 = -8.1264955866E-01  6.1260562889E-05  5.8275268429E-01
HessDelSqRho_EigVec3 =  3.8006839287E-01  7.5810694550E-01  5.2992629291E-01
</CP of DelSqRho>
<CP of DelSqRho>
CP# = 8       
Type = (3,+3)
Coords =  5.47666950605699E-01  2.62479954276461E+00  7.63598893293437E-01
DistFromNuc =  5.5946306040E-01
Rho =  1.5344251481E+00
DelSqRho = -7.9670548984E+00
GradDelSqRho =  5.3290705182E-15 -2.3092638912E-14  6.9277916737E-14
HessDelSqRho_EigVals =  2.9497958662E-01  4.4073001455E+01  8.2780841742E+02
HessDelSqRho_EigVec1 = -8.1256962837E-01 -2.2735092225E-05  5.8286413386E-01
HessDelSqRho_EigVec2 =  3.9473185863E-01  7.3575184216E-01  5.5032352897E-01
HessDelSqRho_EigVec3 = -4.2885587187E-01  6.7725122831E-01 -5.9784062669E-01
</CP of DelSqRho>
<CP of DelSqRho>
CP# = 9       
Type = (3,+3)
Coords =  4.19918731199364E-01  2.29579579274669E+00  1.51651063776923E+00
DistFromNuc =  5.5957230407E-01
Rho =  1.5339298731E+00
DelSqRho = -7.9465089247E+00
GradDelSqRho = -7.1054273576E-14  0.0000000000E+00  3.5527136788E-14
HessDelSqRho_EigVals =  2.2292708681E-01  4.3634107046E+01  8.2545743458E+02
HessDelSqRho_EigVec1 = -6.0800661844E-01  5.2362571750E-01 -5.9677806587E-01
HessDelSqRho_EigVec2 =  4.4463457482E-01  8.4731283955E-01  2.9044973198E-01
HessDelSqRho_EigVec3 = -6.5774466688E-01  8.8752802217E-02  7.4799391261E-01
</CP of DelSqRho>
<CP of DelSqRho>
CP# = 10      
Type = (3,+1)
Coords =  3.07341246351593E-01  2.44329389826079E+00  1.30587582256401E+00
DistFromNuc =  5.5945844888E-01
Rho =  1.5339437958E+00
DelSqRho = -7.9436304552E+00
GradDelSqRho =  2.8421709430E-14  7.1054273576E-15 -5.6843418861E-14
HessDelSqRho_EigVals = -1.8786989857E-01  4.3865825234E+01  8.2774562004E+02
HessDelSqRho_EigVec1 =  1.6858216336E-01 -4.9054310365E-01  8.5495468749E-01
HessDelSqRho_EigVec2 =  4.8299888600E-01  7.9720977453E-01  3.6217212969E-01
HessDelSqRho_EigVec3 =  8.5923927419E-01 -3.5188640051E-01 -3.7132712104E-01
</CP of DelSqRho>
<CP of DelSqRho>
CP# = 11      
Type = (3,+3)
Coords =  1.30187853267933E+00  2.29572718627850E+00  8.84058200447310E-01
DistFromNuc =  5.5957237832E-01
Rho =  1.5339297615E+00
DelSqRho = -7.9465124048E+00
GradDelSqRho = -2.1316282073E-14 -8.8817841970E-15  3.1974423109E-14
HessDelSqRho_EigVals =  2.2313086039E-01  4.3633992564E+01  8.2545626364E+02
HessDelSqRho_EigVec1 =  3.7013225482E-01 -5.2360637061E-01  7.6735811887E-01
HessDelSqRho_EigVec2 =  1.3254471381E-01  8.4733760025E-01  5.1424788773E-01
HessDelSqRho_EigVec3 =  9.1947485707E-01  8.8630467965E-02 -3.8302823311E-01
</CP of DelSqRho>
<CP of DelSqRho>
CP# = 12      
Type = (3,+1)
Coords =  1.09347962022815E+00  2.05252176187454E+00  1.52459026093288E+00
DistFromNuc =  5.5990777851E-01
Rho =  1.5310173389E+00
DelSqRho = -7.8910144681E+00
GradDelSqRho =  7.1054273576E-14 -1.7763568394E-14  1.7763568394E-14
HessDelSqRho_EigVals = -5.5424676735E-01  4.3203606348E+01  8.2034040107E+02
HessDelSqRho_EigVec1 =  8.1262128568E-01 -2.9940917097E-05 -5.8279211144E-01
HessDelSqRho_EigVec2 = -2.0230155508E-01 -9.3783346106E-01 -2.8203276428E-01
HessDelSqRho_EigVec3 =  5.4655349863E-01 -3.4708557794E-01  7.6210948998E-01
</CP of DelSqRho>
<CP of DelSqRho>
CP# = 13      
Type = (3,+1)
Coords =  1.13834582130249E+00  2.44333442761475E+00  7.09755706532770E-01
DistFromNuc =  5.5945846085E-01
Rho =  1.5339434718E+00
DelSqRho = -7.9436269281E+00
GradDelSqRho =  2.2382096176E-13  7.8159700934E-14 -1.8474111130E-13
HessDelSqRho_EigVals = -1.8802158124E-01  4.3865761490E+01  8.2774577545E+02
HessDelSqRho_EigVec1 = -7.5586043531E-01  4.9051284009E-01 -4.3367286755E-01
HessDelSqRho_EigVec2 =  1.8821901880E-01  7.9719644853E-01  5.7363004054E-01
HessDelSqRho_EigVec3 =  6.2709537018E-01  3.5195877054E-01 -6.9489310008E-01
</CP of DelSqRho>
<CP of DelSqRho>
CP# = 14      
Type = (3,+1)
Coords =  1.82881064306044E+00  2.12838396011903E+00  1.05649948461393E+00
DistFromNuc =  1.0490640259E+00
Rho =  3.9197801826E-01
DelSqRho =  1.4065161239E+00
GradDelSqRho = -2.1566082253E-12  2.3421542483E-13  7.1151418091E-14
HessDelSqRho_EigVals = -4.8217645477E+01  6.5043155967E-02  3.8154433280E-01
HessDelSqRho_EigVec1 =  9.9332847191E-01 -1.0895035251E-01 -3.7793750424E-02
HessDelSqRho_EigVec2 = -1.0555130674E-02 -4.1225316685E-01  9.1100818637E-01
HessDelSqRho_EigVec3 =  1.1483525635E-01  9.0453145170E-01  4.1065279348E-01
</CP of DelSqRho>
<CP of DelSqRho>
CP# = 15      
Type = (3,-3)
Coords = -2.53349305807835E-01  2.18345358956169E+00  1.06227895361562E+00
DistFromNuc =  1.0427761785E+00
Rho =  3.8941768271E-01
DelSqRho =  1.4640504181E+00
GradDelSqRho = -4.4408920985E-15 -1.7069679004E-15 -1.3877787808E-15
HessDelSqRho_EigVals = -4.7455082386E+01 -7.4194494154E-01 -1.1922320972E-01
HessDelSqRho_EigVec1 =  9.9709742715E-01  6.6241354969E-02  3.7534033524E-02
HessDelSqRho_EigVec2 = -7.5984251349E-02  8.9691123236E-01  4.3563360157E-01
HessDelSqRho_EigVec3 = -4.8077362254E-03 -4.3722113874E-01  8.9934118193E-01
</CP of DelSqRho>
<CP of DelSqRho>
CP# = 16      
Type = (3,-3)
Coords =  1.10202943746188E+00  3.10895743399847E+00  1.53645794960291E+00
DistFromNuc =  1.0192088110E+00
Rho =  3.7444558669E-01
DelSqRho =  1.5737954005E+00
GradDelSqRho = -5.1569859494E-14 -2.0294876890E-13 -6.8722805224E-14
HessDelSqRho_EigVals = -4.6922804519E+01 -4.2245119318E-01 -4.2216855878E-01
HessDelSqRho_EigVec1 =  3.0886857155E-01  8.4803151657E-01  4.3063064500E-01
HessDelSqRho_EigVec2 =  4.8676608355E-01 -5.2992339366E-01  6.9443500542E-01
HessDelSqRho_EigVec3 =  8.1710402362E-01 -4.8727556334E-03 -5.7646966168E-01
</CP of DelSqRho>
<CP of DelSqRho>
CP# = 17      
Type = (3,+1)
Coords =  4.71868723166714E-01  1.34298810335508E+00  6.57878344769389E-01
DistFromNuc =  1.0515475420E+00
Rho =  4.4978756621E-01
DelSqRho =  3.4952689739E-01
GradDelSqRho = -1.3178347302E-13 -1.9073631563E-13 -1.8074430841E-13
HessDelSqRho_EigVals = -3.3858489342E+01  7.3493044079E+00  7.3884221620E+00
HessDelSqRho_EigVec1 =  2.9976417268E-01  8.5759617073E-01  4.1793569927E-01
HessDelSqRho_EigVec2 =  4.9951112674E-01 -5.1432360058E-01  6.9710821839E-01
HessDelSqRho_EigVec3 =  8.1279153234E-01 -2.0453630800E-04 -5.8255461815E-01
</CP of DelSqRho>
<CP of DelSqRho>
CP# = 18      
Type = (3,-1)
Coords =  1.37193204615310E+00  1.94272779344963E+00  1.91274609792047E+00
DistFromNuc =  1.0480341015E+00
Rho =  3.9159068624E-01
DelSqRho =  1.4190048949E+00
GradDelSqRho =  5.7731597281E-15 -3.6082248300E-15  5.3290705182E-15
HessDelSqRho_EigVals = -4.8455429451E+01 -5.4707231581E-02  4.1496225659E-01
HessDelSqRho_EigVec1 =  5.5880130389E-01 -2.8421794990E-01  7.7907718470E-01
HessDelSqRho_EigVec2 =  8.1258821579E-01 -2.1308864497E-06 -5.8283822073E-01
HessDelSqRho_EigVec3 =  1.6565474435E-01  9.5875969719E-01  2.3095096606E-01
</CP of DelSqRho>
<CP of DelSqRho>
CP# = 19      
Type = (3,-3)
Coords =  1.08741225636958E+00  2.18346270936034E+00  1.00592281530504E-01
DistFromNuc =  1.0427761327E+00
Rho =  3.8941757356E-01
DelSqRho =  1.4640506438E+00
GradDelSqRho = -1.0991207944E-14  9.2981178312E-16  6.1062266354E-14
HessDelSqRho_EigVals = -4.7455064208E+01 -7.4194489773E-01 -1.1922595673E-01
HessDelSqRho_EigVec1 = -2.8410697670E-01  6.6232487685E-02  9.5650221294E-01
HessDelSqRho_EigVec2 =  4.3699831672E-01  8.9691135224E-01  6.7694146045E-02
HessDelSqRho_EigVec3 =  8.5341414154E-01 -4.3722223617E-01  2.8376225828E-01
</CP of DelSqRho>
<CP of DelSqRho>
CP# = 20      
Type = (3,-3)
Coords =  1.15363271231122E+00  1.41268869657533E+00  1.60839501998283E+00
DistFromNuc =  1.0431341525E+00
Rho =  3.8997952175E-01
DelSqRho =  1.4639908185E+00
GradDelSqRho =  2.1094237468E-15  1.5543122345E-15  6.6613381478E-16
HessDelSqRho_EigVals = -4.7363521922E+01 -8.2025868262E-01 -1.2341854552E-01
HessDelSqRho_EigVec1 = -3.4783707132E-01  8.0239044836E-01 -4.8495251334E-01
HessDelSqRho_EigVec2 =  4.6766532618E-01  5.9679943731E-01  6.5201194338E-01
HessDelSqRho_EigVec3 =  8.1258754267E-01 -1.5504744480E-06 -5.8283915920E-01
</CP of DelSqRho>
<CP of DelSqRho>
CP# = 21      
Type = (3,-1)
Coords =  1.87054414800996E-01  2.41798525903597E+00  2.60808937911365E-01
DistFromNuc =  1.0438523703E+00
Rho =  3.8887698624E-01
DelSqRho =  1.4415788146E+00
GradDelSqRho =  8.0446760364E-13 -2.0944357360E-13  9.3325347450E-13
HessDelSqRho_EigVals = -4.6965949114E+01 -6.8176740673E-01  1.1131071096E-01
HessDelSqRho_EigVec1 =  5.7563254640E-01 -1.5680859277E-01  8.0253238985E-01
HessDelSqRho_EigVec2 =  9.1388696978E-02  9.8762901192E-01  1.2742464787E-01
HessDelSqRho_EigVec3 =  8.1258555094E-01  7.3851372572E-06 -5.8284193600E-01
</CP of DelSqRho>
<CP of DelSqRho>
CP# = 22      
Type = (3,-1)
Coords =  2.18314234868307E-01  1.67243149018612E+00  1.76073095925052E+00
DistFromNuc =  1.0446375909E+00
Rho =  3.8940851758E-01
DelSqRho =  1.4377847596E+00
GradDelSqRho =  1.0551004515E-12  9.4307894827E-13 -1.1129985822E-12
HessDelSqRho_EigVals = -4.6848965721E+01 -6.9420471113E-01  1.2052331244E-01
HessDelSqRho_EigVec1 = -5.4552201348E-01 -5.5370301757E-01  6.2914124101E-01
HessDelSqRho_EigVec2 =  1.0779167385E-01  6.9809018458E-01  7.0784959507E-01
HessDelSqRho_EigVec3 =  8.3113578184E-01 -4.5396372380E-01  3.2113898800E-01
</CP of DelSqRho>
<CP of DelSqRho>
CP# = 23      
Type = (3,-1)
Coords = -1.01128713510731E-01  2.74434033058515E+00  1.34199364172944E+00
DistFromNuc =  1.0479511470E+00
Rho =  3.9152499635E-01
DelSqRho =  1.4243818444E+00
GradDelSqRho = -1.1102230246E-15  3.3861802251E-15 -4.1633363423E-16
HessDelSqRho_EigVals = -4.8637352819E+01 -6.4073715801E-02  3.7036946217E-01
HessDelSqRho_EigVec1 =  8.4566320477E-01 -4.7926315305E-01 -2.3486288390E-01
HessDelSqRho_EigVec2 = -2.5057866579E-03 -4.4361184637E-01  8.9621551582E-01
HessDelSqRho_EigVec3 =  5.3371103149E-01  7.5730796899E-01  3.7634714689E-01
</CP of DelSqRho>
<CP of DelSqRho>
CP# = 24      
Type = (3,-1)
Coords =  1.59778883080760E+00  1.67243276733762E+00  7.71278122668082E-01
DistFromNuc =  1.0446376462E+00
Rho =  3.8940828958E-01
DelSqRho =  1.4377837683E+00
GradDelSqRho = -1.2767564783E-14  8.6042284408E-15  9.3258734069E-15
HessDelSqRho_EigVals = -4.6848849683E+01 -6.9421008583E-01  1.2052780314E-01
HessDelSqRho_EigVec1 =  7.7082384533E-01 -5.5370182251E-01 -3.1503157177E-01
HessDelSqRho_EigVec2 =  6.3592991413E-01  6.9808930759E-01  3.2903565602E-01
HessDelSqRho_EigVec3 =  3.7732529400E-02 -4.5396653001E-01  8.9021943691E-01
</CP of DelSqRho>
<CP of DelSqRho>
CP# = 25      
Type = (3,-1)
Coords =  1.30355453044807E+00  2.74435201735574E+00  3.34455001198933E-01
DistFromNuc =  1.0479510673E+00
Rho =  3.9152503480E-01
DelSqRho =  1.4243823186E+00
GradDelSqRho = -6.6613381478E-16  1.1102230246E-16 -1.3877787808E-15
HessDelSqRho_EigVals = -4.8637375628E+01 -6.4076177571E-02  3.7036390774E-01
HessDelSqRho_EigVec1 = -4.9357003036E-01 -4.7927425230E-01  7.2573053967E-01
HessDelSqRho_EigVec2 =  8.4971975275E-01 -4.4360821486E-01  2.8493524438E-01
HessDelSqRho_EigVec3 =  1.8537790297E-01  7.5730307195E-01  6.2620051925E-01
</CP of DelSqRho>
<CP of DelSqRho>
CP# = 26      
Type = (3,+1)
Coords =  3.35756868466255E-01  2.95241627169279E+00  4.68141347899365E-01
DistFromNuc =  1.0488622280E+00
Rho =  3.9178767494E-01
DelSqRho =  1.4104967910E+00
GradDelSqRho =  1.2878587086E-14 -2.7200464103E-14  2.7755575616E-14
HessDelSqRho_EigVals = -4.8360767767E+01  6.3814188022E-02  3.5871448420E-01
HessDelSqRho_EigVec1 = -4.2952005936E-01  6.7597138313E-01 -5.9881149605E-01
HessDelSqRho_EigVec2 = -8.1258250676E-01 -8.1267805216E-06  5.8284618009E-01
HessDelSqRho_EigVec3 =  3.9398247210E-01  7.3692787240E-01  5.4928601162E-01
</CP of DelSqRho>
<CP of DelSqRho>
CP# = 27      
Type = (3,+1)
Coords =  4.14419818292929E-01  2.12838381972107E+00  2.07099991760652E+00
DistFromNuc =  1.0490638587E+00
Rho =  3.9197807336E-01
DelSqRho =  1.4065169109E+00
GradDelSqRho =  8.3266726847E-15  2.9420910153E-15 -1.9761969838E-14
HessDelSqRho_EigVals = -4.8217678454E+01  6.5039231237E-02  3.8154577944E-01
HessDelSqRho_EigVec1 = -3.5424810941E-01 -1.0895030231E-01  9.2878313325E-01
HessDelSqRho_EigVec2 =  8.6630945808E-01 -4.1224909699E-01  2.8206134949E-01
HessDelSqRho_EigVec3 =  3.5215933868E-01  9.0453331263E-01  2.4042314057E-01
</CP of DelSqRho>
<Path of -GradDelSqRho>
Starting CP# =      5
Ending CP# =      1
Number of Points =      6
  7.9683802678E-01  2.1372119696E+00  1.2002110260E+00  3.2715117585E+01  2.3101599765E+03
  7.9515655363E-01  2.1551652264E+00  1.1828947793E+00  4.9896893816E+01  1.6552137169E+03
  7.9349969410E-01  2.1731670150E+00  1.1656265932E+00  7.6852498658E+01 -3.2780734541E+03
  7.9185259262E-01  2.1911879884E+00  1.1483774906E+00  1.1887511046E+02 -1.8637087325E+04
  7.9021753975E-01  2.2092325602E+00  1.1311519332E+00  1.8495020775E+02 -7.5833482159E+04
  7.8702922867E-01  2.2448487710E+00  1.0972785551E+00  4.2959969398E+02 -6.1040878717E+06
</Path of -GradDelSqRho>
<Path of -GradDelSqRho>
Starting CP# =      5
Ending CP# =      0
Number of Points =    168
  7.9683802678E-01  2.1372119696E+00  1.2002110260E+00  3.2715117585E+01  2.3101599765E+03
  7.9854951856E-01  2.1193181755E+00  1.2175857924E+00  2.1685202904E+01  2.1219057533E+03
  8.0027244869E-01  2.1014471785E+00  1.2349828890E+00  1.4582214873E+01  1.7400040159E+03
  8.0199905482E-01  2.0835835911E+00  1.2523872289E+00  1.0030361541E+01  1.2963818390E+03
  8.0373598512E-01  2.0657407017E+00  1.2698117579E+00  7.1258171735E+00  9.0319220331E+02
  8.0549209025E-01  2.0479363118E+00  1.2872736988E+00  5.2710575448E+00  6.0725146267E+02
  8.0727633571E-01  2.0301886611E+00  1.3047904504E+00  4.0808269258E+00  4.0039164513E+02
  8.0909690191E-01  2.0125146907E+00  1.3223778072E+00  3.3106745305E+00  2.5860752830E+02
  8.1096134510E-01  1.9949304244E+00  1.3400502638E+00  2.8053114289E+00  1.6176515596E+02
  8.1287883517E-01  1.9774556498E+00  1.3578253271E+00  2.4654375603E+00  9.6480019994E+01
  8.1486356539E-01  1.9601213030E+00  1.3757299856E+00  2.2276296689E+00  5.3758609056E+01
  8.1693878473E-01  1.9429787963E+00  1.3938081292E+00  2.0519344638E+00  2.6960371546E+01
  8.1914279183E-01  1.9261148852E+00  1.4121311246E+00  1.9137790285E+00  1.0956028558E+01
  8.2154028570E-01  1.9096816618E+00  1.4308168348E+00  1.7984981165E+00  1.8926462617E+00
  8.2424746625E-01  1.8939681218E+00  1.4500685065E+00  1.6976842648E+00 -2.9442530395E+00
  8.2749916024E-01  1.8796134758E+00  1.4702649142E+00  1.6070345268E+00 -5.3350071685E+00
  8.3188045097E-01  1.8685110065E+00  1.4921640932E+00  1.5264500690E+00 -6.3772659827E+00
  8.3879297832E-01  1.8683786432E+00  1.5155620582E+00  1.4722360286E+00 -6.7581522102E+00
  8.4687898870E-01  1.8844176052E+00  1.5326133721E+00  1.4694053082E+00 -6.9689719845E+00
  8.5446351231E-01  1.9044269651E+00  1.5455243236E+00  1.4815228788E+00 -7.1588688761E+00
  8.6182046936E-01  1.9252219446E+00  1.5572872341E+00  1.4939596489E+00 -7.3318746348E+00
  8.6899701104E-01  1.9464797772E+00  1.5683118431E+00  1.5048850249E+00 -7.4855581311E+00
  8.7597334651E-01  1.9681542066E+00  1.5786312892E+00  1.5140383240E+00 -7.6176410357E+00
  8.8270916850E-01  1.9902254545E+00  1.5882452807E+00  1.5213287039E+00 -7.7261807594E+00
  8.8913087661E-01  2.0126807167E+00  1.5971592897E+00  1.5267004573E+00 -7.8096292379E+00
  8.9506685756E-01  2.0355214440E+00  1.6054045450E+00  1.5301244670E+00 -7.8668798343E+00
  8.9984272344E-01  2.0588014527E+00  1.6131401924E+00  1.5316009094E+00 -7.8973358487E+00
  8.9069917020E-01  2.0758783488E+00  1.6214612526E+00  1.5297071840E+00 -7.9038903254E+00
  8.8589715705E-01  2.0769184271E+00  1.6227808659E+00  1.5295328292E+00 -7.9043907690E+00
  8.8104357926E-01  2.0779989979E+00  1.6240231401E+00  1.5295228271E+00 -7.9049236134E+00
  8.7612694592E-01  2.0791170671E+00  1.6252289739E+00  1.5295430314E+00 -7.9054733457E+00
  8.7114961230E-01  2.0802714416E+00  1.6264033152E+00  1.5295690470E+00 -7.9060363146E+00
  8.6611425004E-01  2.0814619741E+00  1.6275453081E+00  1.5295965080E+00 -7.9066115209E+00
  8.6102367561E-01  2.0826886808E+00  1.6286531079E+00  1.5296246518E+00 -7.9071984185E+00
  8.5588087548E-01  2.0839515401E+00  1.6297247402E+00  1.5296533335E+00 -7.9077964985E+00
  8.5068900469E-01  2.0852504536E+00  1.6307582573E+00  1.5296825086E+00 -7.9084052181E+00
  8.4545137953E-01  2.0865852367E+00  1.6317517732E+00  1.5297121462E+00 -7.9090239898E+00
  8.4017146843E-01  2.0879556161E+00  1.6327034773E+00  1.5297422164E+00 -7.9096521813E+00
  8.3485288162E-01  2.0893612279E+00  1.6336116452E+00  1.5297726874E+00 -7.9102891175E+00
  8.2949935954E-01  2.0908016166E+00  1.6344746483E+00  1.5298035261E+00 -7.9109340832E+00
  8.2411476017E-01  2.0922762345E+00  1.6352909626E+00  1.5298346979E+00 -7.9115863265E+00
  8.1870304526E-01  2.0937844426E+00  1.6360591778E+00  1.5298661668E+00 -7.9122450619E+00
  8.1326826574E-01  2.0953255110E+00  1.6367780047E+00  1.5298978957E+00 -7.9129094745E+00
  8.0781454624E-01  2.0968986207E+00  1.6374462824E+00  1.5299298467E+00 -7.9135787241E+00
  8.0234606899E-01  2.0985028657E+00  1.6380629843E+00  1.5299619809E+00 -7.9142519497E+00
  7.9686705722E-01  2.1001372559E+00  1.6386272235E+00  1.5299942592E+00 -7.9149282741E+00
  7.9138175819E-01  2.1018007208E+00  1.6391382574E+00  1.5300266421E+00 -7.9156068089E+00
  7.8589442604E-01  2.1034921130E+00  1.6395954900E+00  1.5300590899E+00 -7.9162866593E+00
  7.8040930456E-01  2.1052102136E+00  1.6399984750E+00  1.5300915631E+00 -7.9169669291E+00
  7.7493061024E-01  2.1069537365E+00  1.6403469163E+00  1.5301240225E+00 -7.9176467258E+00
  7.6946251545E-01  2.1087213345E+00  1.6406406681E+00  1.5301564297E+00 -7.9183251656E+00
  7.6400913224E-01  2.1105116053E+00  1.6408797338E+00  1.5301887467E+00 -7.9190013776E+00
  7.5857449663E-01  2.1123230974E+00  1.6410642636E+00  1.5302209366E+00 -7.9196745091E+00
  7.5316255377E-01  2.1141543168E+00  1.6411945516E+00  1.5302529635E+00 -7.9203437295E+00
  7.4777714391E-01  2.1160037340E+00  1.6412710317E+00  1.5302847928E+00 -7.9210082345E+00
  7.4242198934E-01  2.1178697906E+00  1.6412942723E+00  1.5303163914E+00 -7.9216672498E+00
  7.3710068249E-01  2.1197509062E+00  1.6412649704E+00  1.5303477273E+00 -7.9223200345E+00
  7.3181667515E-01  2.1216454857E+00  1.6411839456E+00  1.5303787707E+00 -7.9229658838E+00
  7.2657326889E-01  2.1235519255E+00  1.6410521323E+00  1.5304094930E+00 -7.9236041322E+00
  7.2137360680E-01  2.1254686209E+00  1.6408705725E+00  1.5304398677E+00 -7.9242341550E+00
  7.1622066649E-01  2.1273939721E+00  1.6406404073E+00  1.5304698700E+00 -7.9248553706E+00
  7.1111725435E-01  2.1293263906E+00  1.6403628685E+00  1.5304994770E+00 -7.9254672414E+00
  7.0606600117E-01  2.1312643050E+00  1.6400392699E+00  1.5305286676E+00 -7.9260692750E+00
  7.0106935892E-01  2.1332061669E+00  1.6396709985E+00  1.5305574227E+00 -7.9266610246E+00
  6.9612959886E-01  2.1351504559E+00  1.6392595057E+00  1.5305857252E+00 -7.9272420892E+00
  6.9124881069E-01  2.1370956843E+00  1.6388062981E+00  1.5306135596E+00 -7.9278121132E+00
  6.8642890293E-01  2.1390404018E+00  1.6383129290E+00  1.5306409126E+00 -7.9283707861E+00
  6.8167160421E-01  2.1409831993E+00  1.6377809899E+00  1.5306677723E+00 -7.9289178418E+00
  6.7697846563E-01  2.1429227124E+00  1.6372121018E+00  1.5306941288E+00 -7.9294530569E+00
  6.7235086388E-01  2.1448576245E+00  1.6366079078E+00  1.5307199740E+00 -7.9299762498E+00
  6.6779000526E-01  2.1467866692E+00  1.6359700648E+00  1.5307453010E+00 -7.9304872791E+00
  6.6329693028E-01  2.1487086330E+00  1.6353002369E+00  1.5307701049E+00 -7.9309860418E+00
  6.5887251894E-01  2.1506223564E+00  1.6346000882E+00  1.5307943819E+00 -7.9314724712E+00
  6.5451749652E-01  2.1525267358E+00  1.6338712766E+00  1.5308181300E+00 -7.9319465355E+00
  6.5023243978E-01  2.1544207242E+00  1.6331154476E+00  1.5308413480E+00 -7.9324082349E+00
  6.4601778355E-01  2.1563033318E+00  1.6323342297E+00  1.5308640364E+00 -7.9328576003E+00
  6.4187382752E-01  2.1581736262E+00  1.6315292284E+00  1.5308861964E+00 -7.9332946904E+00
  6.3780074331E-01  2.1600307325E+00  1.6307020229E+00  1.5309078307E+00 -7.9337195901E+00
  6.3379858164E-01  2.1618738329E+00  1.6298541612E+00  1.5309289426E+00 -7.9341324080E+00
  6.2986727952E-01  2.1637021659E+00  1.6289871574E+00  1.5309495365E+00 -7.9345332745E+00
  6.2600666753E-01  2.1655150255E+00  1.6281024880E+00  1.5309696174E+00 -7.9349223393E+00
  6.2221647699E-01  2.1673117605E+00  1.6272015898E+00  1.5309891913E+00 -7.9352997701E+00
  6.1849634707E-01  2.1690917725E+00  1.6262858575E+00  1.5310082645E+00 -7.9356657498E+00
  6.1484583174E-01  2.1708545152E+00  1.6253566421E+00  1.5310268444E+00 -7.9360204752E+00
  6.1126440664E-01  2.1725994924E+00  1.6244152490E+00  1.5310449383E+00 -7.9363641553E+00
  6.0775147561E-01  2.1743262567E+00  1.6234629377E+00  1.5310625544E+00 -7.9366970089E+00
  6.0430637717E-01  2.1760344074E+00  1.6225009201E+00  1.5310797011E+00 -7.9370192639E+00
  6.0092839059E-01  2.1777235886E+00  1.6215303609E+00  1.5310963871E+00 -7.9373311552E+00
  5.9761674185E-01  2.1793934877E+00  1.6205523767E+00  1.5311126215E+00 -7.9376329233E+00
  5.9437060925E-01  2.1810438335E+00  1.6195680365E+00  1.5311284136E+00 -7.9379248136E+00
  5.9118912877E-01  2.1826743936E+00  1.6185783616E+00  1.5311437727E+00 -7.9382070743E+00
  5.8807139914E-01  2.1842849733E+00  1.6175843263E+00  1.5311587085E+00 -7.9384799563E+00
  5.8501648665E-01  2.1858754130E+00  1.6165868582E+00  1.5311732306E+00 -7.9387437114E+00
  5.8202342965E-01  2.1874455868E+00  1.6155868395E+00  1.5311873488E+00 -7.9389985915E+00
  5.7909124280E-01  2.1889954001E+00  1.6145851070E+00  1.5312010728E+00 -7.9392448484E+00
  5.7621892099E-01  2.1905247882E+00  1.6135824541E+00  1.5312144124E+00 -7.9394827322E+00
  5.7340544310E-01  2.1920337140E+00  1.6125796309E+00  1.5312273772E+00 -7.9397124912E+00
  5.7064977537E-01  2.1935221667E+00  1.6115773463E+00  1.5312399771E+00 -7.9399343711E+00
  5.6795087460E-01  2.1949901598E+00  1.6105762684E+00  1.5312522215E+00 -7.9401486146E+00
  5.6530769110E-01  2.1964377295E+00  1.6095770263E+00  1.5312641200E+00 -7.9403554607E+00
  5.6271917136E-01  2.1978649331E+00  1.6085802112E+00  1.5312756819E+00 -7.9405551446E+00
  5.6018426057E-01  2.1992718474E+00  1.6075863779E+00  1.5312869166E+00 -7.9407478973E+00
  5.5770190483E-01  2.2006585674E+00  1.6065960458E+00  1.5312978332E+00 -7.9409339450E+00
  5.5527105327E-01  2.2020252045E+00  1.6056097007E+00  1.5313084405E+00 -7.9411135092E+00
  5.5289065988E-01  2.2033718857E+00  1.6046277957E+00  1.5313187476E+00 -7.9412868065E+00
  5.5055968525E-01  2.2046987517E+00  1.6036507531E+00  1.5313287629E+00 -7.9414540482E+00
  5.4827709803E-01  2.2060059563E+00  1.6026789652E+00  1.5313384950E+00 -7.9416154404E+00
  5.4604187638E-01  2.2072936646E+00  1.6017127959E+00  1.5313479522E+00 -7.9417711839E+00
  5.4385300911E-01  2.2085620525E+00  1.6007525820E+00  1.5313571425E+00 -7.9419214739E+00
  5.4170949679E-01  2.2098113053E+00  1.5997986344E+00  1.5313660739E+00 -7.9420665003E+00
  5.3961035273E-01  2.2110416167E+00  1.5988512392E+00  1.5313747541E+00 -7.9422064474E+00
  5.3755460377E-01  2.2122531881E+00  1.5979106593E+00  1.5313831907E+00 -7.9423414943E+00
  5.3554129101E-01  2.2134462277E+00  1.5969771352E+00  1.5313913910E+00 -7.9424718143E+00
  5.3356947044E-01  2.2146209495E+00  1.5960508863E+00  1.5313993620E+00 -7.9425975757E+00
  5.3163821346E-01  2.2157775728E+00  1.5951321120E+00  1.5314071109E+00 -7.9427189412E+00
  5.2974660733E-01  2.2169163211E+00  1.5942209927E+00  1.5314146444E+00 -7.9428360684E+00
  5.2789375548E-01  2.2180374219E+00  1.5933176908E+00  1.5314219690E+00 -7.9429491098E+00
  5.2607877786E-01  2.2191411058E+00  1.5924223520E+00  1.5314290912E+00 -7.9430582127E+00
  5.2430081111E-01  2.2202276061E+00  1.5915351056E+00  1.5314360171E+00 -7.9431635196E+00
  5.2255900875E-01  2.2212971580E+00  1.5906560662E+00  1.5314427527E+00 -7.9432651679E+00
  5.2085254125E-01  2.2223499985E+00  1.5897853340E+00  1.5314493040E+00 -7.9433632904E+00
  5.1918059612E-01  2.2233863654E+00  1.5889229957E+00  1.5314556767E+00 -7.9434580155E+00
  5.1754237789E-01  2.2244064975E+00  1.5880691255E+00  1.5314618761E+00 -7.9435494666E+00
  5.1593710807E-01  2.2254106338E+00  1.5872237859E+00  1.5314679076E+00 -7.9436377631E+00
  5.1436402513E-01  2.2263990132E+00  1.5863870281E+00  1.5314737765E+00 -7.9437230200E+00
  5.1282238433E-01  2.2273718743E+00  1.5855588930E+00  1.5314794876E+00 -7.9438053481E+00
  5.1131145766E-01  2.2283294550E+00  1.5847394116E+00  1.5314850460E+00 -7.9438848544E+00
  5.0983053361E-01  2.2292719921E+00  1.5839286059E+00  1.5314904562E+00 -7.9439616417E+00
  5.0837891705E-01  2.2301997216E+00  1.5831264893E+00  1.5314957228E+00 -7.9440358092E+00
  5.0695592902E-01  2.2311128776E+00  1.5823330672E+00  1.5315008502E+00 -7.9441074525E+00
  5.0556090647E-01  2.2320116928E+00  1.5815483377E+00  1.5315058427E+00 -7.9441766635E+00
  5.0419320209E-01  2.2328963981E+00  1.5807722917E+00  1.5315107044E+00 -7.9442435308E+00
  5.0285218403E-01  2.2337672223E+00  1.5800049139E+00  1.5315154393E+00 -7.9443081397E+00
  5.0153723564E-01  2.2346243921E+00  1.5792461829E+00  1.5315200513E+00 -7.9443705722E+00
  5.0024775523E-01  2.2354681319E+00  1.5784960717E+00  1.5315245441E+00 -7.9444309074E+00
  4.9898315578E-01  2.2362986639E+00  1.5777545482E+00  1.5315289213E+00 -7.9444892212E+00
  4.9774286467E-01  2.2371162074E+00  1.5770215754E+00  1.5315331864E+00 -7.9445455869E+00
  4.9652632340E-01  2.2379209795E+00  1.5762971121E+00  1.5315373428E+00 -7.9446000749E+00
  4.9533298728E-01  2.2387131943E+00  1.5755811128E+00  1.5315413937E+00 -7.9446527529E+00
  4.9416232518E-01  2.2394930633E+00  1.5748735284E+00  1.5315453424E+00 -7.9447036861E+00
  4.9301381921E-01  2.2402607953E+00  1.5741743063E+00  1.5315491919E+00 -7.9447529372E+00
  4.9188696446E-01  2.2410165961E+00  1.5734833908E+00  1.5315529452E+00 -7.9448005667E+00
  4.9078126867E-01  2.2417606686E+00  1.5728007231E+00  1.5315566050E+00 -7.9448466325E+00
  4.8969625196E-01  2.2424932128E+00  1.5721262420E+00  1.5315601743E+00 -7.9448911906E+00
  4.8863144655E-01  2.2432144257E+00  1.5714598839E+00  1.5315636556E+00 -7.9449342947E+00
  4.8758639649E-01  2.2439245013E+00  1.5708015829E+00  1.5315670516E+00 -7.9449759964E+00
  4.8656065732E-01  2.2446236308E+00  1.5701512711E+00  1.5315703648E+00 -7.9450163457E+00
  4.8555379586E-01  2.2453120022E+00  1.5695088791E+00  1.5315735975E+00 -7.9450553903E+00
  4.8456538988E-01  2.2459898005E+00  1.5688743357E+00  1.5315767522E+00 -7.9450931764E+00
  4.8359502785E-01  2.2466572079E+00  1.5682475683E+00  1.5315798311E+00 -7.9451297482E+00
  4.8264230868E-01  2.2473144033E+00  1.5676285032E+00  1.5315828364E+00 -7.9451651484E+00
  4.8170684145E-01  2.2479615629E+00  1.5670170654E+00  1.5315857702E+00 -7.9451994181E+00
  4.8078824514E-01  2.2485988598E+00  1.5664131792E+00  1.5315886346E+00 -7.9452325968E+00
  4.7988614838E-01  2.2492264641E+00  1.5658167680E+00  1.5315914315E+00 -7.9452647224E+00
  4.7900018920E-01  2.2498445432E+00  1.5652277544E+00  1.5315941629E+00 -7.9452958317E+00
  4.7813001481E-01  2.2504532614E+00  1.5646460606E+00  1.5315968306E+00 -7.9453259598E+00
  4.7727528132E-01  2.2510527801E+00  1.5640716083E+00  1.5315994365E+00 -7.9453551406E+00
  4.7643565353E-01  2.2516432579E+00  1.5635043187E+00  1.5316019823E+00 -7.9453834068E+00
  4.7561080469E-01  2.2522248507E+00  1.5629441129E+00  1.5316044696E+00 -7.9454107898E+00
  4.7480041628E-01  2.2527977116E+00  1.5623909118E+00  1.5316069002E+00 -7.9454373199E+00
  4.7400417779E-01  2.2533619906E+00  1.5618446363E+00  1.5316092755E+00 -7.9454630261E+00
  4.7322178651E-01  2.2539178355E+00  1.5613052070E+00  1.5316115971E+00 -7.9454879366E+00
  4.7245294732E-01  2.2544653911E+00  1.5607725448E+00  1.5316138665E+00 -7.9455120783E+00
  4.7169737247E-01  2.2550047996E+00  1.5602465708E+00  1.5316160851E+00 -7.9455354773E+00
  4.7095478140E-01  2.2555362006E+00  1.5597272060E+00  1.5316182543E+00 -7.9455581587E+00
  4.7022490054E-01  2.2560597311E+00  1.5592143717E+00  1.5316203754E+00 -7.9455801465E+00
  4.6950746311E-01  2.2565755257E+00  1.5587079898E+00  1.5316224499E+00 -7.9456014642E+00
  4.6922391381E-01  2.2567797071E+00  1.5585072262E+00  1.5316232668E+00 -7.9456098086E+00
</Path of -GradDelSqRho>
<Path of -GradDelSqRho>
Starting CP# =     10
Ending CP# =      0
Number of Points =    400
  3.0734124635E-01  2.4432938983E+00  1.3058758226E+00  1.5339437958E+00 -7.9436304552E+00
  3.0865020077E-01  2.4420571678E+00  1.3068103476E+00  1.5381641454E+00 -7.9430179317E+00
  3.0867791646E-01  2.4420096000E+00  1.3069212045E+00  1.5381603118E+00 -7.9430189755E+00
  3.0869973011E-01  2.4419461294E+00  1.3070323952E+00  1.5381581304E+00 -7.9430196633E+00
  3.0872271324E-01  2.4418789548E+00  1.3071498457E+00  1.5381556997E+00 -7.9430204308E+00
  3.0874693638E-01  2.4418081629E+00  1.3072736335E+00  1.5381530015E+00 -7.9430212828E+00
  3.0877239950E-01  2.4417337621E+00  1.3074037447E+00  1.5381500232E+00 -7.9430222234E+00
  3.0879909422E-01  2.4416557853E+00  1.3075401216E+00  1.5381467545E+00 -7.9430232558E+00
  3.0882700458E-01  2.4415742886E+00  1.3076826640E+00  1.5381431880E+00 -7.9430243828E+00
  3.0885610764E-01  2.4414893505E+00  1.3078312332E+00  1.5381393191E+00 -7.9430256059E+00
  3.0888637432E-01  2.4414010683E+00  1.3079856558E+00  1.5381351460E+00 -7.9430269261E+00
  3.0891777039E-01  2.4413095560E+00  1.3081457298E+00  1.5381306698E+00 -7.9430283431E+00
  3.0895025762E-01  2.4412149399E+00  1.3083112303E+00  1.5381258944E+00 -7.9430298562E+00
  3.0898379482E-01  2.4411173560E+00  1.3084819154E+00  1.5381208258E+00 -7.9430314637E+00
  3.0901833896E-01  2.4410169460E+00  1.3086575327E+00  1.5381154722E+00 -7.9430331635E+00
  3.0905384618E-01  2.4409138544E+00  1.3088378247E+00  1.5381098435E+00 -7.9430349527E+00
  3.0909027260E-01  2.4408082258E+00  1.3090225336E+00  1.5381039509E+00 -7.9430368282E+00
  3.0912757509E-01  2.4407002026E+00  1.3092114055E+00  1.5380978063E+00 -7.9430387866E+00
  3.0916571185E-01  2.4405899229E+00  1.3094041937E+00  1.5380914226E+00 -7.9430408242E+00
  3.0920464284E-01  2.4404775192E+00  1.3096006614E+00  1.5380848125E+00 -7.9430429373E+00
  3.0924433012E-01  2.4403631175E+00  1.3098005835E+00  1.5380779891E+00 -7.9430451222E+00
  3.0928473803E-01  2.4402468364E+00  1.3100037476E+00  1.5380709653E+00 -7.9430473751E+00
  3.0932583330E-01  2.4401287871E+00  1.3102099550E+00  1.5380637535E+00 -7.9430496924E+00
  3.0936758511E-01  2.4400090727E+00  1.3104190207E+00  1.5380563657E+00 -7.9430520707E+00
  3.0940996504E-01  2.4398877888E+00  1.3106307733E+00  1.5380488135E+00 -7.9430545066E+00
  3.0945294701E-01  2.4397650236E+00  1.3108450547E+00  1.5380411078E+00 -7.9430569968E+00
  3.0949650719E-01  2.4396408579E+00  1.3110617197E+00  1.5380332588E+00 -7.9430595386E+00
  3.0954062388E-01  2.4395153659E+00  1.3112806349E+00  1.5380252764E+00 -7.9430621290E+00
  3.0958527737E-01  2.4393886153E+00  1.3115016787E+00  1.5380171694E+00 -7.9430647655E+00
  3.0963044980E-01  2.4392606678E+00  1.3117247396E+00  1.5380089464E+00 -7.9430674456E+00
  3.0967612506E-01  2.4391315798E+00  1.3119497162E+00  1.5380006152E+00 -7.9430701670E+00
  3.0972228861E-01  2.4390014024E+00  1.3121765162E+00  1.5379921831E+00 -7.9430729279E+00
  3.0976892737E-01  2.4388701821E+00  1.3124050554E+00  1.5379836567E+00 -7.9430757261E+00
  3.0981602960E-01  2.4387379612E+00  1.3126352573E+00  1.5379750424E+00 -7.9430785599E+00
  3.0986358480E-01  2.4386047779E+00  1.3128670524E+00  1.5379663459E+00 -7.9430814278E+00
  3.0991158357E-01  2.4384706671E+00  1.3131003776E+00  1.5379575726E+00 -7.9430843282E+00
  3.0996001754E-01  2.4383356602E+00  1.3133351755E+00  1.5379487274E+00 -7.9430872598E+00
  3.1000887926E-01  2.4381997857E+00  1.3135713940E+00  1.5379398148E+00 -7.9430902213E+00
  3.1005816216E-01  2.4380630696E+00  1.3138089857E+00  1.5379308391E+00 -7.9430932115E+00
  3.1010786039E-01  2.4379255352E+00  1.3140479076E+00  1.5379218042E+00 -7.9430962294E+00
  3.1015796885E-01  2.4377872038E+00  1.3142881209E+00  1.5379127137E+00 -7.9430992740E+00
  3.1020848307E-01  2.4376480944E+00  1.3145295900E+00  1.5379035709E+00 -7.9431023445E+00
  3.1025939915E-01  2.4375082244E+00  1.3147722829E+00  1.5378943790E+00 -7.9431054400E+00
  3.1031071375E-01  2.4373676095E+00  1.3150161703E+00  1.5378851409E+00 -7.9431085598E+00
  3.1036242401E-01  2.4372262636E+00  1.3152612260E+00  1.5378758591E+00 -7.9431117031E+00
  3.1041452752E-01  2.4370841996E+00  1.3155074260E+00  1.5378665363E+00 -7.9431148695E+00
  3.1046702227E-01  2.4369414288E+00  1.3157547486E+00  1.5378571747E+00 -7.9431180583E+00
  3.1051990665E-01  2.4367979615E+00  1.3160031741E+00  1.5378477766E+00 -7.9431212690E+00
  3.1057317938E-01  2.4366538069E+00  1.3162526850E+00  1.5378383438E+00 -7.9431245011E+00
  3.1062683952E-01  2.4365089732E+00  1.3165032651E+00  1.5378288783E+00 -7.9431277542E+00
  3.1068088640E-01  2.4363634679E+00  1.3167549001E+00  1.5378193819E+00 -7.9431310279E+00
  3.1073531965E-01  2.4362172972E+00  1.3170075771E+00  1.5378098562E+00 -7.9431343218E+00
  3.1079013913E-01  2.4360704671E+00  1.3172612844E+00  1.5378003027E+00 -7.9431376357E+00
  3.1084534495E-01  2.4359229825E+00  1.3175160117E+00  1.5377907230E+00 -7.9431409691E+00
  3.1090093742E-01  2.4357748479E+00  1.3177717496E+00  1.5377811183E+00 -7.9431443220E+00
  3.1095691708E-01  2.4356260671E+00  1.3180284900E+00  1.5377714901E+00 -7.9431476939E+00
  3.1101328464E-01  2.4354766434E+00  1.3182862255E+00  1.5377618394E+00 -7.9431510847E+00
  3.1107004100E-01  2.4353265795E+00  1.3185449499E+00  1.5377521675E+00 -7.9431544942E+00
  3.1112718720E-01  2.4351758778E+00  1.3188046576E+00  1.5377424754E+00 -7.9431579222E+00
