 AIMInt (Version 19.10.12, Professional)
 Portions Copyright (c) 1997-2019 by Todd A. Keith
 AIMInt is a component of the AIMAll package ( http://aim.tkgristmill.com )

 TP:  64-bit Mac OS X

 AIMInt is a heavily modified and extended version of the PROAIMV program
 developed by members of R.F.W. Bader's research group

 Much of the Quantum Theory of Atoms in Molecules (QTAIM) is described in the book:
   "Atoms in Molecules - A Quantum Theory"
   R.F.W. Bader, Oxford University Press, Oxford, 1990

 For additional references see:  http://aim.tkgristmill.com/references.html

 Current Directory:  /Users/chemlab/Documents/SubstituentCoding/BCP Map Reference/BCPMapReference

 Inp File:  SubH_SeMeONH_wb97xd_aug-cc-pvtz_atomicfiles/c3.inp
 Wfx File:  SubH_SeMeONH_wb97xd_aug-cc-pvtz.wfx
 Out File:  SubH_SeMeONH_wb97xd_aug-cc-pvtz_atomicfiles/c3.int

 Wfx Title:  Title Card Required                                                            
 Job Title:  Title Card Required                                                            
 
<Atom>
C3      
</Atom>
<Nuclei of Molecule>
     9
Se1       34.0          -2.4268596200E-01   5.0972284900E-02   3.1351986700E-01
H2         1.0          -1.9110312600E-01   3.6481120400E-01   3.1447142400E+00
C3         6.0           3.3047618200E+00  -4.3122480700E-02  -3.4913385600E-01
H4         1.0           4.0852279500E+00  -1.6904911400E+00   5.9333662100E-01
H5         1.0           3.4957216200E+00  -2.0312550700E-01  -2.3866571500E+00
H6         1.0           4.1182028500E+00   1.7099365300E+00   3.4068314500E-01
O7         8.0          -1.4563473400E+00   2.6555005800E+00  -7.0673324000E-01
N8         7.0          -1.1894332000E+00  -2.8529244700E+00  -5.8925629500E-01
H9         1.0          -3.1084863700E+00  -2.9289872500E+00  -4.7828921000E-01
</Nuclei of Molecule>
<Total Number of CPs of DelSqRho>
    37
</Total Number of CPs of DelSqRho>
<Number of (3,+3) CPs of DelSqRho>
     5
</Number of (3,+3) CPs of DelSqRho>
<Number of (3,+1) CPs of DelSqRho>
    12
</Number of (3,+1) CPs of DelSqRho>
<Number of (3,-1) CPs of DelSqRho>
    14
</Number of (3,-1) CPs of DelSqRho>
<Number of (3,-3) CPs of DelSqRho>
     6
</Number of (3,-3) CPs of DelSqRho>
<Number of Degenerate CPs of DelSqRho>
     0
</Number of Degenerate CPs of DelSqRho>
<CP of DelSqRho>
CP# = 1       
Type = (3,+3)
Coords =  3.30476161409059E+00 -4.31224695575655E-02 -3.49133800354421E-01
DistFromNuc =  2.1358667800E-07
Rho =  1.2095553006E+02
DelSqRho = -7.4487267148E+05
GradDelSqRho = -2.2609856387E-06 -9.0259391072E-09  2.7214491638E-07
HessDelSqRho_EigVals =  1.5957756385E+10  1.5957756437E+10  1.5957756447E+10
HessDelSqRho_EigVec1 =  9.9417217822E-01 -1.9036047354E-02 -1.0610989092E-01
HessDelSqRho_EigVec2 =  9.7534478603E-02  5.7809930146E-01  8.1011617879E-01
HessDelSqRho_EigVec3 = -4.5920643879E-02  8.1574433896E-01 -5.7658691271E-01
</CP of DelSqRho>
<CP of DelSqRho>
CP# = 2       
Type = (3,+1)
Coords =  3.79459899094667E+00 -1.08473756867037E+00  2.50787672575346E-01
DistFromNuc =  1.2980016510E+00
Rho =  2.8840617980E-01
DelSqRho = -1.1253890742E+00
GradDelSqRho = -1.8179902028E-15  9.2287288922E-16 -1.0269562978E-15
HessDelSqRho_EigVals = -9.0665648306E+00  8.4775558116E+00  8.5967510003E+00
HessDelSqRho_EigVec1 = -3.8593213846E-01  8.0241725193E-01 -4.5517352549E-01
HessDelSqRho_EigVec2 = -8.6159633455E-01 -1.3717429990E-01  4.8870744596E-01
HessDelSqRho_EigVec3 =  3.2970917609E-01  5.8078375085E-01  7.4429973395E-01
</CP of DelSqRho>
<CP of DelSqRho>
CP# = 3       
Type = (3,+1)
Coords =  3.42136802829757E+00 -1.43497538410035E-01 -1.63909341553976E+00
DistFromNuc =  1.2991027000E+00
Rho =  2.8855098654E-01
DelSqRho = -1.1269168207E+00
GradDelSqRho =  2.0816681712E-16  2.7755575616E-16  2.0816681712E-15
HessDelSqRho_EigVals = -9.1326193863E+00  8.4976407376E+00  8.6199496320E+00
HessDelSqRho_EigVec1 = -9.9071940231E-02  7.8733819624E-02  9.9196055179E-01
HessDelSqRho_EigVec2 =  9.9241960756E-01 -6.5031636257E-02  1.0427947460E-01
HessDelSqRho_EigVec3 =  7.2719139128E-02  9.9477227139E-01 -7.1694175992E-02
</CP of DelSqRho>
<CP of DelSqRho>
CP# = 4       
Type = (3,+1)
Coords =  3.81435721359585E+00  1.06619612975906E+00  9.04858917427399E-02
DistFromNuc =  1.2975133014E+00
Rho =  2.8869427745E-01
DelSqRho = -1.1264813970E+00
GradDelSqRho = -9.4368957093E-16  5.0653925499E-16 -1.6653345369E-16
HessDelSqRho_EigVals = -9.0349924754E+00  8.4816181720E+00  8.5883170154E+00
HessDelSqRho_EigVec1 =  4.0279931170E-01  8.5276077276E-01  3.3249327653E-01
HessDelSqRho_EigVec2 = -8.6825338780E-01  2.4104455974E-01  4.3362838328E-01
HessDelSqRho_EigVec3 =  2.8963557976E-01 -4.6335362809E-01  8.3750501269E-01
</CP of DelSqRho>
<CP of DelSqRho>
CP# = 5       
Type = (3,-3)
Coords =  3.52307969011068E+00 -4.95416412195277E-02 -3.95724637107537E-01
DistFromNuc =  2.2332621636E-01
Rho =  9.2523227773E+00
DelSqRho =  2.8547584802E+02
GradDelSqRho =  1.3798739928E-11 -5.4889426337E-13  1.1333156635E-12
HessDelSqRho_EigVals = -6.0523279661E+04 -1.8603319988E+02 -1.8397150921E+02
HessDelSqRho_EigVec1 =  9.7754979570E-01 -2.8794285050E-02 -2.0872777985E-01
HessDelSqRho_EigVec2 =  2.0041419659E-01 -1.7873027797E-01  9.6327028270E-01
HessDelSqRho_EigVec3 =  6.5042653213E-02  9.8347667836E-01  1.6894696321E-01
</CP of DelSqRho>
<CP of DelSqRho>
CP# = 6       
Type = (3,-3)
Coords =  3.08220122750711E+00 -4.56150033946724E-02 -3.21040580630912E-01
DistFromNuc =  2.2434050486E-01
Rho =  9.1948003249E+00
DelSqRho =  2.8051700850E+02
GradDelSqRho =  3.0482283364E-12 -1.3500311979E-13 -7.9936057773E-13
HessDelSqRho_EigVals = -5.7807467603E+04 -5.4580913646E+01 -4.8932016038E+01
HessDelSqRho_EigVec1 =  9.9209302064E-01  1.1214534967E-02 -1.2500269040E-01
HessDelSqRho_EigVec2 =  1.2537160637E-01 -1.3441807338E-01  9.8296171943E-01
HessDelSqRho_EigVec3 =  5.7791622363E-03  9.9086124950E-01  1.3476121671E-01
</CP of DelSqRho>
<CP of DelSqRho>
CP# = 7       
Type = (3,-1)
Coords =  3.25716038081629E+00 -3.56783782441100E-02 -1.30188021338477E-01
DistFromNuc =  2.2418427730E-01
Rho =  9.2182328609E+00
DelSqRho =  2.7957927802E+02
GradDelSqRho = -1.7319479184E-12  2.8776980798E-13  4.0110137434E-12
HessDelSqRho_EigVals = -5.8009014643E+04 -1.8724394167E+01  8.2641306782E+01
HessDelSqRho_EigVec1 = -2.1063979378E-01  3.3095551135E-02  9.7700335812E-01
HessDelSqRho_EigVec2 =  4.5620003631E-03  9.9944914716E-01 -3.2872334854E-02
HessDelSqRho_EigVec3 =  9.7755310108E-01  2.4671321601E-03  2.1067474416E-01
</CP of DelSqRho>
<CP of DelSqRho>
CP# = 8       
Type = (3,+1)
Coords =  3.18740282921367E+00 -4.09836256708655E-02 -5.39994599784662E-01
DistFromNuc =  2.2406590757E-01
Rho =  9.2308575990E+00
DelSqRho =  2.7964268106E+02
GradDelSqRho =  3.5953462429E-12 -1.7763568394E-14  5.2811088835E-12
HessDelSqRho_EigVals = -5.8320693241E+04  2.3991656542E+01  9.3012165721E+01
HessDelSqRho_EigVec1 =  5.2196630485E-01 -9.3825050479E-03  8.5291450052E-01
HessDelSqRho_EigVec2 =  3.0744758891E-03  9.9995369924E-01  9.1184964107E-03
HessDelSqRho_EigVec3 =  8.5296056427E-01  2.1372828099E-03 -5.2197098370E-01
</CP of DelSqRho>
<CP of DelSqRho>
CP# = 9       
Type = (3,+1)
Coords =  3.25422169524494E+00 -1.89151782790751E-01 -1.86811841663386E-01
DistFromNuc =  2.2411447436E-01
Rho =  9.2273454329E+00
DelSqRho =  2.7946959065E+02
GradDelSqRho = -1.3375967001E-12 -5.8619775700E-12  6.9810823788E-12
HessDelSqRho_EigVals = -5.8192102876E+04  2.3125511200E+01  9.6174191868E+01
HessDelSqRho_EigVec1 = -2.2359294896E-01 -6.5232419759E-01  7.2420945479E-01
HessDelSqRho_EigVec2 =  9.8704046191E-02  7.2404697643E-01  6.8265180523E-01
HessDelSqRho_EigVec3 =  9.6967195713E-01 -2.2411853372E-01  9.7504760915E-02
</CP of DelSqRho>
<CP of DelSqRho>
CP# = 10      
Type = (3,-1)
Coords =  3.19242790954013E+00  1.15453095356481E-01 -4.60829722749696E-01
DistFromNuc =  2.2414523731E-01
Rho =  9.2203396773E+00
DelSqRho =  2.7979387858E+02
GradDelSqRho = -2.1094237468E-12  3.2684965845E-12  1.1723955140E-12
HessDelSqRho_EigVals = -5.8116256730E+04 -2.4603923471E+01  7.5661604164E+01
HessDelSqRho_EigVec1 = -4.9967200799E-01  7.0785147686E-01 -4.9927364354E-01
HessDelSqRho_EigVec2 = -1.3731898746E-01 -6.3382706259E-01 -7.6118772350E-01
HessDelSqRho_EigVec3 = -8.5526100117E-01 -3.1178444706E-01  4.1390708915E-01
</CP of DelSqRho>
<CP of DelSqRho>
CP# = 11      
Type = (3,+1)
Coords =  3.25523614751632E+00  1.35636786295606E-01 -2.23333207865984E-01
DistFromNuc =  2.2412824642E-01
Rho =  9.2266530009E+00
DelSqRho =  2.7940069758E+02
GradDelSqRho = -4.5305981189E-12  6.6719962888E-12  1.0867751143E-11
HessDelSqRho_EigVals = -5.8156843395E+04  2.5536805566E+01  9.8060324332E+01
HessDelSqRho_EigVec1 = -2.1903883873E-01  7.9821208207E-01  5.6114121143E-01
HessDelSqRho_EigVec2 =  1.1709328736E-01 -5.4944646305E-01  8.2728335309E-01
HessDelSqRho_EigVec3 =  9.6866462162E-01  2.4691305408E-01  2.6884838512E-02
</CP of DelSqRho>
<CP of DelSqRho>
CP# = 12      
Type = (3,-1)
Coords =  3.18873349928854E+00 -2.18163287129188E-01 -4.27447055386475E-01
DistFromNuc =  2.2413123906E-01
Rho =  9.2207176573E+00
DelSqRho =  2.7990621174E+02
GradDelSqRho =  1.3749001937E-12 -3.7436720390E-12 -5.1940673984E-12
HessDelSqRho_EigVals = -5.8157591875E+04 -2.9323449513E+01  7.0805751470E+01
HessDelSqRho_EigVec1 =  5.1617906636E-01  7.8160992888E-01  3.5020721084E-01
HessDelSqRho_EigVec2 =  1.4301046798E-01 -4.8180504406E-01  8.6452987546E-01
HessDelSqRho_EigVec3 = -8.4445673512E-01  3.9616892684E-01  3.6047607952E-01
</CP of DelSqRho>
<CP of DelSqRho>
CP# = 13      
Type = (3,-1)
Coords =  4.34309057467838E+00 -6.46417731283095E-02 -5.58996295691180E-01
DistFromNuc =  1.0595432631E+00
Rho =  1.5540933044E-01
DelSqRho =  8.3521425433E-02
GradDelSqRho =  7.3596684302E-13  4.9071857688E-14  5.0176529598E-13
HessDelSqRho_EigVals = -1.1352672492E+00 -1.0985520201E+00  7.5990111055E+00
HessDelSqRho_EigVec1 =  3.0324236058E-02  9.9830946259E-01  4.9584852594E-02
HessDelSqRho_EigVec2 =  1.9724449088E-01 -5.4608857367E-02  9.7883220396E-01
HessDelSqRho_EigVec3 =  9.7988522365E-01 -1.9901999809E-02 -1.9856701357E-01
</CP of DelSqRho>
<CP of DelSqRho>
CP# = 14      
Type = (3,+1)
Coords =  2.51483992301192E+00 -7.99489559685751E-02 -9.72851387769839E-01
DistFromNuc =  1.0071525962E+00
Rho =  2.0342826043E-01
DelSqRho = -2.2253291730E-01
GradDelSqRho = -2.7755575616E-15  3.0531133177E-16  1.5543122345E-15
HessDelSqRho_EigVals = -2.5752423114E+00  1.4103881961E+00  1.3744690469E+01
HessDelSqRho_EigVec1 = -6.6247511921E-01  6.1918234813E-02  7.4652049445E-01
HessDelSqRho_EigVec2 =  1.0585834095E-02  9.9725224799E-01 -7.3320488268E-02
HessDelSqRho_EigVec3 =  7.4900911647E-01  4.0670457103E-02  6.6131025803E-01
</CP of DelSqRho>
<CP of DelSqRho>
CP# = 15      
Type = (3,-1)
Coords =  2.84492422598357E+00  7.67243232930146E-01 -7.99824938489972E-01
DistFromNuc =  1.0350196397E+00
Rho =  1.7293778892E-01
DelSqRho =  3.1127981400E-02
GradDelSqRho =  1.7208456882E-15 -1.1102230246E-15  1.3322676296E-15
HessDelSqRho_EigVals = -1.4799731865E+00 -1.2891250497E+00  9.5021940030E+00
HessDelSqRho_EigVec1 =  3.3966202429E-01  5.9103667383E-01  7.3164565156E-01
HessDelSqRho_EigVec2 = -8.4457894553E-01 -1.5066098929E-01  5.1379730543E-01
HessDelSqRho_EigVec3 = -4.1390350810E-01  7.9244994573E-01 -4.4800331415E-01
</CP of DelSqRho>
<CP of DelSqRho>
CP# = 16      
Type = (3,-1)
Coords =  2.83291416284027E+00 -9.03036034623289E-01 -6.78873941201501E-01
DistFromNuc =  1.0348043562E+00
Rho =  1.7283156123E-01
DelSqRho =  3.2811153303E-02
GradDelSqRho =  1.4432899320E-15  4.4408920985E-15  6.1062266354E-16
HessDelSqRho_EigVals = -1.4880683223E+00 -1.3050033773E+00  9.5115358684E+00
HessDelSqRho_EigVec1 =  2.2239812851E-01 -4.5104997793E-01  8.6434541119E-01
HessDelSqRho_EigVec2 = -8.7750180971E-01  2.9375465128E-01  3.7907621766E-01
HessDelSqRho_EigVec3 =  4.2488780446E-01  8.4277050391E-01  3.3046668722E-01
</CP of DelSqRho>
<CP of DelSqRho>
CP# = 17      
Type = (3,-1)
Coords =  3.13963941674375E+00  3.74912714224937E-02  6.69206671523543E-01
DistFromNuc =  1.0347856856E+00
Rho =  1.7337525364E-01
DelSqRho =  2.2327436593E-02
GradDelSqRho = -2.1094237468E-15  2.3314683517E-15  2.1094237468E-15
HessDelSqRho_EigVals = -1.4519037468E+00 -1.2261200371E+00  9.5200182864E+00
HessDelSqRho_EigVec1 =  9.3283844972E-02  9.9340834587E-01 -6.6618185387E-02
HessDelSqRho_EigVec2 =  9.8763000848E-01 -8.3856046711E-02  1.3249577268E-01
HessDelSqRho_EigVec3 = -1.2603606871E-01  7.8153834117E-02  9.8894230752E-01
</CP of DelSqRho>
<CP of DelSqRho>
CP# = 18      
Type = (3,+1)
Coords =  3.97359602030149E+00  6.07283396260162E-03  3.82607788399187E-01
DistFromNuc =  9.9257503526E-01
Rho =  2.1018779740E-01
DelSqRho = -1.7096894816E-01
GradDelSqRho =  0.0000000000E+00 -1.0824674490E-15 -2.2204460493E-15
HessDelSqRho_EigVals = -3.3257811418E+00  1.2161883531E+00  1.4636564360E+01
HessDelSqRho_EigVec1 =  8.2558638013E-03  9.9721534064E-01 -7.4117508709E-02
HessDelSqRho_EigVec2 =  7.4640304596E-01 -5.5469797459E-02 -6.6317840326E-01
HessDelSqRho_EigVec3 =  6.6544296052E-01  4.9846423686E-02  7.4478251882E-01
</CP of DelSqRho>
<CP of DelSqRho>
CP# = 19      
Type = (3,+1)
Coords =  2.74641549834287E+00 -6.61616179345182E-01  2.17620213003369E-01
DistFromNuc =  1.0077178399E+00
Rho =  2.0218522995E-01
DelSqRho = -2.1865978968E-01
GradDelSqRho =  4.8872572656E-12  1.8116237677E-12 -4.7506443224E-12
HessDelSqRho_EigVals = -2.5130544264E+00  1.3616856260E+00  1.3654266358E+01
HessDelSqRho_EigVec1 =  8.3935443503E-01 -5.1669671235E-01  1.6884501724E-01
HessDelSqRho_EigVec2 =  1.8668479399E-01  5.6572503658E-01  8.0318364692E-01
HessDelSqRho_EigVec3 =  5.1052220333E-01  6.4263495893E-01 -5.7130323776E-01
</CP of DelSqRho>
<CP of DelSqRho>
CP# = 20      
Type = (3,+1)
Coords =  3.72194303195214E+00  6.47487431702335E-01 -9.24019478817041E-01
DistFromNuc =  9.9069455133E-01
Rho =  2.1208127440E-01
DelSqRho = -1.7918417066E-01
GradDelSqRho = -2.3203661215E-14 -3.4083846856E-14  1.7541523789E-14
HessDelSqRho_EigVals = -3.4093050463E+00  1.2822864288E+00  1.4887855592E+01
HessDelSqRho_EigVec1 = -1.8281623740E-01 -5.6261774494E-01 -8.0625026910E-01
HessDelSqRho_EigVec2 =  8.9346847622E-01 -4.3726406820E-01  1.0253885438E-01
HessDelSqRho_EigVec3 =  4.1023445167E-01  7.0161343184E-01 -5.8262019097E-01
</CP of DelSqRho>
<CP of DelSqRho>
CP# = 21      
Type = (3,+1)
Coords =  2.75509161642537E+00  6.62214630687038E-01  1.16804091067688E-01
DistFromNuc =  1.0083332504E+00
Rho =  2.0134868852E-01
DelSqRho = -2.0998804392E-01
GradDelSqRho = -5.8286708793E-16 -1.6653345369E-16  8.3266726847E-16
HessDelSqRho_EigVals = -2.5452466697E+00  1.3176797274E+00  1.3576315416E+01
HessDelSqRho_EigVec1 =  8.4664992841E-01  5.2406389015E-01  9.2417194087E-02
HessDelSqRho_EigVec2 =  1.7734334369E-01 -4.4160527817E-01  8.7950788327E-01
HessDelSqRho_EigVec3 = -5.0173024343E-01  7.2824571220E-01  4.6682431974E-01
</CP of DelSqRho>
<CP of DelSqRho>
CP# = 22      
Type = (3,+1)
Coords =  3.71331902598681E+00 -8.16346029293160E-01 -8.13186176305330E-01
DistFromNuc =  9.9001929408E-01
Rho =  2.1257214186E-01
DelSqRho = -1.8163639670E-01
GradDelSqRho =  1.0824674490E-15 -7.2858385991E-16 -1.7763568394E-15
HessDelSqRho_EigVals = -3.4309811783E+00  1.3041388779E+00  1.4974198612E+01
HessDelSqRho_EigVec1 =  1.7439789065E-01 -4.3827635489E-01  8.8175915786E-01
HessDelSqRho_EigVec2 = -8.9930191608E-01 -4.3561666484E-01 -3.8654689851E-02
HessDelSqRho_EigVec3 = -4.0105042011E-01  7.8622640382E-01  4.7011339321E-01
</CP of DelSqRho>
<CP of DelSqRho>
CP# = 23      
Type = (3,+3)
Coords =  3.71276176056618E+00  8.56628858664738E-01  9.47497890782283E-03
DistFromNuc =  1.0510074789E+00
Rho =  3.0061747046E-01
DelSqRho = -1.2097464918E+00
GradDelSqRho = -3.4972025276E-15 -2.9420910153E-15 -8.8817841970E-16
HessDelSqRho_EigVals =  7.2235013232E+00  7.3613481034E+00  8.3162182071E+00
HessDelSqRho_EigVec1 =  9.0994505477E-01 -2.6226624250E-02 -4.1389873335E-01
HessDelSqRho_EigVec2 =  3.5633043825E-01 -4.6119386076E-01  8.1260620326E-01
HessDelSqRho_EigVec3 =  2.1219947235E-01  8.8691171318E-01  4.1031572838E-01
</CP of DelSqRho>
<CP of DelSqRho>
CP# = 24      
Type = (3,+3)
Coords =  3.69663128474724E+00 -8.86148101428147E-01  1.38967021790232E-01
DistFromNuc =  1.0499982579E+00
Rho =  3.0072888057E-01
DelSqRho = -1.2099747520E+00
GradDelSqRho = -3.3306690739E-16  1.6653345369E-15 -2.1094237468E-15
HessDelSqRho_EigVals =  7.2151143938E+00  7.3702797579E+00  8.3545535727E+00
HessDelSqRho_EigVec1 =  8.9294214843E-01 -6.0152898696E-02 -4.4613445097E-01
HessDelSqRho_EigVec2 =  3.9605008172E-01  5.7609726099E-01  7.1502187285E-01
HessDelSqRho_EigVec3 = -2.1400619695E-01  8.1516475308E-01 -5.3824508637E-01
</CP of DelSqRho>
<CP of DelSqRho>
CP# = 25      
Type = (3,+3)
Coords =  3.39421892235951E+00 -1.23675871080058E-01 -1.39053673039821E+00
DistFromNuc =  1.0483374307E+00
Rho =  3.0146241979E-01
DelSqRho = -1.2139861141E+00
GradDelSqRho = -1.1241008124E-15 -1.3600232052E-15 -1.4988010832E-15
HessDelSqRho_EigVals =  7.2431665958E+00  7.3870567325E+00  8.4207262931E+00
HessDelSqRho_EigVec1 =  9.9367969637E-01 -9.5060564695E-02 -5.9700503038E-02
HessDelSqRho_EigVec2 =  9.0563794057E-02  9.9313869539E-01 -7.3984666782E-02
HessDelSqRho_EigVec3 =  6.6323903905E-02  6.8110357162E-02  9.9547080269E-01
</CP of DelSqRho>
<CP of DelSqRho>
CP# = 26      
Type = (3,+3)
Coords =  2.29028738359076E+00 -2.08674540351982E-02 -1.46276588974477E-01
DistFromNuc =  1.0347969555E+00
Rho =  2.2276254470E-01
DelSqRho = -5.8493432343E-01
GradDelSqRho =  3.9690473130E-15  5.8286708793E-16 -8.8817841970E-16
HessDelSqRho_EigVals =  2.3860408245E+00  2.4812172754E+00  1.1782649602E+01
HessDelSqRho_EigVec1 =  1.9400265663E-01 -1.5498883646E-01  9.6868025158E-01
HessDelSqRho_EigVec2 =  4.9969168930E-02  9.8772005467E-01  1.4802761826E-01
HessDelSqRho_EigVec3 =  9.7972753936E-01 -1.9686395933E-02 -1.9936497797E-01
</CP of DelSqRho>
<CP of DelSqRho>
CP# = 27      
Type = (3,-3)
Coords =  3.30081927000590E+00  7.76710046816695E-02  1.14789831759330E+00
DistFromNuc =  1.5019027727E+00
Rho =  8.1037708192E-02
DelSqRho =  1.8857830028E-01
GradDelSqRho =  3.7365943673E-15 -8.6313334952E-16 -1.9151347175E-15
HessDelSqRho_EigVals = -1.7641597048E+00 -8.1190216481E-02 -4.8340531081E-02
HessDelSqRho_EigVec1 = -5.2100770852E-02  7.5995637062E-02  9.9574603832E-01
HessDelSqRho_EigVec2 =  9.9623456187E-01  7.3146247215E-02  4.6543788460E-02
HessDelSqRho_EigVec3 = -6.9297961027E-02  9.9442158548E-01 -7.9520456058E-02
</CP of DelSqRho>
<CP of DelSqRho>
CP# = 28      
Type = (3,-1)
Coords =  4.63410111908724E+00  2.60059434659157E-02  4.91607193261470E-01
DistFromNuc =  1.5744101191E+00
Rho =  8.2751563849E-02
DelSqRho =  1.7626779089E-01
GradDelSqRho = -2.9989032091E-16  9.8879238131E-17 -1.3877787808E-17
HessDelSqRho_EigVals = -1.6738555635E+00 -6.0863146919E-02  1.7292680362E-02
HessDelSqRho_EigVec1 =  8.7986136394E-01  1.9944927209E-02  4.7481173125E-01
HessDelSqRho_EigVec2 = -1.7696477006E-03  9.9924949501E-01 -3.8695155560E-02
HessDelSqRho_EigVec3 = -4.7522715474E-01  3.3206122861E-02  8.7923631909E-01
</CP of DelSqRho>
<CP of DelSqRho>
CP# = 29      
Type = (3,-1)
Coords =  4.36559601873073E+00  7.94051033605099E-01 -1.14992727679588E+00
DistFromNuc =  1.5708274231E+00
Rho =  8.2474896035E-02
DelSqRho =  1.7693456025E-01
GradDelSqRho =  5.3429483060E-16  2.3939183968E-16 -4.8919202023E-16
HessDelSqRho_EigVals = -1.6822412615E+00 -5.8370688112E-02  2.1459406195E-02
HessDelSqRho_EigVec1 =  7.3027633399E-01  4.6467526733E-01 -5.0077277477E-01
HessDelSqRho_EigVec2 =  1.6494609476E-01  5.9141051679E-01  7.8932020528E-01
HessDelSqRho_EigVec3 =  6.6293986292E-01 -6.5902237941E-01  3.5524673340E-01
</CP of DelSqRho>
<CP of DelSqRho>
CP# = 30      
Type = (3,-3)
Coords =  2.81244247449457E+00 -1.35514335898773E+00 -8.73428478498426E-01
DistFromNuc =  1.4962158849E+00
Rho =  8.0676534081E-02
DelSqRho =  1.9664876056E-01
GradDelSqRho =  5.5511151231E-17  8.3266726847E-17 -3.5735303605E-16
HessDelSqRho_EigVals = -1.7964688367E+00 -9.9602228806E-02 -5.1522856654E-02
HessDelSqRho_EigVec1 =  3.7119650568E-01  8.6012110033E-01  3.4986404065E-01
HessDelSqRho_EigVec2 = -8.9939472988E-01  2.3935983253E-01  3.6578134237E-01
HessDelSqRho_EigVec3 =  2.3087285250E-01 -4.5044263047E-01  8.6243791813E-01
</CP of DelSqRho>
<CP of DelSqRho>
CP# = 31      
Type = (3,-3)
Coords =  4.73434946362415E+00 -5.46204220509309E-02 -6.34492347277835E-01
DistFromNuc =  1.4578348679E+00
Rho =  7.8030459157E-02
DelSqRho =  1.8600452462E-01
GradDelSqRho = -6.3143934526E-16 -6.2450045135E-17  3.8857805862E-16
HessDelSqRho_EigVals = -1.6381312982E+00 -5.5413042205E-02 -5.2524745328E-02
HessDelSqRho_EigVec1 =  9.7997512198E-01 -1.7471342158E-02 -1.9835199141E-01
HessDelSqRho_EigVec2 =  1.5202845986E-01 -5.7766459911E-01  8.0199186924E-01
HessDelSqRho_EigVec3 =  1.2859279796E-01  8.1608722765E-01  5.6344079474E-01
</CP of DelSqRho>
<CP of DelSqRho>
CP# = 32      
Type = (3,-1)
Coords =  4.38385168554233E+00 -9.61091794858352E-01 -1.01812642113477E+00
DistFromNuc =  1.5667334336E+00
Rho =  8.2149568760E-02
DelSqRho =  1.7654984491E-01
GradDelSqRho = -3.6776137691E-16  3.4694469520E-16  2.5326962749E-16
HessDelSqRho_EigVals = -1.6833480671E+00 -4.9457546053E-02  2.5237599678E-02
HessDelSqRho_EigVec1 =  7.5144397268E-01 -5.1898585270E-01 -4.0741335350E-01
HessDelSqRho_EigVec2 =  1.7852913584E-01 -4.3451501377E-01  8.8279332262E-01
HessDelSqRho_EigVec3 =  6.3518446421E-01  7.3610487534E-01  2.3385959234E-01
</CP of DelSqRho>
<CP of DelSqRho>
CP# = 33      
Type = (3,-1)
Coords =  2.20114293241204E+00 -9.51613603243710E-02 -1.62275074660374E+00
DistFromNuc =  1.6860553603E+00
Rho =  8.3680790890E-02
DelSqRho =  1.5487065164E-01
GradDelSqRho = -1.2316536679E-16  0.0000000000E+00  2.0469737017E-16
HessDelSqRho_EigVals = -1.2816651971E+00 -4.3650792428E-01  7.7006665700E-02
HessDelSqRho_EigVec1 =  8.7603269156E-01 -3.6780813660E-03  4.8223769558E-01
HessDelSqRho_EigVec2 = -4.8079931457E-01  7.0888833459E-02  8.7396040666E-01
HessDelSqRho_EigVec3 =  3.7399765176E-02  9.9747744085E-01 -6.0332516577E-02
</CP of DelSqRho>
<CP of DelSqRho>
CP# = 34      
Type = (3,-1)
Coords =  2.67357168479938E+00  1.25545775555233E+00  5.01610616942779E-01
DistFromNuc =  1.6758513583E+00
Rho =  8.3412045224E-02
DelSqRho =  1.5555978296E-01
GradDelSqRho =  8.3266726847E-17  2.7755575616E-16 -1.1796119637E-16
HessDelSqRho_EigVals = -1.3119538697E+00 -4.0867795784E-01  6.8503520832E-02
HessDelSqRho_EigVec1 =  6.4121783762E-01 -5.8695025851E-01 -4.9429654940E-01
HessDelSqRho_EigVec2 =  7.3420370924E-01  6.5657399574E-01  1.7278744589E-01
HessDelSqRho_EigVec3 =  2.2312462449E-01 -4.7370875246E-01  8.5194801472E-01
</CP of DelSqRho>
<CP of DelSqRho>
CP# = 35      
Type = (3,-3)
Coords =  2.81891834804534E+00  1.19275244021029E+00 -1.04010191221685E+00
DistFromNuc =  1.4969527561E+00
Rho =  8.0734851417E-02
DelSqRho =  1.9493858214E-01
GradDelSqRho =  3.8163916471E-17 -2.4980018054E-16  1.3183898417E-16
HessDelSqRho_EigVals = -1.7832344316E+00 -1.0042064313E-01 -5.6157757468E-02
HessDelSqRho_EigVec1 = -3.6392532585E-01  8.0462649124E-01 -4.6918500274E-01
HessDelSqRho_EigVec2 = -9.1276771256E-01 -2.0775821619E-01  3.5169820375E-01
HessDelSqRho_EigVec3 =  1.8550865243E-01  5.5624880512E-01  8.1004555840E-01
</CP of DelSqRho>
<CP of DelSqRho>
CP# = 36      
Type = (3,-1)
Coords =  2.66712138951032E+00 -1.19423313968235E+00  6.99367383429736E-01
DistFromNuc =  1.6825563637E+00
Rho =  8.3470197019E-02
DelSqRho =  1.5256371199E-01
GradDelSqRho =  5.5397440107E-13  3.9581272288E-13 -5.6853133312E-13
HessDelSqRho_EigVals = -1.3034975092E+00 -4.2026274072E-01  7.5270689889E-02
HessDelSqRho_EigVec1 =  6.6766153603E-01  4.7069840195E-01 -5.7677646251E-01
HessDelSqRho_EigVec2 = -7.0464442411E-01  6.4954897436E-01 -2.8559125596E-01
HessDelSqRho_EigVec3 =  2.4021721186E-01  5.9710061490E-01  7.6535387032E-01
</CP of DelSqRho>
<CP of DelSqRho>
CP# = 37      
Type = (3,-1)
Coords =  1.56804716603695E+00 -1.26084659765426E+00 -5.78377593829319E-01
DistFromNuc =  2.1334438136E+00
Rho =  4.9790830222E-02
DelSqRho =  1.1794398945E-01
GradDelSqRho =  5.5511151231E-17 -9.8879238131E-17 -3.6971294082E-17
HessDelSqRho_EigVals = -4.0123230913E-01 -4.8472075244E-02  3.0282619385E-01
HessDelSqRho_EigVec1 = -1.6252996751E-01  8.9225102007E-01  4.2127440801E-01
HessDelSqRho_EigVec2 =  1.8251201686E-01 -3.9239822602E-01  9.0150596000E-01
HessDelSqRho_EigVec3 =  9.6967694278E-01  2.2340937625E-01 -9.9070062296E-02
</CP of DelSqRho>
<Path of -GradDelSqRho>
Starting CP# =      2
Ending CP# =     24
Number of Points =     10
  3.7945989909E+00 -1.0847375687E+00  2.5078767258E-01  2.8840617980E-01 -1.1253890742E+00
  3.7849460885E+00 -1.0646788009E+00  2.3940930271E-01  2.8878604385E-01 -1.1279828873E+00
  3.7752819011E+00 -1.0446237956E+00  2.2803388062E-01  2.8940965753E-01 -1.1348535320E+00
  3.7656029350E+00 -1.0245731790E+00  2.1666328875E-01  2.9025573297E-01 -1.1447340026E+00
  3.7559043828E+00 -1.0045277732E+00  2.0530020201E-01  2.9130373755E-01 -1.1564745239E+00
  3.7461793252E+00 -9.8448873420E-01  1.9394854698E-01  2.9253430816E-01 -1.1690202542E+00
  3.7364171591E+00 -9.6445783115E-01  1.8261440268E-01  2.9392964452E-01 -1.1813853831E+00
  3.7266001027E+00 -9.4443808186E-01  1.7130800881E-01  2.9547390309E-01 -1.1926237459E+00
  3.7166938300E+00 -9.2443550062E-01  1.6004919009E-01  2.9715361272E-01 -1.2017951873E+00
  3.6966312847E+00 -8.8614810143E-01  1.3896702179E-01  3.0072888057E-01 -1.2099747520E+00
</Path of -GradDelSqRho>
<Path of -GradDelSqRho>
Starting CP# =      2
Ending CP# =      0
Number of Points =     32
  3.7945989909E+00 -1.0847375687E+00  2.5078767258E-01  2.8840617980E-01 -1.1253890742E+00
  3.8042434244E+00 -1.1047995166E+00  2.6216761734E-01  2.8829165353E-01 -1.1284742120E+00
  3.8138811570E+00 -1.1248643120E+00  2.7354821895E-01  2.8846384280E-01 -1.1387875182E+00
  3.8235137684E+00 -1.1449315916E+00  2.8492877632E-01  2.8894332915E-01 -1.1580289784E+00
  3.8331425006E+00 -1.1650010369E+00  2.9630879739E-01  2.8974923235E-01 -1.1880406733E+00
  3.8427683326E+00 -1.1850723654E+00  3.0768795063E-01  2.9089845876E-01 -1.2307788050E+00
  3.8523920331E+00 -1.2051453239E+00  3.1906603152E-01  2.9240487218E-01 -1.2882543797E+00
  3.8620141955E+00 -1.2252196835E+00  3.3044294137E-01  2.9427841525E-01 -1.3624226406E+00
  3.8716352612E+00 -1.2452952339E+00  3.4181867749E-01  2.9652424394E-01 -1.4549912985E+00
  3.8812555291E+00 -1.2653717775E+00  3.5319333535E-01  2.9914199619E-01 -1.5671093541E+00
  3.8908751528E+00 -1.2854491218E+00  3.6456712473E-01  3.0212540626E-01 -1.6989022938E+00
  3.9004941211E+00 -1.3055270687E+00  3.7594040473E-01  3.0546260393E-01 -1.8488553084E+00
  3.9101122147E+00 -1.3256053994E+00  3.8731374694E-01  3.0913758798E-01 -2.0131414863E+00
  3.9197289286E+00 -1.3456838511E+00  3.9868804196E-01  3.1313348825E-01 -2.1851708732E+00
  3.9293433495E+00 -1.3657620854E+00  4.1006465911E-01  3.1743822850E-01 -2.3558934085E+00
  3.9389540505E+00 -1.3858396662E+00  4.2144557164E-01  3.2205291464E-01 -2.5156504073E+00
  3.9485594938E+00 -1.4059161872E+00  4.3283279080E-01  3.2700252014E-01 -2.6584643851E+00
  3.9581607941E+00 -1.4259920227E+00  4.4422471165E-01  3.3234711260E-01 -2.7893382468E+00
  3.9677668973E+00 -1.4460695961E+00  4.5560951698E-01  3.3819007333E-01 -2.9341890332E+00
  3.9773884748E+00 -1.4661515350E+00  4.6697353489E-01  3.4467794314E-01 -3.1504719569E+00
  3.9870252552E+00 -1.4862374943E+00  4.7831754961E-01  3.5198543571E-01 -3.5347155957E+00
  3.9966716501E+00 -1.5063258897E+00  4.8964907303E-01  3.6027988261E-01 -4.2217546489E+00
  4.0063235183E+00 -1.5264156197E+00  5.0097356799E-01  3.6966282850E-01 -5.3701489528E+00
  4.0159786081E+00 -1.5465061038E+00  5.1229397820E-01  3.8009290745E-01 -7.1297685998E+00
  4.0256357405E+00 -1.5665970439E+00  5.2361183662E-01  3.9130304665E-01 -9.5915601409E+00
  4.0352942797E+00 -1.5866882801E+00  5.3492796892E-01  4.0273468669E-01 -1.2726953630E+01
  4.0449538688E+00 -1.6067797203E+00  5.4624284261E-01  4.1351843609E-01 -1.6334897771E+01
  4.0546143011E+00 -1.6268713046E+00  5.5755674073E-01  4.2252904297E-01 -2.0023968562E+01
  4.0642754539E+00 -1.6469629815E+00  5.6886985887E-01  4.2852769908E-01 -2.3256523566E+01
  4.0739372539E+00 -1.6670546775E+00  5.8018239063E-01  4.3037613344E-01 -2.5463066301E+01
  4.0835992996E+00 -1.6871412756E+00  5.9150367798E-01  4.2727340146E-01 -2.6200131990E+01
  4.0831165118E+00 -1.6861415560E+00  5.9092924202E-01  4.2755277954E-01 -2.6202208088E+01
</Path of -GradDelSqRho>
<Path of -GradDelSqRho>
Starting CP# =      3
Ending CP# =     25
Number of Points =     11
  3.4213680283E+00 -1.4349753841E-01 -1.6390934155E+00  2.8855098654E-01 -1.1269168207E+00
  3.4188867677E+00 -1.4152949611E-01 -1.6142948239E+00  2.8896567367E-01 -1.1295316402E+00
  3.4163945270E+00 -1.3956200335E-01 -1.5894972898E+00  2.8962456564E-01 -1.1364666639E+00
  3.4138878577E+00 -1.3759489904E-01 -1.5647011795E+00  2.9050643219E-01 -1.1464568367E+00
  3.4113620190E+00 -1.3562793085E-01 -1.5399070041E+00  2.9159077395E-01 -1.1583544425E+00
  3.4088102032E+00 -1.3366070885E-01 -1.5151155097E+00  2.9285823570E-01 -1.1711070911E+00
  3.4062220259E+00 -1.3169261800E-01 -1.4903278555E+00  2.9429099804E-01 -1.1837321169E+00
  3.4035802160E+00 -1.2972262820E-01 -1.4655460151E+00  2.9587316933E-01 -1.1952875344E+00
  3.4008519457E+00 -1.2774879817E-01 -1.4407738640E+00  2.9759120028E-01 -1.2048388085E+00
  3.3979576361E+00 -1.2576649630E-01 -1.4160213191E+00  2.9943433213E-01 -1.2114195081E+00
  3.3942189224E+00 -1.2367587108E-01 -1.3905367304E+00  3.0146241979E-01 -1.2139861141E+00
</Path of -GradDelSqRho>
<Path of -GradDelSqRho>
Starting CP# =      3
Ending CP# =      0
Number of Points =     31
  3.4213680283E+00 -1.4349753841E-01 -1.6390934155E+00  2.8855098654E-01 -1.1269168207E+00
  3.4238410835E+00 -1.4546620943E-01 -1.6638927770E+00  2.8840201113E-01 -1.1300221964E+00
  3.4263076795E+00 -1.4743557645E-01 -1.6886927265E+00  2.8854002063E-01 -1.1403943743E+00
  3.4287693710E+00 -1.4940565811E-01 -1.7134931065E+00  2.8898546923E-01 -1.1597299014E+00
  3.4312273779E+00 -1.5137644801E-01 -1.7382937958E+00  2.8975732722E-01 -1.1898661695E+00
  3.4336826591E+00 -1.5334792133E-01 -1.7630947008E+00  2.9087233033E-01 -1.2327528790E+00
  3.4361359637E+00 -1.5532003931E-01 -1.7878957501E+00  2.9234415255E-01 -1.2903919187E+00
  3.4385878654E+00 -1.5729275176E-01 -1.8126968909E+00  2.9418253075E-01 -1.3647256228E+00
  3.4410387835E+00 -1.5926599757E-01 -1.8374980864E+00  2.9639240471E-01 -1.4574433334E+00
  3.4434889895E+00 -1.6123970282E-01 -1.8622993158E+00  2.9897319474E-01 -1.5696681134E+00
  3.4459385994E+00 -1.6321377603E-01 -1.8871005748E+00  3.0191843043E-01 -1.7014898950E+00
  3.4483875471E+00 -1.6518809934E-01 -1.9119018792E+00  3.0521607146E-01 -1.8513481227E+00
  3.4508355302E+00 -1.6716251353E-01 -1.9367032717E+00  3.0885001182E-01 -2.0153635876E+00
  3.4532819138E+00 -1.6913679347E-01 -1.9615048326E+00  3.1280338118E-01 -2.1868994606E+00
  3.4557255817E+00 -1.7111061214E-01 -1.9863066980E+00  3.1706425069E-01 -2.3568889590E+00
  3.4581648101E+00 -1.7308351477E-01 -2.0111090732E+00  3.2163405542E-01 -2.5157262788E+00
  3.4605977670E+00 -1.7505505659E-01 -2.0359121726E+00  3.2653828334E-01 -2.6576056701E+00
  3.4630258735E+00 -1.7702564822E-01 -2.0607158229E+00  3.3183764509E-01 -2.7878635528E+00
  3.4654599062E+00 -1.7899799687E-01 -2.0855187523E+00  3.3763614342E-01 -2.9329206336E+00
  3.4679123599E+00 -1.8097507770E-01 -2.1103194899E+00  3.4408065329E-01 -3.1508453952E+00
  3.4703826981E+00 -1.8295659500E-01 -2.1351180987E+00  3.5134557471E-01 -3.5387333660E+00
  3.4728643158E+00 -1.8494084742E-01 -2.1599153629E+00  3.5959689843E-01 -4.2316864244E+00
  3.4753523670E+00 -1.8692662796E-01 -2.1847118601E+00  3.6893351969E-01 -5.3879142845E+00
  3.4778442182E+00 -1.8891329173E-01 -2.2095079050E+00  3.7931008999E-01 -7.1560158505E+00
  3.4803384869E+00 -1.9090050422E-01 -2.2343036629E+00  3.9045462684E-01 -9.6245860606E+00
  3.4828344249E+00 -1.9288808546E-01 -2.2590992233E+00  4.0180368643E-01 -1.2761788521E+01
  3.4853316096E+00 -1.9487593307E-01 -2.2838946368E+00  4.1248448166E-01 -1.6363056397E+01
  3.4878297912E+00 -1.9686398346E-01 -2.3086899336E+00  4.2137154717E-01 -2.0034391600E+01
  3.4903288125E+00 -1.9885218889E-01 -2.3334851334E+00  4.2723041537E-01 -2.3237929019E+01
  3.4928285539E+00 -2.0084049274E-01 -2.3582802527E+00  4.2893207831E-01 -2.5407266414E+01
  3.4950787244E+00 -2.0262986620E-01 -2.3805958274E+00  4.2624761445E-01 -2.6108905046E+01
</Path of -GradDelSqRho>
<Path of -GradDelSqRho>
Starting CP# =      4
Ending CP# =      0
Number of Points =     32
  3.8143572136E+00  1.0661961298E+00  9.0485891743E-02  2.8869427745E-01 -1.1264813970E+00
  3.8244236462E+00  1.0875166162E+00  9.8798760420E-02  2.8860778575E-01 -1.1295571710E+00
  3.8344840783E+00  1.1088397158E+00  1.0711219100E-01  2.8880813518E-01 -1.1398446568E+00
  3.8445401249E+00  1.1301649155E+00  1.1542554082E-01  2.8931601399E-01 -1.1590479440E+00
  3.8545930321E+00  1.1514918023E+00  1.2373835952E-01  2.9015066173E-01 -1.1890143731E+00
  3.8646437595E+00  1.1728200414E+00  1.3205034448E-01  2.9132911608E-01 -1.2317069124E+00
  3.8746930384E+00  1.1941493603E+00  1.4036131003E-01  2.9286538150E-01 -1.2891453258E+00
  3.8847414099E+00  1.2154795382E+00  1.4867116805E-01  2.9476954723E-01 -1.3632962969E+00
  3.8947892476E+00  1.2368103988E+00  1.5697991915E-01  2.9704691686E-01 -1.4558826062E+00
  3.9048367649E+00  1.2581418058E+00  1.6528765482E-01  2.9969726964E-01 -1.5680730814E+00
  3.9148840051E+00  1.2794736618E+00  1.7359457271E-01  3.0271446406E-01 -1.7000187069E+00
  3.9249308083E+00  1.3008059109E+00  1.8190100948E-01  3.0608672193E-01 -1.8502355482E+00
  3.9349767476E+00  1.3221385460E+00  1.9020749978E-01  3.0979808147E-01 -2.0149295957E+00
  3.9450210154E+00  1.3434716233E+00  1.9851487596E-01  3.1383163505E-01 -2.1875367969E+00
  3.9550622469E+00  1.3648052864E+00  2.0682441792E-01  3.1817516771E-01 -2.3590087076E+00
  3.9650983658E+00  1.3861397910E+00  2.1513797448E-01  3.2282953036E-01 -2.5196378916E+00
  3.9751271361E+00  1.4074754416E+00  2.2345745589E-01  3.2781933463E-01 -2.6633173164E+00
  3.9851500184E+00  1.4288120900E+00  2.3178147337E-01  3.3320423257E-01 -2.7948168733E+00
  3.9951795697E+00  1.4501480997E+00  2.4009909013E-01  3.3908725258E-01 -2.9397219093E+00
  4.0052311072E+00  1.4714813172E+00  2.4839730270E-01  3.4561483471E-01 -3.1551118246E+00
  4.0153044372E+00  1.4928116028E+00  2.5667660803E-01  3.5296208460E-01 -3.5372143152E+00
  4.0253915767E+00  1.5141399643E+00  2.6494404996E-01  3.6129745087E-01 -4.2208174210E+00
  4.0354865573E+00  1.5354672045E+00  2.7320481191E-01  3.7072445871E-01 -5.3648982691E+00
  4.0455861280E+00  1.5567937734E+00  2.8146169548E-01  3.8120452197E-01 -7.1203892614E+00
  4.0556885850E+00  1.5781199114E+00  2.8971616083E-01  3.9247377072E-01 -9.5800052154E+00
  4.0657930072E+00  1.5994457499E+00  2.9796899481E-01  4.0397652497E-01 -1.2717472107E+01
  4.0758988727E+00  1.6207713630E+00  3.0622064331E-01  4.1484488704E-01 -1.6334038279E+01
  4.0860058697E+00  1.6420967942E+00  3.1447137655E-01  4.2395256207E-01 -2.0039720319E+01
  4.0961137927E+00  1.6634220682E+00  3.2272138132E-01  4.3005632599E-01 -2.3296494950E+01
  4.1062224647E+00  1.6847471978E+00  3.3097084189E-01  4.3201006976E-01 -2.5532079996E+01
  4.1163313553E+00  1.7060721765E+00  3.3922042460E-01  4.2900261104E-01 -2.6298112209E+01
  4.1158259680E+00  1.7050059333E+00  3.3880786055E-01  4.2927765275E-01 -2.6298830960E+01
</Path of -GradDelSqRho>
<Path of -GradDelSqRho>
Starting CP# =      4
Ending CP# =     23
Number of Points =     10
  3.8143572136E+00  1.0661961298E+00  9.0485891743E-02  2.8869427745E-01 -1.1264813970E+00
  3.8042829193E+00  1.0448788090E+00  8.2174428582E-02  2.8904613996E-01 -1.1290648953E+00
  3.7941978297E+00  1.0235655542E+00  7.3865630565E-02  2.8964170728E-01 -1.1359029759E+00
  3.7840982305E+00  1.0022574579E+00  6.5561228085E-02  2.9045962896E-01 -1.1457265083E+00
  3.7739789685E+00  9.8095602078E-01  5.7263682880E-02  2.9147932548E-01 -1.1573838457E+00
  3.7638325785E+00  9.5966341248E-01  4.8976614965E-02  2.9268140287E-01 -1.1698183438E+00
  3.7536475580E+00  9.3838299476E-01  4.0705644585E-02  2.9404804627E-01 -1.1820422743E+00
  3.7434045026E+00  9.1712050919E-01  3.2460284468E-02  2.9556341378E-01 -1.1931072429E+00
  3.7330656097E+00  8.9588736455E-01  2.4259118654E-02  2.9721404965E-01 -1.2020703381E+00
  3.7127617606E+00  8.5662885866E-01  9.4749789078E-03  3.0061747046E-01 -1.2097464918E+00
</Path of -GradDelSqRho>
<Path of -GradDelSqRho>
Starting CP# =      8
Ending CP# =      1
Number of Points =      9
  3.1874028292E+00 -4.0983625671E-02 -5.3999459978E-01  9.2308575990E+00  2.7964268106E+02
  3.2004620474E+00 -4.1219200495E-02 -5.1867790969E-01  1.2235044960E+01  2.4942907010E+02
  3.2135376651E+00 -4.1456355268E-02 -4.9737129187E-01  1.6274511983E+01  7.5663486299E+01
  3.2266224108E+00 -4.1694347885E-02 -4.7607028756E-01  2.1710203632E+01 -4.3810357841E+02
  3.2397115374E+00 -4.1932742466E-02 -4.5477197940E-01  2.8991682709E+01 -1.4835989251E+03
  3.2528055542E+00 -4.2171532787E-02 -4.3347668184E-01  3.8769181020E+01 -3.5300825242E+03
  3.2659087824E+00 -4.2410971530E-02 -4.1218705830E-01  5.2062302887E+01 -9.4752942986E+03
  3.2790171802E+00 -4.2650759871E-02 -3.9090062115E-01  6.9888238917E+01 -2.2777755457E+04
  3.3047616141E+00 -4.3122469558E-02 -3.4913380035E-01  1.2095553006E+02 -7.4487267148E+05
</Path of -GradDelSqRho>
<Path of -GradDelSqRho>
Starting CP# =      8
Ending CP# =     25
Number of Points =     52
  3.1874028292E+00 -4.0983625671E-02 -5.3999459978E-01  9.2308575990E+00  2.7964268106E+02
  3.1743641160E+00 -4.0750187994E-02 -5.6132386167E-01  6.9858560531E+00  2.6748849015E+02
  3.1613420297E+00 -4.0518745738E-02 -5.8266330142E-01  5.3021982119E+00  2.4301862884E+02
  3.1483266746E+00 -4.0288434817E-02 -6.0400685982E-01  4.0391648623E+00  2.1221153941E+02
  3.1353147321E+00 -4.0058950206E-02 -6.2535250779E-01  3.0934202444E+00  1.7815252586E+02
  3.1223083441E+00 -3.9830580724E-02 -6.4670155255E-01  2.3866786971E+00  1.4457413723E+02
  3.1093115990E+00 -3.9603906400E-02 -6.6805648688E-01  1.8590339843E+00  1.1450132601E+02
  3.0963294758E+00 -3.9379704518E-02 -6.8942033896E-01  1.4649717401E+00  8.9375906603E+01
  3.0833677270E+00 -3.9158949719E-02 -7.1079659379E-01  1.1703506409E+00  6.9274843989E+01
  3.0704327729E+00 -3.8942812050E-02 -7.3218911917E-01  9.4981209173E-01  5.3535745144E+01
  3.0575314581E+00 -3.8732633968E-02 -7.5360200640E-01  7.8458653322E-01  4.1283758787E+01
  3.0446708957E+00 -3.8529918905E-02 -7.7503946459E-01  6.6074548692E-01  3.1720153633E+01
  3.0318587175E+00 -3.8336384406E-02 -7.9650595740E-01  5.6788919984E-01  2.4220000336E+01
  3.0191038519E+00 -3.8154110267E-02 -8.1800664873E-01  4.9820170382E-01  1.8326293574E+01
  3.0064177224E+00 -3.7985775153E-02 -8.3954807673E-01  4.4578330667E-01  1.3707344349E+01
  2.9938157278E+00 -3.7834965759E-02 -8.6113895397E-01  4.0617716785E-01  1.0113556344E+01
  2.9813190230E+00 -3.7706563208E-02 -8.8279107346E-01  3.7602597040E-01  7.3467579697E+00
  2.9689567954E+00 -3.7607238758E-02 -9.0452038125E-01  3.5281531442E-01  5.2427479785E+00
  2.9567693656E+00 -3.7546111405E-02 -9.2634830641E-01  3.3467682088E-01  3.6630107539E+00
  2.9448125704E+00 -3.7535635676E-02 -9.4830342183E-01  3.2023482098E-01  2.4912026121E+00
  2.9331640799E+00 -3.7592805571E-02 -9.7042344519E-01  3.0848685301E-01  1.6313376864E+00
  2.9219326415E+00 -3.7740786828E-02 -9.9275744560E-01  2.9871155591E-01  1.0060950949E+00
  2.9112718610E+00 -3.8011130407E-02 -1.0153677970E+00  2.9039933343E-01  5.5472866648E-01
  2.9014012000E+00 -3.8446772600E-02 -1.0383306514E+00  2.8320234102E-01  2.3061630562E-01
