 AIMInt (Version 19.10.12, Professional)
 Portions Copyright (c) 1997-2019 by Todd A. Keith
 AIMInt is a component of the AIMAll package ( http://aim.tkgristmill.com )

 TP:  64-bit Mac OS X

 AIMInt is a heavily modified and extended version of the PROAIMV program
 developed by members of R.F.W. Bader's research group

 Much of the Quantum Theory of Atoms in Molecules (QTAIM) is described in the book:
   "Atoms in Molecules - A Quantum Theory"
   R.F.W. Bader, Oxford University Press, Oxford, 1990

 For additional references see:  http://aim.tkgristmill.com/references.html

 Current Directory:  /Users/chemlab/Documents/SubstituentCoding/BCP Map Reference/BCPMapReference

 Inp File:  SubH_SeMeONH_wb97xd_aug-cc-pvtz_atomicfiles/n8.inp
 Wfx File:  SubH_SeMeONH_wb97xd_aug-cc-pvtz.wfx
 Out File:  SubH_SeMeONH_wb97xd_aug-cc-pvtz_atomicfiles/n8.int

 Wfx Title:  Title Card Required                                                            
 Job Title:  Title Card Required                                                            
 
<Atom>
N8      
</Atom>
<Nuclei of Molecule>
     9
Se1       34.0          -2.4268596200E-01   5.0972284900E-02   3.1351986700E-01
H2         1.0          -1.9110312600E-01   3.6481120400E-01   3.1447142400E+00
C3         6.0           3.3047618200E+00  -4.3122480700E-02  -3.4913385600E-01
H4         1.0           4.0852279500E+00  -1.6904911400E+00   5.9333662100E-01
H5         1.0           3.4957216200E+00  -2.0312550700E-01  -2.3866571500E+00
H6         1.0           4.1182028500E+00   1.7099365300E+00   3.4068314500E-01
O7         8.0          -1.4563473400E+00   2.6555005800E+00  -7.0673324000E-01
N8         7.0          -1.1894332000E+00  -2.8529244700E+00  -5.8925629500E-01
H9         1.0          -3.1084863700E+00  -2.9289872500E+00  -4.7828921000E-01
</Nuclei of Molecule>
<Total Number of CPs of DelSqRho>
    25
</Total Number of CPs of DelSqRho>
<Number of (3,+3) CPs of DelSqRho>
     4
</Number of (3,+3) CPs of DelSqRho>
<Number of (3,+1) CPs of DelSqRho>
     9
</Number of (3,+1) CPs of DelSqRho>
<Number of (3,-1) CPs of DelSqRho>
     8
</Number of (3,-1) CPs of DelSqRho>
<Number of (3,-3) CPs of DelSqRho>
     4
</Number of (3,-3) CPs of DelSqRho>
<Number of Degenerate CPs of DelSqRho>
     0
</Number of Degenerate CPs of DelSqRho>
<CP of DelSqRho>
CP# = 1       
Type = (3,+3)
Coords = -1.18943353392171E+00 -2.85292388663083E+00 -5.89256057411945E-01
DistFromNuc =  7.1293153936E-07
Rho =  1.9650395319E+02
DelSqRho = -1.6619507393E+06
GradDelSqRho = -4.9093632697E-06  2.0694742489E-06  2.2081594580E-06
HessDelSqRho_EigVals =  4.9318198063E+10  4.9318199984E+10  4.9318206800E+10
HessDelSqRho_EigVec1 =  4.9298109806E-02 -3.0777167655E-01  9.5018224120E-01
HessDelSqRho_EigVec2 = -6.5692703938E-01  7.0661080558E-01  2.6296013837E-01
HessDelSqRho_EigVec3 =  7.5234072155E-01  6.3716384436E-01  1.6734895920E-01
</CP of DelSqRho>
<CP of DelSqRho>
CP# = 2       
Type = (3,+1)
Coords = -2.41203247279806E+00 -2.89677030889101E+00 -5.15639998180729E-01
DistFromNuc =  1.2255981391E+00
Rho =  3.4940604313E-01
DelSqRho = -1.1626129968E+00
GradDelSqRho =  5.2480242374E-13  5.4345417055E-14 -1.4314938124E-14
HessDelSqRho_EigVals = -2.2304285354E+01  1.2481955114E+01  1.2857321964E+01
HessDelSqRho_EigVec1 =  9.9763770320E-01  3.7264228343E-02 -5.7709535021E-02
HessDelSqRho_EigVec2 =  6.6101504569E-02 -2.9208791985E-01  9.5410441681E-01
HessDelSqRho_EigVec3 = -1.8697706811E-02  9.5566522609E-01  2.9386114305E-01
</CP of DelSqRho>
<CP of DelSqRho>
CP# = 3       
Type = (3,+1)
Coords = -1.32868639999098E+00 -2.74290618602657E+00 -5.11301003557392E-01
DistFromNuc =  1.9383628138E-01
Rho =  1.4664893339E+01
DelSqRho =  6.1473079420E+02
GradDelSqRho = -1.1851852832E-11  6.0040861172E-12 -2.5721647035E-12
HessDelSqRho_EigVals = -1.5716438396E+05  6.9821326726E+01  1.0136697321E+03
HessDelSqRho_EigVec1 =  7.2020609665E-01 -5.6502654873E-01 -4.0255208057E-01
HessDelSqRho_EigVec2 =  1.9263809877E-01 -3.9455600371E-01  8.9845207042E-01
HessDelSqRho_EigVec3 =  6.6647861274E-01  7.2461752612E-01  1.7531599924E-01
</CP of DelSqRho>
<CP of DelSqRho>
CP# = 4       
Type = (3,-3)
Coords = -1.18889320467026E+00 -3.03220829623766E+00 -6.52829602126389E-01
DistFromNuc =  1.9022236284E-01
Rho =  1.5062406192E+01
DelSqRho =  6.6010947217E+02
GradDelSqRho =  5.6843418861E-14  6.5654148784E-12 -2.6325608360E-12
HessDelSqRho_EigVals = -1.8984437158E+05 -1.4383310831E+03 -8.8710646434E+02
HessDelSqRho_EigVec1 = -6.7043349665E-03  9.4236572227E-01  3.3451740969E-01
HessDelSqRho_EigVec2 =  6.9065675957E-02 -3.3328971287E-01  9.4029139085E-01
HessDelSqRho_EigVec3 =  9.9758958710E-01  2.9407699470E-02 -6.2850639731E-02
</CP of DelSqRho>
<CP of DelSqRho>
CP# = 5       
Type = (3,-1)
Coords = -4.90946296256608E-01 -2.39070520640954E+00 -4.79736008791408E-01
DistFromNuc =  8.4470426507E-01
Rho =  3.8426167029E-01
DelSqRho = -7.1341263633E-01
GradDelSqRho = -7.1054273576E-15 -1.1102230246E-14 -2.7478019859E-15
HessDelSqRho_EigVals = -3.2818691692E+00 -2.4598828801E+00  5.2980655532E+01
HessDelSqRho_EigVec1 =  1.1635059059E-01 -4.0378519894E-01  9.0742495733E-01
HessDelSqRho_EigVec2 = -4.7376895038E-01  7.8042480953E-01  4.0801972787E-01
HessDelSqRho_EigVec3 =  8.7292927648E-01  4.7738310589E-01  1.0049800238E-01
</CP of DelSqRho>
<CP of DelSqRho>
CP# = 6       
Type = (3,+1)
Coords = -1.76932828900302E+00 -2.75965382082951E+00 -1.14025227240857E+00
DistFromNuc =  8.0534110498E-01
Rho =  4.3320207303E-01
DelSqRho = -1.0851674492E+00
GradDelSqRho = -2.6645352591E-15  3.9968028887E-15  5.3290705182E-15
HessDelSqRho_EigVals = -5.6089600669E+00  3.4915791742E+00  6.9858496430E+01
HessDelSqRho_EigVec1 =  7.3549265860E-01  1.4533508272E-01 -6.6176148488E-01
HessDelSqRho_EigVec2 =  2.4782867222E-02 -9.8183981328E-01 -1.8808612533E-01
HessDelSqRho_EigVec3 =  6.7707928534E-01 -1.2193561735E-01  7.2573779465E-01
</CP of DelSqRho>
<CP of DelSqRho>
CP# = 7       
Type = (3,-1)
Coords = -1.63617372611993E+00 -2.14570815139388E+00 -3.14862141587400E-01
DistFromNuc =  8.8035457085E-01
Rho =  3.3567544253E-01
DelSqRho = -2.7453174110E-01
GradDelSqRho =  0.0000000000E+00 -8.8817841970E-16 -5.9952043330E-15
HessDelSqRho_EigVals = -4.9497591286E+00 -2.0426334199E+00  3.7294415644E+01
HessDelSqRho_EigVec1 =  8.2494921437E-01  5.5441448826E-01  1.0992437814E-01
HessDelSqRho_EigVec2 = -8.2587164799E-02  3.1063648386E-01 -9.4693417675E-01
HessDelSqRho_EigVec3 = -5.5914054934E-01  7.7209426244E-01  3.0204684403E-01
</CP of DelSqRho>
<CP of DelSqRho>
CP# = 8       
Type = (3,-1)
Coords = -1.61473118922102E+00 -3.53882344286800E+00 -7.90858768732681E-01
DistFromNuc =  8.3185295457E-01
Rho =  3.6851391175E-01
DelSqRho = -5.3906713494E-01
GradDelSqRho =  1.7634782523E-12 -2.2268853428E-12  3.9140912733E-12
HessDelSqRho_EigVals = -5.3371321933E+00 -2.7783201644E+00  5.6261197959E+01
HessDelSqRho_EigVec1 = -8.6650653717E-01  4.4758344566E-01  2.2098751142E-01
HessDelSqRho_EigVec2 =  7.3829122019E-02 -3.2292761741E-01  9.4353962008E-01
HessDelSqRho_EigVec3 =  4.9367568481E-01  8.3389856282E-01  2.4677419870E-01
</CP of DelSqRho>
<CP of DelSqRho>
CP# = 9       
Type = (3,+3)
Coords = -8.85753859193656E-01 -2.89072111903934E+00 -1.28652496642699E+00
DistFromNuc =  7.6146787776E-01
Rho =  5.0273224277E-01
DelSqRho = -1.8167952046E+00
GradDelSqRho = -8.8817841970E-16 -2.6645352591E-15 -2.6645352591E-15
HessDelSqRho_EigVals =  1.7564030023E+00  5.3887339099E+00  1.0488002511E+02
HessDelSqRho_EigVec1 = -5.3808640371E-01  7.9426510793E-01 -2.8214528256E-01
HessDelSqRho_EigVec2 =  7.4398406368E-01  6.0487856225E-01  2.8391836488E-01
HessDelSqRho_EigVec3 = -3.9617008358E-01  5.7138981962E-02  9.1639751288E-01
</CP of DelSqRho>
<CP of DelSqRho>
CP# = 10      
Type = (3,+3)
Coords = -7.88338263040591E-01 -3.30384925087952E+00 -1.23578478911254E-01
DistFromNuc =  7.6227694105E-01
Rho =  5.0089328487E-01
DelSqRho = -1.8081617604E+00
GradDelSqRho = -1.7763568394E-15  8.8817841970E-16  2.4424906542E-15
HessDelSqRho_EigVals =  1.7656542778E+00  5.3559247627E+00  1.0413484222E+02
HessDelSqRho_EigVec1 = -4.6298841411E-01  3.9869542835E-01  7.9163355399E-01
HessDelSqRho_EigVec2 = -7.1561745733E-01 -6.9513169790E-01 -6.8436666623E-02
HessDelSqRho_EigVec3 =  5.2300419039E-01 -5.9819217479E-01  6.0715133110E-01
</CP of DelSqRho>
<CP of DelSqRho>
CP# = 11      
Type = (3,+1)
Coords = -8.17678467013647E-01 -2.10077712944806E+00 -3.09231780703430E-01
DistFromNuc =  8.8450038553E-01
Rho =  3.7050340355E-01
DelSqRho = -8.1264194681E-01
GradDelSqRho =  4.6629367034E-15 -6.7723604502E-15  4.4408920985E-16
HessDelSqRho_EigVals = -8.9313672905E-01  2.4714840525E+00  3.8737181517E+01
HessDelSqRho_EigVec1 = -9.3409852598E-02  4.0544507861E-01 -9.0933431018E-01
HessDelSqRho_EigVec2 =  8.6932831116E-01 -4.1199618414E-01 -2.7299712756E-01
HessDelSqRho_EigVec3 =  4.8532760775E-01  8.1601068160E-01  3.1398038263E-01
</CP of DelSqRho>
<CP of DelSqRho>
CP# = 12      
Type = (3,+1)
Coords = -1.68382379378267E+00 -3.14520246588683E+00 -2.44222981637491E-02
DistFromNuc =  8.0553456169E-01
Rho =  4.3244023082E-01
DelSqRho = -1.0839114816E+00
GradDelSqRho = -5.8619775700E-14 -5.7287508071E-14  1.1013412404E-13
HessDelSqRho_EigVals = -5.4616189304E+00  3.4903603275E+00  6.9671867196E+01
HessDelSqRho_EigVec1 = -8.2398255453E-01  2.6418125381E-01 -5.0125942881E-01
HessDelSqRho_EigVec2 =  1.7410116669E-03  8.8583212609E-01  4.6400260050E-01
HessDelSqRho_EigVec3 = -5.6661249432E-01 -3.8145734955E-01  7.3037016078E-01
</CP of DelSqRho>
<CP of DelSqRho>
CP# = 13      
Type = (3,+1)
Coords = -6.33807152148109E-01 -3.33944704889173E+00 -7.94876411147208E-01
DistFromNuc =  7.6661865160E-01
Rho =  4.8753744726E-01
DelSqRho = -1.6764510193E+00
GradDelSqRho = -4.4408920985E-16  1.0658141036E-14  2.4980018054E-15
HessDelSqRho_EigVals = -1.0929928428E+00  5.1835465357E+00  1.0141561293E+02
HessDelSqRho_EigVec1 =  7.1423840823E-02 -3.1838627588E-01  9.4526653082E-01
HessDelSqRho_EigVec2 =  6.8045423037E-01  7.0847225419E-01  1.8721406309E-01
HessDelSqRho_EigVec3 =  7.2930149824E-01 -6.2983906228E-01 -2.6724909782E-01
</CP of DelSqRho>
<CP of DelSqRho>
CP# = 14      
Type = (3,+3)
Coords = -2.04352816897483E+00 -2.89469912141850E+00 -5.40528570088499E-01
DistFromNuc =  8.5650319830E-01
Rho =  4.5711922275E-01
DelSqRho = -1.8286442080E+00
GradDelSqRho =  6.2172489379E-15 -8.8817841970E-16  3.8857805862E-16
HessDelSqRho_EigVals =  9.0331758235E+00  1.2174829456E+01  4.4196264688E+01
HessDelSqRho_EigVec1 =  7.0116458308E-02 -3.1879065056E-01  9.4522812241E-01
HessDelSqRho_EigVec2 = -5.9123937635E-02  9.4456633900E-01  3.2295323380E-01
HessDelSqRho_EigVec3 =  9.9578513861E-01  7.8529945514E-02 -4.7381487785E-02
</CP of DelSqRho>
<CP of DelSqRho>
CP# = 15      
Type = (3,-1)
Coords = -4.06763775902826E-01 -4.00943541490384E+00 -6.77712549188809E-01
DistFromNuc =  1.3992546237E+00
Rho =  1.3142481159E-01
DelSqRho =  2.4518690032E-01
GradDelSqRho = -5.1442183846E-13  7.7104989060E-13  5.1226384246E-14
HessDelSqRho_EigVals = -4.4438346970E+00 -2.9706691100E-03  6.4157961045E-02
HessDelSqRho_EigVec1 = -5.4859127374E-01  8.3328817400E-01  6.8399074935E-02
HessDelSqRho_EigVec2 =  2.4952680293E-02 -6.5454226004E-02  9.9754353692E-01
HessDelSqRho_EigVec3 =  8.3571824087E-01  5.4895041978E-01  1.5114843817E-02
</CP of DelSqRho>
<CP of DelSqRho>
CP# = 16      
Type = (3,-1)
Coords = -5.58445285291018E-01 -3.37742032637374E+00 -1.72708210414244E+00
DistFromNuc =  1.4028147504E+00
Rho =  1.3348689439E-01
DelSqRho =  2.4554752826E-01
GradDelSqRho = -1.2186224252E-12  5.6671334292E-13  2.6456059565E-12
HessDelSqRho_EigVals = -4.5518788919E+00 -1.1375639265E-02  5.6426159596E-02
HessDelSqRho_EigVec1 = -4.4375240768E-01  3.8312923262E-01  8.1012085012E-01
HessDelSqRho_EigVec2 =  8.7736660476E-02 -8.8108498220E-01  4.6474889194E-01
HessDelSqRho_EigVec3 =  8.9184420113E-01  2.7731073773E-01  3.5736910282E-01
</CP of DelSqRho>
<CP of DelSqRho>
CP# = 17      
Type = (3,-1)
Coords = -2.11936847751074E+00 -2.62227389303348E+00 -1.59538409731016E+00
DistFromNuc =  1.3893424573E+00
Rho =  1.4333271846E-01
DelSqRho =  3.1416585106E-01
GradDelSqRho =  1.6320278462E-14 -8.0456474816E-15  2.6728619318E-14
HessDelSqRho_EigVals = -4.9385232528E+00 -7.2884166261E-01  4.2646840828E-02
HessDelSqRho_EigVec1 =  5.8407589175E-01 -1.8317915674E-01  7.9075960267E-01
HessDelSqRho_EigVec2 =  8.1144259679E-01  1.5625614803E-01 -5.6315622017E-01
HessDelSqRho_EigVec3 = -2.0402568006E-02  9.7058199692E-01  2.3990481963E-01
</CP of DelSqRho>
<CP of DelSqRho>
CP# = 18      
Type = (3,-3)
Coords = -1.98843586900416E+00 -3.89403948872860E+00 -8.86954760663526E-01
DistFromNuc =  1.3457154691E+00
Rho =  1.3814087323E-01
DelSqRho =  3.4853708011E-01
GradDelSqRho =  2.2204460493E-16 -1.3877787808E-16  4.1633363423E-17
HessDelSqRho_EigVals = -4.9732090318E+00 -7.8735120959E-01 -1.0295976629E-01
HessDelSqRho_EigVec1 =  4.6732316152E-01  8.4644966005E-01  2.5520978763E-01
HessDelSqRho_EigVec2 =  8.8118343759E-01 -4.2258451829E-01 -2.1198602365E-01
HessDelSqRho_EigVec3 =  7.1587792486E-02 -3.2395261674E-01  9.4336095429E-01
</CP of DelSqRho>
<CP of DelSqRho>
CP# = 19      
Type = (3,+1)
Coords = -4.58953623439591E-01 -3.85005902905015E+00 -1.24377607183609E+00
DistFromNuc =  1.3986686094E+00
Rho =  1.3101578665E-01
DelSqRho =  2.4500692329E-01
GradDelSqRho = -1.0721978860E-13  1.4824252936E-13  1.1057821325E-13
HessDelSqRho_EigVals = -4.4255907204E+00  2.9660112443E-03  6.9352472469E-02
HessDelSqRho_EigVec1 = -5.1058494241E-01  7.2175528721E-01  4.6730324412E-01
HessDelSqRho_EigVec2 =  1.5238908844E-01 -4.5892034524E-01  8.7531119178E-01
HessDelSqRho_EigVec3 =  8.4621544675E-01  5.1813262984E-01  1.2433018776E-01
</CP of DelSqRho>
<CP of DelSqRho>
CP# = 20      
Type = (3,-3)
Coords = -2.08144432002235E+00 -1.83499716242419E+00 -4.02599095788594E-01
DistFromNuc =  1.3662725759E+00
Rho =  1.5586442580E-01
DelSqRho =  3.4661061483E-01
GradDelSqRho =  2.1234125569E-12 -4.3947068207E-12  8.5348395018E-14
HessDelSqRho_EigVals = -4.5313264113E+00 -1.3586431100E+00 -6.6888703854E-02
HessDelSqRho_EigVec1 = -5.5696935306E-01  8.1679816267E-01  1.5041908524E-01
HessDelSqRho_EigVec2 =  8.2941329802E-01  5.5642148696E-01  4.9686113891E-02
HessDelSqRho_EigVec3 =  4.3112884538E-02 -1.5243323228E-01  9.8737297354E-01
</CP of DelSqRho>
<CP of DelSqRho>
CP# = 21      
Type = (3,-1)
Coords = -1.96710621745982E+00 -3.29383229527518E+00  4.75025937432843E-01
DistFromNuc =  1.3899178763E+00
Rho =  1.4352473489E-01
DelSqRho =  3.1135409395E-01
GradDelSqRho =  5.5511151231E-16 -1.3877787808E-17 -6.9388939039E-16
HessDelSqRho_EigVals = -4.9224909426E+00 -7.0481193387E-01  3.6796239342E-02
HessDelSqRho_EigVec1 = -4.6736632901E-01 -3.3665753276E-01  8.1745361957E-01
HessDelSqRho_EigVec2 =  8.8406084954E-01 -1.7560704437E-01  4.3312651764E-01
HessDelSqRho_EigVec3 = -2.2646907625E-03  9.2510749192E-01  3.7969856409E-01
</CP of DelSqRho>
<CP of DelSqRho>
CP# = 22      
Type = (3,-3)
Coords =  1.42201071424426E-01 -2.51160554427832E+00 -6.25094798647348E-01
DistFromNuc =  1.3751482975E+00
Rho =  1.4289738001E-01
DelSqRho =  3.0654731051E-01
GradDelSqRho = -2.5955904093E-12 -8.0038753403E-13  1.2728013088E-13
HessDelSqRho_EigVals = -4.3956382817E+00 -2.8631503414E-01 -2.3819117927E-01
HessDelSqRho_EigVec1 =  9.7989492448E-01  1.9562246486E-01 -3.9214642973E-02
HessDelSqRho_EigVec2 = -1.7743418876E-01  9.4432758435E-01  2.7706050258E-01
HessDelSqRho_EigVec3 =  9.1230727499E-02 -2.6453216189E-01  9.6005192031E-01
</CP of DelSqRho>
<CP of DelSqRho>
CP# = 23      
Type = (3,-1)
Coords =  4.73035092945130E-01 -1.70496020725181E+00 -3.99237857576093E-01
DistFromNuc =  2.0292190074E+00
Rho =  7.7272487807E-02
DelSqRho =  1.9064884694E-01
GradDelSqRho =  9.3675067703E-17  3.4694469520E-17 -8.8470897275E-17
HessDelSqRho_EigVals = -5.0347788624E-01 -1.5695261084E-01  3.8968575416E-01
HessDelSqRho_EigVec1 =  9.1708434517E-01 -3.5919082368E-01 -1.7302674944E-01
HessDelSqRho_EigVec2 =  5.5000750247E-02 -3.1585611642E-01  9.4721160846E-01
HessDelSqRho_EigVec3 =  3.9488127496E-01  8.7818953871E-01  2.6991093491E-01
</CP of DelSqRho>
<CP of DelSqRho>
CP# = 24      
Type = (3,+1)
Coords = -5.67261782566342E-01 -2.01307019490000E+00  1.26449206597363E+00
DistFromNuc =  2.1281060739E+00
Rho =  6.3440153934E-02
DelSqRho =  1.0471625379E-01
GradDelSqRho = -8.3266726847E-17  1.3877787808E-17  2.7755575616E-17
HessDelSqRho_EigVals = -3.5773339586E-01  2.5187821711E-02  1.9039670854E-01
HessDelSqRho_EigVec1 =  9.4671824716E-02 -5.9033923079E-01  8.0158395580E-01
HessDelSqRho_EigVec2 = -9.4028353046E-01  2.1143144639E-01  2.6676511357E-01
HessDelSqRho_EigVec3 =  3.2696196713E-01  7.7897133199E-01  5.3506965527E-01
</CP of DelSqRho>
<CP of DelSqRho>
CP# = 25      
Type = (3,+1)
Coords = -7.49521543043005E-01 -9.50066295462886E-01 -1.64338249036702E+00
DistFromNuc =  2.2193633173E+00
Rho =  5.8786068997E-02
DelSqRho =  9.6931660888E-02
GradDelSqRho =  2.0032153020E-13 -1.3731377146E-13  7.4240613657E-13
HessDelSqRho_EigVals = -3.7068980622E-01  5.4938109254E-02  1.2616412105E-01
HessDelSqRho_EigVec1 =  2.2787710986E-02 -1.2707768673E-01  9.9163097055E-01
HessDelSqRho_EigVec2 =  9.7462743544E-01 -2.1809772808E-01 -5.0346232183E-02
HessDelSqRho_EigVec3 =  2.2267034449E-01  9.6761802512E-01  1.1888345193E-01
</CP of DelSqRho>
<Path of -GradDelSqRho>
Starting CP# =      2
Ending CP# =     14
Number of Points =     15
 -2.4120324728E+00 -2.8967703089E+00 -5.1563999818E-01  3.4940604313E-01 -1.1626129968E+00
 -2.3870914558E+00 -2.8958464345E+00 -5.1708640828E-01  3.5382709335E-01 -1.1693580557E+00
 -2.3621502752E+00 -2.8949394906E+00 -5.1854068865E-01  3.5877762428E-01 -1.1887083980E+00
 -2.3372089111E+00 -2.8940512697E+00 -5.2000335011E-01  3.6423784470E-01 -1.2193597870E+00
 -2.3122673365E+00 -2.8931841462E+00 -5.2147505194E-01  3.7018473632E-01 -1.2600104753E+00
 -2.2873255175E+00 -2.8923412925E+00 -5.2295667043E-01  3.7659239018E-01 -1.3093159870E+00
 -2.2623834128E+00 -2.8915269857E+00 -5.2444939455E-01  3.8343237050E-01 -1.3658347612E+00
 -2.2374409761E+00 -2.8907470650E+00 -5.2595486602E-01  3.9067414844E-01 -1.4279673614E+00
 -2.2124981613E+00 -2.8900096643E+00 -5.2747539840E-01  3.9828565262E-01 -1.4938914767E+00
 -2.1875549351E+00 -2.8893264754E+00 -5.2901434869E-01  4.0623398585E-01 -1.5614943026E+00
 -2.1626113120E+00 -2.8887151337E+00 -5.3057680976E-01  4.1448635503E-01 -1.6283026112E+00
 -2.1376674541E+00 -2.8882042547E+00 -5.3217106017E-01  4.2301124583E-01 -1.6914082580E+00
 -2.1127240153E+00 -2.8878458472E+00 -5.3381211408E-01  4.3177979633E-01 -1.7473821548E+00
 -2.0877837110E+00 -2.8877541938E+00 -5.3553276224E-01  4.4076686868E-01 -1.7921622512E+00
 -2.0435281690E+00 -2.8946991214E+00 -5.4052857009E-01  4.5711922275E-01 -1.8286442080E+00
</Path of -GradDelSqRho>
<Path of -GradDelSqRho>
Starting CP# =      2
Ending CP# =      0
Number of Points =     29
 -2.4120324728E+00 -2.8967703089E+00 -5.1563999818E-01  3.4940604313E-01 -1.1626129968E+00
 -2.4369733445E+00 -2.8977092637E+00 -5.1420081136E-01  3.4553069431E-01 -1.1698125696E+00
 -2.4619140751E+00 -2.8986627235E+00 -5.1276873255E-01  3.4221330854E-01 -1.1923462519E+00
 -2.4868546702E+00 -2.8996297745E+00 -5.1134342144E-01  3.3946175641E-01 -1.2316429910E+00
 -2.5117951332E+00 -2.9006095808E+00 -5.0992452488E-01  3.3727902197E-01 -1.2891214120E+00
 -2.5367354677E+00 -2.9016012749E+00 -5.0851163846E-01  3.3566267792E-01 -1.3660793628E+00
 -2.5616756793E+00 -2.9026038284E+00 -5.0710425888E-01  3.3460439643E-01 -1.4634917817E+00
 -2.5866157797E+00 -2.9036158890E+00 -5.0570171882E-01  3.3408962905E-01 -1.5816803317E+00
 -2.6115557902E+00 -2.9046355570E+00 -5.0430309396E-01  3.3409768912E-01 -1.7198290639E+00
 -2.6364957478E+00 -2.9056600647E+00 -5.0290706473E-01  3.3460260197E-01 -1.8753689671E+00
 -2.6614357132E+00 -2.9066852923E+00 -5.0151170363E-01  3.3557523310E-01 -2.0433676111E+00
 -2.6863757806E+00 -2.9077050331E+00 -5.0011414879E-01  3.3698729946E-01 -2.2162560887E+00
 -2.7113160852E+00 -2.9087100381E+00 -4.9871018029E-01  3.3881780103E-01 -2.3844834983E+00
 -2.7362567871E+00 -2.9096879178E+00 -4.9729418948E-01  3.4106200902E-01 -2.5389128365E+00
 -2.7611979581E+00 -2.9106300730E+00 -4.9586233138E-01  3.4374224274E-01 -2.6757701907E+00
 -2.7861392691E+00 -2.9115619317E+00 -4.9442616791E-01  3.4691824782E-01 -2.8044885899E+00
 -2.8110795572E+00 -2.9125703576E+00 -4.9302490636E-01  3.5069345730E-01 -2.9576937300E+00
 -2.8360173296E+00 -2.9137159178E+00 -4.9168572879E-01  3.5521176443E-01 -3.2009605627E+00
 -2.8609524541E+00 -2.9149712008E+00 -4.9039611189E-01  3.6063799806E-01 -3.6382300928E+00
 -2.8858857521E+00 -2.9162907441E+00 -4.8913546297E-01  3.6711720849E-01 -4.4076733859E+00
 -2.9108179361E+00 -2.9176462546E+00 -4.8789098740E-01  3.7471254633E-01 -5.6630244686E+00
 -2.9357494294E+00 -2.9190230407E+00 -4.8665604831E-01  3.8332800081E-01 -7.5374715990E+00
 -2.9606804659E+00 -2.9204134948E+00 -4.8542721120E-01  3.9263104850E-01 -1.0091845367E+01
 -2.9856111762E+00 -2.9218135214E+00 -4.8420262699E-01  4.0199910459E-01 -1.3256742285E+01
 -3.0105416345E+00 -2.9232208208E+00 -4.8298125502E-01  4.1051841622E-01 -1.6788401787E+01
 -3.0354718846E+00 -2.9246340526E+00 -4.8176248263E-01  4.1705948168E-01 -2.0265535910E+01
 -3.0604019521E+00 -2.9260524010E+00 -4.8054592264E-01  4.2043516505E-01 -2.3149914638E+01
 -3.0853318533E+00 -2.9274752951E+00 -4.7933126255E-01  4.1961799214E-01 -2.4910923530E+01
 -3.1015362099E+00 -2.9284021041E+00 -4.7854236952E-01  4.1651122531E-01 -2.5267430426E+01
</Path of -GradDelSqRho>
<Path of -GradDelSqRho>
Starting CP# =      3
Ending CP# =      1
Number of Points =      8
 -1.3286864000E+00 -2.7429061860E+00 -5.1130100356E-01  1.4664893339E+01  6.1473079420E+02
 -1.3106921980E+00 -2.7570474381E+00 -5.2136249243E-01  2.0377545211E+01  5.2690477904E+02
 -1.2927159364E+00 -2.7712141921E+00 -5.3142017886E-01  2.8448352526E+01 -3.7149381678E+01
 -1.2747488087E+00 -2.7853939044E+00 -5.4147592700E-01  3.9847975949E+01 -1.8013241129E+03
 -1.2567861151E+00 -2.7995798994E+00 -5.5153073570E-01  5.5868662961E+01 -5.5379855954E+03
 -1.2388320188E+00 -2.8137780679E+00 -5.6158371567E-01  7.8648847451E+01 -1.6288126384E+04
 -1.2208855370E+00 -2.8279870090E+00 -5.7163507270E-01  1.1089698150E+02 -4.7278407327E+04
 -1.1894335339E+00 -2.8529238866E+00 -5.8925605741E-01  1.9650395319E+02 -1.6619507393E+06
</Path of -GradDelSqRho>
<Path of -GradDelSqRho>
Starting CP# =      3
Ending CP# =     14
Number of Points =     50
 -1.3286864000E+00 -2.7429061860E+00 -5.1130100356E-01  1.4664893339E+01  6.1473079420E+02
 -1.3467013630E+00 -2.7287945055E+00 -5.0123514599E-01  1.0597108198E+01  5.8237110032E+02
 -1.3647280212E+00 -2.7146994758E+00 -4.9116689267E-01  7.6906611784E+00  5.1501470521E+02
 -1.3827576451E+00 -2.7006085934E+00 -4.8109814434E-01  5.6167412783E+00  4.2949634060E+02
 -1.4007911605E+00 -2.6865231349E+00 -4.7102877636E-01  4.1413180548E+00  3.4015472106E+02
 -1.4188330113E+00 -2.6724493733E+00 -4.6095798556E-01  3.0934534546E+00  2.5978963741E+02
 -1.4368885801E+00 -2.6583948700E+00 -4.5088488752E-01  2.3489174299E+00  1.9447545099E+02
 -1.4549638219E+00 -2.6443679300E+00 -4.4080865519E-01  1.8189501926E+00  1.4435573009E+02
 -1.4730649214E+00 -2.6303770947E+00 -4.3072864938E-01  1.4409396907E+00  1.0678981571E+02
 -1.4911978251E+00 -2.6164304601E+00 -4.2064455819E-01  1.1708389588E+00  7.8707533118E+01
 -1.5093682007E+00 -2.6025356020E+00 -4.1055644761E-01  9.7749191387E-01  5.7611487375E+01
 -1.5275821656E+00 -2.5887005829E+00 -4.0046470835E-01  8.3867761989E-01  4.1724210620E+01
 -1.5458475451E+00 -2.5749356957E+00 -3.9037000472E-01  7.3845402344E-01  2.9811357139E+01
 -1.5641752643E+00 -2.5612553813E+00 -3.8027334282E-01  6.6537539630E-01  2.0975432628E+01
 -1.5825807574E+00 -2.5476801776E+00 -3.7017631944E-01  6.1126175019E-01  1.4518869152E+01
 -1.6010855431E+00 -2.5342389546E+00 -3.6008159491E-01  5.7031589057E-01  9.8765034346E+00
 -1.6197191639E+00 -2.5209718177E+00 -3.4999367259E-01  5.3847114545E-01  6.5885376617E+00
 -1.6385216437E+00 -2.5079341060E+00 -3.3992014603E-01  5.1290446751E-01  4.2888157257E+00
 -1.6575465828E+00 -2.4952020703E+00 -3.2987369657E-01  4.9167551453E-01  2.6950930419E+00
 -1.6768650880E+00 -2.4828813592E+00 -3.1987535408E-01  4.7346422546E-01  1.5972011780E+00
 -1.6965710384E+00 -2.4711208423E+00 -3.0996006497E-01  4.5738561251E-01  8.4356001420E-01
 -1.7167886926E+00 -2.4601375952E+00 -3.0018696780E-01  4.4286557531E-01  3.2772795024E-01
 -1.7376834817E+00 -2.4502662028E+00 -2.9066036386E-01  4.2956829012E-01 -2.3632139382E-02
 -1.7594711869E+00 -2.4420612681E+00 -2.8157694004E-01  4.1737797172E-01 -2.6072078003E-01
 -1.7823862905E+00 -2.4365070752E+00 -2.7333828438E-01  4.0646351696E-01 -4.1851577754E-01
 -1.8064210517E+00 -2.4353319978E+00 -2.6678852897E-01  3.9747991191E-01 -5.2310151465E-01
 -1.8304760125E+00 -2.4406930560E+00 -2.6334089671E-01  3.9167921452E-01 -5.9645112249E-01
 -1.8522644793E+00 -2.4527459431E+00 -2.6386508722E-01  3.8979850863E-01 -6.5680053777E-01
 -1.8708559056E+00 -2.4689849832E+00 -2.6756719236E-01  3.9091034372E-01 -7.1471197919E-01
 -1.8869465502E+00 -2.4872288551E+00 -2.7327284954E-01  3.9371938613E-01 -7.7397309728E-01
 -1.9013462466E+00 -2.5064242095E+00 -2.8026561416E-01  3.9742794165E-01 -8.3551373569E-01
 -1.9145687424E+00 -2.5261079653E+00 -2.8817564631E-01  4.0161510147E-01 -8.9935795510E-01
 -1.9269053478E+00 -2.5460632724E+00 -2.9680716518E-01  4.0604972103E-01 -9.6521731134E-01
 -1.9385188207E+00 -2.5661789237E+00 -3.0604958166E-01  4.1059295616E-01 -1.0326627278E+00
 -1.9495001843E+00 -2.5863922696E+00 -3.1583617034E-01  4.1515253682E-01 -1.1011807749E+00
 -1.9598997785E+00 -2.6066643188E+00 -3.2612432669E-01  4.1966083518E-01 -1.1701970111E+00
 -1.9697440874E+00 -2.6269680041E+00 -3.3688570462E-01  4.2406394213E-01 -1.2390896725E+00
 -1.9790449482E+00 -2.6472822292E+00 -3.4810111119E-01  4.2831608580E-01 -1.3072007859E+00
 -1.9878046114E+00 -2.6675886029E+00 -3.5975783274E-01  4.3237678435E-01 -1.3738469739E+00
 -1.9960184620E+00 -2.6878694479E+00 -3.7184829487E-01  4.3620947648E-01 -1.4383306555E+00
 -2.0036763540E+00 -2.7081063778E+00 -3.8436953203E-01  4.3978099919E-01 -1.4999518069E+00
 -2.0107630630E+00 -2.7282790308E+00 -3.9732323536E-01  4.4306158863E-01 -1.5580202481E+00
 -2.0172581248E+00 -2.7483636441E+00 -4.1071632644E-01  4.4602523627E-01 -1.6118683569E+00
 -2.0231352098E+00 -2.7683311235E+00 -4.2456215920E-01  4.4865031754E-01 -1.6608640941E+00
 -2.0283611389E+00 -2.7881440724E+00 -4.3888266533E-01  4.5092045697E-01 -1.7044242331E+00
 -2.0328946958E+00 -2.8077517672E+00 -4.5371217754E-01  4.5282561735E-01 -1.7420277112E+00
 -2.0366856092E+00 -2.8270808062E+00 -4.6910468107E-01  4.5436339895E-01 -1.7732290842E+00
 -2.0396747569E+00 -2.8460154373E+00 -4.8514917778E-01  4.5554047770E-01 -1.7976722802E+00
 -2.0417989631E+00 -2.8643475812E+00 -5.0200836564E-01  4.5637390278E-01 -1.8151056802E+00
 -2.0435281690E+00 -2.8946991214E+00 -5.4052857009E-01  4.5711922275E-01 -1.8286442080E+00
</Path of -GradDelSqRho>
<Path of -GradDelSqRho>
Starting CP# =      6
Ending CP# =      9
Number of Points =     40
 -1.7693282890E+00 -2.7596538208E+00 -1.1402522724E+00  4.3320207303E-01 -1.0851674492E+00
 -1.7512133458E+00 -2.7561829679E+00 -1.1560720571E+00  4.3373556195E-01 -1.0868004549E+00
 -1.7320776773E+00 -2.7527451327E+00 -1.1717869336E+00  4.3449791411E-01 -1.0917834866E+00
 -1.7124496052E+00 -2.7494491291E+00 -1.1869138685E+00  4.3547468335E-01 -1.0999397526E+00
 -1.6923446160E+00 -2.7463022277E+00 -1.2014340163E+00  4.3666171199E-01 -1.1110739102E+00
 -1.6717796968E+00 -2.7433118875E+00 -1.2153296854E+00  4.3805286558E-01 -1.1249779753E+00
 -1.6507732821E+00 -2.7404857587E+00 -1.2285845231E+00  4.3964010721E-01 -1.1414352568E+00
 -1.6293451642E+00 -2.7378316961E+00 -1.2411836727E+00  4.4141358762E-01 -1.1602236571E+00
 -1.6075163729E+00 -2.7353577835E+00 -1.2531138990E+00  4.4336175167E-01 -1.1811183426E+00
 -1.5853090308E+00 -2.7330723743E+00 -1.2643636761E+00  4.4547146088E-01 -1.2038938189E+00
 -1.5627461921E+00 -2.7309841477E+00 -1.2749232367E+00  4.4772813178E-01 -1.2283254655E+00
 -1.5398516743E+00 -2.7291021845E+00 -1.2847845834E+00  4.5011588884E-01 -1.2541906062E+00
 -1.5166498907E+00 -2.7274360638E+00 -1.2939414626E+00  4.5261773067E-01 -1.2812691988E+00
 -1.4931656919E+00 -2.7259959842E+00 -1.3023893071E+00  4.5521570749E-01 -1.3093442357E+00
 -1.4694242262E+00 -2.7247929105E+00 -1.3101251515E+00  4.5789110787E-01 -1.3382019444E+00
 -1.4454508233E+00 -2.7238387525E+00 -1.3171475284E+00  4.6062465253E-01 -1.3676318754E+00
 -1.4212709097E+00 -2.7231465787E+00 -1.3234563522E+00  4.6339669302E-01 -1.3974269553E+00
 -1.3969099608E+00 -2.7227308722E+00 -1.3290527986E+00  4.6618741316E-01 -1.4273835765E+00
 -1.3723934949E+00 -2.7226078386E+00 -1.3339391865E+00  4.6897703164E-01 -1.4573017807E+00
 -1.3477471173E+00 -2.7227957763E+00 -1.3381188715E+00  4.7174600411E-01 -1.4869855849E+00
 -1.3229966195E+00 -2.7233155260E+00 -1.3415961564E+00  4.7447522373E-01 -1.5162434866E+00
 -1.2981681483E+00 -2.7241910188E+00 -1.3443762276E+00  4.7714621933E-01 -1.5448891756E+00
 -1.2732884590E+00 -2.7254499507E+00 -1.3464651235E+00  4.7974135082E-01 -1.5727424698E+00
 -1.2483852786E+00 -2.7271246172E+00 -1.3478697466E+00  4.8224400194E-01 -1.5996304879E+00
 -1.2234878167E+00 -2.7292529522E+00 -1.3485979276E+00  4.8463877046E-01 -1.6253890659E+00
 -1.1986274803E+00 -2.7318798256E+00 -1.3486585616E+00  4.8691165685E-01 -1.6498644234E+00
 -1.1738388789E+00 -2.7350586654E+00 -1.3480618365E+00  4.8905025209E-01 -1.6729150879E+00
 -1.1491612468E+00 -2.7388534732E+00 -1.3468195900E+00  4.9104392551E-01 -1.6944140868E+00
 -1.1246404727E+00 -2.7433412947E+00 -1.3449458459E+00  4.9288401247E-01 -1.7142514248E+00
 -1.1003320115E+00 -2.7486151525E+00 -1.3424576060E+00  4.9456399944E-01 -1.7323368655E+00
 -1.0763050527E+00 -2.7547873042E+00 -1.3393760026E+00  4.9607969809E-01 -1.7486030261E+00
 -1.0526484032E+00 -2.7619923378E+00 -1.3357279472E+00  4.9742938850E-01 -1.7630087524E+00
 -1.0294784538E+00 -2.7703888594E+00 -1.3315484010E+00  4.9861388919E-01 -1.7755426172E+00
 -1.0069489722E+00 -2.7801570626E+00 -1.3268832353E+00  4.9963647397E-01 -1.7862261038E+00
 -9.8526040758E-01 -2.7914871016E+00 -1.3217920944E+00  5.0050250577E-01 -1.7951154779E+00
 -9.6466151798E-01 -2.8045506949E+00 -1.3163492305E+00  5.0121862950E-01 -1.8023004822E+00
 -9.4542802681E-01 -2.8194495098E+00 -1.3106376086E+00  5.0179146689E-01 -1.8078972499E+00
 -9.2779746702E-01 -2.8361458313E+00 -1.3047289902E+00  5.0222614516E-01 -1.8120337355E+00
 -9.1185246468E-01 -2.8544038969E+00 -1.2986450659E+00  5.0252562076E-01 -1.8148305905E+00
 -8.8575385919E-01 -2.8907211190E+00 -1.2865249664E+00  5.0273224277E-01 -1.8167952046E+00
</Path of -GradDelSqRho>
<Path of -GradDelSqRho>
Starting CP# =      6
Ending CP# =     14
Number of Points =     28
 -1.7693282890E+00 -2.7596538208E+00 -1.1402522724E+00  4.3320207303E-01 -1.0851674492E+00
 -1.7870025482E+00 -2.7632542657E+00 -1.1238712150E+00  4.3287086379E-01 -1.0868537152E+00
 -1.8046136930E+00 -2.7670684304E+00 -1.1065434166E+00  4.3274298430E-01 -1.0921682788E+00
 -1.8216857493E+00 -2.7709978626E+00 -1.0887092242E+00  4.3282571777E-01 -1.1012088517E+00
 -1.8382100687E+00 -2.7750363946E+00 -1.0703900487E+00  4.3311285796E-01 -1.1140330072E+00
 -1.8541790167E+00 -2.7791781330E+00 -1.0516072152E+00  4.3359606754E-01 -1.1306536094E+00
 -1.8695857795E+00 -2.7834174747E+00 -1.0323817946E+00  4.3426489758E-01 -1.1510335002E+00
 -1.8844241493E+00 -2.7877491220E+00 -1.0127344611E+00  4.3510682133E-01 -1.1750808298E+00
 -1.8986882947E+00 -2.7921680946E+00 -9.9268537652E-01  4.3610728412E-01 -1.2026452895E+00
 -1.9123725187E+00 -2.7966697397E+00 -9.7225410408E-01  4.3724977151E-01 -1.2335154893E+00
 -1.9254710074E+00 -2.8012497408E+00 -9.5145955030E-01  4.3851589875E-01 -1.2674176918E+00
 -1.9379775694E+00 -2.8059041266E+00 -9.3031993538E-01  4.3988552526E-01 -1.3040160633E+00
 -1.9498853629E+00 -2.8106292808E+00 -9.0885278962E-01  4.4133689900E-01 -1.3429145474E+00
 -1.9611866043E+00 -2.8154219552E+00 -8.8707497438E-01  4.4284683674E-01 -1.3836603970E+00
 -1.9718722472E+00 -2.8202792892E+00 -8.6500272552E-01  4.4439094767E-01 -1.4257493342E+00
 -1.9819316145E+00 -2.8251988398E+00 -8.4265171870E-01  4.4594390953E-01 -1.4686322433E+00
 -1.9913519591E+00 -2.8301786270E+00 -8.2003715761E-01  4.4747980852E-01 -1.5117232530E+00
 -2.0001179213E+00 -2.8352172039E+00 -7.9717389054E-01  4.4897255642E-01 -1.5544090282E+00
 -2.0082108402E+00 -2.8403137627E+00 -7.7407656702E-01  4.5039640123E-01 -1.5960590784E+00
 -2.0156078683E+00 -2.8454682990E+00 -7.5075985756E-01  4.5172655050E-01 -1.6360368965E+00
 -2.0222808290E+00 -2.8506818671E+00 -7.2723877659E-01  4.5293993010E-01 -1.6737117638E+00
 -2.0281947527E+00 -2.8559569921E+00 -7.0352917780E-01  4.5401610412E-01 -1.7084710867E+00
 -2.0333060394E+00 -2.8612983620E+00 -6.7964853712E-01  4.5493838229E-01 -1.7397331582E+00
 -2.0375602424E+00 -2.8667140587E+00 -6.5561721905E-01  4.5569513342E-01 -1.7669602431E+00
 -2.0408896018E+00 -2.8722179265E+00 -6.3146056740E-01  4.5628128862E-01 -1.7896718452E+00
 -2.0432107989E+00 -2.8778346357E+00 -6.0721246985E-01  4.5669991225E-01 -1.8074578993E+00
 -2.0444241710E+00 -2.8836123946E+00 -5.8292194537E-01  4.5696342269E-01 -1.8199913906E+00
 -2.0435281690E+00 -2.8946991214E+00 -5.4052857009E-01  4.5711922275E-01 -1.8286442080E+00
</Path of -GradDelSqRho>
<Path of -GradDelSqRho>
Starting CP# =     11
Ending CP# =      9
Number of Points =     63
 -8.1767846701E-01 -2.1007771294E+00 -3.0923178070E-01  3.7050340355E-01 -8.1264194681E-01
 -8.1865391687E-01 -2.0982424306E+00 -3.1624856324E-01  3.7067926275E-01 -8.1266075791E-01
 -8.1960682363E-01 -2.0940096848E+00 -3.2613017334E-01  3.7062857945E-01 -8.1278576061E-01
 -8.2138685294E-01 -2.0856649177E+00 -3.4655505810E-01  3.7048242408E-01 -8.1335845526E-01
 -8.2359136726E-01 -2.0776338613E+00 -3.7012503381E-01  3.7060086992E-01 -8.1450240843E-01
 -8.2572358690E-01 -2.0706274293E+00 -3.9402622972E-01  3.7082106125E-01 -8.1617605852E-01
 -8.2778100421E-01 -2.0646537412E+00 -4.1821272899E-01  3.7114280553E-01 -8.1838569663E-01
 -8.2976589848E-01 -2.0597164825E+00 -4.4263792339E-01  3.7156712930E-01 -8.2114704948E-01
 -8.3168409455E-01 -2.0558135495E+00 -4.6725491946E-01  3.7209557521E-01 -8.2448473380E-01
 -8.3354445458E-01 -2.0529375923E+00 -4.9201738418E-01  3.7273017287E-01 -8.2843145768E-01
 -8.3535824220E-01 -2.0510767526E+00 -5.1688025507E-01  3.7347339957E-01 -8.3302700732E-01
 -8.3713843478E-01 -2.0502155086E+00 -5.4180027488E-01  3.7432812893E-01 -8.3831706342E-01
 -8.3889905097E-01 -2.0503355421E+00 -5.6673634041E-01  3.7529756644E-01 -8.4435189353E-01
 -8.4065454418E-01 -2.0514165565E+00 -5.9164967874E-01  3.7638517201E-01 -8.5118496525E-01
 -8.4241929191E-01 -2.0534370002E+00 -6.1650387985E-01  3.7759457080E-01 -8.5887152151E-01
 -8.4420719225E-01 -2.0563746685E+00 -6.4126482097E-01  3.7892945444E-01 -8.6746715411E-01
 -8.4603136476E-01 -2.0602071777E+00 -6.6590051785E-01  3.8039347534E-01 -8.7702640622E-01
 -8.4790394349E-01 -2.0649123162E+00 -6.9038093385E-01  3.8199013683E-01 -8.8760142896E-01
 -8.4983594609E-01 -2.0704682866E+00 -7.1467777130E-01  3.8372268186E-01 -8.9924071220E-01
 -8.5183720153E-01 -2.0768538563E+00 -7.3876426327E-01  3.8559398261E-01 -9.1198790477E-01
 -8.5391632061E-01 -2.0840484341E+00 -7.6261497778E-01  3.8760643288E-01 -9.2588073553E-01
 -8.5608069547E-01 -2.0920320900E+00 -7.8620564202E-01  3.8976184500E-01 -9.4095004265E-01
 -8.5833651732E-01 -2.1007855327E+00 -8.0951299058E-01  3.9206135220E-01 -9.5721891580E-01
 -8.6068880382E-01 -2.1102900590E+00 -8.3251463905E-01  3.9450531750E-01 -9.7470195288E-01
 -8.6314143011E-01 -2.1205274826E+00 -8.5518898272E-01  3.9709324954E-01 -9.9340463090E-01
 -8.6569715916E-01 -2.1314800544E+00 -8.7751511896E-01  3.9982372584E-01 -1.0133227889E+00
 -8.6835766838E-01 -2.1431303771E+00 -8.9947279117E-01  4.0269432377E-01 -1.0344422192E+00
 -8.7112357073E-01 -2.1554613228E+00 -9.2104235159E-01  4.0570155933E-01 -1.0567383624E+00
 -8.7399442890E-01 -2.1684559547E+00 -9.4220474028E-01  4.0884083424E-01 -1.0801761014E+00
 -8.7696876192E-01 -2.1820974585E+00 -9.6294147696E-01  4.1210639129E-01 -1.1047096492E+00
 -8.8004404339E-01 -2.1963690839E+00 -9.8323466276E-01  4.1549127874E-01 -1.1302825254E+00
 -8.8321669096E-01 -2.2112540994E+00 -1.0030669881E+00  4.1898732408E-01 -1.1568276185E+00
 -8.8648204619E-01 -2.2267357606E+00 -1.0224217439E+00  4.2258511815E-01 -1.1842673301E+00
 -8.8983434395E-01 -2.2427972939E+00 -1.0412828310E+00  4.2627401050E-01 -1.2125138009E+00
 -8.9326666998E-01 -2.2594218948E+00 -1.0596347664E+00  4.3004211731E-01 -1.2414692185E+00
 -8.9677090469E-01 -2.2765927412E+00 -1.0774626796E+00  4.3387634340E-01 -1.2710262098E+00
 -9.0033765076E-01 -2.2942930209E+00 -1.0947522969E+00  4.3776241977E-01 -1.3010683231E+00
 -9.0395614090E-01 -2.3125059722E+00 -1.1114899094E+00  4.4168495859E-01 -1.3314706066E+00
 -9.0761412118E-01 -2.3312149356E+00 -1.1276623191E+00  4.4562752727E-01 -1.3621002904E+00
 -9.1129770389E-01 -2.3504034146E+00 -1.1432567613E+00  4.4957274322E-01 -1.3928175835E+00
 -9.1499118197E-01 -2.3700551412E+00 -1.1582607958E+00  4.5350239072E-01 -1.4234765950E+00
 -9.1867679458E-01 -2.3901541440E+00 -1.1726621661E+00  4.5739756069E-01 -1.4539263890E+00
 -9.2233443049E-01 -2.4106848116E+00 -1.1864486178E+00  4.6123881397E-01 -1.4840121848E+00
 -9.2594125171E-01 -2.4316319471E+00 -1.1996076728E+00  4.6500636772E-01 -1.5135767079E+00
 -9.2947121461E-01 -2.4529808022E+00 -1.2121263514E+00  4.6868030415E-01 -1.5424617009E+00
 -9.3289445863E-01 -2.4747170826E+00 -1.2239908301E+00  4.7224080011E-01 -1.5705095963E+00
 -9.3617652341E-01 -2.4968269047E+00 -1.2351860240E+00  4.7566837553E-01 -1.5975653557E+00
 -9.3927734260E-01 -2.5192966810E+00 -1.2456950715E+00  4.7894415875E-01 -1.6234784769E+00
 -9.4214994662E-01 -2.5421128939E+00 -1.2554986931E+00  4.8205016686E-01 -1.6481051713E+00
 -9.4473878622E-01 -2.5652616974E+00 -1.2645743854E+00  4.8496960013E-01 -1.6713107194E+00
 -9.4697756524E-01 -2.5887282476E+00 -1.2728953947E+00  4.8768715127E-01 -1.6929720148E+00
 -9.4878644872E-01 -2.6124955993E+00 -1.2804293988E+00  4.9018933261E-01 -1.7129803184E+00
 -9.5006850608E-01 -2.6365429048E+00 -1.2871368114E+00  4.9246482789E-01 -1.7312442536E+00
 -9.5070529539E-01 -2.6608424882E+00 -1.2929686239E+00  4.9450487979E-01 -1.7476930772E+00
 -9.5055168411E-01 -2.6853551237E+00 -1.2978637550E+00  4.9630372888E-01 -1.7622802472E+00
 -9.4943053544E-01 -2.7100225509E+00 -1.3017460744E+00  4.9785912167E-01 -1.7749872337E+00
 -9.4712917386E-01 -2.7347560760E+00 -1.3045217909E+00  4.9917289763E-01 -1.7858273161E+00
 -9.4340223274E-01 -2.7594207339E+00 -1.3060790830E+00  5.0025162739E-01 -1.7948486330E+00
 -9.3799003553E-01 -2.7838177086E+00 -1.3062940186E+00  5.0110716871E-01 -1.8021348519E+00
 -9.3066617973E-01 -2.8076766916E+00 -1.3050492994E+00  5.0175678476E-01 -1.8078006358E+00
 -9.2132385458E-01 -2.8306850771E+00 -1.3022712646E+00  5.0222217220E-01 -1.8119788587E+00
 -9.1008464355E-01 -2.8525873513E+00 -1.2979789780E+00  5.0252674509E-01 -1.8148001700E+00
 -8.8575385919E-01 -2.8907211190E+00 -1.2865249664E+00  5.0273224277E-01 -1.8167952046E+00
</Path of -GradDelSqRho>
<Path of -GradDelSqRho>
Starting CP# =     11
Ending CP# =     10
Number of Points =     60
 -8.1767846701E-01 -2.1007771294E+00 -3.0923178070E-01  3.7050340355E-01 -8.1264194681E-01
 -8.1724969010E-01 -2.1043395900E+00 -3.0257674467E-01  3.7073755096E-01 -8.1266118567E-01
 -8.1615201999E-01 -2.1089744134E+00 -2.9256046538E-01  3.7076690960E-01 -8.1279470230E-01
 -8.1376565108E-01 -2.1188246405E+00 -2.7229250893E-01  3.7080151058E-01 -8.1342433361E-01
 -8.1135798627E-01 -2.1309765189E+00 -2.5057971214E-01  3.7112076864E-01 -8.1469636405E-01
 -8.0894209919E-01 -2.1440140672E+00 -2.2938774184E-01  3.7154773155E-01 -8.1661891904E-01
