 AIMInt (Version 19.10.12, Professional)
 Portions Copyright (c) 1997-2019 by Todd A. Keith
 AIMInt is a component of the AIMAll package ( http://aim.tkgristmill.com )

 TP:  64-bit Mac OS X

 AIMInt is a heavily modified and extended version of the PROAIMV program
 developed by members of R.F.W. Bader's research group

 Much of the Quantum Theory of Atoms in Molecules (QTAIM) is described in the book:
   "Atoms in Molecules - A Quantum Theory"
   R.F.W. Bader, Oxford University Press, Oxford, 1990

 For additional references see:  http://aim.tkgristmill.com/references.html

 Current Directory:  /Users/chemlab/Documents/SubstituentCoding/BCP Map Reference/BCPMapReference

 Inp File:  SubH_SeMeONH_wb97xd_aug-cc-pvtz_atomicfiles/se1.inp
 Wfx File:  SubH_SeMeONH_wb97xd_aug-cc-pvtz.wfx
 Out File:  SubH_SeMeONH_wb97xd_aug-cc-pvtz_atomicfiles/se1.int

 Wfx Title:  Title Card Required                                                            
 Job Title:  Title Card Required                                                            
 
<Atom>
Se1     
</Atom>
<Nuclei of Molecule>
     9
Se1       34.0          -2.4268596200E-01   5.0972284900E-02   3.1351986700E-01
H2         1.0          -1.9110312600E-01   3.6481120400E-01   3.1447142400E+00
C3         6.0           3.3047618200E+00  -4.3122480700E-02  -3.4913385600E-01
H4         1.0           4.0852279500E+00  -1.6904911400E+00   5.9333662100E-01
H5         1.0           3.4957216200E+00  -2.0312550700E-01  -2.3866571500E+00
H6         1.0           4.1182028500E+00   1.7099365300E+00   3.4068314500E-01
O7         8.0          -1.4563473400E+00   2.6555005800E+00  -7.0673324000E-01
N8         7.0          -1.1894332000E+00  -2.8529244700E+00  -5.8925629500E-01
H9         1.0          -3.1084863700E+00  -2.9289872500E+00  -4.7828921000E-01
</Nuclei of Molecule>
<Total Number of CPs of DelSqRho>
    60
</Total Number of CPs of DelSqRho>
<Number of (3,+3) CPs of DelSqRho>
     5
</Number of (3,+3) CPs of DelSqRho>
<Number of (3,+1) CPs of DelSqRho>
    21
</Number of (3,+1) CPs of DelSqRho>
<Number of (3,-1) CPs of DelSqRho>
    23
</Number of (3,-1) CPs of DelSqRho>
<Number of (3,-3) CPs of DelSqRho>
    11
</Number of (3,-3) CPs of DelSqRho>
<Number of Degenerate CPs of DelSqRho>
     0
</Number of Degenerate CPs of DelSqRho>
<CP of DelSqRho>
CP# = 1       
Type = (3,+3)
Coords = -2.42685961986130E-01  5.09722849187496E-02  3.13519867014752E-01
DistFromNuc =  2.7595959833E-11
Rho =  2.6884283691E+04
DelSqRho = -3.2474183011E+10
GradDelSqRho = -1.3374539502E+00 -6.2862531841E-01 -1.9652362838E+01
HessDelSqRho_EigVals =  7.3422611887E+17  7.3422611899E+17  7.3422611906E+17
HessDelSqRho_EigVec1 =  2.8291641361E-01  9.4877513025E-01  1.4065580374E-01
HessDelSqRho_EigVec2 =  8.6208754632E-01 -3.1582006136E-01  3.9631143224E-01
HessDelSqRho_EigVec3 = -4.2043235531E-01 -9.1346076341E-03  9.0727790315E-01
</CP of DelSqRho>
<CP of DelSqRho>
CP# = 2       
Type = (3,+1)
Coords = -2.14112971198756E-01  9.62800506733540E-02  5.11010031520653E-01
DistFromNuc =  2.0462544936E-01
Rho =  7.2618652656E+01
DelSqRho =  9.6381987318E+03
GradDelSqRho = -3.6379788071E-11  2.9103830457E-11  1.1641532183E-10
HessDelSqRho_EigVals = -6.4081658020E+06  2.1035672558E+03  4.4798493070E+03
HessDelSqRho_EigVec1 =  1.3905189000E-01  2.2074985560E-01  9.6536732550E-01
HessDelSqRho_EigVec2 =  5.0928331562E-02  9.7195368248E-01 -2.2959169009E-01
HessDelSqRho_EigVec3 =  9.8897465940E-01 -8.1089705668E-02 -1.2390957470E-01
</CP of DelSqRho>
<CP of DelSqRho>
CP# = 3       
Type = (3,-1)
Coords = -1.45183978347965E-01  5.46729920913405E-02 -1.02797967605736E-01
DistFromNuc =  4.2759896101E-01
Rho =  1.3888405256E+01
DelSqRho = -2.1871587797E+02
GradDelSqRho = -2.2737367544E-13  9.0949470177E-13  9.0949470177E-13
HessDelSqRho_EigVals = -2.4319197727E+02 -2.0814456881E+02  9.1178949683E+04
HessDelSqRho_EigVec1 =  9.2373431370E-01  3.1412449171E-01  2.1918193675E-01
HessDelSqRho_EigVec2 = -3.0773361495E-01  9.4934222783E-01 -6.3634555737E-02
HessDelSqRho_EigVec3 = -2.2806784061E-01 -8.6682270548E-03  9.7360665667E-01
</CP of DelSqRho>
<CP of DelSqRho>
CP# = 4       
Type = (3,-3)
Coords = -3.58954254863041E-01 -5.67853897038338E-02  4.43036271285797E-01
DistFromNuc =  2.0470596313E-01
Rho =  7.2476484303E+01
DelSqRho =  9.6662926656E+03
GradDelSqRho =  3.6379788071E-12  6.1845639721E-11  2.0008883439E-11
HessDelSqRho_EigVals = -6.4049864477E+06 -3.9152875270E+03 -4.1124806400E+02
HessDelSqRho_EigVec1 = -5.6741542772E-01 -5.2685565987E-01  6.3282133818E-01
HessDelSqRho_EigVec2 =  7.9394669333E-01 -5.5386229678E-01  2.5076922530E-01
HessDelSqRho_EigVec3 =  2.1837669414E-01  6.4471673615E-01  7.3256532104E-01
</CP of DelSqRho>
<CP of DelSqRho>
CP# = 5       
Type = (3,-3)
Coords = -3.61311741423279E-01  1.70628068745713E-01  1.97506822331489E-01
DistFromNuc =  2.0456932489E-01
Rho =  7.2642671283E+01
DelSqRho =  9.6683459642E+03
GradDelSqRho = -2.9103830457E-11  5.8207660913E-11  2.9103830457E-11
HessDelSqRho_EigVals = -6.4225529450E+06 -4.1660336991E+03 -2.0647526153E+03
HessDelSqRho_EigVec1 = -5.7940840670E-01  5.8606078198E-01 -5.6640856109E-01
HessDelSqRho_EigVec2 = -6.7964730808E-01  3.6147544441E-02  7.3264786333E-01
HessDelSqRho_EigVec3 =  4.4985045833E-01  8.0946038499E-01  3.7737044171E-01
</CP of DelSqRho>
<CP of DelSqRho>
CP# = 6       
Type = (3,-3)
Coords = -1.59399621209840E-01 -9.89017731306785E-02  2.01683349810799E-01
DistFromNuc =  2.0471017173E-01
Rho =  7.2480071877E+01
DelSqRho =  9.6648965634E+03
GradDelSqRho = -2.3646862246E-11  7.2759576142E-12  2.9103830457E-11
HessDelSqRho_EigVals = -6.4035434160E+06 -4.5466702505E+03 -3.8190744240E+02
HessDelSqRho_EigVec1 = -4.0644840853E-01  7.3240873720E-01  5.4623908033E-01
HessDelSqRho_EigVec2 =  3.9154725926E-01 -4.0054563854E-01  8.2840445147E-01
HessDelSqRho_EigVec3 =  8.2552433942E-01  5.5058208572E-01 -1.2397149638E-01
</CP of DelSqRho>
<CP of DelSqRho>
CP# = 7       
Type = (3,+1)
Coords = -2.04627625674713E-01  2.52180295279914E-01  3.12814815847430E-01
DistFromNuc =  2.0477694573E-01
Rho =  7.2450368574E+01
DelSqRho =  9.6395720605E+03
GradDelSqRho =  3.0922819860E-11  1.1277734302E-10  2.3646862246E-11
HessDelSqRho_EigVals = -6.3902657112E+06  2.2324400836E+03  3.4307061749E+03
HessDelSqRho_EigVec1 =  1.8439976584E-01  9.8284031525E-01 -4.6519963684E-03
HessDelSqRho_EigVec2 =  4.9418274415E-02 -4.5444349745E-03  9.9876783201E-01
HessDelSqRho_EigVec3 =  9.8160815019E-01 -1.8440244799E-01 -4.9408265150E-02
</CP of DelSqRho>
<CP of DelSqRho>
CP# = 8       
Type = (3,+1)
Coords = -4.76038514329474E-02 -1.08195615678640E-02  3.15729197208006E-01
DistFromNuc =  2.0464638598E-01
Rho =  7.2584611853E+01
DelSqRho =  9.6427064030E+03
GradDelSqRho =  0.0000000000E+00  7.2759576142E-12 -1.4551915228E-11
HessDelSqRho_EigVals = -6.4068483360E+06  1.2519733876E+03  4.0254823889E+03
HessDelSqRho_EigVec1 =  9.5372637876E-01 -3.0051178918E-01  9.9327252276E-03
HessDelSqRho_EigVec2 =  2.8430230932E-01  8.9054554043E-01 -3.5510679709E-01
HessDelSqRho_EigVec3 =  9.7868234787E-02  3.4149861638E-01  9.3477296903E-01
</CP of DelSqRho>
<CP of DelSqRho>
CP# = 9       
Type = (3,-3)
Coords = -3.45656178490411E-01  1.84397512601090E-01  4.29698542083105E-01
DistFromNuc =  2.0470134688E-01
Rho =  7.2483687453E+01
DelSqRho =  9.6622714929E+03
GradDelSqRho = -3.2741809264E-11  8.3673512563E-11  7.0031092037E-11
HessDelSqRho_EigVals = -6.4017089681E+06 -4.2425600166E+03 -1.1318601932E+03
HessDelSqRho_EigVec1 = -5.0271308116E-01  6.5205959515E-01  5.6753664410E-01
HessDelSqRho_EigVec2 =  8.5877829829E-01  3.0160387792E-01  4.1416776216E-01
HessDelSqRho_EigVec3 =  9.8890810598E-02  6.9559570527E-01 -7.1159484426E-01
</CP of DelSqRho>
<CP of DelSqRho>
CP# = 10      
Type = (3,-1)
Coords = -9.45114491875600E-02  2.17454234977304E-02  1.75376604679772E-01
DistFromNuc =  2.0467891098E-01
Rho =  7.2503924170E+01
DelSqRho =  9.6615063029E+03
GradDelSqRho =  1.1641532183E-10 -1.8189894035E-12 -2.5102053769E-10
HessDelSqRho_EigVals = -6.4046835636E+06 -4.7297933089E+03  8.8622376382E+02
HessDelSqRho_EigVec1 =  7.2516663920E-01 -1.4256327923E-01 -6.7365351391E-01
HessDelSqRho_EigVec2 =  6.7530693561E-01 -4.3871278190E-02  7.3623084265E-01
HessDelSqRho_EigVec3 =  1.3451352391E-01  9.8881293598E-01 -6.4459983864E-02
</CP of DelSqRho>
<CP of DelSqRho>
CP# = 11      
Type = (3,-1)
Coords = -3.98717827263961E-01  7.29244145160686E-02  1.82828015755825E-01
DistFromNuc =  2.0471492118E-01
Rho =  7.2472548758E+01
DelSqRho =  9.6641621334E+03
GradDelSqRho = -1.0186340660E-10  1.0913936421E-11 -7.2759576142E-11
HessDelSqRho_EigVals = -6.4029334356E+06 -6.0797133916E+03  2.0023471739E+03
HessDelSqRho_EigVec1 =  7.6210049909E-01 -1.0788576974E-01  6.3840699399E-01
HessDelSqRho_EigVec2 = -6.2199598937E-01  1.5180645999E-01  7.6816390693E-01
HessDelSqRho_EigVec3 =  1.7978826017E-01  9.8250468670E-01 -4.8587262839E-02
</CP of DelSqRho>
<CP of DelSqRho>
CP# = 12      
Type = (3,+1)
Coords = -3.99116469318544E-01  3.60360816980920E-01  5.62313678152722E-01
DistFromNuc =  4.2672019857E-01
Rho =  1.4007509040E+01
DelSqRho = -2.2558616782E+02
GradDelSqRho = -9.0949470177E-13 -1.8189894035E-12  9.0949470177E-13
HessDelSqRho_EigVals = -3.5324605607E+02  2.1519550376E+02  9.3209960530E+04
HessDelSqRho_EigVec1 =  3.0510571534E-01 -4.9828666663E-01  8.1155461944E-01
HessDelSqRho_EigVec2 =  8.7894039959E-01  4.7536969616E-01 -3.8567161463E-02
HessDelSqRho_EigVec3 = -3.6657097053E-01  7.2507520288E-01  5.8300229307E-01
</CP of DelSqRho>
<CP of DelSqRho>
CP# = 13      
Type = (3,-3)
Coords = -9.95787396036402E-02  1.20342524146713E-01  1.84674343214927E-01
DistFromNuc =  2.0467798170E-01
Rho =  7.2501775375E+01
DelSqRho =  9.6634832537E+03
GradDelSqRho =  3.6379788071E-11  1.6370904632E-11 -2.9103830457E-11
HessDelSqRho_EigVals = -6.4054540018E+06 -3.2518142687E+03 -1.3101228279E+03
HessDelSqRho_EigVec1 =  7.0016036239E-01  3.3857684582E-01 -6.2860256634E-01
HessDelSqRho_EigVec2 =  6.7778355645E-01 -3.8397815577E-02  7.3425816874E-01
HessDelSqRho_EigVec3 = -2.2446584938E-01  9.4015494852E-01  2.5636644716E-01
</CP of DelSqRho>
<CP of DelSqRho>
CP# = 14      
Type = (3,+1)
Coords = -2.52108845906638E-01  3.23189131470251E-02  1.09701288498923E-01
DistFromNuc =  2.0488716885E-01
Rho =  7.2331571892E+01
DelSqRho =  9.6264297620E+03
GradDelSqRho =  1.4551915228E-11 -7.2759576142E-12 -3.6379788071E-11
HessDelSqRho_EigVals = -6.3717859888E+06  4.9523091660E+03  6.0710541417E+03
HessDelSqRho_EigVec1 =  4.6505529735E-02  9.1300664089E-02  9.9473686191E-01
HessDelSqRho_EigVec2 =  5.5254369397E-02  9.9405458782E-01 -9.3821272039E-02
HessDelSqRho_EigVec3 =  9.9738868570E-01 -5.9326765978E-02 -4.1184274572E-02
</CP of DelSqRho>
<CP of DelSqRho>
CP# = 15      
Type = (3,+1)
Coords = -4.44282178807568E-01  7.58337556651611E-02  3.40307037328375E-01
DistFromNuc =  2.0488211209E-01
Rho =  7.2326042561E+01
DelSqRho =  9.6305462040E+03
GradDelSqRho =  2.9103830457E-11  3.6379788071E-12  1.8189894035E-12
HessDelSqRho_EigVals = -6.3742816785E+06  4.8753891397E+03  5.7944690429E+03
HessDelSqRho_EigVec1 =  9.8395655817E-01 -1.2196213583E-01 -1.3021032625E-01
HessDelSqRho_EigVec2 =  4.7656457659E-02  8.8300187319E-01 -4.6694384458E-01
HessDelSqRho_EigVec3 =  1.7192543059E-01  4.5324709527E-01  8.7464776736E-01
</CP of DelSqRho>
<CP of DelSqRho>
CP# = 16      
Type = (3,-1)
Coords = -3.56654772357869E-01  2.20117368342135E-01  3.29799618903950E-01
DistFromNuc =  2.0460688969E-01
Rho =  7.2614523056E+01
DelSqRho =  9.6589955333E+03
GradDelSqRho =  2.1827872843E-11  3.6379788071E-12 -1.0913936421E-11
HessDelSqRho_EigVals = -6.4156578986E+06 -4.1411581864E+03  1.6360344713E+03
HessDelSqRho_EigVec1 = -5.5670248162E-01  8.2701882387E-01  7.8244564884E-02
HessDelSqRho_EigVec2 =  8.2419606833E-01  5.6165439114E-01 -7.2423655373E-02
HessDelSqRho_EigVec3 =  1.0384212974E-01 -2.4170434071E-02  9.9430005643E-01
</CP of DelSqRho>
<CP of DelSqRho>
CP# = 17      
Type = (3,-1)
Coords = -2.16249134723183E-01  1.92536195525775E-01  1.68064897566785E-01
DistFromNuc =  2.0468608834E-01
Rho =  7.2523521571E+01
DelSqRho =  9.6545527491E+03
GradDelSqRho = -3.6379788071E-12 -3.2741809264E-11  3.6379788071E-12
HessDelSqRho_EigVals = -6.4037163598E+06 -3.5162812620E+03  2.4756561820E+03
HessDelSqRho_EigVec1 = -1.2817542357E-01 -6.9246160752E-01  7.0997745239E-01
HessDelSqRho_EigVec2 =  1.5505564715E-01  6.9308673052E-01  7.0398048998E-01
HessDelSqRho_EigVec3 =  9.7955541297E-01 -2.0031901083E-01 -1.8533397427E-02
</CP of DelSqRho>
<CP of DelSqRho>
CP# = 18      
Type = (3,-1)
Coords = -3.59426630101189E-01  9.67475457190046E-02  4.75322590793644E-01
DistFromNuc =  2.0470437103E-01
Rho =  7.2476350697E+01
DelSqRho =  9.6601791276E+03
GradDelSqRho =  1.7462298274E-10 -7.2759576142E-12 -7.8216544352E-11
HessDelSqRho_EigVals = -6.4006872131E+06 -4.9317708070E+03  1.0669174610E+03
HessDelSqRho_EigVec1 = -5.6895542331E-01  2.2368044909E-01  7.9136387521E-01
HessDelSqRho_EigVec2 =  8.1943535610E-01  7.3000481750E-02  5.6850384944E-01
HessDelSqRho_EigVec3 =  6.9393252222E-02  9.7192488720E-01 -2.2482568845E-01
</CP of DelSqRho>
<CP of DelSqRho>
CP# = 19      
Type = (3,-3)
Coords = -3.69669278121781E-01 -9.22723907444291E-02  2.41502917804032E-01
DistFromNuc =  2.0452442555E-01
Rho =  7.2680311164E+01
DelSqRho =  9.6834819184E+03
GradDelSqRho =  2.9103830457E-11  1.2369127944E-10 -5.4569682106E-12
HessDelSqRho_EigVals = -6.4370203304E+06 -4.4088695434E+03 -3.5487781685E+03
HessDelSqRho_EigVec1 =  6.1995800874E-01  7.0128744786E-01  3.5192042124E-01
HessDelSqRho_EigVec2 =  6.4443742512E-01 -1.9923436245E-01 -7.3824526678E-01
HessDelSqRho_EigVec3 =  4.4760749827E-01 -6.8447175566E-01  5.7545281578E-01
</CP of DelSqRho>
<CP of DelSqRho>
CP# = 20      
Type = (3,-3)
Coords = -7.67876100909051E-02  1.15314254617633E-01  4.14725052591455E-01
DistFromNuc =  2.0470623299E-01
Rho =  7.2474602430E+01
DelSqRho =  9.6623871989E+03
GradDelSqRho = -2.9103830457E-11  2.9103830457E-11  2.9103830457E-11
HessDelSqRho_EigVals = -6.4015575692E+06 -3.7820813597E+03 -1.0276640812E+03
HessDelSqRho_EigVec1 =  8.1095999215E-01  3.1328859976E-01  4.9416003925E-01
HessDelSqRho_EigVec2 = -5.8503058449E-01  4.2101122134E-01  6.9317297027E-01
HessDelSqRho_EigVec3 = -9.1162675843E-03  8.5123428312E-01 -5.2470666939E-01
</CP of DelSqRho>
<CP of DelSqRho>
CP# = 21      
Type = (3,-1)
Coords = -3.63986394711575E-01 -6.96416459626865E-02  4.25951173513844E-01
DistFromNuc =  2.0470054709E-01
Rho =  7.2486183033E+01
DelSqRho =  9.6662587513E+03
GradDelSqRho = -2.5465851650E-11 -3.6379788071E-12 -1.4551915228E-11
HessDelSqRho_EigVals = -6.4065507449E+06 -4.1261720679E+03  4.2589046566E+02
HessDelSqRho_EigVec1 = -5.9208965629E-01 -5.8990732993E-01  5.4903477214E-01
HessDelSqRho_EigVec2 =  7.7273113429E-01 -6.0896116965E-01  1.7903320350E-01
HessDelSqRho_EigVec3 =  2.2872785797E-01  5.3025997016E-01  8.1639936981E-01
</CP of DelSqRho>
<CP of DelSqRho>
CP# = 22      
Type = (3,-1)
Coords = -3.23189170817081E-02  3.92241812604278E-01  4.62636487108845E-01
DistFromNuc =  4.2773233513E-01
Rho =  1.3880311734E+01
DelSqRho = -2.1744053063E+02
GradDelSqRho = -2.2737367544E-12 -1.3642420527E-12  7.9580786405E-13
HessDelSqRho_EigVals = -3.5482693315E+02 -3.1920245093E+02  9.0934667580E+04
HessDelSqRho_EigVec1 =  5.1928449741E-01 -5.9014426740E-01  6.1812082508E-01
HessDelSqRho_EigVec2 = -6.9891294161E-01  1.2296427764E-01  7.0455694339E-01
HessDelSqRho_EigVec3 =  4.9179702195E-01  7.9787814237E-01  3.4860602279E-01
</CP of DelSqRho>
<CP of DelSqRho>
CP# = 23      
Type = (3,+3)
Coords = -4.06926806784720E-01 -3.27009660026433E-01  2.09681363562943E-01
DistFromNuc =  4.2500334185E-01
Rho =  1.4226764751E+01
DelSqRho = -2.3947677499E+02
GradDelSqRho =  2.6147972676E-12 -9.0949470177E-13  1.1155520951E-12
HessDelSqRho_EigVals =  3.1399377444E+02  4.2608385453E+02  9.7310791219E+04
HessDelSqRho_EigVec1 = -2.0333412872E-01 -1.7627131480E-01  9.6311144510E-01
HessDelSqRho_EigVec2 =  8.9960466556E-01 -4.2191057293E-01  1.1270720538E-01
HessDelSqRho_EigVec3 =  3.8647985432E-01  8.8933677087E-01  2.4436331595E-01
</CP of DelSqRho>
<CP of DelSqRho>
CP# = 24      
Type = (3,+3)
Coords = -4.09969110680480E-01  4.14005052456923E-01  1.68589659766425E-01
DistFromNuc =  4.2518373337E-01
Rho =  1.4206773358E+01
DelSqRho = -2.3803132492E+02
GradDelSqRho =  4.5474735089E-13  9.0949470177E-13  1.8758328224E-12
HessDelSqRho_EigVals =  3.2539587861E+02  3.8341427157E+02  9.6754389132E+04
HessDelSqRho_EigVec1 =  8.5027629451E-01  1.9696767666E-01 -4.8809216072E-01
HessDelSqRho_EigVec2 =  3.4960154718E-01  4.8187316921E-01  8.0347806878E-01
HessDelSqRho_EigVec3 = -3.9345772480E-01  8.5381612959E-01 -3.4086512823E-01
</CP of DelSqRho>
<CP of DelSqRho>
CP# = 25      
Type = (3,-1)
Coords = -2.71087503984785E-02 -2.63641363453393E-01  5.07426540586218E-01
DistFromNuc =  4.2784936596E-01
Rho =  1.3866007497E+01
DelSqRho = -2.1657323837E+02
GradDelSqRho =  9.6633812063E-13  0.0000000000E+00  2.7284841053E-12
HessDelSqRho_EigVals = -4.0481096553E+02 -3.0620114537E+02  9.0664332346E+04
HessDelSqRho_EigVec1 =  8.3991410905E-01  5.3958927258E-01 -5.8204006158E-02
HessDelSqRho_EigVec2 = -2.0173070269E-01  4.0995964860E-01  8.8951549178E-01
HessDelSqRho_EigVec3 = -5.0383431107E-01  7.3537507670E-01 -4.5318261612E-01
</CP of DelSqRho>
<CP of DelSqRho>
CP# = 26      
Type = (3,+3)
Coords = -2.36892147723156E-01  8.75880621966794E-02  7.37367049439395E-01
DistFromNuc =  4.2546529529E-01
Rho =  1.4153320309E+01
DelSqRho = -2.3586719135E+02
GradDelSqRho =  1.5916157281E-12 -1.8189894035E-12  5.2295945352E-12
HessDelSqRho_EigVals =  3.6869882025E+02  3.9565466592E+02  9.5998300522E+04
HessDelSqRho_EigVec1 =  6.7749219672E-01  7.3194879344E-01 -7.2493359435E-02
HessDelSqRho_EigVec2 =  7.3540432737E-01 -6.7590002258E-01  4.8369771294E-02
HessDelSqRho_EigVec3 =  1.3594067541E-02  8.6082072843E-02  9.9619530116E-01
</CP of DelSqRho>
<CP of DelSqRho>
CP# = 27      
Type = (3,+1)
Coords = -5.61077239780222E-01  4.37877542512432E-02  2.93434690945769E-02
DistFromNuc =  4.2682648509E-01
Rho =  1.3993434452E+01
DelSqRho = -2.2464864455E+02
GradDelSqRho = -6.3664629124E-12  1.1368683772E-13 -4.0927261580E-12
HessDelSqRho_EigVals = -3.2073139731E+02  8.7060470568E+01  9.3029504235E+04
HessDelSqRho_EigVec1 = -4.4459235862E-02  9.9871061609E-01  2.4504727196E-02
HessDelSqRho_EigVec2 = -6.6450786283E-01 -4.7879545148E-02  7.4574583431E-01
HessDelSqRho_EigVec3 =  7.4595755682E-01  1.6871706043E-02  6.6577974508E-01
</CP of DelSqRho>
<CP of DelSqRho>
CP# = 28      
Type = (3,-1)
Coords = -6.35158354094887E-01  5.50245280568599E-02  4.83216020027489E-01
DistFromNuc =  4.2760704342E-01
Rho =  1.3885622070E+01
DelSqRho = -2.1862030305E+02
GradDelSqRho = -9.0949470177E-13  7.9580786405E-13  1.8189894035E-12
HessDelSqRho_EigVals = -2.5447382352E+02 -2.1620691146E+02  9.1192538723E+04
HessDelSqRho_EigVec1 = -1.7355857493E-01  8.8958252928E-01 -4.2251667976E-01
HessDelSqRho_EigVec2 =  3.5704253624E-01  4.5667705111E-01  8.1484151729E-01
HessDelSqRho_EigVec3 =  9.1782244927E-01 -9.4336944119E-03 -3.9687902065E-01
</CP of DelSqRho>
<CP of DelSqRho>
CP# = 29      
Type = (3,+1)
Coords = -1.10646372979606E-02  3.39304407230542E-01  1.00623253815272E-01
DistFromNuc =  4.2674209861E-01
Rho =  1.4000890644E+01
DelSqRho = -2.2547787596E+02
GradDelSqRho =  5.1159076975E-13  2.5579538487E-12  3.9790393203E-13
HessDelSqRho_EigVals = -3.5115589439E+02  2.4071039575E+02  9.3168475377E+04
HessDelSqRho_EigVec1 =  8.1878958476E-01 -5.5796276224E-01  1.3513390342E-01
HessDelSqRho_EigVec2 =  1.8704817926E-01  4.8182013599E-01  8.5607379074E-01
HessDelSqRho_EigVec3 =  5.4276753268E-01  6.7566775305E-01 -4.9887522785E-01
</CP of DelSqRho>
<CP of DelSqRho>
CP# = 30      
Type = (3,+1)
Coords = -1.52768281484043E-02 -2.47841020616377E-01  1.10601350108141E-01
DistFromNuc =  4.2682576095E-01
Rho =  1.3992558981E+01
DelSqRho = -2.2479154203E+02
GradDelSqRho =  2.2737367544E-12 -4.5474735089E-12 -3.6379788071E-12
HessDelSqRho_EigVals = -3.9487252813E+02  1.8983773284E+02  9.3019102566E+04
HessDelSqRho_EigVec1 =  8.2730955792E-01  5.4911352540E-01  1.1846194150E-01
HessDelSqRho_EigVec2 = -1.7812080262E-01  4.5642692488E-01 -8.7174964406E-01
HessDelSqRho_EigVec3 = -5.3275873999E-01  7.0010627655E-01  4.7541489933E-01
</CP of DelSqRho>
<CP of DelSqRho>
CP# = 31      
Type = (3,+1)
Coords =  7.96526817780415E-02  7.85667720613590E-02  5.91653723714582E-01
DistFromNuc =  4.2664048008E-01
Rho =  1.4011608448E+01
DelSqRho = -2.2632530064E+02
GradDelSqRho =  3.1832314562E-12 -2.0463630790E-12 -2.7284841053E-12
HessDelSqRho_EigVals = -3.6585221225E+02  3.1787068208E+02  9.3392974073E+04
HessDelSqRho_EigVec1 = -6.5511612443E-01  7.6336810436E-02  7.5166186207E-01
HessDelSqRho_EigVec2 =  1.1309008731E-03  9.9498056363E-01 -1.0006197610E-01
HessDelSqRho_EigVec3 =  7.5552735528E-01  6.4702158928E-02  6.5191414009E-01
</CP of DelSqRho>
<CP of DelSqRho>
CP# = 32      
Type = (3,+1)
Coords = -3.90755684601543E-01 -2.10698226658894E-01  6.16125488796082E-01
DistFromNuc =  4.2657503644E-01
Rho =  1.4021120370E+01
DelSqRho = -2.2680735382E+02
GradDelSqRho = -7.3896444519E-13 -3.5811353882E-12  1.1510792319E-12
HessDelSqRho_EigVals = -3.1788032840E+02  2.7951970634E+02  9.3585242233E+04
HessDelSqRho_EigVec1 =  2.8340292550E-01  6.5240017707E-01  7.0289173475E-01
HessDelSqRho_EigVec2 =  8.9396700549E-01 -4.4503266664E-01  5.2620516122E-02
HessDelSqRho_EigVec3 = -3.4713941711E-01 -6.1344921109E-01  7.0934779235E-01
</CP of DelSqRho>
<CP of DelSqRho>
CP# = 33      
Type = (3,+3)
Coords =  1.76895117413775E-01  4.56796898715113E-02  2.44222308800201E-01
DistFromNuc =  4.2529806646E-01
Rho =  1.4171418505E+01
DelSqRho = -2.3726712711E+02
GradDelSqRho =  8.6401996668E-12 -6.8212102633E-13 -2.9558577808E-12
HessDelSqRho_EigVals =  4.1211731952E+02  4.4165343215E+02  9.6424928950E+04
HessDelSqRho_EigVec1 =  1.6169795386E-01 -7.1022220702E-02  9.8428126868E-01
HessDelSqRho_EigVec2 =  2.3813540501E-02  9.9739722497E-01  6.8056527334E-02
HessDelSqRho_EigVec3 =  9.8655293168E-01 -1.2434620640E-02 -1.6296838100E-01
</CP of DelSqRho>
<CP of DelSqRho>
CP# = 34      
Type = (3,-3)
Coords =  4.38213892574628E-01  5.79597636237297E-02  1.78087739639343E-01
DistFromNuc =  6.9427321563E-01
Rho =  3.6506108948E+00
DelSqRho =  5.7776465467E+01
GradDelSqRho = -7.3896444519E-13  2.8421709430E-14  3.6237679524E-13
HessDelSqRho_EigVals = -3.9539602200E+03 -1.3182594774E+01 -1.1343015986E+01
HessDelSqRho_EigVec1 =  9.8062004968E-01  1.0535869775E-02 -1.9563566550E-01
HessDelSqRho_EigVec2 = -3.8537098715E-02  9.8941799513E-01 -1.3988181775E-01
HessDelSqRho_EigVec3 =  1.9209167132E-01  1.4471014603E-01  9.7064914539E-01
</CP of DelSqRho>
<CP of DelSqRho>
CP# = 35      
Type = (3,+1)
Coords = -9.00735619177040E-01  8.76226679020458E-02  5.28322284334538E-01
DistFromNuc =  6.9319021948E-01
Rho =  3.6659403322E+00
DelSqRho =  5.6156295730E+01
GradDelSqRho =  7.1622707765E-12 -2.8421709430E-14 -1.8616219677E-12
HessDelSqRho_EigVals = -3.8486568856E+03  8.2373264724E+00  1.1789415405E+01
HessDelSqRho_EigVec1 =  9.4912406062E-01 -5.2114919550E-02 -3.1056006296E-01
HessDelSqRho_EigVec2 =  3.1489837086E-01  1.6205867081E-01  9.3518768343E-01
HessDelSqRho_EigVec3 = -1.5917201229E-03  9.8540398943E-01 -1.7022468696E-01
</CP of DelSqRho>
<CP of DelSqRho>
CP# = 36      
Type = (3,-3)
Coords = -5.37653134103600E-01  6.28437892474648E-01  6.54506869471352E-02
DistFromNuc =  6.9426974487E-01
Rho =  3.6521854883E+00
DelSqRho =  5.8132226274E+01
GradDelSqRho = -1.6342482922E-13 -2.8421709430E-14  2.7711166695E-13
HessDelSqRho_EigVals = -3.9624115998E+03 -1.4361327068E+01 -1.3455597017E+01
HessDelSqRho_EigVec1 = -4.2536300695E-01  8.3134766750E-01 -3.5766935576E-01
HessDelSqRho_EigVec2 =  8.3251647788E-01  5.1442664243E-01  2.0562476412E-01
HessDelSqRho_EigVec3 = -3.5494031382E-01  2.1030046434E-01  9.1092869552E-01
</CP of DelSqRho>
<CP of DelSqRho>
CP# = 37      
Type = (3,-3)
Coords = -5.34199494262110E-01 -5.47913397337888E-01  1.19069734795781E-01
DistFromNuc =  6.9386962305E-01
Rho =  3.6600357808E+00
DelSqRho =  5.8410199369E+01
GradDelSqRho =  2.4513724384E-13  5.1159076975E-13  1.6342482922E-13
HessDelSqRho_EigVals = -3.9976703513E+03 -1.5752338089E+01 -1.3194018180E+01
HessDelSqRho_EigVec1 =  4.2100655902E-01  8.6255857359E-01  2.8061750550E-01
HessDelSqRho_EigVec2 =  8.7395844059E-01 -4.6855428498E-01  1.2904854184E-01
HessDelSqRho_EigVec3 = -2.4279646082E-01 -1.9091775497E-01  9.5110477312E-01
</CP of DelSqRho>
<CP of DelSqRho>
CP# = 38      
Type = (3,-3)
Coords = -2.60746249969372E-01  1.02082311580964E-01  1.00570318805928E+00
DistFromNuc =  6.9430264207E-01
Rho =  3.6502109731E+00
DelSqRho =  5.7624624554E+01
GradDelSqRho =  1.7053025658E-13  2.8421709430E-14  2.7533531011E-13
HessDelSqRho_EigVals = -3.9403357310E+03 -1.1690158768E+01 -1.0270405878E+01
HessDelSqRho_EigVec1 = -2.6740546611E-02  7.3380105684E-02  9.9694548660E-01
HessDelSqRho_EigVec2 = -3.8899556540E-01  9.1793177397E-01 -7.7998130969E-02
HessDelSqRho_EigVec3 =  9.2085145016E-01  3.8989308589E-01 -3.9985383119E-03
</CP of DelSqRho>
<CP of DelSqRho>
CP# = 39      
Type = (3,+1)
Coords = -1.55561087608298E-01  4.10378993422911E-02 -3.74219038806251E-01
DistFromNuc =  6.9330674186E-01
Rho =  3.6643043644E+00
DelSqRho =  5.6087487609E+01
GradDelSqRho = -8.5265128291E-14  1.4210854715E-14 -5.4001247918E-13
HessDelSqRho_EigVals = -3.8420167356E+03  9.3306167824E+00  1.1014491739E+01
HessDelSqRho_EigVec1 = -1.2648451465E-01  1.4177191055E-02  9.9186726673E-01
HessDelSqRho_EigVec2 =  9.8175227125E-01 -1.4134649465E-01  1.2721496114E-01
HessDelSqRho_EigVec3 =  1.4200051212E-01  9.8985866451E-01  3.9596532553E-03
</CP of DelSqRho>
<CP of DelSqRho>
CP# = 40      
Type = (3,-1)
Coords = -5.09024511895212E-01  5.32616713891332E-01  7.35462398670141E-01
DistFromNuc =  6.9350780758E-01
Rho =  3.6625211550E+00
DelSqRho =  5.6871402212E+01
GradDelSqRho = -1.1368683772E-13  3.2684965845E-13 -5.1159076975E-13
HessDelSqRho_EigVals = -3.8931188290E+03 -7.5118963533E+00  1.1200134423E+01
HessDelSqRho_EigVec1 = -3.8439917572E-01  6.9449662531E-01  6.0820367571E-01
HessDelSqRho_EigVec2 =  8.7822332461E-01  4.7816512763E-01  9.0500186330E-03
HessDelSqRho_EigVec3 =  2.8453658082E-01 -5.3761747382E-01  7.9372941612E-01
</CP of DelSqRho>
<CP of DelSqRho>
CP# = 41      
Type = (3,-1)
Coords = -5.15017670973500E-01 -3.39560775114474E-01  8.17676341649101E-01
DistFromNuc =  6.9343664571E-01
Rho =  3.6638493881E+00
DelSqRho =  5.6999484484E+01
GradDelSqRho =  2.4158453016E-13  1.2079226508E-13 -4.3343106881E-13
HessDelSqRho_EigVals = -3.9077928989E+03 -8.7098718681E+00  1.0289222574E+01
HessDelSqRho_EigVec1 = -3.9355708603E-01 -5.6320672837E-01  7.2657484209E-01
HessDelSqRho_EigVec2 =  8.6954208218E-01 -4.8455899973E-01  9.5389428704E-02
HessDelSqRho_EigVec3 =  2.9834441065E-01  6.6932858664E-01  6.8043357923E-01
</CP of DelSqRho>
<CP of DelSqRho>
CP# = 42      
Type = (3,-1)
Coords =  2.73263690912040E-01  1.10192418418648E-01  7.73240241150161E-01
DistFromNuc =  6.9358048629E-01
Rho =  3.6610922147E+00
DelSqRho =  5.6903629883E+01
GradDelSqRho = -2.0605739337E-13 -6.2172489379E-14 -2.8421709430E-14
HessDelSqRho_EigVals = -3.8965810105E+03 -8.7683943891E+00  9.8248086785E+00
HessDelSqRho_EigVec1 =  7.4413498370E-01  8.5657884120E-02  6.6251479450E-01
HessDelSqRho_EigVec2 = -3.5531063511E-02  9.9541634604E-01 -8.8790999300E-02
HessDelSqRho_EigVec3 = -6.6708370507E-01  4.2532633576E-02  7.4376764215E-01
</CP of DelSqRho>
<CP of DelSqRho>
CP# = 43      
Type = (3,-1)
Coords = -7.77971251510935E-01  5.72596806966377E-02 -1.26921430844333E-01
DistFromNuc =  6.9322320313E-01
Rho =  3.6672197677E+00
DelSqRho =  5.6891796698E+01
GradDelSqRho =  3.6521896618E-12 -1.2434497876E-13  3.5811353882E-12
HessDelSqRho_EigVals = -3.9001949068E+03 -7.4578368625E+00  1.3234550180E+01
HessDelSqRho_EigVec1 =  7.7229255253E-01 -8.3851020592E-03  6.3521169965E-01
HessDelSqRho_EigVec2 = -6.3493201908E-01  2.2281330810E-02  7.7224664029E-01
HessDelSqRho_EigVec3 =  2.0628728908E-02  9.9971657602E-01 -1.1883736064E-02
</CP of DelSqRho>
<CP of DelSqRho>
CP# = 44      
Type = (3,+1)
Coords =  7.54856461470121E-02  6.15628589397333E-01  5.58766232277960E-01
DistFromNuc =  6.9297596937E-01
Rho =  3.6699443315E+00
DelSqRho =  5.6242613212E+01
GradDelSqRho = -3.8369307731E-13 -5.4001247918E-13 -4.7606363296E-13
HessDelSqRho_EigVals = -3.8498724470E+03  7.9053831082E+00  1.0464515521E+01
HessDelSqRho_EigVec1 =  4.5968696485E-01  8.1452593382E-01  3.5388613632E-01
HessDelSqRho_EigVec2 = -5.2197387015E-01 -7.4583843718E-02  8.4969437396E-01
HessDelSqRho_EigVec3 =  7.1849229170E-01 -5.7531274398E-01  3.9087603327E-01
</CP of DelSqRho>
<CP of DelSqRho>
CP# = 45      
Type = (3,-1)
Coords =  1.38487530200788E-01 -4.11104719533976E-01 -3.57117926703821E-02
DistFromNuc =  6.9337662298E-01
Rho =  3.6647055585E+00
DelSqRho =  5.6826505944E+01
GradDelSqRho =  1.4210854715E-13 -1.2789769244E-13 -8.5265128291E-14
HessDelSqRho_EigVals = -3.8926125189E+03 -7.2491173377E+00  1.3115725701E+01
HessDelSqRho_EigVec1 = -5.4930935523E-01  6.6652834045E-01  5.0398333667E-01
HessDelSqRho_EigVec2 =  2.2469586235E-01 -4.6309321881E-01  8.5735432590E-01
HessDelSqRho_EigVec3 =  8.0484222162E-01  5.8419572241E-01  1.0461527720E-01
</CP of DelSqRho>
<CP of DelSqRho>
CP# = 46      
Type = (3,+1)
Coords =  1.09249826075849E-01 -4.59714333612406E-01  6.22658595415331E-01
DistFromNuc =  6.9298367561E-01
Rho =  3.6699124829E+00
DelSqRho =  5.6130468024E+01
GradDelSqRho =  4.6895820560E-13 -2.5579538487E-13  3.6948222260E-13
HessDelSqRho_EigVals = -3.8411039317E+03  8.3557398060E+00  1.1966086749E+01
HessDelSqRho_EigVec1 = -5.0777390616E-01  7.3693621631E-01 -4.4619577913E-01
HessDelSqRho_EigVec2 = -3.5780049249E-01  2.9074914739E-01  8.8738026847E-01
HessDelSqRho_EigVec3 =  7.8367369982E-01  6.1023761469E-01  1.1604131084E-01
</CP of DelSqRho>
<CP of DelSqRho>
CP# = 47      
Type = (3,-1)
Coords =  1.17130320926233E-01  5.17078190255775E-01 -5.28270063209746E-02
DistFromNuc =  6.9349297333E-01
Rho =  3.6626915029E+00
DelSqRho =  5.6823591064E+01
GradDelSqRho = -9.5923269328E-14  4.6185277824E-14 -2.1538326678E-13
HessDelSqRho_EigVals = -3.8923370243E+03 -6.9329222827E+00  1.1986131794E+01
HessDelSqRho_EigVec1 =  5.1923504911E-01  6.7168759133E-01 -5.2842288315E-01
HessDelSqRho_EigVec2 =  2.0010512811E-01  5.0556733382E-01  8.3926134706E-01
HessDelSqRho_EigVec3 =  8.3087478087E-01 -5.4151403549E-01  1.2810014789E-01
</CP of DelSqRho>
<CP of DelSqRho>
CP# = 48      
Type = (3,-1)
Coords = -1.57921553328429E+00  5.88132058101830E-01 -9.34141779168459E-01
DistFromNuc =  1.9056525130E+00
Rho =  8.5576068904E-02
DelSqRho =  1.7475674634E-01
GradDelSqRho = -2.4980018054E-16  1.8735013541E-16 -8.3266726847E-17
HessDelSqRho_EigVals = -4.8162451340E-01 -6.4024419377E-02  7.0006101145E-01
HessDelSqRho_EigVec1 =  4.4829718388E-01  7.4375079558E-01  4.9584714278E-01
HessDelSqRho_EigVec2 =  6.9639148135E-01  5.7181785244E-02 -7.1538042197E-01
HessDelSqRho_EigVec3 =  5.6041818281E-01 -6.6600675486E-01  4.9230728500E-01
</CP of DelSqRho>
<CP of DelSqRho>
CP# = 49      
Type = (3,-1)
Coords = -9.21761195612253E-01  1.68837770962750E+00  1.05301435761317E+00
DistFromNuc =  1.9207008615E+00
Rho =  8.5814232569E-02
DelSqRho =  1.8086667416E-01
GradDelSqRho = -8.8495183403E-13  8.0387779766E-13 -8.8634655171E-13
HessDelSqRho_EigVals = -5.0152589822E-01 -6.4343795910E-02  5.9550190017E-01
HessDelSqRho_EigVec1 =  5.0993750665E-02  5.7697441578E-02  9.9703091358E-01
HessDelSqRho_EigVec2 =  9.0018912184E-01  4.2968805025E-01 -7.0906448179E-02
HessDelSqRho_EigVec3 = -4.3250338994E-01  9.0113216828E-01 -3.0027203969E-02
</CP of DelSqRho>
<CP of DelSqRho>
CP# = 50      
Type = (3,-1)
Coords =  4.06032110143331E-01  1.64005893991366E+00 -5.70391161779414E-01
DistFromNuc =  1.9306294935E+00
Rho =  8.1364576766E-02
DelSqRho =  1.6993395915E-01
GradDelSqRho = -7.9103390505E-16 -3.0531133177E-16 -1.5265566589E-16
HessDelSqRho_EigVals = -4.3935116547E-01 -4.6955387581E-02  5.1717847992E-01
HessDelSqRho_EigVec1 =  9.7965678880E-01  5.3201473791E-02 -1.9349981743E-01
HessDelSqRho_EigVec2 =  1.4929839123E-01  4.5109702748E-01  8.7989855221E-01
HessDelSqRho_EigVec3 = -1.3409909222E-01  8.9088780157E-01 -4.3397737093E-01
</CP of DelSqRho>
<CP of DelSqRho>
CP# = 51      
Type = (3,-1)
Coords = -1.97456469508221E+00 -7.04263022005560E-01 -6.66920447832332E-01
DistFromNuc =  2.1286257364E+00
Rho =  6.0895847046E-02
DelSqRho =  1.2443786349E-01
GradDelSqRho =  8.6666784860E-15 -1.5005358067E-15  2.3661628212E-15
HessDelSqRho_EigVals = -4.6575513123E-01 -4.6851621157E-02  1.8447898388E-01
HessDelSqRho_EigVec1 =  8.9643371206E-01 -2.4751029556E-01  3.6762107321E-01
HessDelSqRho_EigVec2 = -3.7583153700E-01  1.5018511253E-02  9.2656629558E-01
HessDelSqRho_EigVec3 =  2.3485581891E-01  9.6876885680E-01  7.9559075014E-02
</CP of DelSqRho>
<CP of DelSqRho>
CP# = 52      
Type = (3,+1)
Coords = -1.95124747942497E+00  9.05286756226746E-01  3.42836130324077E-01
DistFromNuc =  1.9104698684E+00
Rho =  8.5143829784E-02
DelSqRho =  1.4435768238E-01
GradDelSqRho =  1.9428902931E-16 -2.8015784137E-16 -6.9388939039E-18
HessDelSqRho_EigVals = -4.1596426121E-01  7.6532405788E-02  7.8756029752E-01
HessDelSqRho_EigVec1 =  7.1575281096E-01  5.2498593941E-01 -4.6052977864E-01
HessDelSqRho_EigVec2 = -2.1633484163E-01 -4.6033036111E-01 -8.6098501435E-01
HessDelSqRho_EigVec3 = -6.6400086588E-01  7.1588108095E-01 -2.1590999987E-01
</CP of DelSqRho>
<CP of DelSqRho>
CP# = 53      
Type = (3,+1)
Coords = -3.60304019649342E-01  9.95642143568646E-01 -1.35819865620104E+00
DistFromNuc =  1.9237666101E+00
Rho =  8.3171527867E-02
DelSqRho =  1.5209449381E-01
GradDelSqRho =  1.1622647289E-16 -2.5673907444E-16 -2.7755575616E-16
HessDelSqRho_EigVals = -4.4726787364E-01  5.0956597581E-02  7.1256662525E-01
HessDelSqRho_EigVec1 = -4.0709212183E-01  4.4229196834E-01  7.9915819403E-01
HessDelSqRho_EigVec2 =  8.6585291837E-01  4.6544426095E-01  1.8346760941E-01
HessDelSqRho_EigVec3 = -2.9081734491E-01  7.6664167294E-01 -5.7243848334E-01
</CP of DelSqRho>
<CP of DelSqRho>
CP# = 54      
Type = (3,+1)
Coords =  1.28820022552918E+00  3.38382670745410E-02 -1.44136128745851E+00
DistFromNuc =  2.3288439106E+00
Rho =  4.8799564428E-02
DelSqRho =  9.4243768437E-02
GradDelSqRho = -1.3877787808E-16 -3.4694469520E-18 -6.5052130349E-18
HessDelSqRho_EigVals = -3.3435369931E-01  3.2558454483E-02  1.8597266117E-01
HessDelSqRho_EigVec1 = -4.5385545915E-03 -1.8217234942E-02  9.9982375140E-01
HessDelSqRho_EigVec2 =  3.5056478158E-02  9.9921657256E-01  1.8365305659E-02
HessDelSqRho_EigVec3 =  9.9937502714E-01 -3.5133651445E-02  3.8963668645E-03
</CP of DelSqRho>
<CP of DelSqRho>
CP# = 55      
Type = (3,-1)
Coords = -1.40825507021194E+00 -1.58370416182279E+00  1.27416305898385E+00
DistFromNuc =  2.2256580541E+00
Rho =  5.9036852582E-02
DelSqRho =  1.0817589530E-01
GradDelSqRho = -1.4703516182E-14  1.6239266876E-13 -2.2926452403E-13
HessDelSqRho_EigVals = -4.1400161045E-01 -1.6623160469E-02  1.3136281816E-01
HessDelSqRho_EigVec1 = -5.1681336220E-01 -3.1523717817E-01  7.9594564523E-01
HessDelSqRho_EigVec2 =  7.5038353607E-01 -6.1435443457E-01  2.4391223324E-01
HessDelSqRho_EigVec3 =  4.1210253270E-01  7.2332160912E-01  5.5405536936E-01
</CP of DelSqRho>
<CP of DelSqRho>
CP# = 56      
Type = (3,+1)
Coords = -1.93753095202701E+00 -1.03637202389633E+00  8.16148989277262E-01
DistFromNuc =  2.0754404883E+00
Rho =  6.0468631590E-02
DelSqRho =  1.0506403564E-01
GradDelSqRho =  1.5669965325E-12  3.0337538037E-13 -1.1447509607E-12
HessDelSqRho_EigVals = -3.8409664410E-01  2.4167401081E-02  1.7107055616E-01
HessDelSqRho_EigVec1 =  8.5560297920E-01 -9.3838777581E-02 -5.0905581796E-01
HessDelSqRho_EigVec2 =  4.0634723224E-01 -4.8745650461E-01  7.7283121247E-01
HessDelSqRho_EigVec3 =  3.2066410593E-01  8.6809011049E-01  3.7893811003E-01
</CP of DelSqRho>
<CP of DelSqRho>
CP# = 57      
Type = (3,-1)
Coords =  1.88632322274836E+00  2.41433400637221E-01  1.35284762627971E+00
DistFromNuc =  2.3767956868E+00
Rho =  4.9904389555E-02
DelSqRho =  1.0132678792E-01
GradDelSqRho = -2.8622937354E-17  3.6429192996E-17 -1.1796119637E-16
HessDelSqRho_EigVals = -3.6333566403E-01 -1.5222671781E-02  1.9403983418E-01
HessDelSqRho_EigVec1 =  4.2445145625E-01  1.6014156330E-01  8.9117654872E-01
HessDelSqRho_EigVec2 = -1.7680895181E-02  9.8551355392E-01 -1.6867252588E-01
HessDelSqRho_EigVec3 =  9.0527804968E-01 -5.5836500092E-02 -4.2113410931E-01
</CP of DelSqRho>
<CP of DelSqRho>
CP# = 58      
Type = (3,+1)
Coords =  1.77537005660596E+00 -1.00744239061733E+00  9.63855586935870E-01
DistFromNuc =  2.3697527863E+00
Rho =  5.0234499145E-02
DelSqRho =  9.3595087525E-02
GradDelSqRho = -5.9450708245E-14  9.7222577211E-15 -1.1335203609E-13
HessDelSqRho_EigVals = -3.2894895431E-01  2.9467849962E-02  2.1707101700E-01
HessDelSqRho_EigVec1 = -2.9842902777E-01  7.1143850303E-01 -6.3623531165E-01
HessDelSqRho_EigVec2 =  1.7530186804E-01  6.9612879661E-01  6.9618528682E-01
HessDelSqRho_EigVec3 =  9.3819474015E-01  9.6228659647E-02 -3.3246153855E-01
</CP of DelSqRho>
<CP of DelSqRho>
CP# = 59      
Type = (3,-1)
Coords =  1.53599770612037E+00  1.26632524511915E+00 -6.21676222977763E-01
DistFromNuc =  2.3484867757E+00
Rho =  4.9525352431E-02
DelSqRho =  1.0997203809E-01
GradDelSqRho =  7.2858385991E-17 -3.4694469520E-17 -2.3418766926E-17
HessDelSqRho_EigVals = -4.0124713690E-01 -3.1079934227E-02  2.2815334353E-01
HessDelSqRho_EigVec1 =  1.9068203690E-01  8.7159416933E-01 -4.5162369822E-01
HessDelSqRho_EigVec2 =  1.8549567055E-01  4.1978451107E-01  8.8846627425E-01
HessDelSqRho_EigVec3 =  9.6396665762E-01 -2.5318879963E-01 -8.1631579259E-02
</CP of DelSqRho>
<CP of DelSqRho>
CP# = 60      
Type = (3,+1)
Coords =  1.79356916474160E+00  1.13481189251874E+00  8.05819119108042E-01
DistFromNuc =  2.3586864543E+00
Rho =  5.0661777095E-02
DelSqRho =  9.7737136538E-02
GradDelSqRho = -5.9978064182E-16 -9.2287288922E-16 -1.2498682644E-15
HessDelSqRho_EigVals = -3.4623729287E-01  1.8338794630E-02  2.1696290668E-01
HessDelSqRho_EigVec1 =  3.2495820038E-01  7.8730973869E-01  5.2397093753E-01
HessDelSqRho_EigVec2 =  1.5905571224E-01 -5.9164539057E-01  7.9035246076E-01
HessDelSqRho_EigVec3 =  9.3225717933E-01 -1.7349094265E-01 -3.1748613262E-01
</CP of DelSqRho>
<Path of -GradDelSqRho>
Starting CP# =      2
Ending CP# =     26
Number of Points =     18
 -2.1411297120E-01  9.6280050673E-02  5.1101003152E-01  7.2618652656E+01  9.6381987318E+03
 -2.1063876163E-01  1.0179645005E-01  5.3514505175E-01  4.9444604216E+01  8.2704928131E+03
 -2.0716977840E-01  1.0730696704E-01  5.5928216739E-01  3.5427765714E+01  5.8722851700E+03
 -2.0370699751E-01  1.1281049923E-01  5.8342176707E-01  2.7259358220E+01  3.6743419241E+03
 -2.0025176950E-01  1.1830550885E-01  6.0756439024E-01  2.2559591544E+01  2.0145375158E+03
 -1.9680693368E-01  1.2378875209E-01  6.3171117300E-01  1.9761559897E+01  9.1128644388E+02
 -1.9337833840E-01  1.2925354365E-01  6.5586444812E-01  1.7910861752E+01  2.6088201813E+02
 -1.8997923134E-01  1.3468472921E-01  6.8002946308E-01  1.6474826279E+01 -7.2537049094E+01
 -1.8665305330E-01  1.4003256783E-01  7.0422313908E-01  1.5187191878E+01 -2.0855197524E+02
 -1.8599614466E-01  1.4204880338E-01  7.2482639884E-01  1.4164057954E+01 -2.3478413024E+02
 -1.9304293836E-01  1.3408606315E-01  7.2734103753E-01  1.4170144634E+01 -2.3506751957E+02
 -1.9917448858E-01  1.2727370708E-01  7.2929757653E-01  1.4173967223E+01 -2.3527709214E+02
 -2.0449023043E-01  1.2145262231E-01  7.3081469940E-01  1.4176765489E+01 -2.3543096971E+02
 -2.0908226781E-01  1.1648632363E-01  7.3199556826E-01  1.4178807731E+01 -2.3554360235E+02
 -2.1303899640E-01  1.1225262838E-01  7.3291914719E-01  1.4180295502E+01 -2.3562589654E+02
 -2.1644211238E-01  1.0864443971E-01  7.3364547555E-01  1.4181378253E+01 -2.3568596917E+02
